# Powell
# iter -2*LL p12 p13 p21 p23
1 1 1807.398871416009 0 -7.162506400000 0.042859400000 -15.187769100000 0.130904200000 -0.820560100000 -0.024275900000 -10.059230800000 0.082956500000
2 2 1347.365633328903 0 -6.098314996717 0.043229916825 -12.582955953639 0.130874963970 1.396843700277 -0.024192196516 -7.656780272358 0.082913736194
3 2 1346.983290245458 0 -6.064959443965 0.043680428792 -12.584976933413 0.130858063982 1.479370301100 -0.024149245480 -7.621809460201 0.082861277389
4 3 1345.564372779469 0 -6.737558306795 0.053359268764 -12.504932531076 0.130586223290 1.546449150759 -0.023070104756 -7.477080292455 0.081707339621
5 3 1344.376675662583 0 -7.116460655075 0.058361993167 -12.511347108819 0.130451313849 1.447210451769 -0.022476293226 -7.438332537439 0.081117400462
6 4 1343.700561539199 0 -7.681173426422 0.066233646361 -12.523815671529 0.130252098074 1.291306788346 -0.021551683585 -7.376149162036 0.080119154432
7 4 1343.699140362846 0 -7.688544998721 0.066274501595 -12.524339188169 0.130264027295 1.291484251817 -0.021547579802 -7.375412941079 0.080112463266
8 5 1343.696568324904 0 -7.691655053464 0.066300417564 -12.564782292484 0.130731529522 1.296349736233 -0.021568974427 -7.367391894545 0.080027770381
9 5 1343.694769681166 0 -7.687082518319 0.066241186694 -12.584526181989 0.131008322496 1.298157732883 -0.021607601454 -7.365504601036 0.079994958859
10 6 1343.693794611673 0 -7.693041942536 0.066338732874 -12.611152050356 0.131383356352 1.299688464827 -0.021641540033 -7.360626328634 0.079925984967
11 6 1343.693785008638 0 -7.693794362626 0.066349068761 -12.610347478978 0.131373017466 1.299708532813 -0.021645106096 -7.360568764039 0.079924360798
12 7 1343.693419440554 0 -7.697020765635 0.066384112219 -12.606853202169 0.131329190423 1.321923956621 -0.021945744940 -7.352236409884 0.079815314823
13 7 1343.693373746979 0 -7.695401628101 0.066369582953 -12.607173168268 0.131330340395 1.324427420851 -0.021976750642 -7.351307732364 0.079804801228
14 8 1343.693371045268 0 -7.695247924665 0.066369969831 -12.606982848792 0.131326992039 1.325054783365 -0.021985399366 -7.350899130888 0.079799825890
15 8 1343.693370100806 0 -7.695171463606 0.066369793600 -12.606916832680 0.131325859338 1.325285449527 -0.021988466263 -7.350498407483 0.079794950830
16 9 1343.693369114892 0 -7.695101054293 0.066369644502 -12.606854098593 0.131324779880 1.325477700407 -0.021991023313 -7.349976180737 0.079788589675
17 9 1343.693368178668 0 -7.694969610848 0.066368597502 -12.606813373699 0.131324036175 1.325652243609 -0.021993254540 -7.349366599840 0.079781173193
18 10 1343.693367305660 0 -7.694808349020 0.066367042523 -12.606784781383 0.131323488588 1.325834212161 -0.021995562100 -7.348681136031 0.079772817302
19 10 1343.693366491623 1 -7.694677769452 0.066365825574 -12.606745831215 0.131322815801 1.326024878296 -0.021998045812 -7.347918496926 0.079763491059
20 11 1343.693365715125 1 -7.694607591408 0.066365398738 -12.606696253755 0.131321995439 1.326163076360 -0.021999873044 -7.347093369323 0.079753402057
21 11 1343.693360730508 1 -7.694440962555 0.066364127031 -12.606560156959 0.131319895550 1.326395902320 -0.022002846271 -7.343418863758 0.079708449340
22 12 1343.693354385904 1 -7.694378572242 0.066362808347 -12.606579401366 0.131320354744 1.326039453018 -0.021997747417 -7.340372903377 0.079671247220
23 12 1343.693351010392 1 -7.694249648831 0.066360300563 -12.606662976877 0.131321787228 1.325709859892 -0.021992919656 -7.338412805638 0.079647331098
24 13 1343.693348977164 1 -7.694177454223 0.066358398218 -12.606724503521 0.131322937722 1.325594222847 -0.021991138688 -7.337106923244 0.079631321323
25 13 1343.693347650632 1 -7.694219335923 0.066358070232 -12.606751208719 0.131323566997 1.325501102879 -0.021989871937 -7.336278252681 0.079621109463
26 14 1343.693346694602 1 -7.694328824801 0.066358822876 -12.606789398022 0.131324289479 1.325161329730 -0.021985348825 -7.335854424504 0.079615917505
27 14 1343.693346048325 1 -7.694423002228 0.066359567115 -12.606842580714 0.131325160040 1.324753285638 -0.021979860047 -7.335789366544 0.079615170116
28 15 1343.693345544175 1 -7.694496013795 0.066359895135 -12.606879717087 0.131325859314 1.324629754651 -0.021978179112 -7.335748583531 0.079614644278
29 15 1343.693343566544 1 -7.694711030952 0.066361294281 -12.606969529156 0.131327506221 1.324482155495 -0.021976285338 -7.337149973954 0.079631696423
30 16 1343.693342626543 1 -7.694696199580 0.066361337976 -12.606958281648 0.131327262809 1.324601287307 -0.021977989504 -7.338013268965 0.079642243898
31 16 1343.693341966622 1 -7.694722639299 0.066362206691 -12.606948378479 0.131326949362 1.324649861480 -0.021978812279 -7.339599878947 0.079661676475
32 17 1343.693341966599 1 -7.694722415960 0.066362202840 -12.606950603764 0.131326976425 1.324645776719 -0.021978755451 -7.339602142645 0.079661705828
33 17 1343.693341966598 1 -7.694722415849 0.066362202836 -12.606950603806 0.131326976426 1.324645776516 -0.021978755447 -7.339602136029 0.079661705747
34 18 1343.693341966596 1 -7.694722415849 0.066362202836 -12.606950603806 0.131326976426 1.324645776516 -0.021978755447 -7.339602065162 0.079661705747
