# CZFgali.txt
#IMaCh version 0.99r45, April 2023,INED-EUROREVES-Institut de longevite-Japan Society for the Promotion of Science (Grant-in-Aid for Scientific Research 25293121), Intel Software 2015-2020, Nihon University 2021-202, INED 2000-2022
#$Revision: 1.353 $ $Date: 2023/05/08 18:48:22 $
# Tue Feb 04 20:24:32 2025

#****** ******
# (a) Life expectancies by health status at initial age and (b) health expectancies by health status at initial age
# Age e11  e12  e1.  e21  e22  e2. 
 50  28.4430   5.0245  33.4675  25.1718   6.8502  32.0220
 51  27.5264   4.9766  32.5031  24.1991   6.7949  30.9940
 52  26.6165   4.9260  31.5426  23.2343   6.7352  29.9696
 53  25.7137   4.8727  30.5863  22.2784   6.6710  28.9493
 54  24.8184   4.8164  29.6348  21.3320   6.6020  27.9340
 55  23.9312   4.7571  28.6883  20.3962   6.5282  26.9244
 56  23.0526   4.6948  27.7473  19.4719   6.4495  25.9214
 57  22.1831   4.6293  26.8124  18.5600   6.3658  24.9258
 58  21.3234   4.5605  25.8839  17.6616   6.2771  23.9387
 59  20.4740   4.4885  24.9625  16.7778   6.1833  22.9611
 60  19.6354   4.4131  24.0486  15.9096   6.0844  21.9940
 61  18.8084   4.3344  23.1428  15.0580   5.9805  21.0386
 62  17.9935   4.2522  22.2457  14.2242   5.8716  20.0959
 63  17.1913   4.1666  21.3579  13.4093   5.7579  19.1672
 64  16.4025   4.0775  20.4800  12.6143   5.6394  18.2537
 65  15.6277   3.9850  19.6126  11.8402   5.5163  17.3565
 66  14.8674   3.8891  18.7565  11.0881   5.3889  16.4770
 67  14.1223   3.7898  17.9121  10.3590   5.2574  15.6164
 68  13.3931   3.6872  17.0803   9.6537   5.1221  14.7758
 69  12.6801   3.5814  16.2615   8.9732   4.9832  13.9564
 70  11.9841   3.4725  15.4566   8.3182   4.8413  13.1595
 71  11.3056   3.3606  14.6662   7.6895   4.6966  12.3861
 72  10.6450   3.2459  13.8909   7.0876   4.5497  11.6373
 73  10.0029   3.1284  13.1313   6.5132   4.4009  10.9141
 74   9.3797   3.0086  12.3883   5.9665   4.2508  10.2173
 75   8.7759   2.8864  11.6623   5.4480   4.0998   9.5479
 76   8.1918   2.7623  10.9541   4.9579   3.9486   8.9064
 77   7.6279   2.6364  10.2644   4.4961   3.7975   8.2937
 78   7.0846   2.5092   9.5938   4.0628   3.6473   7.7101
 79   6.5622   2.3808   8.9430   3.6576   3.4984   7.1560
 80   6.0610   2.2517   8.3128   3.2803   3.3513   6.6316
 81   5.5814   2.1224   7.7038   2.9306   3.2066   6.1372
 82   5.1236   1.9931   7.1168   2.6078   3.0648   5.6726
 83   4.6880   1.8645   6.5526   2.3113   2.9263   5.2377
 84   4.2749   1.7370   6.0119   2.0403   2.7917   4.8320
 85   3.8843   1.6112   5.4955   1.7939   2.6612   4.4552
 86   3.5167   1.4876   5.0043   1.5712   2.5353   4.1064
 87   3.1720   1.3668   4.5389   1.3709   2.4141   3.7850
 88   2.8505   1.2495   4.1000   1.1919   2.2981   3.4900
 89   2.5521   1.1361   3.6882   1.0329   2.1872   3.2201
 90   2.2767   1.0273   3.3040   0.8926   2.0816   2.9742
