# Powell
# iter -2*LL p12 p13 p21 p23
1 1 2777.962115837624 0 -6.904553300000 0.060999300000 -18.647759300000 0.190349700000 0.216544600000 -0.015562600000 -7.637203700000 0.075830700000
2 2 2627.018925845439 0 -7.217357248669 0.061025618545 -20.812471666544 0.191376626111 -0.343690663230 -0.015318339048 -8.252038155547 0.075882246386
3 2 2611.194189830273 1 -7.383382775859 0.061141436051 -19.970735605019 0.191642710460 -0.514948242743 -0.015242206606 -8.418658643295 0.075866871276
4 3 2607.328972158310 1 -7.541423656840 0.061165859106 -19.746981523131 0.191846409505 -0.595993595157 -0.015182493519 -8.491869219124 0.075816385159
5 3 2607.321348344292 2 -7.539235380561 0.061124911198 -19.760625183725 0.191960076079 -0.596534239666 -0.015149040072 -8.487393057600 0.075803804709
6 4 2607.101804591941 2 -7.441925989823 0.059844612229 -20.374700994752 0.200215477055 -0.764126774976 -0.012769350856 -8.253929434771 0.072693395613
7 4 2607.048721239707 3 -7.421794851187 0.059509701167 -20.522950022632 0.201619782883 -0.789291539470 -0.012390867418 -8.203789160893 0.072119838339
8 5 2607.044164211094 3 -7.417377240429 0.059438908345 -20.558127293836 0.201967008555 -0.793222605703 -0.012326500075 -8.191357882157 0.071973780337
9 5 2607.018239841108 4 -7.395940409638 0.059091673844 -20.796634581466 0.204577762160 -0.789977326428 -0.012335651223 -8.098871135608 0.070830773709
10 6 2606.989306720128 4 -7.395547843091 0.059088815655 -20.862261581627 0.205412068363 -0.773107255975 -0.012587349456 -8.068911891296 0.070444577675
11 6 2606.902168540449 5 -7.394946321928 0.059116211606 -21.274013001481 0.210672614883 -0.662355153714 -0.014179382758 -7.881867558929 0.068010887945
12 7 2606.900701687533 5 -7.393626300131 0.059090498356 -21.303721378364 0.211029098196 -0.664187125517 -0.014146075239 -7.873139005163 0.067892164663
13 7 2606.874769766248 6 -7.405173370221 0.059215957251 -21.748934924410 0.216159394361 -0.691213470764 -0.013754475295 -7.792742846377 0.066923790366
14 8 2606.852647643474 7 -7.425963358419 0.059536483262 -21.860968412288 0.217520442056 -0.681622834169 -0.013886963445 -7.787511132537 0.066873061091
15 8 2606.791545189082 7 -7.531949812257 0.061103670868 -22.147782781038 0.221019997370 -0.742570458483 -0.012981912712 -7.907837178783 0.068480299935
16 9 2606.791241399292 8 -7.530502373942 0.061084504072 -22.132065889045 0.220814330708 -0.748458387844 -0.012902337343 -7.914624418753 0.068569442494
17 9 2606.790091323961 9 -7.527703653878 0.061050784340 -22.095936060583 0.220298540545 -0.751717619565 -0.012860983920 -7.938541310667 0.068894652480
18 10 2606.787733432804 10 -7.521733073013 0.060970326994 -22.126629531351 0.220593380385 -0.750439085360 -0.012883033228 -7.951734819395 0.069082205508
19 10 2606.780015828668 10 -7.496483130527 0.060617496834 -22.317080426059 0.222797722084 -0.736921356310 -0.013080406370 -7.968566437992 0.069323024565
20 11 2606.774338123465 11 -7.486095988871 0.060467065170 -22.397208426995 0.223903211095 -0.726686484890 -0.013219746031 -7.958465379436 0.069162244180
21 11 2606.773464166832 12 -7.481298810307 0.060400699115 -22.394624279326 0.223927559890 -0.723424269111 -0.013264270781 -7.963871198053 0.069218685196
22 12 2606.773348724734 12 -7.479405496969 0.060374332178 -22.392562762130 0.223922982071 -0.722296666823 -0.013279686624 -7.965921891025 0.069240149676
23 12 2606.773333533535 13 -7.478716116902 0.060364736119 -22.391673947051 0.223919606279 -0.721903180662 -0.013285060291 -7.966710255065 0.069248504099
24 13 2606.773331545606 14 -7.478466570206 0.060361262345 -22.391338639370 0.223918221328 -0.721761689142 -0.013286992282 -7.966997549785 0.069251553621
25 13 2606.773331286620 15 -7.478376077815 0.060360002272 -22.391220889016 0.223917760635 -0.721710694045 -0.013287688208 -7.967100365291 0.069252641473
26 14 2606.773331252693 16 -7.478343904262 0.060359555564 -22.391174005066 0.223917541616 -0.721692263197 -0.013287938433 -7.967139193080 0.069253058251
27 14 2606.773331248301 17 -7.478332238980 0.060359392850 -22.391159992877 0.223917497921 -0.721685782874 -0.013288027051 -7.967153246575 0.069253206332
28 15 2606.773331247707 18 -7.478327868048 0.060359331986 -22.391149206484 0.223917418323 -0.721683217278 -0.013288063726 -7.967158691269 0.069253265095
29 15 2606.773331247675 20 -7.478326588702 0.060359315623 -22.391142710064 0.223917349390 -0.721683227624 -0.013288061582 -7.967160091329 0.069253281091
30 16 2606.773331247664 21 -7.478326529812 0.060359314116 -22.391146404822 0.223917397273 -0.721682477508 -0.013288072895 -7.967158755740 0.069253263350
31 16 2606.773331247662 22 -7.478326529237 0.060359314108 -22.391146403264 0.223917397254 -0.721682477177 -0.013288072900 -7.967158755087 0.069253263341
