# CZFgali.txt
#IMaCh version 0.99r45, April 2023,INED-EUROREVES-Institut de longevite-Japan Society for the Promotion of Science (Grant-in-Aid for Scientific Research 25293121), Intel Software 2015-2020, Nihon University 2021-202, INED 2000-2022
#$Revision: 1.353 $ $Date: 2023/05/08 18:48:22 $
# Tue Feb 04 20:24:32 2025
#One-step probabilities and stand. devi in ()
# Age p1-1 (SE) p1-2 (SE) p1-3 (SE) p2-1 (SE) p2-2 (SE) p2-3 (SE)
50  9.886e-001 ( 2.228e-003)  1.143e-002 ( 2.230e-003)  1.358e-005 ( 2.376e-005)  1.983e-001 ( 2.908e-002)  7.930e-001 ( 2.908e-002)  8.769e-003 ( 3.594e-003) 
51  9.879e-001 ( 2.267e-003)  1.213e-002 ( 2.270e-003)  1.698e-005 ( 2.884e-005)  1.961e-001 ( 2.763e-002)  7.945e-001 ( 2.766e-002)  9.417e-003 ( 3.732e-003) 
52  9.871e-001 ( 2.304e-003)  1.287e-002 ( 2.307e-003)  2.122e-005 ( 3.497e-005)  1.938e-001 ( 2.623e-002)  7.961e-001 ( 2.629e-002)  1.011e-002 ( 3.872e-003) 
53  9.863e-001 ( 2.337e-003)  1.366e-002 ( 2.341e-003)  2.653e-005 ( 4.237e-005)  1.916e-001 ( 2.486e-002)  7.975e-001 ( 2.496e-002)  1.086e-002 ( 4.012e-003) 
54  9.855e-001 ( 2.368e-003)  1.450e-002 ( 2.373e-003)  3.316e-005 ( 5.128e-005)  1.894e-001 ( 2.354e-002)  7.989e-001 ( 2.367e-002)  1.166e-002 ( 4.152e-003) 
55  9.846e-001 ( 2.394e-003)  1.539e-002 ( 2.401e-003)  4.144e-005 ( 6.199e-005)  1.872e-001 ( 2.226e-002)  8.002e-001 ( 2.244e-002)  1.251e-002 ( 4.292e-003) 
56  9.836e-001 ( 2.418e-003)  1.633e-002 ( 2.425e-003)  5.179e-005 ( 7.486e-005)  1.851e-001 ( 2.103e-002)  8.015e-001 ( 2.126e-002)  1.343e-002 ( 4.431e-003) 
57  9.826e-001 ( 2.437e-003)  1.733e-002 ( 2.447e-003)  6.472e-005 ( 9.029e-005)  1.829e-001 ( 1.985e-002)  8.027e-001 ( 2.015e-002)  1.441e-002 ( 4.569e-003) 
58  9.815e-001 ( 2.454e-003)  1.839e-002 ( 2.465e-003)  8.088e-005 ( 1.088e-004)  1.807e-001 ( 1.874e-002)  8.038e-001 ( 1.909e-002)  1.547e-002 ( 4.705e-003) 
59  9.804e-001 ( 2.467e-003)  1.951e-002 ( 2.481e-003)  1.011e-004 ( 1.308e-004)  1.786e-001 ( 1.768e-002)  8.048e-001 ( 1.811e-002)  1.660e-002 ( 4.838e-003) 
60  9.792e-001 ( 2.477e-003)  2.070e-002 ( 2.494e-003)  1.263e-004 ( 1.571e-004)  1.764e-001 ( 1.670e-002)  8.058e-001 ( 1.720e-002)  1.781e-002 ( 4.968e-003) 
61  9.779e-001 ( 2.485e-003)  2.195e-002 ( 2.506e-003)  1.577e-004 ( 1.884e-004)  1.743e-001 ( 1.579e-002)  8.066e-001 ( 1.637e-002)  1.911e-002 ( 5.094e-003) 
62  9.765e-001 ( 2.493e-003)  2.329e-002 ( 2.519e-003)  1.971e-004 ( 2.255e-004)  1.721e-001 ( 1.496e-002)  8.074e-001 ( 1.563e-002)  2.050e-002 ( 5.216e-003) 
63  9.751e-001 ( 2.501e-003)  2.470e-002 ( 2.533e-003)  2.461e-004 ( 2.694e-004)  1.700e-001 ( 1.422e-002)  8.080e-001 ( 1.498e-002)  2.199e-002 ( 5.334e-003) 
64  9.735e-001 ( 2.514e-003)  2.619e-002 ( 2.552e-003)  3.074e-004 ( 3.213e-004)  1.679e-001 ( 1.359e-002)  8.086e-001 ( 1.443e-002)  2.358e-002 ( 5.447e-003) 
65  9.718e-001 ( 2.533e-003)  2.778e-002 ( 2.578e-003)  3.839e-004 ( 3.822e-004)  1.657e-001 ( 1.305e-002)  8.090e-001 ( 1.397e-002)  2.528e-002 ( 5.557e-003) 
66  9.701e-001 ( 2.564e-003)  2.945e-002 ( 2.617e-003)  4.794e-004 ( 4.537e-004)  1.636e-001 ( 1.263e-002)  8.093e-001 ( 1.363e-002)  2.710e-002 ( 5.663e-003) 
67  9.682e-001 ( 2.611e-003)  3.122e-002 ( 2.672e-003)  5.985e-004 ( 5.371e-004)  1.615e-001 ( 1.232e-002)  8.095e-001 ( 1.338e-002)  2.905e-002 ( 5.767e-003) 
68  9.662e-001 ( 2.680e-003)  3.310e-002 ( 2.750e-003)  7.472e-004 ( 6.342e-004)  1.594e-001 ( 1.213e-002)  8.095e-001 ( 1.325e-002)  3.114e-002 ( 5.872e-003) 
69  9.640e-001 ( 2.778e-003)  3.508e-002 ( 2.856e-003)  9.326e-004 ( 7.465e-004)  1.572e-001 ( 1.205e-002)  8.094e-001 ( 1.321e-002)  3.337e-002 ( 5.980e-003) 
70  9.617e-001 ( 2.912e-003)  3.717e-002 ( 2.998e-003)  1.164e-003 ( 8.758e-004)  1.551e-001 ( 1.208e-002)  8.091e-001 ( 1.326e-002)  3.575e-002 ( 6.096e-003) 
71  9.592e-001 ( 3.088e-003)  3.938e-002 ( 3.181e-003)  1.452e-003 ( 1.024e-003)  1.530e-001 ( 1.221e-002)  8.087e-001 ( 1.341e-002)  3.829e-002 ( 6.225e-003) 
72  9.565e-001 ( 3.313e-003)  4.171e-002 ( 3.411e-003)  1.812e-003 ( 1.192e-003)  1.509e-001 ( 1.243e-002)  8.081e-001 ( 1.363e-002)  4.101e-002 ( 6.376e-003) 
73  9.536e-001 ( 3.589e-003)  4.417e-002 ( 3.694e-003)  2.259e-003 ( 1.383e-003)  1.487e-001 ( 1.273e-002)  8.074e-001 ( 1.393e-002)  4.391e-002 ( 6.559e-003) 
74  9.504e-001 ( 3.921e-003)  4.677e-002 ( 4.033e-003)  2.817e-003 ( 1.597e-003)  1.466e-001 ( 1.310e-002)  8.064e-001 ( 1.429e-002)  4.700e-002 ( 6.783e-003) 
75  9.470e-001 ( 4.312e-003)  4.950e-002 ( 4.432e-003)  3.511e-003 ( 1.836e-003)  1.444e-001 ( 1.352e-002)  8.053e-001 ( 1.472e-002)  5.030e-002 ( 7.064e-003) 
76  9.433e-001 ( 4.761e-003)  5.237e-002 ( 4.894e-003)  4.375e-003 ( 2.102e-003)  1.423e-001 ( 1.398e-002)  8.039e-001 ( 1.520e-002)  5.382e-002 ( 7.415e-003) 
77  9.392e-001 ( 5.270e-003)  5.539e-002 ( 5.421e-003)  5.449e-003 ( 2.397e-003)  1.401e-001 ( 1.448e-002)  8.023e-001 ( 1.574e-002)  5.756e-002 ( 7.852e-003) 
78  9.347e-001 ( 5.839e-003)  5.855e-002 ( 6.016e-003)  6.784e-003 ( 2.726e-003)  1.380e-001 ( 1.501e-002)  8.005e-001 ( 1.633e-002)  6.155e-002 ( 8.390e-003) 
79  9.297e-001 ( 6.471e-003)  6.186e-002 ( 6.680e-003)  8.442e-003 ( 3.099e-003)  1.358e-001 ( 1.555e-002)  7.984e-001 ( 1.698e-002)  6.579e-002 ( 9.045e-003) 
80  9.242e-001 ( 7.169e-003)  6.532e-002 ( 7.416e-003)  1.050e-002 ( 3.534e-003)  1.336e-001 ( 1.610e-002)  7.961e-001 ( 1.768e-002)  7.030e-002 ( 9.830e-003) 
81  9.180e-001 ( 7.945e-003)  6.892e-002 ( 8.225e-003)  1.304e-002 ( 4.065e-003)  1.314e-001 ( 1.666e-002)  7.935e-001 ( 1.846e-002)  7.510e-002 ( 1.076e-002) 
82  9.111e-001 ( 8.823e-003)  7.266e-002 ( 9.108e-003)  1.620e-002 ( 4.753e-003)  1.292e-001 ( 1.722e-002)  7.906e-001 ( 1.931e-002)  8.019e-002 ( 1.184e-002) 
83  9.034e-001 ( 9.843e-003)  7.653e-002 ( 1.007e-002)  2.009e-002 ( 5.690e-003)  1.270e-001 ( 1.777e-002)  7.874e-001 ( 2.024e-002)  8.559e-002 ( 1.308e-002) 
84  8.946e-001 ( 1.108e-002)  8.050e-002 ( 1.110e-002)  2.489e-002 ( 7.009e-003)  1.248e-001 ( 1.832e-002)  7.839e-001 ( 2.127e-002)  9.132e-002 ( 1.450e-002) 
85  8.847e-001 ( 1.265e-002)  8.456e-002 ( 1.221e-002)  3.079e-002 ( 8.882e-003)  1.225e-001 ( 1.885e-002)  7.801e-001 ( 2.241e-002)  9.740e-002 ( 1.609e-002) 
86  8.733e-001 ( 1.472e-002)  8.867e-002 ( 1.340e-002)  3.802e-002 ( 1.151e-002)  1.203e-001 ( 1.938e-002)  7.759e-001 ( 2.367e-002)  1.038e-001 ( 1.787e-002) 
87  8.604e-001 ( 1.752e-002)  9.279e-002 ( 1.468e-002)  4.685e-002 ( 1.514e-002)  1.180e-001 ( 1.988e-002)  7.714e-001 ( 2.506e-002)  1.106e-001 ( 1.985e-002) 
88  8.455e-001 ( 2.131e-002)  9.686e-002 ( 1.603e-002)  5.760e-002 ( 2.002e-002)  1.157e-001 ( 2.037e-002)  7.665e-001 ( 2.661e-002)  1.178e-001 ( 2.202e-002) 
89  8.286e-001 ( 2.637e-002)  1.008e-001 ( 1.748e-002)  7.061e-002 ( 2.645e-002)  1.134e-001 ( 2.084e-002)  7.613e-001 ( 2.832e-002)  1.254e-001 ( 2.440e-002) 
90  8.092e-001 ( 3.299e-002)  1.046e-001 ( 1.905e-002)  8.626e-002 ( 3.474e-002)  1.110e-001 ( 2.129e-002)  7.556e-001 ( 3.021e-002)  1.334e-001 ( 2.699e-002) 