# CZFgali.txt
#IMaCh version 0.99r45, April 2023,INED-EUROREVES-Institut de longevite-Japan Society for the Promotion of Science (Grant-in-Aid for Scientific Research 25293121), Intel Software 2015-2020, Nihon University 2021-202, INED 2000-2022
#$Revision: 1.353 $ $Date: 2023/05/08 18:48:22 $
# Tue Feb 04 20:24:32 2025
#One-step probabilities and covariance matrix
# Age p1-1  p1-2  p1-3  p2-1  p2-2  p2-3 
50  9.886e-001  1.143e-002  1.358e-005  1.983e-001  7.930e-001  8.769e-003 
50 1-1  4.964e-006
50 1-2 -4.969e-006  4.974e-006
50 1-3  4.372e-009 -4.937e-009  5.644e-010
50 2-1 -1.823e-005  1.820e-005  3.159e-008  8.457e-004
50 2-2  1.865e-005 -1.865e-005  1.580e-009 -8.392e-004  8.457e-004
50 2-3 -4.172e-007  4.504e-007 -3.318e-008 -6.434e-006 -6.485e-006  1.292e-005
51  9.879e-001  1.213e-002  1.698e-005  1.961e-001  7.945e-001  9.417e-003 
51 1-1  5.141e-006
51 1-2 -5.146e-006  5.152e-006
51 1-3  5.476e-009 -6.307e-009  8.315e-010
51 2-1 -1.758e-005  1.755e-005  3.482e-008  7.637e-004
51 2-2  1.802e-005 -1.802e-005  7.093e-009 -7.575e-004  7.652e-004
51 2-3 -4.363e-007  4.782e-007 -4.191e-008 -6.184e-006 -7.746e-006  1.393e-005
52  9.871e-001  1.287e-002  2.122e-005  1.938e-001  7.961e-001  1.011e-002 
52 1-1  5.307e-006
52 1-2 -5.314e-006  5.322e-006
52 1-3  6.831e-009 -8.054e-009  1.223e-009
52 2-1 -1.691e-005  1.687e-005  3.805e-008  6.878e-004
52 2-2  1.736e-005 -1.737e-005  1.480e-008 -6.819e-004  6.910e-004
52 2-3 -4.543e-007  5.071e-007 -5.286e-008 -5.927e-006 -9.062e-006  1.499e-005
53  9.863e-001  1.366e-002  2.653e-005  1.916e-001  7.975e-001  1.086e-002 
53 1-1  5.463e-006
53 1-2 -5.472e-006  5.482e-006
53 1-3  8.486e-009 -1.028e-008  1.795e-009
53 2-1 -1.621e-005  1.617e-005  4.117e-008  6.180e-004
53 2-2  1.668e-005 -1.671e-005  2.536e-008 -6.123e-004  6.228e-004
53 2-3 -4.708e-007  5.373e-007 -6.653e-008 -5.663e-006 -1.043e-005  1.609e-005
54  9.855e-001  1.450e-002  3.316e-005  1.894e-001  7.989e-001  1.166e-002 
54 1-1  5.606e-006
54 1-2 -5.616e-006  5.629e-006
54 1-3  1.049e-008 -1.312e-008  2.629e-009
54 2-1 -1.551e-005  1.547e-005  4.402e-008  5.539e-004
54 2-2  1.600e-005 -1.603e-005  3.955e-008 -5.485e-004  5.604e-004
54 2-3 -4.852e-007  5.688e-007 -8.357e-008 -5.394e-006 -1.184e-005  1.724e-005
55  9.846e-001  1.539e-002  4.144e-005  1.872e-001  8.002e-001  1.251e-002 
55 1-1  5.734e-006
55 1-2 -5.747e-006  5.763e-006
55 1-3  1.288e-008 -1.673e-008  3.843e-009
55 2-1 -1.480e-005  1.476e-005  4.640e-008  4.954e-004
55 2-2  1.530e-005 -1.536e-005  5.835e-008 -4.903e-004  5.036e-004
55 2-3 -4.973e-007  6.020e-007 -1.048e-007 -5.124e-006 -1.330e-005  1.842e-005
56  9.836e-001  1.633e-002  5.179e-005  1.851e-001  8.015e-001  1.343e-002 
56 1-1  5.846e-006
56 1-2 -5.861e-006  5.883e-006
56 1-3  1.572e-008 -2.132e-008  5.604e-009
56 2-1 -1.410e-005  1.405e-005  4.803e-008  4.422e-004
56 2-2  1.460e-005 -1.469e-005  8.298e-008 -4.374e-004  4.522e-004
56 2-3 -5.063e-007  6.373e-007 -1.310e-007 -4.852e-006 -1.478e-005  1.963e-005
57  9.826e-001  1.733e-002  6.472e-005  1.829e-001  8.027e-001  1.441e-002 
57 1-1  5.941e-006
57 1-2 -5.960e-006  5.988e-006
57 1-3  1.902e-008 -2.717e-008  8.153e-009
57 2-1 -1.341e-005  1.336e-005  4.858e-008  3.942e-004
57 2-2  1.392e-005 -1.403e-005  1.149e-007 -3.896e-004  4.059e-004
57 2-3 -5.117e-007  6.752e-007 -1.635e-007 -4.584e-006 -1.629e-005  2.087e-005
58  9.815e-001  1.839e-002  8.088e-005  1.807e-001  8.038e-001  1.547e-002 
58 1-1  6.020e-006
58 1-2 -6.043e-006  6.078e-006
58 1-3  2.278e-008 -3.461e-008  1.183e-008
58 2-1 -1.273e-005  1.269e-005  4.762e-008  3.511e-004
58 2-2  1.325e-005 -1.340e-005  1.558e-007 -3.468e-004  3.646e-004
58 2-3 -5.131e-007  7.165e-007 -2.034e-007 -4.320e-006 -1.781e-005  2.213e-005
59  9.804e-001  1.951e-002  1.011e-004  1.786e-001  8.048e-001  1.660e-002 
59 1-1  6.084e-006
59 1-2 -6.111e-006  6.155e-006
59 1-3  2.696e-008 -4.408e-008  1.711e-008
59 2-1 -1.209e-005  1.205e-005  4.465e-008  3.127e-004
59 2-2  1.260e-005 -1.281e-005  2.079e-007 -3.086e-004  3.280e-004
59 2-3 -5.097e-007  7.623e-007 -2.526e-007 -4.065e-006 -1.934e-005  2.340e-005
60  9.792e-001  2.070e-002  1.263e-004  1.764e-001  8.058e-001  1.781e-002 
60 1-1  6.134e-006
60 1-2 -6.165e-006  6.222e-006
60 1-3  3.144e-008 -5.612e-008  2.469e-008
60 2-1 -1.150e-005  1.146e-005  3.905e-008  2.788e-004
60 2-2  1.200e-005 -1.227e-005  2.736e-007 -2.750e-004  2.959e-004
60 2-3 -5.012e-007  8.139e-007 -3.127e-007 -3.822e-006 -2.086e-005  2.468e-005
61  9.779e-001  2.195e-002  1.577e-004  1.743e-001  8.066e-001  1.911e-002 
61 1-1  6.175e-006
61 1-2 -6.211e-006  6.282e-006
61 1-3  3.596e-008 -7.145e-008  3.549e-008
61 2-1 -1.096e-005  1.093e-005  3.007e-008  2.493e-004
61 2-2  1.145e-005 -1.180e-005  3.559e-007 -2.457e-004  2.680e-004
61 2-3 -4.871e-007  8.731e-007 -3.860e-007 -3.597e-006 -2.235e-005  2.595e-005
62  9.765e-001  2.329e-002  1.971e-004  1.721e-001  8.074e-001  2.050e-002 
62 1-1  6.213e-006
62 1-2 -6.253e-006  6.344e-006
62 1-3  4.011e-008 -9.096e-008  5.086e-008
62 2-1 -1.049e-005  1.047e-005  1.688e-008  2.238e-004
62 2-2  1.096e-005 -1.142e-005  4.582e-007 -2.205e-004  2.443e-004
62 2-3 -4.672e-007  9.423e-007 -4.751e-007 -3.394e-006 -2.381e-005  2.721e-005
63  9.751e-001  2.470e-002  2.461e-004  1.700e-001  8.080e-001  2.199e-002 
63 1-1  6.257e-006
63 1-2 -6.300e-006  6.416e-006
63 1-3  4.321e-008 -1.158e-007  7.260e-008
63 2-1 -1.011e-005  1.011e-005 -1.470e-009  2.024e-004
63 2-2  1.055e-005 -1.113e-005  5.844e-007 -1.991e-004  2.244e-004
63 2-3 -4.415e-007  1.024e-006 -5.829e-007 -3.220e-006 -2.523e-005  2.845e-005
64  9.735e-001  2.619e-002  3.074e-004  1.679e-001  8.086e-001  2.358e-002 
64 1-1  6.319e-006
64 1-2 -6.363e-006  6.511e-006
64 1-3  4.426e-008 -1.475e-007  1.032e-007
64 2-1 -9.830e-006  9.856e-006 -2.602e-008  1.846e-004
64 2-2  1.024e-005 -1.098e-005  7.389e-007 -1.815e-004  2.081e-004
64 2-3 -4.105e-007  1.123e-006 -7.129e-007 -3.081e-006 -2.659e-005  2.967e-005
65  9.718e-001  2.778e-002  3.839e-004  1.657e-001  8.090e-001  2.528e-002 
65 1-1  6.417e-006
65 1-2 -6.459e-006  6.647e-006
65 1-3  4.174e-008 -1.878e-007  1.461e-007
65 2-1 -9.674e-006  9.732e-006 -5.782e-008  1.704e-004
65 2-2  1.005e-005 -1.098e-005  9.268e-007 -1.674e-004  1.953e-004
65 2-3 -3.750e-007  1.244e-006 -8.690e-007 -2.987e-006 -2.789e-005  3.088e-005
66  9.701e-001  2.945e-002  4.794e-004  1.636e-001  8.093e-001  2.710e-002 
66 1-1  6.574e-006
66 1-2 -6.607e-006  6.846e-006
66 1-3  3.353e-008 -2.394e-007  2.058e-007
66 2-1 -9.661e-006  9.759e-006 -9.791e-008  1.595e-004
66 2-2  9.998e-006 -1.115e-005  1.154e-006 -1.566e-004  1.857e-004
66 2-3 -3.367e-007  1.392e-006 -1.056e-006 -2.947e-006 -2.912e-005  3.207e-005
67  9.682e-001  3.122e-002  5.985e-004  1.615e-001  8.095e-001  2.905e-002 
67 1-1  6.817e-006
67 1-2 -6.833e-006  7.139e-006
67 1-3  1.669e-008 -3.052e-007  2.885e-007
67 2-1 -9.813e-006  9.960e-006 -1.471e-007  1.518e-004
67 2-2  1.011e-005 -1.154e-005  1.425e-006 -1.488e-004  1.791e-004
67 2-3 -2.978e-007  1.576e-006 -1.278e-006 -2.974e-006 -3.029e-005  3.326e-005
68  9.662e-001  3.310e-002  7.472e-004  1.594e-001  8.095e-001  3.114e-002 
68 1-1  7.183e-006
68 1-2 -7.171e-006  7.560e-006
68 1-3 -1.273e-008 -3.894e-007  4.022e-007
68 2-1 -1.015e-005  1.036e-005 -2.058e-007  1.471e-004
68 2-2  1.042e-005 -1.216e-005  1.748e-006 -1.440e-004  1.754e-004
68 2-3 -2.619e-007  1.804e-006 -1.542e-006 -3.081e-006 -3.140e-005  3.448e-005
69  9.640e-001  3.508e-002  9.326e-004  1.572e-001  8.094e-001  3.337e-002 
69 1-1  7.720e-006
69 1-2 -7.660e-006  8.157e-006
69 1-3 -5.987e-008 -4.973e-007  5.572e-007
69 2-1 -1.071e-005  1.098e-005 -2.738e-007  1.452e-004
69 2-2  1.094e-005 -1.307e-005  2.128e-006 -1.419e-004  1.744e-004
69 2-3 -2.334e-007  2.088e-006 -1.854e-006 -3.286e-006 -3.247e-005  3.576e-005
70  9.617e-001  3.717e-002  1.164e-003  1.551e-001  8.091e-001  3.575e-002 
70 1-1  8.482e-006
70 1-2 -8.351e-006  8.986e-006
70 1-3 -1.312e-007 -6.358e-007  7.670e-007
70 2-1 -1.151e-005  1.186e-005 -3.496e-007  1.459e-004
70 2-2  1.173e-005 -1.430e-005  2.573e-006 -1.423e-004  1.759e-004
70 2-3 -2.182e-007  2.441e-006 -2.223e-006 -3.609e-006 -3.355e-005  3.716e-005
71  9.592e-001  3.938e-002  1.452e-003  1.530e-001  8.087e-001  3.829e-002 
71 1-1  9.539e-006
71 1-2 -9.304e-006  1.012e-005
71 1-3 -2.346e-007 -8.137e-007  1.048e-006
71 2-1 -1.259e-005  1.302e-005 -4.299e-007  1.491e-004
71 2-2  1.281e-005 -1.590e-005  3.088e-006 -1.450e-004  1.797e-004
71 2-3 -2.234e-007  2.882e-006 -2.659e-006 -4.073e-006 -3.468e-005  3.875e-005
72  9.565e-001  4.171e-002  1.812e-003  1.509e-001  8.081e-001  4.101e-002 
72 1-1  1.097e-005
72 1-2 -1.059e-005  1.164e-005
72 1-3 -3.790e-007 -1.043e-006  1.422e-006
72 2-1 -1.398e-005  1.449e-005 -5.085e-007  1.546e-004
72 2-2  1.424e-005 -1.792e-005  3.682e-006 -1.499e-004  1.858e-004
72 2-3 -2.568e-007  3.430e-006 -3.173e-006 -4.708e-006 -3.595e-005  4.066e-005
73  9.536e-001  4.417e-002  2.259e-003  1.487e-001  8.074e-001  4.391e-002 
73 1-1  1.288e-005
73 1-2 -1.231e-005  1.364e-005
73 1-3 -5.746e-007 -1.338e-006  1.912e-006
73 2-1 -1.573e-005  1.630e-005 -5.751e-007  1.621e-004
73 2-2  1.606e-005 -2.041e-005  4.359e-006 -1.566e-004  1.940e-004
73 2-3 -3.264e-007  4.110e-006 -3.784e-006 -5.547e-006 -3.747e-005  4.301e-005
74  9.504e-001  4.677e-002  2.817e-003  1.466e-001  8.064e-001  4.700e-002 
74 1-1  1.538e-005
74 1-2 -1.455e-005  1.627e-005
74 1-3 -8.315e-007 -1.719e-006  2.551e-006
74 2-1 -1.788e-005  1.849e-005 -6.134e-007  1.716e-004
74 2-2  1.832e-005 -2.344e-005  5.128e-006 -1.649e-004  2.043e-004
74 2-3 -4.383e-007  4.953e-006 -4.514e-006 -6.631e-006 -3.938e-005  4.601e-005
75  9.470e-001  4.950e-002  3.511e-003  1.444e-001  8.053e-001  5.030e-002 
75 1-1  1.859e-005
75 1-2 -1.743e-005  1.964e-005
75 1-3 -1.159e-006 -2.212e-006  3.372e-006
75 2-1 -2.049e-005  2.108e-005 -5.983e-007  1.828e-004
75 2-2  2.108e-005 -2.708e-005  5.997e-006 -1.748e-004  2.167e-004
75 2-3 -5.944e-007  5.993e-006 -5.399e-006 -8.006e-006 -4.189e-005  4.990e-005
76  9.433e-001  5.237e-002  4.375e-003  1.423e-001  8.039e-001  5.382e-002 
76 1-1  2.267e-005
76 1-2 -2.110e-005  2.395e-005
76 1-3 -1.567e-006 -2.852e-006  4.419e-006
76 2-1 -2.362e-005  2.411e-005 -4.926e-007  1.956e-004
76 2-2  2.441e-005 -3.139e-005  6.981e-006 -1.858e-004  2.311e-004
76 2-3 -7.871e-007  7.275e-006 -6.488e-006 -9.729e-006 -4.525e-005  5.498e-005
77  9.392e-001  5.539e-002  5.449e-003  1.401e-001  8.023e-001  5.756e-002 
77 1-1  2.777e-005
77 1-2 -2.571e-005  2.939e-005
77 1-3 -2.064e-006 -3.683e-006  5.747e-006
77 2-1 -2.736e-005  2.761e-005 -2.418e-007  2.098e-004
77 2-2  2.836e-005 -3.646e-005  8.100e-006 -1.979e-004  2.477e-004
77 2-3 -9.918e-007  8.850e-006 -7.859e-006 -1.187e-005 -4.978e-005  6.165e-005
78  9.347e-001  5.855e-002  6.784e-003  1.380e-001  8.005e-001  6.155e-002 
78 1-1  3.410e-005
78 1-2 -3.143e-005  3.619e-005
78 1-3 -2.668e-006 -4.765e-006  7.433e-006
78 2-1 -3.182e-005  3.159e-005  2.319e-007  2.253e-004
78 2-2  3.297e-005 -4.237e-005  9.396e-006 -2.108e-004  2.667e-004
78 2-3 -1.155e-006  1.078e-005 -9.627e-006 -1.450e-005 -5.590e-005  7.039e-005
79  9.297e-001  6.186e-002  8.442e-003  1.358e-001  7.984e-001  6.579e-002 
79 1-1  4.187e-005
79 1-2 -3.845e-005  4.463e-005
79 1-3 -3.423e-006 -6.182e-006  9.605e-006
79 2-1 -3.712e-005  3.608e-005  1.039e-006  2.418e-004
79 2-2  3.829e-005 -4.922e-005  1.093e-005 -2.241e-004  2.882e-004
79 2-3 -1.175e-006  1.315e-005 -1.197e-005 -1.770e-005 -6.410e-005  8.181e-005
80  9.242e-001  6.532e-002  1.050e-002  1.336e-001  7.961e-001  7.030e-002 
80 1-1  5.139e-005
80 1-2 -4.695e-005  5.500e-005
80 1-3 -4.442e-006 -8.046e-006  1.249e-005
80 2-1 -4.341e-005  4.108e-005  2.331e-006  2.593e-004
80 2-2  4.429e-005 -5.712e-005  1.283e-005 -2.377e-004  3.128e-004
80 2-3 -8.769e-007  1.604e-005 -1.516e-005 -2.160e-005 -7.502e-005  9.662e-005
81  9.180e-001  6.892e-002  1.304e-002  1.314e-001  7.935e-001  7.510e-002 
81 1-1  6.313e-005
81 1-2 -5.712e-005  6.765e-005
81 1-3 -6.006e-006 -1.052e-005  1.653e-005
81 2-1 -5.093e-005  4.661e-005  4.321e-006  2.776e-004
81 2-2  5.090e-005 -6.619e-005  1.529e-005 -2.513e-004  3.407e-004
81 2-3  2.788e-008  1.958e-005 -1.961e-005 -2.630e-005 -8.942e-005  1.157e-004
82  9.111e-001  7.266e-002  1.620e-002  1.292e-001  7.906e-001  8.019e-002 
82 1-1  7.784e-005
82 1-2 -6.910e-005  8.295e-005
82 1-3 -8.738e-006 -1.385e-005  2.259e-005
82 2-1 -5.992e-005  5.263e-005  7.295e-006  2.965e-004
82 2-2  5.792e-005 -7.654e-005  1.861e-005 -2.646e-004  3.728e-004
82 2-3  1.996e-006  2.391e-005 -2.591e-005 -3.194e-005 -1.082e-004  1.401e-004
83  9.034e-001  7.653e-002  2.009e-002  1.270e-001  7.874e-001  8.559e-002 
83 1-1  9.688e-005
83 1-2 -8.292e-005  1.013e-004
83 1-3 -1.396e-005 -1.841e-005  3.238e-005
83 2-1 -7.074e-005  5.910e-005  1.164e-005  3.159e-004
83 2-2  6.501e-005 -8.833e-005  2.333e-005 -2.772e-004  4.096e-004
83 2-3  5.730e-006  2.923e-005 -3.496e-005 -3.869e-005 -1.325e-004  1.711e-004
84  8.946e-001  8.050e-002  2.489e-002  1.248e-001  7.839e-001  9.132e-002 
84 1-1  1.228e-004
84 1-2 -9.844e-005  1.232e-004
84 1-3 -2.432e-005 -2.481e-005  4.913e-005
84 2-1 -8.382e-005  6.596e-005  1.786e-005  3.356e-004
84 2-2  7.154e-005 -1.018e-004  3.021e-005 -2.889e-004  4.523e-004
84 2-3  1.228e-005  3.579e-005 -4.807e-005 -4.671e-005 -1.635e-004  2.102e-004
85  8.847e-001  8.456e-002  3.079e-002  1.225e-001  7.801e-001  9.740e-002 
85 1-1  1.600e-004
85 1-2 -1.151e-004  1.492e-004
85 1-3 -4.486e-005 -3.404e-005  7.889e-005
85 2-1 -9.972e-005  7.308e-005  2.664e-005  3.555e-004
85 2-2  7.656e-005 -1.170e-004  4.045e-005 -2.992e-004  5.020e-004
85 2-3  2.316e-005  4.393e-005 -6.709e-005 -5.622e-005 -2.028e-004  2.590e-004
86  8.733e-001  8.867e-002  3.802e-002  1.203e-001  7.759e-001  1.038e-001 
86 1-1  2.167e-004
86 1-2 -1.319e-004  1.797e-004
86 1-3 -8.479e-005 -4.777e-005  1.326e-004
86 2-1 -1.191e-004  8.031e-005  3.882e-005  3.754e-004
86 2-2  7.856e-005 -1.344e-004  5.583e-005 -3.080e-004  5.600e-004
86 2-3  4.057e-005  5.408e-005 -9.464e-005 -6.742e-005 -2.521e-004  3.195e-004
87  8.604e-001  9.279e-002  4.685e-002  1.180e-001  7.714e-001  1.106e-001 
87 1-1  3.069e-004
87 1-2 -1.465e-004  2.154e-004
87 1-3 -1.603e-004 -6.883e-005  2.292e-004
87 2-1 -1.429e-004  8.740e-005  5.548e-005  3.953e-004
87 2-2  7.538e-005 -1.543e-004  7.887e-005 -3.147e-004  6.281e-004
87 2-3  6.750e-005  6.685e-005 -1.344e-004 -8.058e-005 -3.134e-004  3.940e-004
88  8.455e-001  9.686e-002  5.760e-002  1.157e-001  7.665e-001  1.178e-001 
88 1-1  4.539e-004
88 1-2 -1.550e-004  2.570e-004
88 1-3 -2.989e-004 -1.020e-004  4.009e-004
88 2-1 -1.720e-004  9.404e-005  7.794e-005  4.149e-004
88 2-2  6.395e-005 -1.771e-004  1.132e-004 -3.189e-004  7.080e-004
88 2-3  1.080e-004  8.306e-005 -1.911e-004 -9.596e-005 -3.890e-004  4.850e-004
89  8.286e-001  1.008e-001  7.061e-002  1.134e-001  7.613e-001  1.254e-001 
89 1-1  6.953e-004
89 1-2 -1.506e-004  3.056e-004
89 1-3 -5.447e-004 -1.551e-004  6.998e-004
89 2-1 -2.076e-004  9.982e-005  1.078e-004  4.342e-004
89 2-2  4.007e-005 -2.036e-004  1.635e-004 -3.204e-004  8.020e-004
89 2-3  1.675e-004  1.038e-004 -2.713e-004 -1.139e-004 -4.816e-004  5.955e-004
90  8.092e-001  1.046e-001  8.626e-002  1.110e-001  7.556e-001  1.334e-001 
90 1-1  1.088e-003
90 1-2 -1.221e-004  3.628e-004
90 1-3 -9.662e-004 -2.406e-004  1.207e-003
90 2-1 -2.510e-004  1.042e-004  1.468e-004  4.531e-004
90 2-2 -1.720e-006 -2.347e-004  2.364e-004 -3.185e-004  9.124e-004
90 2-3  2.527e-004  1.305e-004 -3.832e-004 -1.346e-004 -5.939e-004  7.285e-004