
# model  
#****** Result for:******
# CZFgali.txt
#IMaCh version 0.99r45, April 2023,INED-EUROREVES-Institut de longevite-Japan Society for the Promotion of Science (Grant-in-Aid for Scientific Research 25293121), Intel Software 2015-2020, Nihon University 2021-202, INED 2000-2022
#$Revision: 1.353 $ $Date: 2023/05/08 18:48:22 $
# Tue Feb 04 20:24:32 2025
# Total life expectancy with std error and decomposition into time to be expected in each health state
#  (weighted average of eij where weights are the age specific forward period (stable) prevalences in each health state 
# Age popbased mobilav e.. (std) e.1 (std) e.2 (std) 
   50 0 0  33.402 (  0.695)  28.294 (  0.667)   5.108 (  0.358)
   51 0 0  32.431 (  0.689)  27.365 (  0.659)   5.065 (  0.356)
   52 0 0  31.462 (  0.683)  26.442 (  0.651)   5.020 (  0.353)
   53 0 0  30.497 (  0.677)  25.525 (  0.643)   4.972 (  0.351)
   54 0 0  29.536 (  0.671)  24.614 (  0.635)   4.922 (  0.349)
   55 0 0  28.579 (  0.665)  23.711 (  0.627)   4.868 (  0.346)
   56 0 0  27.627 (  0.931)  22.815 (  0.781)   4.812 (  0.389)
   57 0 0  26.680 (  0.651)  21.927 (  0.610)   4.752 (  0.342)
   58 0 0  25.738 (  0.644)  21.048 (  0.602)   4.690 (  0.340)
   59 0 0  24.803 (  0.651)  20.179 (  0.608)   4.624 (  0.336)
   60 0 0  23.875 (  0.644)  19.320 (  0.600)   4.555 (  0.333)
   61 0 0  22.954 (  0.623)  18.471 (  0.578)   4.483 (  0.334)
   62 0 0  22.041 (  0.615)  17.634 (  0.570)   4.407 (  0.332)
   63 0 0  21.137 (  0.608)  16.809 (  0.562)   4.328 (  0.330)
   64 0 0  20.242 (  0.600)  15.996 (  0.554)   4.246 (  0.328)
   65 0 0  19.357 (  0.593)  15.198 (  0.546)   4.160 (  0.327)
   66 0 0  18.483 (  0.586)  14.413 (  0.538)   4.070 (  0.325)
   67 0 0  17.621 (  0.578)  13.644 (  0.530)   3.977 (  0.323)
   68 0 0  16.771 (  0.571)  12.891 (  0.522)   3.880 (  0.321)
   69 0 0  15.935 (  0.564)  12.155 (  0.514)   3.781 (  0.320)
   70 0 0  15.114 (  0.557)  11.436 (  0.505)   3.678 (  0.318)
   71 0 0  14.307 (  0.550)  10.736 (  0.497)   3.572 (  0.316)
   72 0 0  13.517 (  0.543)  10.054 (  0.488)   3.463 (  0.314)
   73 0 0  12.744 (  0.537)   9.393 (  0.479)   3.351 (  0.313)
   74 0 0  11.990 (  0.531)   8.753 (  0.470)   3.237 (  0.311)
   75 0 0  11.255 (  0.527)   8.133 (  0.461)   3.121 (  0.309)
   76 0 0  10.540 (  0.523)   7.536 (  0.452)   3.003 (  0.308)
   77 0 0   9.846 (  0.520)   6.962 (  0.443)   2.884 (  0.306)
   78 0 0   9.174 (  0.519)   6.411 (  0.435)   2.764 (  0.305)
   79 0 0   8.526 (  0.519)   5.883 (  0.428)   2.643 (  0.303)
   80 0 0   7.902 (  0.522)   5.380 (  0.422)   2.522 (  0.302)
   81 0 0   7.303 (  0.526)   4.902 (  0.417)   2.401 (  0.301)
   82 0 0   6.730 (  0.538)   4.449 (  0.421)   2.281 (  0.293)
   83 0 0   6.184 (  0.539)   4.021 (  0.410)   2.163 (  0.299)
   84 0 0   5.666 (  0.546)   3.619 (  0.408)   2.047 (  0.298)
   85 0 0   5.177 (  0.554)   3.242 (  0.407)   1.934 (  0.297)
   86 0 0   4.716 (  0.560)   2.891 (  0.407)   1.825 (  0.295)
   87 0 0   4.286 (  0.565)   2.565 (  0.406)   1.720 (  0.293)
   88 0 0   3.885 (  0.566)   2.265 (  0.404)   1.620 (  0.290)
   89 0 0   3.515 (  0.563)   1.989 (  0.401)   1.527 (  0.285)
   90 0 0   3.176 (  0.555)   1.737 (  0.396)   1.439 (  0.280)
