
#****** ******
# CZFgali.txt
#IMaCh version 0.99r45, April 2023,INED-EUROREVES-Institut de longevite-Japan Society for the Promotion of Science (Grant-in-Aid for Scientific Research 25293121), Intel Software 2015-2020, Nihon University 2021-202, INED 2000-2022
#$Revision: 1.353 $ $Date: 2023/05/08 18:48:22 $
# Tue Feb 04 20:24:32 2025
# Variance and covariance of health expectancies e.j 
#  (weighted average of eij where weights are the age specific period (stable) prevalences in each health state 
# Age Cov(e.1, e.1) Cov(e.1, e.2) Cov(e.2, e.1) Cov(e.2, e.2)
50  0.4446 -0.0453 -0.0453 0.1284
51  0.4343 -0.0430 -0.0430 0.1266
52  0.4240 -0.0409 -0.0409 0.1249
53  0.4137 -0.0389 -0.0389 0.1232
54  0.4033 -0.0371 -0.0371 0.1215
55  0.3930 -0.0355 -0.0355 0.1199
56  0.6106 0.0528 0.0528 0.1511
57  0.3726 -0.0327 -0.0327 0.1169
58  0.3626 -0.0315 -0.0315 0.1155
59  0.3693 -0.0293 -0.0293 0.1126
60  0.3606 -0.0282 -0.0282 0.1111
61  0.3338 -0.0288 -0.0288 0.1114
62  0.3246 -0.0282 -0.0282 0.1102
63  0.3155 -0.0276 -0.0276 0.1090
64  0.3067 -0.0271 -0.0271 0.1078
65  0.2980 -0.0265 -0.0265 0.1066
66  0.2894 -0.0260 -0.0260 0.1055
67  0.2809 -0.0255 -0.0255 0.1044
68  0.2724 -0.0248 -0.0248 0.1033
69  0.2639 -0.0241 -0.0241 0.1022
70  0.2553 -0.0232 -0.0232 0.1011
71  0.2466 -0.0221 -0.0221 0.1000
72  0.2380 -0.0208 -0.0208 0.0989
73  0.2293 -0.0193 -0.0193 0.0978
74  0.2206 -0.0174 -0.0174 0.0967
75  0.2122 -0.0153 -0.0153 0.0957
76  0.2040 -0.0127 -0.0127 0.0946
77  0.1963 -0.0098 -0.0098 0.0937
78  0.1893 -0.0064 -0.0064 0.0927
79  0.1830 -0.0026 -0.0026 0.0919
80  0.1778 0.0017 0.0017 0.0911
81  0.1735 0.0063 0.0063 0.0905
82  0.1773 0.0131 0.0131 0.0856
83  0.1682 0.0164 0.0164 0.0893
84  0.1668 0.0215 0.0215 0.0886
85  0.1661 0.0264 0.0264 0.0879
86  0.1654 0.0308 0.0308 0.0870
87  0.1646 0.0343 0.0343 0.0857
88  0.1631 0.0367 0.0367 0.0839
89  0.1606 0.0374 0.0374 0.0815
90  0.1566 0.0363 0.0363 0.0784
