# Powell
# iter -2*LL p12 p13 p21 p23
1 1 1487.029930661078 0 -1.678506100000 0.003547400000 -6.837891900000 0.030168000000 -0.758833200000 -0.038498900000 -10.984972100000 0.105753100000
2 2 1396.108131255022 0 -2.188137419781 0.003491226697 -9.019522153726 0.028029434130 -1.283746072088 -0.038461688408 -11.683966266568 0.105660724244
3 2 1390.745634037766 0 -2.362906712916 0.003491717284 -7.694868369045 0.027918299380 -1.393722292910 -0.038466581722 -11.706681894290 0.105622046582
4 3 1390.547584507326 1 -2.409576708956 0.003478712203 -7.669272588753 0.027864920734 -1.413893307887 -0.038468731075 -11.704786515393 0.105582520793
5 3 1390.546970933359 1 -2.408871298133 0.003467711801 -7.670336092047 0.027823064442 -1.413728649770 -0.038470296402 -11.702002680198 0.105583108273
6 4 1390.514291289531 1 -2.368893064013 0.002848396609 -7.525794555240 0.025285014218 -1.407260837351 -0.038571764097 -11.535326289072 0.103418650529
7 4 1390.514255584986 1 -2.368836652342 0.002848725777 -7.525822498974 0.025327044458 -1.406852642170 -0.038576815570 -11.535406254679 0.103415853125
8 5 1390.513559181520 1 -2.369808541663 0.002851051307 -7.608766944716 0.026766685747 -1.396141323087 -0.038748148830 -11.529204833637 0.103329598587
9 5 1390.513278013279 1 -2.369351840585 0.002849891018 -7.640632631045 0.027140369062 -1.392895989909 -0.038794538554 -11.527224745767 0.103305879570
10 6 1390.513257594016 1 -2.369133968065 0.002850198556 -7.648915171628 0.027243470001 -1.391915758133 -0.038807693350 -11.526696381230 0.103299428830
11 6 1390.513256086834 1 -2.369104954681 0.002850705344 -7.651040314459 0.027269360531 -1.391639935390 -0.038811433015 -11.526541412605 0.103297529936
12 7 1390.513254925796 1 -2.369186580611 0.002853048062 -7.652983694668 0.027291385961 -1.391279342375 -0.038816440839 -11.526332991927 0.103294957117
13 7 1390.513252402680 2 -2.369520336050 0.002858110038 -7.654995439792 0.027315864949 -1.390691845274 -0.038825432747 -11.526005962575 0.103290773641
14 8 1390.513247659459 2 -2.370257047090 0.002869826779 -7.655128236263 0.027315820460 -1.389720106423 -0.038840290935 -11.525550464745 0.103284829269
15 8 1390.513241197207 2 -2.370726250417 0.002876544359 -7.649631216429 0.027236722100 -1.389750581043 -0.038840220234 -11.525667604719 0.103286298652
16 9 1390.513238486891 2 -2.371259214900 0.002884761020 -7.642387233811 0.027126182389 -1.389895095107 -0.038838166723 -11.525861034050 0.103288897066
17 9 1390.513238480648 2 -2.371258071776 0.002884761671 -7.642384918092 0.027126160331 -1.389902305259 -0.038838048894 -11.525860869007 0.103288897659
18 10 1390.513238405240 2 -2.371299182950 0.002885820360 -7.642363840952 0.027125425343 -1.389999918475 -0.038836392590 -11.525830734155 0.103288478673
19 10 1390.513238377998 2 -2.371313212975 0.002886026931 -7.642428571919 0.027126422063 -1.390017185593 -0.038836124835 -11.525826442331 0.103288454701
20 11 1390.513238100930 2 -2.371562754983 0.002889559476 -7.643137668813 0.027137152976 -1.390438791547 -0.038829754904 -11.525691749401 0.103286700386
21 11 1390.513238099530 2 -2.371553609722 0.002889413429 -7.643146416231 0.027137672107 -1.390452352116 -0.038829570518 -11.525701981225 0.103286830276
22 12 1390.513238099469 3 -2.371556491828 0.002889463728 -7.643152448875 0.027137763296 -1.390449116864 -0.038829617945 -11.525699629598 0.103286799609
