# GRFgali.txt
#IMaCh version 0.99r45, April 2023,INED-EUROREVES-Institut de longevite-Japan Society for the Promotion of Science (Grant-in-Aid for Scientific Research 25293121), Intel Software 2015-2020, Nihon University 2021-202, INED 2000-2022
#$Revision: 1.353 $ $Date: 2023/05/08 18:48:22 $
# Tue Feb 04 20:24:32 2025

#****** ******
# (a) Life expectancies by health status at initial age and (b) health expectancies by health status at initial age
# Age e11  e12  e1.  e21  e22  e2. 
 50  32.0322   2.0425  34.0747  25.7598   6.1158  31.8756
 51  31.0418   2.0390  33.0808  24.6805   6.1016  30.7821
 52  30.0530   2.0351  32.0880  23.6073   6.0832  29.6905
 53  29.0660   2.0306  31.0966  22.5413   6.0605  28.6018
 54  28.0813   2.0255  30.1067  21.4839   6.0331  27.5170
 55  27.0990   2.0197  29.1188  20.4365   6.0009  26.4374
 56  26.1198   2.0132  28.1330  19.4006   5.9637  25.3643
 57  25.1439   2.0058  27.1497  18.3778   5.9211  24.2989
 58  24.1718   1.9975  26.1694  17.3698   5.8731  23.2429
 59  23.2043   1.9882  25.1925  16.3783   5.8195  22.1977
 60  22.2419   1.9777  24.2196  15.4052   5.7600  21.1652
 61  21.2854   1.9660  23.2513  14.4523   5.6946  20.1469
 62  20.3355   1.9528  22.2884  13.5215   5.6233  19.1448
 63  19.3933   1.9382  21.3315  12.6147   5.5459  18.1606
 64  18.4596   1.9220  20.3816  11.7338   5.4624  17.1963
 65  17.5357   1.9039  19.4396  10.8806   5.3730  16.2536
 66  16.6227   1.8840  18.5067  10.0569   5.2776  15.3345
 67  15.7220   1.8621  17.5840   9.2644   5.1765  14.4409
 68  14.8349   1.8380  16.6729   8.5046   5.0697  13.5743
 69  13.9630   1.8116  15.7746   7.7789   4.9576  12.7365
 70  13.1080   1.7829  14.8908   7.0886   4.8405  11.9291
 71  12.2714   1.7516  14.0230   6.4347   4.7186  11.1533
 72  11.4551   1.7178  13.1729   5.8180   4.5925  10.4105
 73  10.6608   1.6815  12.3423   5.2391   4.4624   9.7015
 74   9.8905   1.6424  11.5329   4.6982   4.3290   9.0272
 75   9.1458   1.6008  10.7466   4.1955   4.1927   8.3881
 76   8.4286   1.5566   9.9852   3.7305   4.0540   7.7845
 77   7.7406   1.5099   9.2504   3.3029   3.9136   7.2165
 78   7.0833   1.4608   8.5441   2.9117   3.7720   6.6838
 79   6.4583   1.4095   7.8678   2.5560   3.6299   6.1859
 80   5.8668   1.3562   7.2229   2.2343   3.4877   5.7220
 81   5.3097   1.3011   6.6108   1.9452   3.3462   5.2913
 82   4.7878   1.2445   6.0324   1.6868   3.2057   4.8926
 83   4.3017   1.1868   5.4885   1.4574   3.0670   4.5244
 84   3.8513   1.1283   4.9797   1.2549   2.9304   4.1853
 85   3.4366   1.0694   4.5060   1.0772   2.7964   3.8736
 86   3.0570   1.0104   4.0674   0.9222   2.6654   3.5877
 87   2.7116   0.9517   3.6633   0.7878   2.5379   3.3256
 88   2.3992   0.8937   3.2930   0.6718   2.4140   3.0858
 89   2.1185   0.8368   2.9554   0.5723   2.2941   2.8664
 90   1.8678   0.7813   2.6491   0.4873   2.1784   2.6656
