# Powell
# iter -2*LL p12 p13 p21 p23
1 1 1508.141955859480 0 -14.058837500000 0.138335200000 -19.433194200000 0.205858000000 -0.697093200000 -0.012011400000 -8.437614800000 0.084078500000
2 2 1396.933648752009 0 -14.531485783469 0.138427340046 -20.414696638387 0.205801409885 -1.330630829573 -0.011890215667 -9.167648212104 0.084066578186
3 2 1393.675068655232 1 -14.707985487095 0.138415998764 -20.278182907468 0.205761573870 -1.447769910566 -0.011838418774 -9.253230859835 0.084047993559
4 3 1393.573623775494 1 -14.747776459192 0.138395651720 -20.264322411032 0.205722391985 -1.463098898689 -0.011791016192 -9.263810521472 0.084028538774
5 3 1393.568200793173 1 -14.753702285670 0.138341394668 -20.252097387179 0.205622272575 -1.475226412255 -0.011670972255 -9.262969013330 0.083978384391
6 4 1393.561067264193 2 -14.749482267295 0.138207747594 -20.231552876616 0.205403170757 -1.499848632054 -0.011377323994 -9.256990980833 0.083921054331
7 4 1393.538065381872 2 -14.735778191148 0.137909844754 -20.152597831875 0.204506271753 -1.599002769988 -0.010140667716 -9.228568044512 0.083621438402
8 5 1393.479698230556 3 -14.683125754613 0.137323148305 -19.975075179941 0.202378067428 -1.830115583908 -0.007159479176 -9.153851365037 0.082779668410
9 5 1393.456987150211 3 -14.661173100484 0.137279937934 -19.947828117091 0.201977897280 -1.869348426006 -0.006599362364 -9.135427102275 0.082495365851
10 6 1393.456123985528 3 -14.660114612820 0.137258837447 -19.939921617055 0.201869959933 -1.873144709329 -0.006558219716 -9.130812362498 0.082381985926
11 6 1393.454659592903 4 -14.658230011106 0.137215284401 -19.923951334953 0.201678231129 -1.874721307526 -0.006547207495 -9.115481428995 0.082150436166
12 7 1393.448993771909 4 -14.649499224431 0.137058361632 -19.866057024150 0.201008614572 -1.864803055410 -0.006690872933 -9.040402796798 0.081180711497
13 7 1393.440817458714 4 -14.644355811686 0.137009529618 -19.846123084674 0.200784662855 -1.828817227326 -0.007139864627 -8.984050591982 0.080568734304
14 8 1393.434937442602 5 -14.638962750138 0.136988399497 -19.832735952007 0.200589365506 -1.739173110178 -0.008266902431 -8.897425098896 0.079592477641
15 8 1393.434875507880 5 -14.638515743864 0.136976474199 -19.829709918339 0.200557274892 -1.739559603622 -0.008262812313 -8.893910697094 0.079556923764
16 9 1393.434408402798 6 -14.632178181947 0.136909929360 -19.819049730890 0.200416731661 -1.738821084862 -0.008273842587 -8.896225206727 0.079551636841
17 9 1393.433448501610 6 -14.619996159029 0.136760669994 -19.795683275019 0.200135458667 -1.726905335131 -0.008413769475 -8.889364624571 0.079450268550
18 10 1393.431568280849 7 -14.594958412013 0.136430581756 -19.748554255228 0.199590666396 -1.702625477813 -0.008721621510 -8.879293773328 0.079337057895
19 10 1393.430497609221 7 -14.591815240275 0.136370861427 -19.751190952801 0.199636768385 -1.704824365885 -0.008715682703 -8.906391837682 0.079644792934
20 11 1393.427238237534 7 -14.564411298142 0.136027505468 -19.767746262705 0.199819219535 -1.663441088524 -0.009245938500 -9.011537791404 0.080915217243
21 11 1393.426575153771 7 -14.563179179557 0.136016759635 -19.767643688927 0.199814455556 -1.677739983333 -0.009069264267 -9.019591118246 0.081040802185
22 12 1393.426343417051 8 -14.560403054761 0.135990132703 -19.762883668521 0.199752863616 -1.681520858527 -0.009018029737 -9.021379761998 0.081075326080
23 12 1393.426218913090 8 -14.556273538341 0.135949548882 -19.755445789402 0.199658963547 -1.686981712262 -0.008944635395 -9.024615734026 0.081131887855
24 13 1393.426203111656 8 -14.556200263086 0.135949098030 -19.754829883421 0.199651238278 -1.686772342544 -0.008947025576 -9.024711496817 0.081132158565
25 13 1393.425732378148 9 -14.556622290769 0.135965341905 -19.728285295209 0.199330862116 -1.681520389851 -0.009010005161 -9.036777320302 0.081249733236
26 14 1393.425347449434 9 -14.561439284838 0.136024235429 -19.725618833962 0.199298922825 -1.682488634990 -0.008997878363 -9.042106624398 0.081316798093
27 14 1393.423200985497 9 -14.617941486104 0.136720680168 -19.695862204477 0.198935621340 -1.681836607599 -0.009012802736 -9.094106872535 0.081983106983
28 15 1393.423196188068 10 -14.618287269315 0.136723269039 -19.696839059268 0.198949041555 -1.680271779155 -0.009035436665 -9.093083174634 0.081969178645
29 15 1393.423196043251 11 -14.618262952419 0.136723102562 -19.696457454553 0.198944622989 -1.680150769526 -0.009037258122 -9.093257884909 0.081970911186
30 16 1393.423196032698 12 -14.618207451453 0.136722311713 -19.696323657631 0.198943014391 -1.680128035367 -0.009037616109 -9.093260664987 0.081970957189
31 16 1393.423196032383 12 -14.618210519178 0.136722347738 -19.696313485205 0.198942898328 -1.680119669235 -0.009037712509 -9.093265311898 0.081970980277
