# GRFgali.txt
#IMaCh version 0.99r45, April 2023,INED-EUROREVES-Institut de longevite-Japan Society for the Promotion of Science (Grant-in-Aid for Scientific Research 25293121), Intel Software 2015-2020, Nihon University 2021-202, INED 2000-2022
#$Revision: 1.353 $ $Date: 2023/05/08 18:48:22 $
# Tue Feb 04 20:24:32 2025
#One-step probabilities and stand. devi in ()
# Age p1-1 (SE) p1-2 (SE) p1-3 (SE) p2-1 (SE) p2-2 (SE) p2-3 (SE)
50  9.995e-001 ( 2.339e-004)  4.169e-004 ( 2.333e-004)  5.832e-005 ( 4.231e-005)  1.054e-001 ( 5.579e-002)  8.886e-001 ( 5.585e-002)  6.019e-003 ( 6.040e-003) 
51  9.995e-001 ( 2.600e-004)  4.780e-004 ( 2.589e-004)  7.115e-005 ( 5.009e-005)  1.045e-001 ( 5.352e-002)  8.890e-001 ( 5.362e-002)  6.536e-003 ( 6.362e-003) 
52  9.994e-001 ( 2.887e-004)  5.480e-004 ( 2.871e-004)  8.680e-005 ( 5.925e-005)  1.036e-001 ( 5.129e-002)  8.893e-001 ( 5.143e-002)  7.097e-003 ( 6.694e-003) 
53  9.993e-001 ( 3.204e-004)  6.282e-004 ( 3.180e-004)  1.059e-004 ( 7.002e-005)  1.027e-001 ( 4.910e-002)  8.896e-001 ( 4.929e-002)  7.706e-003 ( 7.036e-003) 
54  9.992e-001 ( 3.552e-004)  7.201e-004 ( 3.518e-004)  1.292e-004 ( 8.266e-005)  1.018e-001 ( 4.694e-002)  8.898e-001 ( 4.719e-002)  8.366e-003 ( 7.387e-003) 
55  9.990e-001 ( 3.935e-004)  8.255e-004 ( 3.888e-004)  1.576e-004 ( 9.748e-005)  1.009e-001 ( 4.482e-002)  8.900e-001 ( 4.515e-002)  9.083e-003 ( 7.747e-003) 
56  9.989e-001 ( 4.356e-004)  9.463e-004 ( 4.291e-004)  1.923e-004 ( 1.148e-004)  1.000e-001 ( 4.274e-002)  8.901e-001 ( 4.315e-002)  9.860e-003 ( 8.114e-003) 
57  9.987e-001 ( 4.818e-004)  1.085e-003 ( 4.729e-004)  2.345e-004 ( 1.351e-004)  9.910e-002 ( 4.070e-002)  8.902e-001 ( 4.121e-002)  1.070e-002 ( 8.487e-003) 
58  9.985e-001 ( 5.323e-004)  1.243e-003 ( 5.205e-004)  2.861e-004 ( 1.587e-004)  9.821e-002 ( 3.870e-002)  8.902e-001 ( 3.932e-002)  1.162e-002 ( 8.865e-003) 
59  9.982e-001 ( 5.877e-004)  1.425e-003 ( 5.720e-004)  3.490e-004 ( 1.862e-004)  9.732e-002 ( 3.675e-002)  8.901e-001 ( 3.749e-002)  1.261e-002 ( 9.245e-003) 
60  9.979e-001 ( 6.482e-004)  1.634e-003 ( 6.276e-004)  4.257e-004 ( 2.181e-004)  9.642e-002 ( 3.484e-002)  8.899e-001 ( 3.572e-002)  1.368e-002 ( 9.626e-003) 
61  9.976e-001 ( 7.143e-004)  1.872e-003 ( 6.874e-004)  5.192e-004 ( 2.551e-004)  9.552e-002 ( 3.297e-002)  8.896e-001 ( 3.401e-002)  1.485e-002 ( 1.001e-002) 
62  9.972e-001 ( 7.863e-004)  2.146e-003 ( 7.516e-004)  6.333e-004 ( 2.978e-004)  9.463e-002 ( 3.116e-002)  8.893e-001 ( 3.238e-002)  1.611e-002 ( 1.038e-002) 
63  9.968e-001 ( 8.648e-004)  2.459e-003 ( 8.202e-004)  7.723e-004 ( 3.471e-004)  9.373e-002 ( 2.940e-002)  8.888e-001 ( 3.081e-002)  1.748e-002 ( 1.075e-002) 
64  9.962e-001 ( 9.503e-004)  2.818e-003 ( 8.934e-004)  9.418e-004 ( 4.036e-004)  9.282e-002 ( 2.769e-002)  8.882e-001 ( 2.933e-002)  1.896e-002 ( 1.110e-002) 
65  9.956e-001 ( 1.043e-003)  3.229e-003 ( 9.710e-004)  1.148e-003 ( 4.683e-004)  9.192e-002 ( 2.605e-002)  8.875e-001 ( 2.792e-002)  2.056e-002 ( 1.145e-002) 
66  9.949e-001 ( 1.144e-003)  3.699e-003 ( 1.053e-003)  1.400e-003 ( 5.421e-004)  9.100e-002 ( 2.447e-002)  8.867e-001 ( 2.660e-002)  2.229e-002 ( 1.177e-002) 
67  9.941e-001 ( 1.254e-003)  4.238e-003 ( 1.140e-003)  1.707e-003 ( 6.259e-004)  9.009e-002 ( 2.297e-002)  8.857e-001 ( 2.537e-002)  2.417e-002 ( 1.207e-002) 
68  9.931e-001 ( 1.373e-003)  4.854e-003 ( 1.231e-003)  2.080e-003 ( 7.207e-004)  8.916e-002 ( 2.154e-002)  8.846e-001 ( 2.423e-002)  2.620e-002 ( 1.234e-002) 
69  9.919e-001 ( 1.502e-003)  5.558e-003 ( 1.327e-003)  2.535e-003 ( 8.273e-004)  8.824e-002 ( 2.021e-002)  8.834e-001 ( 2.319e-002)  2.840e-002 ( 1.258e-002) 
70  9.905e-001 ( 1.642e-003)  6.364e-003 ( 1.428e-003)  3.089e-003 ( 9.466e-004)  8.730e-002 ( 1.897e-002)  8.819e-001 ( 2.224e-002)  3.078e-002 ( 1.278e-002) 
71  9.890e-001 ( 1.794e-003)  7.284e-003 ( 1.535e-003)  3.763e-003 ( 1.079e-003)  8.635e-002 ( 1.784e-002)  8.803e-001 ( 2.139e-002)  3.335e-002 ( 1.294e-002) 
72  9.871e-001 ( 1.960e-003)  8.336e-003 ( 1.648e-003)  4.583e-003 ( 1.226e-003)  8.540e-002 ( 1.684e-002)  8.785e-001 ( 2.064e-002)  3.612e-002 ( 1.306e-002) 
73  9.849e-001 ( 2.142e-003)  9.536e-003 ( 1.771e-003)  5.579e-003 ( 1.388e-003)  8.444e-002 ( 1.597e-002)  8.764e-001 ( 1.998e-002)  3.911e-002 ( 1.313e-002) 
74  9.823e-001 ( 2.342e-003)  1.090e-002 ( 1.906e-003)  6.789e-003 ( 1.565e-003)  8.346e-002 ( 1.526e-002)  8.742e-001 ( 1.943e-002)  4.235e-002 ( 1.316e-002) 
75  9.793e-001 ( 2.564e-003)  1.246e-002 ( 2.059e-003)  8.258e-003 ( 1.759e-003)  8.247e-002 ( 1.470e-002)  8.717e-001 ( 1.897e-002)  4.583e-002 ( 1.314e-002) 
76  9.757e-001 ( 2.815e-003)  1.424e-002 ( 2.239e-003)  1.004e-002 ( 1.970e-003)  8.147e-002 ( 1.431e-002)  8.689e-001 ( 1.861e-002)  4.959e-002 ( 1.310e-002) 
77  9.715e-001 ( 3.103e-003)  1.625e-002 ( 2.455e-003)  1.220e-002 ( 2.203e-003)  8.046e-002 ( 1.408e-002)  8.659e-001 ( 1.836e-002)  5.364e-002 ( 1.304e-002) 
78  9.667e-001 ( 3.442e-003)  1.854e-002 ( 2.722e-003)  1.481e-002 ( 2.464e-003)  7.943e-002 ( 1.403e-002)  8.626e-001 ( 1.823e-002)  5.800e-002 ( 1.299e-002) 
79  9.609e-001 ( 3.849e-003)  2.113e-002 ( 3.059e-003)  1.796e-002 ( 2.766e-003)  7.838e-002 ( 1.412e-002)  8.589e-001 ( 1.823e-002)  6.269e-002 ( 1.300e-002) 
80  9.542e-001 ( 4.350e-003)  2.406e-002 ( 3.486e-003)  2.176e-002 ( 3.129e-003)  7.732e-002 ( 1.436e-002)  8.550e-001 ( 1.839e-002)  6.773e-002 ( 1.313e-002) 
81  9.463e-001 ( 4.980e-003)  2.735e-002 ( 4.027e-003)  2.633e-002 ( 3.587e-003)  7.623e-002 ( 1.473e-002)  8.506e-001 ( 1.873e-002)  7.314e-002 ( 1.345e-002) 
82  9.371e-001 ( 5.782e-003)  3.106e-002 ( 4.707e-003)  3.181e-002 ( 4.191e-003)  7.513e-002 ( 1.519e-002)  8.459e-001 ( 1.931e-002)  7.895e-002 ( 1.405e-002) 
83  9.264e-001 ( 6.810e-003)  3.520e-002 ( 5.551e-003)  3.837e-002 ( 5.008e-003)  7.400e-002 ( 1.574e-002)  8.408e-001 ( 2.016e-002)  8.517e-002 ( 1.502e-002) 
84  9.140e-001 ( 8.123e-003)  3.982e-002 ( 6.584e-003)  4.619e-002 ( 6.118e-003)  7.286e-002 ( 1.635e-002)  8.353e-001 ( 2.134e-002)  9.184e-002 ( 1.643e-002) 
85  8.996e-001 ( 9.787e-003)  4.493e-002 ( 7.833e-003)  5.547e-002 ( 7.615e-003)  7.169e-002 ( 1.701e-002)  8.293e-001 ( 2.290e-002)  9.898e-002 ( 1.834e-002) 
86  8.830e-001 ( 1.187e-002)  5.056e-002 ( 9.322e-003)  6.643e-002 ( 9.598e-003)  7.049e-002 ( 1.771e-002)  8.229e-001 ( 2.487e-002)  1.066e-001 ( 2.079e-002) 
87  8.640e-001 ( 1.444e-002)  5.672e-002 ( 1.108e-002)  7.930e-002 ( 1.217e-002)  6.927e-002 ( 1.842e-002)  8.160e-001 ( 2.730e-002)  1.147e-001 ( 2.379e-002) 
88  8.423e-001 ( 1.755e-002)  6.340e-002 ( 1.311e-002)  9.433e-002 ( 1.542e-002)  6.802e-002 ( 1.914e-002)  8.086e-001 ( 3.022e-002)  1.234e-001 ( 2.734e-002) 
89  8.177e-001 ( 2.125e-002)  7.057e-002 ( 1.545e-002)  1.117e-001 ( 1.945e-002)  6.675e-002 ( 1.987e-002)  8.006e-001 ( 3.365e-002)  1.326e-001 ( 3.146e-002) 
90  7.901e-001 ( 2.555e-002)  7.818e-002 ( 1.811e-002)  1.317e-001 ( 2.434e-002)  6.544e-002 ( 2.058e-002)  7.921e-001 ( 3.760e-002)  1.424e-001 ( 3.613e-002) 