# GRFgali.txt
#IMaCh version 0.99r45, April 2023,INED-EUROREVES-Institut de longevite-Japan Society for the Promotion of Science (Grant-in-Aid for Scientific Research 25293121), Intel Software 2015-2020, Nihon University 2021-202, INED 2000-2022
#$Revision: 1.353 $ $Date: 2023/05/08 18:48:22 $
# Tue Feb 04 20:24:32 2025
#One-step probabilities and correlation matrix
# Age p1-1  p1-2  p1-3  p2-1  p2-2  p2-3 
50  9.995e-001  4.169e-004  5.832e-005  1.054e-001  8.886e-001  6.019e-003 
50 1-1  1.000e+000
50 1-2 -9.836e-001  1.000e+000
50 1-3 -1.058e-001 -7.525e-002  1.000e+000
50 2-1 -1.342e-001  1.296e-001  2.787e-002  1.000e+000
50 2-2  1.427e-001 -1.416e-001 -8.445e-003 -9.941e-001  1.000e+000
50 2-3 -7.935e-002  1.121e-001 -1.794e-001 -4.467e-002 -6.353e-002  1.000e+000
51  9.995e-001  4.780e-004  7.115e-005  1.045e-001  8.890e-001  6.536e-003 
51 1-1  1.000e+000
51 1-2 -9.814e-001  1.000e+000
51 1-3 -1.176e-001 -7.539e-002  1.000e+000
51 2-1 -1.339e-001  1.292e-001  2.740e-002  1.000e+000
51 2-2  1.428e-001 -1.422e-001 -6.134e-003 -9.929e-001  1.000e+000
51 2-3 -7.687e-002  1.118e-001 -1.788e-001 -4.443e-002 -7.430e-002  1.000e+000
52  9.994e-001  5.480e-004  8.680e-005  1.036e-001  8.893e-001  7.097e-003 
52 1-1  1.000e+000
52 1-2 -9.788e-001  1.000e+000
52 1-3 -1.301e-001 -7.555e-002  1.000e+000
52 2-1 -1.335e-001  1.287e-001  2.690e-002  1.000e+000
52 2-2  1.428e-001 -1.429e-001 -3.629e-003 -9.915e-001  1.000e+000
52 2-3 -7.423e-002  1.114e-001 -1.783e-001 -4.425e-002 -8.602e-002  1.000e+000
53  9.993e-001  6.282e-004  1.059e-004  1.027e-001  8.896e-001  7.706e-003 
53 1-1  1.000e+000
53 1-2 -9.760e-001  1.000e+000
53 1-3 -1.434e-001 -7.573e-002  1.000e+000
53 2-1 -1.331e-001  1.283e-001  2.638e-002  1.000e+000
53 2-2  1.428e-001 -1.437e-001 -9.149e-004 -9.898e-001  1.000e+000
53 2-3 -7.142e-002  1.111e-001 -1.777e-001 -4.413e-002 -9.879e-002  1.000e+000
54  9.992e-001  7.201e-004  1.292e-004  1.018e-001  8.898e-001  8.366e-003 
54 1-1  1.000e+000
54 1-2 -9.727e-001  1.000e+000
54 1-3 -1.575e-001 -7.593e-002  1.000e+000
54 2-1 -1.326e-001  1.279e-001  2.583e-002  1.000e+000
54 2-2  1.426e-001 -1.445e-001  2.025e-003 -9.877e-001  1.000e+000
54 2-3 -6.844e-002  1.107e-001 -1.771e-001 -4.408e-002 -1.127e-001  1.000e+000
55  9.990e-001  8.255e-004  1.576e-004  1.009e-001  8.900e-001  9.083e-003 
55 1-1  1.000e+000
55 1-2 -9.690e-001  1.000e+000
55 1-3 -1.725e-001 -7.616e-002  1.000e+000
55 2-1 -1.321e-001  1.274e-001  2.525e-002  1.000e+000
55 2-2  1.424e-001 -1.454e-001  5.206e-003 -9.852e-001  1.000e+000
55 2-3 -6.527e-002  1.103e-001 -1.764e-001 -4.409e-002 -1.278e-001  1.000e+000
56  9.989e-001  9.463e-004  1.923e-004  1.000e-001  8.901e-001  9.860e-003 
56 1-1  1.000e+000
56 1-2 -9.648e-001  1.000e+000
56 1-3 -1.883e-001 -7.641e-002  1.000e+000
56 2-1 -1.315e-001  1.269e-001  2.463e-002  1.000e+000
56 2-2  1.419e-001 -1.464e-001  8.646e-003 -9.822e-001  1.000e+000
56 2-3 -6.191e-002  1.099e-001 -1.757e-001 -4.419e-002 -1.443e-001  1.000e+000
57  9.987e-001  1.085e-003  2.345e-004  9.910e-002  8.902e-001  1.070e-002 
57 1-1  1.000e+000
57 1-2 -9.601e-001  1.000e+000
57 1-3 -2.051e-001 -7.671e-002  1.000e+000
57 2-1 -1.308e-001  1.264e-001  2.398e-002  1.000e+000
57 2-2  1.412e-001 -1.474e-001  1.236e-002 -9.786e-001  1.000e+000
57 2-3 -5.836e-002  1.094e-001 -1.750e-001 -4.438e-002 -1.621e-001  1.000e+000
58  9.985e-001  1.243e-003  2.861e-004  9.821e-002  8.902e-001  1.162e-002 
58 1-1  1.000e+000
58 1-2 -9.548e-001  1.000e+000
58 1-3 -2.228e-001 -7.704e-002  1.000e+000
58 2-1 -1.301e-001  1.259e-001  2.328e-002  1.000e+000
58 2-2  1.404e-001 -1.485e-001  1.636e-002 -9.743e-001  1.000e+000
58 2-3 -5.460e-002  1.090e-001 -1.742e-001 -4.466e-002 -1.815e-001  1.000e+000
59  9.982e-001  1.425e-003  3.490e-004  9.732e-002  8.901e-001  1.261e-002 
59 1-1  1.000e+000
59 1-2 -9.488e-001  1.000e+000
59 1-3 -2.415e-001 -7.743e-002  1.000e+000
59 2-1 -1.292e-001  1.254e-001  2.255e-002  1.000e+000
59 2-2  1.392e-001 -1.497e-001  2.066e-002 -9.692e-001  1.000e+000
59 2-3 -5.063e-002  1.085e-001 -1.734e-001 -4.504e-002 -2.025e-001  1.000e+000
60  9.979e-001  1.634e-003  4.257e-004  9.642e-002  8.899e-001  1.368e-002 
60 1-1  1.000e+000
60 1-2 -9.420e-001  1.000e+000
60 1-3 -2.611e-001 -7.787e-002  1.000e+000
60 2-1 -1.283e-001  1.249e-001  2.176e-002  1.000e+000
60 2-2  1.377e-001 -1.510e-001  2.527e-002 -9.631e-001  1.000e+000
60 2-3 -4.646e-002  1.079e-001 -1.725e-001 -4.554e-002 -2.251e-001  1.000e+000
61  9.976e-001  1.872e-003  5.192e-004  9.552e-002  8.896e-001  1.485e-002 
61 1-1  1.000e+000
61 1-2 -9.345e-001  1.000e+000
61 1-3 -2.817e-001 -7.837e-002  1.000e+000
61 2-1 -1.273e-001  1.245e-001  2.093e-002  1.000e+000
61 2-2  1.358e-001 -1.523e-001  3.019e-002 -9.558e-001  1.000e+000
61 2-3 -4.208e-002  1.074e-001 -1.716e-001 -4.616e-002 -2.494e-001  1.000e+000
62  9.972e-001  2.146e-003  6.333e-004  9.463e-002  8.893e-001  1.611e-002 
62 1-1  1.000e+000
62 1-2 -9.260e-001  1.000e+000
62 1-3 -3.033e-001 -7.896e-002  1.000e+000
62 2-1 -1.261e-001  1.240e-001  2.004e-002  1.000e+000
62 2-2  1.334e-001 -1.536e-001  3.541e-002 -9.473e-001  1.000e+000
62 2-3 -3.750e-002  1.068e-001 -1.706e-001 -4.692e-002 -2.755e-001  1.000e+000
63  9.968e-001  2.459e-003  7.723e-004  9.373e-002  8.888e-001  1.748e-002 
63 1-1  1.000e+000
63 1-2 -9.165e-001  1.000e+000
63 1-3 -3.258e-001 -7.963e-002  1.000e+000
63 2-1 -1.249e-001  1.236e-001  1.910e-002  1.000e+000
63 2-2  1.306e-001 -1.550e-001  4.092e-002 -9.373e-001  1.000e+000
63 2-3 -3.274e-002  1.063e-001 -1.696e-001 -4.782e-002 -3.032e-001  1.000e+000
64  9.962e-001  2.818e-003  9.418e-004  9.282e-002  8.882e-001  1.896e-002 
64 1-1  1.000e+000
64 1-2 -9.060e-001  1.000e+000
64 1-3 -3.491e-001 -8.042e-002  1.000e+000
64 2-1 -1.236e-001  1.233e-001  1.811e-002  1.000e+000
64 2-2  1.272e-001 -1.564e-001  4.669e-002 -9.257e-001  1.000e+000
64 2-3 -2.781e-002  1.057e-001 -1.685e-001 -4.888e-002 -3.325e-001  1.000e+000
65  9.956e-001  3.229e-003  1.148e-003  9.192e-002  8.875e-001  2.056e-002 
65 1-1  1.000e+000
65 1-2 -8.943e-001  1.000e+000
65 1-3 -3.732e-001 -8.133e-002  1.000e+000
65 2-1 -1.222e-001  1.231e-001  1.706e-002  1.000e+000
65 2-2  1.233e-001 -1.579e-001  5.266e-002 -9.124e-001  1.000e+000
65 2-3 -2.273e-002  1.051e-001 -1.673e-001 -5.011e-002 -3.632e-001  1.000e+000
66  9.949e-001  3.699e-003  1.400e-003  9.100e-002  8.867e-001  2.229e-002 
66 1-1  1.000e+000
66 1-2 -8.815e-001  1.000e+000
66 1-3 -3.980e-001 -8.239e-002  1.000e+000
66 2-1 -1.208e-001  1.230e-001  1.597e-002  1.000e+000
66 2-2  1.189e-001 -1.594e-001  5.876e-002 -8.971e-001  1.000e+000
66 2-3 -1.755e-002  1.045e-001 -1.661e-001 -5.152e-002 -3.950e-001  1.000e+000
67  9.941e-001  4.238e-003  1.707e-003  9.009e-002  8.857e-001  2.417e-002 
67 1-1  1.000e+000
67 1-2 -8.674e-001  1.000e+000
67 1-3 -4.233e-001 -8.362e-002  1.000e+000
67 2-1 -1.193e-001  1.231e-001  1.485e-002  1.000e+000
67 2-2  1.139e-001 -1.609e-001  6.492e-002 -8.800e-001  1.000e+000
67 2-3 -1.232e-002  1.040e-001 -1.647e-001 -5.313e-002 -4.276e-001  1.000e+000
68  9.931e-001  4.854e-003  2.080e-003  8.916e-002  8.846e-001  2.620e-002 
68 1-1  1.000e+000
68 1-2 -8.522e-001  1.000e+000
68 1-3 -4.488e-001 -8.506e-002  1.000e+000
68 2-1 -1.180e-001  1.235e-001  1.372e-002  1.000e+000
68 2-2  1.085e-001 -1.625e-001  7.100e-002 -8.611e-001  1.000e+000
68 2-3 -7.101e-003  1.036e-001 -1.634e-001 -5.496e-002 -4.604e-001  1.000e+000
69  9.919e-001  5.558e-003  2.535e-003  8.824e-002  8.834e-001  2.840e-002 
69 1-1  1.000e+000
69 1-2 -8.359e-001  1.000e+000
69 1-3 -4.743e-001 -8.675e-002  1.000e+000
69 2-1 -1.168e-001  1.243e-001  1.262e-002  1.000e+000
69 2-2  1.028e-001 -1.643e-001  7.686e-002 -8.406e-001  1.000e+000
69 2-3 -1.984e-003  1.032e-001 -1.619e-001 -5.700e-002 -4.929e-001  1.000e+000
70  9.905e-001  6.364e-003  3.089e-003  8.730e-002  8.819e-001  3.078e-002 
70 1-1  1.000e+000
70 1-2 -8.186e-001  1.000e+000
70 1-3 -4.994e-001 -8.873e-002  1.000e+000
70 2-1 -1.159e-001  1.255e-001  1.161e-002  1.000e+000
70 2-2  9.717e-002 -1.663e-001  8.234e-002 -8.190e-001  1.000e+000
70 2-3  2.925e-003  1.030e-001 -1.605e-001 -5.927e-002 -5.242e-001  1.000e+000
71  9.890e-001  7.284e-003  3.763e-003  8.635e-002  8.803e-001  3.335e-002 
71 1-1  1.000e+000
71 1-2 -8.006e-001  1.000e+000
71 1-3 -5.238e-001 -9.104e-002  1.000e+000
71 2-1 -1.154e-001  1.274e-001  1.078e-002  1.000e+000
71 2-2  9.179e-002 -1.687e-001  8.725e-002 -7.970e-001  1.000e+000
71 2-3  7.490e-003  1.031e-001 -1.590e-001 -6.179e-002 -5.536e-001  1.000e+000
72  9.871e-001  8.336e-003  4.583e-003  8.540e-002  8.785e-001  3.612e-002 
72 1-1  1.000e+000
72 1-2 -7.823e-001  1.000e+000
72 1-3 -5.469e-001 -9.374e-002  1.000e+000
72 2-1 -1.157e-001  1.300e-001  1.025e-002  1.000e+000
72 2-2  8.714e-002 -1.716e-001  9.142e-002 -7.753e-001  1.000e+000
72 2-3  1.155e-002  1.036e-001 -1.577e-001 -6.457e-002 -5.802e-001  1.000e+000
73  9.849e-001  9.536e-003  5.579e-003  8.444e-002  8.764e-001  3.911e-002 
73 1-1  1.000e+000
73 1-2 -7.641e-001  1.000e+000
73 1-3 -5.680e-001 -9.690e-002  1.000e+000
73 2-1 -1.170e-001  1.335e-001  1.020e-002  1.000e+000
73 2-2  8.373e-002 -1.754e-001  9.466e-002 -7.550e-001  1.000e+000
73 2-3  1.492e-002  1.046e-001 -1.564e-001 -6.764e-002 -6.031e-001  1.000e+000
74  9.823e-001  1.090e-002  6.789e-003  8.346e-002  8.742e-001  4.235e-002 
74 1-1  1.000e+000
74 1-2 -7.468e-001  1.000e+000
74 1-3 -5.865e-001 -1.006e-001  1.000e+000
74 2-1 -1.196e-001  1.380e-001  1.083e-002  1.000e+000
74 2-2  8.212e-002 -1.804e-001  9.684e-002 -7.372e-001  1.000e+000
74 2-3  1.739e-002  1.063e-001 -1.555e-001 -7.105e-002 -6.216e-001  1.000e+000
75  9.793e-001  1.246e-002  8.258e-003  8.247e-002  8.717e-001  4.583e-002 
75 1-1  1.000e+000
75 1-2 -7.313e-001  1.000e+000
75 1-3 -6.016e-001 -1.048e-001  1.000e+000
75 2-1 -1.237e-001  1.434e-001  1.243e-002  1.000e+000
75 2-2  8.287e-002 -1.868e-001  9.788e-002 -7.229e-001  1.000e+000
75 2-3  1.875e-002  1.092e-001 -1.552e-001 -7.490e-002 -6.348e-001  1.000e+000
76  9.757e-001  1.424e-002  1.004e-002  8.147e-002  8.689e-001  4.959e-002 
76 1-1  1.000e+000
76 1-2 -7.184e-001  1.000e+000
76 1-3 -6.126e-001 -1.098e-001  1.000e+000
76 2-1 -1.297e-001  1.497e-001  1.528e-002  1.000e+000
76 2-2  8.647e-002 -1.948e-001  9.783e-002 -7.128e-001  1.000e+000
76 2-3  1.881e-002  1.134e-001 -1.557e-001 -7.934e-002 -6.426e-001  1.000e+000
77  9.715e-001  1.625e-002  1.220e-002  8.046e-002  8.659e-001  5.364e-002 
77 1-1  1.000e+000
77 1-2 -7.090e-001  1.000e+000
77 1-3 -6.186e-001 -1.155e-001  1.000e+000
77 2-1 -1.377e-001  1.564e-001  1.967e-002  1.000e+000
77 2-2  9.314e-002 -2.047e-001  9.687e-002 -7.069e-001  1.000e+000
77 2-3  1.751e-002  1.194e-001 -1.577e-001 -8.460e-002 -6.450e-001  1.000e+000
78  9.667e-001  1.854e-002  1.481e-002  7.943e-002  8.626e-001  5.800e-002 
78 1-1  1.000e+000
78 1-2 -7.035e-001  1.000e+000
78 1-3 -6.195e-001 -1.221e-001  1.000e+000
78 2-1 -1.474e-001  1.629e-001  2.584e-002  1.000e+000
78 2-2  1.027e-001 -2.162e-001  9.541e-002 -7.046e-001  1.000e+000
78 2-3  1.499e-002  1.275e-001 -1.618e-001 -9.094e-002 -6.426e-001  1.000e+000
79  9.609e-001  2.113e-002  1.796e-002  7.838e-002  8.589e-001  6.269e-002 
79 1-1  1.000e+000
79 1-2 -7.016e-001  1.000e+000
79 1-3 -6.156e-001 -1.297e-001  1.000e+000
79 2-1 -1.585e-001  1.687e-001  3.386e-002  1.000e+000
79 2-2  1.144e-001 -2.291e-001  9.414e-002 -7.045e-001  1.000e+000
79 2-3  1.170e-002  1.379e-001 -1.688e-001 -9.863e-002 -6.368e-001  1.000e+000
80  9.542e-001  2.406e-002  2.176e-002  7.732e-002  8.550e-001  6.773e-002 
80 1-1  1.000e+000
80 1-2 -7.018e-001  1.000e+000
80 1-3 -6.083e-001 -1.385e-001  1.000e+000
80 2-1 -1.701e-001  1.732e-001  4.359e-002  1.000e+000
80 2-2  1.268e-001 -2.426e-001  9.402e-002 -7.043e-001  1.000e+000
80 2-3  8.594e-003  1.503e-001 -1.794e-001 -1.078e-001 -6.299e-001  1.000e+000
81  9.463e-001  2.735e-002  2.633e-002  7.623e-002  8.506e-001  7.314e-002 
81 1-1  1.000e+000
81 1-2 -7.018e-001  1.000e+000
81 1-3 -6.004e-001 -1.484e-001  1.000e+000
81 2-1 -1.814e-001  1.758e-001  5.451e-002  1.000e+000
81 2-2  1.376e-001 -2.558e-001  9.618e-002 -7.012e-001  1.000e+000
81 2-3  7.011e-003  1.638e-001 -1.936e-001 -1.183e-001 -6.250e-001  1.000e+000
82  9.371e-001  3.106e-002  3.181e-002  7.513e-002  8.459e-001  7.895e-002 
82 1-1  1.000e+000
82 1-2 -6.985e-001  1.000e+000
82 1-3 -5.952e-001 -1.593e-001  1.000e+000
82 2-1 -1.913e-001  1.765e-001  6.573e-002  1.000e+000
82 2-2  1.444e-001 -2.679e-001  1.016e-001 -6.924e-001  1.000e+000
82 2-3  8.409e-003  1.773e-001 -2.107e-001 -1.296e-001 -6.256e-001  1.000e+000
83  9.264e-001  3.520e-002  3.837e-002  7.400e-002  8.408e-001  8.517e-002 
83 1-1  1.000e+000
83 1-2 -6.893e-001  1.000e+000
83 1-3 -5.959e-001 -1.711e-001  1.000e+000
83 2-1 -1.990e-001  1.755e-001  7.619e-002  1.000e+000
83 2-2  1.451e-001 -2.779e-001  1.108e-001 -6.755e-001  1.000e+000
83 2-3  1.380e-002  1.893e-001 -2.285e-001 -1.412e-001 -6.346e-001  1.000e+000
84  9.140e-001  3.982e-002  4.619e-002  7.286e-002  8.353e-001  9.184e-002 
84 1-1  1.000e+000
84 1-2 -6.722e-001  1.000e+000
84 1-3 -6.043e-001 -1.838e-001  1.000e+000
84 2-1 -2.041e-001  1.728e-001  8.495e-002  1.000e+000
84 2-2  1.385e-001 -2.853e-001  1.232e-001 -6.489e-001  1.000e+000
84 2-3  2.326e-002  1.986e-001 -2.446e-001 -1.524e-001 -6.531e-001  1.000e+000
85  8.996e-001  4.493e-002  5.547e-002  7.169e-002  8.293e-001  9.898e-002 
85 1-1  1.000e+000
85 1-2 -6.467e-001  1.000e+000
85 1-3 -6.200e-001 -1.975e-001  1.000e+000
85 2-1 -2.065e-001  1.690e-001  9.157e-002  1.000e+000
85 2-2  1.246e-001 -2.898e-001  1.379e-001 -6.125e-001  1.000e+000
85 2-3  3.593e-002  2.050e-001 -2.571e-001 -1.629e-001 -6.801e-001  1.000e+000
86  8.830e-001  5.056e-002  6.643e-002  7.049e-002  8.229e-001  1.066e-001 
86 1-1  1.000e+000
86 1-2 -6.132e-001  1.000e+000
86 1-3 -6.413e-001 -2.129e-001  1.000e+000
86 2-1 -2.066e-001  1.641e-001  9.610e-002  1.000e+000
86 2-2  1.049e-001 -2.915e-001  1.534e-001 -5.675e-001  1.000e+000
86 2-3  5.047e-002  2.089e-001 -2.653e-001 -1.727e-001 -7.130e-001  1.000e+000
87  8.640e-001  5.672e-002  7.930e-002  6.927e-002  8.160e-001  1.147e-001 
87 1-1  1.000e+000
87 1-2 -5.727e-001  1.000e+000
87 1-3 -6.656e-001 -2.306e-001  1.000e+000
87 2-1 -2.049e-001  1.585e-001  9.892e-002  1.000e+000
87 2-2  8.111e-002 -2.908e-001  1.685e-001 -5.158e-001  1.000e+000
87 2-3  6.555e-002  2.111e-001 -2.700e-001 -1.823e-001 -7.483e-001  1.000e+000
88  8.423e-001  6.340e-002  9.433e-002  6.802e-002  8.086e-001  1.234e-001 
88 1-1  1.000e+000
88 1-2 -5.263e-001  1.000e+000
88 1-3 -6.908e-001 -2.513e-001  1.000e+000
88 2-1 -2.020e-001  1.522e-001  1.005e-001  1.000e+000
88 2-2  5.536e-002 -2.885e-001  1.823e-001 -4.598e-001  1.000e+000
88 2-3  8.020e-002  2.124e-001 -2.719e-001 -1.919e-001 -7.833e-001  1.000e+000
89  8.177e-001  7.057e-002  1.117e-001  6.675e-002  8.006e-001  1.326e-001 
89 1-1  1.000e+000
89 1-2 -4.751e-001  1.000e+000
89 1-3 -7.150e-001 -2.754e-001  1.000e+000
89 2-1 -1.983e-001  1.452e-001  1.013e-001  1.000e+000
89 2-2  2.932e-002 -2.852e-001  1.946e-001 -4.018e-001  1.000e+000
89 2-3  9.386e-002  2.134e-001 -2.721e-001 -2.017e-001 -8.159e-001  1.000e+000
90  7.901e-001  7.818e-002  1.317e-001  6.544e-002  7.921e-001  1.424e-001 
90 1-1  1.000e+000
90 1-2 -4.198e-001  1.000e+000
90 1-3 -7.374e-001 -3.035e-001  1.000e+000
90 2-1 -1.943e-001  1.376e-001  1.016e-001  1.000e+000
90 2-2  4.233e-003 -2.816e-001  2.051e-001 -3.434e-001  1.000e+000
90 2-3  1.063e-001  2.146e-001 -2.712e-001 -2.122e-001 -8.449e-001  1.000e+000