
#****** ******
# GRFgali.txt
#IMaCh version 0.99r45, April 2023,INED-EUROREVES-Institut de longevite-Japan Society for the Promotion of Science (Grant-in-Aid for Scientific Research 25293121), Intel Software 2015-2020, Nihon University 2021-202, INED 2000-2022
#$Revision: 1.353 $ $Date: 2023/05/08 18:48:22 $
# Tue Feb 04 20:24:32 2025
# Variance and covariance of health expectancies e.j 
#  (weighted average of eij where weights are the age specific period (stable) prevalences in each health state 
# Age Cov(e.1, e.1) Cov(e.1, e.2) Cov(e.2, e.1) Cov(e.2, e.2)
50  0.4185 -0.0363 -0.0363 0.0909
51  0.4154 -0.0359 -0.0359 0.0905
52  0.4120 -0.0355 -0.0355 0.0901
53  0.4081 -0.0350 -0.0350 0.0896
54  0.4037 -0.0345 -0.0345 0.0891
55  0.3990 -0.0340 -0.0340 0.0885
56  0.3931 -0.0334 -0.0334 0.0879
57  0.3869 -0.0328 -0.0328 0.0872
58  0.3803 -0.0322 -0.0322 0.0864
59  0.3722 -0.0315 -0.0315 0.0857
60  0.3637 -0.0308 -0.0308 0.0848
61  0.3544 -0.0300 -0.0300 0.0839
62  0.3442 -0.0293 -0.0293 0.0829
63  0.3332 -0.0285 -0.0285 0.0818
64  0.3214 -0.0277 -0.0277 0.0806
65  0.3088 -0.0269 -0.0269 0.0794
66  0.2955 -0.0262 -0.0262 0.0782
67  0.2815 -0.0254 -0.0254 0.0769
68  0.2671 -0.0247 -0.0247 0.0756
69  0.2523 -0.0240 -0.0240 0.0743
70  0.2374 -0.0233 -0.0233 0.0730
71  0.2225 -0.0227 -0.0227 0.0717
72  0.2078 -0.0221 -0.0221 0.0705
73  0.1935 -0.0215 -0.0215 0.0693
74  0.1800 -0.0209 -0.0209 0.0684
75  0.1670 -0.0206 -0.0206 0.0675
76  0.1551 -0.0201 -0.0201 0.0669
77  0.1441 -0.0197 -0.0197 0.0665
78  0.1342 -0.0193 -0.0193 0.0665
79  0.1252 -0.0189 -0.0189 0.0668
80  0.1169 -0.0186 -0.0186 0.0680
81  0.1097 -0.0183 -0.0183 0.0688
82  0.1030 -0.0181 -0.0181 0.0707
83  0.0967 -0.0181 -0.0181 0.0733
84  0.0918 -0.0173 -0.0173 0.0748
85  0.0848 -0.0189 -0.0189 0.0811
86  0.0791 -0.0198 -0.0198 0.0866
87  0.0734 -0.0211 -0.0211 0.0936
88  0.0678 -0.0228 -0.0228 0.1022
89  0.0623 -0.0249 -0.0249 0.1129
90  0.0569 -0.0274 -0.0274 0.1260
