# GRMadl.txt
#IMaCh version 0.99r45, April 2023,INED-EUROREVES-Institut de longevite-Japan Society for the Promotion of Science (Grant-in-Aid for Scientific Research 25293121), Intel Software 2015-2020, Nihon University 2021-202, INED 2000-2022
#$Revision: 1.353 $ $Date: 2023/05/08 18:48:22 $
# Tue Feb 04 22:03:38 2025

#****** ******
# (a) Life expectancies by health status at initial age and (b) health expectancies by health status at initial age
# Age e11  e12  e1.  e21  e22  e2. 
 50  27.9367   1.2428  29.1796  17.1738   3.1691  20.3429
 51  27.0259   1.2344  28.2604  16.2745   3.1757  19.4503
 52  26.1223   1.2255  27.3479  15.3990   3.1810  18.5800
 53  25.2265   1.2161  26.4426  14.5480   3.1849  17.7329
 54  24.3389   1.2061  25.5450  13.7223   3.1873  16.9096
 55  23.4601   1.1955  24.6556  12.9226   3.1883  16.1108
 56  22.5906   1.1842  23.7749  12.1493   3.1878  15.3370
 57  21.7311   1.1724  22.9035  11.4030   3.1858  14.5888
 58  20.8820   1.1599  22.0419  10.6842   3.1823  13.8665
 59  20.0441   1.1467  21.1908   9.9932   3.1773  13.1705
 60  19.2179   1.1329  20.3508   9.3302   3.1708  12.5010
 61  18.4041   1.1183  19.5224   8.6954   3.1629  11.8583
 62  17.6033   1.1030  18.7063   8.0888   3.1535  11.2423
 63  16.8162   1.0871  17.9033   7.5104   3.1427  10.6532
 64  16.0435   1.0704  17.1138   6.9602   3.1306  10.0907
 65  15.2857   1.0530  16.3387   6.4378   3.1170   9.5548
 66  14.5437   1.0348  15.5786   5.9430   3.1022   9.0452
 67  13.8181   1.0160  14.8341   5.4755   3.0860   8.5615
 68  13.1095   0.9964  14.1059   5.0346   3.0687   8.1033
 69  12.4186   0.9762  13.3948   4.6200   3.0502   7.6702
 70  11.7460   0.9552  12.7013   4.2310   3.0305   7.2615
 71  11.0924   0.9336  12.0260   3.8669   3.0098   6.8767
 72  10.4582   0.9114  11.3697   3.5269   2.9882   6.5151
 73   9.8441   0.8886  10.7328   3.2103   2.9655   6.1758
 74   9.2506   0.8653  10.1159   2.9162   2.9420   5.8583
 75   8.6780   0.8414   9.5195   2.6438   2.9177   5.5615
 76   8.1269   0.8171   8.9440   2.3920   2.8927   5.2847
 77   7.5975   0.7924   8.3899   2.1600   2.8669   5.0269
 78   7.0902   0.7673   7.8575   1.9468   2.8405   4.7873
 79   6.6051   0.7419   7.3470   1.7513   2.8136   4.5649
 80   6.1424   0.7163   6.8587   1.5726   2.7861   4.3587
 81   5.7021   0.6905   6.3926   1.4097   2.7582   4.1679
 82   5.2842   0.6646   5.9489   1.2616   2.7298   3.9914
 83   4.8887   0.6388   5.5274   1.1273   2.7011   3.8285
 84   4.5152   0.6129   5.1281   1.0059   2.6721   3.6780
 85   4.1636   0.5872   4.7508   0.8964   2.6428   3.5392
 86   3.8334   0.5617   4.3951   0.7979   2.6133   3.4112
 87   3.5242   0.5365   4.0607   0.7094   2.5837   3.2931
 88   3.2355   0.5116   3.7471   0.6303   2.5538   3.1841
 89   2.9667   0.4871   3.4538   0.5597   2.5239   3.0836
 90   2.7172   0.4631   3.1802   0.4967   2.4939   2.9906
