# GRMadl.txt
#IMaCh version 0.99r45, April 2023,INED-EUROREVES-Institut de longevite-Japan Society for the Promotion of Science (Grant-in-Aid for Scientific Research 25293121), Intel Software 2015-2020, Nihon University 2021-202, INED 2000-2022
#$Revision: 1.353 $ $Date: 2023/05/08 18:48:22 $
# Tue Feb 04 22:03:38 2025
# probabilities of dying before estepm=6 months for people of exact age and weighted probabilities w1*p1j+w2*p2j+... stand dev in()
# Selected quantitative variables and dummies
# Age cov=1 p.3 SE w1 p13 w2 p23
 50 1   1.261e-003  5.407e-004  9.904e-001  6.749e-004   9.651e-003  6.139e-002 
 51 1   1.416e-003  5.789e-004  9.896e-001  7.695e-004   1.041e-002  6.286e-002 
 52 1   1.590e-003  6.196e-004  9.888e-001  8.772e-004   1.122e-002  6.436e-002 
 53 1   1.785e-003  6.626e-004  9.879e-001  1.000e-003   1.210e-002  6.588e-002 
 54 1   2.004e-003  7.083e-004  9.870e-001  1.140e-003   1.304e-002  6.743e-002 
 55 1   2.250e-003  7.566e-004  9.860e-001  1.299e-003   1.404e-002  6.901e-002 
 56 1   2.526e-003  8.079e-004  9.849e-001  1.481e-003   1.512e-002  7.062e-002 
 57 1   2.837e-003  8.622e-004  9.837e-001  1.688e-003   1.628e-002  7.225e-002 
 58 1   3.185e-003  9.194e-004  9.825e-001  1.924e-003   1.751e-002  7.391e-002 
 59 1   3.576e-003  9.801e-004  9.812e-001  2.193e-003   1.884e-002  7.560e-002 
 60 1   4.015e-003  1.040e-003  9.798e-001  2.499e-003   2.026e-002  7.732e-002 
 61 1   4.508e-003  1.112e-003  9.782e-001  2.848e-003   2.177e-002  7.907e-002 
 62 1   5.061e-003  1.183e-003  9.766e-001  3.245e-003   2.340e-002  8.085e-002 
 63 1   5.682e-003  1.253e-003  9.749e-001  3.698e-003   2.513e-002  8.266e-002 
 64 1   6.380e-003  1.336e-003  9.730e-001  4.213e-003   2.699e-002  8.450e-002 
 65 1   7.163e-003  1.419e-003  9.710e-001  4.799e-003   2.898e-002  8.636e-002 
 66 1   8.043e-003  1.505e-003  9.689e-001  5.467e-003   3.111e-002  8.826e-002 
 67 1   9.030e-003  1.595e-003  9.666e-001  6.226e-003   3.339e-002  9.019e-002 
 68 1   1.014e-002  1.689e-003  9.642e-001  7.091e-003   3.582e-002  9.216e-002 
 69 1   1.138e-002  1.787e-003  9.616e-001  8.073e-003   3.843e-002  9.415e-002 
 70 1   1.278e-002  1.887e-003  9.588e-001  9.191e-003   4.122e-002  9.618e-002 
 71 1   1.434e-002  1.997e-003  9.558e-001  1.046e-002   4.422e-002  9.824e-002 
 72 1   1.610e-002  2.110e-003  9.526e-001  1.190e-002   4.744e-002  1.003e-001 
 73 1   1.807e-002  2.230e-003  9.491e-001  1.354e-002   5.089e-002  1.025e-001 
 74 1   2.028e-002  2.354e-003  9.454e-001  1.540e-002   5.461e-002  1.046e-001 
 75 1   2.275e-002  2.508e-003  9.414e-001  1.751e-002   5.860e-002  1.068e-001 
 76 1   2.552e-002  2.676e-003  9.371e-001  1.991e-002   6.291e-002  1.090e-001 
 77 1   2.861e-002  2.876e-003  9.325e-001  2.262e-002   6.757e-002  1.113e-001 
 78 1   3.207e-002  3.121e-003  9.274e-001  2.569e-002   7.262e-002  1.136e-001 
 79 1   3.594e-002  3.421e-003  9.219e-001  2.916e-002   7.810e-002  1.159e-001 
 80 1   4.025e-002  3.814e-003  9.160e-001  3.308e-002   8.407e-002  1.183e-001 
 81 1   4.505e-002  4.304e-003  9.094e-001  3.751e-002   9.060e-002  1.207e-001 
 82 1   5.039e-002  4.920e-003  9.023e-001  4.250e-002   9.776e-002  1.231e-001 
 83 1   5.631e-002  5.686e-003  8.944e-001  4.812e-002   1.057e-001  1.256e-001 
 84 1   6.287e-002  6.625e-003  8.857e-001  5.444e-002   1.144e-001  1.281e-001 
 85 1   7.011e-002  7.758e-003  8.760e-001  6.152e-002   1.241e-001  1.307e-001 
 86 1   7.808e-002  9.102e-003  8.651e-001  6.946e-002   1.350e-001  1.333e-001 
 87 1   8.681e-002  1.067e-002  8.529e-001  7.832e-002   1.472e-001  1.359e-001 
 88 1   9.633e-002  1.248e-002  8.390e-001  8.820e-002   1.611e-001  1.386e-001 
 89 1   1.066e-001  1.452e-002  8.232e-001  9.919e-002   1.769e-001  1.413e-001 
 90 1   1.177e-001  1.678e-002  8.050e-001  1.114e-001   1.951e-001  1.440e-001 
