
#****** ******
# GRMadl.txt
#IMaCh version 0.99r45, April 2023,INED-EUROREVES-Institut de longevite-Japan Society for the Promotion of Science (Grant-in-Aid for Scientific Research 25293121), Intel Software 2015-2020, Nihon University 2021-202, INED 2000-2022
#$Revision: 1.353 $ $Date: 2023/05/08 18:48:22 $
# Tue Feb 04 22:03:38 2025
# Health expectancies with standard errors
# Age e11 (SE) e12 (SE) e1.  e21 (SE) e22 (SE) e2. 
 50   27.9367 (1.0235)    1.2428 (0.2385)   29.1796 (1.0175)   17.1738 (5.3815)    3.1691 (1.0298)   20.3429 (5.2951)
 51   27.0259 (0.9997)    1.2344 (0.2358)   28.2604 (0.9958)   16.2745 (5.0706)    3.1757 (1.0048)   19.4503 (5.0123)
 52   26.1223 (0.9756)    1.2255 (0.2330)   27.3479 (0.9736)   15.3990 (4.7625)    3.1810 (0.9795)   18.5800 (4.7313)
 53   25.2265 (0.9511)    1.2161 (0.2303)   26.4426 (0.9511)   14.5480 (4.4588)    3.1849 (0.9538)   17.7329 (4.4534)
 54   24.3389 (0.9264)    1.2061 (0.2275)   25.5450 (0.9282)   13.7223 (4.1609)    3.1873 (0.9278)   16.9096 (4.1801)
 55   23.4601 (0.9015)    1.1955 (0.2248)   24.6556 (0.9050)   12.9226 (3.8701)    3.1883 (0.9015)   16.1108 (3.9125)
 56   22.5906 (0.8765)    1.1842 (0.2221)   23.7749 (0.8816)   12.1493 (3.5879)    3.1878 (0.8750)   15.3370 (3.6519)
 57   21.7311 (0.8514)    1.1724 (0.2194)   22.9035 (0.8580)   11.4030 (3.3155)    3.1858 (0.8484)   14.5888 (3.3992)
 58   20.8820 (0.8263)    1.1599 (0.2168)   22.0419 (0.8343)   10.6842 (3.0539)    3.1823 (0.8216)   13.8665 (3.1556)
 59   20.0441 (0.8013)    1.1467 (0.2142)   21.1908 (0.8105)    9.9932 (2.8041)    3.1773 (0.7947)   13.1705 (2.9219)
 60   19.2179 (0.7765)    1.1329 (0.2118)   20.3508 (0.7869)    9.3302 (2.5670)    3.1708 (0.7677)   12.5010 (2.6988)
 61   18.4041 (0.7520)    1.1183 (0.2094)   19.5224 (0.7633)    8.6954 (2.3432)    3.1629 (0.7408)   11.8583 (2.4870)
 62   17.6033 (0.7279)    1.1030 (0.2072)   18.7063 (0.7401)    8.0888 (2.1335)    3.1535 (0.7139)   11.2423 (2.2869)
 63   16.8162 (0.7042)    1.0871 (0.2051)   17.9033 (0.7171)    7.5104 (1.9381)    3.1427 (0.6872)   10.6532 (2.0989)
 64   16.0435 (0.6811)    1.0704 (0.2032)   17.1138 (0.6947)    6.9602 (1.7574)    3.1306 (0.6608)   10.0907 (1.9232)
 65   15.2857 (0.6587)    1.0530 (0.2015)   16.3387 (0.6729)    6.4378 (1.5914)    3.1170 (0.6347)    9.5548 (1.7600)
 66   14.5437 (0.6371)    1.0348 (0.2000)   15.5786 (0.6519)    5.9430 (1.4402)    3.1022 (0.6092)    9.0452 (1.6093)
 67   13.8181 (0.6165)    1.0160 (0.1986)   14.8341 (0.6317)    5.4755 (1.3034)    3.0860 (0.5843)    8.5615 (1.4708)
 68   13.1095 (0.5968)    0.9964 (0.1975)   14.1059 (0.6127)    5.0346 (1.1806)    3.0687 (0.5603)    8.1033 (1.3444)
 69   12.4186 (0.5783)    0.9762 (0.1965)   13.3948 (0.5948)    4.6200 (1.0713)    3.0502 (0.5374)    7.6702 (1.2298)
 70   11.7460 (0.5610)    0.9552 (0.1958)   12.7013 (0.5784)    4.2310 (0.9748)    3.0305 (0.5158)    7.2615 (1.1265)
 71   11.0924 (0.5450)    0.9336 (0.1953)   12.0260 (0.5634)    3.8669 (0.8901)    3.0098 (0.4958)    6.8767 (1.0342)
 72   10.4582 (0.5304)    0.9114 (0.1950)   11.3697 (0.5500)    3.5269 (0.8161)    2.9882 (0.4776)    6.5151 (0.9523)
 73    9.8441 (0.5172)    0.8886 (0.1949)   10.7328 (0.5383)    3.2103 (0.7517)    2.9655 (0.4615)    6.1758 (0.8804)
 74    9.2506 (0.5053)    0.8653 (0.1949)   10.1159 (0.5284)    2.9162 (0.6957)    2.9420 (0.4479)    5.8583 (0.8179)
 75    8.6780 (0.4948)    0.8414 (0.1951)    9.5195 (0.5201)    2.6438 (0.6467)    2.9177 (0.4371)    5.5615 (0.7642)
 76    8.1269 (0.4856)    0.8171 (0.1954)    8.9440 (0.5134)    2.3920 (0.6037)    2.8927 (0.4292)    5.2847 (0.7189)
 77    7.5975 (0.4774)    0.7924 (0.1958)    8.3899 (0.5082)    2.1600 (0.5655)    2.8669 (0.4245)    5.0269 (0.6815)
 78    7.0902 (0.4703)    0.7673 (0.1962)    7.8575 (0.5044)    1.9468 (0.5311)    2.8405 (0.4231)    4.7873 (0.6514)
 79    6.6051 (0.4639)    0.7419 (0.1967)    7.3470 (0.5017)    1.7513 (0.4998)    2.8136 (0.4251)    4.5649 (0.6281)
 80    6.1424 (0.4581)    0.7163 (0.1972)    6.8587 (0.4998)    1.5726 (0.4707)    2.7861 (0.4302)    4.3587 (0.6112)
 81    5.7021 (0.4527)    0.6905 (0.1977)    6.3926 (0.4984)    1.4097 (0.4435)    2.7582 (0.4385)    4.1679 (0.6001)
 82    5.2842 (0.4474)    0.6646 (0.1980)    5.9489 (0.4974)    1.2616 (0.4178)    2.7298 (0.4496)    3.9914 (0.5942)
 83    4.8887 (0.4420)    0.6388 (0.1983)    5.5274 (0.4964)    1.1273 (0.3932)    2.7011 (0.4633)    3.8285 (0.5931)
 84    4.5152 (0.4363)    0.6129 (0.1984)    5.1281 (0.4951)    1.0059 (0.3696)    2.6721 (0.4793)    3.6780 (0.5962)
 85    4.1636 (0.4302)    0.5872 (0.1983)    4.7508 (0.4934)    0.8964 (0.3470)    2.6428 (0.4972)    3.5392 (0.6029)
 86    3.8334 (0.4234)    0.5617 (0.1981)    4.3951 (0.4909)    0.7979 (0.3252)    2.6133 (0.5169)    3.4112 (0.6127)
 87    3.5242 (0.4159)    0.5365 (0.1976)    4.0607 (0.4875)    0.7094 (0.3043)    2.5837 (0.5379)    3.2931 (0.6253)
 88    3.2355 (0.4075)    0.5116 (0.1968)    3.7471 (0.4831)    0.6303 (0.2842)    2.5538 (0.5600)    3.1841 (0.6401)
 89    2.9667 (0.3982)    0.4871 (0.1958)    3.4538 (0.4776)    0.5597 (0.2651)    2.5239 (0.5830)    3.0836 (0.6567)
 90    2.7172 (0.3880)    0.4631 (0.1945)    3.1802 (0.4709)    0.4967 (0.2468)    2.4939 (0.6066)    2.9906 (0.6748)
