
#****** ******
# GRMadl.txt
#IMaCh version 0.99r45, April 2023,INED-EUROREVES-Institut de longevite-Japan Society for the Promotion of Science (Grant-in-Aid for Scientific Research 25293121), Intel Software 2015-2020, Nihon University 2021-202, INED 2000-2022
#$Revision: 1.353 $ $Date: 2023/05/08 18:48:22 $
# Tue Feb 04 22:03:38 2025
# Variance and covariance of health expectancies e.j 
#  (weighted average of eij where weights are the age specific period (stable) prevalences in each health state 
# Age Cov(e.1, e.1) Cov(e.1, e.2) Cov(e.2, e.1) Cov(e.2, e.2)
50  1.1312 -0.0484 -0.0484 0.0612
51  1.0812 -0.0456 -0.0456 0.0600
52  1.0310 -0.0430 -0.0430 0.0588
53  0.9811 -0.0405 -0.0405 0.0576
54  0.9315 -0.0381 -0.0381 0.0564
55  0.8824 -0.0358 -0.0358 0.0552
56  0.8341 -0.0337 -0.0337 0.0541
57  0.7867 -0.0318 -0.0318 0.0529
58  0.7404 -0.0300 -0.0300 0.0518
59  0.6955 -0.0284 -0.0284 0.0507
60  0.6530 -0.0270 -0.0270 0.0496
61  0.6105 -0.0258 -0.0258 0.0487
62  0.5706 -0.0247 -0.0247 0.0478
63  0.5335 -0.0237 -0.0237 0.0469
64  0.4971 -0.0230 -0.0230 0.0462
65  0.4637 -0.0223 -0.0223 0.0455
66  0.4325 -0.0218 -0.0218 0.0449
67  0.4038 -0.0214 -0.0214 0.0444
68  0.3774 -0.0211 -0.0211 0.0441
69  0.3535 -0.0208 -0.0208 0.0438
70  0.3321 -0.0204 -0.0204 0.0439
71  0.3126 -0.0204 -0.0204 0.0437
72  0.2955 -0.0203 -0.0203 0.0439
73  0.2805 -0.0201 -0.0201 0.0443
74  0.2676 -0.0199 -0.0199 0.0448
75  0.2560 -0.0199 -0.0199 0.0456
76  0.2462 -0.0197 -0.0197 0.0466
77  0.2376 -0.0196 -0.0196 0.0478
78  0.2301 -0.0196 -0.0196 0.0492
79  0.2236 -0.0195 -0.0195 0.0508
80  0.2175 -0.0198 -0.0198 0.0530
81  0.2118 -0.0201 -0.0201 0.0554
82  0.2064 -0.0207 -0.0207 0.0583
83  0.2011 -0.0216 -0.0216 0.0616
84  0.1956 -0.0229 -0.0229 0.0656
85  0.1901 -0.0248 -0.0248 0.0704
86  0.1844 -0.0274 -0.0274 0.0762
87  0.1787 -0.0308 -0.0308 0.0832
88  0.1729 -0.0353 -0.0353 0.0919
89  0.1672 -0.0411 -0.0411 0.1029
90  0.1619 -0.0486 -0.0486 0.1170
