# DKFsr.txt
#IMaCh version 0.99r45, April 2023,INED-EUROREVES-Institut de longevite-Japan Society for the Promotion of Science (Grant-in-Aid for Scientific Research 25293121), Intel Software 2015-2020, Nihon University 2021-202, INED 2000-2022
#$Revision: 1.353 $ $Date: 2023/05/08 18:48:22 $
# Tue Feb 04 22:13:35 2025
#One-step probabilities and stand. devi in ()
# Age p1-1 (SE) p1-2 (SE) p1-3 (SE) p2-1 (SE) p2-2 (SE) p2-3 (SE)
50  9.661e-001 ( 5.455e-003)  3.362e-002 ( 5.460e-003)  3.234e-004 ( 2.321e-004)  1.088e-001 ( 2.111e-002)  8.866e-001 ( 2.112e-002)  4.676e-003 ( 2.270e-003) 
51  9.655e-001 ( 5.295e-003)  3.415e-002 ( 5.300e-003)  3.702e-004 ( 2.572e-004)  1.063e-001 ( 1.981e-002)  8.886e-001 ( 1.985e-002)  5.060e-003 ( 2.376e-003) 
52  9.649e-001 ( 5.133e-003)  3.470e-002 ( 5.138e-003)  4.239e-004 ( 2.847e-004)  1.039e-001 ( 1.858e-002)  8.906e-001 ( 1.863e-002)  5.474e-003 ( 2.484e-003) 
53  9.643e-001 ( 4.969e-003)  3.525e-002 ( 4.974e-003)  4.853e-004 ( 3.148e-004)  1.015e-001 ( 1.739e-002)  8.926e-001 ( 1.747e-002)  5.922e-003 ( 2.594e-003) 
54  9.636e-001 ( 4.805e-003)  3.581e-002 ( 4.809e-003)  5.556e-004 ( 3.477e-004)  9.920e-002 ( 1.627e-002)  8.944e-001 ( 1.637e-002)  6.406e-003 ( 2.706e-003) 
55  9.630e-001 ( 4.641e-003)  3.637e-002 ( 4.644e-003)  6.361e-004 ( 3.835e-004)  9.692e-002 ( 1.521e-002)  8.962e-001 ( 1.534e-002)  6.929e-003 ( 2.819e-003) 
56  9.623e-001 ( 4.478e-003)  3.695e-002 ( 4.479e-003)  7.282e-004 ( 4.226e-004)  9.468e-002 ( 1.420e-002)  8.978e-001 ( 1.438e-002)  7.494e-003 ( 2.933e-003) 
57  9.616e-001 ( 4.319e-003)  3.753e-002 ( 4.317e-003)  8.336e-004 ( 4.650e-004)  9.249e-002 ( 1.326e-002)  8.994e-001 ( 1.348e-002)  8.104e-003 ( 3.048e-003) 
58  9.609e-001 ( 4.164e-003)  3.813e-002 ( 4.159e-003)  9.543e-004 ( 5.110e-004)  9.034e-002 ( 1.239e-002)  9.009e-001 ( 1.265e-002)  8.763e-003 ( 3.163e-003) 
59  9.602e-001 ( 4.017e-003)  3.873e-002 ( 4.007e-003)  1.092e-003 ( 5.607e-004)  8.823e-002 ( 1.158e-002)  9.023e-001 ( 1.190e-002)  9.474e-003 ( 3.278e-003) 
60  9.594e-001 ( 3.879e-003)  3.934e-002 ( 3.864e-003)  1.251e-003 ( 6.143e-004)  8.616e-002 ( 1.084e-002)  9.036e-001 ( 1.122e-002)  1.024e-002 ( 3.391e-003) 
61  9.586e-001 ( 3.755e-003)  3.995e-002 ( 3.732e-003)  1.431e-003 ( 6.719e-004)  8.413e-002 ( 1.017e-002)  9.048e-001 ( 1.062e-002)  1.107e-002 ( 3.504e-003) 
62  9.578e-001 ( 3.647e-003)  4.058e-002 ( 3.615e-003)  1.639e-003 ( 7.337e-004)  8.213e-002 ( 9.577e-003)  9.059e-001 ( 1.009e-002)  1.197e-002 ( 3.615e-003) 
63  9.569e-001 ( 3.559e-003)  4.121e-002 ( 3.518e-003)  1.875e-003 ( 7.998e-004)  8.018e-002 ( 9.061e-003)  9.069e-001 ( 9.644e-003)  1.293e-002 ( 3.723e-003) 
64  9.560e-001 ( 3.496e-003)  4.185e-002 ( 3.443e-003)  2.146e-003 ( 8.704e-004)  7.826e-002 ( 8.625e-003)  9.078e-001 ( 9.278e-003)  1.397e-002 ( 3.830e-003) 
65  9.550e-001 ( 3.461e-003)  4.250e-002 ( 3.395e-003)  2.457e-003 ( 9.455e-004)  7.637e-002 ( 8.267e-003)  9.085e-001 ( 8.990e-003)  1.510e-002 ( 3.934e-003) 
66  9.540e-001 ( 3.459e-003)  4.316e-002 ( 3.379e-003)  2.811e-003 ( 1.025e-003)  7.452e-002 ( 7.989e-003)  9.092e-001 ( 8.776e-003)  1.631e-002 ( 4.036e-003) 
67  9.530e-001 ( 3.492e-003)  4.383e-002 ( 3.397e-003)  3.217e-003 ( 1.110e-003)  7.271e-002 ( 7.787e-003)  9.097e-001 ( 8.633e-003)  1.762e-002 ( 4.137e-003) 
68  9.518e-001 ( 3.561e-003)  4.450e-002 ( 3.453e-003)  3.681e-003 ( 1.200e-003)  7.093e-002 ( 7.657e-003)  9.100e-001 ( 8.555e-003)  1.902e-002 ( 4.237e-003) 
69  9.506e-001 ( 3.669e-003)  4.518e-002 ( 3.547e-003)  4.212e-003 ( 1.296e-003)  6.918e-002 ( 7.594e-003)  9.103e-001 ( 8.537e-003)  2.054e-002 ( 4.340e-003) 
70  9.493e-001 ( 3.814e-003)  4.586e-002 ( 3.680e-003)  4.819e-003 ( 1.399e-003)  6.747e-002 ( 7.589e-003)  9.104e-001 ( 8.571e-003)  2.218e-002 ( 4.447e-003) 
71  9.479e-001 ( 3.995e-003)  4.655e-002 ( 3.851e-003)  5.512e-003 ( 1.509e-003)  6.578e-002 ( 7.636e-003)  9.103e-001 ( 8.651e-003)  2.394e-002 ( 4.563e-003) 
72  9.464e-001 ( 4.211e-003)  4.725e-002 ( 4.059e-003)  6.305e-003 ( 1.631e-003)  6.413e-002 ( 7.724e-003)  9.100e-001 ( 8.773e-003)  2.583e-002 ( 4.694e-003) 
73  9.448e-001 ( 4.460e-003)  4.795e-002 ( 4.301e-003)  7.211e-003 ( 1.766e-003)  6.250e-002 ( 7.847e-003)  9.096e-001 ( 8.932e-003)  2.788e-002 ( 4.847e-003) 
74  9.431e-001 ( 4.742e-003)  4.865e-002 ( 4.575e-003)  8.246e-003 ( 1.919e-003)  6.091e-002 ( 7.997e-003)  9.090e-001 ( 9.127e-003)  3.007e-002 ( 5.032e-003) 
75  9.412e-001 ( 5.054e-003)  4.936e-002 ( 4.877e-003)  9.428e-003 ( 2.098e-003)  5.934e-002 ( 8.165e-003)  9.082e-001 ( 9.358e-003)  3.243e-002 ( 5.259e-003) 
76  9.392e-001 ( 5.399e-003)  5.006e-002 ( 5.207e-003)  1.078e-002 ( 2.313e-003)  5.780e-002 ( 8.347e-003)  9.072e-001 ( 9.626e-003)  3.497e-002 ( 5.542e-003) 
77  9.369e-001 ( 5.779e-003)  5.077e-002 ( 5.562e-003)  1.232e-002 ( 2.576e-003)  5.629e-002 ( 8.537e-003)  9.060e-001 ( 9.937e-003)  3.770e-002 ( 5.895e-003) 
78  9.345e-001 ( 6.198e-003)  5.147e-002 ( 5.939e-003)  1.407e-002 ( 2.903e-003)  5.480e-002 ( 8.730e-003)  9.046e-001 ( 1.030e-002)  4.064e-002 ( 6.333e-003) 
79  9.318e-001 ( 6.665e-003)  5.217e-002 ( 6.337e-003)  1.608e-002 ( 3.313e-003)  5.334e-002 ( 8.923e-003)  9.029e-001 ( 1.072e-002)  4.379e-002 ( 6.872e-003) 
80  9.288e-001 ( 7.191e-003)  5.287e-002 ( 6.755e-003)  1.836e-002 ( 3.829e-003)  5.190e-002 ( 9.113e-003)  9.009e-001 ( 1.122e-002)  4.717e-002 ( 7.527e-003) 
81  9.255e-001 ( 7.793e-003)  5.355e-002 ( 7.190e-003)  2.096e-002 ( 4.475e-003)  5.048e-002 ( 9.297e-003)  8.987e-001 ( 1.180e-002)  5.079e-002 ( 8.311e-003) 
82  9.219e-001 ( 8.492e-003)  5.422e-002 ( 7.642e-003)  2.392e-002 ( 5.281e-003)  4.909e-002 ( 9.472e-003)  8.962e-001 ( 1.249e-002)  5.468e-002 ( 9.238e-003) 
83  9.178e-001 ( 9.318e-003)  5.488e-002 ( 8.109e-003)  2.728e-002 ( 6.277e-003)  4.772e-002 ( 9.638e-003)  8.934e-001 ( 1.330e-002)  5.884e-002 ( 1.032e-002) 
84  9.134e-001 ( 1.031e-002)  5.552e-002 ( 8.590e-003)  3.110e-002 ( 7.497e-003)  4.637e-002 ( 9.793e-003)  8.903e-001 ( 1.426e-002)  6.330e-002 ( 1.157e-002) 
85  9.084e-001 ( 1.150e-002)  5.613e-002 ( 9.083e-003)  3.544e-002 ( 8.980e-003)  4.504e-002 ( 9.935e-003)  8.869e-001 ( 1.538e-002)  6.807e-002 ( 1.299e-002) 
86  9.029e-001 ( 1.294e-002)  5.671e-002 ( 9.589e-003)  4.035e-002 ( 1.077e-002)  4.373e-002 ( 1.006e-002)  8.831e-001 ( 1.668e-002)  7.317e-002 ( 1.461e-002) 
87  8.968e-001 ( 1.468e-002)  5.726e-002 ( 1.010e-002)  4.591e-002 ( 1.290e-002)  4.244e-002 ( 1.018e-002)  8.789e-001 ( 1.818e-002)  7.861e-002 ( 1.643e-002) 
88  8.900e-001 ( 1.678e-002)  5.777e-002 ( 1.063e-002)  5.220e-002 ( 1.544e-002)  4.117e-002 ( 1.028e-002)  8.744e-001 ( 1.989e-002)  8.442e-002 ( 1.845e-002) 
89  8.825e-001 ( 1.929e-002)  5.822e-002 ( 1.116e-002)  5.929e-002 ( 1.843e-002)  3.992e-002 ( 1.037e-002)  8.695e-001 ( 2.183e-002)  9.062e-002 ( 2.070e-002) 
90  8.741e-001 ( 2.228e-002)  5.862e-002 ( 1.170e-002)  6.728e-002 ( 2.194e-002)  3.869e-002 ( 1.044e-002)  8.641e-001 ( 2.401e-002)  9.722e-002 ( 2.319e-002) 