# DKFsr.txt
#IMaCh version 0.99r45, April 2023,INED-EUROREVES-Institut de longevite-Japan Society for the Promotion of Science (Grant-in-Aid for Scientific Research 25293121), Intel Software 2015-2020, Nihon University 2021-202, INED 2000-2022
#$Revision: 1.353 $ $Date: 2023/05/08 18:48:22 $
# Tue Feb 04 22:13:35 2025
#One-step probabilities and correlation matrix
# Age p1-1  p1-2  p1-3  p2-1  p2-2  p2-3 
50  9.661e-001  3.362e-002  3.234e-004  1.088e-001  8.866e-001  4.676e-003 
50 1-1  1.000e+000
50 1-2 -9.991e-001  1.000e+000
50 1-3  2.857e-003 -4.536e-002  1.000e+000
50 2-1 -2.125e-001  2.109e-001  3.250e-002  1.000e+000
50 2-2  2.143e-001 -2.136e-001 -9.818e-003 -9.942e-001  1.000e+000
50 2-3 -1.783e-002  2.677e-002 -2.109e-001 -4.821e-002 -5.927e-002  1.000e+000
51  9.655e-001  3.415e-002  3.702e-004  1.063e-001  8.886e-001  5.060e-003 
51 1-1  1.000e+000
51 1-2 -9.988e-001  1.000e+000
51 1-3 -2.843e-003 -4.567e-002  1.000e+000
51 2-1 -2.138e-001  2.121e-001  3.184e-002  1.000e+000
51 2-2  2.155e-001 -2.150e-001 -6.547e-003 -9.928e-001  1.000e+000
51 2-3 -1.658e-002  2.679e-002 -2.109e-001 -4.705e-002 -7.274e-002  1.000e+000
52  9.649e-001  3.470e-002  4.239e-004  1.039e-001  8.906e-001  5.474e-003 
52 1-1  1.000e+000
52 1-2 -9.985e-001  1.000e+000
52 1-3 -9.342e-003 -4.607e-002  1.000e+000
52 2-1 -2.153e-001  2.133e-001  3.114e-002  1.000e+000
52 2-2  2.167e-001 -2.163e-001 -2.940e-003 -9.911e-001  1.000e+000
52 2-3 -1.518e-002  2.684e-002 -2.108e-001 -4.597e-002 -8.751e-002  1.000e+000
53  9.643e-001  3.525e-002  4.853e-004  1.015e-001  8.926e-001  5.922e-003 
53 1-1  1.000e+000
53 1-2 -9.980e-001  1.000e+000
53 1-3 -1.675e-002 -4.655e-002  1.000e+000
53 2-1 -2.168e-001  2.147e-001  3.041e-002  1.000e+000
53 2-2  2.178e-001 -2.177e-001  1.034e-003 -9.889e-001  1.000e+000
53 2-3 -1.360e-002  2.693e-002 -2.109e-001 -4.500e-002 -1.037e-001  1.000e+000
54  9.636e-001  3.581e-002  5.556e-004  9.920e-002  8.944e-001  6.406e-003 
54 1-1  1.000e+000
54 1-2 -9.974e-001  1.000e+000
54 1-3 -2.518e-002 -4.714e-002  1.000e+000
54 2-1 -2.184e-001  2.160e-001  2.963e-002  1.000e+000
54 2-2  2.189e-001 -2.191e-001  5.403e-003 -9.863e-001  1.000e+000
54 2-3 -1.183e-002  2.707e-002 -2.109e-001 -4.414e-002 -1.214e-001  1.000e+000
55  9.630e-001  3.637e-002  6.361e-004  9.692e-002  8.962e-001  6.929e-003 
55 1-1  1.000e+000
55 1-2 -9.966e-001  1.000e+000
55 1-3 -3.476e-002 -4.786e-002  1.000e+000
55 2-1 -2.200e-001  2.175e-001  2.882e-002  1.000e+000
55 2-2  2.198e-001 -2.205e-001  1.019e-002 -9.830e-001  1.000e+000
55 2-3 -9.866e-003  2.728e-002 -2.109e-001 -4.340e-002 -1.407e-001  1.000e+000
56  9.623e-001  3.695e-002  7.282e-004  9.468e-002  8.978e-001  7.494e-003 
56 1-1  1.000e+000
56 1-2 -9.955e-001  1.000e+000
56 1-3 -4.563e-002 -4.873e-002  1.000e+000
56 2-1 -2.216e-001  2.189e-001  2.796e-002  1.000e+000
56 2-2  2.205e-001 -2.219e-001  1.542e-002 -9.790e-001  1.000e+000
56 2-3 -7.684e-003  2.759e-002 -2.109e-001 -4.280e-002 -1.617e-001  1.000e+000
57  9.616e-001  3.753e-002  8.336e-004  9.249e-002  8.994e-001  8.104e-003 
57 1-1  1.000e+000
57 1-2 -9.942e-001  1.000e+000
57 1-3 -5.791e-002 -4.979e-002  1.000e+000
57 2-1 -2.232e-001  2.204e-001  2.706e-002  1.000e+000
57 2-2  2.208e-001 -2.232e-001  2.109e-002 -9.741e-001  1.000e+000
57 2-3 -5.281e-003  2.801e-002 -2.110e-001 -4.235e-002 -1.844e-001  1.000e+000
58  9.609e-001  3.813e-002  9.543e-004  9.034e-002  9.009e-001  8.763e-003 
58 1-1  1.000e+000
58 1-2 -9.925e-001  1.000e+000
58 1-3 -7.172e-002 -5.106e-002  1.000e+000
58 2-1 -2.248e-001  2.218e-001  2.613e-002  1.000e+000
58 2-2  2.207e-001 -2.243e-001  2.719e-002 -9.683e-001  1.000e+000
58 2-3 -2.653e-003  2.859e-002 -2.111e-001 -4.207e-002 -2.088e-001  1.000e+000
59  9.602e-001  3.873e-002  1.092e-003  8.823e-002  9.023e-001  9.474e-003 
59 1-1  1.000e+000
59 1-2 -9.902e-001  1.000e+000
59 1-3 -8.714e-002 -5.257e-002  1.000e+000
59 2-1 -2.261e-001  2.231e-001  2.517e-002  1.000e+000
59 2-2  2.199e-001 -2.252e-001  3.369e-002 -9.614e-001  1.000e+000
59 2-3  1.868e-004  2.936e-002 -2.112e-001 -4.198e-002 -2.346e-001  1.000e+000
60  9.594e-001  3.934e-002  1.251e-003  8.616e-002  9.036e-001  1.024e-002 
60 1-1  1.000e+000
60 1-2 -9.874e-001  1.000e+000
60 1-3 -1.042e-001 -5.437e-002  1.000e+000
60 2-1 -2.271e-001  2.242e-001  2.420e-002  1.000e+000
60 2-2  2.185e-001 -2.258e-001  4.051e-002 -9.533e-001  1.000e+000
60 2-3  3.211e-003  3.037e-002 -2.113e-001 -4.209e-002 -2.616e-001  1.000e+000
61  9.586e-001  3.995e-002  1.431e-003  8.413e-002  9.048e-001  1.107e-002 
61 1-1  1.000e+000
61 1-2 -9.839e-001  1.000e+000
61 1-3 -1.228e-001 -5.650e-002  1.000e+000
61 2-1 -2.278e-001  2.249e-001  2.325e-002  1.000e+000
61 2-2  2.161e-001 -2.260e-001  4.754e-002 -9.441e-001  1.000e+000
61 2-3  6.366e-003  3.167e-002 -2.115e-001 -4.243e-002 -2.894e-001  1.000e+000
62  9.578e-001  4.058e-002  1.639e-003  8.213e-002  9.059e-001  1.197e-002 
62 1-1  1.000e+000
62 1-2 -9.796e-001  1.000e+000
62 1-3 -1.427e-001 -5.897e-002  1.000e+000
62 2-1 -2.278e-001  2.252e-001  2.235e-002  1.000e+000
62 2-2  2.128e-001 -2.257e-001  5.464e-002 -9.338e-001  1.000e+000
62 2-3  9.567e-003  3.332e-002 -2.117e-001 -4.300e-002 -3.174e-001  1.000e+000
63  9.569e-001  4.121e-002  1.875e-003  8.018e-002  9.069e-001  1.293e-002 
63 1-1  1.000e+000
63 1-2 -9.745e-001  1.000e+000
63 1-3 -1.636e-001 -6.183e-002  1.000e+000
63 2-1 -2.271e-001  2.248e-001  2.154e-002  1.000e+000
63 2-2  2.084e-001 -2.249e-001  6.161e-002 -9.226e-001  1.000e+000
63 2-3  1.269e-002  3.536e-002 -2.120e-001 -4.383e-002 -3.449e-001  1.000e+000
64  9.560e-001  4.185e-002  2.146e-003  7.826e-002  9.078e-001  1.397e-002 
64 1-1  1.000e+000
64 1-2 -9.686e-001  1.000e+000
64 1-3 -1.849e-001 -6.508e-002  1.000e+000
64 2-1 -2.255e-001  2.237e-001  2.090e-002  1.000e+000
64 2-2  2.032e-001 -2.236e-001  6.824e-002 -9.110e-001  1.000e+000
64 2-3  1.558e-002  3.786e-002 -2.124e-001 -4.493e-002 -3.710e-001  1.000e+000
65  9.550e-001  4.250e-002  2.457e-003  7.637e-002  9.085e-001  1.510e-002 
65 1-1  1.000e+000
65 1-2 -9.622e-001  1.000e+000
65 1-3 -2.057e-001 -6.873e-002  1.000e+000
65 2-1 -2.230e-001  2.216e-001  2.049e-002  1.000e+000
65 2-2  1.972e-001 -2.217e-001  7.428e-002 -8.994e-001  1.000e+000
65 2-3  1.805e-002  4.086e-002 -2.128e-001 -4.631e-002 -3.950e-001  1.000e+000
66  9.540e-001  4.316e-002  2.811e-003  7.452e-002  9.092e-001  1.631e-002 
66 1-1  1.000e+000
66 1-2 -9.553e-001  1.000e+000
66 1-3 -2.253e-001 -7.277e-002  1.000e+000
66 2-1 -2.197e-001  2.187e-001  2.041e-002  1.000e+000
66 2-2  1.908e-001 -2.195e-001  7.953e-002 -8.882e-001  1.000e+000
66 2-3  1.988e-002  4.438e-002 -2.133e-001 -4.799e-002 -4.162e-001  1.000e+000
67  9.530e-001  4.383e-002  3.217e-003  7.271e-002  9.097e-001  1.762e-002 
67 1-1  1.000e+000
67 1-2 -9.484e-001  1.000e+000
67 1-3 -2.428e-001 -7.721e-002  1.000e+000
67 2-1 -2.157e-001  2.149e-001  2.075e-002  1.000e+000
67 2-2  1.845e-001 -2.170e-001  8.381e-002 -8.780e-001  1.000e+000
67 2-3  2.091e-002  4.843e-002 -2.140e-001 -4.998e-002 -4.341e-001  1.000e+000
68  9.518e-001  4.450e-002  3.681e-003  7.093e-002  9.100e-001  1.902e-002 
68 1-1  1.000e+000
68 1-2 -9.419e-001  1.000e+000
68 1-3 -2.575e-001 -8.203e-002  1.000e+000
68 2-1 -2.113e-001  2.104e-001  2.162e-002  1.000e+000
68 2-2  1.787e-001 -2.145e-001  8.701e-002 -8.691e-001  1.000e+000
68 2-3  2.098e-002  5.300e-002 -2.147e-001 -5.231e-002 -4.485e-001  1.000e+000
69  9.506e-001  4.518e-002  4.212e-003  6.918e-002  9.103e-001  2.054e-002 
69 1-1  1.000e+000
69 1-2 -9.360e-001  1.000e+000
69 1-3 -2.689e-001 -8.727e-002  1.000e+000
69 2-1 -2.068e-001  2.055e-001  2.310e-002  1.000e+000
69 2-2  1.738e-001 -2.123e-001  8.910e-002 -8.616e-001  1.000e+000
69 2-3  2.005e-002  5.807e-002 -2.157e-001 -5.499e-002 -4.595e-001  1.000e+000
70  9.493e-001  4.586e-002  4.819e-003  6.747e-002  9.104e-001  2.218e-002 
70 1-1  1.000e+000
70 1-2 -9.309e-001  1.000e+000
70 1-3 -2.771e-001 -9.298e-002  1.000e+000
70 2-1 -2.027e-001  2.004e-001  2.527e-002  1.000e+000
70 2-2  1.700e-001 -2.105e-001  9.013e-002 -8.554e-001  1.000e+000
70 2-3  1.815e-002  6.360e-002 -2.168e-001 -5.804e-002 -4.675e-001  1.000e+000
71  9.479e-001  4.655e-002  5.512e-003  6.578e-002  9.103e-001  2.394e-002 
71 1-1  1.000e+000
71 1-2 -9.266e-001  1.000e+000
71 1-3 -2.822e-001 -9.919e-002  1.000e+000
71 2-1 -1.991e-001  1.955e-001  2.820e-002  1.000e+000
71 2-2  1.676e-001 -2.092e-001  9.019e-002 -8.502e-001  1.000e+000
71 2-3  1.540e-002  6.953e-002 -2.182e-001 -6.148e-002 -4.732e-001  1.000e+000
72  9.464e-001  4.725e-002  6.305e-003  6.413e-002  9.100e-001  2.583e-002 
72 1-1  1.000e+000
72 1-2 -9.229e-001  1.000e+000
72 1-3 -2.851e-001 -1.060e-001  1.000e+000
72 2-1 -1.963e-001  1.909e-001  3.192e-002  1.000e+000
72 2-2  1.664e-001 -2.086e-001  8.949e-002 -8.455e-001  1.000e+000
72 2-3  1.205e-002  7.579e-002 -2.198e-001 -6.531e-002 -4.776e-001  1.000e+000
73  9.448e-001  4.795e-002  7.211e-003  6.250e-002  9.096e-001  2.788e-002 
73 1-1  1.000e+000
73 1-2 -9.194e-001  1.000e+000
73 1-3 -2.866e-001 -1.133e-001  1.000e+000
73 2-1 -1.944e-001  1.867e-001  3.642e-002  1.000e+000
73 2-2  1.662e-001 -2.086e-001  8.825e-002 -8.408e-001  1.000e+000
73 2-3  8.402e-003  8.224e-002 -2.216e-001 -6.950e-002 -4.816e-001  1.000e+000
74  9.431e-001  4.865e-002  8.246e-003  6.091e-002  9.090e-001  3.007e-002 
74 1-1  1.000e+000
74 1-2 -9.157e-001  1.000e+000
74 1-3 -2.879e-001 -1.211e-001  1.000e+000
74 2-1 -1.934e-001  1.830e-001  4.164e-002  1.000e+000
74 2-2  1.667e-001 -2.092e-001  8.678e-002 -8.353e-001  1.000e+000
74 2-3  4.876e-003  8.875e-002 -2.236e-001 -7.400e-002 -4.865e-001  1.000e+000
75  9.412e-001  4.936e-002  9.428e-003  5.934e-002  9.082e-001  3.243e-002 
75 1-1  1.000e+000
75 1-2 -9.113e-001  1.000e+000
75 1-3 -2.904e-001 -1.293e-001  1.000e+000
75 2-1 -1.932e-001  1.798e-001  4.747e-002  1.000e+000
75 2-2  1.675e-001 -2.103e-001  8.544e-002 -8.283e-001  1.000e+000
75 2-3  1.955e-003  9.510e-002 -2.257e-001 -7.870e-002 -4.933e-001  1.000e+000
76  9.392e-001  5.006e-002  1.078e-002  5.780e-002  9.072e-001  3.497e-002 
76 1-1  1.000e+000
76 1-2 -9.055e-001  1.000e+000
76 1-3 -2.958e-001 -1.375e-001  1.000e+000
76 2-1 -1.937e-001  1.770e-001  5.370e-002  1.000e+000
76 2-2  1.679e-001 -2.117e-001  8.463e-002 -8.191e-001  1.000e+000
76 2-3  1.776e-004  1.011e-001 -2.279e-001 -8.349e-002 -5.033e-001  1.000e+000
77  9.369e-001  5.077e-002  1.232e-002  5.629e-002  9.060e-001  3.770e-002 
77 1-1  1.000e+000
77 1-2 -8.975e-001  1.000e+000
77 1-3 -3.056e-001 -1.456e-001  1.000e+000
77 2-1 -1.948e-001  1.746e-001  6.008e-002  1.000e+000
77 2-2  1.673e-001 -2.131e-001  8.476e-002 -8.067e-001  1.000e+000
77 2-3  8.984e-005  1.064e-001 -2.299e-001 -8.824e-002 -5.174e-001  1.000e+000
78  9.345e-001  5.147e-002  1.407e-002  5.480e-002  9.046e-001  4.064e-002 
78 1-1  1.000e+000
78 1-2 -8.865e-001  1.000e+000
78 1-3 -3.216e-001 -1.531e-001  1.000e+000
78 2-1 -1.963e-001  1.725e-001  6.628e-002  1.000e+000
78 2-2  1.651e-001 -2.144e-001  8.621e-002 -7.906e-001  1.000e+000
78 2-3  2.183e-003  1.109e-001 -2.316e-001 -9.282e-002 -5.363e-001  1.000e+000
79  9.318e-001  5.217e-002  1.608e-002  5.334e-002  9.029e-001  4.379e-002 
79 1-1  1.000e+000
79 1-2 -8.714e-001  1.000e+000
79 1-3 -3.451e-001 -1.599e-001  1.000e+000
79 2-1 -1.981e-001  1.707e-001  7.202e-002  1.000e+000
79 2-2  1.605e-001 -2.154e-001  8.925e-002 -7.700e-001  1.000e+000
79 2-3  6.825e-003  1.145e-001 -2.327e-001 -9.715e-002 -5.602e-001  1.000e+000
80  9.288e-001  5.287e-002  1.836e-002  5.190e-002  9.009e-001  4.717e-002 
80 1-1  1.000e+000
80 1-2 -8.511e-001  1.000e+000
80 1-3 -3.767e-001 -1.657e-001  1.000e+000
80 2-1 -1.997e-001  1.690e-001  7.705e-002  1.000e+000
80 2-2  1.527e-001 -2.159e-001  9.400e-002 -7.445e-001  1.000e+000
80 2-3  1.421e-002  1.171e-001 -2.334e-001 -1.012e-001 -5.888e-001  1.000e+000
81  9.255e-001  5.355e-002  2.096e-002  5.048e-002  8.987e-001  5.079e-002 
81 1-1  1.000e+000
81 1-2 -8.245e-001  1.000e+000
81 1-3 -4.166e-001 -1.709e-001  1.000e+000
81 2-1 -2.011e-001  1.674e-001  8.125e-002  1.000e+000
81 2-2  1.413e-001 -2.156e-001  1.004e-001 -7.138e-001  1.000e+000
81 2-3  2.430e-002  1.189e-001 -2.334e-001 -1.051e-001 -6.215e-001  1.000e+000
82  9.219e-001  5.422e-002  2.392e-002  4.909e-002  8.962e-001  5.468e-002 
82 1-1  1.000e+000
82 1-2 -7.907e-001  1.000e+000
82 1-3 -4.639e-001 -1.755e-001  1.000e+000
82 2-1 -2.019e-001  1.659e-001  8.461e-002  1.000e+000
82 2-2  1.258e-001 -2.145e-001  1.081e-001 -6.779e-001  1.000e+000
82 2-3  3.686e-002  1.200e-001 -2.330e-001 -1.088e-001 -6.571e-001  1.000e+000
83  9.178e-001  5.488e-002  2.728e-002  4.772e-002  8.934e-001  5.884e-002 
83 1-1  1.000e+000
83 1-2 -7.490e-001  1.000e+000
83 1-3 -5.170e-001 -1.799e-001  1.000e+000
83 2-1 -2.017e-001  1.643e-001  8.721e-002  1.000e+000
83 2-2  1.062e-001 -2.126e-001  1.169e-001 -6.372e-001  1.000e+000
83 2-3  5.143e-002  1.206e-001 -2.322e-001 -1.124e-001 -6.942e-001  1.000e+000
84  9.134e-001  5.552e-002  3.110e-002  4.637e-002  8.903e-001  6.330e-002 
84 1-1  1.000e+000
84 1-2 -6.992e-001  1.000e+000
84 1-3 -5.736e-001 -1.847e-001  1.000e+000
84 2-1 -2.005e-001  1.628e-001  8.919e-002  1.000e+000
84 2-2  8.304e-002 -2.098e-001  1.262e-001 -5.924e-001  1.000e+000
84 2-3  6.739e-002  1.209e-001 -2.311e-001 -1.161e-001 -7.314e-001  1.000e+000
85  9.084e-001  5.613e-002  3.544e-002  4.504e-002  8.869e-001  6.807e-002 
85 1-1  1.000e+000
85 1-2 -6.418e-001  1.000e+000
85 1-3 -6.310e-001 -1.900e-001  1.000e+000
85 2-1 -1.981e-001  1.611e-001  9.069e-002  1.000e+000
85 2-2  5.701e-002 -2.063e-001  1.357e-001 -5.446e-001  1.000e+000
85 2-3  8.402e-002  1.210e-001 -2.299e-001 -1.200e-001 -7.673e-001  1.000e+000
86  9.029e-001  5.671e-002  4.035e-002  4.373e-002  8.831e-001  7.317e-002 
86 1-1  1.000e+000
86 1-2 -5.779e-001  1.000e+000
86 1-3 -6.868e-001 -1.963e-001  1.000e+000
86 2-1 -1.946e-001  1.593e-001  9.186e-002  1.000e+000
86 2-2  2.930e-002 -2.022e-001  1.449e-001 -4.946e-001  1.000e+000
86 2-3  1.006e-001  1.211e-001 -2.287e-001 -1.242e-001 -8.009e-001  1.000e+000
87  8.968e-001  5.726e-002  4.591e-002  4.244e-002  8.789e-001  7.861e-002 
87 1-1  1.000e+000
87 1-2 -5.091e-001  1.000e+000
87 1-3 -7.387e-001 -2.040e-001  1.000e+000
87 2-1 -1.899e-001  1.573e-001  9.283e-002  1.000e+000
87 2-2  1.159e-003 -1.978e-001  1.536e-001 -4.437e-001  1.000e+000
87 2-3  1.164e-001  1.214e-001 -2.275e-001 -1.288e-001 -8.316e-001  1.000e+000
88  8.900e-001  5.777e-002  5.220e-002  4.117e-002  8.744e-001  8.442e-002 
88 1-1  1.000e+000
88 1-2 -4.374e-001  1.000e+000
88 1-3 -7.853e-001 -2.131e-001  1.000e+000
88 2-1 -1.845e-001  1.551e-001  9.368e-002  1.000e+000
88 2-2 -2.622e-002 -1.933e-001  1.616e-001 -3.929e-001  1.000e+000
88 2-3  1.311e-001  1.219e-001 -2.263e-001 -1.338e-001 -8.588e-001  1.000e+000
89  8.825e-001  5.822e-002  5.929e-002  3.992e-002  8.695e-001  9.062e-002 
89 1-1  1.000e+000
89 1-2 -3.646e-001  1.000e+000
89 1-3 -8.258e-001 -2.241e-001  1.000e+000
89 2-1 -1.786e-001  1.527e-001  9.449e-002  1.000e+000
89 2-2 -5.190e-002 -1.890e-001  1.688e-001 -3.430e-001  1.000e+000
89 2-3  1.442e-001  1.228e-001 -2.252e-001 -1.393e-001 -8.824e-001  1.000e+000
90  8.741e-001  5.862e-002  6.728e-002  3.869e-002  8.641e-001  9.722e-002 
90 1-1  1.000e+000
90 1-2 -2.920e-001  1.000e+000
90 1-3 -8.600e-001 -2.370e-001  1.000e+000
90 2-1 -1.726e-001  1.499e-001  9.533e-002  1.000e+000
90 2-2 -7.525e-002 -1.850e-001  1.751e-001 -2.946e-001  1.000e+000
90 2-3  1.556e-001  1.240e-001 -2.242e-001 -1.453e-001 -9.027e-001  1.000e+000