# DKFsr.txt
#IMaCh version 0.99r45, April 2023,INED-EUROREVES-Institut de longevite-Japan Society for the Promotion of Science (Grant-in-Aid for Scientific Research 25293121), Intel Software 2015-2020, Nihon University 2021-202, INED 2000-2022
#$Revision: 1.353 $ $Date: 2023/05/08 18:48:22 $
# Tue Feb 04 22:13:35 2025
#One-step probabilities and covariance matrix
# Age p1-1  p1-2  p1-3  p2-1  p2-2  p2-3 
50  9.661e-001  3.362e-002  3.234e-004  1.088e-001  8.866e-001  4.676e-003 
50 1-1  2.975e-005
50 1-2 -2.976e-005  2.981e-005
50 1-3  3.617e-009 -5.747e-008  5.386e-008
50 2-1 -2.447e-005  2.431e-005  1.592e-007  4.457e-004
50 2-2  2.469e-005 -2.464e-005 -4.813e-008 -4.434e-004  4.462e-004
50 2-3 -2.208e-007  3.318e-007 -1.111e-007 -2.310e-006 -2.842e-006  5.152e-006
51  9.655e-001  3.415e-002  3.702e-004  1.063e-001  8.886e-001  5.060e-003 
51 1-1  2.804e-005
51 1-2 -2.803e-005  2.809e-005
51 1-3 -3.872e-009 -6.225e-008  6.613e-008
51 2-1 -2.244e-005  2.227e-005  1.622e-007  3.926e-004
51 2-2  2.264e-005 -2.261e-005 -3.341e-008 -3.904e-004  3.938e-004
51 2-3 -2.086e-007  3.374e-007 -1.288e-007 -2.215e-006 -3.430e-006  5.644e-006
52  9.649e-001  3.470e-002  4.239e-004  1.039e-001  8.906e-001  5.474e-003 
52 1-1  2.635e-005
52 1-2 -2.633e-005  2.640e-005
52 1-3 -1.365e-008 -6.738e-008  8.103e-008
52 2-1 -2.053e-005  2.036e-005  1.647e-007  3.450e-004
52 2-2  2.072e-005 -2.070e-005 -1.559e-008 -3.429e-004  3.470e-004
52 2-3 -1.935e-007  3.426e-007 -1.491e-007 -2.121e-006 -4.049e-006  6.170e-006
53  9.643e-001  3.525e-002  4.853e-004  1.015e-001  8.926e-001  5.922e-003 
53 1-1  2.470e-005
53 1-2 -2.467e-005  2.474e-005
53 1-3 -2.619e-008 -7.288e-008  9.907e-008
53 2-1 -1.874e-005  1.857e-005  1.665e-007  3.025e-004
53 2-2  1.891e-005 -1.892e-005  5.686e-009 -3.005e-004  3.052e-004
53 2-3 -1.753e-007  3.475e-007 -1.722e-007 -2.030e-006 -4.699e-006  6.729e-006
54  9.636e-001  3.581e-002  5.556e-004  9.920e-002  8.944e-001  6.406e-003 
54 1-1  2.309e-005
54 1-2 -2.305e-005  2.313e-005
54 1-3 -4.206e-008 -7.881e-008  1.209e-007
54 2-1 -1.707e-005  1.690e-005  1.676e-007  2.647e-004
54 2-2  1.722e-005 -1.725e-005  3.076e-008 -2.628e-004  2.681e-004
54 2-3 -1.539e-007  3.522e-007 -1.984e-007 -1.943e-006 -5.379e-006  7.322e-006
55  9.630e-001  3.637e-002  6.361e-004  9.692e-002  8.962e-001  6.929e-003 
55 1-1  2.154e-005
55 1-2 -2.148e-005  2.156e-005
55 1-3 -6.187e-008 -8.524e-008  1.471e-007
55 2-1 -1.552e-005  1.536e-005  1.681e-007  2.312e-004
55 2-2  1.565e-005 -1.571e-005  5.998e-008 -2.293e-004  2.354e-004
55 2-3 -1.291e-007  3.571e-007 -2.280e-007 -1.860e-006 -6.087e-006  7.948e-006
56  9.623e-001  3.695e-002  7.282e-004  9.468e-002  8.978e-001  7.494e-003 
56 1-1  2.006e-005
56 1-2 -1.997e-005  2.006e-005
56 1-3 -8.635e-008 -9.224e-008  1.786e-007
56 2-1 -1.410e-005  1.393e-005  1.678e-007  2.017e-004
56 2-2  1.420e-005 -1.429e-005  9.369e-008 -1.999e-004  2.067e-004
56 2-3 -1.010e-007  3.624e-007 -2.615e-007 -1.783e-006 -6.822e-006  8.605e-006
57  9.616e-001  3.753e-002  8.336e-004  9.249e-002  8.994e-001  8.104e-003 
57 1-1  1.865e-005
57 1-2 -1.854e-005  1.864e-005
57 1-3 -1.163e-007 -9.994e-008  2.162e-007
57 2-1 -1.279e-005  1.262e-005  1.669e-007  1.759e-004
57 2-2  1.286e-005 -1.299e-005  1.322e-007 -1.742e-004  1.817e-004
57 2-3 -6.952e-008  3.686e-007 -2.991e-007 -1.712e-006 -7.579e-006  9.292e-006
58  9.609e-001  3.813e-002  9.543e-004  9.034e-002  9.009e-001  8.763e-003 
58 1-1  1.734e-005
58 1-2 -1.719e-005  1.730e-005
58 1-3 -1.526e-007 -1.085e-007  2.611e-007
58 2-1 -1.159e-005  1.143e-005  1.654e-007  1.534e-004
58 2-2  1.163e-005 -1.180e-005  1.758e-007 -1.518e-004  1.601e-004
58 2-3 -3.495e-008  3.761e-007 -3.412e-007 -1.648e-006 -8.357e-006  1.001e-005
59  9.602e-001  3.873e-002  1.092e-003  8.823e-002  9.023e-001  9.474e-003 
59 1-1  1.613e-005
59 1-2 -1.594e-005  1.606e-005
59 1-3 -1.962e-007 -1.181e-007  3.144e-007
59 2-1 -1.051e-005  1.035e-005  1.634e-007  1.340e-004
59 2-2  1.051e-005 -1.074e-005  2.247e-007 -1.324e-004  1.416e-004
59 2-3  2.459e-009  3.856e-007 -3.881e-007 -1.593e-006 -9.150e-006  1.074e-005
60  9.594e-001  3.934e-002  1.251e-003  8.616e-002  9.036e-001  1.024e-002 
60 1-1  1.505e-005
60 1-2 -1.480e-005  1.493e-005
60 1-3 -2.483e-007 -1.290e-007  3.773e-007
60 2-1 -9.549e-006  9.388e-006  1.611e-007  1.174e-004
60 2-2  9.507e-006 -9.786e-006  2.791e-007 -1.159e-004  1.259e-004
60 2-3  4.224e-008  3.980e-007 -4.402e-007 -1.547e-006 -9.955e-006  1.150e-005
61  9.586e-001  3.995e-002  1.431e-003  8.413e-002  9.048e-001  1.107e-002 
61 1-1  1.410e-005
61 1-2 -1.379e-005  1.393e-005
61 1-3 -3.098e-007 -1.417e-007  4.514e-007
61 2-1 -8.696e-006  8.538e-006  1.589e-007  1.034e-004
61 2-2  8.613e-006 -8.952e-006  3.391e-007 -1.019e-004  1.127e-004
61 2-3  8.375e-008  4.142e-007 -4.979e-007 -1.512e-006 -1.077e-005  1.228e-005
62  9.578e-001  4.058e-002  1.639e-003  8.213e-002  9.059e-001  1.197e-002 
62 1-1  1.330e-005
62 1-2 -1.292e-005  1.307e-005
62 1-3 -3.819e-007 -1.564e-007  5.383e-007
62 2-1 -7.955e-006  7.798e-006  1.570e-007  9.172e-005
62 2-2  7.829e-006 -8.233e-006  4.045e-007 -9.023e-005  1.018e-004
62 2-3  1.261e-007  4.354e-007 -5.615e-007 -1.489e-006 -1.158e-005  1.307e-005
63  9.569e-001  4.121e-002  1.875e-003  8.018e-002  9.069e-001  1.293e-002 
63 1-1  1.267e-005
63 1-2 -1.220e-005  1.237e-005
63 1-3 -4.657e-007 -1.740e-007  6.397e-007
63 2-1 -7.323e-006  7.167e-006  1.561e-007  8.211e-005
63 2-2  7.155e-006 -7.630e-006  4.753e-007 -8.063e-005  9.302e-005
63 2-3  1.682e-007  4.632e-007 -6.314e-007 -1.479e-006 -1.238e-005  1.386e-005
64  9.560e-001  4.185e-002  2.146e-003  7.826e-002  9.078e-001  1.397e-002 
64 1-1  1.222e-005
64 1-2 -1.166e-005  1.185e-005
64 1-3 -5.625e-007 -1.950e-007  7.576e-007
64 2-1 -6.799e-006  6.642e-006  1.569e-007  7.438e-005
64 2-2  6.590e-006 -7.141e-006  5.510e-007 -7.290e-005  8.608e-005
64 2-3  2.086e-007  4.993e-007 -7.079e-007 -1.484e-006 -1.318e-005  1.467e-005
65  9.550e-001  4.250e-002  2.457e-003  7.637e-002  9.085e-001  1.510e-002 
65 1-1  1.198e-005
65 1-2 -1.131e-005  1.153e-005
65 1-3 -6.733e-007 -2.206e-007  8.940e-007
65 2-1 -6.382e-006  6.221e-006  1.601e-007  6.835e-005
65 2-2  6.136e-006 -6.767e-006  6.313e-007 -6.684e-005  8.081e-005
65 2-3  2.457e-007  5.458e-007 -7.915e-007 -1.506e-006 -1.397e-005  1.548e-005
66  9.540e-001  4.316e-002  2.811e-003  7.452e-002  9.092e-001  1.631e-002 
66 1-1  1.196e-005
66 1-2 -1.117e-005  1.142e-005
66 1-3 -7.992e-007 -2.521e-007  1.051e-006
66 2-1 -6.070e-006  5.903e-006  1.672e-007  6.382e-005
66 2-2  5.793e-006 -6.508e-006  7.156e-007 -6.228e-005  7.702e-005
66 2-3  2.776e-007  6.052e-007 -8.828e-007 -1.547e-006 -1.474e-005  1.629e-005
67  9.530e-001  4.383e-002  3.217e-003  7.271e-002  9.097e-001  1.762e-002 
67 1-1  1.219e-005
67 1-2 -1.125e-005  1.154e-005
67 1-3 -9.412e-007 -2.912e-007  1.232e-006
67 2-1 -5.864e-006  5.684e-006  1.794e-007  6.064e-005
67 2-2  5.562e-006 -6.365e-006  8.032e-007 -5.903e-005  7.453e-005
67 2-3  3.020e-007  6.806e-007 -9.826e-007 -1.610e-006 -1.550e-005  1.711e-005
68  9.518e-001  4.450e-002  3.681e-003  7.093e-002  9.100e-001  1.902e-002 
68 1-1  1.268e-005
68 1-2 -1.158e-005  1.192e-005
68 1-3 -1.101e-006 -3.400e-007  1.441e-006
68 2-1 -5.761e-006  5.562e-006  1.987e-007  5.863e-005
68 2-2  5.444e-006 -6.338e-006  8.935e-007 -5.694e-005  7.320e-005
68 2-3  3.166e-007  7.755e-007 -1.092e-006 -1.697e-006 -1.626e-005  1.796e-005
69  9.506e-001  4.518e-002  4.212e-003  6.918e-002  9.103e-001  2.054e-002 
69 1-1  1.346e-005
69 1-2 -1.218e-005  1.258e-005
69 1-3 -1.279e-006 -4.012e-007  1.680e-006
69 2-1 -5.762e-006  5.534e-006  2.273e-007  5.767e-005
69 2-2  5.442e-006 -6.428e-006  9.859e-007 -5.585e-005  7.288e-005
69 2-3  3.192e-007  8.940e-007 -1.213e-006 -1.812e-006 -1.702e-005  1.883e-005
70  9.493e-001  4.586e-002  4.819e-003  6.747e-002  9.104e-001  2.218e-002 
70 1-1  1.454e-005
70 1-2 -1.307e-005  1.354e-005
70 1-3 -1.478e-006 -4.786e-007  1.956e-006
70 2-1 -5.866e-006  5.597e-006  2.683e-007  5.760e-005
70 2-2  5.558e-006 -6.638e-006  1.080e-006 -5.564e-005  7.346e-005
70 2-3  3.078e-007  1.041e-006 -1.349e-006 -1.959e-006 -1.782e-005  1.978e-005
71  9.479e-001  4.655e-002  5.512e-003  6.578e-002  9.103e-001  2.394e-002 
71 1-1  1.596e-005
71 1-2 -1.426e-005  1.483e-005
71 1-3 -1.702e-006 -5.766e-007  2.279e-006
71 2-1 -6.074e-006  5.748e-006  3.251e-007  5.830e-005
71 2-2  5.793e-006 -6.971e-006  1.178e-006 -5.616e-005  7.484e-005
71 2-3  2.808e-007  1.222e-006 -1.503e-006 -2.142e-006 -1.868e-005  2.083e-005
72  9.464e-001  4.725e-002  6.305e-003  6.413e-002  9.100e-001  2.583e-002 
72 1-1  1.773e-005
72 1-2 -1.577e-005  1.648e-005
72 1-3 -1.958e-006 -7.013e-007  2.659e-006
72 2-1 -6.386e-006  5.984e-006  4.020e-007  5.967e-005
72 2-2  6.148e-006 -7.428e-006  1.280e-006 -5.730e-005  7.697e-005
72 2-3  2.382e-007  1.444e-006 -1.682e-006 -2.368e-006 -1.967e-005  2.204e-005
73  9.448e-001  4.795e-002  7.211e-003  6.250e-002  9.096e-001  2.788e-002 
73 1-1  1.989e-005
73 1-2 -1.764e-005  1.850e-005
73 1-3 -2.257e-006 -8.601e-007  3.117e-006
73 2-1 -6.805e-006  6.301e-006  5.045e-007  6.158e-005
73 2-2  6.623e-006 -8.015e-006  1.392e-006 -5.894e-005  7.979e-005
73 2-3  1.817e-007  1.715e-006 -1.896e-006 -2.644e-006 -2.085e-005  2.350e-005
74  9.431e-001  4.865e-002  8.246e-003  6.091e-002  9.090e-001  3.007e-002 
74 1-1  2.248e-005
74 1-2 -1.986e-005  2.093e-005
74 1-3 -2.620e-006 -1.063e-006  3.683e-006
74 2-1 -7.333e-006  6.694e-006  6.390e-007  6.394e-005
74 2-2  7.217e-006 -8.737e-006  1.520e-006 -6.097e-005  8.331e-005
74 2-3  1.163e-007  2.043e-006 -2.159e-006 -2.977e-006 -2.234e-005  2.532e-005
75  9.412e-001  4.936e-002  9.428e-003  5.934e-002  9.082e-001  3.243e-002 
75 1-1  2.555e-005
75 1-2 -2.247e-005  2.379e-005
75 1-3 -3.080e-006 -1.323e-006  4.404e-006
75 2-1 -7.973e-006  7.160e-006  8.133e-007  6.667e-005
75 2-2  7.921e-006 -9.599e-006  1.678e-006 -6.329e-005  8.757e-005
75 2-3  5.196e-008  2.439e-006 -2.491e-006 -3.380e-006 -2.428e-005  2.766e-005
76  9.392e-001  5.006e-002  1.078e-002  5.780e-002  9.072e-001  3.497e-002 
76 1-1  2.915e-005
76 1-2 -2.546e-005  2.712e-005
76 1-3 -3.694e-006 -1.657e-006  5.351e-006
76 2-1 -8.731e-006  7.694e-006  1.037e-006  6.968e-005
76 2-2  8.725e-006 -1.061e-005  1.885e-006 -6.581e-005  9.266e-005
76 2-3  5.315e-009  2.916e-006 -2.921e-006 -3.862e-006 -2.685e-005  3.071e-005
77  9.369e-001  5.077e-002  1.232e-002  5.629e-002  9.060e-001  3.770e-002 
77 1-1  3.340e-005
77 1-2 -2.885e-005  3.093e-005
77 1-3 -4.550e-006 -2.086e-006  6.636e-006
77 2-1 -9.612e-006  8.291e-006  1.321e-006  7.288e-005
77 2-2  9.609e-006 -1.178e-005  2.170e-006 -6.844e-005  9.875e-005
77 2-3  3.061e-009  3.488e-006 -3.491e-006 -4.440e-006 -3.031e-005  3.475e-005
78  9.345e-001  5.147e-002  1.407e-002  5.480e-002  9.046e-001  4.064e-002 
78 1-1  3.842e-005
78 1-2 -3.263e-005  3.527e-005
78 1-3 -5.787e-006 -2.640e-006  8.426e-006
78 2-1 -1.062e-005  8.945e-006  1.680e-006  7.622e-005
78 2-2  1.054e-005 -1.312e-005  2.577e-006 -7.109e-005  1.061e-004
78 2-3  8.569e-008  4.171e-006 -4.257e-006 -5.132e-006 -3.498e-005  4.011e-005
79  9.318e-001  5.217e-002  1.608e-002  5.334e-002  9.029e-001  4.379e-002 
79 1-1  4.442e-005
79 1-2 -3.680e-005  4.016e-005
79 1-3 -7.619e-006 -3.356e-006  1.098e-005
79 2-1 -1.178e-005  9.651e-006  2.129e-006  7.963e-005
79 2-2  1.147e-005 -1.464e-005  3.170e-006 -7.367e-005  1.149e-004
79 2-3  3.126e-007  4.986e-006 -5.299e-006 -5.958e-006 -4.127e-005  4.723e-005
80  9.288e-001  5.287e-002  1.836e-002  5.190e-002  9.009e-001  4.717e-002 
80 1-1  5.171e-005
80 1-2 -4.134e-005  4.563e-005
80 1-3 -1.037e-005 -4.286e-006  1.466e-005
80 2-1 -1.309e-005  1.040e-005  2.688e-006  8.305e-005
80 2-2  1.232e-005 -1.636e-005  4.037e-006 -7.610e-005  1.258e-004
80 2-3  7.690e-007  5.956e-006 -6.725e-006 -6.943e-006 -4.971e-005  5.666e-005
81  9.255e-001  5.355e-002  2.096e-002  5.048e-002  8.987e-001  5.079e-002 
81 1-1  6.073e-005
81 1-2 -4.620e-005  5.170e-005
81 1-3 -1.453e-005 -5.498e-006  2.003e-005
81 2-1 -1.457e-005  1.119e-005  3.380e-006  8.643e-005
81 2-2  1.299e-005 -1.830e-005  5.301e-006 -7.831e-005  1.393e-004
81 2-3  1.574e-006  7.107e-006 -8.681e-006 -8.118e-006 -6.096e-005  6.908e-005
82  9.219e-001  5.422e-002  2.392e-002  4.909e-002  8.962e-001  5.468e-002 
82 1-1  7.212e-005
82 1-2 -5.132e-005  5.840e-005
82 1-3 -2.081e-005 -7.081e-006  2.789e-005
82 2-1 -1.624e-005  1.201e-005  4.232e-006  8.972e-005
82 2-2  1.335e-005 -2.048e-005  7.133e-006 -8.020e-005  1.560e-004
82 2-3  2.892e-006  8.473e-006 -1.137e-005 -9.516e-006 -7.582e-005  8.534e-005
83  9.178e-001  5.488e-002  2.728e-002  4.772e-002  8.934e-001  5.884e-002 
83 1-1  8.683e-005
83 1-2 -5.659e-005  6.575e-005
83 1-3 -3.024e-005 -9.158e-006  3.940e-005
83 2-1 -1.812e-005  1.284e-005  5.276e-006  9.289e-005
83 2-2  1.317e-005 -2.293e-005  9.762e-006 -8.171e-005  1.770e-004
83 2-3  4.946e-006  1.009e-005 -1.504e-005 -1.118e-005 -9.531e-005  1.065e-004
84  9.134e-001  5.552e-002  3.110e-002  4.637e-002  8.903e-001  6.330e-002 
84 1-1  1.062e-004
84 1-2 -6.189e-005  7.378e-005
84 1-3 -4.431e-005 -1.189e-005  5.620e-005
84 2-1 -2.024e-005  1.369e-005  6.548e-006  9.590e-005
84 2-2  1.220e-005 -2.570e-005  1.349e-005 -8.274e-005  2.034e-004
84 2-3  8.034e-006  1.201e-005 -2.004e-005 -1.315e-005 -1.207e-004  1.338e-004
85  9.084e-001  5.613e-002  3.544e-002  4.504e-002  8.869e-001  6.807e-002 
85 1-1  1.321e-004
85 1-2 -6.701e-005  8.251e-005
85 1-3 -6.513e-005 -1.550e-005  8.063e-005
85 2-1 -2.263e-005  1.454e-005  8.091e-006  9.871e-005
85 2-2  1.008e-005 -2.882e-005  1.874e-005 -8.321e-005  2.366e-004
85 2-3  1.255e-005  1.428e-005 -2.683e-005 -1.550e-005 -1.533e-004  1.688e-004
86  9.029e-001  5.671e-002  4.035e-002  4.373e-002  8.831e-001  7.317e-002 
86 1-1  1.673e-004
86 1-2 -7.167e-005  9.194e-005
86 1-3 -9.565e-005 -2.027e-005  1.159e-004
86 2-1 -2.533e-005  1.537e-005  9.954e-006  1.013e-004
86 2-2  6.321e-006 -3.234e-005  2.602e-005 -8.303e-005  2.782e-004
86 2-3  1.901e-005  1.696e-005 -3.597e-005 -1.827e-005 -1.952e-004  2.134e-004
87  8.968e-001  5.726e-002  4.591e-002  4.244e-002  8.789e-001  7.861e-002 
87 1-1  2.154e-004
87 1-2 -7.551e-005  1.021e-004
87 1-3 -1.399e-004 -2.659e-005  1.665e-004
87 2-1 -2.838e-005  1.619e-005  1.219e-005  1.036e-004
87 2-2  3.092e-007 -3.633e-005  3.602e-005 -8.211e-005  3.304e-004
87 2-3  2.807e-005  2.014e-005 -4.821e-005 -2.153e-005 -2.483e-004  2.698e-004
88  8.900e-001  5.777e-002  5.220e-002  4.117e-002  8.744e-001  8.442e-002 
88 1-1  2.814e-004
88 1-2 -7.801e-005  1.130e-004
88 1-3 -2.034e-004 -3.498e-005  2.384e-004
88 2-1 -3.183e-005  1.696e-005  1.487e-005  1.057e-004
88 2-2 -8.748e-006 -4.087e-005  4.962e-005 -8.034e-005  3.955e-004
88 2-3  4.058e-005  2.391e-005 -6.449e-005 -2.538e-005 -3.151e-004  3.405e-004
89  8.825e-001  5.822e-002  5.929e-002  3.992e-002  8.695e-001  9.062e-002 
89 1-1  3.722e-004
89 1-2 -7.851e-005  1.246e-004
89 1-3 -2.936e-004 -4.611e-005  3.398e-004
89 2-1 -3.573e-005  1.767e-005  1.806e-005  1.075e-004
89 2-2 -2.185e-005 -4.605e-005  6.790e-005 -7.762e-005  4.764e-004
89 2-3  5.758e-005  2.838e-005 -8.596e-005 -2.990e-005 -3.987e-004  4.286e-004
90  8.741e-001  5.862e-002  6.728e-002  3.869e-002  8.641e-001  9.722e-002 
90 1-1  4.965e-004
90 1-2 -7.615e-005  1.370e-004
90 1-3 -4.203e-004 -6.086e-005  4.812e-004
90 2-1 -4.015e-005  1.831e-005  2.183e-005  1.090e-004
90 2-2 -4.025e-005 -5.198e-005  9.223e-005 -7.384e-005  5.764e-004
90 2-3  8.040e-005  3.367e-005 -1.141e-004 -3.518e-005 -5.025e-004  5.377e-004