# Powell
# iter -2*LL p12 p13 p21 p23
1 1 9899.696326914598 0 0.000000000000 0.000000000000 0.000000000000 0.000000000000 0.000000000000 0.000000000000 0.000000000000 0.000000000000
2 2 2531.976834461180 1 5.416260599253 -0.001375035044 -0.694973153328 0.001358288316 3.008153407560 -0.000924972910 -1.033760387083 0.002848283064
3 2 2419.780232308061 1 3.654213878239 -0.002920663634 -1.641253506008 0.004929760330 2.827353424841 -0.001560709175 -1.263571477385 -0.010279908621
4 3 1590.826828292795 1 -1.239531175019 -0.015235169235 -6.298355770441 0.026778257513 1.826289732320 0.050676373732 0.385166781349 -0.027114645215
5 3 1570.980131487130 2 -1.261937784795 -0.013839005263 -6.389046528871 0.024279719964 1.747584280170 0.052370314402 0.148735562177 -0.001705714886
6 4 1522.159003043987 2 -3.224597435091 0.013714387432 -7.092431003169 0.033996378512 0.514879781901 0.070375521949 -4.502214827573 0.099171516874
7 4 1492.642567741426 2 -3.535214122771 0.020815557937 -7.449584733268 0.032579533306 0.322677667710 0.076695690065 -6.015266041740 0.125612576169
8 5 1468.056370788348 3 -4.280980846762 0.032113787311 -7.999820897825 0.023417423333 0.076108406478 0.086306229319 -8.472031160833 0.167764509968
9 5 1454.768032048296 3 -4.622716809604 0.037105183382 -8.282169814462 0.025954061130 0.037600477952 0.090786878655 -9.655243433775 0.182637918481
10 6 1431.500775352350 4 -5.777498883043 0.052779808243 -8.967111942637 0.053370148739 -0.298663617670 0.103206380503 -13.233347417424 0.230347300640
11 6 1426.665049516231 4 -6.174096071270 0.058851138836 -9.302614904999 0.058148648101 -0.389798707705 0.108700277556 -14.632677127391 0.249393947966
12 7 1422.061696235056 4 -7.370525345532 0.075356312225 -10.206277748115 0.070370990191 -0.662154092041 0.123607899771 -18.399525596688 0.302880816335
13 7 1421.879381782424 5 -7.413806752454 0.076043780903 -10.263903531185 0.071726140082 -0.662300328373 0.124419865112 -18.552458172001 0.304573162029
14 8 1421.662220928495 5 -7.517835707220 0.077575147724 -10.473559440411 0.076023776968 -0.646406472387 0.127081635555 -18.800209605646 0.309411684833
15 8 1421.498698864288 5 -7.595975796383 0.078842980001 -10.605085304060 0.077819746290 -0.645830187681 0.128852501993 -19.013173689882 0.313409092756
16 9 1417.374556657204 5 -7.529454440612 0.077447818070 -13.250943320654 0.114454196037 0.264734720181 0.155168835218 -15.290021290948 0.305564152934
17 9 1417.038181421221 5 -7.358966241839 0.075430510066 -13.468926668755 0.116617173027 0.412312787589 0.156651023528 -14.382190180693 0.297704165804
18 10 1417.013387796603 6 -7.363033572532 0.075371783411 -13.516535746799 0.117155668280 0.431651172030 0.157107298892 -14.293857649804 0.297112684643
19 10 1417.006947335124 6 -7.367941233026 0.075344834327 -13.527452059396 0.117339512426 0.436375246866 0.157207225255 -14.247386647953 0.296520122211
20 11 1417.002716495327 6 -7.368837121456 0.075355856340 -13.535785611453 0.117484974149 0.438104447679 0.157298613042 -14.219524504218 0.296296765828
21 11 1416.866030005126 6 -7.408389332346 0.076098586803 -13.571628546545 0.117619526615 0.401505405367 0.158089901761 -13.069233204408 0.283244360518
22 12 1416.804836011398 6 -7.533433490450 0.077762085925 -13.597102919751 0.118039323348 0.343714289331 0.158683753860 -13.073492510174 0.283323641410
23 12 1416.793502535148 7 -7.583002308223 0.078461168399 -13.556120798636 0.117480692936 0.303585259476 0.158397523596 -13.177602929961 0.283868442848
24 13 1416.790518359824 7 -7.607024827015 0.078794166429 -13.531937568491 0.117174359045 0.282776136571 0.158230453306 -13.225466166056 0.284035174486
25 13 1416.789732941099 7 -7.618890193560 0.078956526298 -13.521289312174 0.117050129761 0.272923297629 0.158166146503 -13.244545507922 0.284078029356
26 14 1416.789547888859 7 -7.624537497242 0.079033486448 -13.516663549199 0.116999127451 0.268373008755 0.158140947772 -13.252537631182 0.284090700047
27 14 1416.789507301880 7 -7.627159913700 0.079069191077 -13.514601918973 0.116977005259 0.266285654181 0.158130163451 -13.256060441539 0.284095232748
28 15 1416.789498652699 8 -7.628363758217 0.079085576919 -13.513669732867 0.116967113343 0.265330637876 0.158125239532 -13.257648554470 0.284096974081
29 15 1416.789496814147 8 -7.628914105876 0.079093066328 -13.513245261344 0.116962625640 0.264893310231 0.158122862454 -13.258368038044 0.284097549026
30 16 1416.789496410614 8 -7.629166164242 0.079096498273 -13.513052532259 0.116960593417 0.264692394677 0.158121642283 -13.258698256675 0.284097679564
31 16 1416.789496309602 8 -7.629280525608 0.079098054135 -13.512963467680 0.116959652851 0.264599585510 0.158120920437 -13.258850843958 0.284097586168
32 17 1416.789496234820 9 -7.629463683322 0.079100547601 -13.512824093135 0.116958191400 0.264447669668 0.158119291491 -13.259091509388 0.284096865700
33 17 1416.789496212844 9 -7.629463127819 0.079100537360 -13.512825698179 0.116958212569 0.264444609352 0.158119007747 -13.259082245026 0.284096425581
34 18 1416.789467782147 9 -7.628565503293 0.079080445896 -13.513951895246 0.116979929787 0.255653063215 0.157352674777 -13.271767660594 0.283370338864
35 18 1416.789381700637 9 -7.624733024357 0.079020338148 -13.516057135470 0.117014867421 0.228484232001 0.155023020418 -13.302278340889 0.281073469203
36 19 1416.624458871259 10 -7.492781483484 0.077062609125 -13.580628500834 0.117995790564 -0.867173853178 0.063044935875 -14.449099739872 0.189561811667
37 19 1416.427606891485 10 -7.590609884228 0.078142006232 -13.433578743307 0.115576983722 -1.024837940365 0.057192355030 -14.364759601850 0.181600819163
38 20 1415.976915312666 10 -7.909229574030 0.081644182352 -13.034798615396 0.109491142238 -1.404798728852 0.046359562386 -14.491414729154 0.169297342958
39 20 1415.549345942821 10 -8.118854867571 0.083869795905 -12.778096255836 0.105158920551 -1.594465297523 0.044937985595 -14.431118045969 0.166210625907
40 21 1411.274863115012 10 -9.035839155648 0.091233772861 -11.075929427141 0.074843327831 -2.641098220278 0.032027608555 -13.132468020891 0.134752301732
41 21 1402.291948545728 11 -9.618580453743 0.097654935724 -10.758406953431 0.069629778761 -3.003620052039 0.033323508938 -14.110585462618 0.143950562015
42 22 1359.712477611498 11 -13.034855295900 0.135687359673 -8.923815283722 0.038116857618 -5.159810912027 0.047191624871 -15.105729425025 0.149740366406
43 22 1337.437832157064 11 -14.070427840711 0.147130278938 -8.324950222960 0.028346968276 -5.748185450472 0.057451569850 -15.312563020045 0.155407725808
44 23 1329.674958921321 11 -15.052701310102 0.157382520839 -7.471141361588 0.014846202906 -6.386937500622 0.067541722508 -14.255021084675 0.145359227659
45 23 1327.837365198346 11 -14.912479914347 0.154994534982 -7.214863299696 0.011544955062 -6.367285463909 0.066365503785 -14.125218428299 0.143409604268
46 24 1316.890899159409 12 -12.433886609279 0.117920570695 -4.852254758843 -0.016283636901 -5.535434494600 0.049027787909 -13.879022885408 0.138339557882
47 24 1316.778861124114 12 -12.378896304450 0.117226235629 -4.889480381673 -0.015665152441 -5.496374794830 0.048689182539 -13.969306960840 0.139446399122
48 25 1307.980767382801 12 -9.880627955717 0.077832669592 -6.450049202038 0.007277699396 -3.784269175679 0.023670653874 -14.826520294611 0.148720237898
49 25 1297.585221376437 12 -8.754426760051 0.061380752920 -7.994058870598 0.028578052963 -2.915207578832 0.008875471901 -14.051123119088 0.137408156215
50 26 1291.122936610842 12 -7.514612440041 0.043899748948 -10.926187301016 0.068950903923 -1.744709106712 -0.009486164188 -12.083760276592 0.110751398869
51 26 1289.855366207117 12 -7.302050351887 0.040992437477 -11.554540834093 0.078323906174 -1.508282672296 -0.012238836014 -12.007085742387 0.110037447673
52 27 1282.162078167255 13 -7.776298146517 0.046100268669 -14.004269727150 0.116857593787 -1.263529381978 -0.016128523391 -12.918367455180 0.120465633605
53 27 1280.402106031982 13 -8.474310502186 0.055996901481 -13.641009928623 0.112397927119 -1.726722021943 -0.010210149396 -12.489830801101 0.115092125947
54 28 1279.420908587316 13 -8.734730835958 0.059459923755 -12.765425952369 0.102367218242 -2.044517500152 -0.005457090707 -12.216036474771 0.111356971871
55 28 1279.352470271426 13 -8.664791264213 0.058340508660 -12.757533651634 0.102206787433 -2.004678193205 -0.005753147723 -12.184421283199 0.111090815883
56 29 1279.295879093313 13 -8.683642625942 0.058142504518 -12.815399464517 0.102909393146 -2.000505651063 -0.005941860478 -12.060643758896 0.109564770193
57 29 1279.290798007437 14 -8.728792583563 0.058774838891 -12.817583071854 0.102970931181 -2.023886507884 -0.005593371207 -12.077829259650 0.109776087092
58 30 1279.288164503228 14 -8.773239421212 0.059409278306 -12.829731158592 0.103069284018 -2.044618594229 -0.005289219720 -12.105776592166 0.110129856828
59 30 1279.288045846883 14 -8.769554806964 0.059359317412 -12.836020900641 0.103139508966 -2.041407622656 -0.005335570390 -12.105244785588 0.110124581338
60 31 1279.287835851261 14 -8.766877148951 0.059323066503 -12.844953449558 0.103260782928 -2.037999494454 -0.005358120279 -12.104080798144 0.110108320655
61 31 1279.287593278926 14 -8.765228396444 0.059302588152 -12.854342791842 0.103381813027 -2.035289239200 -0.005387937984 -12.097161731805 0.110025015475
62 32 1279.287334819843 15 -8.764551183991 0.059298215518 -12.857900228769 0.103436675739 -2.033848696147 -0.005386804577 -12.104391918463 0.110108890805
63 32 1279.286113566505 15 -8.766398624075 0.059331370657 -12.849636045336 0.103352882104 -2.035092646474 -0.005323858979 -12.130422818299 0.110415245682
64 33 1279.281698854074 15 -8.772604587796 0.059404910280 -12.798382363476 0.102709619845 -2.044980830792 -0.005143019042 -12.180504345160 0.111012319836
65 33 1279.274947312529 16 -8.752592967690 0.059062944505 -12.780166119068 0.102428204288 -2.032191214337 -0.005269877414 -12.210627990361 0.111370836051
66 34 1279.257044628953 17 -8.701598339363 0.058201274872 -12.804687897224 0.102604638960 -1.988983222901 -0.005877111271 -12.204525667418 0.111296080319
67 34 1279.194632665531 18 -8.623401076156 0.056900089605 -12.913629548452 0.103777852091 -1.896838795761 -0.007277089815 -12.110196315599 0.110167887583
68 35 1278.873726633912 20 -8.505221173474 0.054956569047 -13.176067190184 0.106726428566 -1.635138935124 -0.011146793524 -11.830913302981 0.106843153541
69 35 1277.471875982894 20 -8.561995245612 0.055788956258 -13.489740570684 0.110239090929 -0.970358898230 -0.020503145137 -11.276625181204 0.100324563056
70 36 1275.454879911166 21 -9.020483473933 0.062929043155 -12.965984402424 0.103896277358 -0.850335225980 -0.021752859976 -11.470464208769 0.102772228320
71 36 1273.803848656726 21 -9.807709895981 0.074137551066 -11.529054935322 0.085171416266 -0.614109606014 -0.025158844186 -12.019474729695 0.109642712129
72 37 1273.720515130695 22 -9.764821541250 0.073261821727 -11.366162379442 0.082633371526 -0.561046931140 -0.026123312337 -11.988068390096 0.109306704280
73 37 1273.717120222489 22 -9.751067655949 0.073043903805 -11.320860603240 0.081975233581 -0.569901366446 -0.026018473099 -12.004532817688 0.109513158459
74 38 1273.716935560395 22 -9.748401400991 0.073002082290 -11.313302980928 0.081858751039 -0.569387842533 -0.026025798201 -12.012019085959 0.109604761075
75 38 1273.716911942321 23 -9.747832120268 0.072991499572 -11.311530608946 0.081828857821 -0.568339083329 -0.026041135862 -12.014179663759 0.109631254549
76 39 1273.716909121383 24 -9.747654439959 0.072987941278 -11.310862768748 0.081817726957 -0.567994251203 -0.026046429833 -12.014801236942 0.109638929397
77 39 1273.716908828530 24 -9.747589450912 0.072986692401 -11.310618490709 0.081813749336 -0.567905115926 -0.026047850277 -12.014998797612 0.109641375541
78 40 1273.716908799462 25 -9.747567247962 0.072986282392 -11.310538924826 0.081812461793 -0.567879402039 -0.026048260772 -12.015063472537 0.109642174700
79 40 1273.716908796442 25 -9.747560527214 0.072986157960 -11.310513860363 0.081812054761 -0.567870469340 -0.026048399614 -12.015085856554 0.109642452270
80 41 1273.716908796119 26 -9.747558226810 0.072986116037 -11.310506817474 0.081811936256 -0.567867594052 -0.026048446463 -12.015092800034 0.109642537911
81 41 1273.716908796078 27 -9.747557400570 0.072986100592 -11.310503955280 0.081811889535 -0.567866679172 -0.026048459023 -12.015095042121 0.109642566382
82 42 1273.716908796073 28 -9.747557089750 0.072986096585 -11.310502934634 0.081811873136 -0.567866400338 -0.026048463201 -12.015095998357 0.109642577056
