# SEMsr.txt
#IMaCh version 0.99r45, April 2023,INED-EUROREVES-Institut de longevite-Japan Society for the Promotion of Science (Grant-in-Aid for Scientific Research 25293121), Intel Software 2015-2020, Nihon University 2021-202, INED 2000-2022
#$Revision: 1.353 $ $Date: 2023/05/08 18:48:22 $
# Tue Feb 04 22:13:36 2025

#****** ******
# (a) Life expectancies by health status at initial age and (b) health expectancies by health status at initial age
# Age e11  e12  e1.  e21  e22  e2. 
 50  23.3916   9.1613  32.5529  20.5209  11.4185  31.9394
 51  22.5662   9.0257  31.5920  19.6324  11.2961  30.9285
 52  21.7517   8.8843  30.6359  18.7553  11.1647  29.9200
 53  20.9485   8.7368  29.6853  17.8903  11.0242  28.9146
 54  20.1574   8.5833  28.7407  17.0385  10.8743  27.9128
 55  19.3788   8.4239  27.8027  16.2006  10.7150  26.9155
 56  18.6134   8.2584  26.8719  15.3777  10.5460  25.9236
 57  17.8618   8.0871  25.9489  14.5707  10.3673  24.9380
 58  17.1245   7.9100  25.0345  13.7806  10.1790  23.9596
 59  16.4021   7.7273  24.1293  13.0085   9.9812  22.9897
 60  15.6951   7.5391  23.2342  12.2553   9.7740  22.0292
 61  15.0041   7.3457  22.3498  11.5219   9.5577  21.0796
 62  14.3296   7.1474  21.4770  10.8094   9.3325  20.1419
 63  13.6720   6.9444  20.6164  10.1185   9.0991  19.2176
 64  13.0319   6.7372  19.7690   9.4502   8.8577  18.3079
 65  12.4095   6.5260  18.9355   8.8053   8.6091  17.4144
 66  11.8052   6.3114  18.1166   8.1845   8.3538  16.5382
 67  11.2193   6.0938  17.3131   7.5884   8.0926  15.6809
 68  10.6521   5.8737  16.5258   7.0175   7.8262  14.8437
 69  10.1037   5.6516  15.7553   6.4724   7.5556  14.0280
 70   9.5742   5.4281  15.0023   5.9534   7.2816  13.2350
 71   9.0637   5.2037  14.2674   5.4606   7.0052  12.4659
 72   8.5721   4.9790  13.5511   4.9943   6.7274  11.7217
 73   8.0994   4.7546  12.8540   4.5543   6.4491  11.0034
 74   7.6454   4.5311  12.1764   4.1406   6.1713  10.3119
 75   7.2098   4.3090  11.5188   3.7528   5.8951   9.6479
 76   6.7925   4.0890  10.8815   3.3907   5.6214   9.0121
 77   6.3930   3.8716  10.2646   3.0537   5.3511   8.4048
 78   6.0110   3.6574   9.6684   2.7411   5.0851   7.8263
 79   5.6460   3.4469   9.0930   2.4524   4.8244   7.2768
 80   5.2977   3.2407   8.5383   2.1866   4.5696   6.7563
 81   4.9654   3.0391   8.0045   1.9430   4.3216   6.2645
 82   4.6487   2.8428   7.4914   1.7204   4.0808   5.8013
 83   4.3470   2.6520   6.9990   1.5180   3.8480   5.3660
 84   4.0598   2.4672   6.5270   1.3346   3.6235   4.9582
 85   3.7867   2.2887   6.0754   1.1692   3.4078   4.5770
 86   3.5270   2.1169   5.6440   1.0206   3.2011   4.2217
 87   3.2804   1.9521   5.2325   0.8877   3.0037   3.8914
 88   3.0463   1.7944   4.8408   0.7694   2.8156   3.5850
 89   2.8244   1.6442   4.4686   0.6644   2.6370   3.3015
 90   2.6143   1.5015   4.1158   0.5718   2.4679   3.0397
