# SEMsr.txt
#IMaCh version 0.99r45, April 2023,INED-EUROREVES-Institut de longevite-Japan Society for the Promotion of Science (Grant-in-Aid for Scientific Research 25293121), Intel Software 2015-2020, Nihon University 2021-202, INED 2000-2022
#$Revision: 1.353 $ $Date: 2023/05/08 18:48:22 $
# Tue Feb 04 22:13:36 2025
# Forward period (stable) prevalence. Precision given by ftolpl=0.0006 
#Age 1-1 2-2 
#************
#Age   1-1     2-2   Total Years_to_converge
50  0.87603 0.12404 1.000 19
51  0.86942 0.13065 1.000 20
52  0.86251 0.13756 1.000 20
53  0.85531 0.14475 1.000 20
54  0.84781 0.15227 1.000 20
55  0.84001 0.16009 1.000 20
56  0.83190 0.16819 1.000 21
57  0.82348 0.17662 1.000 21
58  0.81475 0.18533 1.000 21
59  0.80573 0.19437 1.000 21
60  0.79640 0.20371 1.000 21
61  0.78678 0.21332 1.000 22
62  0.77688 0.22324 1.000 22
63  0.76669 0.23344 1.000 22
64  0.75624 0.24388 1.000 22
65  0.74554 0.25459 1.000 22
66  0.73460 0.26554 1.000 22
67  0.72345 0.27671 1.000 22
68  0.71209 0.28805 1.000 23
69  0.70057 0.29959 1.000 23
70  0.68888 0.31129 1.000 23
71  0.67707 0.32311 1.000 23
72  0.66516 0.33504 1.000 23
73  0.65318 0.34700 1.000 23
74  0.64115 0.35904 1.000 23
75  0.62910 0.37109 1.000 23
76  0.61707 0.38313 1.000 23
77  0.60508 0.39513 1.000 23
78  0.59315 0.40707 1.000 23
79  0.58132 0.41891 1.000 23
80  0.56960 0.43063 1.000 23
81  0.55801 0.44223 1.000 23
82  0.54656 0.45368 1.000 23
83  0.53527 0.46497 1.000 23
84  0.52414 0.47611 1.000 23
85  0.51316 0.48713 1.000 23
86  0.50232 0.49797 1.000 23
87  0.49158 0.50870 1.000 23
88  0.48093 0.51935 1.000 23
89  0.47031 0.52997 1.000 23
90  0.45966 0.54061 1.000 23
