# Powell
# iter -2*LL p12 p13 p21 p23
1 1 1991.963196199904 0 -5.081708600000 0.042619300000 -17.965258300000 0.179154000000 0.585950500000 -0.029668400000 -9.557984800000 0.095490700000
2 2 1876.428943497531 1 -5.542136924675 0.042554828038 -19.538354119406 0.179594843253 0.037882235401 -0.029519869056 -10.279654584544 0.095475022126
3 2 1869.000698482203 3 -5.691211048722 0.042538484500 -19.024636031837 0.179614194306 -0.113169988178 -0.029471783447 -10.357965276742 0.095463609233
4 3 1868.437687409684 4 -5.749617840984 0.042494876973 -18.956137556372 0.179573356322 -0.149936514791 -0.029421075951 -10.374091509150 0.095452723371
5 3 1868.434811370061 5 -5.748071418133 0.042472361916 -18.951855396007 0.179529153468 -0.152552630902 -0.029380150031 -10.373535428784 0.095452058533
6 4 1868.351800422516 6 -5.662064796103 0.041224255942 -18.718639750367 0.177010120771 -0.312893736618 -0.027076564729 -10.341393532345 0.094974260333
7 4 1868.351409582339 7 -5.661187973682 0.041208085835 -18.721922808115 0.176989427708 -0.312677827433 -0.027084153916 -10.340786697845 0.094973868329
8 5 1868.348943419937 8 -5.647300904563 0.041009202783 -18.708124845438 0.176636274149 -0.296961163660 -0.027306802005 -10.343780789610 0.095035332785
9 5 1868.345251722604 10 -5.627860488090 0.040725387210 -18.665107921403 0.176113096804 -0.274686784206 -0.027626979607 -10.351567151337 0.095124703122
10 6 1868.342026100740 11 -5.608727462916 0.040444386405 -18.626177726906 0.175783505005 -0.246277705769 -0.028038116834 -10.362779539803 0.095235329469
11 6 1868.341503725666 11 -5.612363835541 0.040496259929 -18.628631978279 0.175906276720 -0.246416191227 -0.028037921707 -10.363595371764 0.095232226103
12 7 1868.341495373383 11 -5.612399957461 0.040497230213 -18.628418831037 0.175890922796 -0.245476982045 -0.028051176358 -10.363524003838 0.095233179112
13 7 1868.341447686011 11 -5.612972480281 0.040507225018 -18.624535989634 0.175824756492 -0.243174776385 -0.028082553215 -10.362860121083 0.095227313483
14 8 1868.341363789458 11 -5.612296787266 0.040497039801 -18.611055749015 0.175641899889 -0.243188789534 -0.028082621686 -10.360811881555 0.095202817634
15 8 1868.341176359764 12 -5.610623473660 0.040469833275 -18.578141032675 0.175247689693 -0.247188460176 -0.028027290882 -10.355986163115 0.095137545445
16 9 1868.341013241364 12 -5.612210393031 0.040488435961 -18.550650805416 0.174919708353 -0.246312883374 -0.028043708198 -10.352122696204 0.095085117064
17 9 1868.340836575082 12 -5.614275657775 0.040518999098 -18.546174538566 0.174886614159 -0.244668634662 -0.028066150930 -10.351730775669 0.095076867323
18 10 1868.340745173092 12 -5.616285623298 0.040550609377 -18.537875944354 0.174818941829 -0.243309782142 -0.028082015922 -10.351282085822 0.095065851585
19 10 1868.340739776575 13 -5.616251889527 0.040549899154 -18.537446401972 0.174814762924 -0.243447830637 -0.028080219317 -10.351496579519 0.095068340794
20 11 1868.340428857279 14 -5.616980754248 0.040557526489 -18.511748141684 0.174530876225 -0.249775421927 -0.027991837214 -10.377416489404 0.095389601880
21 11 1868.340337813130 15 -5.618070260829 0.040574041480 -18.487524037669 0.174235968150 -0.248296118578 -0.028011480727 -10.380346327760 0.095424339137
22 12 1868.340300333735 16 -5.619035298274 0.040587368316 -18.471999916890 0.174031176263 -0.246298351161 -0.028040585325 -10.384274679498 0.095474811215
23 12 1868.340300032639 18 -5.618905204850 0.040585512541 -18.473059362570 0.174042361174 -0.246397995351 -0.028039195279 -10.384289621209 0.095475339470
24 13 1868.340300027201 19 -5.618889054036 0.040585278068 -18.473046769426 0.174042094233 -0.246398867220 -0.028039182965 -10.384215403121 0.095474414298
25 13 1868.340300026235 21 -5.618885543168 0.040585225405 -18.472993007989 0.174041447326 -0.246408934030 -0.028039039359 -10.384226153050 0.095474544660
26 14 1868.340300026057 22 -5.618883889773 0.040585199830 -18.472972272880 0.174041206362 -0.246413534042 -0.028038973869 -10.384232707164 0.095474620918
27 14 1868.340300026030 -36 -5.618883036734 0.040585184721 -18.472959555274 0.174041054491 -0.246415131788 -0.028038953623 -10.384232744370 0.095474619578
28 15 1868.340300026020 -34 -5.618882560934 0.040585180089 -18.472955809596 0.174041006992 -0.246415506144 -0.028038945989 -10.384232699875 0.095474619208
29 15 1868.340300026017 -32 -5.618882556973 0.040585179851 -18.472954787263 0.174040995358 -0.246415833693 -0.028038941466 -10.384233918777 0.095474634408
30 16 1868.340300026017 -30 -5.618882557035 0.040585179852 -18.472954787382 0.174040995359 -0.246415833777 -0.028038941465 -10.384233918746 0.095474634408
31 16 1868.340300026016 -28 -5.618882557035 0.040585179852 -18.472954787383 0.174040995359 -0.246415833777 -0.028038941465 -10.384233918746 0.095474634408
