# SEMsr.txt
#IMaCh version 0.99r45, April 2023,INED-EUROREVES-Institut de longevite-Japan Society for the Promotion of Science (Grant-in-Aid for Scientific Research 25293121), Intel Software 2015-2020, Nihon University 2021-202, INED 2000-2022
#$Revision: 1.353 $ $Date: 2023/05/08 18:48:22 $
# Tue Feb 04 22:13:36 2025
#One-step probabilities and covariance matrix
# Age p1-1  p1-2  p1-3  p2-1  p2-2  p2-3 
50  9.731e-001  2.687e-002  5.555e-005  1.608e-001  8.361e-001  3.059e-003 
50 1-1  2.345e-005
50 1-2 -2.349e-005  2.354e-005
50 1-3  4.284e-008 -5.383e-008  1.099e-008
50 2-1 -5.686e-005  5.686e-005  4.711e-009  1.297e-003
50 2-2  5.733e-005 -5.743e-005  9.418e-008 -1.295e-003  1.296e-003
50 2-3 -4.697e-007  5.686e-007 -9.889e-008 -2.383e-006 -1.479e-006  3.862e-006
51  9.720e-001  2.795e-002  6.604e-005  1.570e-001  8.396e-001  3.380e-003 
51 1-1  2.323e-005
51 1-2 -2.327e-005  2.334e-005
51 1-3  4.904e-008 -6.369e-008  1.465e-008
51 2-1 -5.324e-005  5.324e-005  3.579e-009  1.143e-003
51 2-2  5.375e-005 -5.387e-005  1.190e-007 -1.141e-003  1.143e-003
51 2-3 -5.073e-007  6.299e-007 -1.226e-007 -2.267e-006 -2.158e-006  4.425e-006
52  9.709e-001  2.907e-002  7.850e-005  1.533e-001  8.430e-001  3.734e-003 
52 1-1  2.294e-005
52 1-2 -2.299e-005  2.307e-005
52 1-3  5.582e-008 -7.532e-008  1.950e-008
52 2-1 -4.970e-005  4.970e-005  2.259e-009  1.005e-003
52 2-2  5.025e-005 -5.040e-005  1.495e-007 -1.003e-003  1.005e-003
52 2-3 -5.450e-007  6.968e-007 -1.517e-007 -2.152e-006 -2.907e-006  5.059e-006
53  9.697e-001  3.024e-002  9.331e-005  1.497e-001  8.462e-001  4.124e-003 
53 1-1  2.258e-005
53 1-2 -2.264e-005  2.273e-005
53 1-3  6.311e-008 -8.902e-008  2.590e-008
53 2-1 -4.625e-005  4.625e-005  7.686e-010  8.799e-004
53 2-2  4.684e-005 -4.702e-005  1.867e-007 -8.779e-004  8.816e-004
53 2-3 -5.823e-007  7.698e-007 -1.874e-007 -2.041e-006 -3.730e-006  5.771e-006
54  9.684e-001  3.145e-002  1.109e-004  1.461e-001  8.494e-001  4.554e-003 
54 1-1  2.216e-005
54 1-2 -2.223e-005  2.234e-005
54 1-3  7.082e-008 -1.052e-007  3.434e-008
54 2-1 -4.291e-005  4.291e-005 -8.609e-010  7.681e-004
54 2-2  4.353e-005 -4.376e-005  2.319e-007 -7.662e-004  7.708e-004
54 2-3 -6.183e-007  8.493e-007 -2.311e-007 -1.935e-006 -4.632e-006  6.567e-006
55  9.672e-001  3.271e-002  1.318e-004  1.425e-001  8.524e-001  5.028e-003 
55 1-1  2.168e-005
55 1-2 -2.176e-005  2.188e-005
55 1-3  7.874e-008 -1.242e-007  4.544e-008
55 2-1 -3.969e-005  3.969e-005 -2.576e-009  6.684e-004
55 2-2  4.034e-005 -4.063e-005  2.868e-007 -6.666e-004  6.722e-004
55 2-3 -6.518e-007  9.360e-007 -2.842e-007 -1.836e-006 -5.619e-006  7.455e-006
56  9.658e-001  3.402e-002  1.567e-004  1.391e-001  8.554e-001  5.551e-003 
56 1-1  2.115e-005
56 1-2 -2.124e-005  2.138e-005
56 1-3  8.659e-008 -1.466e-007  5.998e-008
56 2-1 -3.660e-005  3.661e-005 -4.298e-009  5.799e-004
56 2-2  3.729e-005 -3.764e-005  3.531e-007 -5.781e-004  5.848e-004
56 2-3 -6.816e-007  1.030e-006 -3.488e-007 -1.747e-006 -6.694e-006  8.441e-006
57  9.644e-001  3.538e-002  1.862e-004  1.357e-001  8.582e-001  6.127e-003 
57 1-1  2.058e-005
57 1-2 -2.067e-005  2.084e-005
57 1-3  9.395e-008 -1.730e-007  7.901e-008
57 2-1 -3.367e-005  3.367e-005 -5.912e-009  5.017e-004
57 2-2  3.437e-005 -3.480e-005  4.330e-007 -5.000e-004  5.079e-004
57 2-3 -7.063e-007  1.133e-006 -4.271e-007 -1.669e-006 -7.861e-006  9.530e-006
58  9.630e-001  3.679e-002  2.212e-004  1.323e-001  8.609e-001  6.762e-003 
58 1-1  1.997e-005
58 1-2 -2.007e-005  2.027e-005
58 1-3  1.002e-007 -2.040e-007  1.038e-007
58 2-1 -3.089e-005  3.090e-005 -7.259e-009  4.331e-004
58 2-2  3.161e-005 -3.214e-005  5.289e-007 -4.315e-004  4.406e-004
58 2-3 -7.240e-007  1.246e-006 -5.217e-007 -1.605e-006 -9.124e-006  1.073e-005
59  9.615e-001  3.825e-002  2.629e-004  1.291e-001  8.635e-001  7.461e-003 
59 1-1  1.935e-005
59 1-2 -1.945e-005  1.969e-005
59 1-3  1.047e-007 -2.407e-007  1.360e-007
59 2-1 -2.829e-005  2.830e-005 -8.128e-009  3.733e-004
59 2-2  2.902e-005 -2.966e-005  6.436e-007 -3.717e-004  3.822e-004
59 2-3 -7.329e-007  1.368e-006 -6.354e-007 -1.557e-006 -1.048e-005  1.204e-005
60  9.599e-001  3.977e-002  3.123e-004  1.258e-001  8.659e-001  8.232e-003 
60 1-1  1.872e-005
60 1-2 -1.883e-005  1.911e-005
60 1-3  1.062e-007 -2.839e-007  1.778e-007
60 2-1 -2.588e-005  2.589e-005 -8.241e-009  3.216e-004
60 2-2  2.661e-005 -2.739e-005  7.801e-007 -3.200e-004  3.320e-004
60 2-3 -7.306e-007  1.502e-006 -7.718e-007 -1.526e-006 -1.194e-005  1.347e-005
61  9.583e-001  4.135e-002  3.711e-004  1.227e-001  8.682e-001  9.081e-003 
61 1-1  1.813e-005
61 1-2 -1.823e-005  1.856e-005
61 1-3  1.034e-007 -3.350e-007  2.316e-007
61 2-1 -2.367e-005  2.368e-005 -7.235e-009  2.772e-004
61 2-2  2.439e-005 -2.533e-005  9.419e-007 -2.757e-004  2.892e-004
61 2-3 -7.148e-007  1.649e-006 -9.346e-007 -1.516e-006 -1.350e-005  1.502e-005
62  9.566e-001  4.298e-002  4.408e-004  1.196e-001  8.704e-001  1.002e-002 
62 1-1  1.758e-005
62 1-2 -1.767e-005  1.807e-005
62 1-3  9.450e-008 -3.953e-007  3.008e-007
62 2-1 -2.169e-005  2.169e-005 -4.646e-009  2.396e-004
62 2-2  2.237e-005 -2.350e-005  1.133e-006 -2.381e-004  2.533e-004
62 2-3 -6.828e-007  1.811e-006 -1.128e-006 -1.527e-006 -1.516e-005  1.668e-005
63  9.548e-001  4.468e-002  5.237e-004  1.166e-001  8.724e-001  1.104e-002 
63 1-1  1.712e-005
63 1-2 -1.720e-005  1.766e-005
63 1-3  7.733e-008 -4.668e-007  3.894e-007
63 2-1 -1.994e-005  1.994e-005  1.092e-010  2.082e-004
63 2-2  2.057e-005 -2.193e-005  1.357e-006 -2.066e-004  2.235e-004
63 2-3 -6.319e-007  1.989e-006 -1.357e-006 -1.563e-006 -1.690e-005  1.847e-005
64  9.529e-001  4.644e-002  6.220e-004  1.136e-001  8.742e-001  1.218e-002 
64 1-1  1.678e-005
64 1-2 -1.683e-005  1.738e-005
64 1-3  4.912e-008 -5.514e-007  5.023e-007
64 2-1 -1.844e-005  1.843e-005  7.768e-009  1.823e-004
64 2-2  1.900e-005 -2.062e-005  1.619e-006 -1.807e-004  1.994e-004
64 2-3 -5.596e-007  2.186e-006 -1.627e-006 -1.624e-006 -1.873e-005  2.036e-005
65  9.510e-001  4.826e-002  7.388e-004  1.106e-001  8.759e-001  1.342e-002 
65 1-1  1.662e-005
65 1-2 -1.663e-005  1.728e-005
65 1-3  6.565e-009 -6.520e-007  6.455e-007
65 2-1 -1.720e-005  1.718e-005  1.925e-008  1.614e-004
65 2-2  1.766e-005 -1.959e-005  1.923e-006 -1.596e-004  1.803e-004
65 2-3 -4.632e-007  2.405e-006 -1.942e-006 -1.713e-006 -2.064e-005  2.236e-005
66  9.490e-001  5.015e-002  8.773e-004  1.078e-001  8.774e-001  1.479e-002 
66 1-1  1.668e-005
66 1-2 -1.663e-005  1.740e-005
66 1-3 -5.428e-008 -7.718e-007  8.260e-007
66 2-1 -1.624e-005  1.620e-005  3.568e-008  1.449e-004
66 2-2  1.658e-005 -1.885e-005  2.274e-006 -1.431e-004  1.657e-004
66 2-3 -3.409e-007  2.650e-006 -2.309e-006 -1.831e-006 -2.262e-005  2.445e-005
67  9.468e-001  5.212e-002  1.042e-003  1.049e-001  8.788e-001  1.630e-002 
67 1-1  1.703e-005
67 1-2 -1.689e-005  1.781e-005
67 1-3 -1.379e-007 -9.146e-007  1.053e-006
67 2-1 -1.557e-005  1.551e-005  5.848e-008  1.325e-004
67 2-2  1.576e-005 -1.844e-005  2.675e-006 -1.305e-004  1.552e-004
67 2-3 -1.913e-007  2.925e-006 -2.734e-006 -1.979e-006 -2.465e-005  2.662e-005
68  9.446e-001  5.415e-002  1.237e-003  1.022e-001  8.799e-001  1.795e-002 
68 1-1  1.774e-005
68 1-2 -1.749e-005  1.857e-005
68 1-3 -2.495e-007 -1.086e-006  1.335e-006
68 2-1 -1.521e-005  1.512e-005  8.937e-008  1.236e-004
68 2-2  1.522e-005 -1.836e-005  3.131e-006 -1.214e-004  1.481e-004
68 2-3 -1.418e-008  3.235e-006 -3.221e-006 -2.159e-006 -2.672e-005  2.888e-005
69  9.423e-001  5.625e-002  1.468e-003  9.945e-002  8.808e-001  1.977e-002 
69 1-1  1.889e-005
69 1-2 -1.849e-005  1.978e-005
69 1-3 -3.947e-007 -1.291e-006  1.685e-006
69 2-1 -1.517e-005  1.504e-005  1.305e-007  1.178e-004
69 2-2  1.498e-005 -1.862e-005  3.645e-006 -1.154e-004  1.443e-004
69 2-3  1.891e-007  3.586e-006 -3.776e-006 -2.373e-006 -2.882e-005  3.120e-005
70  9.398e-001  5.843e-002  1.743e-003  9.678e-002  8.815e-001  2.177e-002 
70 1-1  2.057e-005
70 1-2 -1.999e-005  2.153e-005
70 1-3 -5.791e-007 -1.537e-006  2.117e-006
70 2-1 -1.546e-005  1.527e-005  1.844e-007  1.148e-004
70 2-2  1.504e-005 -1.926e-005  4.219e-006 -1.121e-004  1.431e-004
70 2-3  4.154e-007  3.988e-006 -4.403e-006 -2.623e-006 -3.096e-005  3.359e-005
71  9.373e-001  6.068e-002  2.069e-003  9.415e-002  8.819e-001  2.396e-002 
71 1-1  2.288e-005
71 1-2 -2.207e-005  2.391e-005
71 1-3 -8.089e-007 -1.835e-006  2.644e-006
71 2-1 -1.609e-005  1.583e-005  2.544e-007  1.140e-004
71 2-2  1.543e-005 -2.028e-005  4.852e-006 -1.111e-004  1.443e-004
71 2-3  6.587e-007  4.448e-006 -5.106e-006 -2.912e-006 -3.314e-005  3.605e-005
72  9.345e-001  6.301e-002  2.455e-003  9.156e-002  8.821e-001  2.637e-002 
72 1-1  2.594e-005
72 1-2 -2.486e-005  2.705e-005
72 1-3 -1.089e-006 -2.196e-006  3.286e-006
72 2-1 -1.708e-005  1.674e-005  3.445e-007  1.153e-004
72 2-2  1.617e-005 -2.171e-005  5.544e-006 -1.121e-004  1.475e-004
72 2-3  9.103e-007  4.978e-006 -5.888e-006 -3.245e-006 -3.538e-005  3.862e-005
73  9.317e-001  6.542e-002  2.913e-003  8.902e-002  8.820e-001  2.901e-002 
73 1-1  2.988e-005
73 1-2 -2.845e-005  3.109e-005
73 1-3 -1.426e-006 -2.636e-006  4.062e-006
73 2-1 -1.844e-005  1.798e-005  4.597e-007  1.183e-004
73 2-2  1.728e-005 -2.357e-005  6.290e-006 -1.147e-004  1.524e-004
73 2-3  1.158e-006  5.592e-006 -6.750e-006 -3.627e-006 -3.773e-005  4.136e-005
74  9.286e-001  6.791e-002  3.455e-003  8.652e-002  8.816e-001  3.190e-002 
74 1-1  3.482e-005
74 1-2 -3.300e-005  3.617e-005
74 1-3 -1.824e-006 -3.172e-006  4.996e-006
74 2-1 -2.018e-005  1.957e-005  6.061e-007  1.227e-004
74 2-2  1.879e-005 -2.588e-005  7.088e-006 -1.186e-004  1.589e-004
74 2-3  1.388e-006  6.306e-006 -7.694e-006 -4.067e-006 -4.029e-005  4.436e-005
75  9.254e-001  7.048e-002  4.097e-003  8.406e-002  8.809e-001  3.507e-002 
75 1-1  4.092e-005
75 1-2 -3.863e-005  4.246e-005
75 1-3 -2.288e-006 -3.830e-006  6.118e-006
75 2-1 -2.231e-005  2.152e-005  7.917e-007  1.282e-004
75 2-2  2.073e-005 -2.866e-005  7.930e-006 -1.236e-004  1.668e-004
75 2-3  1.582e-006  7.139e-006 -8.722e-006 -4.578e-006 -4.321e-005  4.779e-005
76  9.220e-001  7.312e-002  4.858e-003  8.164e-002  8.798e-001  3.853e-002 
76 1-1  4.834e-005
76 1-2 -4.551e-005  5.015e-005
76 1-3 -2.828e-006 -4.640e-006  7.468e-006
76 2-1 -2.484e-005  2.382e-005  1.026e-006  1.345e-004
76 2-2  2.312e-005 -3.193e-005  8.814e-006 -1.293e-004  1.760e-004
76 2-3  1.724e-006  8.117e-006 -9.841e-006 -5.179e-006 -4.672e-005  5.190e-005
77  9.184e-001  7.585e-002  5.759e-003  7.926e-002  8.784e-001  4.233e-002 
77 1-1  5.726e-005
77 1-2 -5.380e-005  5.944e-005
77 1-3 -3.462e-006 -5.644e-006  9.106e-006
77 2-1 -2.779e-005  2.647e-005  1.323e-006  1.414e-004
77 2-2  2.599e-005 -3.573e-005  9.743e-006 -1.355e-004  1.867e-004
77 2-3  1.799e-006  9.267e-006 -1.107e-005 -5.892e-006 -5.117e-005  5.706e-005
78  9.145e-001  7.866e-002  6.825e-003  7.691e-002  8.766e-001  4.647e-002 
78 1-1  6.789e-005
78 1-2 -6.366e-005  7.056e-005
78 1-3 -4.229e-006 -6.897e-006  1.113e-005
78 2-1 -3.116e-005  2.946e-005  1.698e-006  1.488e-004
78 2-2  2.935e-005 -4.009e-005  1.073e-005 -1.420e-004  1.991e-004
78 2-3  1.805e-006  1.063e-005 -1.243e-005 -6.751e-006 -5.704e-005  6.379e-005
79  9.104e-001  8.155e-002  8.086e-003  7.459e-002  8.744e-001  5.100e-002 
79 1-1  8.049e-005
79 1-2 -7.528e-005  8.375e-005
79 1-3 -5.209e-006 -8.471e-006  1.368e-005
79 2-1 -3.496e-005  3.279e-005  2.172e-006  1.564e-004
79 2-2  3.320e-005 -4.503e-005  1.183e-005 -1.486e-004  2.136e-004
79 2-3  1.760e-006  1.224e-005 -1.400e-005 -7.800e-006 -6.503e-005  7.283e-005
80  9.059e-001  8.451e-002  9.576e-003  7.231e-002  8.718e-001  5.594e-002 
80 1-1  9.537e-005
80 1-2 -8.880e-005  9.927e-005
80 1-3 -6.565e-006 -1.047e-005  1.703e-005
80 2-1 -3.921e-005  3.644e-005  2.774e-006  1.640e-004
80 2-2  3.749e-005 -5.060e-005  1.311e-005 -1.549e-004  2.310e-004
80 2-3  1.722e-006  1.416e-005 -1.588e-005 -9.097e-006 -7.608e-005  8.517e-005
81  9.011e-001  8.755e-002  1.134e-002  7.006e-002  8.686e-001  6.132e-002 
81 1-1  1.130e-004
81 1-2 -1.044e-004  1.174e-004
81 1-3 -8.601e-006 -1.303e-005  2.163e-005
81 2-1 -4.393e-005  4.039e-005  3.540e-006  1.714e-004
81 2-2  4.212e-005 -5.685e-005  1.473e-005 -1.607e-004  2.522e-004
81 2-3  1.810e-006  1.646e-005 -1.827e-005 -1.072e-005 -9.145e-005  1.022e-004
82  8.959e-001  9.065e-002  1.341e-002  6.784e-002  8.650e-001  6.718e-002 
82 1-1  1.340e-004
82 1-2 -1.221e-004  1.385e-004
82 1-3 -1.187e-005 -1.636e-005  2.824e-005
82 2-1 -4.914e-005  4.463e-005  4.517e-006  1.786e-004
82 2-2  4.690e-005 -6.386e-005  1.696e-005 -1.659e-004  2.787e-004
82 2-3  2.246e-006  1.923e-005 -2.148e-005 -1.275e-005 -1.128e-004  1.256e-004
83  8.903e-001  9.381e-002  1.586e-002  6.564e-002  8.608e-001  7.355e-002 
83 1-1  1.594e-004
83 1-2 -1.421e-004  1.628e-004
83 1-3 -1.735e-005 -2.076e-005  3.812e-005
83 2-1 -5.487e-005  4.910e-005  5.769e-006  1.854e-004
83 2-2  5.146e-005 -7.171e-005  2.024e-005 -1.701e-004  3.125e-004
83 2-3  3.407e-006  2.260e-005 -2.601e-005 -1.532e-005 -1.424e-004  1.577e-004
84  8.842e-001  9.703e-002  1.875e-002  6.347e-002  8.560e-001  8.048e-002 
84 1-1  1.908e-004
84 1-2 -1.641e-004  1.908e-004
84 1-3 -2.671e-005 -2.667e-005  5.338e-005
84 2-1 -6.116e-005  5.378e-005  7.377e-006  1.917e-004
84 2-2  5.527e-005 -8.052e-005  2.525e-005 -1.731e-004  3.560e-004
84 2-3  5.893e-006  2.674e-005 -3.263e-005 -1.857e-005 -1.829e-004  2.015e-004
85  8.776e-001  1.003e-001  2.215e-002  6.133e-002  8.507e-001  8.798e-002 
85 1-1  2.307e-004
85 1-2 -1.880e-004  2.227e-004
85 1-3 -4.272e-005 -3.475e-005  7.747e-005
85 2-1 -6.806e-005  5.861e-005  9.448e-006  1.974e-004
85 2-2  5.743e-005 -9.048e-005  3.305e-005 -1.747e-004  4.126e-004
85 2-3  1.063e-005  3.186e-005 -4.250e-005 -2.268e-005 -2.379e-004  2.605e-004
86  8.703e-001  1.036e-001  2.614e-002  5.922e-002  8.447e-001  9.611e-002 
86 1-1  2.830e-004
86 1-2 -2.131e-004  2.591e-004
86 1-3 -6.988e-005 -4.599e-005  1.159e-004
86 2-1 -7.566e-005  6.354e-005  1.212e-005  2.023e-004
86 2-2  5.664e-005 -1.018e-004  4.518e-005 -1.745e-004  4.861e-004
86 2-3  1.902e-005  3.829e-005 -5.730e-005 -2.784e-005 -3.117e-004  3.395e-004
87  8.623e-001  1.069e-001  3.082e-002  5.712e-002  8.380e-001  1.049e-001 
87 1-1  3.537e-004
87 1-2 -2.384e-004  3.003e-004
87 1-3 -1.153e-004 -6.193e-005  1.773e-004
87 2-1 -8.404e-005  6.847e-005  1.557e-005  2.065e-004
87 2-2  5.099e-005 -1.149e-004  6.392e-005 -1.722e-004  5.818e-004
87 2-3  3.305e-005  4.644e-005 -7.949e-005 -3.432e-005 -4.096e-004  4.439e-004
88  8.535e-001  1.102e-001  3.631e-002  5.505e-002  8.306e-001  1.144e-001 
88 1-1  4.523e-004
88 1-2 -2.621e-004  3.470e-004
88 1-3 -1.902e-004 -8.483e-005  2.750e-004
88 2-1 -9.335e-005  7.331e-005  2.004e-005  2.099e-004
88 2-2  3.777e-005 -1.302e-004  9.246e-005 -1.675e-004  7.055e-004
88 2-3  5.558e-005  5.691e-005 -1.125e-004 -4.239e-005 -5.381e-004  5.805e-004
89  8.439e-001  1.134e-001  4.272e-002  5.300e-002  8.224e-001  1.246e-001 
89 1-1  5.928e-004
89 1-2 -2.815e-004  3.997e-004
89 1-3 -3.112e-004 -1.182e-004  4.294e-004
89 2-1 -1.038e-004  7.796e-005  2.579e-005  2.124e-004
89 2-2  1.320e-005 -1.485e-004  1.353e-004 -1.600e-004  8.646e-004
89 2-3  9.055e-005  7.051e-005 -1.611e-004 -5.236e-005 -7.046e-004  7.570e-004
90  8.332e-001  1.166e-001  5.020e-002  5.097e-002  8.134e-001  1.356e-001 
90 1-1  7.959e-004
90 1-2 -2.923e-004  4.594e-004
90 1-3 -5.037e-004 -1.671e-004  6.708e-004
90 2-1 -1.155e-004  8.227e-005  3.320e-005  2.140e-004
90 2-2 -2.779e-005 -1.706e-004  1.984e-004 -1.494e-004  1.067e-003
90 2-3  1.433e-004  8.833e-005 -2.316e-004 -6.457e-005 -9.180e-004  9.825e-004