# SEMsr.txt
#IMaCh version 0.99r45, April 2023,INED-EUROREVES-Institut de longevite-Japan Society for the Promotion of Science (Grant-in-Aid for Scientific Research 25293121), Intel Software 2015-2020, Nihon University 2021-202, INED 2000-2022
#$Revision: 1.353 $ $Date: 2023/05/08 18:48:22 $
# Tue Feb 04 22:13:36 2025
#One-step probabilities and correlation matrix
# Age p1-1  p1-2  p1-3  p2-1  p2-2  p2-3 
50  9.731e-001  2.687e-002  5.555e-005  1.608e-001  8.361e-001  3.059e-003 
50 1-1  1.000e+000
50 1-2 -9.998e-001  1.000e+000
50 1-3  8.439e-002 -1.058e-001  1.000e+000
50 2-1 -3.261e-001  3.254e-001  1.248e-003  1.000e+000
50 2-2  3.289e-001 -3.287e-001  2.495e-002 -9.985e-001  1.000e+000
50 2-3 -4.936e-002  5.963e-002 -4.801e-001 -3.367e-002 -2.090e-002  1.000e+000
51  9.720e-001  2.795e-002  6.604e-005  1.570e-001  8.396e-001  3.380e-003 
51 1-1  1.000e+000
51 1-2 -9.997e-001  1.000e+000
51 1-3  8.406e-002 -1.089e-001  1.000e+000
51 2-1 -3.267e-001  3.259e-001  8.744e-004  1.000e+000
51 2-2  3.299e-001 -3.298e-001  2.908e-002 -9.981e-001  1.000e+000
51 2-3 -5.004e-002  6.198e-002 -4.816e-001 -3.187e-002 -3.034e-002  1.000e+000
52  9.709e-001  2.907e-002  7.850e-005  1.533e-001  8.430e-001  3.734e-003 
52 1-1  1.000e+000
52 1-2 -9.996e-001  1.000e+000
52 1-3  8.346e-002 -1.123e-001  1.000e+000
52 2-1 -3.274e-001  3.265e-001  5.104e-004  1.000e+000
52 2-2  3.309e-001 -3.309e-001  3.376e-002 -9.975e-001  1.000e+000
52 2-3 -5.060e-002  6.450e-002 -4.831e-001 -3.019e-002 -4.076e-002  1.000e+000
53  9.697e-001  3.024e-002  9.331e-005  1.497e-001  8.462e-001  4.124e-003 
53 1-1  1.000e+000
53 1-2 -9.994e-001  1.000e+000
53 1-3  8.253e-002 -1.160e-001  1.000e+000
53 2-1 -3.282e-001  3.270e-001  1.610e-004  1.000e+000
53 2-2  3.320e-001 -3.322e-001  3.906e-002 -9.967e-001  1.000e+000
53 2-3 -5.101e-002  6.721e-002 -4.848e-001 -2.864e-002 -5.229e-002  1.000e+000
54  9.684e-001  3.145e-002  1.109e-004  1.461e-001  8.494e-001  4.554e-003 
54 1-1  1.000e+000
54 1-2 -9.992e-001  1.000e+000
54 1-3  8.118e-002 -1.201e-001  1.000e+000
54 2-1 -3.289e-001  3.276e-001 -1.676e-004  1.000e+000
54 2-2  3.331e-001 -3.335e-001  4.507e-002 -9.957e-001  1.000e+000
54 2-3 -5.125e-002  7.012e-002 -4.865e-001 -2.724e-002 -6.511e-002  1.000e+000
55  9.672e-001  3.271e-002  1.318e-004  1.425e-001  8.524e-001  5.028e-003 
55 1-1  1.000e+000
55 1-2 -9.990e-001  1.000e+000
55 1-3  7.933e-002 -1.245e-001  1.000e+000
55 2-1 -3.297e-001  3.282e-001 -4.675e-004  1.000e+000
55 2-2  3.342e-001 -3.350e-001  5.189e-002 -9.944e-001  1.000e+000
55 2-3 -5.127e-002  7.328e-002 -4.883e-001 -2.601e-002 -7.937e-002  1.000e+000
56  9.658e-001  3.402e-002  1.567e-004  1.391e-001  8.554e-001  5.551e-003 
56 1-1  1.000e+000
56 1-2 -9.986e-001  1.000e+000
56 1-3  7.687e-002 -1.294e-001  1.000e+000
56 2-1 -3.305e-001  3.288e-001 -7.288e-004  1.000e+000
56 2-2  3.353e-001 -3.366e-001  5.962e-002 -9.928e-001  1.000e+000
56 2-3 -5.101e-002  7.670e-002 -4.902e-001 -2.497e-002 -9.527e-002  1.000e+000
57  9.644e-001  3.538e-002  1.862e-004  1.357e-001  8.582e-001  6.127e-003 
57 1-1  1.000e+000
57 1-2 -9.981e-001  1.000e+000
57 1-3  7.368e-002 -1.348e-001  1.000e+000
57 2-1 -3.313e-001  3.293e-001 -9.390e-004  1.000e+000
57 2-2  3.362e-001 -3.383e-001  6.836e-002 -9.906e-001  1.000e+000
57 2-3 -5.044e-002  8.042e-002 -4.922e-001 -2.414e-002 -1.130e-001  1.000e+000
58  9.630e-001  3.679e-002  2.212e-004  1.323e-001  8.609e-001  6.762e-003 
58 1-1  1.000e+000
58 1-2 -9.974e-001  1.000e+000
58 1-3  6.962e-002 -1.407e-001  1.000e+000
58 2-1 -3.321e-001  3.297e-001 -1.083e-003  1.000e+000
58 2-2  3.370e-001 -3.401e-001  7.821e-002 -9.878e-001  1.000e+000
58 2-3 -4.946e-002  8.446e-002 -4.943e-001 -2.355e-002 -1.327e-001  1.000e+000
59  9.615e-001  3.825e-002  2.629e-004  1.291e-001  8.635e-001  7.461e-003 
59 1-1  1.000e+000
59 1-2 -9.966e-001  1.000e+000
59 1-3  6.452e-002 -1.471e-001  1.000e+000
59 2-1 -3.329e-001  3.300e-001 -1.141e-003  1.000e+000
59 2-2  3.375e-001 -3.419e-001  8.925e-002 -9.841e-001  1.000e+000
59 2-3 -4.802e-002  8.886e-002 -4.965e-001 -2.322e-002 -1.546e-001  1.000e+000
60  9.599e-001  3.977e-002  3.123e-004  1.258e-001  8.659e-001  8.232e-003 
60 1-1  1.000e+000
60 1-2 -9.954e-001  1.000e+000
60 1-3  5.820e-002 -1.540e-001  1.000e+000
60 2-1 -3.335e-001  3.302e-001 -1.090e-003  1.000e+000
60 2-2  3.375e-001 -3.438e-001  1.015e-001 -9.795e-001  1.000e+000
60 2-3 -4.600e-002  9.363e-002 -4.988e-001 -2.319e-002 -1.786e-001  1.000e+000
61  9.583e-001  4.135e-002  3.711e-004  1.227e-001  8.682e-001  9.081e-003 
61 1-1  1.000e+000
61 1-2 -9.938e-001  1.000e+000
61 1-3  5.045e-002 -1.616e-001  1.000e+000
61 2-1 -3.339e-001  3.301e-001 -9.028e-004  1.000e+000
61 2-2  3.368e-001 -3.457e-001  1.151e-001 -9.737e-001  1.000e+000
61 2-3 -4.332e-002  9.878e-002 -5.011e-001 -2.349e-002 -2.049e-001  1.000e+000
62  9.566e-001  4.298e-002  4.408e-004  1.196e-001  8.704e-001  1.002e-002 
62 1-1  1.000e+000
62 1-2 -9.917e-001  1.000e+000
62 1-3  4.109e-002 -1.696e-001  1.000e+000
62 2-1 -3.341e-001  3.296e-001 -5.472e-004  1.000e+000
62 2-2  3.353e-001 -3.474e-001  1.298e-001 -9.665e-001  1.000e+000
62 2-3 -3.987e-002  1.043e-001 -5.036e-001 -2.415e-002 -2.332e-001  1.000e+000
63  9.548e-001  4.468e-002  5.237e-004  1.166e-001  8.724e-001  1.104e-002 
63 1-1  1.000e+000
63 1-2 -9.889e-001  1.000e+000
63 1-3  2.995e-002 -1.780e-001  1.000e+000
63 2-1 -3.340e-001  3.288e-001  1.213e-005  1.000e+000
63 2-2  3.325e-001 -3.490e-001  1.455e-001 -9.578e-001  1.000e+000
63 2-3 -3.554e-002  1.101e-001 -5.061e-001 -2.521e-002 -2.631e-001  1.000e+000
64  9.529e-001  4.644e-002  6.220e-004  1.136e-001  8.742e-001  1.218e-002 
64 1-1  1.000e+000
64 1-2 -9.855e-001  1.000e+000
64 1-3  1.692e-002 -1.866e-001  1.000e+000
64 2-1 -3.333e-001  3.274e-001  8.118e-004  1.000e+000
64 2-2  3.284e-001 -3.502e-001  1.618e-001 -9.476e-001  1.000e+000
64 2-3 -3.027e-002  1.162e-001 -5.087e-001 -2.666e-002 -2.940e-001  1.000e+000
65  9.510e-001  4.826e-002  7.388e-004  1.106e-001  8.759e-001  1.342e-002 
65 1-1  1.000e+000
65 1-2 -9.811e-001  1.000e+000
65 1-3  2.004e-003 -1.952e-001  1.000e+000
65 2-1 -3.321e-001  3.254e-001  1.886e-003  1.000e+000
65 2-2  3.227e-001 -3.509e-001  1.783e-001 -9.360e-001  1.000e+000
65 2-3 -2.403e-002  1.224e-001 -5.113e-001 -2.852e-002 -3.252e-001  1.000e+000
66  9.490e-001  5.015e-002  8.773e-004  1.078e-001  8.774e-001  1.479e-002 
66 1-1  1.000e+000
66 1-2 -9.760e-001  1.000e+000
66 1-3 -1.462e-002 -2.036e-001  1.000e+000
66 2-1 -3.303e-001  3.227e-001  3.261e-003  1.000e+000
66 2-2  3.154e-001 -3.512e-001  1.943e-001 -9.234e-001  1.000e+000
66 2-3 -1.688e-002  1.285e-001 -5.139e-001 -3.075e-002 -3.553e-001  1.000e+000
67  9.468e-001  5.212e-002  1.042e-003  1.049e-001  8.788e-001  1.630e-002 
67 1-1  1.000e+000
67 1-2 -9.700e-001  1.000e+000
67 1-3 -3.258e-002 -2.113e-001  1.000e+000
67 2-1 -3.278e-001  3.194e-001  4.952e-003  1.000e+000
67 2-2  3.067e-001 -3.508e-001  2.093e-001 -9.103e-001  1.000e+000
67 2-3 -8.984e-003  1.343e-001 -5.164e-001 -3.332e-002 -3.835e-001  1.000e+000
68  9.446e-001  5.415e-002  1.237e-003  1.022e-001  8.799e-001  1.795e-002 
68 1-1  1.000e+000
68 1-2 -9.635e-001  1.000e+000
68 1-3 -5.128e-002 -2.180e-001  1.000e+000
68 2-1 -3.249e-001  3.156e-001  6.957e-003  1.000e+000
68 2-2  2.970e-001 -3.499e-001  2.226e-001 -8.974e-001  1.000e+000
68 2-3 -6.265e-004  1.397e-001 -5.187e-001 -3.614e-002 -4.085e-001  1.000e+000
69  9.423e-001  5.625e-002  1.468e-003  9.945e-002  8.808e-001  1.977e-002 
69 1-1  1.000e+000
69 1-2 -9.567e-001  1.000e+000
69 1-3 -6.996e-002 -2.235e-001  1.000e+000
69 2-1 -3.215e-001  3.115e-001  9.260e-003  1.000e+000
69 2-2  2.869e-001 -3.486e-001  2.338e-001 -8.855e-001  1.000e+000
69 2-3  7.792e-003  1.444e-001 -5.207e-001 -3.914e-002 -4.297e-001  1.000e+000
70  9.398e-001  5.843e-002  1.743e-003  9.678e-002  8.815e-001  2.177e-002 
70 1-1  1.000e+000
70 1-2 -9.500e-001  1.000e+000
70 1-3 -8.778e-002 -2.278e-001  1.000e+000
70 2-1 -3.181e-001  3.073e-001  1.183e-002  1.000e+000
70 2-2  2.772e-001 -3.470e-001  2.424e-001 -8.750e-001  1.000e+000
70 2-3  1.580e-002  1.483e-001 -5.222e-001 -4.225e-002 -4.466e-001  1.000e+000
71  9.373e-001  6.068e-002  2.069e-003  9.415e-002  8.819e-001  2.396e-002 
71 1-1  1.000e+000
71 1-2 -9.437e-001  1.000e+000
71 1-3 -1.040e-001 -2.308e-001  1.000e+000
71 2-1 -3.150e-001  3.033e-001  1.465e-002  1.000e+000
71 2-2  2.686e-001 -3.453e-001  2.484e-001 -8.664e-001  1.000e+000
71 2-3  2.293e-002  1.515e-001 -5.230e-001 -4.542e-002 -4.595e-001  1.000e+000
72  9.345e-001  6.301e-002  2.455e-003  9.156e-002  8.821e-001  2.637e-002 
72 1-1  1.000e+000
72 1-2 -9.382e-001  1.000e+000
72 1-3 -1.180e-001 -2.330e-001  1.000e+000
72 2-1 -3.122e-001  2.996e-001  1.770e-002  1.000e+000
72 2-2  2.614e-001 -3.438e-001  2.518e-001 -8.595e-001  1.000e+000
72 2-3  2.876e-002  1.540e-001 -5.227e-001 -4.862e-002 -4.688e-001  1.000e+000
73  9.317e-001  6.542e-002  2.913e-003  8.902e-002  8.820e-001  2.901e-002 
73 1-1  1.000e+000
73 1-2 -9.336e-001  1.000e+000
73 1-3 -1.295e-001 -2.345e-001  1.000e+000
73 2-1 -3.101e-001  2.965e-001  2.097e-002  1.000e+000
73 2-2  2.561e-001 -3.424e-001  2.528e-001 -8.540e-001  1.000e+000
73 2-3  3.296e-002  1.559e-001 -5.208e-001 -5.185e-002 -4.752e-001  1.000e+000
74  9.286e-001  6.791e-002  3.455e-003  8.652e-002  8.816e-001  3.190e-002 
74 1-1  1.000e+000
74 1-2 -9.298e-001  1.000e+000
74 1-3 -1.383e-001 -2.360e-001  1.000e+000
74 2-1 -3.088e-001  2.938e-001  2.448e-002  1.000e+000
74 2-2  2.526e-001 -3.414e-001  2.516e-001 -8.495e-001  1.000e+000
74 2-3  3.532e-002  1.574e-001 -5.168e-001 -5.513e-002 -4.799e-001  1.000e+000
75  9.254e-001  7.048e-002  4.097e-003  8.406e-002  8.809e-001  3.507e-002 
75 1-1  1.000e+000
75 1-2 -9.268e-001  1.000e+000
75 1-3 -1.446e-001 -2.376e-001  1.000e+000
75 2-1 -3.081e-001  2.917e-001  2.827e-002  1.000e+000
75 2-2  2.509e-001 -3.405e-001  2.483e-001 -8.452e-001  1.000e+000
75 2-3  3.578e-002  1.585e-001 -5.101e-001 -5.851e-002 -4.840e-001  1.000e+000
76  9.220e-001  7.312e-002  4.858e-003  8.164e-002  8.798e-001  3.853e-002 
76 1-1  1.000e+000
76 1-2 -9.243e-001  1.000e+000
76 1-3 -1.488e-001 -2.397e-001  1.000e+000
76 2-1 -3.081e-001  2.900e-001  3.239e-002  1.000e+000
76 2-2  2.506e-001 -3.399e-001  2.431e-001 -8.404e-001  1.000e+000
76 2-3  3.441e-002  1.591e-001 -4.998e-001 -6.199e-002 -4.888e-001  1.000e+000
77  9.184e-001  7.585e-002  5.759e-003  7.926e-002  8.784e-001  4.233e-002 
77 1-1  1.000e+000
77 1-2 -9.221e-001  1.000e+000
77 1-3 -1.516e-001 -2.426e-001  1.000e+000
77 2-1 -3.088e-001  2.886e-001  3.686e-002  1.000e+000
77 2-2  2.514e-001 -3.392e-001  2.363e-001 -8.341e-001  1.000e+000
77 2-3  3.147e-002  1.591e-001 -4.855e-001 -6.558e-002 -4.957e-001  1.000e+000
78  9.145e-001  7.866e-002  6.825e-003  7.691e-002  8.766e-001  4.647e-002 
78 1-1  1.000e+000
78 1-2 -9.198e-001  1.000e+000
78 1-3 -1.539e-001 -2.462e-001  1.000e+000
78 2-1 -3.100e-001  2.875e-001  4.173e-002  1.000e+000
78 2-2  2.525e-001 -3.382e-001  2.281e-001 -8.253e-001  1.000e+000
78 2-3  2.743e-002  1.584e-001 -4.666e-001 -6.929e-002 -5.062e-001  1.000e+000
79  9.104e-001  8.155e-002  8.086e-003  7.459e-002  8.744e-001  5.100e-002 
79 1-1  1.000e+000
79 1-2 -9.169e-001  1.000e+000
79 1-3 -1.570e-001 -2.503e-001  1.000e+000
79 2-1 -3.116e-001  2.865e-001  4.697e-002  1.000e+000
79 2-2  2.532e-001 -3.367e-001  2.188e-001 -8.129e-001  1.000e+000
79 2-3  2.299e-002  1.567e-001 -4.435e-001 -7.309e-002 -5.214e-001  1.000e+000
80  9.059e-001  8.451e-002  9.576e-003  7.231e-002  8.718e-001  5.594e-002 
80 1-1  1.000e+000
80 1-2 -9.127e-001  1.000e+000
80 1-3 -1.629e-001 -2.546e-001  1.000e+000
80 2-1 -3.136e-001  2.856e-001  5.249e-002  1.000e+000
80 2-2  2.526e-001 -3.342e-001  2.089e-001 -7.959e-001  1.000e+000
80 2-3  1.910e-002  1.540e-001 -4.169e-001 -7.698e-002 -5.424e-001  1.000e+000
81  9.011e-001  8.755e-002  1.134e-002  7.006e-002  8.686e-001  6.132e-002 
81 1-1  1.000e+000
81 1-2 -9.063e-001  1.000e+000
81 1-3 -1.740e-001 -2.586e-001  1.000e+000
81 2-1 -3.157e-001  2.847e-001  5.813e-002  1.000e+000
81 2-2  2.496e-001 -3.304e-001  1.994e-001 -7.730e-001  1.000e+000
81 2-3  1.684e-002  1.503e-001 -3.886e-001 -8.097e-002 -5.697e-001  1.000e+000
82  8.959e-001  9.065e-002  1.341e-002  6.784e-002  8.650e-001  6.718e-002 
82 1-1  1.000e+000
82 1-2 -8.965e-001  1.000e+000
82 1-3 -1.930e-001 -2.617e-001  1.000e+000
82 2-1 -3.176e-001  2.837e-001  6.361e-002  1.000e+000
82 2-2  2.427e-001 -3.250e-001  1.912e-001 -7.434e-001  1.000e+000
82 2-3  1.732e-002  1.458e-001 -3.607e-001 -8.514e-002 -6.031e-001  1.000e+000
83  8.903e-001  9.381e-002  1.586e-002  6.564e-002  8.608e-001  7.355e-002 
83 1-1  1.000e+000
83 1-2 -8.818e-001  1.000e+000
83 1-3 -2.226e-001 -2.636e-001  1.000e+000
83 2-1 -3.191e-001  2.826e-001  6.862e-002  1.000e+000
83 2-2  2.306e-001 -3.179e-001  1.855e-001 -7.067e-001  1.000e+000
83 2-3  2.148e-002  1.411e-001 -3.355e-001 -8.960e-002 -6.414e-001  1.000e+000
84  8.842e-001  9.703e-002  1.875e-002  6.347e-002  8.560e-001  8.048e-002 
84 1-1  1.000e+000
84 1-2 -8.601e-001  1.000e+000
84 1-3 -2.647e-001 -2.643e-001  1.000e+000
84 2-1 -3.198e-001  2.812e-001  7.292e-002  1.000e+000
84 2-2  2.120e-001 -3.090e-001  1.832e-001 -6.627e-001  1.000e+000
84 2-3  3.005e-002  1.364e-001 -3.146e-001 -9.450e-002 -6.829e-001  1.000e+000
85  8.776e-001  1.003e-001  2.215e-002  6.133e-002  8.507e-001  8.798e-002 
85 1-1  1.000e+000
85 1-2 -8.293e-001  1.000e+000
85 1-3 -3.196e-001 -2.645e-001  1.000e+000
85 2-1 -3.190e-001  2.796e-001  7.640e-002  1.000e+000
85 2-2  1.861e-001 -2.985e-001  1.849e-001 -6.122e-001  1.000e+000
85 2-3  4.337e-002  1.323e-001 -2.991e-001 -1.000e-001 -7.255e-001  1.000e+000
86  8.703e-001  1.036e-001  2.614e-002  5.922e-002  8.447e-001  9.611e-002 
86 1-1  1.000e+000
86 1-2 -7.870e-001  1.000e+000
86 1-3 -3.859e-001 -2.655e-001  1.000e+000
86 2-1 -3.162e-001  2.775e-001  7.916e-002  1.000e+000
86 2-2  1.527e-001 -2.869e-001  1.904e-001 -5.563e-001  1.000e+000
86 2-3  6.135e-002  1.291e-001 -2.889e-001 -1.062e-001 -7.672e-001  1.000e+000
87  8.623e-001  1.069e-001  3.082e-002  5.712e-002  8.380e-001  1.049e-001 
87 1-1  1.000e+000
87 1-2 -7.314e-001  1.000e+000
87 1-3 -4.606e-001 -2.684e-001  1.000e+000
87 2-1 -3.109e-001  2.749e-001  8.141e-002  1.000e+000
87 2-2  1.124e-001 -2.749e-001  1.990e-001 -4.968e-001  1.000e+000
87 2-3  8.340e-002  1.272e-001 -2.834e-001 -1.134e-001 -8.060e-001  1.000e+000
88  8.535e-001  1.102e-001  3.631e-002  5.505e-002  8.306e-001  1.144e-001 
88 1-1  1.000e+000
88 1-2 -6.617e-001  1.000e+000
88 1-3 -5.392e-001 -2.746e-001  1.000e+000
88 2-1 -3.030e-001  2.717e-001  8.341e-002  1.000e+000
88 2-2  6.685e-002 -2.632e-001  2.099e-001 -4.352e-001  1.000e+000
88 2-3  1.085e-001  1.268e-001 -2.816e-001 -1.214e-001 -8.408e-001  1.000e+000
89  8.439e-001  1.134e-001  4.272e-002  5.300e-002  8.224e-001  1.246e-001 
89 1-1  1.000e+000
89 1-2 -5.784e-001  1.000e+000
89 1-3 -6.169e-001 -2.852e-001  1.000e+000
89 2-1 -2.924e-001  2.676e-001  8.542e-002  1.000e+000
89 2-2  1.844e-002 -2.525e-001  2.220e-001 -3.734e-001  1.000e+000
89 2-3  1.352e-001  1.282e-001 -2.825e-001 -1.306e-001 -8.710e-001  1.000e+000
90  8.332e-001  1.166e-001  5.020e-002  5.097e-002  8.134e-001  1.356e-001 
90 1-1  1.000e+000
90 1-2 -4.833e-001  1.000e+000
90 1-3 -6.893e-001 -3.010e-001  1.000e+000
90 2-1 -2.798e-001  2.624e-001  8.764e-002  1.000e+000
90 2-2 -3.016e-002 -2.436e-001  2.345e-001 -3.126e-001  1.000e+000
90 2-3  1.620e-001  1.315e-001 -2.853e-001 -1.408e-001 -8.964e-001  1.000e+000