
#****** ******
# SEMsr.txt
#IMaCh version 0.99r45, April 2023,INED-EUROREVES-Institut de longevite-Japan Society for the Promotion of Science (Grant-in-Aid for Scientific Research 25293121), Intel Software 2015-2020, Nihon University 2021-202, INED 2000-2022
#$Revision: 1.353 $ $Date: 2023/05/08 18:48:22 $
# Tue Feb 04 22:13:36 2025
# Health expectancies with standard errors
# Age e11 (SE) e12 (SE) e1.  e21 (SE) e22 (SE) e2. 
 50   23.3916 (0.8749)    9.1613 (0.6810)   32.5529 (0.9896)   20.5209 (1.1929)   11.4185 (0.9002)   31.9394 (1.2155)
 51   22.5662 (0.8592)    9.0257 (0.6702)   31.5920 (0.9797)   19.6324 (1.1643)   11.2961 (0.8769)   30.9285 (1.2144)
 52   21.7517 (0.8438)    8.8843 (0.6597)   30.6359 (0.9691)   18.7553 (1.1355)   11.1647 (0.8547)   29.9200 (1.2118)
 53   20.9485 (0.8286)    8.7368 (0.6497)   29.6853 (0.9580)   17.8903 (1.1065)   11.0242 (0.8336)   28.9146 (1.2078)
 54   20.1574 (0.8138)    8.5833 (0.6399)   28.7407 (0.9463)   17.0385 (1.0776)   10.8743 (0.8137)   27.9128 (1.2021)
 55   19.3788 (0.7992)    8.4239 (0.6305)   27.8027 (0.9340)   16.2006 (1.0487)   10.7150 (0.7951)   26.9155 (1.1947)
 56   18.6134 (0.7850)    8.2584 (0.6215)   26.8719 (0.9213)   15.3777 (1.0201)   10.5460 (0.7776)   25.9236 (1.1854)
 57   17.8618 (0.7710)    8.0871 (0.6126)   25.9489 (0.9082)   14.5707 (0.9918)   10.3673 (0.7613)   24.9380 (1.1743)
 58   17.1245 (0.7574)    7.9100 (0.6041)   25.0345 (0.8948)   13.7806 (0.9639)   10.1790 (0.7460)   23.9596 (1.1613)
 59   16.4021 (0.7441)    7.7273 (0.5958)   24.1293 (0.8812)   13.0085 (0.9364)    9.9812 (0.7316)   22.9897 (1.1464)
 60   15.6951 (0.7311)    7.5391 (0.5877)   23.2342 (0.8675)   12.2553 (0.9094)    9.7740 (0.7179)   22.0292 (1.1296)
 61   15.0041 (0.7183)    7.3457 (0.5799)   22.3498 (0.8538)   11.5219 (0.8829)    9.5577 (0.7049)   21.0796 (1.1110)
 62   14.3296 (0.7057)    7.1474 (0.5722)   21.4770 (0.8402)   10.8094 (0.8570)    9.3325 (0.6922)   20.1419 (1.0908)
 63   13.6720 (0.6932)    6.9444 (0.5647)   20.6164 (0.8268)   10.1185 (0.8315)    9.0991 (0.6798)   19.2176 (1.0691)
 64   13.0319 (0.6809)    6.7372 (0.5575)   19.7690 (0.8138)    9.4502 (0.8065)    8.8577 (0.6676)   18.3079 (1.0461)
 65   12.4095 (0.6686)    6.5260 (0.5505)   18.9355 (0.8012)    8.8053 (0.7819)    8.6091 (0.6554)   17.4144 (1.0220)
 66   11.8052 (0.6563)    6.3114 (0.5438)   18.1166 (0.7891)    8.1845 (0.7576)    8.3538 (0.6432)   16.5382 (0.9972)
 67   11.2193 (0.6440)    6.0938 (0.5373)   17.3131 (0.7776)    7.5884 (0.7336)    8.0926 (0.6310)   15.6809 (0.9718)
 68   10.6521 (0.6316)    5.8737 (0.5311)   16.5258 (0.7668)    7.0175 (0.7097)    7.8262 (0.6188)   14.8437 (0.9463)
 69   10.1037 (0.6191)    5.6516 (0.5251)   15.7553 (0.7565)    6.4724 (0.6859)    7.5556 (0.6067)   14.0280 (0.9210)
 70    9.5742 (0.6065)    5.4281 (0.5195)   15.0023 (0.7470)    5.9534 (0.6621)    7.2816 (0.5948)   13.2350 (0.8961)
 71    9.0637 (0.5938)    5.2037 (0.5141)   14.2674 (0.7381)    5.4606 (0.6383)    7.0052 (0.5833)   12.4659 (0.8720)
 72    8.5721 (0.5811)    4.9790 (0.5089)   13.5511 (0.7298)    4.9943 (0.6143)    6.7274 (0.5722)   11.7217 (0.8489)
 73    8.0994 (0.5684)    4.7546 (0.5040)   12.8540 (0.7222)    4.5543 (0.5902)    6.4491 (0.5618)   11.0034 (0.8271)
 74    7.6454 (0.5558)    4.5311 (0.4991)   12.1764 (0.7151)    4.1406 (0.5660)    6.1713 (0.5522)   10.3119 (0.8066)
 75    7.2098 (0.5433)    4.3090 (0.4944)   11.5188 (0.7086)    3.7528 (0.5415)    5.8951 (0.5435)    9.6479 (0.7875)
 76    6.7925 (0.5312)    4.0890 (0.4896)   10.8815 (0.7028)    3.3907 (0.5170)    5.6214 (0.5358)    9.0121 (0.7699)
 77    6.3930 (0.5197)    3.8716 (0.4848)   10.2646 (0.6976)    3.0537 (0.4923)    5.3511 (0.5292)    8.4048 (0.7537)
 78    6.0110 (0.5090)    3.6574 (0.4798)    9.6684 (0.6934)    2.7411 (0.4675)    5.0851 (0.5237)    7.8263 (0.7388)
 79    5.6460 (0.4992)    3.4469 (0.4745)    9.0930 (0.6901)    2.4524 (0.4428)    4.8244 (0.5191)    7.2768 (0.7249)
 80    5.2977 (0.4908)    3.2407 (0.4690)    8.5383 (0.6882)    2.1866 (0.4182)    4.5696 (0.5155)    6.7563 (0.7119)
 81    4.9654 (0.4840)    3.0391 (0.4633)    8.0045 (0.6878)    1.9430 (0.3938)    4.3216 (0.5125)    6.2645 (0.6995)
 82    4.6487 (0.4790)    2.8428 (0.4572)    7.4914 (0.6893)    1.7204 (0.3696)    4.0808 (0.5101)    5.8013 (0.6875)
 83    4.3470 (0.4761)    2.6520 (0.4508)    6.9990 (0.6930)    1.5180 (0.3459)    3.8480 (0.5081)    5.3660 (0.6757)
 84    4.0598 (0.4755)    2.4672 (0.4443)    6.5270 (0.6991)    1.3346 (0.3226)    3.6235 (0.5061)    4.9582 (0.6637)
 85    3.7867 (0.4773)    2.2887 (0.4375)    6.0754 (0.7076)    1.1692 (0.2999)    3.4078 (0.5041)    4.5770 (0.6515)
 86    3.5270 (0.4813)    2.1169 (0.4306)    5.6440 (0.7187)    1.0206 (0.2778)    3.2011 (0.5018)    4.2217 (0.6390)
 87    3.2804 (0.4875)    1.9521 (0.4238)    5.2325 (0.7322)    0.8877 (0.2564)    3.0037 (0.4990)    3.8914 (0.6259)
 88    3.0463 (0.4954)    1.7944 (0.4169)    4.8408 (0.7476)    0.7694 (0.2359)    2.8156 (0.4957)    3.5850 (0.6123)
 89    2.8244 (0.5047)    1.6442 (0.4101)    4.4686 (0.7644)    0.6644 (0.2162)    2.6370 (0.4916)    3.3015 (0.5982)
 90    2.6143 (0.5148)    1.5015 (0.4033)    4.1158 (0.7819)    0.5718 (0.1974)    2.4679 (0.4867)    3.0397 (0.5835)
