
#****** ******
# SEMsr.txt
#IMaCh version 0.99r45, April 2023,INED-EUROREVES-Institut de longevite-Japan Society for the Promotion of Science (Grant-in-Aid for Scientific Research 25293121), Intel Software 2015-2020, Nihon University 2021-202, INED 2000-2022
#$Revision: 1.353 $ $Date: 2023/05/08 18:48:22 $
# Tue Feb 04 22:13:36 2025
# Standard deviation of period (forward stable) prevalences 
# Age  Result#  1-1 2-2
50 1  0.87603 (0.02609) 0.12404 (0.02621)
51 1  0.86942 (0.02626) 0.13065 (0.02636)
52 1  0.86251 (0.02637) 0.13756 (0.02649)
53 1  0.85531 (0.02642) 0.14476 (0.02653)
54 1  0.84781 (0.02641) 0.15227 (0.02653)
55 1  0.84001 (0.02634) 0.16009 (0.02647)
56 1  0.83189 (0.02621) 0.16819 (0.02633)
57 1  0.82348 (0.02602) 0.17662 (0.02614)
58 1  0.81475 (0.02620) 0.18533 (0.02191)
59 1  0.80573 (0.02546) 0.19437 (0.02557)
60 1  0.79640 (0.02510) 0.20371 (0.02522)
61 1  0.78678 (0.02469) 0.21332 (0.02480)
62 1  0.77687 (0.02426) 0.22324 (0.02437)
63 1  0.76669 (0.02380) 0.23344 (0.02392)
64 1  0.75624 (0.02335) 0.24388 (0.02345)
65 1  0.74554 (0.02292) 0.25460 (0.02302)
66 1  0.73460 (0.02253) 0.26555 (0.02263)
67 1  0.72344 (0.02222) 0.27672 (0.02232)
68 1  0.71209 (0.02202) 0.28806 (0.02210)
69 1  0.70055 (0.02195) 0.29960 (0.02203)
70 1  0.68887 (0.02205) 0.31130 (0.02212)
71 1  0.67706 (0.02234) 0.32313 (0.02241)
72 1  0.66515 (0.02301) 0.33505 (0.02694)
73 1  0.65316 (0.02355) 0.34701 (0.02360)
74 1  0.64113 (0.02448) 0.35906 (0.02453)
75 1  0.62908 (0.02562) 0.37111 (0.02567)
76 1  0.61705 (0.02696) 0.38316 (0.02701)
77 1  0.60505 (0.02847) 0.39516 (0.02852)
78 1  0.59312 (0.03014) 0.40710 (0.03019)
79 1  0.58128 (0.03195) 0.41894 (0.03200)
80 1  0.56956 (0.03389) 0.43068 (0.03394)
81 1  0.55796 (0.03594) 0.44227 (0.03599)
82 1  0.54651 (0.03811) 0.45373 (0.03816)
83 1  0.53522 (0.04040) 0.46503 (0.04044)
84 1  0.52407 (0.04282) 0.47617 (0.04287)
85 1  0.51309 (0.04477) 0.48720 (0.05288)
86 1  0.50224 (0.04822) 0.49805 (0.04828)
87 1  0.49150 (0.05132) 0.50879 (0.05137)
88 1  0.48084 (0.05481) 0.51944 (0.05486)
89 1  0.47021 (0.05882) 0.53007 (0.05887)
90 1  0.45955 (0.06352) 0.54072 (0.06356)
