# Powell
# iter -2*LL p12 p13 p21 p23
1 1 3885.415532277892 0 -3.164555500000 0.036502500000 -3.902398100000 -0.019253800000 1.669566600000 -0.068333000000 -12.923308400000 0.124339500000
2 2 3252.150998021134 1 -3.859955953628 0.036243661958 -6.270658428800 -0.020373147071 1.095491609608 -0.067938528164 -14.732936639140 0.124245747314
3 2 3155.652881507451 1 -4.331955595559 0.036152918552 -5.444733520053 -0.020043177840 0.544418367610 -0.067792163131 -14.885553353251 0.127805239401
4 3 3136.209803360555 2 -4.590127921783 0.035987449979 -5.381711846592 -0.019994984980 0.392769687397 -0.067659555857 -14.901848875094 0.129592703557
5 3 3135.697525403792 2 -4.626888371503 0.035806539178 -5.392952381244 -0.020056470935 0.365691108502 -0.067532019497 -14.895154143805 0.129786673787
6 4 3135.419660758410 3 -4.592838068221 0.034688047052 -5.386108714846 -0.020536641560 0.301996075597 -0.066759754962 -14.836968128061 0.129306959191
7 4 3134.967112889348 3 -4.495325801635 0.032793404351 -5.385637601278 -0.021402623988 0.204780820758 -0.065449297718 -14.763458246182 0.128299628019
8 5 3134.168302302498 3 -4.277252487751 0.029332618767 -5.252499080814 -0.023510446969 -0.010305765499 -0.062198181408 -14.567022951692 0.125780946003
9 5 3133.756732552895 3 -4.211106033584 0.029016493074 -5.155738084002 -0.023988161314 -0.037304159817 -0.061483712496 -14.509783373727 0.125168271491
10 6 3133.727052825176 4 -4.198305404649 0.028858274434 -5.193650729466 -0.024199713784 -0.044708905812 -0.061359342860 -14.482489985470 0.124984851452
11 6 3133.710843948299 4 -4.191401150893 0.028690565801 -5.211627878190 -0.024486751641 -0.048158333495 -0.061335702522 -14.459376772704 0.124743226335
12 7 3133.687113937373 4 -4.191080176541 0.028632835786 -5.176837064173 -0.024983360414 -0.034885365207 -0.061560558301 -14.429903986236 0.124506903963
13 7 3133.634429793784 4 -4.189334278100 0.028533749013 -5.100021754872 -0.025221163667 0.004072468794 -0.062179950509 -14.378497612027 0.123986275394
14 8 3133.568526467036 5 -4.184661595908 0.028404002817 -4.963098052211 -0.026351124828 0.048876324129 -0.062883219152 -14.321604118211 0.123267860882
15 8 3133.406074769078 5 -4.157594986311 0.027931910496 -4.629209096314 -0.031819578868 0.152010271737 -0.064491522471 -14.142176072125 0.120990167426
16 9 3133.301975757529 5 -4.144360303447 0.027818041240 -4.564938230490 -0.034640361082 0.176589006488 -0.064847380234 -14.070789457710 0.120143759011
17 9 3133.285270456721 5 -4.140449415824 0.027830897249 -4.546366652955 -0.035492703648 0.183723564708 -0.064931426536 -14.052944073096 0.119905094341
18 10 3133.283319161848 6 -4.138703385096 0.027832696143 -4.539245511970 -0.035786036519 0.186053716196 -0.064956672125 -14.046071907802 0.119815782190
19 10 3133.283121022119 6 -4.138016386977 0.027832490847 -4.536327172944 -0.035889733106 0.186819012883 -0.064964501846 -14.043621263986 0.119784511441
20 11 3133.283100284577 6 -4.137753957987 0.027831999575 -4.534882448117 -0.035931155305 0.187078030039 -0.064967112721 -14.042799285116 0.119774157526
21 11 3133.283079234603 7 -4.137338463138 0.027830100652 -4.531243383445 -0.036013531218 0.187448254313 -0.064971059388 -14.041822402487 0.119761968681
22 12 3133.283043423637 7 -4.136718792482 0.027823248744 -4.523943564268 -0.036140785065 0.188434262871 -0.064985045730 -14.039683891594 0.119737495248
23 12 3133.282896994444 7 -4.135022677986 0.027800938617 -4.496523799890 -0.036584859292 0.190963654496 -0.065021929660 -14.035050919515 0.119685419905
24 13 3133.282397041586 7 -4.132206503450 0.027758732423 -4.424995365537 -0.037738469505 0.193600996313 -0.065061169982 -14.033346230926 0.119669941577
25 13 3133.281634111676 8 -4.131891703356 0.027749452095 -4.382421703239 -0.038478787501 0.191943143946 -0.065037941582 -14.040967196784 0.119759998603
26 14 3133.280901789148 8 -4.130307679402 0.027713626086 -4.270444032078 -0.040505934910 0.191782069590 -0.065042331995 -14.052358638831 0.119894335282
27 14 3133.280882307608 8 -4.130202756241 0.027712242968 -4.269090176949 -0.040551932883 0.192565888585 -0.065054558463 -14.051167126245 0.119878635352
28 15 3133.280880292566 9 -4.130046834921 0.027709978592 -4.265930657308 -0.040612669419 0.193034451566 -0.065061798157 -14.050510551389 0.119870412128
29 15 3133.280880013144 9 -4.130002850434 0.027709582389 -4.265454495285 -0.040619015755 0.193052325397 -0.065061922422 -14.050442563922 0.119869672301
30 16 3133.280879885451 10 -4.129940325855 0.027708595712 -4.263665151949 -0.040648856044 0.193095977937 -0.065062591793 -14.050466287053 0.119870072400
31 16 3133.280879871757 10 -4.129936816246 0.027708590721 -4.263674355085 -0.040648656646 0.193091462549 -0.065062504983 -14.050471666521 0.119870125302
32 17 3133.280878504334 10 -4.129772451918 0.027706908944 -4.266529900954 -0.040595508022 0.193451503904 -0.065067825764 -14.050762860423 0.119873625433
33 17 3133.280877028143 -49 -4.129512089957 0.027702343766 -4.266987712182 -0.040587733092 0.193639111264 -0.065070895222 -14.050832005755 0.119874461314
34 18 3133.280875989491 -49 -4.129085991556 0.027694867362 -4.268546541372 -0.040562206608 0.193927417525 -0.065075608959 -14.051023947798 0.119876656222
35 18 3133.280875969377 -48 -4.129091694795 0.027694976896 -4.268614903103 -0.040561547691 0.193903246672 -0.065075217442 -14.051037755595 0.119876772021
36 19 3133.280875964620 -48 -4.129091367647 0.027694992531 -4.268688151869 -0.040560474802 0.193895417879 -0.065075086860 -14.051048964078 0.119876883601
37 19 3133.280875963115 -48 -4.129090447384 0.027695009644 -4.268756669631 -0.040559431700 0.193892394300 -0.065075025908 -14.051062486611 0.119877025822
38 20 3133.280875963113 -47 -4.129090447384 0.027695009644 -4.268756669630 -0.040559431700 0.193892394300 -0.065075025908 -14.051062486612 0.119877025822
