# ESFadl.txt
#IMaCh version 0.99r45, April 2023,INED-EUROREVES-Institut de longevite-Japan Society for the Promotion of Science (Grant-in-Aid for Scientific Research 25293121), Intel Software 2015-2020, Nihon University 2021-202, INED 2000-2022
#$Revision: 1.353 $ $Date: 2023/05/08 18:48:22 $
# Tue Feb 04 22:03:38 2025
# Forward period (stable) prevalence. Precision given by ftolpl=0.0006 
#Age 1-1 2-2 
#************
#Age   1-1     2-2   Total Years_to_converge
50  0.98276 0.01725 1.000 39
51  0.98080 0.01921 1.000 39
52  0.97863 0.02138 1.000 39
53  0.97622 0.02379 1.000 39
54  0.97355 0.02647 1.000 39
55  0.97058 0.02943 1.000 39
56  0.96730 0.03272 1.000 39
57  0.96367 0.03635 1.000 39
58  0.95966 0.04036 1.000 39
59  0.95523 0.04479 1.000 38
60  0.95035 0.04968 1.000 38
61  0.94496 0.05507 1.000 38
62  0.93904 0.06099 1.000 38
63  0.93253 0.06751 1.000 38
64  0.92539 0.07465 1.000 38
65  0.91756 0.08248 1.000 37
66  0.90901 0.09104 1.000 37
67  0.89967 0.10039 1.000 37
68  0.88949 0.11057 1.000 37
69  0.87843 0.12164 1.000 36
70  0.86644 0.13363 1.000 36
71  0.85347 0.14662 1.000 36
72  0.83947 0.16063 1.000 35
73  0.82441 0.17568 1.000 35
74  0.80826 0.19185 1.000 35
75  0.79099 0.20913 1.000 34
76  0.77259 0.22754 1.000 34
77  0.75306 0.24708 1.000 33
78  0.73241 0.26774 1.000 33
79  0.71067 0.28949 1.000 32
80  0.68787 0.31230 1.000 32
81  0.66408 0.33611 1.000 31
82  0.63938 0.36082 1.000 30
83  0.61387 0.38636 1.000 29
84  0.58766 0.41256 1.000 29
85  0.56090 0.43934 1.000 28
86  0.53374 0.46652 1.000 27
87  0.50636 0.49392 1.000 26
88  0.47895 0.52134 1.000 25
89  0.45169 0.54857 1.000 24
90  0.42479 0.57543 1.000 24
