# Powell
# iter -2*LL p12 p13 p21 p23
1 1 2651.036436221546 1 -10.467771700000 0.106546100000 -13.920955800000 0.135113000000 -0.672814900000 -0.011711800000 -8.930341800000 0.086229200000
2 2 2488.328836784297 2 -10.947210235124 0.106630673248 -15.003671425860 0.134789525406 -1.187117649275 -0.011465673867 -9.671662357727 0.086197059198
3 2 2478.412419320808 3 -11.107190767151 0.106624371154 -14.744929168788 0.134666792179 -1.378381971076 -0.011392478009 -9.760983887003 0.086180042644
4 3 2477.759508803317 3 -11.171226946878 0.106586061244 -14.719422357039 0.134541892791 -1.421351633641 -0.011329280023 -9.774415621179 0.086162722648
5 3 2477.750709180288 4 -11.170367992095 0.106574967691 -14.711790234906 0.134436745285 -1.425077956960 -0.011278287276 -9.772925288614 0.086163024611
6 4 2477.433041976752 4 -11.116902428436 0.105917005338 -14.149434164687 0.127350371031 -1.689751483136 -0.007867806182 -9.683957869268 0.085172931985
7 4 2477.432518899757 4 -11.115766895873 0.105903230777 -14.149226973172 0.127336286514 -1.689024064388 -0.007883976324 -9.683798489040 0.085173540511
8 5 2477.411528655193 5 -11.034559231430 0.104818224022 -14.132741766960 0.127031631897 -1.606031774789 -0.008987316219 -9.685382493834 0.085195928759
9 5 2477.408415152256 5 -11.024606685173 0.104686944453 -14.130741000422 0.127089251347 -1.595162362504 -0.009129377303 -9.687364036876 0.085198974270
10 6 2477.408234169021 6 -11.021784694508 0.104652945911 -14.132031833533 0.127128320286 -1.590610973252 -0.009187443275 -9.688174949959 0.085203192298
11 6 2477.408178224213 6 -11.020840399678 0.104640736037 -14.131281788040 0.127126336146 -1.588626004460 -0.009212742137 -9.688297441535 0.085202849399
12 7 2477.408129751366 7 -11.020408440860 0.104633856440 -14.128995463066 0.127104391115 -1.587760840777 -0.009224461679 -9.688184020012 0.085199883124
13 7 2477.407879351785 7 -11.020819331684 0.104632538351 -14.118059337033 0.126980847116 -1.585079776307 -0.009262200515 -9.687225024563 0.085185209726
14 8 2477.407429120035 7 -11.022442620446 0.104654383817 -14.109809768709 0.126888172553 -1.575332136890 -0.009386474836 -9.686865288595 0.085179171600
15 8 2477.406517062305 8 -11.029353004360 0.104752935952 -14.101158713738 0.126760006788 -1.558665321761 -0.009596996150 -9.686249934092 0.085178727859
16 9 2477.406343162149 8 -11.029832847851 0.104761591197 -14.101289321696 0.126748608158 -1.559772500695 -0.009582627631 -9.686041710870 0.085179683721
17 9 2477.406201190461 8 -11.032766509826 0.104796496246 -14.096975039584 0.126675471900 -1.563591841230 -0.009536249775 -9.685255202501 0.085175005906
18 10 2477.406200291953 9 -11.032739593047 0.104796385711 -14.097227316786 0.126678261228 -1.563532068146 -0.009536927879 -9.685362824182 0.085176387676
19 10 2477.406188580362 9 -11.032841098808 0.104799593375 -14.099251781555 0.126701072390 -1.563359839983 -0.009538139187 -9.688264942746 0.085211736288
20 11 2477.406177437598 10 -11.033133290828 0.104802864370 -14.098210633024 0.126686717862 -1.563773324745 -0.009533220347 -9.689680864244 0.085229035410
21 11 2477.406144425132 10 -11.033051594502 0.104800603309 -14.094887748582 0.126648921125 -1.563914091540 -0.009531834467 -9.698187322287 0.085329970011
22 12 2477.406144424331 11 -11.033050301519 0.104800582934 -14.094911540248 0.126649257441 -1.563901908047 -0.009531986550 -9.698192143825 0.085330006092
23 12 2477.406144424326 12 -11.033050449133 0.104800584660 -14.094911327020 0.126649253832 -1.563902098577 -0.009531984254 -9.698192102470 0.085330005825
