# ESFadl.txt
#IMaCh version 0.99r45, April 2023,INED-EUROREVES-Institut de longevite-Japan Society for the Promotion of Science (Grant-in-Aid for Scientific Research 25293121), Intel Software 2015-2020, Nihon University 2021-202, INED 2000-2022
#$Revision: 1.353 $ $Date: 2023/05/08 18:48:22 $
# Tue Feb 04 22:03:38 2025
#One-step probabilities and stand. devi in ()
# Age p1-1 (SE) p1-2 (SE) p1-3 (SE) p2-1 (SE) p2-2 (SE) p2-3 (SE)
50  9.965e-001 ( 7.348e-004)  3.038e-003 ( 7.128e-004)  4.239e-004 ( 2.033e-004)  1.146e-001 ( 3.642e-002)  8.816e-001 ( 3.640e-002)  3.857e-003 ( 2.718e-003) 
51  9.961e-001 ( 7.887e-004)  3.373e-003 ( 7.638e-004)  4.810e-004 ( 2.232e-004)  1.136e-001 ( 3.492e-002)  8.822e-001 ( 3.491e-002)  4.204e-003 ( 2.877e-003) 
52  9.957e-001 ( 8.456e-004)  3.744e-003 ( 8.175e-004)  5.457e-004 ( 2.447e-004)  1.126e-001 ( 3.345e-002)  8.828e-001 ( 3.345e-002)  4.582e-003 ( 3.042e-003) 
53  9.952e-001 ( 9.056e-004)  4.155e-003 ( 8.738e-004)  6.191e-004 ( 2.680e-004)  1.116e-001 ( 3.201e-002)  8.834e-001 ( 3.201e-002)  4.993e-003 ( 3.214e-003) 
54  9.947e-001 ( 9.688e-004)  4.612e-003 ( 9.329e-004)  7.023e-004 ( 2.931e-004)  1.106e-001 ( 3.059e-002)  8.840e-001 ( 3.061e-002)  5.441e-003 ( 3.392e-003) 
55  9.941e-001 ( 1.035e-003)  5.118e-003 ( 9.947e-004)  7.966e-004 ( 3.203e-004)  1.096e-001 ( 2.920e-002)  8.845e-001 ( 2.924e-002)  5.930e-003 ( 3.576e-003) 
56  9.934e-001 ( 1.104e-003)  5.680e-003 ( 1.059e-003)  9.036e-004 ( 3.495e-004)  1.086e-001 ( 2.784e-002)  8.849e-001 ( 2.790e-002)  6.461e-003 ( 3.765e-003) 
57  9.927e-001 ( 1.177e-003)  6.303e-003 ( 1.126e-003)  1.025e-003 ( 3.808e-004)  1.076e-001 ( 2.651e-002)  8.853e-001 ( 2.660e-002)  7.040e-003 ( 3.961e-003) 
58  9.918e-001 ( 1.252e-003)  6.993e-003 ( 1.195e-003)  1.162e-003 ( 4.144e-004)  1.067e-001 ( 2.521e-002)  8.857e-001 ( 2.533e-002)  7.670e-003 ( 4.160e-003) 
59  9.909e-001 ( 1.331e-003)  7.759e-003 ( 1.267e-003)  1.318e-003 ( 4.503e-004)  1.057e-001 ( 2.394e-002)  8.860e-001 ( 2.411e-002)  8.356e-003 ( 4.365e-003) 
60  9.899e-001 ( 1.412e-003)  8.607e-003 ( 1.341e-003)  1.494e-003 ( 4.886e-004)  1.047e-001 ( 2.271e-002)  8.862e-001 ( 2.292e-002)  9.102e-003 ( 4.572e-003) 
61  9.888e-001 ( 1.496e-003)  9.547e-003 ( 1.417e-003)  1.694e-003 ( 5.293e-004)  1.037e-001 ( 2.151e-002)  8.864e-001 ( 2.177e-002)  9.915e-003 ( 4.782e-003) 
62  9.875e-001 ( 1.583e-003)  1.059e-002 ( 1.496e-003)  1.920e-003 ( 5.724e-004)  1.028e-001 ( 2.035e-002)  8.864e-001 ( 2.067e-002)  1.080e-002 ( 4.994e-003) 
63  9.861e-001 ( 1.672e-003)  1.174e-002 ( 1.576e-003)  2.177e-003 ( 6.181e-004)  1.018e-001 ( 1.923e-002)  8.865e-001 ( 1.963e-002)  1.176e-002 ( 5.205e-003) 
64  9.845e-001 ( 1.765e-003)  1.302e-002 ( 1.659e-003)  2.466e-003 ( 6.663e-004)  1.008e-001 ( 1.816e-002)  8.864e-001 ( 1.863e-002)  1.281e-002 ( 5.416e-003) 
65  9.828e-001 ( 1.860e-003)  1.443e-002 ( 1.744e-003)  2.795e-003 ( 7.172e-004)  9.983e-002 ( 1.714e-002)  8.862e-001 ( 1.769e-002)  1.395e-002 ( 5.624e-003) 
66  9.808e-001 ( 1.958e-003)  1.599e-002 ( 1.832e-003)  3.166e-003 ( 7.708e-004)  9.886e-002 ( 1.617e-002)  8.860e-001 ( 1.682e-002)  1.518e-002 ( 5.827e-003) 
67  9.787e-001 ( 2.061e-003)  1.772e-002 ( 1.924e-003)  3.585e-003 ( 8.275e-004)  9.788e-002 ( 1.525e-002)  8.856e-001 ( 1.601e-002)  1.653e-002 ( 6.024e-003) 
68  9.763e-001 ( 2.170e-003)  1.963e-002 ( 2.022e-003)  4.059e-003 ( 8.875e-004)  9.690e-002 ( 1.440e-002)  8.851e-001 ( 1.527e-002)  1.799e-002 ( 6.212e-003) 
69  9.737e-001 ( 2.286e-003)  2.174e-002 ( 2.128e-003)  4.595e-003 ( 9.515e-004)  9.591e-002 ( 1.362e-002)  8.845e-001 ( 1.460e-002)  1.958e-002 ( 6.390e-003) 
70  9.707e-001 ( 2.412e-003)  2.407e-002 ( 2.245e-003)  5.200e-003 ( 1.020e-003)  9.492e-002 ( 1.291e-002)  8.838e-001 ( 1.402e-002)  2.131e-002 ( 6.555e-003) 
71  9.675e-001 ( 2.553e-003)  2.664e-002 ( 2.377e-003)  5.882e-003 ( 1.095e-003)  9.393e-002 ( 1.229e-002)  8.829e-001 ( 1.352e-002)  2.318e-002 ( 6.705e-003) 
72  9.639e-001 ( 2.714e-003)  2.948e-002 ( 2.531e-003)  6.651e-003 ( 1.178e-003)  9.293e-002 ( 1.176e-002)  8.819e-001 ( 1.310e-002)  2.522e-002 ( 6.838e-003) 
73  9.599e-001 ( 2.902e-003)  3.260e-002 ( 2.713e-003)  7.518e-003 ( 1.273e-003)  9.192e-002 ( 1.132e-002)  8.807e-001 ( 1.277e-002)  2.743e-002 ( 6.954e-003) 
74  9.555e-001 ( 3.126e-003)  3.603e-002 ( 2.933e-003)  8.494e-003 ( 1.381e-003)  9.091e-002 ( 1.099e-002)  8.793e-001 ( 1.253e-002)  2.982e-002 ( 7.050e-003) 
75  9.506e-001 ( 3.395e-003)  3.981e-002 ( 3.201e-003)  9.591e-003 ( 1.510e-003)  8.988e-002 ( 1.076e-002)  8.777e-001 ( 1.237e-002)  3.242e-002 ( 7.129e-003) 
76  9.452e-001 ( 3.722e-003)  4.396e-002 ( 3.527e-003)  1.082e-002 ( 1.666e-003)  8.885e-002 ( 1.064e-002)  8.759e-001 ( 1.230e-002)  3.524e-002 ( 7.193e-003) 
77  9.393e-001 ( 4.120e-003)  4.851e-002 ( 3.924e-003)  1.221e-002 ( 1.856e-003)  8.780e-002 ( 1.062e-002)  8.739e-001 ( 1.231e-002)  3.829e-002 ( 7.248e-003) 
78  9.327e-001 ( 4.600e-003)  5.349e-002 ( 4.404e-003)  1.376e-002 ( 2.090e-003)  8.675e-002 ( 1.070e-002)  8.717e-001 ( 1.240e-002)  4.159e-002 ( 7.303e-003) 
79  9.256e-001 ( 5.178e-003)  5.894e-002 ( 4.979e-003)  1.550e-002 ( 2.378e-003)  8.568e-002 ( 1.086e-002)  8.692e-001 ( 1.256e-002)  4.517e-002 ( 7.375e-003) 
80  9.177e-001 ( 5.867e-003)  6.490e-002 ( 5.660e-003)  1.744e-002 ( 2.732e-003)  8.459e-002 ( 1.109e-002)  8.664e-001 ( 1.281e-002)  4.903e-002 ( 7.485e-003) 
81  9.090e-001 ( 6.678e-003)  7.139e-002 ( 6.461e-003)  1.961e-002 ( 3.166e-003)  8.349e-002 ( 1.140e-002)  8.633e-001 ( 1.315e-002)  5.321e-002 ( 7.664e-003) 
82  8.995e-001 ( 7.623e-003)  7.845e-002 ( 7.392e-003)  2.203e-002 ( 3.691e-003)  8.238e-002 ( 1.175e-002)  8.599e-001 ( 1.358e-002)  5.772e-002 ( 7.951e-003) 
83  8.892e-001 ( 8.715e-003)  8.612e-002 ( 8.464e-003)  2.471e-002 ( 4.324e-003)  8.124e-002 ( 1.215e-002)  8.562e-001 ( 1.412e-002)  6.259e-002 ( 8.389e-003) 
84  8.779e-001 ( 9.963e-003)  9.442e-002 ( 9.687e-003)  2.769e-002 ( 5.078e-003)  8.008e-002 ( 1.259e-002)  8.521e-001 ( 1.478e-002)  6.784e-002 ( 9.026e-003) 
85  8.656e-001 ( 1.137e-002)  1.034e-001 ( 1.107e-002)  3.099e-002 ( 5.970e-003)  7.891e-002 ( 1.304e-002)  8.476e-001 ( 1.559e-002)  7.350e-002 ( 9.902e-003) 
86  8.523e-001 ( 1.296e-002)  1.130e-001 ( 1.263e-002)  3.464e-002 ( 7.017e-003)  7.771e-002 ( 1.351e-002)  8.427e-001 ( 1.658e-002)  7.958e-002 ( 1.105e-002) 
87  8.379e-001 ( 1.472e-002)  1.234e-001 ( 1.436e-002)  3.865e-002 ( 8.237e-003)  7.649e-002 ( 1.400e-002)  8.374e-001 ( 1.776e-002)  8.613e-002 ( 1.251e-002) 
88  8.224e-001 ( 1.665e-002)  1.345e-001 ( 1.628e-002)  4.306e-002 ( 9.650e-003)  7.524e-002 ( 1.448e-002)  8.316e-001 ( 1.918e-002)  9.315e-002 ( 1.428e-002) 
89  8.058e-001 ( 1.876e-002)  1.464e-001 ( 1.839e-002)  4.788e-002 ( 1.127e-002)  7.396e-002 ( 1.496e-002)  8.254e-001 ( 2.085e-002)  1.007e-001 ( 1.639e-002) 
90  7.879e-001 ( 2.104e-002)  1.589e-001 ( 2.070e-002)  5.314e-002 ( 1.313e-002)  7.266e-002 ( 1.544e-002)  8.186e-001 ( 2.280e-002)  1.088e-001 ( 1.884e-002) 