# ESFadl.txt
#IMaCh version 0.99r45, April 2023,INED-EUROREVES-Institut de longevite-Japan Society for the Promotion of Science (Grant-in-Aid for Scientific Research 25293121), Intel Software 2015-2020, Nihon University 2021-202, INED 2000-2022
#$Revision: 1.353 $ $Date: 2023/05/08 18:48:22 $
# Tue Feb 04 22:03:38 2025
#One-step probabilities and covariance matrix
# Age p1-1  p1-2  p1-3  p2-1  p2-2  p2-3 
50  9.965e-001  3.038e-003  4.239e-004  1.146e-001  8.816e-001  3.857e-003 
50 1-1  5.399e-007
50 1-2 -5.033e-007  5.081e-007
50 1-3 -3.655e-008 -4.793e-009  4.134e-008
50 2-1 -7.199e-006  6.942e-006  2.568e-007  1.327e-003
50 2-2  7.175e-006 -7.004e-006 -1.705e-007 -1.322e-003  1.325e-003
50 2-3  2.408e-008  6.220e-008 -8.628e-008 -4.638e-006 -2.750e-006  7.388e-006
51  9.961e-001  3.373e-003  4.810e-004  1.136e-001  8.822e-001  4.204e-003 
51 1-1  6.220e-007
51 1-2 -5.778e-007  5.834e-007
51 1-3 -4.419e-008 -5.603e-009  4.980e-008
51 2-1 -7.364e-006  7.097e-006  2.671e-007  1.220e-003
51 2-2  7.334e-006 -7.168e-006 -1.668e-007 -1.215e-003  1.218e-003
51 2-3  2.931e-008  7.092e-008 -1.002e-007 -4.731e-006 -3.545e-006  8.276e-006
52  9.957e-001  3.744e-003  5.457e-004  1.126e-001  8.828e-001  4.582e-003 
52 1-1  7.150e-007
52 1-2 -6.617e-007  6.682e-007
52 1-3 -5.332e-008 -6.539e-009  5.986e-008
52 2-1 -7.514e-006  7.237e-006  2.770e-007  1.119e-003
52 2-2  7.478e-006 -7.317e-006 -1.607e-007 -1.114e-003  1.119e-003
52 2-3  3.550e-008  8.073e-008 -1.162e-007 -4.825e-006 -4.428e-006  9.254e-006
53  9.952e-001  4.155e-003  6.191e-004  1.116e-001  8.834e-001  4.993e-003 
53 1-1  8.201e-007
53 1-2 -7.560e-007  7.636e-007
53 1-3 -6.418e-008 -7.621e-009  7.180e-008
53 2-1 -7.647e-006  7.360e-006  2.864e-007  1.024e-003
53 2-2  7.604e-006 -7.452e-006 -1.519e-007 -1.019e-003  1.025e-003
53 2-3  4.278e-008  9.174e-008 -1.345e-007 -4.921e-006 -5.407e-006  1.033e-005
54  9.947e-001  4.612e-003  7.023e-004  1.106e-001  8.840e-001  5.441e-003 
54 1-1  9.385e-007
54 1-2 -8.615e-007  8.703e-007
54 1-3 -7.705e-008 -8.869e-009  8.592e-008
54 2-1 -7.761e-006  7.466e-006  2.953e-007  9.356e-004
54 2-2  7.710e-006 -7.570e-006 -1.399e-007 -9.306e-004  9.371e-004
54 2-3  5.131e-008  1.041e-007 -1.554e-007 -5.018e-006 -6.485e-006  1.150e-005
55  9.941e-001  5.118e-003  7.966e-004  1.096e-001  8.845e-001  5.930e-003 
55 1-1  1.071e-006
55 1-2 -9.791e-007  9.894e-007
55 1-3 -9.226e-008 -1.031e-008  1.026e-007
55 2-1 -7.855e-006  7.551e-006  3.036e-007  8.525e-004
55 2-2  7.794e-006 -7.669e-006 -1.245e-007 -8.474e-004  8.551e-004
55 2-3  6.125e-008  1.179e-007 -1.791e-007 -5.116e-006 -7.669e-006  1.279e-005
56  9.934e-001  5.680e-003  9.036e-004  1.086e-001  8.849e-001  6.461e-003 
56 1-1  1.220e-006
56 1-2 -1.110e-006  1.122e-006
56 1-3 -1.102e-007 -1.197e-008  1.221e-007
56 2-1 -7.927e-006  7.616e-006  3.112e-007  7.749e-004
56 2-2  7.854e-006 -7.749e-006 -1.051e-007 -7.697e-004  7.787e-004
56 2-3  7.276e-008  1.333e-007 -2.061e-007 -5.216e-006 -8.963e-006  1.418e-005
57  9.927e-001  6.303e-003  1.025e-003  1.076e-001  8.853e-001  7.040e-003 
57 1-1  1.385e-006
57 1-2 -1.254e-006  1.268e-006
57 1-3 -1.311e-007 -1.389e-008  1.450e-007
57 2-1 -7.976e-006  7.658e-006  3.179e-007  7.026e-004
57 2-2  7.890e-006 -7.808e-006 -8.136e-008 -6.973e-004  7.076e-004
57 2-3  8.603e-008  1.505e-007 -2.366e-007 -5.317e-006 -1.037e-005  1.569e-005
58  9.918e-001  6.993e-003  1.162e-003  1.067e-001  8.857e-001  7.670e-003 
58 1-1  1.569e-006
58 1-2 -1.413e-006  1.429e-006
58 1-3 -1.556e-007 -1.612e-008  1.717e-007
58 2-1 -8.001e-006  7.677e-006  3.238e-007  6.354e-004
58 2-2  7.899e-006 -7.847e-006 -5.288e-008 -6.300e-004  6.418e-004
58 2-3  1.012e-007  1.697e-007 -2.709e-007 -5.420e-006 -1.189e-005  1.731e-005
59  9.909e-001  7.759e-003  1.318e-003  1.057e-001  8.860e-001  8.356e-003 
59 1-1  1.771e-006
59 1-2 -1.587e-006  1.606e-006
59 1-3 -1.841e-007 -1.870e-008  2.028e-007
59 2-1 -8.001e-006  7.672e-006  3.288e-007  5.731e-004
59 2-2  7.883e-006 -7.863e-006 -1.926e-008 -5.676e-004  5.811e-004
59 2-3  1.185e-007  1.910e-007 -3.095e-007 -5.525e-006 -1.352e-005  1.905e-005
60  9.899e-001  8.607e-003  1.494e-003  1.047e-001  8.862e-001  9.102e-003 
60 1-1  1.994e-006
60 1-2 -1.777e-006  1.799e-006
60 1-3 -2.170e-007 -2.172e-008  2.387e-007
60 2-1 -7.978e-006  7.645e-006  3.329e-007  5.156e-004
60 2-2  7.840e-006 -7.860e-006  1.989e-008 -5.100e-004  5.252e-004
60 2-3  1.380e-007  2.148e-007 -3.528e-007 -5.630e-006 -1.527e-005  2.090e-005
61  9.888e-001  9.547e-003  1.694e-003  1.037e-001  8.864e-001  9.915e-003 
61 1-1  2.239e-006
61 1-2 -1.984e-006  2.009e-006
61 1-3 -2.548e-007 -2.526e-008  2.801e-007
61 2-1 -7.932e-006  7.596e-006  3.362e-007  4.627e-004
61 2-2  7.773e-006 -7.837e-006  6.487e-008 -4.569e-004  4.741e-004
61 2-3  1.598e-007  2.413e-007 -4.011e-007 -5.736e-006 -1.713e-005  2.287e-005
62  9.875e-001  1.059e-002  1.920e-003  1.028e-001  8.864e-001  1.080e-002 
62 1-1  2.506e-006
62 1-2 -2.207e-006  2.237e-006
62 1-3 -2.982e-007 -2.946e-008  3.276e-007
62 2-1 -7.867e-006  7.528e-006  3.390e-007  4.142e-004
62 2-2  7.683e-006 -7.799e-006  1.160e-007 -4.083e-004  4.274e-004
62 2-3  1.841e-007  2.709e-007 -4.549e-007 -5.843e-006 -1.909e-005  2.494e-005
63  9.861e-001  1.174e-002  2.177e-003  1.018e-001  8.865e-001  1.176e-002 
63 1-1  2.797e-006
63 1-2 -2.449e-006  2.484e-006
63 1-3 -3.475e-007 -3.448e-008  3.820e-007
63 2-1 -7.786e-006  7.444e-006  3.414e-007  3.700e-004
63 2-2  7.575e-006 -7.748e-006  1.734e-007 -3.640e-004  3.852e-004
63 2-3  2.107e-007  3.040e-007 -5.147e-007 -5.950e-006 -2.115e-005  2.710e-005
64  9.845e-001  1.302e-002  2.466e-003  1.008e-001  8.864e-001  1.281e-002 
64 1-1  3.113e-006
64 1-2 -2.710e-006  2.751e-006
64 1-3 -4.034e-007 -4.056e-008  4.439e-007
64 2-1 -7.694e-006  7.350e-006  3.438e-007  3.299e-004
64 2-2  7.454e-006 -7.691e-006  2.372e-007 -3.238e-004  3.471e-004
64 2-3  2.398e-007  3.412e-007 -5.810e-007 -6.055e-006 -2.328e-005  2.933e-005
65  9.828e-001  1.443e-002  2.795e-003  9.983e-002  8.862e-001  1.395e-002 
65 1-1  3.458e-006
65 1-2 -2.992e-006  3.040e-006
65 1-3 -4.663e-007 -4.802e-008  5.143e-007
65 2-1 -7.600e-006  7.253e-006  3.468e-007  2.937e-004
65 2-2  7.329e-006 -7.636e-006  3.075e-007 -2.875e-004  3.130e-004
65 2-3  2.710e-007  3.833e-007 -6.543e-007 -6.158e-006 -2.547e-005  3.162e-005
66  9.808e-001  1.599e-002  3.166e-003  9.886e-002  8.860e-001  1.518e-002 
66 1-1  3.835e-006
66 1-2 -3.298e-006  3.355e-006
66 1-3 -5.369e-007 -5.731e-008  5.942e-007
66 2-1 -7.514e-006  7.162e-006  3.513e-007  2.613e-004
66 2-2  7.210e-006 -7.594e-006  3.841e-007 -2.551e-004  2.828e-004
66 2-3  3.042e-007  4.312e-007 -7.354e-007 -6.258e-006 -2.769e-005  3.395e-005
67  9.787e-001  1.772e-002  3.585e-003  9.788e-002  8.856e-001  1.653e-002 
67 1-1  4.248e-006
67 1-2 -3.633e-006  3.702e-006
67 1-3 -6.157e-007 -6.908e-008  6.848e-007
67 2-1 -7.448e-006  7.090e-006  3.581e-007  2.326e-004
67 2-2  7.109e-006 -7.576e-006  4.670e-007 -2.262e-004  2.562e-004
67 2-3  3.389e-007  4.862e-007 -8.251e-007 -6.353e-006 -2.993e-005  3.628e-005
68  9.763e-001  1.963e-002  4.059e-003  9.690e-002  8.851e-001  1.799e-002 
68 1-1  4.707e-006
68 1-2 -4.004e-006  4.088e-006
68 1-3 -7.035e-007 -8.420e-008  7.877e-007
68 2-1 -7.420e-006  7.051e-006  3.687e-007  2.073e-004
68 2-2  7.046e-006 -7.601e-006  5.559e-007 -2.009e-004  2.330e-004
68 2-3  3.744e-007  5.502e-007 -9.246e-007 -6.442e-006 -3.215e-005  3.859e-005
69  9.737e-001  2.174e-002  4.595e-003  9.591e-002  8.845e-001  1.958e-002 
69 1-1  5.224e-006
69 1-2 -4.423e-006  4.527e-006
69 1-3 -8.014e-007 -1.040e-007  9.053e-007
69 2-1 -7.449e-006  7.065e-006  3.847e-007  1.854e-004
69 2-2  7.039e-006 -7.690e-006  6.508e-007 -1.789e-004  2.132e-004
69 2-3  4.102e-007  6.253e-007 -1.036e-006 -6.524e-006 -3.431e-005  4.083e-005
70  9.707e-001  2.407e-002  5.200e-003  9.492e-002  8.838e-001  2.131e-002 
70 1-1  5.818e-006
70 1-2 -4.908e-006  5.038e-006
70 1-3 -9.108e-007 -1.302e-007  1.041e-006
70 2-1 -7.561e-006  7.153e-006  4.083e-007  1.667e-004
70 2-2  7.116e-006 -7.868e-006  7.518e-007 -1.601e-004  1.965e-004
70 2-3  4.454e-007  7.147e-007 -1.160e-006 -6.597e-006 -3.637e-005  4.297e-005
71  9.675e-001  2.664e-002  5.882e-003  9.393e-002  8.829e-001  2.318e-002 
71 1-1  6.519e-006
71 1-2 -5.485e-006  5.650e-006
71 1-3 -1.034e-006 -1.655e-007  1.200e-006
71 2-1 -7.785e-006  7.343e-006  4.421e-007  1.510e-004
71 2-2  7.306e-006 -8.166e-006  8.594e-007 -1.444e-004  1.827e-004
71 2-3  4.789e-007  8.226e-007 -1.302e-006 -6.660e-006 -3.830e-005  4.496e-005
72  9.639e-001  2.948e-002  6.651e-003  9.293e-002  8.819e-001  2.522e-002 
72 1-1  7.367e-006
72 1-2 -6.192e-006  6.405e-006
72 1-3 -1.175e-006 -2.135e-007  1.389e-006
72 2-1 -8.157e-006  7.668e-006  4.894e-007  1.383e-004
72 2-2  7.647e-006 -8.622e-006  9.750e-007 -1.315e-004  1.716e-004
72 2-3  5.100e-007  9.545e-007 -1.464e-006 -6.713e-006 -4.005e-005  4.676e-005
73  9.599e-001  3.260e-002  7.518e-003  9.192e-002  8.807e-001  2.743e-002 
73 1-1  8.422e-006
73 1-2 -7.082e-006  7.362e-006
73 1-3 -1.340e-006 -2.796e-007  1.619e-006
73 2-1 -8.719e-006  8.165e-006  5.542e-007  1.282e-004
73 2-2  8.181e-006 -9.283e-006  1.101e-006 -1.215e-004  1.631e-004
73 2-3  5.376e-007  1.118e-006 -1.655e-006 -6.757e-006 -4.159e-005  4.835e-005
74  9.555e-001  3.603e-002  8.494e-003  9.091e-002  8.793e-001  2.982e-002 
74 1-1  9.769e-006
74 1-2 -8.232e-006  8.604e-006
74 1-3 -1.537e-006 -3.714e-007  1.908e-006
74 2-1 -9.519e-006  8.878e-006  6.411e-007  1.208e-004
74 2-2  8.958e-006 -1.020e-005  1.243e-006 -1.140e-004  1.569e-004
74 2-3  5.615e-007  1.322e-006 -1.884e-006 -6.795e-006 -4.291e-005  4.971e-005
75  9.506e-001  3.981e-002  9.591e-003  8.988e-002  8.777e-001  3.242e-002 
75 1-1  1.153e-005
75 1-2 -9.745e-006  1.024e-005
75 1-3 -1.782e-006 -4.997e-007  2.281e-006
75 2-1 -1.061e-005  9.858e-006  7.559e-007  1.159e-004
75 2-2  1.003e-005 -1.144e-005  1.407e-006 -1.090e-004  1.530e-004
75 2-3  5.819e-007  1.581e-006 -2.163e-006 -6.830e-006 -4.399e-005  5.082e-005
76  9.452e-001  4.396e-002  1.082e-002  8.885e-002  8.759e-001  3.524e-002 
76 1-1  1.385e-005
76 1-2 -1.176e-005  1.244e-005
76 1-3 -2.095e-006 -6.803e-007  2.775e-006
76 2-1 -1.207e-005  1.116e-005  9.053e-007  1.133e-004
76 2-2  1.147e-005 -1.307e-005  1.606e-006 -1.064e-004  1.512e-004
76 2-3  6.005e-007  1.910e-006 -2.511e-006 -6.872e-006 -4.487e-005  5.174e-005
77  9.393e-001  4.851e-002  1.221e-002  8.780e-002  8.739e-001  3.829e-002 
77 1-1  1.697e-005
77 1-2 -1.446e-005  1.540e-005
77 1-3 -2.509e-006 -9.355e-007  3.444e-006
77 2-1 -1.395e-005  1.285e-005  1.097e-006  1.128e-004
77 2-2  1.333e-005 -1.519e-005  1.857e-006 -1.059e-004  1.515e-004
77 2-3  6.206e-007  2.333e-006 -2.954e-006 -6.932e-006 -4.560e-005  5.253e-005
78  9.327e-001  5.349e-002  1.376e-002  8.675e-002  8.717e-001  4.159e-002 
78 1-1  2.116e-005
78 1-2 -1.810e-005  1.939e-005
78 1-3 -3.069e-006 -1.298e-006  4.367e-006
78 2-1 -1.634e-005  1.500e-005  1.340e-006  1.144e-004
78 2-2  1.569e-005 -1.788e-005  2.186e-006 -1.074e-004  1.537e-004
78 2-3  6.487e-007  2.878e-006 -3.527e-006 -7.029e-006 -4.631e-005  5.334e-005
79  9.256e-001  5.894e-002  1.550e-002  8.568e-002  8.692e-001  4.517e-002 
79 1-1  2.682e-005
79 1-2 -2.297e-005  2.479e-005
79 1-3 -3.842e-006 -1.812e-006  5.655e-006
79 2-1 -1.933e-005  1.769e-005  1.645e-006  1.179e-004
79 2-2  1.864e-005 -2.127e-005  2.633e-006 -1.107e-004  1.579e-004
79 2-3  6.954e-007  3.582e-006 -4.278e-006 -7.188e-006 -4.720e-005  5.438e-005
80  9.177e-001  6.490e-002  1.744e-002  8.459e-002  8.664e-001  4.903e-002 
80 1-1  3.442e-005
80 1-2 -2.950e-005  3.204e-005
80 1-3 -4.921e-006 -2.545e-006  7.466e-006
80 2-1 -2.302e-005  2.099e-005  2.023e-006  1.231e-004
80 2-2  2.224e-005 -2.549e-005  3.248e-006 -1.156e-004  1.642e-004
80 2-3  7.772e-007  4.494e-006 -5.271e-006 -7.444e-006 -4.857e-005  5.602e-005
81  9.090e-001  7.139e-002  1.961e-002  8.349e-002  8.633e-001  5.321e-002 
81 1-1  4.459e-005
81 1-2 -3.816e-005  4.174e-005
81 1-3 -6.433e-006 -3.588e-006  1.002e-005
81 2-1 -2.749e-005  2.501e-005  2.487e-006  1.299e-004
81 2-2  2.657e-005 -3.068e-005  4.106e-006 -1.220e-004  1.729e-004
81 2-3  9.182e-007  5.675e-006 -6.593e-006 -7.847e-006 -5.089e-005  5.873e-005
82  8.995e-001  7.845e-002  2.203e-002  8.238e-002  8.599e-001  5.772e-002 
82 1-1  5.812e-005
82 1-2 -4.956e-005  5.464e-005
82 1-3 -8.552e-006 -5.074e-006  1.363e-005
82 2-1 -3.287e-005  2.981e-005  3.052e-006  1.381e-004
82 2-2  3.171e-005 -3.702e-005  5.306e-006 -1.297e-004  1.844e-004
82 2-3  1.153e-006  7.205e-006 -8.358e-006 -8.458e-006 -5.475e-005  6.321e-005
83  8.892e-001  8.612e-002  2.471e-002  8.124e-002  8.562e-001  6.259e-002 
83 1-1  7.595e-005
83 1-2 -6.445e-005  7.163e-005
83 1-3 -1.151e-005 -7.186e-006  1.869e-005
83 2-1 -3.924e-005  3.551e-005  3.733e-006  1.477e-004
83 2-2  3.771e-005 -4.469e-005  6.981e-006 -1.383e-004  1.994e-004
83 2-3  1.531e-006  9.183e-006 -1.071e-005 -9.360e-006 -6.102e-005  7.038e-005
84  8.779e-001  9.442e-002  2.769e-002  8.008e-002  8.521e-001  6.784e-002 
84 1-1  9.926e-005
84 1-2 -8.366e-005  9.384e-005
84 1-3 -1.560e-005 -1.018e-005  2.578e-005
84 2-1 -4.672e-005  4.218e-005  4.546e-006  1.584e-004
84 2-2  4.461e-005 -5.391e-005  9.308e-006 -1.477e-004  2.185e-004
84 2-3  2.117e-006  1.174e-005 -1.385e-005 -1.066e-005 -7.081e-005  8.146e-005
85  8.656e-001  1.034e-001  3.099e-002  7.891e-002  8.476e-001  7.350e-002 
85 1-1  1.294e-004
85 1-2 -1.082e-004  1.226e-004
85 1-3 -2.122e-005 -1.442e-005  3.564e-005
85 2-1 -5.541e-005  4.990e-005  5.508e-006  1.701e-004
85 2-2  5.241e-005 -6.492e-005  1.252e-005 -1.576e-004  2.432e-004
85 2-3  2.997e-006  1.503e-005 -1.802e-005 -1.248e-005 -8.557e-005  9.806e-005
86  8.523e-001  1.130e-001  3.464e-002  7.771e-002  8.427e-001  7.958e-002 
86 1-1  1.679e-004
86 1-2 -1.391e-004  1.595e-004
86 1-3 -2.885e-005 -2.039e-005  4.924e-005
86 2-1 -6.538e-005  5.875e-005  6.636e-006  1.826e-004
86 2-2  6.110e-005 -7.799e-005  1.690e-005 -1.676e-004  2.748e-004
86 2-3  4.285e-006  1.925e-005 -2.353e-005 -1.500e-005 -1.072e-004  1.222e-004
87  8.379e-001  1.234e-001  3.865e-002  7.649e-002  8.374e-001  8.613e-002 
87 1-1  2.166e-004
87 1-2 -1.775e-004  2.063e-004
87 1-3 -3.909e-005 -2.877e-005  6.786e-005
87 2-1 -7.672e-005  6.877e-005  7.949e-006  1.959e-004
87 2-2  7.060e-005 -9.342e-005  2.283e-005 -1.775e-004  3.155e-004
87 2-3  6.122e-006  2.465e-005 -3.078e-005 -1.841e-005 -1.380e-004  1.564e-004
88  8.224e-001  1.345e-001  4.306e-002  7.524e-002  8.316e-001  9.315e-002 
88 1-1  2.773e-004
88 1-2 -2.247e-004  2.651e-004
88 1-3 -5.266e-005 -4.045e-005  9.311e-005
88 2-1 -8.946e-005  8.000e-005  9.462e-006  2.097e-004
88 2-2  8.078e-005 -1.115e-004  3.077e-005 -1.867e-004  3.677e-004
88 2-3  8.685e-006  3.155e-005 -4.023e-005 -2.296e-005 -1.810e-004  2.039e-004
89  8.058e-001  1.464e-001  4.788e-002  7.396e-002  8.254e-001  1.007e-001 
89 1-1  3.521e-004
89 1-2 -2.817e-004  3.383e-004
89 1-3 -7.042e-005 -5.665e-005  1.271e-004
89 2-1 -1.036e-004  9.243e-005  1.119e-005  2.239e-004
89 2-2  9.144e-005 -1.327e-004  4.130e-005 -1.949e-004  4.346e-004
89 2-3  1.219e-005  4.031e-005 -5.249e-005 -2.895e-005 -2.396e-004  2.686e-004
90  7.879e-001  1.589e-001  5.314e-002  7.266e-002  8.186e-001  1.088e-001 
90 1-1  4.428e-004
90 1-2 -3.494e-004  4.284e-004
90 1-3 -9.335e-005 -7.894e-005  1.723e-004
90 2-1 -1.192e-004  1.060e-004  1.315e-005  2.383e-004
90 2-2  1.023e-004 -1.574e-004  5.512e-005 -2.016e-004  5.199e-004
90 2-3  1.689e-005  5.138e-005 -6.827e-005 -3.670e-005 -3.183e-004  3.550e-004