
# model  
#****** Result for:******
# ESFadl.txt
#IMaCh version 0.99r45, April 2023,INED-EUROREVES-Institut de longevite-Japan Society for the Promotion of Science (Grant-in-Aid for Scientific Research 25293121), Intel Software 2015-2020, Nihon University 2021-202, INED 2000-2022
#$Revision: 1.353 $ $Date: 2023/05/08 18:48:22 $
# Tue Feb 04 22:03:38 2025
# Total life expectancy with std error and decomposition into time to be expected in each health state
#  (weighted average of eij where weights are the age specific forward period (stable) prevalences in each health state 
# Age popbased mobilav e.. (std) e.1 (std) e.2 (std) 
   50 0 0  33.098 (  0.780)  27.732 (  0.674)   5.366 (  0.458)
   51 0 0  32.131 (  0.772)  26.778 (  0.666)   5.353 (  0.455)
   52 0 0  31.167 (  0.764)  25.828 (  0.658)   5.339 (  0.453)
   53 0 0  30.207 (  0.756)  24.884 (  0.649)   5.323 (  0.450)
   54 0 0  29.252 (  0.749)  23.946 (  0.644)   5.306 (  0.445)
   55 0 0  28.301 (  0.738)  23.014 (  0.630)   5.287 (  0.444)
   56 0 0  27.356 (  0.728)  22.089 (  0.619)   5.267 (  0.441)
   57 0 0  26.416 (  0.718)  21.172 (  0.608)   5.244 (  0.437)
   58 0 0  25.483 (  0.707)  20.264 (  0.597)   5.219 (  0.434)
   59 0 0  24.557 (  0.696)  19.365 (  0.585)   5.192 (  0.430)
   60 0 0  23.638 (  0.685)  18.476 (  0.573)   5.162 (  0.426)
   61 0 0  22.728 (  0.673)  17.598 (  0.560)   5.130 (  0.423)
   62 0 0  21.827 (  0.665)  16.733 (  0.552)   5.095 (  0.417)
   63 0 0  20.937 (  0.649)  15.880 (  0.534)   5.057 (  0.414)
   64 0 0  20.057 (  0.636)  15.041 (  0.521)   5.015 (  0.410)
   65 0 0  19.189 (  0.624)  14.218 (  0.507)   4.970 (  0.406)
   66 0 0  18.333 (  0.611)  13.411 (  0.494)   4.922 (  0.402)
   67 0 0  17.491 (  0.600)  12.622 (  0.483)   4.870 (  0.397)
   68 0 0  16.664 (  0.586)  11.851 (  0.467)   4.813 (  0.394)
   69 0 0  15.853 (  0.574)  11.101 (  0.454)   4.753 (  0.390)
   70 0 0  15.059 (  0.562)  10.371 (  0.441)   4.688 (  0.386)
   71 0 0  14.283 (  0.550)   9.664 (  0.429)   4.620 (  0.382)
   72 0 0  13.527 (  0.542)   8.980 (  0.420)   4.546 (  0.377)
   73 0 0  12.790 (  0.530)   8.321 (  0.406)   4.469 (  0.376)
   74 0 0  12.075 (  0.520)   7.688 (  0.395)   4.386 (  0.374)
   75 0 0  11.382 (  0.512)   7.082 (  0.384)   4.300 (  0.372)
   76 0 0  10.712 (  0.505)   6.503 (  0.374)   4.209 (  0.371)
   77 0 0  10.067 (  0.499)   5.952 (  0.364)   4.114 (  0.370)
   78 0 0   9.446 (  0.495)   5.431 (  0.355)   4.015 (  0.370)
   79 0 0   8.851 (  0.491)   4.939 (  0.345)   3.913 (  0.371)
   80 0 0   8.282 (  0.489)   4.476 (  0.336)   3.806 (  0.373)
   81 0 0   7.740 (  0.487)   4.043 (  0.327)   3.697 (  0.376)
   82 0 0   7.224 (  0.487)   3.639 (  0.317)   3.584 (  0.380)
   83 0 0   6.735 (  0.488)   3.265 (  0.307)   3.470 (  0.385)
   84 0 0   6.272 (  0.490)   2.920 (  0.290)   3.353 (  0.404)
   85 0 0   5.837 (  0.491)   2.603 (  0.286)   3.234 (  0.397)
   86 0 0   5.427 (  0.494)   2.312 (  0.275)   3.114 (  0.404)
   87 0 0   5.042 (  0.496)   2.048 (  0.263)   2.994 (  0.411)
   88 0 0   4.683 (  0.503)   1.809 (  0.254)   2.873 (  0.415)
   89 0 0   4.347 (  0.501)   1.594 (  0.238)   2.753 (  0.425)
   90 0 0   4.034 (  0.503)   1.401 (  0.226)   2.633 (  0.432)
