# Powell
# iter -2*LL p12 p13 p21 p23
1 1 18884.688920838638 0 0.000000000000 0.000000000000 0.000000000000 0.000000000000 0.000000000000 0.000000000000 0.000000000000 0.000000000000
2 2 5006.500080830517 1 28.814646713355 0.856254960114 0.856254960114 0.000000000000 2.717320129437 -0.000958994742 -1.096820312276 0.002150600687
3 2 4612.906672181129 1 29.646614264700 1.851261714178 1.851261714178 2.137319910271 2.701474092536 -0.008709457064 -1.747870348213 -0.016832954224
4 3 4605.178489667805 3 29.607023870614 1.851169291532 1.894345509780 2.136828081779 2.699615368241 -0.010493801551 -1.989780040836 -0.017312304120
5 3 4598.144068005424 5 29.328589835776 1.854421611345 2.233229077884 2.133000757490 2.697757216902 -0.012577691942 -3.066002236819 -0.004765511342
6 4 4585.176536504246 7 28.718279041368 1.862510620464 2.976441042829 2.124616768838 2.696747954596 -0.013728993794 -5.185564968682 0.025709788448
7 4 4577.382648590730 9 28.579004940360 1.865743753328 3.179010513628 2.122342553040 2.699770538581 -0.013494401328 -5.619467593883 0.035731470502
8 5 4560.900348649006 10 27.795479908050 1.878270467645 4.191710085779 2.110934231879 2.703210741408 -0.011868268261 -7.690278413603 0.070274049546
9 5 4553.697267808620 12 27.517807521950 1.882309573530 4.623051416127 2.106061884806 2.700517179010 -0.011497613907 -8.558767223345 0.080817565232
10 6 4544.900446211873 14 26.349264958270 1.894192294934 5.968530750030 2.090854911022 2.689808277506 -0.009577962892 -10.957825386782 0.109231972672
11 6 4544.581448701038 17 26.201338899414 1.895833711816 6.137630898734 2.088939059164 2.688914601498 -0.009639071112 -11.240335570646 0.112673386958
12 7 4542.735271943734 20 24.970067188122 1.909002627990 7.608861588225 2.072205709822 2.677375115642 -0.010220462708 -13.114787178920 0.133050039468
13 7 4542.088236496244 23 24.599525326272 1.913500453752 8.062319164261 2.066915654136 2.673856171990 -0.009735474649 -13.687189886771 0.139984978371
14 8 4537.620506243623 27 23.858600619600 1.927750152977 9.031568105394 2.059084141054 2.663629403872 -0.008934817517 -12.199774380710 0.123385329552
15 8 4536.920421149979 -30 23.998821536895 1.926214149734 8.827339231924 2.062145983261 2.664508560511 -0.009417701516 -11.537696094161 0.114984778428
16 9 4536.898548380113 -28 24.012522394372 1.926139117162 8.803097926167 2.062572408571 2.664850103759 -0.009538026071 -11.435725873312 0.113670446727
17 9 4536.896087249293 -24 24.002001193115 1.926329381413 8.813902750893 2.062465764955 2.665001683705 -0.009542149688 -11.447055521719 0.113847072687
18 10 4536.886968972812 -21 23.966395326062 1.926796946813 8.820726068715 2.062309322525 2.666701683936 -0.009599750885 -11.552445052837 0.115235286943
19 10 4536.879290160208 -18 23.954835856298 1.926902565423 8.811246960368 2.062402281800 2.667369337193 -0.009608955421 -11.554744609864 0.115263446211
20 11 4531.134559757454 -16 8.068703363630 2.089096004800 -6.981453657405 2.222927080889 3.717065110754 -0.024989508713 -10.817892956868 0.103046443048
21 11 4530.596545202772 -13 6.991990606848 2.099901299114 -8.050019326386 2.233986336302 3.786887789262 -0.025832446644 -10.652209302081 0.101593839408
22 12 4530.475320456015 -11 6.150506078222 2.108384345140 -8.842571307523 2.242056715692 3.840913314553 -0.026550227609 -10.673640121731 0.102335955693
23 12 4530.473826410171 -8 6.125698603944 2.108781253451 -8.831363421329 2.241975131274 3.841372642164 -0.026550391993 -10.660054111017 0.102198186324
24 13 4530.473807968388 -5 6.116306007104 2.108892509388 -8.836745801545 2.242033125145 3.841863327944 -0.026556872280 -10.658420508969 0.102179845722
25 13 4530.473807729047 0 6.115097870179 2.108906792981 -8.837439798705 2.242040600355 3.841926460972 -0.026557708102 -10.658208656728 0.102177449324
26 14 4530.473807729043 4 6.115096962095 2.108906801268 -8.837439440226 2.242040591812 3.841926479502 -0.026557705048 -10.658211430991 0.102177485287
27 14 4530.473807729042 10 6.115096962118 2.108906801268 -8.837439440241 2.242040591813 3.841926479500 -0.026557705048 -10.658211430877 0.102177485285
28 15 4530.473807729038 15 6.115077602422 2.108906999144 -8.837458813914 2.242040789344 3.841927762926 -0.026557724243 -10.658210186464 0.102177465923
