# EEMsr.txt
#IMaCh version 0.99r45, April 2023,INED-EUROREVES-Institut de longevite-Japan Society for the Promotion of Science (Grant-in-Aid for Scientific Research 25293121), Intel Software 2015-2020, Nihon University 2021-202, INED 2000-2022
#$Revision: 1.353 $ $Date: 2023/05/08 18:48:22 $
# Tue Feb 04 22:13:35 2025
# Forward period (stable) prevalence. Precision given by ftolpl=0.0006 
#Age 1-1 2-2 
#************
#Age   1-1     2-2   Total Years_to_converge
50  0.51957 0.48071 1.000 27
51  0.50424 0.49602 1.000 27
52  0.48892 0.51134 1.000 27
53  0.47362 0.52662 1.000 27
54  0.45840 0.54187 1.000 26
55  0.44325 0.55700 1.000 26
56  0.42823 0.57201 1.000 26
57  0.41336 0.58686 1.000 26
58  0.39867 0.60156 1.000 26
59  0.38418 0.61603 1.000 26
60  0.36992 0.63028 1.000 26
61  0.35592 0.64429 1.000 25
62  0.34218 0.65800 1.000 25
63  0.32874 0.67144 1.000 25
64  0.31562 0.68457 1.000 24
65  0.30281 0.69736 1.000 24
66  0.29034 0.70982 1.000 24
67  0.27823 0.72194 1.000 23
68  0.26646 0.73368 1.000 23
69  0.25506 0.74508 1.000 23
70  0.24403 0.75610 1.000 22
71  0.23337 0.76676 1.000 22
72  0.22309 0.77704 1.000 21
73  0.21317 0.78695 1.000 21
74  0.20362 0.79650 1.000 20
75  0.19443 0.80568 1.000 20
76  0.18561 0.81450 1.000 19
77  0.17713 0.82297 1.000 19
78  0.16900 0.83110 1.000 18
79  0.16121 0.83889 1.000 18
80  0.15375 0.84634 1.000 17
81  0.14659 0.85348 1.000 17
82  0.13976 0.86031 1.000 17
83  0.13323 0.86684 1.000 16
84  0.12699 0.87308 1.000 16
85  0.12103 0.87903 1.000 15
86  0.11534 0.88472 1.000 15
87  0.10991 0.89015 1.000 14
88  0.10473 0.89533 1.000 14
89  0.09979 0.90027 1.000 13
90  0.09508 0.90497 1.000 13
