# EEMsr.txt
#IMaCh version 0.99r45, April 2023,INED-EUROREVES-Institut de longevite-Japan Society for the Promotion of Science (Grant-in-Aid for Scientific Research 25293121), Intel Software 2015-2020, Nihon University 2021-202, INED 2000-2022
#$Revision: 1.353 $ $Date: 2023/05/08 18:48:22 $
# Tue Feb 04 22:13:35 2025
# probabilities of dying before estepm=6 months for people of exact age and weighted probabilities w1*p1j+w2*p2j+... stand dev in()
# Selected quantitative variables and dummies
# Age cov=1 p.3 SE w1 p13 w2 p23
 50 1   4.410e-003  9.845e-004  5.196e-001  8.221e-004   4.807e-001  8.286e-003 
 51 1   4.868e-003  1.040e-003  5.042e-001  9.252e-004   4.960e-001  8.873e-003 
 52 1   5.367e-003  1.096e-003  4.889e-001  1.041e-003   5.113e-001  9.500e-003 
 53 1   5.911e-003  1.186e-003  4.736e-001  1.171e-003   5.266e-001  1.017e-002 
 54 1   6.504e-003  1.211e-003  4.584e-001  1.317e-003   5.419e-001  1.089e-002 
 55 1   7.149e-003  1.268e-003  4.433e-001  1.481e-003   5.570e-001  1.166e-002 
 56 1   7.849e-003  1.327e-003  4.282e-001  1.666e-003   5.720e-001  1.248e-002 
 57 1   8.610e-003  1.385e-003  4.134e-001  1.872e-003   5.869e-001  1.335e-002 
 58 1   9.435e-003  1.442e-003  3.987e-001  2.104e-003   6.016e-001  1.429e-002 
 59 1   1.033e-002  1.500e-003  3.842e-001  2.364e-003   6.160e-001  1.529e-002 
 60 1   1.129e-002  1.556e-003  3.699e-001  2.655e-003   6.303e-001  1.636e-002 
 61 1   1.234e-002  1.613e-003  3.559e-001  2.981e-003   6.443e-001  1.750e-002 
 62 1   1.347e-002  1.668e-003  3.422e-001  3.346e-003   6.580e-001  1.873e-002 
 63 1   1.468e-002  1.724e-003  3.287e-001  3.755e-003   6.714e-001  2.003e-002 
 64 1   1.600e-002  1.779e-003  3.156e-001  4.213e-003   6.846e-001  2.142e-002 
 65 1   1.741e-002  1.836e-003  3.028e-001  4.725e-003   6.974e-001  2.291e-002 
 66 1   1.893e-002  1.895e-003  2.903e-001  5.297e-003   7.098e-001  2.450e-002 
 67 1   2.056e-002  1.958e-003  2.782e-001  5.936e-003   7.219e-001  2.619e-002 
 68 1   2.231e-002  2.028e-003  2.665e-001  6.650e-003   7.337e-001  2.800e-002 
 69 1   2.420e-002  2.106e-003  2.551e-001  7.447e-003   7.451e-001  2.993e-002 
 70 1   2.622e-002  2.198e-003  2.440e-001  8.336e-003   7.561e-001  3.198e-002 
 71 1   2.838e-002  2.308e-003  2.334e-001  9.327e-003   7.668e-001  3.417e-002 
 72 1   3.069e-002  2.440e-003  2.231e-001  1.043e-002   7.770e-001  3.651e-002 
 73 1   3.317e-002  2.601e-003  2.132e-001  1.166e-002   7.870e-001  3.899e-002 
 74 1   3.582e-002  2.798e-003  2.036e-001  1.303e-002   7.965e-001  4.164e-002 
 75 1   3.865e-002  3.036e-003  1.944e-001  1.455e-002   8.057e-001  4.446e-002 
 76 1   4.167e-002  3.321e-003  1.856e-001  1.624e-002   8.145e-001  4.746e-002 
 77 1   4.489e-002  3.661e-003  1.771e-001  1.811e-002   8.230e-001  5.065e-002 
 78 1   4.832e-002  4.060e-003  1.690e-001  2.019e-002   8.311e-001  5.404e-002 
 79 1   5.198e-002  4.524e-003  1.612e-001  2.249e-002   8.389e-001  5.764e-002 
 80 1   5.587e-002  5.626e-003  1.537e-001  2.504e-002   8.463e-001  6.147e-002 
 81 1   6.001e-002  5.666e-003  1.466e-001  2.786e-002   8.535e-001  6.553e-002 
 82 1   6.441e-002  6.354e-003  1.398e-001  3.097e-002   8.603e-001  6.984e-002 
 83 1   6.909e-002  7.127e-003  1.332e-001  3.440e-002   8.668e-001  7.441e-002 
 84 1   7.404e-002  7.988e-003  1.270e-001  3.818e-002   8.731e-001  7.926e-002 
 85 1   7.930e-002  8.944e-003  1.210e-001  4.234e-002   8.790e-001  8.438e-002 
 86 1   8.487e-002  9.998e-003  1.153e-001  4.691e-002   8.847e-001  8.981e-002 
 87 1   9.076e-002  1.116e-002  1.099e-001  5.192e-002   8.901e-001  9.555e-002 
 88 1   9.699e-002  1.242e-002  1.047e-001  5.741e-002   8.953e-001  1.016e-001 
 89 1   1.036e-001  1.380e-002  9.979e-002  6.341e-002   9.003e-001  1.080e-001 
 90 1   1.105e-001  1.529e-002  9.508e-002  6.997e-002   9.050e-001  1.148e-001 
