# EEMsr.txt
#IMaCh version 0.99r45, April 2023,INED-EUROREVES-Institut de longevite-Japan Society for the Promotion of Science (Grant-in-Aid for Scientific Research 25293121), Intel Software 2015-2020, Nihon University 2021-202, INED 2000-2022
#$Revision: 1.353 $ $Date: 2023/05/08 18:48:22 $
# Tue Feb 04 22:13:35 2025
#One-step probabilities and stand. devi in ()
# Age p1-1 (SE) p1-2 (SE) p1-3 (SE) p2-1 (SE) p2-2 (SE) p2-3 (SE)
50  9.149e-001 ( 1.156e-002)  8.423e-002 ( 1.154e-002)  8.221e-004 ( 7.486e-004)  7.132e-002 ( 1.089e-002)  9.204e-001 ( 1.098e-002)  8.286e-003 ( 1.850e-003) 
51  9.112e-001 ( 1.135e-002)  8.787e-002 ( 1.133e-002)  9.252e-004 ( 8.087e-004)  6.996e-002 ( 1.016e-002)  9.212e-001 ( 1.028e-002)  8.873e-003 ( 1.909e-003) 
52  9.073e-001 ( 1.113e-002)  9.164e-002 ( 1.111e-002)  1.041e-003 ( 8.724e-004)  6.863e-002 ( 9.469e-003)  9.219e-001 ( 9.613e-003)  9.500e-003 ( 1.967e-003) 
53  9.033e-001 ( 1.090e-002)  9.557e-002 ( 1.087e-002)  1.171e-003 ( 9.400e-004)  6.731e-002 ( 8.811e-003)  9.225e-001 ( 8.983e-003)  1.017e-002 ( 2.025e-003) 
54  8.990e-001 ( 1.065e-002)  9.964e-002 ( 1.062e-002)  1.317e-003 ( 1.012e-003)  6.601e-002 ( 8.188e-003)  9.231e-001 ( 8.392e-003)  1.089e-002 ( 2.081e-003) 
55  8.947e-001 ( 1.040e-002)  1.039e-001 ( 1.037e-002)  1.481e-003 ( 1.087e-003)  6.474e-002 ( 7.603e-003)  9.236e-001 ( 7.841e-003)  1.166e-002 ( 2.137e-003) 
56  8.901e-001 ( 1.015e-002)  1.082e-001 ( 1.012e-002)  1.666e-003 ( 1.168e-003)  6.348e-002 ( 7.056e-003)  9.240e-001 ( 7.332e-003)  1.248e-002 ( 2.191e-003) 
57  8.854e-001 ( 9.927e-003)  1.128e-001 ( 9.896e-003)  1.872e-003 ( 1.253e-003)  6.224e-002 ( 6.551e-003)  9.244e-001 ( 6.869e-003)  1.335e-002 ( 2.243e-003) 
58  8.804e-001 ( 9.732e-003)  1.175e-001 ( 9.700e-003)  2.104e-003 ( 1.344e-003)  6.102e-002 ( 6.091e-003)  9.247e-001 ( 6.452e-003)  1.429e-002 ( 2.293e-003) 
59  8.753e-001 ( 9.586e-003)  1.223e-001 ( 9.556e-003)  2.364e-003 ( 1.440e-003)  5.982e-002 ( 5.677e-003)  9.249e-001 ( 6.085e-003)  1.529e-002 ( 2.341e-003) 
60  8.700e-001 ( 9.511e-003)  1.274e-001 ( 9.484e-003)  2.655e-003 ( 1.545e-003)  5.864e-002 ( 5.315e-003)  9.250e-001 ( 5.769e-003)  1.636e-002 ( 2.387e-003) 
61  8.645e-001 ( 9.527e-003)  1.326e-001 ( 9.506e-003)  2.981e-003 ( 1.658e-003)  5.748e-002 ( 5.006e-003)  9.250e-001 ( 5.507e-003)  1.750e-002 ( 2.430e-003) 
62  8.587e-001 ( 9.658e-003)  1.379e-001 ( 9.646e-003)  3.346e-003 ( 1.782e-003)  5.633e-002 ( 4.755e-003)  9.249e-001 ( 5.299e-003)  1.873e-002 ( 2.472e-003) 
63  8.528e-001 ( 9.923e-003)  1.435e-001 ( 9.924e-003)  3.755e-003 ( 1.921e-003)  5.520e-002 ( 4.562e-003)  9.248e-001 ( 5.145e-003)  2.003e-002 ( 2.513e-003) 
64  8.466e-001 ( 1.034e-002)  1.492e-001 ( 1.036e-002)  4.213e-003 ( 2.078e-003)  5.409e-002 ( 4.429e-003)  9.245e-001 ( 5.044e-003)  2.142e-002 ( 2.553e-003) 
65  8.402e-001 ( 1.091e-002)  1.551e-001 ( 1.095e-002)  4.725e-003 ( 2.258e-003)  5.299e-002 ( 4.353e-003)  9.241e-001 ( 4.994e-003)  2.291e-002 ( 2.594e-003) 
66  8.335e-001 ( 1.165e-002)  1.612e-001 ( 1.171e-002)  5.297e-003 ( 2.468e-003)  5.191e-002 ( 4.331e-003)  9.236e-001 ( 4.992e-003)  2.450e-002 ( 2.637e-003) 
67  8.266e-001 ( 1.256e-002)  1.674e-001 ( 1.264e-002)  5.936e-003 ( 2.717e-003)  5.084e-002 ( 4.358e-003)  9.230e-001 ( 5.032e-003)  2.619e-002 ( 2.685e-003) 
68  8.195e-001 ( 1.362e-002)  1.739e-001 ( 1.373e-002)  6.650e-003 ( 3.013e-003)  4.979e-002 ( 4.427e-003)  9.222e-001 ( 5.111e-003)  2.800e-002 ( 2.740e-003) 
69  8.121e-001 ( 1.483e-002)  1.805e-001 ( 1.497e-002)  7.447e-003 ( 3.369e-003)  4.875e-002 ( 4.531e-003)  9.213e-001 ( 5.225e-003)  2.993e-002 ( 2.807e-003) 
70  8.044e-001 ( 1.618e-002)  1.872e-001 ( 1.635e-002)  8.336e-003 ( 3.798e-003)  4.773e-002 ( 4.663e-003)  9.203e-001 ( 5.369e-003)  3.198e-002 ( 2.889e-003) 
71  7.965e-001 ( 1.768e-002)  1.942e-001 ( 1.787e-002)  9.327e-003 ( 4.315e-003)  4.672e-002 ( 4.817e-003)  9.191e-001 ( 5.541e-003)  3.417e-002 ( 2.994e-003) 
72  7.883e-001 ( 1.930e-002)  2.013e-001 ( 1.952e-002)  1.043e-002 ( 4.937e-003)  4.573e-002 ( 4.986e-003)  9.178e-001 ( 5.739e-003)  3.651e-002 ( 3.127e-003) 
73  7.797e-001 ( 2.104e-002)  2.086e-001 ( 2.130e-002)  1.166e-002 ( 5.680e-003)  4.474e-002 ( 5.166e-003)  9.163e-001 ( 5.964e-003)  3.899e-002 ( 3.294e-003) 
74  7.709e-001 ( 2.291e-002)  2.160e-001 ( 2.319e-002)  1.303e-002 ( 6.567e-003)  4.378e-002 ( 5.352e-003)  9.146e-001 ( 6.215e-003)  4.164e-002 ( 3.503e-003) 
75  7.618e-001 ( 2.489e-002)  2.236e-001 ( 2.519e-002)  1.455e-002 ( 7.618e-003)  4.282e-002 ( 5.541e-003)  9.127e-001 ( 6.494e-003)  4.446e-002 ( 3.762e-003) 
76  7.524e-001 ( 2.698e-002)  2.313e-001 ( 2.729e-002)  1.624e-002 ( 8.857e-003)  4.187e-002 ( 5.730e-003)  9.107e-001 ( 6.806e-003)  4.746e-002 ( 4.076e-003) 
77  7.427e-001 ( 2.918e-002)  2.392e-001 ( 2.950e-002)  1.811e-002 ( 1.031e-002)  4.094e-002 ( 5.917e-003)  9.084e-001 ( 7.153e-003)  5.065e-002 ( 4.451e-003) 
78  7.327e-001 ( 3.149e-002)  2.472e-001 ( 3.181e-002)  2.019e-002 ( 1.201e-002)  4.002e-002 ( 6.099e-003)  9.059e-001 ( 7.542e-003)  5.404e-002 ( 4.893e-003) 
79  7.223e-001 ( 3.390e-002)  2.552e-001 ( 3.422e-002)  2.249e-002 ( 1.399e-002)  3.910e-002 ( 6.276e-003)  9.033e-001 ( 7.979e-003)  5.764e-002 ( 5.408e-003) 
80  7.116e-001 ( 3.643e-002)  2.634e-001 ( 3.672e-002)  2.504e-002 ( 1.628e-002)  3.820e-002 ( 6.447e-003)  9.003e-001 ( 8.470e-003)  6.147e-002 ( 5.999e-003) 
81  7.005e-001 ( 3.907e-002)  2.716e-001 ( 3.931e-002)  2.786e-002 ( 1.892e-002)  3.731e-002 ( 6.609e-003)  8.972e-001 ( 9.023e-003)  6.553e-002 ( 6.672e-003) 
82  6.892e-001 ( 4.182e-002)  2.799e-001 ( 4.200e-002)  3.097e-002 ( 2.195e-002)  3.643e-002 ( 6.763e-003)  8.937e-001 ( 9.645e-003)  6.984e-002 ( 7.429e-003) 
83  6.774e-001 ( 4.470e-002)  2.882e-001 ( 4.479e-002)  3.440e-002 ( 2.542e-002)  3.556e-002 ( 6.908e-003)  8.900e-001 ( 1.034e-002)  7.441e-002 ( 8.277e-003) 
84  6.653e-001 ( 4.770e-002)  2.965e-001 ( 4.769e-002)  3.818e-002 ( 2.939e-002)  3.470e-002 ( 7.043e-003)  8.860e-001 ( 1.113e-002)  7.926e-002 ( 9.219e-003) 
85  6.529e-001 ( 5.084e-002)  3.047e-001 ( 5.070e-002)  4.234e-002 ( 3.389e-002)  3.384e-002 ( 7.168e-003)  8.818e-001 ( 1.200e-002)  8.438e-002 ( 1.026e-002) 
86  6.401e-001 ( 5.412e-002)  3.130e-001 ( 5.384e-002)  4.691e-002 ( 3.898e-002)  3.300e-002 ( 7.283e-003)  8.772e-001 ( 1.298e-002)  8.981e-002 ( 1.140e-002) 
87  6.270e-001 ( 5.757e-002)  3.211e-001 ( 5.713e-002)  5.192e-002 ( 4.474e-002)  3.216e-002 ( 7.388e-003)  8.723e-001 ( 1.406e-002)  9.555e-002 ( 1.265e-002) 
88  6.135e-001 ( 6.118e-002)  3.291e-001 ( 6.058e-002)  5.741e-002 ( 5.120e-002)  3.133e-002 ( 7.481e-003)  8.671e-001 ( 1.525e-002)  1.016e-001 ( 1.401e-002) 
89  5.997e-001 ( 6.498e-002)  3.369e-001 ( 6.424e-002)  6.341e-002 ( 5.844e-002)  3.051e-002 ( 7.564e-003)  8.615e-001 ( 1.657e-002)  1.080e-001 ( 1.549e-002) 
90  5.855e-001 ( 6.898e-002)  3.446e-001 ( 6.814e-002)  6.997e-002 ( 6.651e-002)  2.970e-002 ( 7.635e-003)  8.555e-001 ( 1.800e-002)  1.148e-001 ( 1.709e-002) 