
# model  
#****** Result for:******
# EEMsr.txt
#IMaCh version 0.99r45, April 2023,INED-EUROREVES-Institut de longevite-Japan Society for the Promotion of Science (Grant-in-Aid for Scientific Research 25293121), Intel Software 2015-2020, Nihon University 2021-202, INED 2000-2022
#$Revision: 1.353 $ $Date: 2023/05/08 18:48:22 $
# Tue Feb 04 22:13:35 2025
# Total life expectancy with std error and decomposition into time to be expected in each health state
#  (weighted average of eij where weights are the age specific forward period (stable) prevalences in each health state 
# Age popbased mobilav e.. (std) e.1 (std) e.2 (std) 
   50 0 0  22.974 (  0.914)   7.593 (  0.594)  15.380 (  0.807)
   51 0 0  22.178 (  0.885)   7.148 (  0.552)  15.030 (  0.778)
   52 0 0  21.395 (  0.857)   6.720 (  0.513)  14.675 (  0.751)
   53 0 0  20.626 (  0.909)   6.311 (  0.467)  14.315 (  0.805)
   54 0 0  19.872 (  0.803)   5.919 (  0.443)  13.953 (  0.700)
   55 0 0  19.132 (  0.776)   5.545 (  0.413)  13.587 (  0.677)
   56 0 0  18.407 (  0.750)   5.188 (  0.387)  13.220 (  0.655)
   57 0 0  17.698 (  0.725)   4.848 (  0.363)  12.850 (  0.634)
   58 0 0  17.005 (  0.702)   4.525 (  0.342)  12.480 (  0.614)
   59 0 0  16.327 (  0.679)   4.218 (  0.323)  12.110 (  0.596)
   60 0 0  15.667 (  0.658)   3.927 (  0.307)  11.740 (  0.580)
   61 0 0  15.023 (  0.638)   3.652 (  0.293)  11.371 (  0.564)
   62 0 0  14.396 (  0.620)   3.392 (  0.281)  11.003 (  0.550)
   63 0 0  13.786 (  0.604)   3.147 (  0.270)  10.638 (  0.538)
   64 0 0  13.193 (  0.589)   2.917 (  0.261)  10.277 (  0.526)
   65 0 0  12.618 (  0.577)   2.700 (  0.252)   9.918 (  0.517)
   66 0 0  12.060 (  0.565)   2.497 (  0.244)   9.564 (  0.508)
   67 0 0  11.520 (  0.556)   2.306 (  0.237)   9.214 (  0.501)
   68 0 0  10.997 (  0.548)   2.128 (  0.230)   8.870 (  0.495)
   69 0 0  10.492 (  0.541)   1.961 (  0.223)   8.531 (  0.491)
   70 0 0  10.004 (  0.536)   1.806 (  0.216)   8.199 (  0.487)
   71 0 0   9.533 (  0.532)   1.661 (  0.209)   7.873 (  0.484)
   72 0 0   9.080 (  0.529)   1.526 (  0.202)   7.554 (  0.483)
   73 0 0   8.643 (  0.527)   1.401 (  0.195)   7.242 (  0.481)
   74 0 0   8.223 (  0.525)   1.285 (  0.188)   6.938 (  0.481)
   75 0 0   7.819 (  0.523)   1.177 (  0.181)   6.641 (  0.480)
   76 0 0   7.431 (  0.522)   1.078 (  0.174)   6.353 (  0.480)
   77 0 0   7.059 (  0.521)   0.986 (  0.167)   6.073 (  0.480)
   78 0 0   6.703 (  0.520)   0.901 (  0.160)   5.802 (  0.480)
   79 0 0   6.362 (  0.519)   0.823 (  0.153)   5.539 (  0.480)
   80 0 0   6.036 (  0.763)   0.751 (  0.193)   5.285 (  0.647)
   81 0 0   5.724 (  0.516)   0.685 (  0.139)   5.039 (  0.479)
   82 0 0   5.426 (  0.514)   0.624 (  0.133)   4.802 (  0.478)
   83 0 0   5.142 (  0.511)   0.568 (  0.126)   4.574 (  0.476)
   84 0 0   4.871 (  0.508)   0.517 (  0.120)   4.354 (  0.474)
   85 0 0   4.613 (  0.504)   0.470 (  0.114)   4.143 (  0.472)
   86 0 0   4.368 (  0.499)   0.428 (  0.108)   3.940 (  0.468)
   87 0 0   4.135 (  0.494)   0.388 (  0.102)   3.746 (  0.465)
   88 0 0   3.913 (  0.489)   0.353 (  0.097)   3.560 (  0.460)
   89 0 0   3.702 (  0.482)   0.320 (  0.092)   3.382 (  0.455)
   90 0 0   3.502 (  0.476)   0.291 (  0.087)   3.212 (  0.450)
