
#****** ******
# EEMsr.txt
#IMaCh version 0.99r45, April 2023,INED-EUROREVES-Institut de longevite-Japan Society for the Promotion of Science (Grant-in-Aid for Scientific Research 25293121), Intel Software 2015-2020, Nihon University 2021-202, INED 2000-2022
#$Revision: 1.353 $ $Date: 2023/05/08 18:48:22 $
# Tue Feb 04 22:13:35 2025
# Variance and covariance of health expectancies e.j 
#  (weighted average of eij where weights are the age specific period (stable) prevalences in each health state 
# Age Cov(e.1, e.1) Cov(e.1, e.2) Cov(e.2, e.1) Cov(e.2, e.2)
50  0.3528 -0.0846 -0.0846 0.6510
51  0.3044 -0.0630 -0.0630 0.6055
52  0.2627 -0.0456 -0.0456 0.5637
53  0.2182 -0.0205 -0.0205 0.6486
54  0.1965 -0.0213 -0.0213 0.4901
55  0.1709 -0.0134 -0.0134 0.4579
56  0.1494 -0.0076 -0.0076 0.4285
57  0.1316 -0.0036 -0.0036 0.4017
58  0.1167 -0.0010 -0.0010 0.3775
59  0.1045 0.0005 0.0005 0.3555
60  0.0944 0.0013 0.0013 0.3358
61  0.0860 0.0016 0.0016 0.3183
62  0.0790 0.0016 0.0016 0.3027
63  0.0731 0.0014 0.0014 0.2890
64  0.0681 0.0011 0.0011 0.2771
65  0.0637 0.0009 0.0009 0.2669
66  0.0597 0.0008 0.0008 0.2583
67  0.0562 0.0008 0.0008 0.2512
68  0.0529 0.0010 0.0010 0.2454
69  0.0497 0.0013 0.0013 0.2408
70  0.0467 0.0017 0.0017 0.2372
71  0.0438 0.0023 0.0023 0.2346
72  0.0410 0.0030 0.0030 0.2328
73  0.0382 0.0037 0.0037 0.2316
74  0.0355 0.0045 0.0045 0.2310
75  0.0329 0.0052 0.0052 0.2307
76  0.0304 0.0060 0.0060 0.2306
77  0.0280 0.0066 0.0066 0.2306
78  0.0257 0.0073 0.0073 0.2306
79  0.0235 0.0078 0.0078 0.2304
80  0.0372 0.0632 0.0632 0.4187
81  0.0194 0.0087 0.0087 0.2293
82  0.0176 0.0090 0.0090 0.2283
83  0.0159 0.0091 0.0091 0.2268
84  0.0144 0.0092 0.0092 0.2248
85  0.0130 0.0092 0.0092 0.2223
86  0.0116 0.0091 0.0091 0.2194
87  0.0104 0.0089 0.0089 0.2159
88  0.0094 0.0087 0.0087 0.2119
89  0.0084 0.0084 0.0084 0.2074
90  0.0075 0.0081 0.0081 0.2025
