
#****** ******
# EEMsr.txt
#IMaCh version 0.99r45, April 2023,INED-EUROREVES-Institut de longevite-Japan Society for the Promotion of Science (Grant-in-Aid for Scientific Research 25293121), Intel Software 2015-2020, Nihon University 2021-202, INED 2000-2022
#$Revision: 1.353 $ $Date: 2023/05/08 18:48:22 $
# Tue Feb 04 22:13:35 2025
# Standard deviation of period (forward stable) prevalences 
# Age  Result#  1-1 2-2
50 1  0.51956 (0.05018) 0.48071 (0.05025)
51 1  0.50424 (0.04801) 0.49603 (0.04808)
52 1  0.48891 (0.04577) 0.51134 (0.04583)
53 1  0.47362 (0.04197) 0.52663 (0.05192)
54 1  0.45839 (0.04114) 0.54188 (0.04119)
55 1  0.44325 (0.03879) 0.55701 (0.03883)
56 1  0.42822 (0.03646) 0.57201 (0.03649)
57 1  0.41335 (0.03415) 0.58687 (0.03418)
58 1  0.39866 (0.03191) 0.60157 (0.03193)
59 1  0.38417 (0.02974) 0.61604 (0.02976)
60 1  0.36991 (0.02770) 0.63028 (0.02771)
61 1  0.35591 (0.02579) 0.64429 (0.02580)
62 1  0.34217 (0.02405) 0.65801 (0.02406)
63 1  0.32873 (0.02251) 0.67145 (0.02251)
64 1  0.31561 (0.02118) 0.68458 (0.02118)
65 1  0.30279 (0.02010) 0.69737 (0.02010)
66 1  0.29033 (0.01926) 0.70983 (0.01925)
67 1  0.27821 (0.01866) 0.72195 (0.01866)
68 1  0.26644 (0.01830) 0.73369 (0.01830)
69 1  0.25505 (0.01815) 0.74509 (0.01814)
70 1  0.24402 (0.01817) 0.75611 (0.01815)
71 1  0.23336 (0.01832) 0.76677 (0.01831)
72 1  0.22307 (0.01858) 0.77705 (0.01857)
73 1  0.21316 (0.01891) 0.78697 (0.01889)
74 1  0.20361 (0.01928) 0.79651 (0.01925)
75 1  0.19442 (0.01965) 0.80569 (0.01963)
76 1  0.18559 (0.02003) 0.81452 (0.02000)
77 1  0.17712 (0.02038) 0.82299 (0.02035)
78 1  0.16899 (0.02070) 0.83111 (0.02067)
79 1  0.16120 (0.02099) 0.83890 (0.02096)
80 1  0.15373 (0.05771) 0.84636 (0.03229)
81 1  0.14658 (0.02143) 0.85349 (0.02141)
82 1  0.13974 (0.02159) 0.86032 (0.02157)
83 1  0.13321 (0.02171) 0.86685 (0.02168)
84 1  0.12697 (0.02179) 0.87309 (0.02176)
85 1  0.12101 (0.02184) 0.87905 (0.02181)
86 1  0.11532 (0.02186) 0.88474 (0.02183)
87 1  0.10989 (0.02185) 0.89017 (0.02181)
88 1  0.10471 (0.02182) 0.89534 (0.02178)
89 1  0.09977 (0.02177) 0.90028 (0.02173)
90 1  0.09507 (0.02170) 0.90499 (0.02167)
