# Powell
# iter -2*LL p12 p13 p21 p23
1 1 12576.320786012702 0 0.000000000000 0.000000000000 0.000000000000 0.000000000000 0.000000000000 0.000000000000 0.000000000000 0.000000000000
2 2 3974.079281412587 1 31.468511315307 0.861330754143 0.861330754143 0.000000000000 2.406585166637 -0.001073507920 -0.981603134809 0.002339338067
3 2 3511.415085202058 2 32.285199231524 1.856313283383 1.856313283383 2.175844458174 2.392566195823 -0.010652291041 -1.822075690612 -0.017997208893
4 3 3491.993815571193 4 32.214046682440 1.855339359389 1.897279127732 2.175371013534 2.388518531765 -0.015787687834 -2.447861457334 -0.019291437274
5 3 3488.232161192274 6 32.170041627974 1.856580465830 1.966613878010 2.174599258475 2.389823674700 -0.017069125169 -2.907385599101 -0.013138307061
6 4 3484.120568646334 6 31.891455100804 1.859310814234 2.133405018684 2.172738966802 2.392239566019 -0.018636025061 -3.643614278382 -0.004230068776
7 4 3463.535579465478 7 30.466432533661 1.876161492220 3.020453741888 2.162868038718 2.411660888830 -0.021688249567 -7.166760463316 0.046389186243
8 5 3448.544592791955 7 30.165062984507 1.881070510822 3.246707965335 2.160355821935 2.418336855561 -0.020209467566 -7.803467035568 0.058467008806
9 5 3423.883140947181 8 29.259192168020 1.898348275844 4.098930063265 2.150882006972 2.440062876562 -0.016315202608 -10.699947148009 0.104261444035
10 6 3419.275247269881 9 29.221440356942 1.902023928536 4.269005697917 2.148993817112 2.445041353336 -0.015322609290 -11.470410059323 0.113331985318
11 6 3413.507547213204 9 27.887261732216 1.913081232918 4.767385033796 2.143465385023 2.460443107474 -0.015476706408 -13.843298828914 0.139632665781
12 7 3413.376867121802 10 27.797270014468 1.914709529846 4.845443010344 2.142597471747 2.462560062396 -0.015683199066 -14.147113961563 0.143335470990
13 7 3413.358672336144 10 27.759061671829 1.915350910965 4.878114636373 2.142233019810 2.463330397010 -0.015747665532 -14.249279491132 0.144559230745
14 8 3413.325846303753 11 27.624096538431 1.917296666216 4.988042042533 2.141000885947 2.465311475403 -0.015861614347 -14.467982223762 0.147149532594
15 8 3413.255592123015 12 27.386745821399 1.920464172674 5.162912466953 2.139206714443 2.467999760840 -0.015988571838 -14.683364131937 0.149669656489
16 9 3413.058613513336 12 26.686350224498 1.929758227193 5.721169442192 2.133785798952 2.475697508889 -0.016252073708 -15.119300886272 0.154698043844
17 9 3412.692939651359 13 26.022333754748 1.938268669273 6.254342043771 2.129213261698 2.481352032541 -0.016215781934 -15.040296730153 0.153568926631
18 10 3412.620063145632 13 26.189441544831 1.936090256473 6.146599676824 2.130568328773 2.479064235641 -0.016001254662 -14.717682031552 0.149795781421
19 10 3412.614798495690 14 26.216850720539 1.935884548264 6.136977906878 2.130766257048 2.478822174297 -0.015965226909 -14.644093841715 0.148957477214
20 11 3412.605785457145 15 26.280086246992 1.935465674372 6.123410011397 2.131153351338 2.478997604951 -0.015944897789 -14.493829656901 0.147257960739
21 11 3412.596818756934 15 26.304536462655 1.935114916904 6.112462581496 2.131297627163 2.479238188070 -0.015965199433 -14.469567534895 0.146967412712
22 12 3412.001509953485 16 26.478770695966 1.939065743172 6.993118072404 2.124188932458 2.575368077775 -0.017913009603 -15.041864495491 0.153845165332
23 12 3408.824169037982 16 28.699737062368 1.941052990242 11.761960584877 2.087793798869 3.186995327460 -0.028893458696 -17.006522116733 0.176771670661
24 13 3400.925570392564 17 31.050816355806 1.936206506714 15.151290318400 2.070523610814 3.664868897740 -0.035790647409 -16.574056627606 0.171332595383
25 13 3375.510318105284 17 49.465785929722 1.863149505359 35.614867826485 1.971361958234 6.865846342119 -0.083474044755 -13.753555999328 0.132046790148
26 14 3374.883536787762 18 50.923966085479 1.847754463468 35.352295308981 1.974814997957 6.946880745882 -0.083946985474 -13.442075250125 0.128644289053
27 14 3374.872985564125 19 50.777824523505 1.850315051018 35.595134112651 1.972497509296 6.960848028265 -0.084115120539 -13.544042339387 0.129860961153
28 15 3374.862812764357 19 50.487708735708 1.855487328337 36.056440515096 1.966913109104 6.983736505600 -0.084443313497 -13.637764420291 0.131053376868
29 15 3374.858486271048 20 50.428280207713 1.856660463590 36.155028809620 1.965526343800 6.987143685692 -0.084505640523 -13.585029140011 0.130478185420
30 16 3374.857376140078 20 50.379532411889 1.857269515024 36.174520796099 1.964980138182 6.984895003628 -0.084480598647 -13.568041008367 0.130299932671
31 16 3374.856781506061 21 50.308933652140 1.858165073612 36.204788750795 1.964156175352 6.981815353451 -0.084447873586 -13.543981341297 0.130048828205
32 17 3374.856780265806 21 50.309754311684 1.858163412298 36.206237204425 1.964142082068 6.982020427383 -0.084450776166 -13.543990246721 0.130047945595
33 17 3374.856780112909 22 50.308817850964 1.858180801542 36.207796213065 1.964122655041 6.982100491983 -0.084452006934 -13.544392720738 0.130052908140
34 18 3374.856780103323 23 50.308903858364 1.858181919459 36.208187230376 1.964119793676 6.982143045063 -0.084452596517 -13.544366516297 0.130052551935
35 18 3374.856780102786 24 50.308851918283 1.858182828165 36.208261369082 1.964118767229 6.982145718110 -0.084452634791 -13.544348819025 0.130052361582
36 19 3374.856780102771 25 50.308841098817 1.858182956922 36.208264663675 1.964118654156 6.982145123428 -0.084452627279 -13.544344603775 0.130052316607
37 19 3374.856780102770 28 50.308841098817 1.858182956922 36.208264663675 1.964118654156 6.982145123428 -0.084452627279 -13.544344603775 0.130052316607
