# Powell
# iter -2*LL p12 p13 p21 p23
1 1 17576.461631477629 0 0.000000000000 0.000000000000 0.000000000000 0.000000000000 0.000000000000 0.000000000000 0.000000000000 0.000000000000
2 2 4855.524176008853 1 34.723752904760 1.000000000000 1.000000000000 0.000000000000 2.975966312477 -0.000783698436 -1.252090337523 0.002728519596
3 2 4342.720667281385 2 35.723752904760 2.000000000000 2.000000000000 2.341779914310 2.362596795175 -0.001191149094 -2.848047870915 0.005141058622
4 3 3650.556026776283 3 34.950725731333 2.001091326725 2.100776058881 2.340691008000 -0.116717079856 -0.008789097402 -6.124558562452 0.009342753391
5 3 3595.923246736297 4 33.829923692800 2.001478285313 2.134881558826 2.340305420065 -0.144385621671 -0.010617146382 -6.018997532533 0.010354468316
6 4 3502.108295980006 5 31.492294432510 2.006648723678 2.588382580515 2.335154025649 1.768677699787 -0.040362056502 -4.271629502813 -0.027922070784
7 4 3455.935326872184 6 31.360544579185 2.008719139496 2.769503681487 2.333091547625 2.579369204105 -0.051249507781 -3.630360519220 -0.037625279354
8 5 3388.286341288103 7 30.852580886980 2.016311882946 3.433778253846 2.325526104985 5.556801566605 -0.091521048250 -1.248649678285 -0.068941413687
9 5 3388.233957602252 7 30.839388588875 2.016218770805 3.431422025272 2.325557833520 5.591842895483 -0.091927197602 -1.229321142916 -0.069610090943
10 6 3388.061522801690 8 31.056346435008 2.014437751637 3.313113063460 2.326962260835 5.549855107051 -0.091070487194 -1.323739229744 -0.067498754936
11 6 3387.906980939223 8 31.173375632972 2.013060061987 3.241139364758 2.327817184062 5.511362039728 -0.090621718156 -1.380068545954 -0.066553342256
12 7 3385.834006224246 9 34.048603819970 1.978083059438 1.588930081334 2.347538314014 5.513077328660 -0.090988406077 -2.127384645444 -0.052220152213
13 7 3385.197677246998 10 34.838152748976 1.968751191503 1.157337973553 2.352598359663 5.753252688078 -0.094393459001 -2.157014229599 -0.051181775146
14 8 3385.137278631545 11 35.128325082945 1.965476268960 0.997127585495 2.354486212978 5.782432748790 -0.094770296027 -2.219134757970 -0.050179722840
15 8 3385.087514476483 12 35.599377223058 1.960348498311 0.768787524239 2.357399217065 5.826181408367 -0.095297089269 -2.341740935869 -0.048271578076
16 9 3385.058741696962 13 35.694813742134 1.959373785800 0.741239006503 2.357892649502 5.832164852795 -0.095345689982 -2.376671542838 -0.047558087837
17 9 3384.864682568530 14 36.025649148961 1.956896991702 0.857433750814 2.357645849354 5.967598020839 -0.097242473321 -2.556209887243 -0.043504686127
18 10 3384.425625364815 15 36.767777837616 1.951384133610 1.102677638684 2.357258506722 6.061268449044 -0.098469520217 -3.148526880144 -0.032851510505
19 10 3383.899240115257 15 37.935134365402 1.941950845588 1.464480900279 2.357241306263 6.268359061424 -0.101326891060 -3.992851008434 -0.018594958276
20 11 3382.339643044495 16 40.562915260008 1.918823247239 1.808719800621 2.360683767090 6.482866612759 -0.104446126539 -5.811816076456 0.010304028090
21 11 3379.648910317180 17 43.397772314507 1.888439736197 0.653595440265 2.375578519663 6.490797051975 -0.104661480629 -6.992155021632 0.027364867025
22 12 3376.074760015431 18 50.060928469810 1.813281087924 -3.008878239914 2.416402234235 6.769855454085 -0.109348691240 -8.980059513527 0.056857690517
23 12 3372.596725362483 19 52.071511436420 1.789812707207 -4.139013582504 2.424716337029 6.772995739548 -0.110063513863 -9.568438058037 0.064648993575
24 13 3369.756465593028 20 57.634765329987 1.727019156541 -6.790700391775 2.440913305866 6.990872732731 -0.114230145654 -11.371363413644 0.089164390346
25 13 3368.895136927810 21 59.217327961077 1.708973369930 -7.549223403940 2.445437213401 7.060385449643 -0.115351559208 -11.891510359817 0.095474394025
26 14 3367.757482359512 22 63.700099299346 1.657877559434 -9.611979816036 2.457097767487 7.291433180224 -0.119219476019 -13.381011138112 0.113528315102
27 14 3367.645400530320 22 63.832213369023 1.656046229294 -9.684467669094 2.456790684264 7.304286582408 -0.119375763608 -13.416006263221 0.113461235138
28 15 3365.597189088478 23 63.621838038813 1.658369262012 -8.088910537506 2.430626483223 8.101643411535 -0.131162777810 -13.584786925076 0.115270412889
29 15 3364.946692590137 24 63.056206176636 1.665052958397 -7.652921575620 2.425432189546 8.124474209013 -0.131514158925 -13.437530024629 0.113870401320
30 16 3363.705928508985 25 60.383850320969 1.695698819933 -5.923960626094 2.402227978507 8.097740113467 -0.130971575141 -12.656880521607 0.105256387069
31 16 3362.924293293459 26 60.873796391977 1.689863728451 -6.174181093703 2.399443374440 8.075023524786 -0.130635509461 -12.805785395217 0.107056623493
32 17 3361.241693934983 27 63.510677298029 1.658630929435 -7.918311921615 2.392933530728 7.742195823005 -0.125786689233 -13.550815502234 0.116172201842
33 17 3361.151325600984 28 63.454890512408 1.658968680980 -7.762666580768 2.386484696273 7.785635492190 -0.126439232163 -13.535573003914 0.115885236386
34 18 3361.105108176383 29 63.122460449397 1.662382872307 -7.400169705191 2.374203707030 7.808132712428 -0.126753652843 -13.442386193954 0.114828066644
35 18 3361.103770900955 29 63.163487486218 1.661872168907 -7.412172997806 2.373675645466 7.812275542344 -0.126819994980 -13.454097224346 0.114948105285
36 19 3361.103317177264 30 63.220396878319 1.661175623556 -7.436463385955 2.373031145504 7.811217751022 -0.126808664109 -13.470633627184 0.115140543215
37 19 3361.103311948860 31 63.221621146144 1.661160479073 -7.438296599533 2.373052000112 7.810789350932 -0.126802181132 -13.470651178779 0.115141075017
38 20 3361.102933021874 33 63.309376518589 1.659930922964 -7.530367578823 2.372832388968 7.809626549672 -0.126781786460 -13.461193860012 0.115035865460
39 20 3361.101910237227 34 63.606751203849 1.655981449091 -7.837516413509 2.374368674368 7.808438081090 -0.126761107572 -13.452105698859 0.114934843232
40 21 3361.100834570407 35 64.044558101597 1.650200183676 -8.281803648381 2.376791912954 7.810382736747 -0.126787642867 -13.443083930559 0.114834342920
41 21 3361.092957417971 36 67.512124929675 1.604813435340 -11.815382447152 2.400605430112 7.819551497145 -0.126915476817 -13.409135161789 0.114456052592
42 22 3361.078230737131 37 74.227445522418 1.517313608856 -18.670397096485 2.450785179115 7.826727010051 -0.127015019120 -13.381171965583 0.114144750977
43 22 3361.061715243741 38 86.804722903563 1.353676053913 -31.476923013445 2.544811627877 7.823405593576 -0.126960042343 -13.367779201524 0.113999237079
44 23 3361.029728181301 -21 103.850154119521 1.133144957399 -48.895623512663 2.686732712728 7.803221652746 -0.126679847540 -13.449801443743 0.114917021309
45 23 3360.553556097155 -21 170.033689293505 0.278206708287 -117.277457222663 3.285068443775 7.759272299901 -0.126070428913 -13.605836648896 0.116586294388
46 24 3360.423698030782 -20 193.963721665007 -0.032703351828 -141.984198506253 3.483382360235 7.752690695232 -0.125946020563 -13.501077296370 0.115385721228
47 24 3360.112866138937 -19 383.314109663337 -2.490680163121 -336.692778558619 5.041689430393 7.755296981299 -0.125859995806 -13.127226109482 0.111088499496
48 25 3359.942647836036 -18 608.695367442068 -5.414382503244 -567.780234570988 6.886123127853 7.741262607998 -0.125640059338 -13.110517624462 0.110890583769
49 25 3359.880704319555 -17 824.352109550262 -8.212033928249 -788.855921591155 8.650825747425 7.785594278841 -0.126288642903 -13.075969278349 0.110466567419
50 26 3359.672667531739 -16 986.433281737567 -10.314580503661 -955.001428152371 9.976755113419 7.807554005733 -0.126612650653 -13.061935291810 0.110292901614
51 26 3359.624705670056 -15 988.070223887410 -10.335365311942 -956.873233865435 9.995970702901 7.683114930288 -0.124757343183 -13.069854158230 0.110443010837
52 27 3359.613401947557 -13 989.064015529759 -10.348117820369 -957.883455852711 10.004723389102 7.684997074504 -0.124789899176 -13.079119697071 0.110541393565
53 27 3359.332074374700 -11 1000.497386093440 -10.490214354453 -969.252338484161 10.125507925568 7.690335178071 -0.125000771776 -13.539016358675 0.115787805984
54 28 3359.326757670858 -10 1001.338143307578 -10.500927013342 -970.138093473439 10.134074956840 7.674804312654 -0.124770039078 -13.547414090915 0.115882714602
55 28 3358.970713563831 -9 1032.010406437549 -10.893373676397 -1002.448544484126 10.465432623693 7.465905779086 -0.121663942157 -13.672797563490 0.117306834139
56 29 3358.456198148725 -7 1041.288318050117 -11.012904251357 -1012.230086305512 10.570195892519 7.529427557037 -0.122576612361 -13.623338077606 0.116700584997
57 29 3358.051688355072 -6 1046.404197345976 -11.080538629624 -1017.733057436578 10.633453712990 7.705877565525 -0.125178157001 -13.421749902563 0.114344766467
58 30 3358.008602065391 -4 1043.848433756579 -11.049194090452 -1015.222484644272 10.606912569458 7.729016808872 -0.125486717920 -13.276221688212 0.112656577308
59 30 3358.001096851198 -3 1044.376957794467 -11.056253080170 -1015.842574982984 10.613068006357 7.709579554727 -0.125198861234 -13.246944390386 0.112328393610
60 31 3358.000290241292 -1 1044.415678831487 -11.056873706817 -1015.911187776666 10.613731204924 7.703203386021 -0.125100851076 -13.233178006480 0.112169914643
61 31 3358.000170302441 1 1044.447363557648 -11.057342577919 -1015.959739436322 10.614215365959 7.699203459774 -0.125040245481 -13.226126475536 0.112089293981
62 32 3358.000170005141 3 1044.445835757935 -11.057322629709 -1015.958200043767 10.614201635868 7.699167874653 -0.125039693586 -13.226109532850 0.112089089919
63 32 3358.000159782060 6 1044.460679233769 -11.057477058859 -1015.971533117097 10.614380249859 7.698349875443 -0.125027825447 -13.226850444405 0.112098140807
64 33 3358.000139009058 8 1044.484076138075 -11.057713158629 -1015.990902949318 10.614604550994 7.697397848702 -0.125014079025 -13.227752753588 0.112108322378
65 33 3358.000059398168 9 1044.586094540053 -11.058736521859 -1016.072586398178 10.615514475309 7.694703536015 -0.124975046713 -13.230106932382 0.112134686737
66 34 3357.999691372638 11 1045.024988226201 -11.063205361352 -1016.421668309172 10.619258296645 7.689352617161 -0.124897230472 -13.234151203193 0.112179115563
67 34 3357.997617070264 12 1047.620712273220 -11.090130539824 -1018.510273635915 10.641344899189 7.676652740270 -0.124711717794 -13.241661875001 0.112260528243
68 35 3357.985934005935 14 1062.571249359029 -11.247039408066 -1030.658855900724 10.769018708938 7.649989904541 -0.124320402466 -13.251282911306 0.112361720922
69 35 3357.917190288797 15 1154.076495077755 -12.212890317082 -1105.403986790149 11.552146175804 7.593372730276 -0.123484553745 -13.252210023534 0.112353064111
70 36 3357.573304883400 17 1544.947403570513 -16.349535074110 -1425.472266520316 14.899791249015 7.529428541660 -0.122525409455 -13.200812384739 0.111734281061
71 36 3357.565479949231 20 1544.672794558753 -16.345524001726 -1425.060759480611 14.895677128212 7.561913783759 -0.123021497196 -13.259048130238 0.112400869658
72 37 3357.559255007893 22 1541.982809297356 -16.315088175142 -1422.657582339694 14.869700934512 7.541080424617 -0.122711625133 -13.288502425887 0.112759685961
73 37 3357.550639359513 24 1539.395117636191 -16.286746704769 -1420.431364223190 14.845888616191 7.534360748574 -0.122613075467 -13.302762627551 0.112953808877
74 38 3357.537976255308 26 1533.841075328920 -16.226759331777 -1415.731998681292 14.796024433205 7.533737298487 -0.122599083506 -13.318162597868 0.113205737185
75 38 3357.514361599348 28 1526.347084679391 -16.148156716613 -1409.613201857205 14.731894313516 7.567766269504 -0.123087707392 -13.296121669505 0.113052240117
76 39 3357.458838684846 30 1506.704301439216 -15.946083027620 -1394.042127111936 14.568798665218 7.647712626208 -0.124254452009 -13.218924754764 0.112192858984
77 39 3357.394992529174 31 1496.026213831826 -15.836902355573 -1385.688543399339 14.480354772313 7.659347752847 -0.124434629718 -13.202187150156 0.111876936780
78 40 3357.359477137084 32 1483.904824655713 -15.711962553601 -1376.078424304325 14.377349796986 7.657918183098 -0.124416757559 -13.222987100064 0.112035917255
79 40 3357.358425143072 34 1483.871143333391 -15.712171322699 -1376.103220712482 14.377617598518 7.662521654111 -0.124484926788 -13.220615063367 0.112011430248
80 41 3357.289903604509 35 1546.348805186950 -16.376550916391 -1427.568844305892 14.915526286951 7.656627745170 -0.124390474626 -13.236256669647 0.112196464865
81 41 1.#QNAN0000000 -21 1546.354575770915 -16.376610700696 -1427.573464122999 14.915574746389 7.655913709053 -0.124390163419 -13.236274990295 0.112196653226
82 42 3357.289662744980 -19 1546.232125082486 -16.375347409715 -1427.477311947218 14.914540893661 7.655465260399 -0.124383431513 -13.235448010168 0.112186428783
83 42 1.#QNAN0000000 -15 1546.355145978266 -16.376621927519 -1427.575799993106 14.915573981085 7.655004730197 -0.124376796876 -13.235838560060 0.112190444061
84 43 1.#QNAN0000000 -11 1546.350630429227 -16.376575195601 -1427.572201218930 14.915535411284 7.655003907853 -0.124376790026 -13.235844115577 0.112190478776
85 43 1.#QNAN0000000 -7 1546.350546768443 -16.376574141702 -1427.572115626601 14.915534497950 7.655004029653 -0.124376791084 -13.235842223167 0.112190457162
86 44 1.#QNAN0000000 -4 1546.350462864858 -16.376573084203 -1427.572029658381 14.915533580881 7.655004179160 -0.124376792627 -13.235840387095 0.112190436193
87 44 1.#QNAN0000000 0 1546.355118573338 -16.376621318202 -1427.575756928236 14.915572677976 7.654986917153 -0.124376541549 -13.235855168335 0.112190588166
88 45 1.#QNAN0000000 4 1546.354928598990 -16.376619358653 -1427.575606074520 14.915571061439 7.654986829885 -0.124376541901 -13.235855567849 0.112190591505
89 45 1.#QNAN0000000 8 1546.354928350815 -16.376619354675 -1427.575605638622 14.915571057132 7.654986883213 -0.124376542534 -13.235855642588 0.112190592363
90 46 1.#QNAN0000000 12 1546.354924070722 -16.376619309161 -1427.575602009838 14.915571018596 7.654986912303 -0.124376543152 -13.235855723148 0.112190593262
91 46 1.#QNAN0000000 16 1546.354923828843 -16.376619305307 -1427.575601588570 14.915571014433 7.654986917795 -0.124376543761 -13.235855794944 0.112190594087
92 47 1.#QNAN0000000 19 1546.354923620782 -16.376619301916 -1427.575601213109 14.915571010729 7.654986972322 -0.124376544321 -13.235855861074 0.112190594847
93 47 1.#QNAN0000000 23 1546.355118978274 -16.376621325907 -1427.575757615842 14.915572651315 7.654986275801 -0.124376533794 -13.235856482547 0.112190601242
94 48 1.#QNAN0000000 28 1546.355118969642 -16.376621325871 -1427.575757612487 14.915572651282 7.654986277143 -0.124376533803 -13.235856483873 0.112190601262
95 48 1.#QNAN0000000 32 1546.355108407799 -16.376621216911 -1427.575749217843 14.915572561340 7.654986297604 -0.124376533858 -13.235856510888 0.112190601506
96 49 1.#QNAN0000000 36 1546.355106915026 -16.376621201438 -1427.575748014817 14.915572548470 7.654986301826 -0.124376533921 -13.235856522189 0.112190601629
97 49 1.#QNAN0000000 -20 1546.355106379567 -16.376621195847 -1427.575747573216 14.915572543759 7.654986309808 -0.124376533979 -13.235856531119 0.112190601732
98 50 1.#QNAN0000000 -16 1546.355106407856 -16.376621196025 -1427.575747571582 14.915572543776 7.654986223092 -0.124376534057 -13.235856541052 0.112190601849
99 50 1.#QNAN0000000 -12 1546.355106440717 -16.376621196255 -1427.575747574445 14.915572543840 7.654986282866 -0.124376534133 -13.235856550741 0.112190601964
100 51 1.#QNAN0000000 -7 1546.355106494273 -16.376621196745 -1427.575747601457 14.915572544149 7.654986284883 -0.124376534188 -13.235856558164 0.112190602053
101 51 1.#QNAN0000000 -3 1546.355087876400 -16.376621004752 -1427.575732820262 14.915572385745 7.654986287950 -0.124376534228 -13.235856599148 0.112190602405
102 52 1.#QNAN0000000 0 1546.355098500812 -16.376621114189 -1427.575741226197 14.915572475865 7.654986293483 -0.124376534304 -13.235856589008 0.112190602361
103 52 1.#QNAN0000000 4 1546.355098549640 -16.376621114599 -1427.575741244376 14.915572476087 7.654986302943 -0.124376534372 -13.235856597966 0.112190602468
104 53 1.#QNAN0000000 8 1546.355098599162 -16.376621115037 -1427.575741266237 14.915572476344 7.654986308897 -0.124376534432 -13.235856605969 0.112190602564
105 53 1.#QNAN0000000 12 1546.355087833184 -16.376621003983 -1427.575732711492 14.915572384675 7.654986290490 -0.124376534481 -13.235856633095 0.112190602807
106 54 1.#QNAN0000000 15 1546.355087880017 -16.376621004364 -1427.575732726616 14.915572384867 7.654986291293 -0.124376534553 -13.235856642498 0.112190602919
107 54 1.#QNAN0000000 20 1546.355087925932 -16.376621004782 -1427.575732748488 14.915572385121 7.654986312885 -0.124376534606 -13.235856649594 0.112190603004
108 55 1.#QNAN0000000 25 1546.355087961269 -16.376621005036 -1427.575732753118 14.915572385203 7.654986317693 -0.124376534682 -13.235856659364 0.112190603120
109 55 1.#QNAN0000000 29 1546.355119060781 -16.376621327285 -1427.575757654214 14.915572646407 7.654986274271 -0.124376533014 -13.235856759381 0.112190604154
110 56 1.#QNAN0000000 34 1546.355119035175 -16.376621327074 -1427.575757637279 14.915572646231 7.654986246448 -0.124376533023 -13.235856760658 0.112190604173
111 56 1.#QNAN0000000 -21 1546.355119075632 -16.376621327546 -1427.575757673126 14.915572646612 7.654986247873 -0.124376533030 -13.235856762078 0.112190604194
112 57 1.#QNAN0000000 -17 1546.355119070563 -16.376621327546 -1427.575757672526 14.915572646610 7.654986203065 -0.124376533039 -13.235856763354 0.112190604213
113 57 1.#QNAN0000000 -12 1546.355119085898 -16.376621327757 -1427.575757688190 14.915572646781 7.654986204619 -0.124376533048 -13.235856764649 0.112190604232
114 58 1.#QNAN0000000 -8 1546.355119055720 -16.376621327498 -1427.575757667525 14.915572646567 7.654986155489 -0.124376533058 -13.235856765869 0.112190604250
115 58 1.#QNAN0000000 -4 1546.355119005898 -16.376621327039 -1427.575757631763 14.915572646181 7.654986205679 -0.124376533065 -13.235856767423 0.112190604272
116 59 1.#QNAN0000000 2 1546.355119085861 -16.376621327920 -1427.575757699238 14.915572646894 7.654986185142 -0.124376533069 -13.235856768968 0.112190604293
117 59 1.#QNAN0000000 6 1546.355119089769 -16.376621328014 -1427.575757705825 14.915572646967 7.654986216959 -0.124376533078 -13.235856770273 0.112190604313
118 60 1.#QNAN0000000 11 1546.355119065893 -16.376621327819 -1427.575757690169 14.915572646807 7.654986171913 -0.124376533088 -13.235856771489 0.112190604331
119 60 1.#QNAN0000000 15 1546.355119048855 -16.376621327695 -1427.575757679980 14.915572646705 7.654986188640 -0.124376533098 -13.235856772723 0.112190604350
120 61 1.#QNAN0000000 20 1546.355119106067 -16.376621328341 -1427.575757729235 14.915572647227 7.654986293529 -0.124376533104 -13.235856774192 0.112190604371
121 61 1.#QNAN0000000 24 1546.355105301530 -16.376621185947 -1427.575746762063 14.915572529716 7.654986296868 -0.124376533159 -13.235856807139 0.112190604662
122 62 1.#QNAN0000000 28 1546.355119197839 -16.376621329968 -1427.575757890621 14.915572646453 7.654986255345 -0.124376532418 -13.235856852542 0.112190605134
123 62 1.#QNAN0000000 33 1546.355119168598 -16.376621329718 -1427.575757870706 14.915572646248 7.654986208046 -0.124376532429 -13.235856853765 0.112190605153
124 63 1.#QNAN0000000 38 1546.355119156770 -16.376621329648 -1427.575757864696 14.915572646189 7.654986269962 -0.124376532438 -13.235856855019 0.112190605172
125 63 1.#QNAN0000000 -18 1546.355117598479 -16.376621313638 -1427.575756632462 14.915572632989 7.654986121181 -0.124376532446 -13.235856858926 0.112190605211
126 64 1.#QNAN0000000 -14 1546.355117678896 -16.376621314519 -1427.575756699602 14.915572633699 7.654986212743 -0.124376532452 -13.235856860689 0.112190605235
127 64 1.#QNAN0000000 -10 1546.355119198475 -16.376621330315 -1427.575757919599 14.915572646500 7.654986207842 -0.124376532379 -13.235856866801 0.112190605304
128 65 1.#QNAN0000000 -6 1546.355108594037 -16.376621220934 -1427.575749494172 14.915572556227 7.654986243166 -0.124376532427 -13.235856892825 0.112190605537
129 65 1.#QNAN0000000 -3 1546.355108646139 -16.376621221394 -1427.575749517367 14.915572556499 7.654986151734 -0.124376532489 -13.235856901055 0.112190605635
130 66 1.#QNAN0000000 2 1546.355119284904 -16.376621331666 -1427.575758038021 14.915572645880 7.654986113831 -0.124376531924 -13.235856936130 0.112190606001
131 66 1.#QNAN0000000 7 1546.355119275142 -16.376621331618 -1427.575758033770 14.915572645838 7.654986072930 -0.124376531933 -13.235856937458 0.112190606021
132 67 1.#QNAN0000000 12 1546.355119278942 -16.376621331711 -1427.575758040271 14.915572645910 7.654986081158 -0.124376531942 -13.235856938762 0.112190606040
133 67 1.#QNAN0000000 17 1546.355119297376 -16.376621331954 -1427.575758058486 14.915572646106 7.654986103600 -0.124376531950 -13.235856940112 0.112190606060
134 68 1.#QNAN0000000 22 1546.355119312007 -16.376621332159 -1427.575758073667 14.915572646269 7.654986105117 -0.124376531958 -13.235856941455 0.112190606079
135 68 1.#QNAN0000000 27 1546.355108682017 -16.376621222505 -1427.575749626547 14.915572555774 7.654986128017 -0.124376532011 -13.235856967611 0.112190606314
136 69 1.#QNAN0000000 31 1546.355108737249 -16.376621223008 -1427.575749653985 14.915572556088 7.654986199223 -0.124376532068 -13.235856975310 0.112190606406
137 69 1.#QNAN0000000 36 1546.355108561667 -16.376621221118 -1427.575749496275 14.915572554422 7.654986170309 -0.124376532131 -13.235856984039 0.112190606509
138 70 1.#QNAN0000000 -21 1546.355108616746 -16.376621221609 -1427.575749522086 14.915572554721 7.654986174329 -0.124376532192 -13.235856992187 0.112190606606
139 70 1.#QNAN0000000 -17 1546.355108658516 -16.376621221976 -1427.575749539279 14.915572554926 7.654986194967 -0.124376532249 -13.235856999782 0.112190606697
140 71 1.#QNAN0000000 -11 1546.355108618897 -16.376621221493 -1427.575749490357 14.915572554424 7.654986123561 -0.124376532309 -13.235857007948 0.112190606794
141 71 1.#QNAN0000000 -7 1546.355108676361 -16.376621222035 -1427.575749522246 14.915572554783 7.654986227773 -0.124376532359 -13.235857014832 0.112190606877
142 72 1.#QNAN0000000 -3 1546.355107187075 -16.376621206612 -1427.575748324369 14.915572541965 7.654986126060 -0.124376532417 -13.235857025426 0.112190606992
143 72 1.#QNAN0000000 0 1546.355107240563 -16.376621207092 -1427.575748349689 14.915572542258 7.654986157307 -0.124376532476 -13.235857033347 0.112190607086
144 73 1.#QNAN0000000 4 1546.355107297718 -16.376621207623 -1427.575748380074 14.915572542602 7.654986224775 -0.124376532530 -13.235857040619 0.112190607174
145 73 1.#QNAN0000000 9 1546.355106736800 -16.376621201762 -1427.575747917045 14.915572537666 7.654986190993 -0.124376532592 -13.235857049783 0.112190607279
146 74 1.#QNAN0000000 14 1546.355106774840 -16.376621202088 -1427.575747930910 14.915572537838 7.654986193369 -0.124376532650 -13.235857057380 0.112190607370
147 74 1.#QNAN0000000 18 1546.355105877891 -16.376621192782 -1427.575747204423 14.915572530070 7.654986155166 -0.124376532703 -13.235857066419 0.112190607471
148 75 1.#QNAN0000000 21 1546.355105932988 -16.376621193285 -1427.575747232210 14.915572530388 7.654986184951 -0.124376532759 -13.235857073982 0.112190607561
149 75 1.#QNAN0000000 26 1546.355106457437 -16.376621198604 -1427.575747628379 14.915572534660 7.654986183176 -0.124376532826 -13.235857081844 0.112190607658
150 76 1.#QNAN0000000 31 1546.355099934700 -16.376621131291 -1427.575742438470 14.915572479057 7.654986234075 -0.124376532879 -13.235857101447 0.112190607844
151 76 1.#QNAN0000000 36 1546.355099982526 -16.376621131710 -1427.575742458815 14.915572479298 7.654986237042 -0.124376532940 -13.235857109492 0.112190607940
152 77 1.#QNAN0000000 -19 1546.355100030741 -16.376621132124 -1427.575742478117 14.915572479530 7.654986181112 -0.124376533004 -13.235857117951 0.112190608041
153 77 1.#QNAN0000000 -14 1546.355099970470 -16.376621131436 -1427.575742413905 14.915572478862 7.654986204432 -0.124376533062 -13.235857125861 0.112190608135
154 78 1.#QNAN0000000 -9 1546.355100015034 -16.376621131817 -1427.575742431153 14.915572479071 7.654986172632 -0.124376533124 -13.235857134076 0.112190608233
155 78 1.#QNAN0000000 -5 1546.355100067268 -16.376621132276 -1427.575742454077 14.915572479340 7.654986253510 -0.124376533186 -13.235857142428 0.112190608332
156 79 1.#QNAN0000000 -1 1546.355099668491 -16.376621128087 -1427.575742119723 14.915572475779 7.654986310300 -0.124376533248 -13.235857151457 0.112190608437
157 79 1.#QNAN0000000 4 1546.355089152320 -16.376621019616 -1427.575733764249 14.915572386245 7.654986332407 -0.124376533294 -13.235857177791 0.112190608673
158 80 1.#QNAN0000000 8 1546.355089203686 -16.376621020062 -1427.575733785843 14.915572386501 7.654986244833 -0.124376533359 -13.235857186337 0.112190608775
159 80 1.#QNAN0000000 13 1546.355089251477 -16.376621020467 -1427.575733804019 14.915572386722 7.654986169261 -0.124376533425 -13.235857195043 0.112190608878
160 81 1.#QNAN0000000 17 1546.355119261043 -16.376621331424 -1427.575757832521 14.915572638773 7.654986095209 -0.124376531815 -13.235857291596 0.112190609877
161 81 1.#QNAN0000000 22 1546.355118694758 -16.376621325629 -1427.575757385145 14.915572633980 7.654986101645 -0.124376531827 -13.235857294596 0.112190609912
162 82 1.#QNAN0000000 25 1546.355118776880 -16.376621326532 -1427.575757454343 14.915572634711 7.654986020720 -0.124376531832 -13.235857296145 0.112190609933
163 82 1.#QNAN0000000 31 1546.355118831222 -16.376621327148 -1427.575757501305 14.915572635208 7.654986076750 -0.124376531838 -13.235857297609 0.112190609954
164 83 1.#QNAN0000000 35 1546.355118897093 -16.376621327884 -1427.575757557619 14.915572635800 7.654986124296 -0.124376531842 -13.235857299186 0.112190609976
165 83 1.#QNAN0000000 -20 1546.355119096675 -16.376621329999 -1427.575757719920 14.915572637529 7.654986004265 -0.124376531847 -13.235857300520 0.112190609997
166 84 1.#QNAN0000000 -16 1546.355104536981 -16.376621179835 -1427.575746156372 14.915572513613 7.654986063259 -0.124376531893 -13.235857334472 0.112190610294
167 84 1.#QNAN0000000 -12 1546.355119400006 -16.376621333872 -1427.575758058864 14.915572638468 7.654986009694 -0.124376531100 -13.235857382944 0.112190610798
168 85 1.#QNAN0000000 -7 1546.355119315875 -16.376621333053 -1427.575757994963 14.915572637803 7.654986142461 -0.124376531114 -13.235857383965 0.112190610814
169 85 1.#QNAN0000000 -2 1546.355118790669 -16.376621327682 -1427.575757580338 14.915572633352 7.654986051866 -0.124376531124 -13.235857387214 0.112190610852
170 86 1.#QNAN0000000 2 1546.355114831566 -16.376621286919 -1427.575754443418 14.915572599721 7.654985857335 -0.124376531128 -13.235857396336 0.112190610934
171 86 1.#QNAN0000000 7 1546.355115267591 -16.376621291469 -1427.575754793104 14.915572603459 7.654986055689 -0.124376531133 -13.235857397296 0.112190610951
172 87 1.#QNAN0000000 13 1546.355115339440 -16.376621292252 -1427.575754851687 14.915572604079 7.654986076404 -0.124376531144 -13.235857399590 0.112190610981
173 87 1.#QNAN0000000 17 1546.355115364934 -16.376621292560 -1427.575754873948 14.915572604310 7.654986026884 -0.124376531154 -13.235857401846 0.112190611011
174 88 1.#QNAN0000000 21 1546.355117940123 -16.376621319147 -1427.575756917454 14.915572626205 7.654986112494 -0.124376531168 -13.235857399789 0.112190611008
175 88 1.#QNAN0000000 25 1546.355115409487 -16.376621293193 -1427.575754925945 14.915572604587 7.654986107053 -0.124376531090 -13.235857412889 0.112190611130
176 89 1.#QNAN0000000 31 1546.355115445752 -16.376621293609 -1427.575754956274 14.915572604907 7.654986038179 -0.124376531101 -13.235857415202 0.112190611160
177 89 1.#QNAN0000000 35 1546.355115491792 -16.376621294129 -1427.575754995015 14.915572605314 7.654986180484 -0.124376531110 -13.235857417365 0.112190611189
178 90 1.#QNAN0000000 -21 1546.355104007238 -16.376621175677 -1427.575745871907 14.915572507551 7.654985978588 -0.124376531155 -13.235857445324 0.112190611438
179 90 1.#QNAN0000000 -16 1546.355103463754 -16.376621169999 -1427.575745423103 14.915572502765 7.654985982563 -0.124376531216 -13.235857454475 0.112190611543
180 91 1.#QNAN0000000 -10 1546.355103427437 -16.376621169545 -1427.575745375955 14.915572502283 7.654986015536 -0.124376531278 -13.235857462919 0.112190611643
181 91 1.#QNAN0000000 -7 1546.355103483645 -16.376621170065 -1427.575745405444 14.915572502618 7.654986110961 -0.124376531332 -13.235857470235 0.112190611730
182 92 1.#QNAN0000000 -4 1546.355103539083 -16.376621170571 -1427.575745433198 14.915572502935 7.654986077459 -0.124376531389 -13.235857477888 0.112190611822
183 92 1.#QNAN0000000 1 1546.355103563083 -16.376621170718 -1427.575745430528 14.915572502940 7.654986059663 -0.124376531461 -13.235857487068 0.112190611931
184 93 1.#QNAN0000000 6 1546.355119502980 -16.376621335911 -1427.575758195147 14.915572636838 7.654986002099 -0.124376530610 -13.235857538963 0.112190612471
185 93 1.#QNAN0000000 11 1546.355119475382 -16.376621335679 -1427.575758176556 14.915572636647 7.654986027115 -0.124376530620 -13.235857540196 0.112190612489
186 94 1.#QNAN0000000 15 1546.355119479591 -16.376621335775 -1427.575758183373 14.915572636723 7.654986027414 -0.124376530629 -13.235857541494 0.112190612508
187 94 1.#QNAN0000000 19 1546.355119500908 -16.376621336049 -1427.575758203891 14.915572636943 7.654985841943 -0.124376530637 -13.235857542850 0.112190612528
188 95 1.#QNAN0000000 23 1546.355118270986 -16.376621323413 -1427.575757230361 14.915572626511 7.654985934198 -0.124376530648 -13.235857546956 0.112190612571
189 95 1.#QNAN0000000 28 1546.355114303770 -16.376621282575 -1427.575754088609 14.915572592828 7.654986021101 -0.124376530648 -13.235857555540 0.112190612647
190 96 1.#QNAN0000000 33 1546.355114383804 -16.376621283457 -1427.575754156194 14.915572593542 7.654986024621 -0.124376530653 -13.235857557070 0.112190612669
191 96 1.#QNAN0000000 36 1546.355114464980 -16.376621284350 -1427.575754224497 14.915572594263 7.654985956948 -0.124376530658 -13.235857558663 0.112190612691
192 97 1.#QNAN0000000 37 1546.355114546674 -16.376621285248 -1427.575754293038 14.915572594987 7.654985949488 -0.124376530663 -13.235857560308 0.112190612714
193 97 1.#QNAN0000000 -20 1546.355119567924 -16.376621337322 -1427.575758316402 14.915572637194 7.654985907180 -0.124376530401 -13.235857577536 0.112190612897
194 98 1.#QNAN0000000 -16 1546.355119575772 -16.376621337456 -1427.575758326144 14.915572637301 7.654986008245 -0.124376530410 -13.235857578853 0.112190612916
195 98 1.#QNAN0000000 -11 1546.355119505980 -16.376621336787 -1427.575758273991 14.915572636752 7.654986008949 -0.124376530420 -13.235857580089 0.112190612935
196 99 1.#QNAN0000000 -5 1546.355119585943 -16.376621337669 -1427.575758341465 14.915572637465 7.654986009327 -0.124376530425 -13.235857581635 0.112190612957
197 99 1.#QNAN0000000 0 1546.355119584192 -16.376621337703 -1427.575758343523 14.915572637491 7.654985999794 -0.124376530434 -13.235857582921 0.112190612976
198 100 1.#QNAN0000000 5 1546.355119009965 -16.376621331825 -1427.575757889608 14.915572632629 7.654986002091 -0.124376530447 -13.235857585952 0.112190613011
199 100 1.#QNAN0000000 10 1546.355119599508 -16.376621337985 -1427.575758365042 14.915572637621 7.654986009211 -0.124376530424 -13.235857589115 0.112190613049
