# Powell
# iter -2*LL p12 p13 p21 p23
1 1 19818.363112714174 0 0.000000000000 0.000000000000 0.000000000000 0.000000000000 0.000000000000 0.000000000000 0.000000000000 0.000000000000
2 2 5291.552946601591 0 36.871418095882 0.000000000000 0.000000000000 0.000000000000 3.101212650742 -0.001286357644 -1.141465182950 0.002903877237
3 2 4927.115743727336 1 4.714331253504 -0.003060307307 -0.520110664333 0.004158767282 2.833785169654 -0.002624402253 -2.499880009847 0.007129090975
4 3 3799.479438538217 3 4.603620906556 -0.016018167898 -1.772847612276 0.019270919613 -0.363817119660 -0.014331444657 -7.788127814858 0.027861816429
5 3 3756.327450904014 4 4.245680040885 -0.019384594156 -1.959815581358 0.022699539667 -0.550985949534 -0.015192568509 -7.896210193437 0.039588696309
6 4 3673.367073638091 5 7.526990765431 -0.040775974952 -3.003080494180 0.041512597914 -0.154532672534 -0.019124683388 -7.985429990087 0.050528391627
7 4 3649.661880130776 5 7.887262195240 0.956427709697 -2.159771984186 0.044093476434 -0.028009503562 -0.021474204267 -8.168376244519 0.052979470249
8 5 3600.886518429449 5 9.927562144765 7.093095086016 3.248803631460 3.859834962891 0.936288091714 -0.033751644159 -8.608769005860 0.058203952028
9 5 1.#QNAN0000000 6 9.925493231687 7.092697734342 4.210777954638 4.860296066028 0.840399134438 -0.034198703070 -8.767636946923 0.059271826301
10 6 1.#QNAN0000000 7 9.926562907784 7.092657598221 5.207314135626 5.860706963041 0.832805430261 -0.034016249116 -8.780499321091 0.059453422726
11 6 3596.552741924867 8 9.927652701647 7.092605775147 6.202751609113 5.860764791184 0.822513475520 -0.033874764290 -8.797850001334 0.059674456150
12 7 3594.214902156597 9 9.982105926752 7.090339715458 50.881726757741 5.863281813217 0.383562692381 -0.027554053686 -9.539672430183 0.069187930604
13 7 3588.594626488337 11 9.982086697687 7.089978926284 69.753446896186 5.863261510501 0.382689122318 -0.027437641911 -9.541119732775 0.069043793742
14 8 3588.588707996058 13 9.981924471574 7.089959163590 69.754861406369 5.863246318956 0.377603376170 -0.027441564434 -9.549533897239 0.069132697719
15 8 3588.588439115249 14 9.981923079745 7.089958306672 69.756391814037 5.863217281328 0.377221528363 -0.027439965932 -9.550168189882 0.069139682727
16 9 3588.588089080030 16 9.981914183905 7.089958002917 69.748179662284 5.863151630705 0.376740629611 -0.027436964031 -9.550965473336 0.069149351198
17 9 3588.586766588620 18 9.981889284521 7.089957745075 69.750798381612 5.862785135873 0.374646655540 -0.027417623660 -9.554440467667 0.069191737725
18 10 3588.581301447277 20 9.981861528803 7.089965619426 69.800551164683 5.861237651627 0.368266079338 -0.027330628880 -9.565041389657 0.069326803624
19 10 3588.558717224692 21 9.981771325193 7.090001165237 70.110459321889 5.854547115830 0.341514063612 -0.026951432032 -9.609494718081 0.069892732053
20 11 3588.508812041837 23 9.981721969426 7.090084614801 70.859409180162 5.841235820068 0.292264534535 -0.026186503157 -9.691361128148 0.070945308580
21 11 3588.497585883357 24 9.981788920182 7.090096192810 70.953004160293 5.840587152233 0.292014501234 -0.026144211532 -9.691793674945 0.070957089757
22 12 3588.497161199406 26 9.981775119538 7.090095562608 70.976414675489 5.840394577829 0.291044884129 -0.026136465967 -9.693402221383 0.070975267802
23 12 3588.497142667140 27 9.981769899900 7.090094905982 70.975560145125 5.840399720570 0.290921211637 -0.026137453572 -9.693606517340 0.070977268489
24 13 3588.497040328270 29 9.981753782772 7.090091433491 70.965204278676 5.840559354690 0.291291819711 -0.026152606598 -9.692986328616 0.070967237425
25 13 3588.496805761776 31 9.981740887373 7.090088503055 70.961613079217 5.840588195558 0.291652815205 -0.026165745839 -9.692382953404 0.070957870936
26 14 3588.496412800640 32 9.981715707402 7.090084597837 70.979410758668 5.840312412689 0.291340883746 -0.026175017495 -9.692895298382 0.070961042112
27 14 3588.494804329103 34 9.981669179660 7.090079310319 71.081507817725 5.838641644698 0.289511603911 -0.026171815091 -9.695925172809 0.070993424879
28 15 3588.492167301859 35 9.981631386963 7.090075663369 71.247628019183 5.835801814842 0.287294094355 -0.026157184526 -9.699602936899 0.071035190650
29 15 3588.474089578234 36 9.981511103614 7.090060349477 72.277855365940 5.817241668994 0.279611469361 -0.026098751058 -9.712349429772 0.071181783848
30 16 3588.382361420723 37 9.981326691593 7.090010781967 76.500551540591 5.738410758053 0.267753055885 -0.025998155011 -9.732036567614 0.071409979260
31 16 3588.056784100679 39 9.981206885347 7.089848716629 90.408795902717 5.473612710019 0.269355382299 -0.026040926825 -9.729406885280 0.071367582214
32 17 3587.695252662237 39 9.981439997365 7.089737383804 99.581984626582 5.294854817408 0.298945736074 -0.026348685245 -9.680315573666 0.070778887741
33 17 3587.505316514300 -19 9.981652047054 7.089533234275 116.438951538921 4.966660530251 0.334607144673 -0.026737073351 -9.621162270458 0.070066953655
34 18 3587.503458580870 -18 9.981580067893 7.089527840822 117.089767785641 4.953980962818 0.327931116684 -0.026668463161 -9.632245995758 0.070201159896
35 18 3587.503365202106 -17 9.981572315891 7.089525001005 117.318611942338 4.949612995354 0.327549808841 -0.026665913060 -9.632879025007 0.070208430782
36 19 3587.503351383250 -15 9.981569351961 7.089523920562 117.406845518626 4.947928927157 0.327397825551 -0.026664835962 -9.633131358178 0.070211344198
37 19 3587.503349345834 -14 9.981568208422 7.089523505094 117.440768847119 4.947281410597 0.327339081336 -0.026664419130 -9.633228889079 0.070212469845
38 20 3587.503349045646 -13 9.981567768195 7.089523344846 117.453842821146 4.947031851726 0.327316549675 -0.026664259942 -9.633266297470 0.070212901936
39 20 3587.503349001700 -11 9.981567600829 7.089523282877 117.458887644349 4.946935570927 0.327308139817 -0.026664201662 -9.633280260010 0.070213062531
40 21 3587.503348995429 -9 9.981567530555 7.089523259674 117.460807366251 4.946898906068 0.327304185614 -0.026664171138 -9.633286825028 0.070213140895
41 21 3587.503348994520 -7 9.981567506951 7.089523249664 117.461554152129 4.946884684322 0.327303459990 -0.026664170191 -9.633288028893 0.070213154322
42 22 3587.503348994387 -5 9.981567497518 7.089523246941 117.461732069605 4.946881280409 0.327303126719 -0.026664169564 -9.633288581408 0.070213157071
43 22 3587.503348994175 -2 9.981567497537 7.089523243874 117.462356955174 4.946869324205 0.327301591683 -0.026664142642 -9.633291136250 0.070213191087
44 23 3587.503348993930 0 9.981567495419 7.089523237635 117.462832458113 4.946860155745 0.327302117489 -0.026664150557 -9.633290263810 0.070213180010
45 23 3587.503348993611 2 9.981567470073 7.089523236265 117.463009915800 4.946856837786 0.327299737570 -0.026664126209 -9.633294214807 0.070213227958
46 24 3587.503348992916 5 9.981567432669 7.089523237229 117.462744491911 4.946862032275 0.327297303358 -0.026664109551 -9.633298250991 0.070213274642
47 24 3587.503348989681 7 9.981567377356 7.089523249648 117.460796218778 4.946899625331 0.327295699407 -0.026664123073 -9.633300894596 0.070213297977
48 25 3587.503348972483 9 9.981567381983 7.089523291924 117.455463458026 4.947002036737 0.327299782125 -0.026664208553 -9.633294083730 0.070213198914
49 25 3587.503348901822 10 9.981567686048 7.089523362156 117.448003957044 4.947144334444 0.327321204155 -0.026664418663 -9.633258512551 0.070212762977
50 26 3587.503348676872 12 9.981568468740 7.089523362884 117.449160148202 4.947119478153 0.327361315321 -0.026664651456 -9.633192032836 0.070212002607
51 26 3587.503347563713 14 9.981570484631 7.089523368593 117.435396558476 4.947382102452 0.327476534075 -0.026665631614 -9.633000937445 0.070209748526
52 27 3587.503340132724 15 9.981577132937 7.089522590787 117.408415044949 4.947897486566 0.327783539934 -0.026668326418 -9.632492159698 0.070203748480
53 27 3587.503287676920 16 9.981606225834 7.089515330877 117.366865142549 4.948685477739 0.328597128311 -0.026675170531 -9.631147178251 0.070188006814
54 28 3587.502927395390 18 9.981757403431 7.089462315234 117.352531859463 4.948904760458 0.330473905958 -0.026688874646 -9.628068235247 0.070152639374
55 28 3587.500487248178 19 9.982659795710 7.089096707743 117.536535626443 4.945009780011 0.334297560125 -0.026707791522 -9.621961072063 0.070085274460
56 29 3587.484277873556 20 9.988353571307 7.086653654979 118.405884741751 4.925952529729 0.340791324811 -0.026706165622 -9.612746301895 0.069994932105
57 29 3587.377765133938 21 10.025103037483 7.070534493202 121.014701095323 4.860388866581 0.349849191625 -0.026591203457 -9.607897508955 0.070000553432
58 30 3586.685885480883 22 10.262428630460 6.965549682699 127.034815551303 4.644298067116 0.365386041960 -0.026196112403 -9.647999074429 0.070668894142
59 30 3582.339651992089 23 11.752299080720 6.304242857679 137.601602932144 3.808722413931 0.455242860410 -0.026016534725 -9.912500473126 0.074344898063
60 31 3572.615185739985 24 15.240977826370 4.754124460538 132.726512013705 2.412140104670 0.743743254030 -0.028560420669 -10.401973861931 0.080743525983
61 31 3531.926184113461 25 26.430790863968 -0.222860792097 128.029769634576 -2.270721043832 1.898379212301 -0.044471128666 -11.591019604248 0.095246928501
62 32 3505.374390726277 26 26.494966408432 -0.256714661279 146.750487646578 -2.648562820470 2.042827017583 -0.051169680172 -11.369010382766 0.091091061293
63 32 3504.722533062498 27 26.496808152206 -0.257688966343 124.191278853162 -2.210284889798 1.916536070275 -0.049814420324 -11.579398281859 0.093524967191
64 33 3504.677242415566 28 26.497027927213 -0.257922546916 125.002105536903 -2.226341603304 1.940506598488 -0.050269343516 -11.539616615764 0.093039935298
65 33 3504.657256597382 29 26.501970316403 -0.260293530736 128.116894101037 -2.288419885383 1.959797051776 -0.050662170088 -11.508939128708 0.092650412025
66 34 3504.657232502418 30 26.501773012876 -0.260207860033 128.209254216867 -2.290145068871 1.959469634468 -0.050658262979 -11.509429153941 0.092657249023
67 34 3504.657230243350 32 26.501759106733 -0.260202054359 128.217508974875 -2.290294030777 1.959166411318 -0.050654209162 -11.509929466467 0.092663329202
68 35 3504.657229854387 33 26.501758905427 -0.260202125248 128.231833848967 -2.290568693102 1.958996795533 -0.050651767967 -11.510211473419 0.092666806612
69 35 3504.657229853604 35 26.501758870485 -0.260202105127 128.231821670723 -2.290568413573 1.958996622420 -0.050651761528 -11.510211751275 0.092666811082
70 36 3504.657229839891 37 26.501758797570 -0.260201944193 128.230510220125 -2.290543666517 1.958990594620 -0.050651576458 -11.510221741893 0.092666973666
71 36 3504.657229804602 39 26.501762300855 -0.260203388005 128.228331068501 -2.290503561709 1.958987498864 -0.050651461106 -11.510227849090 0.092667081304
72 37 3504.657229597343 -19 26.501780261723 -0.260211049441 128.219633365793 -2.290344343129 1.958978936706 -0.050651192841 -11.510247031740 0.092667392626
73 37 3504.657228639269 -18 26.501823058381 -0.260229600984 128.201872301169 -2.290020037038 1.958964808858 -0.050650968034 -11.510282352540 0.092667872991
74 38 3504.657223235869 -17 26.501931256557 -0.260276186564 128.156553287833 -2.289189318365 1.958922285098 -0.050650659493 -11.510383079526 0.092669088622
75 38 3504.657191912943 -15 26.502177050160 -0.260378250701 128.047201804465 -2.287171346428 1.958787260847 -0.050649936987 -11.510676380932 0.092672438938
76 39 3504.656999722472 -14 26.502798797024 -0.260611532257 127.761155389700 -2.281855936424 1.958344342308 -0.050647234686 -11.511590438291 0.092682801960
77 39 3504.655818802387 -13 26.504554160500 -0.261129756598 127.027859899886 -2.268145329339 1.957028307901 -0.050637942514 -11.514300489500 0.092713746021
78 40 3504.648652530563 -11 26.510663770142 -0.262278483019 125.208008505504 -2.233954863182 1.953601048736 -0.050611894214 -11.521912199816 0.092801624917
79 40 3504.606926110154 -10 26.536180258944 -0.264806986674 121.112566720530 -2.156752902131 1.946853006527 -0.050565920328 -11.541463081685 0.093029657713
80 41 3504.383403003320 -9 26.647678782746 -0.270332051699 113.636597849757 -2.015518974294 1.942711512789 -0.050607492535 -11.585593500279 0.093547590663
81 41 3503.349693664890 -8 27.086083067839 -0.282179716516 105.038794393106 -1.852563638532 1.979669473631 -0.051319798233 -11.672106087592 0.094561904038
82 42 3499.285462437084 -7 28.676739944725 -0.309746317495 104.064073010084 -1.830184997028 2.187961898039 -0.054647742422 -11.864988814383 0.096811000200
83 42 3480.878867687356 -6 39.198989057343 -0.454361713937 138.477869192537 -2.434660263764 3.613901561877 -0.076566338195 -13.066498841899 0.110838879649
84 43 3454.887986369149 -5 51.696299591682 -0.595109653152 180.649160685005 -3.147413089678 5.219453988837 -0.100907980447 -14.644261165793 0.129239780178
85 43 3453.274673669806 -4 54.603062873426 -0.626532313719 172.941333185446 -2.977344167626 5.714503490263 -0.108306105983 -14.809118804321 0.131037157441
86 44 3453.131000245562 -3 54.997684570604 -0.631260406294 162.073078585149 -2.765899528977 5.792471454514 -0.109497022159 -14.813484276314 0.131078879511
87 44 3453.039802840970 -2 54.860382405300 -0.630242821267 149.508300638558 -2.526053798983 5.776727943922 -0.109212254339 -14.792830764159 0.130846144486
88 45 3453.022572838174 -1 54.844398248191 -0.630356810671 151.031106289693 -2.555808492913 5.762900196304 -0.108952803469 -14.810344390636 0.131057912285
89 45 3453.015659103404 0 54.677984242101 -0.627992751755 151.116079737611 -2.558306117702 5.733311406349 -0.108468909307 -14.803048940019 0.130976256100
90 46 3453.012854507242 1 54.553131965602 -0.626039882835 151.243881707618 -2.561265864194 5.704988089490 -0.107988210461 -14.807777299440 0.131035968735
91 46 3453.012580890131 2 54.584790559417 -0.626396132070 151.242862832050 -2.561010548361 5.708354339586 -0.108032668776 -14.812937400055 0.131096286631
92 47 3453.012478568597 3 54.616100132467 -0.626772777109 151.285552742952 -2.561619652217 5.711021069024 -0.108067707707 -14.819138820113 0.131169040638
93 47 3453.012474104656 5 54.616951158836 -0.626789292559 151.287521746280 -2.561653341404 5.710851261021 -0.108066528476 -14.819709577486 0.131175712201
94 48 3453.012472241114 6 54.615438235897 -0.626763839032 151.284454050797 -2.561594546240 5.710080070679 -0.108055048921 -14.820478716272 0.131184779918
95 48 3453.012472240703 8 54.615432718830 -0.626763567396 151.284246947905 -2.561590419161 5.710077302346 -0.108054994829 -14.820481469646 0.131184811530
96 49 3453.012472240696 10 54.615431910080 -0.626763554710 151.284247792015 -2.561590438619 5.710077117594 -0.108054991690 -14.820481502412 0.131184811942
97 49 3453.012472240693 12 54.615431910077 -0.626763554710 151.284247792012 -2.561590438619 5.710077117594 -0.108054991690 -14.820481502411 0.131184811942
