# Powell
# iter -2*LL p12 p13 p21 p23
1 1 2198.389851181291 1 -4.492307500000 0.034767900000 -36.710293600000 0.392672400000 -1.549999400000 -0.002502000000 -8.179427600000 0.066979800000
2 2 2071.341699754491 2 -4.939002607575 0.034921320959 -37.931539245924 0.392773763157 -2.132166199146 -0.002442892709 -8.954214731221 0.067011067637
3 2 2059.965491957280 4 -5.188796978419 0.034915842764 -37.634029651576 0.392805751146 -2.261931918219 -0.002407054240 -8.991974813350 0.067003587231
4 3 2059.943778092491 5 -5.187233361875 0.034845384096 -37.684151132883 0.392832608629 -2.260332560937 -0.002377480117 -8.987383940735 0.067004502675
5 3 2059.915013020908 6 -5.164144241257 0.034532445949 -37.757741546224 0.393838542202 -2.342415084610 -0.001308860228 -8.971146187648 0.066767343907
6 4 2059.909575472002 7 -5.158747799607 0.034444150216 -37.783331414135 0.394010468878 -2.353321621746 -0.001105515611 -8.967342884794 0.066735345263
7 4 2059.908992933192 9 -5.156437160050 0.034392192323 -37.789593487052 0.394104181640 -2.355977372683 -0.001055227938 -8.966360495720 0.066722357460
8 5 2059.908736640629 10 -5.155112172798 0.034373311302 -37.794699508403 0.394163190522 -2.356672929800 -0.001047340474 -8.965755142232 0.066714172123
9 5 2059.904254460587 12 -5.122491095337 0.033904940750 -37.927399467183 0.395641935328 -2.332912263363 -0.001391083001 -8.954848010335 0.066573957184
10 6 2059.904208025163 13 -5.122349492495 0.033900742195 -37.929570102537 0.395678154583 -2.332782967862 -0.001391173173 -8.954777696656 0.066572355789
11 6 2059.902267385972 14 -5.119223787133 0.033819501277 -38.086621569541 0.397431854794 -2.346183665159 -0.001214221811 -8.947335671465 0.066479788580
12 7 2059.899864556669 16 -5.117633284552 0.033802888840 -38.185264769617 0.398526385203 -2.345419847398 -0.001224781866 -8.944346468913 0.066444862147
13 7 2059.877746257580 17 -5.148679502017 0.034303151665 -39.794213882801 0.416819385225 -2.350186044393 -0.001141187612 -8.914556306052 0.066089206434
14 8 2059.877000718268 18 -5.145979489412 0.034255021246 -39.879153079908 0.417718599030 -2.337773749450 -0.001317377582 -8.912929750821 0.066073020487
15 8 2059.876938776611 20 -5.144924139024 0.034237793942 -39.919041776660 0.418140889109 -2.338714135732 -0.001305451812 -8.912360383906 0.066068320059
16 9 2059.876904585968 21 -5.144764298185 0.034234209618 -39.932981479412 0.418289010637 -2.339832864282 -0.001290630563 -8.913187745784 0.066079917313
17 9 2059.876877780428 22 -5.144480181985 0.034229216837 -39.951499202121 0.418488569248 -2.340425173444 -0.001283176381 -8.914171653964 0.066093599704
18 10 2059.876705015542 24 -5.143431769189 0.034211765978 -40.020698590978 0.419241053092 -2.341933325620 -0.001264750331 -8.922570579053 0.066205132295
19 10 2059.876473481432 -35 -5.143375779980 0.034211273574 -40.054066039186 0.419601728397 -2.341530168860 -0.001270942195 -8.934813258884 0.066364908156
20 11 2059.876361117640 -34 -5.144257724691 0.034225436535 -40.044463523773 0.419484489763 -2.340457682154 -0.001284780610 -8.943349578860 0.066475738375
21 11 2059.876316893282 -32 -5.144828397324 0.034234497648 -40.028523507311 0.419303449985 -2.340114020787 -0.001288830568 -8.947929787736 0.066534643679
22 12 2059.876279668558 -31 -5.144783180346 0.034234105854 -40.026957764568 0.419289202980 -2.340319474940 -0.001285967011 -8.953007588510 0.066599679318
23 12 2059.876162863326 -30 -5.144115792716 0.034225552184 -40.014576577516 0.419181185561 -2.340400050869 -0.001284496396 -8.958819209278 0.066671572297
24 13 2059.876118158728 -29 -5.143612156345 0.034218603479 -40.017838976824 0.419229208077 -2.339880301434 -0.001291588939 -8.955587159936 0.066629129214
25 13 2059.876087512407 -27 -5.143443870307 0.034217140236 -39.998732543365 0.419030990701 -2.339003020503 -0.001302929029 -8.950484389128 0.066561740217
26 14 2059.876086998695 -26 -5.143661657322 0.034220316814 -39.993734297184 0.418974359566 -2.339092357771 -0.001301653339 -8.950581726550 0.066562928359
27 14 2059.876086973732 -24 -5.143708744376 0.034221016712 -39.992881009865 0.418964586093 -2.339085358923 -0.001301737085 -8.950598570154 0.066563144581
28 15 2059.876086972233 -22 -5.143718117492 0.034221160432 -39.992672551224 0.418962210936 -2.339081690059 -0.001301784002 -8.950611142156 0.066563307630
29 15 2059.876086972132 -20 -5.143720762177 0.034221200928 -39.992622370074 0.418961643262 -2.339080824920 -0.001301794805 -8.950613781756 0.066563341661
30 16 2059.876086972126 -18 -5.143721037635 0.034221205268 -39.992609947209 0.418961499743 -2.339080171151 -0.001301802701 -8.950614232463 0.066563347687
