# FRFsr.txt
#IMaCh version 0.99r45, April 2023,INED-EUROREVES-Institut de longevite-Japan Society for the Promotion of Science (Grant-in-Aid for Scientific Research 25293121), Intel Software 2015-2020, Nihon University 2021-202, INED 2000-2022
#$Revision: 1.353 $ $Date: 2023/05/08 18:48:22 $
# Tue Feb 04 22:13:35 2025
#One-step probabilities and stand. devi in ()
# Age p1-1 (SE) p1-2 (SE) p1-3 (SE) p2-1 (SE) p2-2 (SE) p2-3 (SE)
50  9.687e-001 ( 4.950e-003)  3.129e-002 ( 4.950e-003)  5.191e-009 ( 2.952e-008)  8.258e-002 ( 1.508e-002)  9.141e-001 ( 1.512e-002)  3.305e-003 ( 1.668e-003) 
51  9.677e-001 ( 4.895e-003)  3.234e-002 ( 4.895e-003)  7.884e-009 ( 4.368e-008)  8.246e-002 ( 1.448e-002)  9.140e-001 ( 1.454e-002)  3.532e-003 ( 1.724e-003) 
52  9.666e-001 ( 4.835e-003)  3.343e-002 ( 4.835e-003)  1.197e-008 ( 6.459e-008)  8.235e-002 ( 1.390e-002)  9.139e-001 ( 1.396e-002)  3.775e-003 ( 1.781e-003) 
53  9.654e-001 ( 4.768e-003)  3.456e-002 ( 4.768e-003)  1.818e-008 ( 9.543e-008)  8.223e-002 ( 1.332e-002)  9.137e-001 ( 1.340e-002)  4.034e-003 ( 1.837e-003) 
54  9.643e-001 ( 4.697e-003)  3.572e-002 ( 4.697e-003)  2.761e-008 ( 1.409e-007)  8.210e-002 ( 1.276e-002)  9.136e-001 ( 1.285e-002)  4.311e-003 ( 1.893e-003) 
55  9.631e-001 ( 4.621e-003)  3.691e-002 ( 4.621e-003)  4.193e-008 ( 2.078e-007)  8.198e-002 ( 1.220e-002)  9.134e-001 ( 1.231e-002)  4.607e-003 ( 1.949e-003) 
56  9.618e-001 ( 4.541e-003)  3.815e-002 ( 4.541e-003)  6.366e-008 ( 3.062e-007)  8.186e-002 ( 1.166e-002)  9.132e-001 ( 1.178e-002)  4.923e-003 ( 2.004e-003) 
57  9.606e-001 ( 4.459e-003)  3.943e-002 ( 4.459e-003)  9.666e-008 ( 4.508e-007)  8.173e-002 ( 1.113e-002)  9.130e-001 ( 1.127e-002)  5.261e-003 ( 2.057e-003) 
58  9.593e-001 ( 4.376e-003)  4.074e-002 ( 4.376e-003)  1.468e-007 ( 6.629e-007)  8.161e-002 ( 1.062e-002)  9.128e-001 ( 1.078e-002)  5.621e-003 ( 2.110e-003) 
59  9.579e-001 ( 4.294e-003)  4.210e-002 ( 4.294e-003)  2.228e-007 ( 9.739e-007)  8.148e-002 ( 1.012e-002)  9.125e-001 ( 1.030e-002)  6.006e-003 ( 2.161e-003) 
60  9.565e-001 ( 4.216e-003)  4.350e-002 ( 4.216e-003)  3.383e-007 ( 1.429e-006)  8.135e-002 ( 9.652e-003)  9.122e-001 ( 9.851e-003)  6.418e-003 ( 2.210e-003) 
61  9.551e-001 ( 4.143e-003)  4.495e-002 ( 4.143e-003)  5.135e-007 ( 2.094e-006)  8.121e-002 ( 9.202e-003)  9.119e-001 ( 9.425e-003)  6.857e-003 ( 2.258e-003) 
62  9.536e-001 ( 4.081e-003)  4.644e-002 ( 4.081e-003)  7.795e-007 ( 3.066e-006)  8.108e-002 ( 8.779e-003)  9.116e-001 ( 9.026e-003)  7.327e-003 ( 2.303e-003) 
63  9.520e-001 ( 4.033e-003)  4.798e-002 ( 4.033e-003)  1.183e-006 ( 4.481e-006)  8.094e-002 ( 8.386e-003)  9.112e-001 ( 8.658e-003)  7.828e-003 ( 2.345e-003) 
64  9.504e-001 ( 4.004e-003)  4.957e-002 ( 4.004e-003)  1.796e-006 ( 6.539e-006)  8.080e-002 ( 8.028e-003)  9.108e-001 ( 8.324e-003)  8.363e-003 ( 2.386e-003) 
65  9.488e-001 ( 4.000e-003)  5.121e-002 ( 4.000e-003)  2.726e-006 ( 9.527e-006)  8.066e-002 ( 7.709e-003)  9.104e-001 ( 8.029e-003)  8.934e-003 ( 2.424e-003) 
66  9.471e-001 ( 4.025e-003)  5.289e-002 ( 4.026e-003)  4.137e-006 ( 1.386e-005)  8.051e-002 ( 7.433e-003)  9.099e-001 ( 7.776e-003)  9.544e-003 ( 2.461e-003) 
67  9.454e-001 ( 4.087e-003)  5.463e-002 ( 4.088e-003)  6.278e-006 ( 2.011e-005)  8.036e-002 ( 7.204e-003)  9.094e-001 ( 7.568e-003)  1.020e-002 ( 2.496e-003) 
68  9.436e-001 ( 4.190e-003)  5.643e-002 ( 4.191e-003)  9.528e-006 ( 2.913e-005)  8.021e-002 ( 7.028e-003)  9.089e-001 ( 7.409e-003)  1.089e-002 ( 2.530e-003) 
69  9.417e-001 ( 4.338e-003)  5.828e-002 ( 4.340e-003)  1.446e-005 ( 4.210e-005)  8.005e-002 ( 6.906e-003)  9.083e-001 ( 7.302e-003)  1.163e-002 ( 2.566e-003) 
70  9.398e-001 ( 4.535e-003)  6.018e-002 ( 4.539e-003)  2.194e-005 ( 6.070e-005)  7.989e-002 ( 6.842e-003)  9.077e-001 ( 7.249e-003)  1.243e-002 ( 2.604e-003) 
71  9.378e-001 ( 4.783e-003)  6.215e-002 ( 4.788e-003)  3.328e-005 ( 8.726e-005)  7.973e-002 ( 6.837e-003)  9.070e-001 ( 7.250e-003)  1.327e-002 ( 2.648e-003) 
72  9.358e-001 ( 5.083e-003)  6.417e-002 ( 5.090e-003)  5.049e-005 ( 1.251e-004)  7.956e-002 ( 6.890e-003)  9.063e-001 ( 7.305e-003)  1.417e-002 ( 2.700e-003) 
73  9.337e-001 ( 5.435e-003)  6.626e-002 ( 5.445e-003)  7.659e-005 ( 1.786e-004)  7.939e-002 ( 6.998e-003)  9.055e-001 ( 7.415e-003)  1.513e-002 ( 2.765e-003) 
74  9.315e-001 ( 5.838e-003)  6.840e-002 ( 5.852e-003)  1.162e-004 ( 2.542e-004)  7.921e-002 ( 7.159e-003)  9.046e-001 ( 7.576e-003)  1.616e-002 ( 2.848e-003) 
75  9.292e-001 ( 6.292e-003)  7.061e-002 ( 6.311e-003)  1.762e-004 ( 3.601e-004)  7.903e-002 ( 7.369e-003)  9.037e-001 ( 7.788e-003)  1.726e-002 ( 2.956e-003) 
76  9.268e-001 ( 6.797e-003)  7.288e-002 ( 6.821e-003)  2.672e-004 ( 5.077e-004)  7.884e-002 ( 7.623e-003)  9.027e-001 ( 8.049e-003)  1.842e-002 ( 3.095e-003) 
77  9.244e-001 ( 7.353e-003)  7.522e-002 ( 7.381e-003)  4.052e-004 ( 7.117e-004)  7.865e-002 ( 7.916e-003)  9.017e-001 ( 8.355e-003)  1.967e-002 ( 3.272e-003) 
78  9.218e-001 ( 7.962e-003)  7.762e-002 ( 7.990e-003)  6.143e-004 ( 9.913e-004)  7.844e-002 ( 8.242e-003)  9.006e-001 ( 8.705e-003)  2.100e-002 ( 3.495e-003) 
79  9.190e-001 ( 8.627e-003)  8.008e-002 ( 8.648e-003)  9.311e-004 ( 1.370e-003)  7.824e-002 ( 8.599e-003)  8.994e-001 ( 9.099e-003)  2.241e-002 ( 3.772e-003) 
80  9.160e-001 ( 9.356e-003)  8.260e-002 ( 9.353e-003)  1.411e-003 ( 1.878e-003)  7.802e-002 ( 8.980e-003)  8.981e-001 ( 9.536e-003)  2.392e-002 ( 4.110e-003) 
81  9.127e-001 ( 1.016e-002)  8.517e-002 ( 1.011e-002)  2.138e-003 ( 2.546e-003)  7.780e-002 ( 9.382e-003)  8.967e-001 ( 1.002e-002)  2.553e-002 ( 4.515e-003) 
82  9.090e-001 ( 1.106e-002)  8.777e-002 ( 1.090e-002)  3.237e-003 ( 3.409e-003)  7.757e-002 ( 9.803e-003)  8.952e-001 ( 1.054e-002)  2.724e-002 ( 4.993e-003) 
83  9.047e-001 ( 1.207e-002)  9.040e-002 ( 1.174e-002)  4.898e-003 ( 4.498e-003)  7.733e-002 ( 1.024e-002)  8.936e-001 ( 1.111e-002)  2.906e-002 ( 5.549e-003) 
84  8.996e-001 ( 1.323e-002)  9.302e-002 ( 1.262e-002)  7.404e-003 ( 5.831e-003)  7.709e-002 ( 1.069e-002)  8.919e-001 ( 1.174e-002)  3.100e-002 ( 6.191e-003) 
85  8.932e-001 ( 1.454e-002)  9.558e-002 ( 1.353e-002)  1.118e-002 ( 7.419e-003)  7.683e-002 ( 1.114e-002)  8.901e-001 ( 1.242e-002)  3.307e-002 ( 6.922e-003) 
86  8.851e-001 ( 1.605e-002)  9.801e-002 ( 1.446e-002)  1.684e-002 ( 9.287e-003)  7.656e-002 ( 1.161e-002)  8.882e-001 ( 1.316e-002)  3.527e-002 ( 7.749e-003) 
87  8.745e-001 ( 1.788e-002)  1.002e-001 ( 1.539e-002)  2.530e-002 ( 1.161e-002)  7.629e-002 ( 1.208e-002)  8.861e-001 ( 1.397e-002)  3.761e-002 ( 8.678e-003) 
88  8.602e-001 ( 2.048e-002)  1.020e-001 ( 1.628e-002)  3.783e-002 ( 1.509e-002)  7.600e-002 ( 1.256e-002)  8.839e-001 ( 1.485e-002)  4.010e-002 ( 9.715e-003) 
89  8.406e-001 ( 2.524e-002)  1.031e-001 ( 1.712e-002)  5.621e-002 ( 2.156e-002)  7.570e-002 ( 1.304e-002)  8.816e-001 ( 1.581e-002)  4.274e-002 ( 1.087e-002) 
90  8.139e-001 ( 3.492e-002)  1.033e-001 ( 1.794e-002)  8.275e-002 ( 3.406e-002)  7.539e-002 ( 1.352e-002)  8.791e-001 ( 1.687e-002)  4.556e-002 ( 1.214e-002) 