# FRFsr.txt
#IMaCh version 0.99r45, April 2023,INED-EUROREVES-Institut de longevite-Japan Society for the Promotion of Science (Grant-in-Aid for Scientific Research 25293121), Intel Software 2015-2020, Nihon University 2021-202, INED 2000-2022
#$Revision: 1.353 $ $Date: 2023/05/08 18:48:22 $
# Tue Feb 04 22:13:35 2025
#One-step probabilities and covariance matrix
# Age p1-1  p1-2  p1-3  p2-1  p2-2  p2-3 
50  9.687e-001  3.129e-002  5.191e-009  8.258e-002  9.141e-001  3.305e-003 
50 1-1  2.450e-005
50 1-2 -2.450e-005  2.450e-005
50 1-3 -5.144e-012  5.143e-012  8.716e-016
50 2-1 -1.797e-005  1.797e-005  1.712e-012  2.273e-004
50 2-2  1.793e-005 -1.793e-005 -5.920e-013 -2.266e-004  2.287e-004
50 2-3  3.329e-008 -3.329e-008 -1.120e-012 -6.959e-007 -2.086e-006  2.782e-006
51  9.677e-001  3.234e-002  7.884e-009  8.246e-002  9.140e-001  3.532e-003 
51 1-1  2.396e-005
51 1-2 -2.396e-005  2.396e-005
51 1-3 -7.137e-012  7.135e-012  1.908e-015
51 2-1 -1.701e-005  1.701e-005  2.519e-012  2.098e-004
51 2-2  1.697e-005 -1.697e-005 -7.039e-013 -2.091e-004  2.114e-004
51 2-3  3.674e-008 -3.674e-008 -1.815e-012 -6.805e-007 -2.292e-006  2.973e-006
52  9.666e-001  3.343e-002  1.197e-008  8.235e-002  9.139e-001  3.775e-003 
52 1-1  2.337e-005
52 1-2 -2.337e-005  2.337e-005
52 1-3 -9.795e-012  9.791e-012  4.172e-015
52 2-1 -1.606e-005  1.606e-005  3.714e-012  1.932e-004
52 2-2  1.602e-005 -1.602e-005 -7.750e-013 -1.925e-004  1.950e-004
52 2-3  4.031e-008 -4.030e-008 -2.939e-012 -6.636e-007 -2.507e-006  3.171e-006
53  9.654e-001  3.456e-002  1.818e-008  8.223e-002  9.137e-001  4.034e-003 
53 1-1  2.274e-005
53 1-2 -2.274e-005  2.274e-005
53 1-3 -1.326e-011  1.325e-011  9.106e-015
53 2-1 -1.512e-005  1.512e-005  5.490e-012  1.775e-004
53 2-2  1.508e-005 -1.508e-005 -7.340e-013 -1.768e-004  1.796e-004
53 2-3  4.394e-008 -4.393e-008 -4.756e-012 -6.454e-007 -2.730e-006  3.375e-006
54  9.643e-001  3.572e-002  2.761e-008  8.210e-002  9.136e-001  4.311e-003 
54 1-1  2.206e-005
54 1-2 -2.206e-005  2.206e-005
54 1-3 -1.766e-011  1.764e-011  1.984e-014
54 2-1 -1.421e-005  1.421e-005  8.135e-012  1.627e-004
54 2-2  1.417e-005 -1.417e-005 -4.464e-013 -1.621e-004  1.650e-004
54 2-3  4.758e-008 -4.757e-008 -7.689e-012 -6.258e-007 -2.958e-006  3.584e-006
55  9.631e-001  3.691e-002  4.193e-008  8.198e-002  9.134e-001  4.607e-003 
55 1-1  2.135e-005
55 1-2 -2.135e-005  2.135e-005
55 1-3 -2.302e-011  2.297e-011  4.317e-014
55 2-1 -1.333e-005  1.333e-005  1.209e-011  1.489e-004
55 2-2  1.328e-005 -1.328e-005  3.313e-013 -1.483e-004  1.515e-004
55 2-3  5.116e-008 -5.115e-008 -1.242e-011 -6.050e-007 -3.193e-006  3.798e-006
56  9.618e-001  3.815e-002  6.366e-008  8.186e-002  9.132e-001  4.923e-003 
56 1-1  2.062e-005
56 1-2 -2.062e-005  2.062e-005
56 1-3 -2.913e-011  2.904e-011  9.374e-014
56 2-1 -1.247e-005  1.247e-005  1.801e-011  1.359e-004
56 2-2  1.242e-005 -1.242e-005  2.029e-012 -1.353e-004  1.388e-004
56 2-3  5.461e-008 -5.459e-008 -2.004e-011 -5.834e-007 -3.431e-006  4.015e-006
57  9.606e-001  3.943e-002  9.666e-008  8.173e-002  9.130e-001  5.261e-003 
57 1-1  1.989e-005
57 1-2 -1.989e-005  1.989e-005
57 1-3 -3.535e-011  3.515e-011  2.032e-013
57 2-1 -1.166e-005  1.166e-005  2.693e-011  1.239e-004
57 2-2  1.160e-005 -1.160e-005  5.390e-012 -1.233e-004  1.270e-004
57 2-3  5.780e-008 -5.777e-008 -3.232e-011 -5.610e-007 -3.672e-006  4.233e-006
58  9.593e-001  4.074e-002  1.468e-007  8.161e-002  9.128e-001  5.621e-003 
58 1-1  1.915e-005
58 1-2 -1.915e-005  1.915e-005
58 1-3 -4.018e-011  3.974e-011  4.395e-013
58 2-1 -1.089e-005  1.089e-005  4.038e-011  1.128e-004
58 2-2  1.083e-005 -1.083e-005  1.168e-011 -1.122e-004  1.161e-004
58 2-3  6.062e-008 -6.057e-008 -5.206e-011 -5.384e-007 -3.914e-006  4.452e-006
59  9.579e-001  4.210e-002  2.228e-007  8.148e-002  9.125e-001  6.006e-003 
59 1-1  1.844e-005
59 1-2 -1.844e-005  1.844e-005
59 1-3 -4.057e-011  3.963e-011  9.485e-013
59 2-1 -1.018e-005  1.017e-005  6.075e-011  1.025e-004
59 2-2  1.011e-005 -1.011e-005  2.304e-011 -1.020e-004  1.061e-004
59 2-3  6.290e-008 -6.282e-008 -8.378e-011 -5.157e-007 -4.154e-006  4.670e-006
60  9.565e-001  4.350e-002  3.383e-007  8.135e-002  9.122e-001  6.418e-003 
60 1-1  1.777e-005
60 1-2 -1.777e-005  1.777e-005
60 1-3 -3.084e-011  2.880e-011  2.042e-012
60 2-1 -9.519e-006  9.519e-006  9.168e-011  9.315e-005
60 2-2  9.454e-006 -9.454e-006  4.302e-011 -9.266e-005  9.705e-005
60 2-3  6.446e-008 -6.433e-008 -1.347e-010 -4.937e-007 -4.392e-006  4.885e-006
61  9.551e-001  4.495e-002  5.135e-007  8.121e-002  9.119e-001  6.857e-003 
61 1-1  1.717e-005
61 1-2 -1.717e-005  1.717e-005
61 1-3 -7.850e-013 -3.602e-012  4.387e-012
61 2-1 -8.930e-006  8.930e-006  1.388e-010  8.468e-005
61 2-2  8.865e-006 -8.865e-006  7.752e-011 -8.420e-005  8.883e-005
61 2-3  6.508e-008 -6.486e-008 -2.164e-010 -4.728e-007 -4.624e-006  5.097e-006
62  9.536e-001  4.644e-002  7.795e-007  8.108e-002  9.116e-001  7.327e-003 
62 1-1  1.665e-005
62 1-2 -1.665e-005  1.665e-005
62 1-3  6.724e-011 -7.663e-011  9.398e-012
62 2-1 -8.418e-006  8.418e-006  2.109e-010  7.707e-005
62 2-2  8.354e-006 -8.354e-006  1.362e-010 -7.662e-005  8.147e-005
62 2-3  6.448e-008 -6.413e-008 -3.471e-010 -4.538e-007 -4.848e-006  5.302e-006
63  9.520e-001  4.798e-002  1.183e-006  8.094e-002  9.112e-001  7.828e-003 
63 1-1  1.626e-005
63 1-2 -1.626e-005  1.626e-005
63 1-3  2.028e-010 -2.229e-010  2.008e-011
63 2-1 -7.992e-006  7.992e-006  3.215e-010  7.033e-005
63 2-2  7.930e-006 -7.930e-006  2.349e-010 -6.990e-005  7.496e-005
63 2-3  6.237e-008 -6.181e-008 -5.564e-010 -4.377e-007 -5.064e-006  5.501e-006
64  9.504e-001  4.957e-002  1.796e-006  8.080e-002  9.108e-001  8.363e-003 
64 1-1  1.603e-005
64 1-2 -1.603e-005  1.603e-005
64 1-3  4.545e-010 -4.973e-010  4.276e-011
64 2-1 -7.661e-006  7.660e-006  4.915e-010  6.445e-005
64 2-2  7.602e-006 -7.603e-006  3.993e-010 -6.403e-005  6.930e-005
64 2-3  5.840e-008 -5.751e-008 -8.908e-010 -4.254e-007 -5.267e-006  5.693e-006
65  9.488e-001  5.121e-002  2.726e-006  8.066e-002  9.104e-001  8.934e-003 
65 1-1  1.600e-005
65 1-2 -1.600e-005  1.600e-005
65 1-3  8.999e-010 -9.906e-010  9.076e-011
65 2-1 -7.434e-006  7.434e-006  7.536e-010  5.943e-005
65 2-2  7.382e-006 -7.383e-006  6.710e-010 -5.901e-005  6.447e-005
65 2-3  5.217e-008 -5.074e-008 -1.425e-009 -4.184e-007 -5.459e-006  5.877e-006
66  9.471e-001  5.289e-002  4.137e-006  8.051e-002  9.099e-001  9.544e-003 
66 1-1  1.620e-005
66 1-2 -1.621e-005  1.621e-005
66 1-3  1.660e-009 -1.852e-009  1.920e-010
66 2-1 -7.324e-006  7.323e-006  1.159e-009  5.525e-005
66 2-2  7.281e-006 -7.282e-006  1.117e-009 -5.483e-005  6.047e-005
66 2-3  4.325e-008 -4.097e-008 -2.275e-009 -4.181e-007 -5.637e-006  6.055e-006
67  9.454e-001  5.463e-002  6.278e-006  8.036e-002  9.094e-001  1.020e-002 
67 1-1  1.671e-005
67 1-2 -1.671e-005  1.671e-005
67 1-3  2.917e-009 -3.322e-009  4.045e-010
67 2-1 -7.340e-006  7.338e-006  1.786e-009  5.190e-005
67 2-2  7.309e-006 -7.310e-006  1.844e-009 -5.148e-005  5.728e-005
67 2-3  3.118e-008 -2.755e-008 -3.630e-009 -4.264e-007 -5.802e-006  6.229e-006
68  9.436e-001  5.643e-002  9.528e-006  8.021e-002  9.089e-001  1.089e-002 
68 1-1  1.756e-005
68 1-2 -1.756e-005  1.757e-005
68 1-3  4.938e-009 -5.787e-009  8.488e-010
68 2-1 -7.494e-006  7.491e-006  2.761e-009  4.939e-005
68 2-2  7.479e-006 -7.482e-006  3.023e-009 -4.894e-005  5.490e-005
68 2-3  1.549e-008 -9.709e-009 -5.783e-009 -4.457e-007 -5.957e-006  6.403e-006
69  9.417e-001  5.828e-002  1.446e-005  8.005e-002  9.083e-001  1.163e-002 
69 1-1  1.882e-005
69 1-2 -1.883e-005  1.884e-005
69 1-3  8.091e-009 -9.864e-009  1.773e-009
69 2-1 -7.799e-006  7.795e-006  4.275e-009  4.770e-005
69 2-2  7.803e-006 -7.808e-006  4.927e-009 -4.722e-005  5.332e-005
69 2-3 -4.240e-009  1.344e-008 -9.202e-009 -4.785e-007 -6.105e-006  6.584e-006
70  9.398e-001  6.018e-002  2.194e-005  7.989e-002  9.077e-001  1.243e-002 
70 1-1  2.057e-005
70 1-2 -2.058e-005  2.060e-005
70 1-3  1.284e-008 -1.652e-008  3.684e-009
70 2-1 -8.268e-006  8.261e-006  6.633e-009  4.682e-005
70 2-2  8.296e-006 -8.304e-006  7.986e-009 -4.629e-005  5.254e-005
70 2-3 -2.833e-008  4.295e-008 -1.462e-008 -5.282e-007 -6.253e-006  6.781e-006
71  9.378e-001  6.215e-002  3.328e-005  7.973e-002  9.070e-001  1.327e-002 
71 1-1  2.288e-005
71 1-2 -2.290e-005  2.293e-005
71 1-3  1.969e-008 -2.730e-008  7.615e-009
71 2-1 -8.913e-006  8.903e-006  1.031e-008  4.674e-005
71 2-2  8.970e-006 -8.983e-006  1.288e-008 -4.615e-005  5.256e-005
71 2-3 -5.687e-008  8.006e-008 -2.319e-008 -5.985e-007 -6.412e-006  7.010e-006
72  9.358e-001  6.417e-002  5.049e-005  7.956e-002  9.063e-001  1.417e-002 
72 1-1  2.584e-005
72 1-2 -2.586e-005  2.591e-005
72 1-3  2.894e-008 -4.458e-008  1.564e-008
72 2-1 -9.751e-006  9.735e-006  1.605e-008  4.747e-005
72 2-2  9.840e-006 -9.861e-006  2.069e-008 -4.677e-005  5.337e-005
72 2-3 -8.951e-008  1.262e-007 -3.673e-008 -6.940e-007 -6.596e-006  7.290e-006
73  9.337e-001  6.626e-002  7.659e-005  7.939e-002  9.055e-001  1.513e-002 
73 1-1  2.953e-005
73 1-2 -2.957e-005  2.965e-005
73 1-3  4.017e-008 -7.208e-008  3.191e-008
73 2-1 -1.079e-005  1.077e-005  2.501e-008  4.897e-005
73 2-2  1.092e-005 -1.095e-005  3.307e-008 -4.815e-005  5.498e-005
73 2-3 -1.252e-007  1.832e-007 -5.808e-008 -8.203e-007 -6.825e-006  7.646e-006
74  9.315e-001  6.840e-002  1.162e-004  7.921e-002  9.046e-001  1.616e-002 
74 1-1  3.408e-005
74 1-2 -3.413e-005  3.425e-005
74 1-3  5.096e-008 -1.156e-007  6.460e-008
74 2-1 -1.206e-005  1.202e-005  3.900e-008  5.126e-005
74 2-2  1.222e-005 -1.228e-005  5.266e-008 -5.027e-005  5.740e-005
74 2-3 -1.615e-007  2.532e-007 -9.167e-008 -9.837e-007 -7.129e-006  8.113e-006
75  9.292e-001  7.061e-002  1.762e-004  7.903e-002  9.037e-001  1.726e-002 
75 1-1  3.959e-005
75 1-2 -3.965e-005  3.983e-005
75 1-3  5.427e-008 -1.839e-007  1.297e-007
75 2-1 -1.357e-005  1.351e-005  6.087e-008  5.431e-005
75 2-2  1.376e-005 -1.385e-005  8.352e-008 -5.312e-005  6.066e-005
75 2-3 -1.942e-007  3.386e-007 -1.444e-007 -1.192e-006 -7.545e-006  8.737e-006
76  9.268e-001  7.288e-002  2.672e-004  7.884e-002  9.027e-001  1.842e-002 
76 1-1  4.620e-005
76 1-2 -4.624e-005  4.653e-005
76 1-3  3.322e-008 -2.909e-007  2.577e-007
76 2-1 -1.534e-005  1.524e-005  9.506e-008  5.811e-005
76 2-2  1.555e-005 -1.569e-005  1.319e-007 -5.666e-005  6.478e-005
76 2-3 -2.158e-007  4.428e-007 -2.270e-007 -1.455e-006 -8.122e-006  9.576e-006
77  9.244e-001  7.522e-002  4.052e-004  7.865e-002  9.017e-001  1.967e-002 
77 1-1  5.407e-005
77 1-2 -5.402e-005  5.448e-005
77 1-3 -4.885e-008 -4.577e-007  5.065e-007
77 2-1 -1.739e-005  1.724e-005  1.485e-007  6.266e-005
77 2-2  1.760e-005 -1.781e-005  2.075e-007 -6.088e-005  6.980e-005
77 2-3 -2.138e-007  5.698e-007 -3.560e-007 -1.783e-006 -8.922e-006  1.071e-005
78  9.218e-001  7.762e-002  6.143e-004  7.844e-002  9.006e-001  2.100e-002 
78 1-1  6.339e-005
78 1-2 -6.313e-005  6.384e-005
78 1-3 -2.662e-007 -7.165e-007  9.828e-007
78 2-1 -1.975e-005  1.951e-005  2.318e-007  6.794e-005
78 2-2  1.991e-005 -2.024e-005  3.251e-007 -6.575e-005  7.578e-005
78 2-3 -1.679e-007  7.248e-007 -5.569e-007 -2.189e-006 -1.003e-005  1.222e-005
79  9.190e-001  8.008e-002  9.311e-004  7.824e-002  8.994e-001  2.241e-002 
79 1-1  7.443e-005
79 1-2 -7.367e-005  7.478e-005
79 1-3 -7.614e-007 -1.117e-006  1.878e-006
79 2-1 -2.244e-005  2.208e-005  3.620e-007  7.393e-005
79 2-2  2.249e-005 -2.300e-005  5.069e-007 -7.125e-005  8.279e-005
79 2-3 -4.600e-008  9.149e-007 -8.689e-007 -2.688e-006 -1.154e-005  1.423e-005
80  9.160e-001  8.260e-002  1.411e-003  7.802e-002  8.981e-001  2.392e-002 
80 1-1  8.754e-005
80 1-2 -8.575e-005  8.748e-005
80 1-3 -1.794e-006 -1.732e-006  3.526e-006
80 2-1 -2.551e-005  2.495e-005  5.647e-007  8.064e-005
80 2-2  2.531e-005 -2.610e-005  7.867e-007 -7.734e-005  9.093e-005
80 2-3  2.018e-007  1.150e-006 -1.351e-006 -3.300e-006 -1.359e-005  1.689e-005
81  9.127e-001  8.517e-002  2.138e-003  7.780e-002  8.967e-001  2.553e-002 
81 1-1  1.033e-004
81 1-2 -9.944e-005  1.021e-004
81 1-3 -3.811e-006 -2.671e-006  6.483e-006
81 2-1 -2.901e-005  2.813e-005  8.803e-007  8.803e-005
81 2-2  2.836e-005 -2.957e-005  1.214e-006 -8.398e-005  1.003e-004
81 2-3  6.525e-007  1.442e-006 -2.095e-006 -4.045e-006 -1.634e-005  2.038e-005
82  9.090e-001  8.777e-002  3.237e-003  7.757e-002  8.952e-001  2.724e-002 
82 1-1  1.223e-004
82 1-2 -1.148e-004  1.189e-004
82 1-3 -7.536e-006 -4.088e-006  1.162e-005
82 2-1 -3.300e-005  3.163e-005  1.370e-006  9.609e-005
82 2-2  3.158e-005 -3.344e-005  1.863e-006 -9.114e-005  1.111e-004
82 2-3  1.422e-006  1.811e-006 -3.233e-006 -4.948e-006 -1.998e-005  2.493e-005
83  9.047e-001  9.040e-002  4.898e-003  7.733e-002  8.936e-001  2.906e-002 
83 1-1  1.458e-004
83 1-2 -1.317e-004  1.379e-004
83 1-3 -1.405e-005 -6.183e-006  2.023e-005
83 2-1 -3.757e-005  3.545e-005  2.129e-006  1.048e-004
83 2-2  3.489e-005 -3.773e-005  2.839e-006 -9.878e-005  1.235e-004
83 2-3  2.685e-006  2.282e-006 -4.967e-006 -6.041e-006 -2.476e-005  3.080e-005
84  8.996e-001  9.302e-002  7.404e-003  7.709e-002  8.919e-001  3.100e-002 
84 1-1  1.749e-004
84 1-2 -1.501e-004  1.593e-004
84 1-3 -2.481e-005 -9.195e-006  3.401e-005
84 2-1 -4.285e-005  3.955e-005  3.298e-006  1.142e-004
84 2-2  3.816e-005 -4.245e-005  4.289e-006 -1.068e-004  1.378e-004
84 2-3  4.693e-006  2.894e-006 -7.587e-006 -7.357e-006 -3.097e-005  3.832e-005
85  8.932e-001  9.558e-002  1.118e-002  7.683e-002  8.901e-001  3.307e-002 
85 1-1  2.115e-004
85 1-2 -1.698e-004  1.831e-004
85 1-3 -4.170e-005 -1.335e-005  5.505e-005
85 2-1 -4.901e-005  4.392e-005  5.091e-006  1.242e-004
85 2-2  4.120e-005 -4.762e-005  6.416e-006 -1.152e-004  1.542e-004
85 2-3  7.809e-006  3.698e-006 -1.151e-005 -8.940e-006 -3.897e-005  4.791e-005
86  8.851e-001  9.801e-002  1.684e-002  7.656e-002  8.882e-001  3.527e-002 
86 1-1  2.577e-004
86 1-2 -1.903e-004  2.091e-004
86 1-3 -6.743e-005 -1.882e-005  8.626e-005
86 2-1 -5.628e-005  4.846e-005  7.818e-006  1.348e-004
86 2-2  4.375e-005 -5.323e-005  9.478e-006 -1.239e-004  1.731e-004
86 2-3  1.253e-005  4.768e-006 -1.730e-005 -1.084e-005 -4.921e-005  6.004e-005
87  8.745e-001  1.002e-001  2.530e-002  7.629e-002  8.861e-001  3.761e-002 
87 1-1  3.197e-004
87 1-2 -2.108e-004  2.367e-004
87 1-3 -1.089e-004 -2.595e-005  1.348e-004
87 2-1 -6.499e-005  5.307e-005  1.192e-005  1.460e-004
87 2-2  4.549e-005 -5.927e-005  1.378e-005 -1.329e-004  1.951e-004
87 2-3  1.950e-005  6.199e-006 -2.570e-005 -1.310e-005 -6.220e-005  7.530e-005
88  8.602e-001  1.020e-001  3.783e-002  7.600e-002  8.839e-001  4.010e-002 
88 1-1  4.195e-004
88 1-2 -2.284e-004  2.651e-004
88 1-3 -1.911e-004 -3.670e-005  2.278e-004
88 2-1 -7.552e-005  5.753e-005  1.799e-005  1.577e-004
88 2-2  4.603e-005 -6.564e-005  1.961e-005 -1.419e-004  2.205e-004
88 2-3  2.949e-005  8.110e-006 -3.760e-005 -1.581e-005 -7.857e-005  9.438e-005
89  8.406e-001  1.031e-001  5.621e-002  7.570e-002  8.816e-001  4.274e-002 
89 1-1  6.370e-004
89 1-2 -2.328e-004  2.932e-004
89 1-3 -4.042e-004 -6.047e-005  4.647e-004
89 2-1 -8.832e-005  6.156e-005  2.676e-005  1.700e-004
89 2-2  4.505e-005 -7.219e-005  2.714e-005 -1.510e-004  2.500e-004
89 2-3  4.327e-005  1.062e-005 -5.389e-005 -1.903e-005 -9.908e-005  1.181e-004
90  8.139e-001  1.033e-001  8.275e-002  7.539e-002  8.791e-001  4.556e-002 
90 1-1  1.220e-003
90 1-2 -1.909e-004  3.220e-004
90 1-3 -1.029e-003 -1.311e-004  1.160e-003
90 2-1 -1.037e-004  6.474e-005  3.899e-005  1.828e-004
90 2-2  4.243e-005 -7.857e-005  3.614e-005 -1.600e-004  2.846e-004
90 2-3  6.130e-005  1.383e-005 -7.514e-005 -2.285e-005 -1.246e-004  1.475e-004