
#****** ******
# FRFsr.txt
#IMaCh version 0.99r45, April 2023,INED-EUROREVES-Institut de longevite-Japan Society for the Promotion of Science (Grant-in-Aid for Scientific Research 25293121), Intel Software 2015-2020, Nihon University 2021-202, INED 2000-2022
#$Revision: 1.353 $ $Date: 2023/05/08 18:48:22 $
# Tue Feb 04 22:13:35 2025
# Health expectancies with standard errors
# Age e11 (SE) e12 (SE) e1.  e21 (SE) e22 (SE) e2. 
 50   23.4652 (0.9184)   13.4627 (0.8695)   36.9279 (1.0401)   18.8899 (1.2008)   16.8873 (1.0316)   35.7772 (1.3522)
 51   22.7684 (0.8954)   13.2336 (0.8588)   36.0019 (1.0241)   18.2201 (1.1562)   16.6006 (1.0076)   34.8208 (1.3270)
 52   22.0800 (0.8737)   13.0005 (0.8489)   35.0805 (1.0082)   17.5598 (1.1136)   16.3092 (0.9851)   33.8691 (1.3012)
 53   21.4001 (0.8533)   12.7635 (0.8398)   34.1637 (0.9925)   16.9091 (1.0727)   16.0132 (0.9642)   32.9224 (1.2749)
 54   20.7289 (0.8342)   12.5228 (0.8315)   33.2517 (0.9772)   16.2683 (1.0338)   15.7128 (0.9447)   31.9810 (1.2483)
 55   20.0665 (0.8162)   12.2783 (0.8240)   32.3448 (0.9622)   15.6373 (0.9966)   15.4080 (0.9266)   31.0453 (1.2213)
 56   19.4130 (0.7994)   12.0301 (0.8170)   31.4431 (0.9477)   15.0165 (0.9613)   15.0990 (0.9097)   30.1155 (1.1943)
 57   18.7685 (0.7837)   11.7783 (0.8107)   30.5468 (0.9336)   14.4060 (0.9278)   14.7859 (0.8940)   29.1919 (1.1673)
 58   18.1331 (0.7690)   11.5230 (0.8049)   29.6561 (0.9202)   13.8059 (0.8961)   14.4690 (0.8793)   28.2748 (1.1406)
 59   17.5070 (0.7551)   11.2643 (0.7995)   28.7712 (0.9073)   13.2163 (0.8660)   14.1483 (0.8655)   27.3646 (1.1142)
 60   16.8900 (0.7421)   11.0021 (0.7945)   27.8922 (0.8950)   12.6374 (0.8375)   13.8241 (0.8527)   26.4615 (1.0883)
 61   16.2824 (0.7297)   10.7368 (0.7898)   27.0192 (0.8833)   12.0693 (0.8105)   13.4966 (0.8406)   25.5659 (1.0631)
 62   15.6842 (0.7178)   10.4682 (0.7853)   26.1524 (0.8724)   11.5121 (0.7850)   13.1660 (0.8293)   24.6780 (1.0388)
 63   15.0954 (0.7064)   10.1965 (0.7810)   25.2919 (0.8620)   10.9659 (0.7607)   12.8324 (0.8186)   23.7982 (1.0156)
 64   14.5159 (0.6953)    9.9218 (0.7768)   24.4377 (0.8523)   10.4307 (0.7376)   12.4961 (0.8086)   22.9268 (0.9934)
 65   13.9458 (0.6843)    9.6442 (0.7727)   23.5900 (0.8432)    9.9067 (0.7155)   12.1573 (0.7992)   22.0639 (0.9726)
 66   13.3850 (0.6733)    9.3637 (0.7685)   22.7487 (0.8346)    9.3938 (0.6942)   11.8162 (0.7902)   21.2100 (0.9531)
 67   12.8335 (0.6622)    9.0803 (0.7642)   21.9138 (0.8265)    8.8922 (0.6737)   11.4732 (0.7817)   20.3653 (0.9351)
 68   12.2911 (0.6509)    8.7942 (0.7597)   21.0853 (0.8189)    8.4018 (0.6538)   11.1283 (0.7737)   19.5301 (0.9185)
 69   11.7577 (0.6393)    8.5053 (0.7550)   20.2630 (0.8117)    7.9226 (0.6344)   10.7819 (0.7660)   18.7046 (0.9034)
 70   11.2331 (0.6273)    8.2136 (0.7499)   19.4467 (0.8048)    7.4547 (0.6152)   10.4343 (0.7587)   17.8890 (0.8897)
 71   10.7170 (0.6147)    7.9192 (0.7444)   18.6362 (0.7981)    6.9981 (0.5963)   10.0857 (0.7517)   17.0838 (0.8773)
 72   10.2093 (0.6017)    7.6218 (0.7384)   17.8311 (0.7918)    6.5527 (0.5774)    9.7364 (0.7448)   16.2891 (0.8662)
 73    9.7095 (0.5880)    7.3216 (0.7319)   17.0311 (0.7857)    6.1186 (0.5585)    9.3867 (0.7382)   15.5053 (0.8562)
 74    9.2172 (0.5737)    7.0182 (0.7247)   16.2355 (0.7799)    5.6958 (0.5395)    9.0370 (0.7316)   14.7328 (0.8471)
 75    8.7321 (0.5589)    6.7116 (0.7168)   15.4437 (0.7744)    5.2843 (0.5203)    8.6876 (0.7251)   13.9719 (0.8389)
 76    8.2535 (0.5436)    6.4014 (0.7081)   14.6549 (0.7694)    4.8843 (0.5011)    8.3390 (0.7186)   13.2233 (0.8314)
 77    7.7809 (0.5279)    6.0874 (0.6984)   13.8682 (0.7650)    4.4958 (0.4818)    7.9917 (0.7121)   12.4875 (0.8246)
 78    7.3136 (0.5120)    5.7692 (0.6879)   13.0827 (0.7614)    4.1192 (0.4625)    7.6462 (0.7056)   11.7653 (0.8183)
 79    6.8509 (0.4963)    5.4464 (0.6763)   12.2973 (0.7589)    3.7547 (0.4434)    7.3033 (0.6991)   11.0579 (0.8127)
 80    6.3921 (0.4810)    5.1186 (0.6636)   11.5107 (0.7579)    3.4028 (0.4248)    6.9637 (0.6927)   10.3665 (0.8079)
 81    5.9367 (0.4666)    4.7855 (0.6498)   10.7221 (0.7588)    3.0642 (0.4068)    6.6286 (0.6865)    9.6928 (0.8041)
 82    5.4840 (0.4538)    4.4467 (0.6349)    9.9307 (0.7622)    2.7399 (0.3898)    6.2991 (0.6806)    9.0389 (0.8014)
 83    5.0338 (0.4434)    4.1023 (0.6191)    9.1361 (0.7689)    2.4307 (0.3742)    5.9765 (0.6752)    8.4073 (0.8001)
 84    4.5862 (0.4365)    3.7526 (0.6028)    8.3388 (0.7801)    2.1381 (0.3599)    5.6627 (0.6704)    7.8008 (0.7999)
 85    4.1420 (0.4345)    3.3983 (0.5866)    7.5404 (0.7972)    1.8636 (0.3470)    5.3594 (0.6662)    7.2229 (0.8007)
 86    3.7029 (0.4385)    3.0413 (0.5715)    6.7442 (0.8219)    1.6087 (0.3349)    5.0686 (0.6627)    6.6773 (0.8015)
 87    3.2716 (0.4492)    2.6841 (0.5588)    5.9557 (0.8550)    1.3752 (0.3228)    4.7924 (0.6597)    6.1677 (0.8011)
 88    2.8520 (0.4659)    2.3307 (0.5494)    5.1827 (0.8953)    1.1648 (0.3094)    4.5329 (0.6569)    5.6977 (0.7980)
 89    2.4496 (0.4861)    1.9864 (0.5431)    4.4359 (0.9386)    0.9785 (0.2935)    4.2919 (0.6539)    5.2704 (0.7908)
 90    2.0707 (0.5048)    1.6574 (0.5380)    3.7281 (0.9769)    0.8172 (0.2740)    4.0705 (0.6508)    4.8878 (0.7788)
