
#****** ******
# FRFsr.txt
#IMaCh version 0.99r45, April 2023,INED-EUROREVES-Institut de longevite-Japan Society for the Promotion of Science (Grant-in-Aid for Scientific Research 25293121), Intel Software 2015-2020, Nihon University 2021-202, INED 2000-2022
#$Revision: 1.353 $ $Date: 2023/05/08 18:48:22 $
# Tue Feb 04 22:13:35 2025
# Variance and covariance of health expectancies e.j 
#  (weighted average of eij where weights are the age specific period (stable) prevalences in each health state 
# Age Cov(e.1, e.1) Cov(e.1, e.2) Cov(e.2, e.1) Cov(e.2, e.2)
50  1.1240 -0.3880 -0.3880 0.8853
51  1.0579 -0.3572 -0.3572 0.8532
52  0.9960 -0.3301 -0.3301 0.8239
53  0.9386 -0.3063 -0.3063 0.7973
54  0.8855 -0.2855 -0.2855 0.7731
55  0.8240 -0.2696 -0.2696 0.7585
56  0.7916 -0.2520 -0.2520 0.7313
57  0.7503 -0.2388 -0.2388 0.7135
58  0.7124 -0.2277 -0.2277 0.6975
59  0.6777 -0.2183 -0.2183 0.6830
60  0.6460 -0.2104 -0.2104 0.6700
61  0.6171 -0.2037 -0.2037 0.6583
62  0.5904 -0.1981 -0.1981 0.6477
63  0.5659 -0.1932 -0.1932 0.6381
64  0.5433 -0.1888 -0.1888 0.6293
65  0.5222 -0.1848 -0.1848 0.6212
66  0.5023 -0.1809 -0.1809 0.6137
67  0.4834 -0.1769 -0.1769 0.6065
68  0.4653 -0.1728 -0.1728 0.5996
69  0.4476 -0.1684 -0.1684 0.5928
70  0.4606 -0.1569 -0.1569 0.5554
71  0.4129 -0.1582 -0.1582 0.5790
72  0.3955 -0.1523 -0.1523 0.5717
73  0.3779 -0.1459 -0.1459 0.5642
74  0.3601 -0.1387 -0.1387 0.5561
75  0.3419 -0.1309 -0.1309 0.5474
76  0.3234 -0.1224 -0.1224 0.5381
77  0.3047 -0.1132 -0.1132 0.5280
78  0.2858 -0.1033 -0.1033 0.5172
79  0.2671 -0.0927 -0.0927 0.5056
80  0.2486 -0.0812 -0.0812 0.4933
81  0.2308 -0.0689 -0.0689 0.4805
82  0.2141 -0.0557 -0.0557 0.4673
83  0.1988 -0.0414 -0.0414 0.4542
84  0.1856 -0.0260 -0.0260 0.4415
85  0.1748 -0.0094 -0.0094 0.4299
86  0.1668 0.0083 0.0083 0.4196
87  0.1617 0.0264 0.0264 0.4108
88  0.1589 0.0436 0.0436 0.4027
89  0.1571 0.0573 0.0573 0.3934
90  0.1544 0.0639 0.0639 0.3802
