# HRFadl.txt
#IMaCh version 0.99r45, April 2023,INED-EUROREVES-Institut de longevite-Japan Society for the Promotion of Science (Grant-in-Aid for Scientific Research 25293121), Intel Software 2015-2020, Nihon University 2021-202, INED 2000-2022
#$Revision: 1.353 $ $Date: 2023/05/08 18:48:22 $
# Tue Feb 04 22:03:38 2025

#****** ******
# (a) Life expectancies by health status at initial age and (b) health expectancies by health status at initial age
# Age e11  e12  e1.  e21  e22  e2. 
 50  25.0932   3.4753  28.5685  23.5595   4.5556  28.1151
 51  24.1677   3.4580  27.6257  22.5788   4.5517  27.1305
 52  23.2493   3.4390  26.6883  21.6033   4.5451  26.1485
 53  22.3386   3.4181  25.7567  20.6340   4.5354  25.1694
 54  21.4364   3.3952  24.8316  19.6717   4.5223  24.1939
 55  20.5434   3.3702  23.9135  18.7174   4.5053  23.2227
 56  19.6604   3.3427  23.0032  17.7725   4.4841  22.2565
 57  18.7884   3.3128  22.1012  16.8381   4.4583  21.2964
 58  17.9283   3.2802  21.2085  15.9157   4.4276  20.3432
 59  17.0811   3.2448  20.3259  15.0069   4.3915  19.3983
 60  16.2478   3.2064  19.4542  14.1133   4.3496  18.4629
 61  15.4296   3.1649  18.5945  13.2367   4.3018  17.5385
 62  14.6275   3.1202  17.7477  12.3791   4.2476  16.6267
 63  13.8429   3.0721  16.9150  11.5423   4.1868  15.7291
 64  13.0768   3.0206  16.0975  10.7285   4.1192  14.8476
 65  12.3305   2.9657  15.2963   9.9395   4.0447  13.9842
 66  11.6052   2.9073  14.5126   9.1773   3.9633  13.1406
 67  10.9021   2.8455  13.7476   8.4440   3.8751  12.3190
 68  10.2222   2.7804  13.0026   7.7412   3.7802  11.5214
 69   9.5666   2.7120  12.2786   7.0706   3.6789  10.7495
 70   8.9362   2.6406  11.5768   6.4336   3.5716  10.0052
 71   8.3320   2.5663  10.8983   5.8314   3.4589   9.2903
 72   7.7545   2.4895  10.2440   5.2650   3.3412   8.6061
 73   7.2044   2.4104   9.6148   4.7348   3.2192   7.9540
 74   6.6820   2.3294   9.0114   4.2412   3.0938   7.3350
 75   6.1876   2.2469   8.4345   3.7840   2.9657   6.7497
 76   5.7212   2.1633   7.8845   3.3629   2.8358   6.1987
 77   5.2826   2.0790   7.3616   2.9771   2.7049   5.6820
 78   4.8715   1.9945   6.8660   2.6255   2.5739   5.1994
 79   4.4874   1.9102   6.3976   2.3069   2.4437   4.7506
 80   4.1296   1.8266   5.9562   2.0197   2.3150   4.3347
 81   3.7973   1.7441   5.5414   1.7621   2.1886   3.9507
 82   3.4896   1.6630   5.1526   1.5324   2.0652   3.5976
 83   3.2054   1.5838   4.7892   1.3284   1.9454   3.2738
 84   2.9435   1.5067   4.4502   1.1483   1.8296   2.9779
 85   2.7028   1.4322   4.1349   0.9898   1.7184   2.7083
 86   2.4820   1.3603   3.8423   0.8512   1.6121   2.4632
 87   2.2799   1.2913   3.5712   0.7302   1.5108   2.2411
 88   2.0951   1.2254   3.3206   0.6252   1.4149   2.0401
 89   1.9266   1.1627   3.0893   0.5344   1.3243   1.8587
 90   1.7729   1.1032   2.8761   0.4560   1.2391   1.6951
