# Powell
# iter -2*LL p12 p13 p21 p23
1 1 1405.809539243262 0 -8.462202000000 0.086649600000 -13.091894200000 0.131149100000 2.279516800000 -0.037555600000 -8.757394400000 0.098691700000
2 2 1332.479178495403 1 -8.749871962163 0.086640690245 -14.633420106105 0.130576027730 1.915312894582 -0.036660694855 -9.391132666767 0.098547733328
3 2 1323.939459939775 1 -8.822428448969 0.086642168312 -14.198124944962 0.130184465856 1.565306621183 -0.036362921051 -9.544101945969 0.098463908687
4 3 1319.942964875163 1 -9.058510247950 0.086605650215 -14.069181163627 0.129743792367 1.334176959420 -0.036098850529 -9.615938439264 0.098370104360
5 3 1319.927746793625 2 -9.058675656372 0.086576923907 -14.056980349997 0.129482681032 1.333925676383 -0.035964222074 -9.608169458585 0.098368831376
6 4 1319.388152995131 2 -9.216869055606 0.089022996881 -13.056721193101 0.116696448539 0.833460757461 -0.029352584473 -9.373148678047 0.095633701429
7 4 1319.297610440062 2 -9.228751217414 0.089197697425 -12.919059735324 0.114484075998 0.776768984112 -0.028201623245 -9.320436989011 0.095136710014
8 5 1319.288386390705 2 -9.234855518601 0.089210612230 -12.862903030457 0.113585427863 0.749123403532 -0.027755605483 -9.301758105395 0.094949124694
9 5 1319.287915472092 2 -9.234256158788 0.089212836507 -12.855988100914 0.113477818367 0.746988642886 -0.027722322197 -9.300378350827 0.094937954919
10 6 1319.274783385122 3 -9.184899466805 0.088628490513 -12.674490720096 0.111000672653 0.753045412153 -0.027806202607 -9.314658573535 0.095145091346
11 6 1319.266098922263 3 -9.155923980218 0.088186515544 -12.675007951489 0.111063444414 0.795413730465 -0.028406245085 -9.343641595594 0.095466399954
12 7 1319.262414182400 3 -9.121608747377 0.087662844366 -12.674934726492 0.111132918023 0.846256064860 -0.029127108883 -9.378608428826 0.095853559564
13 7 1319.262350115311 3 -9.121468629569 0.087662700088 -12.675071320619 0.111133549246 0.847038461537 -0.029137478882 -9.379119835032 0.095860068122
14 8 1319.260696756574 3 -9.138770445239 0.087914850716 -12.704913265756 0.111516408914 0.866659843483 -0.029398877582 -9.392611062200 0.096024918625
15 8 1319.259328896031 3 -9.144148653743 0.087986970273 -12.682048520811 0.111208385126 0.868249583434 -0.029417429721 -9.396789973814 0.096078794258
16 9 1319.255634047792 3 -9.175883533662 0.088408690600 -12.549535521702 0.109428591724 0.876726276141 -0.029539126440 -9.422683583746 0.096407270941
17 9 1319.255613386775 4 -9.175706761083 0.088407869146 -12.549044513197 0.109418649947 0.877151495585 -0.029545010088 -9.423502827248 0.096417775917
18 10 1319.255359609351 4 -9.168548133560 0.088324600290 -12.531614033220 0.109169254673 0.875177408130 -0.029512236779 -9.435086756150 0.096566576059
19 10 1319.255124738231 4 -9.170727386796 0.088352881142 -12.525457199551 0.109093844952 0.873464103735 -0.029489749183 -9.441397973012 0.096643465297
20 11 1319.253549882593 4 -9.186352322667 0.088558394333 -12.524262527451 0.109118056725 0.852181007585 -0.029192450912 -9.515969284834 0.097556625434
21 11 1319.253542703797 4 -9.186896574349 0.088564045332 -12.521548196089 0.109079672748 0.851611329656 -0.029183668004 -9.516357674273 0.097562040265
22 12 1319.253542102319 4 -9.186862103841 0.088562815786 -12.521099491946 0.109073061033 0.851177175602 -0.029177932378 -9.516285085433 0.097561308541
23 12 1319.253542100507 5 -9.186872065313 0.088562928590 -12.521139243011 0.109073525653 0.851184985654 -0.029178071006 -9.516267229358 0.097561088945
24 13 1319.253542100308 5 -9.186876461264 0.088562988517 -12.521142538027 0.109073526469 0.851186674213 -0.029178094084 -9.516270985985 0.097561142291
25 13 1319.253542100303 5 -9.186877487280 0.088563002076 -12.521140610388 0.109073502052 0.851186011490 -0.029178084873 -9.516274088999 0.097561180452
26 14 1319.253542100302 5 -9.186877487291 0.088563002076 -12.521140610387 0.109073502052 0.851186011473 -0.029178084872 -9.516274088989 0.097561180452
