# HRFadl.txt
#IMaCh version 0.99r45, April 2023,INED-EUROREVES-Institut de longevite-Japan Society for the Promotion of Science (Grant-in-Aid for Scientific Research 25293121), Intel Software 2015-2020, Nihon University 2021-202, INED 2000-2022
#$Revision: 1.353 $ $Date: 2023/05/08 18:48:22 $
# Tue Feb 04 22:03:38 2025
# probabilities of dying before estepm=6 months for people of exact age and weighted probabilities w1*p1j+w2*p2j+... stand dev in()
# Selected quantitative variables and dummies
# Age cov=1 p.3 SE w1 p13 w2 p23
 50 1   9.543e-004  6.577e-004  9.796e-001  8.444e-004   2.043e-002  6.225e-003 
 51 1   1.076e-003  7.005e-004  9.774e-001  9.409e-004   2.261e-002  6.928e-003 
 52 1   1.215e-003  7.448e-004  9.750e-001  1.048e-003   2.501e-002  7.709e-003 
 53 1   1.373e-003  7.905e-004  9.724e-001  1.168e-003   2.766e-002  8.575e-003 
 54 1   1.553e-003  8.376e-004  9.694e-001  1.301e-003   3.058e-002  9.536e-003 
 55 1   1.758e-003  8.861e-004  9.662e-001  1.449e-003   3.379e-002  1.060e-002 
 56 1   1.993e-003  9.361e-004  9.627e-001  1.614e-003   3.732e-002  1.178e-002 
 57 1   2.263e-003  9.877e-004  9.588e-001  1.797e-003   4.121e-002  1.309e-002 
 58 1   2.571e-003  1.041e-003  9.546e-001  2.001e-003   4.547e-002  1.454e-002 
 59 1   2.925e-003  1.098e-003  9.499e-001  2.227e-003   5.013e-002  1.614e-002 
 60 1   3.332e-003  1.157e-003  9.448e-001  2.479e-003   5.523e-002  1.792e-002 
 61 1   3.800e-003  1.221e-003  9.392e-001  2.759e-003   6.081e-002  1.988e-002 
 62 1   4.339e-003  1.291e-003  9.332e-001  3.070e-003   6.688e-002  2.205e-002 
 63 1   4.960e-003  1.370e-003  9.265e-001  3.415e-003   7.349e-002  2.444e-002 
 64 1   5.676e-003  1.458e-003  9.194e-001  3.797e-003   8.067e-002  2.709e-002 
 65 1   6.502e-003  1.554e-003  9.116e-001  4.222e-003   8.845e-002  3.000e-002 
 66 1   7.454e-003  1.674e-003  9.032e-001  4.693e-003   9.682e-002  3.321e-002 
 67 1   8.554e-003  1.808e-003  8.942e-001  5.214e-003   1.059e-001  3.675e-002 
 68 1   9.821e-003  1.961e-003  8.845e-001  5.792e-003   1.156e-001  4.065e-002 
 69 1   1.128e-002  2.136e-003  8.741e-001  6.431e-003   1.260e-001  4.493e-002 
 70 1   1.296e-002  2.334e-003  8.629e-001  7.138e-003   1.371e-001  4.963e-002 
 71 1   1.490e-002  2.555e-003  8.511e-001  7.919e-003   1.489e-001  5.478e-002 
 72 1   1.712e-002  2.800e-003  8.386e-001  8.781e-003   1.615e-001  6.043e-002 
 73 1   1.967e-002  3.069e-003  8.254e-001  9.733e-003   1.747e-001  6.661e-002 
 74 1   2.259e-002  3.387e-003  8.115e-001  1.078e-002   1.887e-001  7.337e-002 
 75 1   2.592e-002  3.684e-003  7.969e-001  1.194e-002   2.032e-001  8.074e-002 
 76 1   2.971e-002  4.038e-003  7.817e-001  1.321e-002   2.185e-001  8.877e-002 
 77 1   3.402e-002  4.434e-003  7.658e-001  1.460e-002   2.343e-001  9.750e-002 
 78 1   3.890e-002  4.884e-003  7.495e-001  1.613e-002   2.506e-001  1.070e-001 
 79 1   4.441e-002  5.410e-003  7.326e-001  1.780e-002   2.675e-001  1.172e-001 
 80 1   5.059e-002  6.037e-003  7.153e-001  1.964e-002   2.848e-001  1.283e-001 
 81 1   5.752e-002  6.796e-003  6.977e-001  2.164e-002   3.025e-001  1.403e-001 
 82 1   6.527e-002  7.725e-003  6.797e-001  2.382e-002   3.205e-001  1.531e-001 
 83 1   7.386e-002  8.856e-003  6.615e-001  2.619e-002   3.387e-001  1.669e-001 
 84 1   8.338e-002  1.022e-002  6.431e-001  2.876e-002   3.571e-001  1.817e-001 
 85 1   9.385e-002  1.185e-002  6.246e-001  3.155e-002   3.756e-001  1.974e-001 
 86 1   1.053e-001  1.377e-002  6.060e-001  3.456e-002   3.942e-001  2.141e-001 
 87 1   1.179e-001  1.598e-002  5.875e-001  3.782e-002   4.127e-001  2.318e-001 
 88 1   1.315e-001  1.849e-002  5.690e-001  4.131e-002   4.312e-001  2.505e-001 
 89 1   1.462e-001  2.130e-002  5.507e-001  4.506e-002   4.495e-001  2.701e-001 
 90 1   1.621e-001  2.439e-002  5.325e-001  4.908e-002   4.677e-001  2.906e-001 
