
#****** ******
# HRFadl.txt
#IMaCh version 0.99r45, April 2023,INED-EUROREVES-Institut de longevite-Japan Society for the Promotion of Science (Grant-in-Aid for Scientific Research 25293121), Intel Software 2015-2020, Nihon University 2021-202, INED 2000-2022
#$Revision: 1.353 $ $Date: 2023/05/08 18:48:22 $
# Tue Feb 04 22:03:38 2025
# Health expectancies with standard errors
# Age e11 (SE) e12 (SE) e1.  e21 (SE) e22 (SE) e2. 
 50   25.0932 (0.9488)    3.4753 (0.3823)   28.5685 (1.0845)   23.5595 (1.1784)    4.5556 (0.5361)   28.1151 (1.2509)
 51   24.1677 (0.9282)    3.4580 (0.3784)   27.6257 (1.0624)   22.5788 (1.1704)    4.5517 (0.5292)   27.1305 (1.2499)
 52   23.2493 (0.9072)    3.4390 (0.3743)   26.6883 (1.0401)   21.6033 (1.1621)    4.5451 (0.5221)   26.1485 (1.2497)
 53   22.3386 (0.8860)    3.4181 (0.3700)   25.7567 (1.0174)   20.6340 (1.1531)    4.5354 (0.5149)   25.1694 (1.2499)
 54   21.4364 (0.8644)    3.3952 (0.3657)   24.8316 (0.9946)   19.6717 (1.1434)    4.5223 (0.5076)   24.1939 (1.2503)
 55   20.5434 (0.8426)    3.3702 (0.3612)   23.9135 (0.9716)   18.7174 (1.1326)    4.5053 (0.5003)   23.2227 (1.2504)
 56   19.6604 (0.8207)    3.3427 (0.3566)   23.0032 (0.9484)   17.7725 (1.1204)    4.4841 (0.4931)   22.2565 (1.2498)
 57   18.7884 (0.7986)    3.3128 (0.3520)   22.1012 (0.9251)   16.8381 (1.1066)    4.4583 (0.4860)   21.2964 (1.2480)
 58   17.9283 (0.7765)    3.2802 (0.3472)   21.2085 (0.9017)   15.9157 (1.0908)    4.4276 (0.4790)   20.3432 (1.2444)
 59   17.0811 (0.7543)    3.2448 (0.3424)   20.3259 (0.8783)   15.0069 (1.0727)    4.3915 (0.4722)   19.3983 (1.2385)
 60   16.2478 (0.7321)    3.2064 (0.3376)   19.4542 (0.8548)   14.1133 (1.0521)    4.3496 (0.4656)   18.4629 (1.2297)
 61   15.4296 (0.7101)    3.1649 (0.3326)   18.5945 (0.8313)   13.2367 (1.0288)    4.3018 (0.4590)   17.5385 (1.2174)
 62   14.6275 (0.6881)    3.1202 (0.3276)   17.7477 (0.8078)   12.3791 (1.0026)    4.2476 (0.4525)   16.6267 (1.2011)
 63   13.8429 (0.6664)    3.0721 (0.3226)   16.9150 (0.7842)   11.5423 (0.9735)    4.1868 (0.4458)   15.7291 (1.1805)
 64   13.0768 (0.6449)    3.0206 (0.3174)   16.0975 (0.7607)   10.7285 (0.9415)    4.1192 (0.4387)   14.8476 (1.1554)
 65   12.3305 (0.6238)    2.9657 (0.3122)   15.2963 (0.7372)    9.9395 (0.9068)    4.0447 (0.4311)   13.9842 (1.1255)
 66   11.6052 (0.6031)    2.9073 (0.3069)   14.5126 (0.7139)    9.1773 (0.8697)    3.9633 (0.4228)   13.1406 (1.0908)
 67   10.9021 (0.5829)    2.8455 (0.3015)   13.7476 (0.6908)    8.4440 (0.8304)    3.8751 (0.4137)   12.3190 (1.0517)
 68   10.2222 (0.5632)    2.7804 (0.2961)   13.0026 (0.6680)    7.7412 (0.7894)    3.7802 (0.4035)   11.5214 (1.0083)
 69    9.5666 (0.5443)    2.7120 (0.2906)   12.2786 (0.6457)    7.0706 (0.7472)    3.6789 (0.3921)   10.7495 (0.9613)
 70    8.9362 (0.5261)    2.6406 (0.2851)   11.5768 (0.6241)    6.4336 (0.7044)    3.5716 (0.3796)   10.0052 (0.9113)
 71    8.3320 (0.5087)    2.5663 (0.2797)   10.8983 (0.6032)    5.8314 (0.6615)    3.4589 (0.3660)    9.2903 (0.8593)
 72    7.7545 (0.4922)    2.4895 (0.2744)   10.2440 (0.5834)    5.2650 (0.6191)    3.3412 (0.3515)    8.6061 (0.8061)
 73    7.2044 (0.4765)    2.4104 (0.2693)    9.6148 (0.5647)    4.7348 (0.5777)    3.2192 (0.3364)    7.9540 (0.7528)
 74    6.6820 (0.4616)    2.3294 (0.2644)    9.0114 (0.5472)    4.2412 (0.5378)    3.0938 (0.3209)    7.3350 (0.7006)
 75    6.1876 (0.4474)    2.2469 (0.2599)    8.4345 (0.5310)    3.7840 (0.4998)    2.9657 (0.3056)    6.7497 (0.6505)
 76    5.7212 (0.4339)    2.1633 (0.2558)    7.8845 (0.5162)    3.3629 (0.4639)    2.8358 (0.2909)    6.1987 (0.6036)
 77    5.2826 (0.4211)    2.0790 (0.2521)    7.3616 (0.5027)    2.9771 (0.4303)    2.7049 (0.2774)    5.6820 (0.5608)
 78    4.8715 (0.4086)    1.9945 (0.2489)    6.8660 (0.4904)    2.6255 (0.3989)    2.5739 (0.2656)    5.1994 (0.5228)
 79    4.4874 (0.3966)    1.9102 (0.2462)    6.3976 (0.4791)    2.3069 (0.3698)    2.4437 (0.2558)    4.7506 (0.4900)
 80    4.1296 (0.3847)    1.8266 (0.2439)    5.9562 (0.4687)    2.0197 (0.3428)    2.3150 (0.2483)    4.3347 (0.4626)
 81    3.7973 (0.3730)    1.7441 (0.2420)    5.5414 (0.4589)    1.7621 (0.3176)    2.1886 (0.2433)    3.9507 (0.4402)
 82    3.4896 (0.3614)    1.6630 (0.2403)    5.1526 (0.4495)    1.5324 (0.2942)    2.0652 (0.2405)    3.5976 (0.4225)
 83    3.2054 (0.3497)    1.5838 (0.2389)    4.7892 (0.4403)    1.3284 (0.2723)    1.9454 (0.2395)    3.2738 (0.4085)
 84    2.9435 (0.3380)    1.5067 (0.2375)    4.4502 (0.4310)    1.1483 (0.2517)    1.8296 (0.2401)    2.9779 (0.3974)
 85    2.7028 (0.3262)    1.4322 (0.2360)    4.1349 (0.4216)    0.9898 (0.2323)    1.7184 (0.2415)    2.7083 (0.3882)
 86    2.4820 (0.3144)    1.3603 (0.2345)    3.8423 (0.4120)    0.8512 (0.2140)    1.6121 (0.2434)    2.4632 (0.3803)
 87    2.2799 (0.3025)    1.2913 (0.2326)    3.5712 (0.4020)    0.7302 (0.1967)    1.5108 (0.2453)    2.2411 (0.3729)
 88    2.0951 (0.2906)    1.2254 (0.2305)    3.3206 (0.3916)    0.6252 (0.1803)    1.4149 (0.2467)    2.0401 (0.3655)
 89    1.9266 (0.2788)    1.1627 (0.2281)    3.0893 (0.3808)    0.5344 (0.1649)    1.3243 (0.2475)    1.8587 (0.3578)
 90    1.7729 (0.2670)    1.1032 (0.2253)    2.8761 (0.3698)    0.4560 (0.1503)    1.2391 (0.2475)    1.6951 (0.3495)
