
# model  
#****** Result for:******
# HRFadl.txt
#IMaCh version 0.99r45, April 2023,INED-EUROREVES-Institut de longevite-Japan Society for the Promotion of Science (Grant-in-Aid for Scientific Research 25293121), Intel Software 2015-2020, Nihon University 2021-202, INED 2000-2022
#$Revision: 1.353 $ $Date: 2023/05/08 18:48:22 $
# Tue Feb 04 22:03:38 2025
# Total life expectancy with std error and decomposition into time to be expected in each health state
#  (weighted average of eij where weights are the age specific forward period (stable) prevalences in each health state 
# Age popbased mobilav e.. (std) e.1 (std) e.2 (std) 
   50 0 0  28.559 (  1.086)  25.062 (  0.953)   3.497 (  0.387)
   51 0 0  27.615 (  1.065)  24.132 (  0.933)   3.483 (  0.384)
   52 0 0  26.675 (  1.043)  23.208 (  0.913)   3.467 (  0.380)
   53 0 0  25.741 (  1.021)  22.292 (  0.893)   3.449 (  0.376)
   54 0 0  24.812 (  0.999)  21.383 (  0.872)   3.430 (  0.372)
   55 0 0  23.891 (  0.977)  20.482 (  0.852)   3.409 (  0.368)
   56 0 0  22.976 (  0.955)  19.590 (  0.831)   3.385 (  0.364)
   57 0 0  22.069 (  0.933)  18.708 (  0.811)   3.360 (  0.360)
   58 0 0  21.170 (  0.911)  17.837 (  0.790)   3.332 (  0.356)
   59 0 0  20.280 (  0.890)  16.977 (  0.769)   3.302 (  0.352)
   60 0 0  19.400 (  0.868)  16.130 (  0.749)   3.270 (  0.347)
   61 0 0  18.531 (  0.846)  15.297 (  0.728)   3.234 (  0.343)
   62 0 0  17.673 (  0.825)  14.478 (  0.708)   3.196 (  0.338)
   63 0 0  16.829 (  0.803)  13.674 (  0.688)   3.154 (  0.334)
   64 0 0  15.997 (  0.782)  12.888 (  0.668)   3.109 (  0.329)
   65 0 0  15.181 (  0.762)  12.120 (  0.651)   3.061 (  0.324)
   66 0 0  14.380 (  0.738)  11.371 (  0.628)   3.010 (  0.320)
   67 0 0  13.597 (  0.715)  10.642 (  0.609)   2.955 (  0.315)
   68 0 0  12.832 (  0.693)   9.936 (  0.590)   2.896 (  0.310)
   69 0 0  12.087 (  0.670)   9.253 (  0.571)   2.834 (  0.305)
   70 0 0  11.362 (  0.648)   8.594 (  0.552)   2.768 (  0.299)
   71 0 0  10.660 (  0.625)   7.960 (  0.534)   2.699 (  0.294)
   72 0 0   9.980 (  0.603)   7.353 (  0.517)   2.627 (  0.288)
   73 0 0   9.325 (  0.581)   6.773 (  0.500)   2.552 (  0.282)
   74 0 0   8.696 (  0.561)   6.222 (  0.484)   2.474 (  0.277)
   75 0 0   8.093 (  0.540)   5.700 (  0.469)   2.393 (  0.270)
   76 0 0   7.517 (  0.521)   5.207 (  0.454)   2.310 (  0.264)
   77 0 0   6.969 (  0.503)   4.743 (  0.440)   2.226 (  0.259)
   78 0 0   6.449 (  0.487)   4.309 (  0.426)   2.140 (  0.254)
   79 0 0   5.958 (  0.472)   3.905 (  0.412)   2.053 (  0.249)
   80 0 0   5.495 (  0.458)   3.529 (  0.399)   1.966 (  0.245)
   81 0 0   5.061 (  0.445)   3.182 (  0.385)   1.879 (  0.242)
   82 0 0   4.655 (  0.433)   2.863 (  0.371)   1.792 (  0.240)
   83 0 0   4.277 (  0.421)   2.570 (  0.357)   1.707 (  0.238)
   84 0 0   3.925 (  0.410)   2.303 (  0.343)   1.622 (  0.236)
   85 0 0   3.600 (  0.398)   2.060 (  0.328)   1.540 (  0.235)
   86 0 0   3.300 (  0.387)   1.840 (  0.313)   1.460 (  0.235)
   87 0 0   3.023 (  0.375)   1.641 (  0.299)   1.382 (  0.234)
   88 0 0   2.769 (  0.362)   1.462 (  0.284)   1.307 (  0.233)
   89 0 0   2.537 (  0.350)   1.301 (  0.269)   1.236 (  0.232)
   90 0 0   2.324 (  0.336)   1.157 (  0.255)   1.167 (  0.231)
