
#****** ******
# HRFadl.txt
#IMaCh version 0.99r45, April 2023,INED-EUROREVES-Institut de longevite-Japan Society for the Promotion of Science (Grant-in-Aid for Scientific Research 25293121), Intel Software 2015-2020, Nihon University 2021-202, INED 2000-2022
#$Revision: 1.353 $ $Date: 2023/05/08 18:48:22 $
# Tue Feb 04 22:03:38 2025
# Variance and covariance of health expectancies e.j 
#  (weighted average of eij where weights are the age specific period (stable) prevalences in each health state 
# Age Cov(e.1, e.1) Cov(e.1, e.2) Cov(e.2, e.1) Cov(e.2, e.2)
50  0.9087 0.0605 0.0605 0.1502
51  0.8712 0.0574 0.0574 0.1474
52  0.8340 0.0545 0.0545 0.1446
53  0.7972 0.0518 0.0518 0.1417
54  0.7611 0.0491 0.0491 0.1387
55  0.7256 0.0466 0.0466 0.1357
56  0.6908 0.0443 0.0443 0.1327
57  0.6569 0.0421 0.0421 0.1297
58  0.6239 0.0400 0.0400 0.1266
59  0.5919 0.0380 0.0380 0.1236
60  0.5608 0.0360 0.0360 0.1206
61  0.5306 0.0341 0.0341 0.1176
62  0.5015 0.0322 0.0322 0.1146
63  0.4733 0.0302 0.0302 0.1116
64  0.4461 0.0281 0.0281 0.1086
65  0.4237 0.0259 0.0259 0.1049
66  0.3948 0.0235 0.0235 0.1025
67  0.3706 0.0209 0.0209 0.0994
68  0.3476 0.0182 0.0182 0.0962
69  0.3257 0.0153 0.0153 0.0930
70  0.3051 0.0124 0.0124 0.0897
71  0.2856 0.0094 0.0094 0.0863
72  0.2674 0.0065 0.0065 0.0830
73  0.2504 0.0038 0.0038 0.0796
74  0.2345 0.0016 0.0016 0.0767
75  0.2200 -0.0007 -0.0007 0.0729
76  0.2064 -0.0024 -0.0024 0.0698
77  0.1936 -0.0037 -0.0037 0.0669
78  0.1815 -0.0044 -0.0044 0.0643
79  0.1701 -0.0048 -0.0048 0.0621
80  0.1590 -0.0048 -0.0048 0.0601
81  0.1483 -0.0044 -0.0044 0.0586
82  0.1378 -0.0039 -0.0039 0.0574
83  0.1276 -0.0033 -0.0033 0.0565
84  0.1175 -0.0027 -0.0027 0.0559
85  0.1077 -0.0022 -0.0022 0.0554
86  0.0982 -0.0019 -0.0019 0.0551
87  0.0891 -0.0017 -0.0017 0.0548
88  0.0805 -0.0018 -0.0018 0.0545
89  0.0724 -0.0021 -0.0021 0.0540
90  0.0649 -0.0026 -0.0026 0.0534
