# Powell
# iter -2*LL p12 p13 p21 p23
1 1 1437.613269219022 1 0.000000000000 0.000000000000 0.000000000000 0.000000000000 0.000000000000 0.000000000000 0.000000000000 0.000000000000
2 2 893.177937407187 1 0.719599794556 0.000170066590 -1.866457130218 0.000994924501 -1.596363491939 -0.001223219859 -2.181719377932 0.001539148147
3 2 853.055303947826 1 -0.051450434725 0.000184439464 -2.341843190296 0.001995079528 -2.179038538390 -0.002364721099 -2.359061322744 0.003039818723
4 3 849.274931939774 1 -0.360808772193 0.000256741073 -2.897903144043 0.005462868859 -1.893810411011 -0.007264315679 -2.798506665388 0.009473565818
5 3 844.063456433811 1 -0.528845702211 0.000420037666 -3.489378632967 0.012634830057 -1.227018442988 -0.017441895825 -3.549134142890 0.020469295784
6 4 831.549300165869 1 -1.119572851800 0.008644512998 -4.916079999760 0.034630149343 0.854454208239 -0.048644086925 -5.723388739523 0.052192197358
7 4 821.935430564983 1 -1.116253871145 0.014267353011 -5.131984151789 0.043603932165 1.703501863681 -0.061400160026 -6.489974825978 0.062668412866
8 5 820.775855284383 1 -1.151848333299 0.016296941711 -5.290985704048 0.047269052750 2.005711178125 -0.066636463996 -6.824569788433 0.066735141200
9 5 820.529921227893 1 -1.183628527218 0.017695250269 -5.418441218214 0.049969727645 2.222097857937 -0.070567132073 -7.082310227233 0.069808852273
10 6 820.526091159183 1 -1.185047064507 0.017678869831 -5.425601730419 0.050043471992 2.232997281946 -0.070746032102 -7.098084693659 0.070025446897
11 6 820.477565900174 1 -1.142164532776 0.016728973822 -5.445448259645 0.050121411256 2.352106284047 -0.072521481734 -7.284749659585 0.072715375362
12 7 820.419302965673 1 -1.089676751941 0.015987359829 -5.396547285680 0.049407258924 2.348391268367 -0.072483109550 -7.317809589495 0.073135942924
13 7 820.038453381606 1 -0.406682599502 0.004678432286 -4.622509238251 0.037038257039 2.015580775299 -0.067469984288 -7.478034244908 0.075095185034
14 8 820.031040919255 1 -0.383956372826 0.004224033680 -4.594152284677 0.036461782351 1.990594530986 -0.066929034544 -7.457519816166 0.074977452899
15 8 820.026132000939 1 -0.377476490081 0.004312371588 -4.591108129543 0.036502563308 1.985017540355 -0.066817390568 -7.449316043189 0.074873211542
16 9 820.025983611219 2 -0.377299105678 0.004309510979 -4.593706739828 0.036544488626 1.984510646918 -0.066809578690 -7.449946390995 0.074882567967
17 9 820.021799806884 2 -0.375019389932 0.004271822312 -4.746025074308 0.038958632289 1.947515989420 -0.066221995211 -7.468212636044 0.075131695249
18 10 820.021773415248 2 -0.375756102972 0.004283601388 -4.746100244317 0.038957284533 1.945185305561 -0.066184918215 -7.465240558455 0.075092061378
19 10 820.021755467143 2 -0.375435417527 0.004275954077 -4.744363660380 0.038928660802 1.941232649665 -0.066121350677 -7.461868575856 0.075046331459
20 11 820.021745387568 2 -0.375644216178 0.004279379964 -4.744255540842 0.038927109357 1.940977840405 -0.066122040656 -7.461924388127 0.075046846572
21 11 820.021429321029 2 -0.396641169404 0.004645689168 -4.752010128918 0.039058851697 1.935602872158 -0.066036659591 -7.462616559711 0.075056657540
22 12 820.021182747208 2 -0.396356836487 0.004633361326 -4.743379697169 0.038923559574 1.928116535304 -0.065916515728 -7.466444327050 0.075109467064
23 12 820.020957574884 2 -0.395550651291 0.004611436291 -4.727885228370 0.038679459026 1.919761846820 -0.065782875953 -7.481456823603 0.075315027293
24 13 820.020957568704 2 -0.395556672528 0.004611608693 -4.727924932763 0.038680038271 1.919839218027 -0.065784112079 -7.481504593090 0.075315668029
25 13 820.020957568683 2 -0.395552404790 0.004611529208 -4.727924012662 0.038680019315 1.919842112809 -0.065784159036 -7.481506013377 0.075315687094
26 14 820.020957568683 2 -0.395552404791 0.004611529208 -4.727924012666 0.038680020020 1.919842112819 -0.065784159036 -7.481506013386 0.075315687095
