# PLMchr.txt
#IMaCh version 0.99r45, April 2023,INED-EUROREVES-Institut de longevite-Japan Society for the Promotion of Science (Grant-in-Aid for Scientific Research 25293121), Intel Software 2015-2020, Nihon University 2021-202, INED 2000-2022
#$Revision: 1.353 $ $Date: 2023/05/08 18:48:22 $
# Tue Feb 04 22:21:37 2025
#One-step probabilities and covariance matrix
# Age p1-1  p1-2  p1-3  p2-1  p2-2  p2-3 
50  5.238e-001  4.441e-001  3.205e-002  1.989e-001  7.821e-001  1.903e-002 
50 1-1  4.578e-003
50 1-2 -4.346e-003  4.504e-003
50 1-3 -2.321e-004 -1.582e-004  3.903e-004
50 2-1 -7.792e-005  7.436e-005  3.566e-006  2.508e-003
50 2-2  7.626e-005 -7.294e-005 -3.314e-006 -2.460e-003  2.469e-003
50 2-3  1.667e-006 -1.415e-006 -2.517e-007 -4.791e-005 -8.871e-006  5.678e-005
51  5.221e-001  4.447e-001  3.320e-002  1.883e-001  7.909e-001  2.076e-002 
51 1-1  4.029e-003
51 1-2 -3.808e-003  3.963e-003
51 1-3 -2.203e-004 -1.551e-004  3.753e-004
51 2-1 -6.641e-005  6.407e-005  2.344e-006  2.042e-003
51 2-2  6.492e-005 -6.281e-005 -2.107e-006 -2.000e-003  2.020e-003
51 2-3  1.498e-006 -1.262e-006 -2.367e-007 -4.191e-005 -2.019e-005  6.210e-005
52  5.203e-001  4.453e-001  3.439e-002  1.782e-001  7.992e-001  2.261e-002 
52 1-1  3.538e-003
52 1-2 -3.330e-003  3.481e-003
52 1-3 -2.088e-004 -1.514e-004  3.602e-004
52 2-1 -5.642e-005  5.508e-005  1.340e-006  1.651e-003
52 2-2  5.508e-005 -5.397e-005 -1.112e-006 -1.614e-003  1.645e-003
52 2-3  1.338e-006 -1.111e-006 -2.275e-007 -3.649e-005 -3.115e-005  6.765e-005
53  5.186e-001  4.458e-001  3.563e-002  1.684e-001  8.069e-001  2.462e-002 
53 1-1  3.107e-003
53 1-2 -2.909e-003  3.057e-003
53 1-3 -1.978e-004 -1.475e-004  3.452e-004
53 2-1 -4.784e-005  4.729e-005  5.517e-007  1.326e-003
53 2-2  4.665e-005 -4.633e-005 -3.253e-007 -1.294e-003  1.336e-003
53 2-3  1.189e-006 -9.626e-007 -2.264e-007 -3.167e-005 -4.171e-005  7.338e-005
54  5.168e-001  4.463e-001  3.691e-002  1.591e-001  8.141e-001  2.678e-002 
54 1-1  2.734e-003
54 1-2 -2.547e-003  2.690e-003
54 1-3 -1.875e-004 -1.434e-004  3.309e-004
54 2-1 -4.058e-005  4.060e-005 -2.306e-008  1.058e-003
54 2-2  3.953e-005 -3.979e-005  2.592e-007 -1.031e-003  1.082e-003
54 2-3  1.055e-006 -8.185e-007 -2.361e-007 -2.746e-005 -5.181e-005  7.927e-005
55  5.150e-001  4.468e-001  3.823e-002  1.502e-001  8.207e-001  2.911e-002 
55 1-1  2.420e-003
55 1-2 -2.242e-003  2.381e-003
55 1-3 -1.783e-004 -1.394e-004  3.177e-004
55 2-1 -3.454e-005  3.493e-005 -3.894e-007  8.411e-004
55 2-2  3.360e-005 -3.425e-005  6.492e-007 -8.172e-004  8.787e-004
55 2-3  9.384e-007 -6.787e-007 -2.598e-007 -2.384e-005 -6.142e-005  8.526e-005
56  5.131e-001  4.473e-001  3.959e-002  1.417e-001  8.267e-001  3.162e-002 
56 1-1  2.165e-003
56 1-2 -1.995e-003  2.130e-003
56 1-3 -1.705e-004 -1.357e-004  3.062e-004
56 2-1 -2.962e-005  3.017e-005 -5.539e-007  6.673e-004
56 2-2  2.877e-005 -2.963e-005  8.551e-007 -6.465e-004  7.170e-004
56 2-3  8.441e-007 -5.430e-007 -3.012e-007 -2.080e-005 -7.050e-005  9.131e-005
57  5.113e-001  4.477e-001  4.101e-002  1.335e-001  8.322e-001  3.431e-002 
57 1-1  1.969e-003
57 1-2 -1.804e-003  1.937e-003
57 1-3 -1.644e-004 -1.326e-004  2.970e-004
57 2-1 -2.570e-005  2.623e-005 -5.245e-007  5.301e-004
57 2-2  2.493e-005 -2.582e-005  8.891e-007 -5.118e-004  5.908e-004
57 2-3  7.756e-007 -4.110e-007 -3.645e-007 -1.832e-005 -7.903e-005  9.735e-005
58  5.094e-001  4.481e-001  4.247e-002  1.257e-001  8.370e-001  3.721e-002 
58 1-1  1.831e-003
58 1-2 -1.670e-003  1.801e-003
58 1-3 -1.604e-004 -1.306e-004  2.910e-004
58 2-1 -2.271e-005  2.302e-005 -3.105e-007  4.238e-004
58 2-2  2.197e-005 -2.274e-005  7.655e-007 -4.074e-004  4.944e-004
58 2-3  7.370e-007 -2.820e-007 -4.549e-007 -1.634e-005 -8.699e-005  1.033e-004
59  5.075e-001  4.485e-001  4.398e-002  1.183e-001  8.413e-001  4.033e-002 
59 1-1  1.751e-003
59 1-2 -1.592e-003  1.722e-003
59 1-3 -1.591e-004 -1.300e-004  2.891e-004
59 2-1 -2.053e-005  2.045e-005  7.758e-008  3.429e-004
59 2-2  1.980e-005 -2.030e-005  5.006e-007 -3.280e-004  4.224e-004
59 2-3  7.327e-007 -1.546e-007 -5.781e-007 -1.485e-005 -9.437e-005  1.092e-004
60  5.056e-001  4.489e-001  4.554e-002  1.113e-001  8.450e-001  4.368e-002 
60 1-1  1.730e-003
60 1-2 -1.569e-003  1.700e-003
60 1-3 -1.610e-004 -1.313e-004  2.923e-004
60 2-1 -1.908e-005  1.845e-005  6.284e-007  2.827e-004
60 2-2  1.831e-005 -1.842e-005  1.124e-007 -2.690e-004  3.702e-004
60 2-3  7.675e-007 -2.675e-008 -7.408e-007 -1.378e-005 -1.012e-004  1.150e-004
61  5.036e-001  4.492e-001  4.715e-002  1.046e-001  8.481e-001  4.727e-002 
61 1-1  1.766e-003
61 1-2 -1.600e-003  1.735e-003
61 1-3 -1.667e-004 -1.350e-004  3.017e-004
61 2-1 -1.826e-005  1.693e-005  1.330e-006  2.393e-004
61 2-2  1.741e-005 -1.704e-005 -3.792e-007 -2.262e-004  3.337e-004
61 2-3  8.465e-007  1.040e-007 -9.505e-007 -1.308e-005 -1.075e-004  1.206e-004
62  5.016e-001  4.495e-001  4.882e-002  9.822e-002  8.507e-001  5.112e-002 
62 1-1  1.861e-003
62 1-2 -1.684e-003  1.826e-003
62 1-3 -1.769e-004 -1.419e-004  3.188e-004
62 2-1 -1.799e-005  1.582e-005  2.169e-006  2.090e-004
62 2-2  1.702e-005 -1.606e-005 -9.528e-007 -1.963e-004  3.096e-004
62 2-3  9.750e-007  2.409e-007 -1.216e-006 -1.271e-005 -1.133e-004  1.260e-004
63  4.996e-001  4.498e-001  5.054e-002  9.218e-002  8.526e-001  5.524e-002 
63 1-1  2.013e-003
63 1-2 -1.821e-003  1.974e-003
63 1-3 -1.923e-004 -1.527e-004  3.450e-004
63 2-1 -1.819e-005  1.506e-005  3.132e-006  1.889e-004
63 2-2  1.703e-005 -1.545e-005 -1.585e-006 -1.763e-004  2.951e-004
63 2-3  1.159e-006  3.881e-007 -1.547e-006 -1.262e-005 -1.188e-004  1.315e-004
64  4.976e-001  4.501e-001  5.232e-002  8.644e-002  8.539e-001  5.965e-002 
64 1-1  2.223e-003
64 1-2 -2.009e-003  2.178e-003
64 1-3 -2.140e-004 -1.682e-004  3.822e-004
64 2-1 -1.879e-005  1.458e-005  4.206e-006  1.764e-004
64 2-2  1.738e-005 -1.513e-005 -2.251e-006 -1.636e-004  2.877e-004
64 2-3  1.404e-006  5.505e-007 -1.955e-006 -1.276e-005 -1.241e-004  1.369e-004
65  4.956e-001  4.503e-001  5.416e-002  8.101e-002  8.546e-001  6.437e-002 
65 1-1  2.491e-003
65 1-2 -2.248e-003  2.438e-003
65 1-3 -2.428e-004 -1.893e-004  4.321e-004
65 2-1 -1.971e-005  1.433e-005  5.377e-006  1.694e-004
65 2-2  1.799e-005 -1.507e-005 -2.925e-006 -1.563e-004  2.858e-004
65 2-3  1.718e-006  7.339e-007 -2.452e-006 -1.309e-005 -1.295e-004  1.426e-004
66  4.935e-001  4.505e-001  5.606e-002  7.586e-002  8.547e-001  6.942e-002 
66 1-1  2.816e-003
66 1-2 -2.536e-003  2.754e-003
66 1-3 -2.798e-004 -2.172e-004  4.970e-004
66 2-1 -2.089e-005  1.426e-005  6.631e-006  1.662e-004
66 2-2  1.878e-005 -1.520e-005 -3.578e-006 -1.526e-004  2.879e-004
66 2-3  2.108e-006  9.453e-007 -3.053e-006 -1.358e-005 -1.353e-004  1.489e-004
67  4.914e-001  4.506e-001  5.802e-002  7.099e-002  8.542e-001  7.480e-002 
67 1-1  3.198e-003
67 1-2 -2.872e-003  3.125e-003
67 1-3 -3.262e-004 -2.530e-004  5.792e-004
67 2-1 -2.227e-005  1.432e-005  7.954e-006  1.654e-004
67 2-2  1.969e-005 -1.551e-005 -4.180e-006 -1.512e-004  2.932e-004
67 2-3  2.581e-006  1.192e-006 -3.774e-006 -1.418e-005 -1.420e-004  1.561e-004
68  4.892e-001  4.507e-001  6.005e-002  6.638e-002  8.531e-001  8.054e-002 
68 1-1  3.638e-003
68 1-2 -3.254e-003  3.553e-003
68 1-3 -3.833e-004 -2.982e-004  6.815e-004
68 2-1 -2.380e-005  1.447e-005  9.332e-006  1.660e-004
68 2-2  2.066e-005 -1.596e-005 -4.701e-006 -1.511e-004  3.012e-004
68 2-3  3.147e-006  1.485e-006 -4.631e-006 -1.489e-005 -1.501e-004  1.650e-004
69  4.871e-001  4.508e-001  6.214e-002  6.202e-002  8.513e-001  8.667e-002 
69 1-1  4.134e-003
69 1-2 -3.681e-003  4.036e-003
69 1-3 -4.527e-004 -3.542e-004  8.069e-004
69 2-1 -2.543e-005  1.468e-005  1.075e-005  1.672e-004
69 2-2  2.162e-005 -1.652e-005 -5.106e-006 -1.515e-004  3.120e-004
69 2-3  3.814e-006  1.832e-006 -5.646e-006 -1.569e-005 -1.605e-004  1.762e-004
70  4.849e-001  4.508e-001  6.430e-002  5.791e-002  8.489e-001  9.318e-002 
70 1-1  4.687e-003
70 1-2 -4.151e-003  4.574e-003
70 1-3 -5.359e-004 -4.227e-004  9.586e-004
70 2-1 -2.712e-005  1.492e-005  1.220e-005  1.683e-004
70 2-2  2.253e-005 -1.717e-005 -5.361e-006 -1.517e-004  3.258e-004
70 2-3  4.592e-006  2.247e-006 -6.839e-006 -1.657e-005 -1.741e-004  1.907e-004
71  4.826e-001  4.508e-001  6.653e-002  5.403e-002  8.459e-001  1.001e-001 
71 1-1  5.297e-003
71 1-2 -4.662e-003  5.168e-003
71 1-3 -6.346e-004 -5.057e-004  1.140e-003
71 2-1 -2.883e-005  1.516e-005  1.366e-005  1.689e-004
71 2-2  2.333e-005 -1.790e-005 -5.429e-006 -1.513e-004  3.437e-004
71 2-3  5.492e-006  2.742e-006 -8.234e-006 -1.753e-005 -1.923e-004  2.099e-004
72  4.804e-001  4.508e-001  6.883e-002  5.037e-002  8.422e-001  1.075e-001 
72 1-1  5.964e-003
72 1-2 -5.213e-003  5.818e-003
72 1-3 -7.510e-004 -6.051e-004  1.356e-003
72 2-1 -3.051e-005  1.538e-005  1.513e-005  1.687e-004
72 2-2  2.399e-005 -1.872e-005 -5.272e-006 -1.501e-004  3.667e-004
72 2-3  6.525e-006  3.332e-006 -9.857e-006 -1.860e-005 -2.167e-004  2.352e-004
73  4.781e-001  4.507e-001  7.120e-002  4.692e-002  8.378e-001  1.153e-001 
73 1-1  6.687e-003
73 1-2 -5.800e-003  6.523e-003
73 1-3 -8.869e-004 -7.234e-004  1.610e-003
73 2-1 -3.215e-005  1.557e-005  1.659e-005  1.675e-004
73 2-2  2.445e-005 -1.960e-005 -4.850e-006 -1.477e-004  3.967e-004
73 2-3  7.704e-006  4.032e-006 -1.174e-005 -1.979e-005 -2.490e-004  2.687e-004
74  4.757e-001  4.506e-001  7.365e-002  4.367e-002  8.328e-001  1.235e-001 
74 1-1  7.466e-003
74 1-2 -6.421e-003  7.284e-003
74 1-3 -1.045e-003 -8.630e-004  1.908e-003
74 2-1 -3.372e-005  1.570e-005  1.802e-005  1.653e-004
74 2-2  2.468e-005 -2.056e-005 -4.120e-006 -1.442e-004  4.357e-004
74 2-3  9.041e-006  4.860e-006 -1.390e-005 -2.112e-005 -2.915e-004  3.126e-004
75  4.734e-001  4.504e-001  7.617e-002  4.061e-002  8.271e-001  1.323e-001 
75 1-1  8.303e-003
75 1-2 -7.075e-003  8.102e-003
75 1-3 -1.227e-003 -1.027e-003  2.254e-003
75 2-1 -3.520e-005  1.577e-005  1.942e-005  1.621e-004
75 2-2  2.465e-005 -2.161e-005 -3.040e-006 -1.395e-004  4.865e-004
75 2-3  1.055e-005  5.834e-006 -1.638e-005 -2.264e-005 -3.470e-004  3.697e-004
76  4.710e-001  4.502e-001  7.878e-002  3.773e-002  8.207e-001  1.416e-001 
76 1-1  9.195e-003
76 1-2 -7.758e-003  8.976e-003
76 1-3 -1.437e-003 -1.218e-003  2.655e-003
76 2-1 -3.656e-005  1.578e-005  2.078e-005  1.579e-004
76 2-2  2.432e-005 -2.275e-005 -1.566e-006 -1.335e-004  5.520e-004
76 2-3  1.224e-005  6.975e-006 -1.922e-005 -2.439e-005 -4.185e-004  4.429e-004
77  4.686e-001  4.500e-001  8.146e-002  3.502e-002  8.137e-001  1.513e-001 
77 1-1  1.014e-002
77 1-2 -8.468e-003  9.907e-003
77 1-3 -1.677e-003 -1.439e-003  3.116e-003
77 2-1 -3.779e-005  1.570e-005  2.209e-005  1.528e-004
77 2-2  2.366e-005 -2.401e-005  3.483e-007 -1.264e-004  6.359e-004
77 2-3  1.414e-005  8.303e-006 -2.244e-005 -2.640e-005 -5.096e-004  5.360e-004
78  4.661e-001  4.497e-001  8.423e-002  3.248e-002  8.059e-001  1.616e-001 
78 1-1  1.115e-002
78 1-2 -9.200e-003  1.090e-002
78 1-3 -1.951e-003 -1.695e-003  3.645e-003
78 2-1 -3.889e-005  1.555e-005  2.334e-005  1.469e-004
78 2-2  2.264e-005 -2.539e-005  2.749e-006 -1.181e-004  7.423e-004
78 2-3  1.625e-005  9.842e-006 -2.609e-005 -2.872e-005 -6.242e-004  6.529e-004
79  4.636e-001  4.493e-001  8.708e-002  3.010e-002  7.975e-001  1.724e-001 
79 1-1  1.221e-002
79 1-2 -9.953e-003  1.194e-002
79 1-3 -2.261e-003 -1.989e-003  4.250e-003
79 2-1 -3.983e-005  1.532e-005  2.452e-005  1.403e-004
79 2-2  2.125e-005 -2.693e-005  5.682e-006 -1.089e-004  8.755e-004
79 2-3  1.859e-005  1.161e-005 -3.020e-005 -3.139e-005 -7.666e-004  7.980e-004
80  4.611e-001  4.489e-001  9.002e-002  2.786e-002  7.884e-001  1.838e-001 
80 1-1  1.333e-002
80 1-2 -1.072e-002  1.305e-002
80 1-3 -2.612e-003 -2.325e-003  4.937e-003
80 2-1 -4.062e-005  1.501e-005  2.562e-005  1.332e-004
80 2-2  1.946e-005 -2.865e-005  9.193e-006 -9.874e-005  1.040e-003
80 2-3  2.117e-005  1.364e-005 -3.481e-005 -3.444e-005 -9.417e-004  9.762e-004
81  4.585e-001  4.485e-001  9.304e-002  2.576e-002  7.786e-001  1.957e-001 
81 1-1  1.451e-002
81 1-2 -1.150e-002  1.421e-002
81 1-3 -3.008e-003 -2.709e-003  5.716e-003
81 2-1 -4.125e-005  1.462e-005  2.663e-005  1.257e-004
81 2-2  1.724e-005 -3.057e-005  1.333e-005 -8.777e-005  1.242e-003
81 2-3  2.401e-005  1.595e-005 -3.996e-005 -3.791e-005 -1.155e-003  1.192e-003
82  4.559e-001  4.480e-001  9.616e-002  2.379e-002  7.681e-001  2.081e-001 
82 1-1  1.575e-002
82 1-2 -1.229e-002  1.544e-002
82 1-3 -3.452e-003 -3.144e-003  6.597e-003
82 2-1 -4.172e-005  1.417e-005  2.755e-005  1.179e-004
82 2-2  1.460e-005 -3.273e-005  1.813e-005 -7.610e-005  1.486e-003
82 2-3  2.713e-005  1.856e-005 -4.568e-005 -4.181e-005 -1.410e-003  1.452e-003
83  4.532e-001  4.474e-001  9.937e-002  2.195e-002  7.569e-001  2.212e-001 
83 1-1  1.704e-002
83 1-2 -1.309e-002  1.673e-002
83 1-3 -3.950e-003 -3.638e-003  7.588e-003
83 2-1 -4.203e-005  1.365e-005  2.838e-005  1.100e-004
83 2-2  1.150e-005 -3.514e-005  2.364e-005 -6.385e-005  1.778e-003
83 2-3  3.052e-005  2.150e-005 -5.202e-005 -4.614e-005 -1.714e-003  1.760e-003
84  4.505e-001  4.468e-001  1.027e-001  2.023e-002  7.450e-001  2.347e-001 
84 1-1  1.839e-002
84 1-2 -1.388e-002  1.808e-002
84 1-3 -4.507e-003 -4.195e-003  8.702e-003
84 2-1 -4.217e-005  1.306e-005  2.911e-005  1.021e-004
84 2-2  7.951e-006 -3.784e-005  2.989e-005 -5.114e-005  2.122e-003
84 2-3  3.422e-005  2.478e-005 -5.900e-005 -5.091e-005 -2.071e-003  2.122e-003
85  4.478e-001  4.462e-001  1.061e-001  1.863e-002  7.325e-001  2.488e-001 
85 1-1  1.980e-002
85 1-2 -1.467e-002  1.950e-002
85 1-3 -5.128e-003 -4.822e-003  9.949e-003
85 2-1 -4.216e-005  1.243e-005  2.973e-005  9.418e-005
85 2-2  3.937e-006 -4.086e-005  3.692e-005 -3.810e-005  2.524e-003
85 2-3  3.822e-005  2.843e-005 -6.665e-005 -5.608e-005 -2.486e-003  2.542e-003
86  4.450e-001  4.454e-001  1.096e-001  1.713e-002  7.194e-001  2.635e-001 
86 1-1  2.127e-002
86 1-2 -1.545e-002  2.098e-002
86 1-3 -5.817e-003 -5.525e-003  1.134e-002
86 2-1 -4.199e-005  1.175e-005  3.025e-005  8.647e-005
86 2-2 -5.411e-007 -4.422e-005  4.476e-005 -2.485e-005  2.988e-003
86 2-3  4.253e-005  3.247e-005 -7.501e-005 -6.162e-005 -2.964e-003  3.025e-003
87  4.422e-001  4.447e-001  1.132e-001  1.573e-002  7.056e-001  2.787e-001 
87 1-1  2.280e-002
87 1-2 -1.622e-002  2.253e-002
87 1-3 -6.582e-003 -6.313e-003  1.289e-002
87 2-1 -4.168e-005  1.103e-005  3.065e-005  7.899e-005
87 2-2 -5.482e-006 -4.794e-005  5.342e-005 -1.152e-005  3.518e-003
87 2-3  4.716e-005  3.691e-005 -8.407e-005 -6.747e-005 -3.506e-003  3.574e-003
88  4.393e-001  4.438e-001  1.169e-001  1.443e-002  6.912e-001  2.943e-001 
88 1-1  2.439e-002
88 1-2 -1.696e-002  2.416e-002
88 1-3 -7.428e-003 -7.191e-003  1.462e-002
88 2-1 -4.123e-005  1.028e-005  3.095e-005  7.180e-005
88 2-2 -1.088e-005 -5.204e-005  6.292e-005  1.746e-006  4.116e-003
88 2-3  5.211e-005  4.176e-005 -9.387e-005 -7.354e-005 -4.117e-003  4.191e-003
89  4.364e-001  4.429e-001  1.207e-001  1.322e-002  6.763e-001  3.105e-001 
89 1-1  2.605e-002
89 1-2 -1.768e-002  2.585e-002
89 1-3 -8.362e-003 -8.170e-003  1.653e-002
89 2-1 -4.064e-005  9.511e-006  3.113e-005  6.495e-005
89 2-2 -1.672e-005 -5.654e-005  7.326e-005  1.481e-005  4.782e-003
89 2-3  5.737e-005  4.703e-005 -1.044e-004 -7.975e-005 -4.797e-003  4.877e-003
90  4.334e-001  4.420e-001  1.246e-001  1.209e-002  6.608e-001  3.271e-001 
90 1-1  2.776e-002
90 1-2 -1.837e-002  2.763e-002
90 1-3 -9.390e-003 -9.256e-003  1.865e-002
90 2-1 -3.994e-005  8.728e-006  3.121e-005  5.847e-005
90 2-2 -2.299e-005 -6.144e-005  8.443e-005  2.752e-005  5.517e-003
90 2-3  6.293e-005  5.271e-005 -1.156e-004 -8.599e-005 -5.544e-003  5.630e-003