# PLMchr.txt
#IMaCh version 0.99r45, April 2023,INED-EUROREVES-Institut de longevite-Japan Society for the Promotion of Science (Grant-in-Aid for Scientific Research 25293121), Intel Software 2015-2020, Nihon University 2021-202, INED 2000-2022
#$Revision: 1.353 $ $Date: 2023/05/08 18:48:22 $
# Tue Feb 04 22:21:37 2025
#One-step probabilities and stand. devi in ()
# Age p1-1 (SE) p1-2 (SE) p1-3 (SE) p2-1 (SE) p2-2 (SE) p2-3 (SE)
50  5.238e-001 ( 6.766e-002)  4.441e-001 ( 6.711e-002)  3.205e-002 ( 1.976e-002)  1.989e-001 ( 5.008e-002)  7.821e-001 ( 4.969e-002)  1.903e-002 ( 7.535e-003) 
51  5.221e-001 ( 6.347e-002)  4.447e-001 ( 6.296e-002)  3.320e-002 ( 1.937e-002)  1.883e-001 ( 4.519e-002)  7.909e-001 ( 4.495e-002)  2.076e-002 ( 7.880e-003) 
52  5.203e-001 ( 5.948e-002)  4.453e-001 ( 5.900e-002)  3.439e-002 ( 1.898e-002)  1.782e-001 ( 4.063e-002)  7.992e-001 ( 4.056e-002)  2.261e-002 ( 8.225e-003) 
53  5.186e-001 ( 5.574e-002)  4.458e-001 ( 5.529e-002)  3.563e-002 ( 1.858e-002)  1.684e-001 ( 3.641e-002)  8.069e-001 ( 3.655e-002)  2.462e-002 ( 8.566e-003) 
54  5.168e-001 ( 5.229e-002)  4.463e-001 ( 5.187e-002)  3.691e-002 ( 1.819e-002)  1.591e-001 ( 3.253e-002)  8.141e-001 ( 3.290e-002)  2.678e-002 ( 8.903e-003) 
55  5.150e-001 ( 4.920e-002)  4.468e-001 ( 4.880e-002)  3.823e-002 ( 1.782e-002)  1.502e-001 ( 2.900e-002)  8.207e-001 ( 2.964e-002)  2.911e-002 ( 9.234e-003) 
56  5.131e-001 ( 4.653e-002)  4.473e-001 ( 4.616e-002)  3.959e-002 ( 1.750e-002)  1.417e-001 ( 2.583e-002)  8.267e-001 ( 2.678e-002)  3.162e-002 ( 9.555e-003) 
57  5.113e-001 ( 4.437e-002)  4.477e-001 ( 4.401e-002)  4.101e-002 ( 1.723e-002)  1.335e-001 ( 2.302e-002)  8.322e-001 ( 2.431e-002)  3.431e-002 ( 9.866e-003) 
58  5.094e-001 ( 4.279e-002)  4.481e-001 ( 4.244e-002)  4.247e-002 ( 1.706e-002)  1.257e-001 ( 2.059e-002)  8.370e-001 ( 2.224e-002)  3.721e-002 ( 1.017e-002) 
59  5.075e-001 ( 4.184e-002)  4.485e-001 ( 4.150e-002)  4.398e-002 ( 1.700e-002)  1.183e-001 ( 1.852e-002)  8.413e-001 ( 2.055e-002)  4.033e-002 ( 1.045e-002) 
60  5.056e-001 ( 4.159e-002)  4.489e-001 ( 4.123e-002)  4.554e-002 ( 1.710e-002)  1.113e-001 ( 1.681e-002)  8.450e-001 ( 1.924e-002)  4.368e-002 ( 1.072e-002) 
61  5.036e-001 ( 4.203e-002)  4.492e-001 ( 4.165e-002)  4.715e-002 ( 1.737e-002)  1.046e-001 ( 1.547e-002)  8.481e-001 ( 1.827e-002)  4.727e-002 ( 1.098e-002) 
62  5.016e-001 ( 4.314e-002)  4.495e-001 ( 4.273e-002)  4.882e-002 ( 1.786e-002)  9.822e-002 ( 1.446e-002)  8.507e-001 ( 1.760e-002)  5.112e-002 ( 1.123e-002) 
63  4.996e-001 ( 4.487e-002)  4.498e-001 ( 4.443e-002)  5.054e-002 ( 1.858e-002)  9.218e-002 ( 1.374e-002)  8.526e-001 ( 1.718e-002)  5.524e-002 ( 1.147e-002) 
64  4.976e-001 ( 4.715e-002)  4.501e-001 ( 4.666e-002)  5.232e-002 ( 1.955e-002)  8.644e-002 ( 1.328e-002)  8.539e-001 ( 1.696e-002)  5.965e-002 ( 1.170e-002) 
65  4.956e-001 ( 4.991e-002)  4.503e-001 ( 4.937e-002)  5.416e-002 ( 2.079e-002)  8.101e-002 ( 1.301e-002)  8.546e-001 ( 1.691e-002)  6.437e-002 ( 1.194e-002) 
66  4.935e-001 ( 5.307e-002)  4.505e-001 ( 5.247e-002)  5.606e-002 ( 2.229e-002)  7.586e-002 ( 1.289e-002)  8.547e-001 ( 1.697e-002)  6.942e-002 ( 1.220e-002) 
67  4.914e-001 ( 5.655e-002)  4.506e-001 ( 5.590e-002)  5.802e-002 ( 2.407e-002)  7.099e-002 ( 1.286e-002)  8.542e-001 ( 1.712e-002)  7.480e-002 ( 1.250e-002) 
68  4.892e-001 ( 6.031e-002)  4.507e-001 ( 5.960e-002)  6.005e-002 ( 2.611e-002)  6.638e-002 ( 1.289e-002)  8.531e-001 ( 1.736e-002)  8.054e-002 ( 1.284e-002) 
69  4.871e-001 ( 6.430e-002)  4.508e-001 ( 6.353e-002)  6.214e-002 ( 2.841e-002)  6.202e-002 ( 1.293e-002)  8.513e-001 ( 1.766e-002)  8.667e-002 ( 1.327e-002) 
70  4.849e-001 ( 6.846e-002)  4.508e-001 ( 6.763e-002)  6.430e-002 ( 3.096e-002)  5.791e-002 ( 1.297e-002)  8.489e-001 ( 1.805e-002)  9.318e-002 ( 1.381e-002) 
71  4.826e-001 ( 7.278e-002)  4.508e-001 ( 7.189e-002)  6.653e-002 ( 3.377e-002)  5.403e-002 ( 1.299e-002)  8.459e-001 ( 1.854e-002)  1.001e-001 ( 1.449e-002) 
72  4.804e-001 ( 7.722e-002)  4.508e-001 ( 7.627e-002)  6.883e-002 ( 3.683e-002)  5.037e-002 ( 1.299e-002)  8.422e-001 ( 1.915e-002)  1.075e-001 ( 1.534e-002) 
73  4.781e-001 ( 8.177e-002)  4.507e-001 ( 8.077e-002)  7.120e-002 ( 4.013e-002)  4.692e-002 ( 1.294e-002)  8.378e-001 ( 1.992e-002)  1.153e-001 ( 1.639e-002) 
74  4.757e-001 ( 8.641e-002)  4.506e-001 ( 8.535e-002)  7.365e-002 ( 4.368e-002)  4.367e-002 ( 1.286e-002)  8.328e-001 ( 2.087e-002)  1.235e-001 ( 1.768e-002) 
75  4.734e-001 ( 9.112e-002)  4.504e-001 ( 9.001e-002)  7.617e-002 ( 4.748e-002)  4.061e-002 ( 1.273e-002)  8.271e-001 ( 2.206e-002)  1.323e-001 ( 1.923e-002) 
76  4.710e-001 ( 9.589e-002)  4.502e-001 ( 9.474e-002)  7.878e-002 ( 5.152e-002)  3.773e-002 ( 1.257e-002)  8.207e-001 ( 2.350e-002)  1.416e-001 ( 2.105e-002) 
77  4.686e-001 ( 1.007e-001)  4.500e-001 ( 9.953e-002)  8.146e-002 ( 5.582e-002)  3.502e-002 ( 1.236e-002)  8.137e-001 ( 2.522e-002)  1.513e-001 ( 2.315e-002) 
78  4.661e-001 ( 1.056e-001)  4.497e-001 ( 1.044e-001)  8.423e-002 ( 6.038e-002)  3.248e-002 ( 1.212e-002)  8.059e-001 ( 2.725e-002)  1.616e-001 ( 2.555e-002) 
79  4.636e-001 ( 1.105e-001)  4.493e-001 ( 1.093e-001)  8.708e-002 ( 6.519e-002)  3.010e-002 ( 1.184e-002)  7.975e-001 ( 2.959e-002)  1.724e-001 ( 2.825e-002) 
80  4.611e-001 ( 1.155e-001)  4.489e-001 ( 1.142e-001)  9.002e-002 ( 7.026e-002)  2.786e-002 ( 1.154e-002)  7.884e-001 ( 3.226e-002)  1.838e-001 ( 3.124e-002) 
81  4.585e-001 ( 1.205e-001)  4.485e-001 ( 1.192e-001)  9.304e-002 ( 7.560e-002)  2.576e-002 ( 1.121e-002)  7.786e-001 ( 3.525e-002)  1.957e-001 ( 3.453e-002) 
82  4.559e-001 ( 1.255e-001)  4.480e-001 ( 1.243e-001)  9.616e-002 ( 8.122e-002)  2.379e-002 ( 1.086e-002)  7.681e-001 ( 3.855e-002)  2.081e-001 ( 3.811e-002) 
83  4.532e-001 ( 1.305e-001)  4.474e-001 ( 1.293e-001)  9.937e-002 ( 8.711e-002)  2.195e-002 ( 1.049e-002)  7.569e-001 ( 4.216e-002)  2.212e-001 ( 4.195e-002) 
84  4.505e-001 ( 1.356e-001)  4.468e-001 ( 1.345e-001)  1.027e-001 ( 9.328e-002)  2.023e-002 ( 1.010e-002)  7.450e-001 ( 4.607e-002)  2.347e-001 ( 4.607e-002) 
85  4.478e-001 ( 1.407e-001)  4.462e-001 ( 1.396e-001)  1.061e-001 ( 9.975e-002)  1.863e-002 ( 9.705e-003)  7.325e-001 ( 5.024e-002)  2.488e-001 ( 5.042e-002) 
86  4.450e-001 ( 1.458e-001)  4.454e-001 ( 1.448e-001)  1.096e-001 ( 1.065e-001)  1.713e-002 ( 9.299e-003)  7.194e-001 ( 5.467e-002)  2.635e-001 ( 5.500e-002) 
87  4.422e-001 ( 1.510e-001)  4.447e-001 ( 1.501e-001)  1.132e-001 ( 1.136e-001)  1.573e-002 ( 8.887e-003)  7.056e-001 ( 5.931e-002)  2.787e-001 ( 5.978e-002) 
88  4.393e-001 ( 1.562e-001)  4.438e-001 ( 1.554e-001)  1.169e-001 ( 1.209e-001)  1.443e-002 ( 8.473e-003)  6.912e-001 ( 6.415e-002)  2.943e-001 ( 6.474e-002) 
89  4.364e-001 ( 1.614e-001)  4.429e-001 ( 1.608e-001)  1.207e-001 ( 1.286e-001)  1.322e-002 ( 8.059e-003)  6.763e-001 ( 6.915e-002)  3.105e-001 ( 6.983e-002) 
90  4.334e-001 ( 1.666e-001)  4.420e-001 ( 1.662e-001)  1.246e-001 ( 1.366e-001)  1.209e-002 ( 7.647e-003)  6.608e-001 ( 7.428e-002)  3.271e-001 ( 7.504e-002) 