
#****** ******
# PLMchr.txt
#IMaCh version 0.99r45, April 2023,INED-EUROREVES-Institut de longevite-Japan Society for the Promotion of Science (Grant-in-Aid for Scientific Research 25293121), Intel Software 2015-2020, Nihon University 2021-202, INED 2000-2022
#$Revision: 1.353 $ $Date: 2023/05/08 18:48:22 $
# Tue Feb 04 22:21:37 2025
# Health expectancies with standard errors
# Age e11 (SE) e12 (SE) e1.  e21 (SE) e22 (SE) e2. 
 50    6.1001 (0.6569)   17.7260 (1.5458)   23.8262 (1.6771)    4.1631 (0.6289)   20.0889 (1.4897)   24.2520 (1.5736)
 51    5.8739 (0.6243)   17.2428 (1.4886)   23.1167 (1.6138)    3.8903 (0.5893)   19.6201 (1.4476)   23.5104 (1.5360)
 52    5.6588 (0.5971)   16.7585 (1.4372)   22.4174 (1.5561)    3.6299 (0.5549)   19.1460 (1.4093)   22.7759 (1.5002)
 53    5.4548 (0.5750)   16.2740 (1.3912)   21.7288 (1.5039)    3.3818 (0.5256)   18.6673 (1.3743)   22.0491 (1.4659)
 54    5.2615 (0.5577)   15.7901 (1.3507)   21.0516 (1.4574)    3.1460 (0.5005)   18.1846 (1.3420)   21.3306 (1.4331)
 55    5.0785 (0.5448)   15.3076 (1.3155)   20.3861 (1.4164)    2.9221 (0.4793)   17.6988 (1.3122)   20.6209 (1.4017)
 56    4.9057 (0.5358)   14.8272 (1.2854)   19.7329 (1.3810)    2.7101 (0.4611)   17.2107 (1.2846)   19.9207 (1.3717)
 57    4.7427 (0.5304)   14.3498 (1.2603)   19.0925 (1.3511)    2.5096 (0.4455)   16.7209 (1.2590)   19.2306 (1.3433)
 58    4.5890 (0.5281)   13.8763 (1.2399)   18.4653 (1.3266)    2.3204 (0.4316)   16.2306 (1.2353)   18.5510 (1.3166)
 59    4.4444 (0.5288)   13.4073 (1.2241)   17.8517 (1.3073)    2.1422 (0.4190)   15.7404 (1.2135)   17.8826 (1.2917)
 60    4.3084 (0.5319)   12.9437 (1.2125)   17.2521 (1.2931)    1.9747 (0.4072)   15.2512 (1.1937)   17.2259 (1.2687)
 61    4.1808 (0.5373)   12.4862 (1.2049)   16.6669 (1.2836)    1.8175 (0.3959)   14.7640 (1.1759)   16.5816 (1.2479)
 62    4.0610 (0.5447)   12.0354 (1.2009)   16.0964 (1.2786)    1.6703 (0.3846)   14.2797 (1.1601)   15.9500 (1.2294)
 63    3.9487 (0.5540)   11.5921 (1.2002)   15.5408 (1.2777)    1.5327 (0.3733)   13.7989 (1.1464)   15.3316 (1.2133)
 64    3.8436 (0.5648)   11.1569 (1.2024)   15.0004 (1.2805)    1.4043 (0.3617)   13.3227 (1.1349)   14.7270 (1.1996)
 65    3.7451 (0.5771)   10.7303 (1.2069)   14.4754 (1.2866)    1.2847 (0.3497)   12.8518 (1.1256)   14.1365 (1.1882)
 66    3.6530 (0.5908)   10.3129 (1.2135)   13.9660 (1.2955)    1.1735 (0.3374)   12.3870 (1.1184)   13.5605 (1.1792)
 67    3.5669 (0.6056)    9.9052 (1.2217)   13.4721 (1.3069)    1.0703 (0.3248)   11.9290 (1.1133)   12.9994 (1.1725)
 68    3.4864 (0.6215)    9.5076 (1.2310)   12.9940 (1.3204)    0.9748 (0.3118)   11.4786 (1.1100)   12.4534 (1.1677)
 69    3.4112 (0.6384)    9.1204 (1.2412)   12.5316 (1.3356)    0.8864 (0.2985)   11.0363 (1.1084)   11.9228 (1.1647)
 70    3.3409 (0.6561)    8.7441 (1.2517)   12.0850 (1.3521)    0.8049 (0.2850)   10.6029 (1.1083)   11.4078 (1.1632)
 71    3.2751 (0.6746)    8.3789 (1.2624)   11.6539 (1.3696)    0.7298 (0.2713)   10.1788 (1.1094)   10.9086 (1.1629)
 72    3.2135 (0.6936)    8.0249 (1.2730)   11.2385 (1.3878)    0.6607 (0.2576)    9.7646 (1.1113)   10.4253 (1.1634)
 73    3.1560 (0.7133)    7.6825 (1.2831)   10.8384 (1.4067)    0.5973 (0.2440)    9.3607 (1.1139)    9.9580 (1.1645)
 74    3.1020 (0.7334)    7.3517 (1.2926)   10.4537 (1.4258)    0.5392 (0.2304)    8.9676 (1.1166)    9.5068 (1.1658)
 75    3.0514 (0.7538)    7.0325 (1.3013)   10.0839 (1.4451)    0.4861 (0.2170)    8.5855 (1.1193)    9.0715 (1.1670)
 76    3.0039 (0.7746)    6.7251 (1.3091)    9.7290 (1.4645)    0.4375 (0.2039)    8.2148 (1.1217)    8.6523 (1.1678)
 77    2.9592 (0.7955)    6.4293 (1.3159)    9.3886 (1.4839)    0.3933 (0.1911)    7.8556 (1.1234)    8.2489 (1.1679)
 78    2.9172 (0.8166)    6.1452 (1.3216)    9.0624 (1.5032)    0.3530 (0.1786)    7.5083 (1.1243)    7.8613 (1.1670)
 79    2.8775 (0.8377)    5.8727 (1.3262)    8.7502 (1.5224)    0.3165 (0.1666)    7.1728 (1.1241)    7.4893 (1.1651)
 80    2.8399 (0.8589)    5.6116 (1.3297)    8.4515 (1.5415)    0.2833 (0.1550)    6.8494 (1.1227)    7.1327 (1.1618)
 81    2.8044 (0.8800)    5.3617 (1.3321)    8.1661 (1.5605)    0.2532 (0.1439)    6.5380 (1.1198)    6.7913 (1.1571)
 82    2.7706 (0.9010)    5.1229 (1.3335)    7.8935 (1.5795)    0.2261 (0.1333)    6.2386 (1.1154)    6.4647 (1.1509)
 83    2.7385 (0.9219)    4.8949 (1.3340)    7.6333 (1.5985)    0.2016 (0.1231)    5.9512 (1.1093)    6.1528 (1.1431)
 84    2.7078 (0.9426)    4.6775 (1.3335)    7.3852 (1.6176)    0.1795 (0.1136)    5.6757 (1.1016)    5.8552 (1.1335)
 85    2.6784 (0.9631)    4.4704 (1.3324)    7.1488 (1.6367)    0.1596 (0.1045)    5.4119 (1.0923)    5.5716 (1.1224)
 86    2.6502 (0.9833)    4.2733 (1.3306)    6.9235 (1.6561)    0.1418 (0.0960)    5.1598 (1.0812)    5.3016 (1.1095)
 87    2.6231 (1.0033)    4.0859 (1.3283)    6.7090 (1.6757)    0.1258 (0.0880)    4.9190 (1.0684)    5.0448 (1.0950)
 88    2.5969 (1.0230)    3.9080 (1.3256)    6.5048 (1.6956)    0.1115 (0.0805)    4.6894 (1.0541)    4.8009 (1.0790)
 89    2.5715 (1.0423)    3.7391 (1.3226)    6.3106 (1.7159)    0.0987 (0.0735)    4.4707 (1.0381)    4.5694 (1.0614)
 90    2.5469 (1.0614)    3.5789 (1.3195)    6.1258 (1.7366)    0.0872 (0.0671)    4.2628 (1.0207)    4.3500 (1.0424)
