
#****** ******
# PLMchr.txt
#IMaCh version 0.99r45, April 2023,INED-EUROREVES-Institut de longevite-Japan Society for the Promotion of Science (Grant-in-Aid for Scientific Research 25293121), Intel Software 2015-2020, Nihon University 2021-202, INED 2000-2022
#$Revision: 1.353 $ $Date: 2023/05/08 18:48:22 $
# Tue Feb 04 22:21:37 2025
# Variance and covariance of health expectancies e.j 
#  (weighted average of eij where weights are the age specific period (stable) prevalences in each health state 
# Age Cov(e.1, e.1) Cov(e.1, e.2) Cov(e.2, e.1) Cov(e.2, e.2)
50  0.5658 -0.2548 -0.2548 2.4217
51  0.4937 -0.2039 -0.2039 2.2493
52  0.4336 -0.1627 -0.1627 2.0998
53  0.3842 -0.1300 -0.1300 1.9702
54  0.3438 -0.1045 -0.1045 1.8578
55  0.3113 -0.0849 -0.0849 1.7589
56  0.2852 -0.0706 -0.0706 1.6744
57  0.2643 -0.0604 -0.0604 1.6012
58  0.2478 -0.0533 -0.0533 1.5377
59  0.2347 -0.0485 -0.0485 1.4829
60  0.2243 -0.0455 -0.0455 1.4353
61  0.2157 -0.0436 -0.0436 1.3950
62  0.2085 -0.0424 -0.0424 1.3609
63  0.2023 -0.0415 -0.0415 1.3325
64  0.1965 -0.0406 -0.0406 1.3093
65  0.1910 -0.0396 -0.0396 1.2906
66  0.1855 -0.0384 -0.0384 1.2765
67  0.1800 -0.0369 -0.0369 1.2663
68  0.1742 -0.0351 -0.0351 1.2596
69  0.1682 -0.0330 -0.0330 1.2559
70  0.1618 -0.0308 -0.0308 1.2547
71  0.1553 -0.0283 -0.0283 1.2555
72  0.1487 -0.0258 -0.0258 1.2579
73  0.1418 -0.0233 -0.0233 1.2611
74  0.1349 -0.0209 -0.0209 1.2647
75  0.1280 -0.0186 -0.0186 1.2681
76  0.1211 -0.0166 -0.0166 1.2707
77  0.1144 -0.0149 -0.0149 1.2720
78  0.1078 -0.0134 -0.0134 1.2716
79  0.1015 -0.0123 -0.0123 1.2689
80  0.0954 -0.0116 -0.0116 1.2637
81  0.0897 -0.0112 -0.0112 1.2557
82  0.0843 -0.0112 -0.0112 1.2447
83  0.0792 -0.0115 -0.0115 1.2304
84  0.0745 -0.0121 -0.0121 1.2129
85  0.0702 -0.0131 -0.0131 1.1921
86  0.0663 -0.0143 -0.0143 1.1682
87  0.0628 -0.0157 -0.0157 1.1412
88  0.0597 -0.0174 -0.0174 1.1114
89  0.0570 -0.0193 -0.0193 1.0790
90  0.0547 -0.0214 -0.0214 1.0443
