# Powell
# iter -2*LL p12 p13 p21 p23
1 1 2567.909904857390 1 -4.385314300000 0.029395900000 -13.711124300000 0.136813900000 2.255477700000 -0.045715200000 -5.512947300000 0.045254800000
2 2 2454.426160886064 2 -4.392089851379 0.029270487357 -15.154686078730 0.137210580927 1.768424263054 -0.045662177215 -6.187433427421 0.045274363967
3 2 2419.970661703883 3 -4.787087921849 0.029181921888 -14.619637273473 0.137288203096 1.537268801223 -0.045597836617 -6.324082980989 0.045291570639
4 3 2416.109041015717 5 -4.981913020773 0.029070403874 -14.604623288358 0.137341596057 1.469909688860 -0.045517630365 -6.348643911582 0.045316054795
5 3 2416.094659995109 6 -4.978600246876 0.029022101257 -14.619357307104 0.137383550070 1.466465584608 -0.045451767350 -6.348313705807 0.045316949007
6 4 2415.775610383168 7 -4.853925201142 0.027191787559 -14.832603454412 0.139705833949 1.226351395016 -0.041912522754 -6.428905060517 0.046469136161
7 4 2415.740001249205 8 -4.841059191964 0.026986465586 -14.811179259861 0.139969183762 1.203024447131 -0.041530397816 -6.443763178124 0.046582445801
8 5 2415.738052553975 10 -4.837104558256 0.026918635188 -14.807890667316 0.140056717780 1.197660676876 -0.041448157092 -6.447009317848 0.046603970226
9 5 2415.736852182059 11 -4.829492209256 0.026800171238 -14.812016509357 0.140226170508 1.194564095923 -0.041399208006 -6.448104824533 0.046598944463
10 6 2415.734668108525 12 -4.815702276130 0.026594106721 -14.834167044267 0.140579804074 1.189254725050 -0.041318561052 -6.447168619759 0.046574743509
11 6 2415.729093397363 13 -4.780178297947 0.026065892772 -14.887750250086 0.141355264286 1.188116494109 -0.041298735412 -6.435545066813 0.046402067292
12 7 2415.716397556973 15 -4.725054673501 0.025253393794 -14.988099097386 0.142568036925 1.213984453350 -0.041682322679 -6.396862546250 0.045890380085
13 7 2415.711847798088 16 -4.731563510727 0.025353360352 -14.991048023665 0.142455002275 1.237208952362 -0.042029749693 -6.382613262512 0.045722983703
14 8 2415.711798059500 17 -4.732575644945 0.025367837025 -14.991415272401 0.142449426536 1.240362112038 -0.042076526841 -6.380914668391 0.045701680123
15 8 2415.711772978192 18 -4.733117516619 0.025375477550 -14.992947589094 0.142465059831 1.241700757538 -0.042096389675 -6.380269845295 0.045693742276
16 9 2415.711739645171 20 -4.733899700207 0.025387235368 -14.995339660934 0.142496275141 1.243244058547 -0.042119399310 -6.379877970134 0.045688776676
17 9 2415.711590523706 21 -4.736459764857 0.025426549908 -15.007354977380 0.142656392896 1.245922441139 -0.042159550865 -6.380748157835 0.045701617721
18 10 2415.711436126685 23 -4.738258182055 0.025454915736 -15.020130958707 0.142822640293 1.246062106211 -0.042161934420 -6.383148538144 0.045735776571
19 10 2415.711348632062 24 -4.739347681489 0.025471870305 -15.030824982349 0.142952284684 1.245785903433 -0.042157952909 -6.385027480631 0.045763895918
20 11 2415.711184555371 -35 -4.739263744185 0.025470821515 -15.043862055945 0.143110864913 1.241726453096 -0.042097697315 -6.389073505388 0.045821518132
21 11 2415.711145143128 -33 -4.738615567655 0.025460634951 -15.041418525729 0.143085322423 1.240354741677 -0.042077272274 -6.389276762267 0.045822873969
22 12 2415.711124732947 -32 -4.737927350260 0.025450099924 -15.038096400177 0.143049628079 1.238484620967 -0.042049417461 -6.389460740599 0.045823680172
23 12 2415.711120629097 -30 -4.737924196458 0.025450076607 -15.038214230077 0.143050345548 1.238429448637 -0.042048576748 -6.389324743825 0.045821940673
24 13 2415.710978089770 -28 -4.739469352181 0.025473431846 -15.042359725916 0.143095330565 1.237169429519 -0.042028845408 -6.378620444115 0.045676695084
25 13 2415.710933497468 -27 -4.740809680879 0.025493632376 -15.048495475366 0.143182292718 1.235591811067 -0.042005361640 -6.378225296017 0.045670421561
26 14 2415.710917402286 -25 -4.742439375423 0.025518315234 -15.056158509516 0.143285032215 1.235129725134 -0.041998464525 -6.377709371272 0.045663435533
27 14 2415.710917402174 -23 -4.742439548394 0.025518316355 -15.056159101562 0.143285021824 1.235134221830 -0.041998532096 -6.377710056993 0.045663448086
28 15 2415.710917402171 -21 -4.742439760704 0.025518319641 -15.056161389735 0.143285048998 1.235134291971 -0.041998533167 -6.377710432723 0.045663453840
29 15 2415.710917402170 -18 -4.742439760704 0.025518319641 -15.056161389735 0.143285048998 1.235134291971 -0.041998533167 -6.377710432723 0.045663453840
