# Powell
# iter -2*LL p12 p13 p21 p23
1 1 2936.594493465880 0 -3.593736600000 0.034467000000 -14.158912800000 0.138373200000 -0.229276000000 -0.037652700000 -11.606648000000 0.112100800000
2 2 2383.207809011798 0 -4.350192961596 0.034457113717 -55.831751118901 -2.009297209212 -1.297489926055 -0.036952656624 -13.500089428567 0.112007529177
3 2 2305.879566796672 0 -4.929524751845 0.034496395910 -55.400805992448 0.497214108447 -1.581692631891 -0.036914968239 -13.525944928604 0.117565255215
4 3 2304.782751921313 1 -5.019749519616 0.034523604814 -53.807338277900 0.499057280046 -1.593856474834 -0.036882745443 -13.523947667756 0.117936533404
5 3 2304.777324616858 1 -5.021202526304 0.034526620273 -54.682237220198 0.498282799388 -1.597295070062 -0.036850682967 -13.524110170907 0.117903032824
6 4 2304.048884488283 1 -5.027179235506 0.034860481787 -121.779441840949 1.067150737002 -1.802280898451 -0.033408527836 -12.961892019257 0.111541956313
7 4 2303.878211918696 2 -5.029773522555 0.034855160508 -122.428288535412 1.172561251075 -1.857061499593 -0.032806330342 -12.857655586246 0.109969202750
8 5 2303.849804777787 2 -5.038037660085 0.034879631649 -121.683593168045 1.188095293378 -1.865494341047 -0.032760589341 -12.842242014164 0.109713463590
9 5 2303.831808823788 2 -5.056906922132 0.035012320230 -125.142600370712 1.229778830020 -1.874230272650 -0.032688050799 -12.800874879858 0.109199649472
10 6 2303.821024995235 3 -5.063438449493 0.035137106964 -127.199344635355 1.250836639834 -1.874525762244 -0.032675312007 -12.779959945594 0.108943256743
11 6 2303.792627145128 3 -5.101275412711 0.035772677495 -139.086613335567 1.367279122819 -1.869695849629 -0.032714323353 -12.664174027732 0.107551572185
12 7 2303.782627985725 3 -5.106015789136 0.035850275534 -138.462442083814 1.359781038192 -1.858157887454 -0.032885971998 -12.671376134519 0.107638038817
13 7 2303.740071833718 -56 -5.155699278680 0.036563049432 -133.809415766807 1.309388637385 -1.758105376790 -0.034395733785 -12.719247155257 0.108215483529
14 8 2303.739814687884 -56 -5.154398554119 0.036544749238 -133.686356122118 1.305221929656 -1.756998785881 -0.034415162715 -12.723118971146 0.108261389901
15 8 2303.737729387195 -56 -5.149346111542 0.036498781973 -135.591343026088 1.326027225588 -1.745419566956 -0.034582741260 -12.693660255296 0.107903151477
16 9 2303.735479844224 -56 -5.140117964685 0.036351626952 -134.722879598682 1.319662943380 -1.739434612082 -0.034676674707 -12.693999660572 0.107905861564
17 9 2303.731640815558 -55 -5.106801012469 0.035821499637 -132.008966858672 1.297429068025 -1.718204684706 -0.035010090490 -12.694564943219 0.107908643156
18 10 2303.731373981694 -55 -5.104014069623 0.035773685320 -131.734975279673 1.293543243533 -1.715756803473 -0.035048968002 -12.696521052047 0.107932484275
19 10 2303.731356501555 -55 -5.103394019591 0.035765849016 -131.849480739049 1.294552344308 -1.714428323980 -0.035068694803 -12.694572707915 0.107908826894
20 11 2303.731355820491 -54 -5.103321492764 0.035765008233 -131.866657055936 1.294708273034 -1.714191217389 -0.035072211911 -12.694215430424 0.107904489008
21 11 2303.731347437853 -54 -5.103024833062 0.035761398525 -131.794285601159 1.293881168728 -1.713120500864 -0.035088186184 -12.692549546458 0.107884334683
22 12 2303.731323547643 -54 -5.102947601879 0.035761485982 -131.436149670264 1.290202503693 -1.712148966832 -0.035102476323 -12.690765225672 0.107862706337
23 12 2303.731172083669 -53 -5.103032746113 0.035766595120 -128.316680118381 1.258381615398 -1.709439117773 -0.035142085530 -12.684946961548 0.107792232169
24 13 2303.730634295181 -53 -5.104239073668 0.035787667040 -116.801652595323 1.141283033552 -1.708586000224 -0.035153438110 -12.679587020570 0.107727453712
25 13 2303.730292260128 -53 -5.104197174783 0.035787257940 -108.421080971901 1.056530179394 -1.711597539872 -0.035107562560 -12.679740862769 0.107729180162
26 14 2303.730186738486 -53 -5.103630487994 0.035778231958 -104.445991656279 1.016281278886 -1.713564336627 -0.035077997093 -12.680877099618 0.107742856134
27 14 2303.730119551557 -52 -5.103681833068 0.035777641503 -100.481200365112 0.975786901876 -1.714425947923 -0.035065357353 -12.682716437711 0.107765232794
28 15 2303.729992296400 -52 -5.104567697422 0.035786009899 -99.052802159088 0.960860756343 -1.715800789802 -0.035046102521 -12.689486148324 0.107847496884
29 15 2303.729967645497 -51 -5.105159929311 0.035794328522 -101.029821370168 0.980981409471 -1.715847202926 -0.035045537175 -12.690543182107 0.107860323948
30 16 2303.729957489306 -51 -5.105280038090 0.035795760578 -103.142490016532 1.002573935824 -1.716375447424 -0.035037716879 -12.691709000680 0.107874391503
31 16 2303.729957452586 -51 -5.105224575851 0.035794849292 -103.157041217893 1.002718078875 -1.716338729462 -0.035038305856 -12.691748942328 0.107874870139
32 17 2303.729957444899 -50 -5.105209966069 0.035794601148 -103.194791479191 1.003097586396 -1.716313313326 -0.035038701304 -12.691734250766 0.107874695207
33 17 2303.729957444845 -50 -5.105211271181 0.035794623925 -103.197185786505 1.003121905149 -1.716313381206 -0.035038699226 -12.691730608944 0.107874651094
34 18 2303.729957444844 -49 -5.105211483442 0.035794627524 -103.196661061690 1.003116633503 -1.716313753656 -0.035038693435 -12.691730832775 0.107874653761
35 18 2303.729957444842 -49 -5.105211403372 0.035794626825 -103.197116642236 1.003121306172 -1.716313556506 -0.035038696265 -12.691730139653 0.107874645339
36 19 2303.729957444841 -48 -5.105211395330 0.035794626729 -103.196975185901 1.003119860418 -1.716313521137 -0.035038696789 -12.691730061594 0.107874644397
