# Powell
# iter -2*LL p12 p13 p21 p23
1 1 20234.415282465947 0 0.000000000000 0.000000000000 0.000000000000 0.000000000000 0.000000000000 0.000000000000 0.000000000000 0.000000000000
2 2 6894.058066269715 1 5.609318719733 -0.001883693255 -0.915266749335 0.001993384433 2.894306152605 -0.000595381527 -1.510658575857 0.002859169040
3 2 4414.062341629117 1 -1.413169451122 -0.003290669081 -4.737111092881 0.010627149311 3.000555184394 -0.004510087972 -2.912063887369 0.011153728237
4 3 4327.606769505765 1 -1.703935608538 0.000551353790 -5.340309180151 0.013338451156 3.191182566535 -0.018752392532 -3.248468826764 0.008596177427
5 3 4222.852594661679 2 -2.163158686103 0.005726737469 -6.612565357028 0.020778513275 3.109800584831 -0.029778965749 -3.914387902994 0.029143051525
6 4 4183.367558656058 3 -2.385805702974 0.007668450103 -6.971802716223 0.022400249035 2.964419773149 -0.034702889604 -4.394278644867 0.029994332273
7 4 4037.695914251089 4 -3.339323596154 0.009830600467 -8.565066550740 0.039941197742 2.255384177852 -0.056917614561 -6.653684163493 0.038257639096
8 5 3691.222229830284 5 -3.465905133959 -0.003555648096 -8.728368894330 0.049094277224 1.744017626158 -0.058785166820 -7.151364496743 0.045943213100
9 5 3673.652697929609 6 -3.554873476602 -0.006882560307 -8.798885899145 0.051272569298 1.729130724294 -0.058886400282 -7.321134193977 0.048456755246
10 6 3651.543669387636 6 -4.732023973789 0.006012782915 -9.675242875882 0.066018278176 1.701485498046 -0.058826989876 -8.593811389766 0.064099621947
11 6 3614.735951990804 7 -6.487269449560 0.031729658773 -10.986218501989 0.083721277042 1.688766459294 -0.057971308620 -10.416923137561 0.087260152411
12 7 3601.101617952641 8 -6.944729357507 0.038730258006 -11.340813057351 0.086363443411 1.590254891627 -0.057246156026 -10.822786986846 0.091814866029
13 7 3590.993475609654 9 -7.559947749942 0.049475376398 -11.797821372730 0.089402773149 1.349918092544 -0.054029148364 -11.332395974605 0.097741539574
14 8 3590.105368696017 10 -7.625815060597 0.050465760434 -11.847955481643 0.090392818164 1.294599449727 -0.052998124796 -11.410051638385 0.098762172130
15 8 3582.027472757075 10 -7.989431085464 0.055959555805 -12.256379749429 0.098512610267 0.264736871961 -0.037740053007 -11.851648968135 0.104208778423
16 9 3576.355613762743 11 -7.805797892707 0.053184529625 -12.208225898185 0.097699697853 -0.143978342678 -0.032753267342 -11.681448517463 0.101821713997
17 9 3570.595163578530 12 -7.528607140169 0.049109942127 -12.197386907819 0.095928356790 -1.155193712385 -0.019237722020 -11.421154741445 0.098792167360
18 10 3570.137882275979 12 -7.687277243078 0.050979521976 -12.336465641138 0.097641961040 -1.232636777778 -0.018543394495 -11.589004399416 0.100621890269
19 10 3570.060756827739 13 -7.785781648056 0.052169698795 -12.416764131689 0.098534909320 -1.253695952815 -0.018248031386 -11.693591114189 0.101896349443
20 11 3570.059776688820 14 -7.782108355597 0.052100911498 -12.414184831162 0.098514843920 -1.251913430345 -0.018282441167 -11.692983417685 0.101880216924
21 11 3570.054269956510 14 -7.773307689863 0.051952840377 -12.406707547999 0.098391256733 -1.252698045882 -0.018352440843 -11.719160477099 0.102192816680
22 12 3570.046141480482 15 -7.770097255989 0.051920140457 -12.400843071516 0.098311781954 -1.248985878460 -0.018393395325 -11.741446079855 0.102518587512
23 12 3569.994699679432 16 -7.740774449693 0.051557434073 -12.342181128256 0.097607447696 -1.226994119657 -0.018592477306 -12.035245090136 0.105947089392
24 13 3569.993138105033 17 -7.742660604837 0.051572087081 -12.343349223396 0.097643989260 -1.229686731120 -0.018568509866 -12.044583973866 0.106011617622
25 13 3569.992475975271 18 -7.743843659778 0.051579183195 -12.341742256851 0.097636620462 -1.231567707163 -0.018569287680 -12.057437449308 0.106152369122
26 14 3569.990191982638 19 -7.746643926138 0.051609083095 -12.335817682785 0.097574526050 -1.233499719283 -0.018575685842 -12.073647855596 0.106348916307
27 14 3569.987411740451 20 -7.750195255846 0.051651490839 -12.328593165811 0.097489143924 -1.243430792705 -0.018471820768 -12.089911377540 0.106541807255
28 15 3569.971440608338 21 -7.766672018199 0.051867348961 -12.282914057608 0.096898089322 -1.279110684363 -0.018069011939 -12.134880113382 0.107116659541
29 15 3569.944563469678 22 -7.798914526427 0.052302871530 -12.208674437092 0.095964841014 -1.296362081405 -0.017896653156 -12.182329787527 0.107677529134
30 16 3569.871491487329 23 -7.874050665438 0.053346295492 -12.014082526624 0.093468645517 -1.290764781355 -0.017935734186 -12.212552521075 0.108028586188
31 16 3569.850376232169 23 -7.870155309788 0.053296068805 -12.004038325444 0.093306849687 -1.269132024003 -0.018158687443 -12.176980105243 0.107605391817
32 17 3569.837495573576 24 -7.865119904175 0.053245848464 -11.981673914960 0.092936287284 -1.265517400395 -0.018107462374 -12.126364277630 0.107060914771
33 17 3569.837452121136 25 -7.866031352876 0.053260986883 -11.982023401089 0.092941299316 -1.264106357491 -0.018125930053 -12.126053637862 0.107063652926
34 18 3569.837451819321 26 -7.866110789481 0.053262300215 -11.982150791308 0.092943295923 -1.264065488441 -0.018126255060 -12.125984833311 0.107063141459
35 18 3569.837451799639 28 -7.866116150696 0.053262388289 -11.982189405885 0.092943870881 -1.264048113545 -0.018126424760 -12.125965361417 0.107062814732
36 19 3569.837451797843 31 -7.866116255833 0.053262393659 -11.982196786973 0.092943988372 -1.264042201546 -0.018126486849 -12.125961104523 0.107062726643
37 19 3569.837451797726 34 -7.866117045716 0.053262404379 -11.982199779209 0.092944031764 -1.264040708913 -0.018126505286 -12.125962161230 0.107062728650
