# ESMsr.txt
#IMaCh version 0.99r45, April 2023,INED-EUROREVES-Institut de longevite-Japan Society for the Promotion of Science (Grant-in-Aid for Scientific Research 25293121), Intel Software 2015-2020, Nihon University 2021-202, INED 2000-2022
#$Revision: 1.353 $ $Date: 2023/05/08 18:48:22 $
# Tue Feb 04 22:13:35 2025
# Forward period (stable) prevalence. Precision given by ftolpl=0.0006 
#Age 1-1 2-2 
#************
#Age   1-1     2-2   Total Years_to_converge
50  0.80235 0.19774 1.000 16
51  0.79327 0.20683 1.000 16
52  0.78389 0.21623 1.000 16
53  0.77421 0.22590 1.000 17
54  0.76424 0.23589 1.000 17
55  0.75397 0.24614 1.000 17
56  0.74341 0.25671 1.000 17
57  0.73258 0.26756 1.000 17
58  0.72147 0.27865 1.000 18
59  0.71011 0.29003 1.000 18
60  0.69849 0.30167 1.000 18
61  0.68664 0.31355 1.000 18
62  0.67455 0.32561 1.000 18
63  0.66225 0.33793 1.000 18
64  0.64976 0.35044 1.000 18
65  0.63708 0.36309 1.000 19
66  0.62424 0.37594 1.000 19
67  0.61126 0.38895 1.000 19
68  0.59815 0.40207 1.000 19
69  0.58494 0.41531 1.000 19
70  0.57162 0.42858 1.000 19
71  0.55825 0.44197 1.000 19
72  0.54483 0.45541 1.000 19
73  0.53138 0.46887 1.000 19
74  0.51793 0.48233 1.000 19
75  0.50449 0.49579 1.000 19
76  0.49108 0.50921 1.000 19
77  0.47771 0.52253 1.000 20
78  0.46441 0.53583 1.000 20
79  0.45121 0.54905 1.000 20
80  0.43811 0.56216 1.000 20
81  0.42510 0.57511 1.000 20
82  0.41225 0.58797 1.000 20
83  0.39954 0.60069 1.000 20
84  0.38698 0.61324 1.000 20
85  0.37459 0.62563 1.000 20
86  0.36236 0.63782 1.000 21
87  0.35033 0.64985 1.000 21
88  0.33848 0.66169 1.000 21
89  0.32684 0.67334 1.000 21
90  0.31539 0.68478 1.000 21
