# ESMsr.txt
#IMaCh version 0.99r45, April 2023,INED-EUROREVES-Institut de longevite-Japan Society for the Promotion of Science (Grant-in-Aid for Scientific Research 25293121), Intel Software 2015-2020, Nihon University 2021-202, INED 2000-2022
#$Revision: 1.353 $ $Date: 2023/05/08 18:48:22 $
# Tue Feb 04 22:13:35 2025
# probabilities of dying before estepm=6 months for people of exact age and weighted probabilities w1*p1j+w2*p2j+... stand dev in()
# Selected quantitative variables and dummies
# Age cov=1 p.3 SE w1 p13 w2 p23
 50 1   2.305e-003  5.921e-004  8.024e-001  4.789e-004   1.977e-001  9.715e-003 
 51 1   2.557e-003  6.312e-004  7.933e-001  5.303e-004   2.068e-001  1.033e-002 
 52 1   2.834e-003  6.718e-004  7.839e-001  5.871e-004   2.162e-001  1.098e-002 
 53 1   3.138e-003  7.135e-004  7.742e-001  6.500e-004   2.259e-001  1.166e-002 
 54 1   3.473e-003  7.566e-004  7.642e-001  7.196e-004   2.359e-001  1.239e-002 
 55 1   3.841e-003  8.503e-004  7.540e-001  7.966e-004   2.461e-001  1.316e-002 
 56 1   4.245e-003  8.456e-004  7.434e-001  8.817e-004   2.567e-001  1.398e-002 
 57 1   4.687e-003  8.914e-004  7.326e-001  9.759e-004   2.676e-001  1.485e-002 
 58 1   5.171e-003  9.378e-004  7.215e-001  1.080e-003   2.787e-001  1.576e-002 
 59 1   5.701e-003  9.847e-004  7.101e-001  1.195e-003   2.900e-001  1.673e-002 
 60 1   6.280e-003  1.032e-003  6.985e-001  1.323e-003   3.017e-001  1.776e-002 
 61 1   6.912e-003  1.080e-003  6.866e-001  1.463e-003   3.135e-001  1.884e-002 
 62 1   7.600e-003  1.128e-003  6.745e-001  1.619e-003   3.256e-001  1.999e-002 
 63 1   8.350e-003  1.176e-003  6.623e-001  1.791e-003   3.379e-001  2.120e-002 
 64 1   9.166e-003  1.225e-003  6.498e-001  1.981e-003   3.504e-001  2.248e-002 
 65 1   1.005e-002  1.275e-003  6.371e-001  2.191e-003   3.631e-001  2.384e-002 
 66 1   1.101e-002  1.326e-003  6.242e-001  2.423e-003   3.759e-001  2.527e-002 
 67 1   1.205e-002  1.380e-003  6.113e-001  2.679e-003   3.889e-001  2.678e-002 
 68 1   1.318e-002  1.438e-003  5.982e-001  2.962e-003   4.021e-001  2.838e-002 
 69 1   1.440e-002  1.501e-003  5.849e-001  3.275e-003   4.153e-001  3.007e-002 
 70 1   1.572e-002  1.572e-003  5.716e-001  3.620e-003   4.286e-001  3.185e-002 
 71 1   1.714e-002  1.652e-003  5.582e-001  4.001e-003   4.420e-001  3.373e-002 
 72 1   1.867e-002  1.747e-003  5.448e-001  4.421e-003   4.554e-001  3.571e-002 
 73 1   2.032e-002  1.858e-003  5.314e-001  4.884e-003   4.689e-001  3.780e-002 
 74 1   2.209e-002  1.991e-003  5.179e-001  5.396e-003   4.823e-001  4.001e-002 
 75 1   2.400e-002  2.148e-003  5.045e-001  5.960e-003   4.958e-001  4.234e-002 
 76 1   2.604e-002  2.336e-003  4.911e-001  6.582e-003   5.092e-001  4.479e-002 
 77 1   2.823e-002  2.558e-003  4.777e-001  7.267e-003   5.225e-001  4.737e-002 
 78 1   3.057e-002  2.820e-003  4.644e-001  8.023e-003   5.358e-001  5.009e-002 
 79 1   3.307e-002  3.124e-003  4.512e-001  8.855e-003   5.490e-001  5.296e-002 
 80 1   3.575e-002  3.447e-003  4.381e-001  9.771e-003   5.622e-001  5.597e-002 
 81 1   3.860e-002  3.878e-003  4.251e-001  1.078e-002   5.751e-001  5.914e-002 
 82 1   4.164e-002  4.336e-003  4.122e-001  1.189e-002   5.880e-001  6.248e-002 
 83 1   4.487e-002  4.854e-003  3.995e-001  1.311e-002   6.007e-001  6.599e-002 
 84 1   4.832e-002  5.435e-003  3.870e-001  1.445e-002   6.132e-001  6.967e-002 
 85 1   5.197e-002  6.085e-003  3.746e-001  1.593e-002   6.256e-001  7.354e-002 
 86 1   5.585e-002  6.806e-003  3.624e-001  1.755e-002   6.378e-001  7.760e-002 
 87 1   5.997e-002  7.605e-003  3.503e-001  1.933e-002   6.499e-001  8.186e-002 
 88 1   6.433e-002  8.485e-003  3.385e-001  2.128e-002   6.617e-001  8.633e-002 
 89 1   6.894e-002  9.452e-003  3.268e-001  2.342e-002   6.733e-001  9.101e-002 
 90 1   7.381e-002  1.051e-002  3.154e-001  2.577e-002   6.848e-001  9.592e-002 
