# ESMsr.txt
#IMaCh version 0.99r45, April 2023,INED-EUROREVES-Institut de longevite-Japan Society for the Promotion of Science (Grant-in-Aid for Scientific Research 25293121), Intel Software 2015-2020, Nihon University 2021-202, INED 2000-2022
#$Revision: 1.353 $ $Date: 2023/05/08 18:48:22 $
# Tue Feb 04 22:13:35 2025
#One-step probabilities and covariance matrix
# Age p1-1  p1-2  p1-3  p2-1  p2-2  p2-3 
50  9.509e-001  4.858e-002  4.789e-004  1.671e-001  8.232e-001  9.715e-003 
50 1-1  4.038e-005
50 1-2 -4.029e-005  4.035e-005
50 1-3 -8.695e-008 -5.624e-008  1.432e-007
50 2-1 -4.640e-005  4.613e-005  2.689e-007  4.528e-004
50 2-2  4.597e-005 -4.586e-005 -1.065e-007 -4.494e-004  4.529e-004
50 2-3  4.280e-007 -2.656e-007 -1.624e-007 -3.401e-006 -3.508e-006  6.909e-006
51  9.493e-001  5.019e-002  5.303e-004  1.624e-001  8.273e-001  1.033e-002 
51 1-1  3.937e-005
51 1-2 -3.927e-005  3.933e-005
51 1-3 -1.024e-007 -6.170e-008  1.641e-007
51 2-1 -4.282e-005  4.255e-005  2.656e-007  3.940e-004
51 2-2  4.239e-005 -4.231e-005 -8.630e-008 -3.909e-004  3.950e-004
51 2-3  4.262e-007 -2.469e-007 -1.793e-007 -3.125e-006 -4.157e-006  7.282e-006
52  9.476e-001  5.186e-002  5.871e-004  1.578e-001  8.312e-001  1.098e-002 
52 1-1  3.828e-005
52 1-2 -3.816e-005  3.823e-005
52 1-3 -1.197e-007 -6.793e-008  1.876e-007
52 2-1 -3.941e-005  3.914e-005  2.615e-007  3.418e-004
52 2-2  3.898e-005 -3.892e-005 -6.375e-008 -3.389e-004  3.437e-004
52 2-3  4.240e-007 -2.263e-007 -1.977e-007 -2.868e-006 -4.789e-006  7.657e-006
53  9.458e-001  5.357e-002  6.500e-004  1.533e-001  8.351e-001  1.166e-002 
53 1-1  3.712e-005
53 1-2 -3.698e-005  3.705e-005
53 1-3 -1.391e-007 -7.508e-008  2.141e-007
53 2-1 -3.617e-005  3.591e-005  2.566e-007  2.956e-004
53 2-2  3.575e-005 -3.571e-005 -3.880e-008 -2.930e-004  2.984e-004
53 2-3  4.215e-007 -2.037e-007 -2.178e-007 -2.631e-006 -5.401e-006  8.032e-006
54  9.439e-001  5.533e-002  7.196e-004  1.489e-001  8.387e-001  1.239e-002 
54 1-1  3.590e-005
54 1-2 -3.574e-005  3.582e-005
54 1-3 -1.606e-007 -8.337e-008  2.440e-007
54 2-1 -3.312e-005  3.287e-005  2.510e-007  2.551e-004
54 2-2  3.270e-005 -3.269e-005 -1.140e-008 -2.526e-004  2.586e-004
54 2-3  4.184e-007 -1.788e-007 -2.396e-007 -2.414e-006 -5.992e-006  8.405e-006
55  9.420e-001  5.715e-002  7.966e-004  1.446e-001  8.422e-001  1.316e-002 
55 1-1  3.463e-005
55 1-2 -3.445e-005  3.454e-005
55 1-3 -1.843e-007 -9.305e-008  2.773e-007
55 2-1 -3.027e-005  3.002e-005  2.447e-007  2.196e-004
55 2-2  2.985e-005 -2.987e-005  1.851e-008 -2.174e-004  2.240e-004
55 2-3  4.148e-007 -1.516e-007 -2.632e-007 -2.217e-006 -6.557e-006  8.773e-006
56  9.401e-001  5.903e-002  8.817e-004  1.404e-001  8.456e-001  1.398e-002 
56 1-1  3.334e-005
56 1-2 -3.313e-005  3.323e-005
56 1-3 -2.103e-007 -1.044e-007  3.147e-007
56 2-1 -2.761e-005  2.737e-005  2.379e-007  1.889e-004
56 2-2  2.720e-005 -2.725e-005  5.098e-008 -1.869e-004  1.940e-004
56 2-3  4.106e-007 -1.217e-007 -2.889e-007 -2.040e-006 -7.095e-006  9.134e-006
57  9.381e-001  6.096e-002  9.759e-004  1.363e-001  8.489e-001  1.485e-002 
57 1-1  3.204e-005
57 1-2 -3.180e-005  3.192e-005
57 1-3 -2.385e-007 -1.179e-007  3.564e-007
57 2-1 -2.517e-005  2.494e-005  2.308e-007  1.625e-004
57 2-2  2.476e-005 -2.485e-005  8.604e-008 -1.606e-004  1.682e-004
57 2-3  4.055e-007 -8.868e-008 -3.168e-007 -1.883e-006 -7.603e-006  9.485e-006
58  9.360e-001  6.295e-002  1.080e-003  1.323e-001  8.520e-001  1.576e-002 
58 1-1  3.076e-005
58 1-2 -3.049e-005  3.063e-005
58 1-3 -2.688e-007 -1.340e-007  4.028e-007
58 2-1 -2.294e-005  2.272e-005  2.234e-007  1.399e-004
58 2-2  2.254e-005 -2.267e-005  1.237e-007 -1.381e-004  1.462e-004
58 2-3  3.994e-007 -5.223e-008 -3.472e-007 -1.746e-006 -8.079e-006  9.825e-006
59  9.338e-001  6.500e-002  1.195e-003  1.284e-001  8.549e-001  1.673e-002 
59 1-1  2.953e-005
59 1-2 -2.923e-005  2.938e-005
59 1-3 -3.012e-007 -1.532e-007  4.545e-007
59 2-1 -2.094e-005  2.072e-005  2.161e-007  1.208e-004
59 2-2  2.055e-005 -2.071e-005  1.642e-007 -1.192e-004  1.277e-004
59 2-3  3.921e-007 -1.180e-008 -3.803e-007 -1.628e-006 -8.522e-006  1.015e-005
60  9.316e-001  6.712e-002  1.323e-003  1.245e-001  8.577e-001  1.776e-002 
60 1-1  2.837e-005
60 1-2 -2.804e-005  2.821e-005
60 1-3 -3.355e-007 -1.765e-007  5.120e-007
60 2-1 -1.917e-005  1.896e-005  2.091e-007  1.048e-004
60 2-2  1.879e-005 -1.899e-005  2.073e-007 -1.033e-004  1.122e-004
60 2-3  3.832e-007  3.322e-008 -4.164e-007 -1.529e-006 -8.931e-006  1.046e-005
61  9.292e-001  6.929e-002  1.463e-003  1.208e-001  8.603e-001  1.884e-002 
61 1-1  2.734e-005
61 1-2 -2.696e-005  2.717e-005
61 1-3 -3.713e-007 -2.046e-007  5.759e-007
61 2-1 -1.763e-005  1.743e-005  2.028e-007  9.170e-005
61 2-2  1.726e-005 -1.751e-005  2.534e-007 -9.026e-005  9.956e-005
61 2-3  3.726e-007  8.359e-008 -4.562e-007 -1.448e-006 -9.306e-006  1.075e-005
62  9.269e-001  7.153e-002  1.619e-003  1.172e-001  8.628e-001  1.999e-002 
62 1-1  2.646e-005
62 1-2 -2.605e-005  2.629e-005
62 1-3 -4.084e-007 -2.388e-007  6.472e-007
62 2-1 -1.634e-005  1.614e-005  1.975e-007  8.108e-005
62 2-2  1.598e-005 -1.628e-005  3.026e-007 -7.969e-005  8.934e-005
62 2-3  3.599e-007  1.402e-007 -5.001e-007 -1.386e-006 -9.648e-006  1.103e-005
63  9.244e-001  7.383e-002  1.791e-003  1.136e-001  8.652e-001  2.120e-002 
63 1-1  2.579e-005
63 1-2 -2.534e-005  2.562e-005
63 1-3 -4.463e-007 -2.805e-007  7.269e-007
63 2-1 -1.529e-005  1.509e-005  1.938e-007  7.267e-005
63 2-2  1.494e-005 -1.530e-005  3.551e-007 -7.133e-005  8.129e-005
63 2-3  3.447e-007  2.042e-007 -5.489e-007 -1.340e-006 -9.960e-006  1.130e-005
64  9.218e-001  7.620e-002  1.981e-003  1.102e-001  8.674e-001  2.248e-002 
64 1-1  2.538e-005
64 1-2 -2.490e-005  2.523e-005
64 1-3 -4.847e-007 -3.316e-007  8.163e-007
64 2-1 -1.448e-005  1.429e-005  1.921e-007  6.622e-005
64 2-2  1.416e-005 -1.457e-005  4.115e-007 -6.491e-005  7.516e-005
64 2-3  3.268e-007  2.769e-007 -6.036e-007 -1.311e-006 -1.025e-005  1.156e-005
65  9.192e-001  7.864e-002  2.191e-003  1.068e-001  8.694e-001  2.384e-002 
65 1-1  2.529e-005
65 1-2 -2.477e-005  2.517e-005
65 1-3 -5.233e-007 -3.942e-007  9.175e-007
65 2-1 -1.393e-005  1.374e-005  1.933e-007  6.148e-005
65 2-2  1.363e-005 -1.410e-005  4.723e-007 -6.018e-005  7.069e-005
65 2-3  3.058e-007  3.598e-007 -6.655e-007 -1.298e-006 -1.051e-005  1.181e-005
66  9.164e-001  8.115e-002  2.423e-003  1.035e-001  8.712e-001  2.527e-002 
66 1-1  2.560e-005
66 1-2 -2.504e-005  2.551e-005
66 1-3 -5.618e-007 -4.712e-007  1.033e-006
66 2-1 -1.364e-005  1.344e-005  1.979e-007  5.821e-005
66 2-2  1.335e-005 -1.389e-005  5.384e-007 -5.691e-005  6.768e-005
66 2-3  2.816e-007  4.547e-007 -7.363e-007 -1.299e-006 -1.077e-005  1.207e-005
67  9.136e-001  8.372e-002  2.679e-003  1.003e-001  8.729e-001  2.678e-002 
67 1-1  2.637e-005
67 1-2 -2.577e-005  2.634e-005
67 1-3 -6.004e-007 -5.661e-007  1.166e-006
67 2-1 -1.359e-005  1.339e-005  2.069e-007  5.621e-005
67 2-2  1.334e-005 -1.395e-005  6.112e-007 -5.490e-005  6.593e-005
67 2-3  2.541e-007  5.640e-007 -8.180e-007 -1.316e-006 -1.104e-005  1.235e-005
68  9.107e-001  8.637e-002  2.962e-003  9.714e-002  8.745e-001  2.838e-002 
68 1-1  2.770e-005
68 1-2 -2.706e-005  2.774e-005
68 1-3 -6.398e-007 -6.830e-007  1.323e-006
68 2-1 -1.381e-005  1.359e-005  2.212e-007  5.530e-005
68 2-2  1.359e-005 -1.428e-005  6.923e-007 -5.395e-005  6.528e-005
68 2-3  2.234e-007  6.901e-007 -9.135e-007 -1.347e-006 -1.133e-005  1.267e-005
69  9.076e-001  8.910e-002  3.275e-003  9.409e-002  8.758e-001  3.007e-002 
69 1-1  2.966e-005
69 1-2 -2.898e-005  2.981e-005
69 1-3 -6.814e-007 -8.275e-007  1.509e-006
69 2-1 -1.428e-005  1.404e-005  2.421e-007  5.529e-005
69 2-2  1.409e-005 -1.488e-005  7.843e-007 -5.390e-005  6.556e-005
69 2-3  1.902e-007  8.362e-007 -1.026e-006 -1.393e-006 -1.166e-005  1.306e-005
70  9.045e-001  9.189e-002  3.620e-003  9.112e-002  8.770e-001  3.185e-002 
70 1-1  3.237e-005
70 1-2 -3.164e-005  3.265e-005
70 1-3 -7.281e-007 -1.006e-006  1.734e-006
70 2-1 -1.501e-005  1.474e-005  2.709e-007  5.603e-005
70 2-2  1.486e-005 -1.575e-005  8.903e-007 -5.458e-005  6.666e-005
70 2-3  1.552e-007  1.006e-006 -1.161e-006 -1.452e-006 -1.208e-005  1.353e-005
71  9.012e-001  9.476e-002  4.001e-003  8.822e-002  8.781e-001  3.373e-002 
71 1-1  3.594e-005
71 1-2 -3.516e-005  3.638e-005
71 1-3 -7.847e-007 -1.227e-006  2.012e-006
71 2-1 -1.600e-005  1.569e-005  3.090e-007  5.738e-005
71 2-2  1.588e-005 -1.689e-005  1.015e-006 -5.585e-005  6.847e-005
71 2-3  1.202e-007  1.204e-006 -1.324e-006 -1.527e-006 -1.262e-005  1.414e-005
72  8.979e-001  9.771e-002  4.421e-003  8.539e-002  8.789e-001  3.571e-002 
72 1-1  4.049e-005
72 1-2 -3.963e-005  4.113e-005
72 1-3 -8.589e-007 -1.502e-006  2.361e-006
72 2-1 -1.723e-005  1.688e-005  3.581e-007  5.920e-005
72 2-2  1.715e-005 -1.831e-005  1.164e-006 -5.759e-005  7.091e-005
72 2-3  8.750e-008  1.434e-006 -1.522e-006 -1.617e-006 -1.332e-005  1.494e-005
73  8.944e-001  1.007e-001  4.884e-003  8.264e-002  8.796e-001  3.780e-002 
73 1-1  4.616e-005
73 1-2 -4.520e-005  4.704e-005
73 1-3 -9.622e-007 -1.842e-006  2.805e-006
73 2-1 -1.872e-005  1.830e-005  4.202e-007  6.139e-005
73 2-2  1.866e-005 -2.001e-005  1.344e-006 -5.967e-005  7.393e-005
73 2-3  6.065e-008  1.703e-006 -1.764e-006 -1.725e-006 -1.426e-005  1.598e-005
74  8.908e-001  1.038e-001  5.396e-003  7.997e-002  8.800e-001  4.001e-002 
74 1-1  5.310e-005
74 1-2 -5.199e-005  5.426e-005
74 1-3 -1.112e-006 -2.266e-006  3.378e-006
74 2-1 -2.046e-005  1.997e-005  4.974e-007  6.384e-005
74 2-2  2.042e-005 -2.198e-005  1.566e-006 -6.199e-005  7.749e-005
74 2-3  4.467e-008  2.019e-006 -2.063e-006 -1.850e-006 -1.550e-005  1.735e-005
75  8.870e-001  1.070e-001  5.960e-003  7.736e-002  8.803e-001  4.234e-002 
75 1-1  6.148e-005
75 1-2 -6.015e-005  6.294e-005
75 1-3 -1.334e-006 -2.793e-006  4.126e-006
75 2-1 -2.245e-005  2.185e-005  5.923e-007  6.647e-005
75 2-2  2.240e-005 -2.424e-005  1.842e-006 -6.447e-005  8.161e-005
75 2-3  4.642e-008  2.388e-006 -2.434e-006 -1.998e-006 -1.714e-005  1.913e-005
76  8.831e-001  1.103e-001  6.582e-003  7.482e-002  8.804e-001  4.479e-002 
76 1-1  7.149e-005
76 1-2 -6.982e-005  7.327e-005
76 1-3 -1.662e-006 -3.449e-006  5.111e-006
76 2-1 -2.467e-005  2.396e-005  7.075e-007  6.918e-005
76 2-2  2.459e-005 -2.678e-005  2.188e-006 -6.701e-005  8.629e-005
76 2-3  7.517e-008  2.820e-006 -2.896e-006 -2.169e-006 -1.928e-005  2.145e-005
77  8.791e-001  1.136e-001  7.267e-003  7.234e-002  8.803e-001  4.737e-002 
77 1-1  8.332e-005
77 1-2 -8.117e-005  8.544e-005
77 1-3 -2.148e-006 -4.268e-006  6.416e-006
77 2-1 -2.713e-005  2.628e-005  8.461e-007  7.191e-005
77 2-2  2.698e-005 -2.961e-005  2.625e-006 -6.955e-005  9.161e-005
77 2-3  1.432e-007  3.328e-006 -3.471e-006 -2.368e-006 -2.207e-005  2.443e-005
78  8.750e-001  1.170e-001  8.023e-003  6.994e-002  8.800e-001  5.009e-002 
78 1-1  9.721e-005
78 1-2 -9.435e-005  9.964e-005
78 1-3 -2.860e-006 -5.292e-006  8.152e-006
78 2-1 -2.981e-005  2.880e-005  1.012e-006  7.461e-005
78 2-2  2.954e-005 -3.272e-005  3.178e-006 -7.201e-005  9.766e-005
78 2-3  2.665e-007  3.923e-006 -4.189e-006 -2.599e-006 -2.565e-005  2.825e-005
79  8.706e-001  1.205e-001  8.855e-003  6.759e-002  8.794e-001  5.296e-002 
79 1-1  1.134e-004
79 1-2 -1.095e-004  1.161e-004
79 1-3 -3.893e-006 -6.572e-006  1.046e-005
79 2-1 -3.272e-005  3.151e-005  1.208e-006  7.722e-005
79 2-2  3.225e-005 -3.613e-005  3.879e-006 -7.435e-005  1.046e-004
79 2-3  4.658e-007  4.622e-006 -5.088e-006 -2.869e-006 -3.022e-005  3.309e-005
80  8.661e-001  1.241e-001  9.771e-003  6.531e-002  8.787e-001  5.597e-002 
80 1-1  1.322e-004
80 1-2 -1.269e-004  1.350e-004
80 1-3 -5.374e-006 -8.176e-006  1.355e-005
80 2-1 -3.584e-005  3.440e-005  1.440e-006  7.969e-005
80 2-2  3.507e-005 -3.984e-005  4.770e-006 -7.651e-005  1.125e-004
80 2-3  7.676e-007  5.442e-006 -6.210e-006 -3.183e-006 -3.599e-005  3.918e-005
81  8.615e-001  1.277e-001  1.078e-002  6.310e-002  8.778e-001  5.914e-002 
81 1-1  1.540e-004
81 1-2 -1.465e-004  1.567e-004
81 1-3 -7.474e-006 -1.019e-005  1.766e-005
81 2-1 -3.917e-005  3.746e-005  1.711e-006  8.200e-005
81 2-2  3.797e-005 -4.387e-005  5.900e-006 -7.845e-005  1.217e-004
81 2-3  1.205e-006  6.406e-006 -7.611e-006 -3.549e-006 -4.323e-005  4.678e-005
82  8.566e-001  1.315e-001  1.189e-002  6.094e-002  8.766e-001  6.248e-002 
82 1-1  1.791e-004
82 1-2 -1.687e-004  1.814e-004
82 1-3 -1.042e-005 -1.272e-005  2.314e-005
82 2-1 -4.270e-005  4.067e-005  2.028e-006  8.411e-005
82 2-2  4.088e-005 -4.821e-005  7.331e-006 -8.013e-005  1.324e-004
82 2-3  1.821e-006  7.538e-006 -9.359e-006 -3.977e-006 -5.224e-005  5.622e-005
83  8.516e-001  1.353e-001  1.311e-002  5.883e-002  8.752e-001  6.599e-002 
83 1-1  2.079e-004
83 1-2 -1.934e-004  2.093e-004
83 1-3 -1.452e-005 -1.590e-005  3.042e-005
83 2-1 -4.642e-005  4.402e-005  2.396e-006  8.599e-005
83 2-2  4.375e-005 -5.289e-005  9.139e-006 -8.152e-005  1.449e-004
83 2-3  2.668e-006  8.868e-006 -1.154e-005 -4.475e-006 -6.337e-005  6.785e-005
84  8.464e-001  1.391e-001  1.445e-002  5.679e-002  8.735e-001  6.967e-002 
84 1-1  2.411e-004
84 1-2 -2.209e-004  2.408e-004
84 1-3 -2.016e-005 -1.991e-005  4.007e-005
84 2-1 -5.031e-005  4.749e-005  2.822e-006  8.764e-005
84 2-2  4.651e-005 -5.792e-005  1.142e-005 -8.258e-005  1.596e-004
84 2-3  3.809e-006  1.043e-005 -1.424e-005 -5.056e-006 -7.702e-005  8.208e-005
85  8.410e-001  1.431e-001  1.593e-002  5.480e-002  8.717e-001  7.354e-002 
85 1-1  2.791e-004
85 1-2 -2.512e-004  2.762e-004
85 1-3 -2.785e-005 -2.497e-005  5.282e-005
85 2-1 -5.438e-005  5.107e-005  3.313e-006  8.903e-005
85 2-2  4.906e-005 -6.334e-005  1.428e-005 -8.330e-005  1.770e-004
85 2-3  5.325e-006  1.227e-005 -1.759e-005 -5.731e-006 -9.366e-005  9.940e-005
86  8.354e-001  1.471e-001  1.755e-002  5.287e-002  8.695e-001  7.760e-002 
86 1-1  3.227e-004
86 1-2 -2.844e-004  3.158e-004
86 1-3 -3.827e-005 -3.136e-005  6.963e-005
86 2-1 -5.860e-005  5.473e-005  3.877e-006  9.016e-005
86 2-2  5.129e-005 -6.916e-005  1.787e-005 -8.365e-005  1.975e-004
86 2-3  7.313e-006  1.443e-005 -2.174e-005 -6.515e-006 -1.138e-004  1.203e-004
87  8.295e-001  1.512e-001  1.933e-002  5.099e-002  8.672e-001  8.186e-002 
87 1-1  3.728e-004
87 1-2 -3.205e-004  3.600e-004
87 1-3 -5.226e-005 -3.943e-005  9.169e-005
87 2-1 -6.298e-005  5.845e-005  4.523e-006  9.102e-005
87 2-2  5.309e-005 -7.543e-005  2.234e-005 -8.360e-005  2.217e-004
87 2-3  9.889e-006  1.697e-005 -2.686e-005 -7.424e-006 -1.381e-004  1.455e-004
88  8.234e-001  1.553e-001  2.128e-002  4.916e-002  8.645e-001  8.633e-002 
88 1-1  4.303e-004
88 1-2 -3.594e-004  4.091e-004
88 1-3 -7.091e-005 -4.964e-005  1.206e-004
88 2-1 -6.748e-005  6.222e-005  5.260e-006  9.162e-005
88 2-2  5.429e-005 -8.219e-005  2.790e-005 -8.314e-005  2.504e-004
88 2-3  1.320e-005  1.997e-005 -3.316e-005 -8.473e-006 -1.672e-004  1.757e-004
89  8.171e-001  1.595e-001  2.342e-002  4.738e-002  8.616e-001  9.101e-002 
89 1-1  4.966e-004
89 1-2 -4.010e-004  4.635e-004
89 1-3 -9.562e-005 -6.257e-005  1.582e-004
89 2-1 -7.211e-005  6.601e-005  6.099e-006  9.194e-005
89 2-2  5.471e-005 -8.950e-005  3.479e-005 -8.226e-005  2.842e-004
89 2-3  1.740e-005  2.349e-005 -4.089e-005 -9.681e-006 -2.019e-004  2.116e-004
90  8.105e-001  1.637e-001  2.577e-002  4.565e-002  8.584e-001  9.592e-002 
90 1-1  5.730e-004
90 1-2 -4.448e-004  5.238e-004
90 1-3 -1.281e-004 -7.893e-005  2.071e-004
90 2-1 -7.685e-005  6.980e-005  7.050e-006  9.201e-005
90 2-2  5.414e-005 -9.744e-005  4.329e-005 -8.094e-005  3.240e-004
90 2-3  2.271e-005  2.763e-005 -5.034e-005 -1.107e-005 -2.431e-004  2.541e-004