# ESMsr.txt
#IMaCh version 0.99r45, April 2023,INED-EUROREVES-Institut de longevite-Japan Society for the Promotion of Science (Grant-in-Aid for Scientific Research 25293121), Intel Software 2015-2020, Nihon University 2021-202, INED 2000-2022
#$Revision: 1.353 $ $Date: 2023/05/08 18:48:22 $
# Tue Feb 04 22:13:35 2025
#One-step probabilities and correlation matrix
# Age p1-1  p1-2  p1-3  p2-1  p2-2  p2-3 
50  9.509e-001  4.858e-002  4.789e-004  1.671e-001  8.232e-001  9.715e-003 
50 1-1  1.000e+000
50 1-2 -9.982e-001  1.000e+000
50 1-3 -3.616e-002 -2.340e-002  1.000e+000
50 2-1 -3.431e-001  3.413e-001  3.339e-002  1.000e+000
50 2-2  3.399e-001 -3.393e-001 -1.323e-002 -9.924e-001  1.000e+000
50 2-3  2.562e-002 -1.591e-002 -1.632e-001 -6.081e-002 -6.271e-002  1.000e+000
51  9.493e-001  5.019e-002  5.303e-004  1.624e-001  8.273e-001  1.033e-002 
51 1-1  1.000e+000
51 1-2 -9.979e-001  1.000e+000
51 1-3 -4.027e-002 -2.429e-002  1.000e+000
51 2-1 -3.438e-001  3.418e-001  3.304e-002  1.000e+000
51 2-2  3.399e-001 -3.394e-001 -1.072e-002 -9.908e-001  1.000e+000
51 2-3  2.517e-002 -1.459e-002 -1.640e-001 -5.834e-002 -7.751e-002  1.000e+000
52  9.476e-001  5.186e-002  5.871e-004  1.578e-001  8.312e-001  1.098e-002 
52 1-1  1.000e+000
52 1-2 -9.975e-001  1.000e+000
52 1-3 -4.466e-002 -2.536e-002  1.000e+000
52 2-1 -3.445e-001  3.425e-001  3.266e-002  1.000e+000
52 2-2  3.399e-001 -3.395e-001 -7.939e-003 -9.888e-001  1.000e+000
52 2-3  2.477e-002 -1.323e-002 -1.650e-001 -5.607e-002 -9.335e-002  1.000e+000
53  9.458e-001  5.357e-002  6.500e-004  1.533e-001  8.351e-001  1.166e-002 
53 1-1  1.000e+000
53 1-2 -9.971e-001  1.000e+000
53 1-3 -4.933e-002 -2.665e-002  1.000e+000
53 2-1 -3.453e-001  3.432e-001  3.225e-002  1.000e+000
53 2-2  3.397e-001 -3.396e-001 -4.854e-003 -9.865e-001  1.000e+000
53 2-3  2.441e-002 -1.180e-002 -1.661e-001 -5.399e-002 -1.103e-001  1.000e+000
54  9.439e-001  5.533e-002  7.196e-004  1.489e-001  8.387e-001  1.239e-002 
54 1-1  1.000e+000
54 1-2 -9.966e-001  1.000e+000
54 1-3 -5.426e-002 -2.820e-002  1.000e+000
54 2-1 -3.461e-001  3.439e-001  3.182e-002  1.000e+000
54 2-2  3.394e-001 -3.396e-001 -1.435e-003 -9.837e-001  1.000e+000
54 2-3  2.409e-002 -1.031e-002 -1.673e-001 -5.213e-002 -1.285e-001  1.000e+000
55  9.420e-001  5.715e-002  7.966e-004  1.446e-001  8.422e-001  1.316e-002 
55 1-1  1.000e+000
55 1-2 -9.960e-001  1.000e+000
55 1-3 -5.947e-002 -3.006e-002  1.000e+000
55 2-1 -3.470e-001  3.447e-001  3.135e-002  1.000e+000
55 2-2  3.389e-001 -3.396e-001  2.349e-003 -9.803e-001  1.000e+000
55 2-3  2.380e-002 -8.709e-003 -1.687e-001 -5.050e-002 -1.479e-001  1.000e+000
56  9.401e-001  5.903e-002  8.817e-004  1.404e-001  8.456e-001  1.398e-002 
56 1-1  1.000e+000
56 1-2 -9.953e-001  1.000e+000
56 1-3 -6.492e-002 -3.229e-002  1.000e+000
56 2-1 -3.479e-001  3.455e-001  3.086e-002  1.000e+000
56 2-2  3.383e-001 -3.394e-001  6.525e-003 -9.762e-001  1.000e+000
56 2-3  2.353e-002 -6.983e-003 -1.704e-001 -4.910e-002 -1.685e-001  1.000e+000
57  9.381e-001  6.096e-002  9.759e-004  1.363e-001  8.489e-001  1.485e-002 
57 1-1  1.000e+000
57 1-2 -9.944e-001  1.000e+000
57 1-3 -7.057e-002 -3.496e-002  1.000e+000
57 2-1 -3.488e-001  3.463e-001  3.033e-002  1.000e+000
57 2-2  3.373e-001 -3.391e-001  1.111e-002 -9.715e-001  1.000e+000
57 2-3  2.326e-002 -5.096e-003 -1.723e-001 -4.796e-002 -1.904e-001  1.000e+000
58  9.360e-001  6.295e-002  1.080e-003  1.323e-001  8.520e-001  1.576e-002 
58 1-1  1.000e+000
58 1-2 -9.934e-001  1.000e+000
58 1-3 -7.637e-002 -3.814e-002  1.000e+000
58 2-1 -3.498e-001  3.471e-001  2.976e-002  1.000e+000
58 2-2  3.362e-001 -3.387e-001  1.613e-002 -9.659e-001  1.000e+000
58 2-3  2.297e-002 -3.011e-003 -1.745e-001 -4.709e-002 -2.132e-001  1.000e+000
59  9.338e-001  6.500e-002  1.195e-003  1.284e-001  8.549e-001  1.673e-002 
59 1-1  1.000e+000
59 1-2 -9.923e-001  1.000e+000
59 1-3 -8.223e-002 -4.194e-002  1.000e+000
59 2-1 -3.507e-001  3.479e-001  2.917e-002  1.000e+000
59 2-2  3.347e-001 -3.382e-001  2.155e-002 -9.595e-001  1.000e+000
59 2-3  2.265e-002 -6.836e-004 -1.770e-001 -4.649e-002 -2.367e-001  1.000e+000
60  9.316e-001  6.712e-002  1.323e-003  1.245e-001  8.577e-001  1.776e-002 
60 1-1  1.000e+000
60 1-2 -9.910e-001  1.000e+000
60 1-3 -8.803e-002 -4.643e-002  1.000e+000
60 2-1 -3.515e-001  3.486e-001  2.854e-002  1.000e+000
60 2-2  3.329e-001 -3.375e-001  2.735e-002 -9.524e-001  1.000e+000
60 2-3  2.225e-002  1.934e-003 -1.800e-001 -4.617e-002 -2.607e-001  1.000e+000
61  9.292e-001  6.929e-002  1.463e-003  1.208e-001  8.603e-001  1.884e-002 
61 1-1  1.000e+000
61 1-2 -9.894e-001  1.000e+000
61 1-3 -9.358e-002 -5.172e-002  1.000e+000
61 2-1 -3.522e-001  3.492e-001  2.790e-002  1.000e+000
61 2-2  3.308e-001 -3.367e-001  3.347e-002 -9.446e-001  1.000e+000
61 2-3  2.173e-002  4.890e-003 -1.833e-001 -4.612e-002 -2.844e-001  1.000e+000
62  9.269e-001  7.153e-002  1.619e-003  1.172e-001  8.628e-001  1.999e-002 
62 1-1  1.000e+000
62 1-2 -9.877e-001  1.000e+000
62 1-3 -9.869e-002 -5.790e-002  1.000e+000
62 2-1 -3.527e-001  3.496e-001  2.727e-002  1.000e+000
62 2-2  3.286e-001 -3.359e-001  3.979e-002 -9.364e-001  1.000e+000
62 2-3  2.106e-002  8.234e-003 -1.871e-001 -4.633e-002 -3.073e-001  1.000e+000
63  9.244e-001  7.383e-002  1.791e-003  1.136e-001  8.652e-001  2.120e-002 
63 1-1  1.000e+000
63 1-2 -9.859e-001  1.000e+000
63 1-3 -1.031e-001 -6.501e-002  1.000e+000
63 2-1 -3.531e-001  3.497e-001  2.666e-002  1.000e+000
63 2-2  3.263e-001 -3.352e-001  4.620e-002 -9.281e-001  1.000e+000
63 2-3  2.019e-002  1.200e-002 -1.915e-001 -4.677e-002 -3.286e-001  1.000e+000
64  9.218e-001  7.620e-002  1.981e-003  1.102e-001  8.674e-001  2.248e-002 
64 1-1  1.000e+000
64 1-2 -9.839e-001  1.000e+000
64 1-3 -1.065e-001 -7.307e-002  1.000e+000
64 2-1 -3.533e-001  3.497e-001  2.613e-002  1.000e+000
64 2-2  3.241e-001 -3.346e-001  5.254e-002 -9.201e-001  1.000e+000
64 2-3  1.908e-002  1.622e-002 -1.965e-001 -4.739e-002 -3.476e-001  1.000e+000
65  9.192e-001  7.864e-002  2.191e-003  1.068e-001  8.694e-001  2.384e-002 
65 1-1  1.000e+000
65 1-2 -9.818e-001  1.000e+000
65 1-3 -1.086e-001 -8.204e-002  1.000e+000
65 2-1 -3.533e-001  3.493e-001  2.573e-002  1.000e+000
65 2-2  3.223e-001 -3.343e-001  5.864e-002 -9.129e-001  1.000e+000
65 2-3  1.769e-002  2.087e-002 -2.022e-001 -4.816e-002 -3.638e-001  1.000e+000
66  9.164e-001  8.115e-002  2.423e-003  1.035e-001  8.712e-001  2.527e-002 
66 1-1  1.000e+000
66 1-2 -9.798e-001  1.000e+000
66 1-3 -1.092e-001 -9.180e-002  1.000e+000
66 2-1 -3.532e-001  3.487e-001  2.552e-002  1.000e+000
66 2-2  3.208e-001 -3.343e-001  6.439e-002 -9.067e-001  1.000e+000
66 2-3  1.602e-002  2.591e-002 -2.085e-001 -4.902e-002 -3.769e-001  1.000e+000
67  9.136e-001  8.372e-002  2.679e-003  1.003e-001  8.729e-001  2.678e-002 
67 1-1  1.000e+000
67 1-2 -9.779e-001  1.000e+000
67 1-3 -1.083e-001 -1.021e-001  1.000e+000
67 2-1 -3.531e-001  3.479e-001  2.554e-002  1.000e+000
67 2-2  3.199e-001 -3.348e-001  6.969e-002 -9.017e-001  1.000e+000
67 2-3  1.408e-002  3.127e-002 -2.155e-001 -4.994e-002 -3.867e-001  1.000e+000
68  9.107e-001  8.637e-002  2.962e-003  9.714e-002  8.745e-001  2.838e-002 
68 1-1  1.000e+000
68 1-2 -9.761e-001  1.000e+000
68 1-3 -1.057e-001 -1.128e-001  1.000e+000
68 2-1 -3.529e-001  3.470e-001  2.587e-002  1.000e+000
68 2-2  3.195e-001 -3.356e-001  7.450e-002 -8.980e-001  1.000e+000
68 2-3  1.193e-002  3.681e-002 -2.231e-001 -5.089e-002 -3.938e-001  1.000e+000
69  9.076e-001  8.910e-002  3.275e-003  9.409e-002  8.758e-001  3.007e-002 
69 1-1  1.000e+000
69 1-2 -9.746e-001  1.000e+000
69 1-3 -1.019e-001 -1.234e-001  1.000e+000
69 2-1 -3.527e-001  3.459e-001  2.651e-002  1.000e+000
69 2-2  3.196e-001 -3.365e-001  7.885e-002 -8.952e-001  1.000e+000
69 2-3  9.664e-003  4.239e-002 -2.313e-001 -5.183e-002 -3.986e-001  1.000e+000
70  9.045e-001  9.189e-002  3.620e-003  9.112e-002  8.770e-001  3.185e-002 
70 1-1  1.000e+000
70 1-2 -9.733e-001  1.000e+000
70 1-3 -9.717e-002 -1.337e-001  1.000e+000
70 2-1 -3.525e-001  3.446e-001  2.748e-002  1.000e+000
70 2-2  3.198e-001 -3.375e-001  8.281e-002 -8.931e-001  1.000e+000
70 2-3  7.417e-003  4.786e-002 -2.397e-001 -5.274e-002 -4.022e-001  1.000e+000
71  9.012e-001  9.476e-002  4.001e-003  8.822e-002  8.781e-001  3.373e-002 
71 1-1  1.000e+000
71 1-2 -9.722e-001  1.000e+000
71 1-3 -9.228e-002 -1.435e-001  1.000e+000
71 2-1 -3.522e-001  3.433e-001  2.875e-002  1.000e+000
71 2-2  3.200e-001 -3.384e-001  8.646e-002 -8.911e-001  1.000e+000
71 2-3  5.332e-003  5.306e-002 -2.481e-001 -5.360e-002 -4.054e-001  1.000e+000
72  8.979e-001  9.771e-002  4.421e-003  8.539e-002  8.789e-001  3.571e-002 
72 1-1  1.000e+000
72 1-2 -9.711e-001  1.000e+000
72 1-3 -8.785e-002 -1.524e-001  1.000e+000
72 2-1 -3.520e-001  3.420e-001  3.029e-002  1.000e+000
72 2-2  3.200e-001 -3.390e-001  8.993e-002 -8.888e-001  1.000e+000
72 2-3  3.557e-003  5.785e-002 -2.562e-001 -5.438e-002 -4.093e-001  1.000e+000
73  8.944e-001  1.007e-001  4.884e-003  8.264e-002  8.796e-001  3.780e-002 
73 1-1  1.000e+000
73 1-2 -9.700e-001  1.000e+000
73 1-3 -8.457e-002 -1.604e-001  1.000e+000
73 2-1 -3.517e-001  3.406e-001  3.202e-002  1.000e+000
73 2-2  3.195e-001 -3.393e-001  9.333e-002 -8.857e-001  1.000e+000
73 2-3  2.233e-003  6.213e-002 -2.635e-001 -5.505e-002 -4.148e-001  1.000e+000
74  8.908e-001  1.038e-001  5.396e-003  7.997e-002  8.800e-001  4.001e-002 
74 1-1  1.000e+000
74 1-2 -9.686e-001  1.000e+000
74 1-3 -8.303e-002 -1.674e-001  1.000e+000
74 2-1 -3.514e-001  3.392e-001  3.387e-002  1.000e+000
74 2-2  3.183e-001 -3.390e-001  9.679e-002 -8.814e-001  1.000e+000
74 2-3  1.472e-003  6.579e-002 -2.695e-001 -5.560e-002 -4.227e-001  1.000e+000
75  8.870e-001  1.070e-001  5.960e-003  7.736e-002  8.803e-001  4.234e-002 
75 1-1  1.000e+000
75 1-2 -9.669e-001  1.000e+000
75 1-3 -8.372e-002 -1.733e-001  1.000e+000
75 2-1 -3.511e-001  3.379e-001  3.576e-002  1.000e+000
75 2-2  3.162e-001 -3.382e-001  1.004e-001 -8.754e-001  1.000e+000
75 2-3  1.353e-003  6.880e-002 -2.739e-001 -5.601e-002 -4.337e-001  1.000e+000
76  8.831e-001  1.103e-001  6.582e-003  7.482e-002  8.804e-001  4.479e-002 
76 1-1  1.000e+000
76 1-2 -9.648e-001  1.000e+000
76 1-3 -8.696e-002 -1.782e-001  1.000e+000
76 2-1 -3.508e-001  3.365e-001  3.762e-002  1.000e+000
76 2-2  3.131e-001 -3.368e-001  1.042e-001 -8.673e-001  1.000e+000
76 2-3  1.920e-003  7.114e-002 -2.765e-001 -5.630e-002 -4.482e-001  1.000e+000
77  8.791e-001  1.136e-001  7.267e-003  7.234e-002  8.803e-001  4.737e-002 
77 1-1  1.000e+000
77 1-2 -9.621e-001  1.000e+000
77 1-3 -9.291e-002 -1.823e-001  1.000e+000
77 2-1 -3.504e-001  3.353e-001  3.939e-002  1.000e+000
77 2-2  3.088e-001 -3.347e-001  1.083e-001 -8.568e-001  1.000e+000
77 2-3  3.173e-003  7.283e-002 -2.772e-001 -5.648e-002 -4.664e-001  1.000e+000
78  8.750e-001  1.170e-001  8.023e-003  6.994e-002  8.800e-001  5.009e-002 
78 1-1  1.000e+000
78 1-2 -9.587e-001  1.000e+000
78 1-3 -1.016e-001 -1.857e-001  1.000e+000
78 2-1 -3.501e-001  3.340e-001  4.102e-002  1.000e+000
78 2-2  3.032e-001 -3.317e-001  1.126e-001 -8.436e-001  1.000e+000
78 2-3  5.086e-003  7.394e-002 -2.761e-001 -5.662e-002 -4.883e-001  1.000e+000
79  8.706e-001  1.205e-001  8.855e-003  6.759e-002  8.794e-001  5.296e-002 
79 1-1  1.000e+000
79 1-2 -9.545e-001  1.000e+000
79 1-3 -1.130e-001 -1.885e-001  1.000e+000
79 2-1 -3.496e-001  3.328e-001  4.250e-002  1.000e+000
79 2-2  2.962e-001 -3.279e-001  1.173e-001 -8.274e-001  1.000e+000
79 2-3  7.604e-003  7.457e-002 -2.734e-001 -5.676e-002 -5.137e-001  1.000e+000
80  8.661e-001  1.241e-001  9.771e-003  6.531e-002  8.787e-001  5.597e-002 
80 1-1  1.000e+000
80 1-2 -9.494e-001  1.000e+000
80 1-3 -1.269e-001 -1.911e-001  1.000e+000
80 2-1 -3.492e-001  3.316e-001  4.381e-002  1.000e+000
80 2-2  2.876e-001 -3.233e-001  1.222e-001 -8.080e-001  1.000e+000
80 2-3  1.067e-002  7.482e-002 -2.695e-001 -5.697e-002 -5.422e-001  1.000e+000
81  8.615e-001  1.277e-001  1.078e-002  6.310e-002  8.778e-001  5.914e-002 
81 1-1  1.000e+000
81 1-2 -9.432e-001  1.000e+000
81 1-3 -1.433e-001 -1.937e-001  1.000e+000
81 2-1 -3.486e-001  3.305e-001  4.496e-002  1.000e+000
81 2-2  2.774e-001 -3.177e-001  1.273e-001 -7.854e-001  1.000e+000
81 2-3  1.420e-002  7.481e-002 -2.648e-001 -5.731e-002 -5.730e-001  1.000e+000
82  8.566e-001  1.315e-001  1.189e-002  6.094e-002  8.766e-001  6.248e-002 
82 1-1  1.000e+000
82 1-2 -9.358e-001  1.000e+000
82 1-3 -1.619e-001 -1.963e-001  1.000e+000
82 2-1 -3.479e-001  3.293e-001  4.597e-002  1.000e+000
82 2-2  2.655e-001 -3.111e-001  1.325e-001 -7.594e-001  1.000e+000
82 2-3  1.815e-002  7.464e-002 -2.595e-001 -5.783e-002 -6.056e-001  1.000e+000
83  8.516e-001  1.353e-001  1.311e-002  5.883e-002  8.752e-001  6.599e-002 
83 1-1  1.000e+000
83 1-2 -9.271e-001  1.000e+000
83 1-3 -1.825e-001 -1.993e-001  1.000e+000
83 2-1 -3.471e-001  3.281e-001  4.685e-002  1.000e+000
83 2-2  2.521e-001 -3.037e-001  1.377e-001 -7.303e-001  1.000e+000
83 2-3  2.246e-002  7.441e-002 -2.539e-001 -5.859e-002 -6.392e-001  1.000e+000
84  8.464e-001  1.391e-001  1.445e-002  5.679e-002  8.735e-001  6.967e-002 
84 1-1  1.000e+000
84 1-2 -9.168e-001  1.000e+000
84 1-3 -2.051e-001 -2.027e-001  1.000e+000
84 2-1 -3.462e-001  3.269e-001  4.762e-002  1.000e+000
84 2-2  2.371e-001 -2.954e-001  1.428e-001 -6.983e-001  1.000e+000
84 2-3  2.708e-002  7.419e-002 -2.483e-001 -5.961e-002 -6.729e-001  1.000e+000
85  8.410e-001  1.431e-001  1.593e-002  5.480e-002  8.717e-001  7.354e-002 
85 1-1  1.000e+000
85 1-2 -9.049e-001  1.000e+000
85 1-3 -2.294e-001 -2.067e-001  1.000e+000
85 2-1 -3.450e-001  3.257e-001  4.831e-002  1.000e+000
85 2-2  2.207e-001 -2.865e-001  1.477e-001 -6.636e-001  1.000e+000
85 2-3  3.197e-002  7.405e-002 -2.428e-001 -6.092e-002 -7.062e-001  1.000e+000
86  8.354e-001  1.471e-001  1.755e-002  5.287e-002  8.695e-001  7.760e-002 
86 1-1  1.000e+000
86 1-2 -8.910e-001  1.000e+000
86 1-3 -2.553e-001 -2.115e-001  1.000e+000
86 2-1 -3.436e-001  3.243e-001  4.893e-002  1.000e+000
86 2-2  2.032e-001 -2.769e-001  1.524e-001 -6.269e-001  1.000e+000
86 2-3  3.711e-002  7.402e-002 -2.375e-001 -6.255e-002 -7.384e-001  1.000e+000
87  8.295e-001  1.512e-001  1.933e-002  5.099e-002  8.672e-001  8.186e-002 
87 1-1  1.000e+000
87 1-2 -8.750e-001  1.000e+000
87 1-3 -2.826e-001 -2.171e-001  1.000e+000
87 2-1 -3.419e-001  3.229e-001  4.951e-002  1.000e+000
87 2-2  1.846e-001 -2.670e-001  1.567e-001 -5.885e-001  1.000e+000
87 2-3  4.246e-002  7.415e-002 -2.325e-001 -6.450e-002 -7.689e-001  1.000e+000
88  8.234e-001  1.553e-001  2.128e-002  4.916e-002  8.645e-001  8.633e-002 
88 1-1  1.000e+000
88 1-2 -8.567e-001  1.000e+000
88 1-3 -3.113e-001 -2.236e-001  1.000e+000
88 2-1 -3.399e-001  3.214e-001  5.005e-002  1.000e+000
88 2-2  1.654e-001 -2.568e-001  1.606e-001 -5.490e-001  1.000e+000
88 2-3  4.799e-002  7.447e-002 -2.279e-001 -6.678e-002 -7.973e-001  1.000e+000
89  8.171e-001  1.595e-001  2.342e-002  4.738e-002  8.616e-001  9.101e-002 
89 1-1  1.000e+000
89 1-2 -8.357e-001  1.000e+000
89 1-3 -3.412e-001 -2.311e-001  1.000e+000
89 2-1 -3.375e-001  3.198e-001  5.057e-002  1.000e+000
89 2-2  1.456e-001 -2.466e-001  1.641e-001 -5.089e-001  1.000e+000
89 2-3  5.369e-002  7.500e-002 -2.235e-001 -6.941e-002 -8.234e-001  1.000e+000
90  8.105e-001  1.637e-001  2.577e-002  4.565e-002  8.584e-001  9.592e-002 
90 1-1  1.000e+000
90 1-2 -8.120e-001  1.000e+000
90 1-3 -3.720e-001 -2.397e-001  1.000e+000
90 2-1 -3.347e-001  3.180e-001  5.108e-002  1.000e+000
90 2-2  1.257e-001 -2.365e-001  1.671e-001 -4.688e-001  1.000e+000
90 2-3  5.951e-002  7.575e-002 -2.195e-001 -7.238e-002 -8.471e-001  1.000e+000