
# model  
#****** Result for:******
# ESMsr.txt
#IMaCh version 0.99r45, April 2023,INED-EUROREVES-Institut de longevite-Japan Society for the Promotion of Science (Grant-in-Aid for Scientific Research 25293121), Intel Software 2015-2020, Nihon University 2021-202, INED 2000-2022
#$Revision: 1.353 $ $Date: 2023/05/08 18:48:22 $
# Tue Feb 04 22:13:35 2025
# Total life expectancy with std error and decomposition into time to be expected in each health state
#  (weighted average of eij where weights are the age specific forward period (stable) prevalences in each health state 
# Age popbased mobilav e.. (std) e.1 (std) e.2 (std) 
   50 0 0  28.174 (  0.968)  17.254 (  0.717)  10.920 (  0.640)
   51 0 0  27.305 (  0.951)  16.536 (  0.696)  10.769 (  0.630)
   52 0 0  26.447 (  0.934)  15.833 (  0.676)  10.614 (  0.621)
   53 0 0  25.598 (  0.918)  15.143 (  0.657)  10.454 (  0.612)
   54 0 0  24.760 (  0.901)  14.470 (  0.638)  10.291 (  0.603)
   55 0 0  23.934 (  0.984)  13.811 (  0.670)  10.122 (  0.619)
   56 0 0  23.119 (  0.869)  13.169 (  0.604)   9.950 (  0.588)
   57 0 0  22.318 (  0.853)  12.543 (  0.588)   9.775 (  0.581)
   58 0 0  21.528 (  0.839)  11.934 (  0.574)   9.595 (  0.574)
   59 0 0  20.753 (  0.825)  11.342 (  0.560)   9.412 (  0.568)
   60 0 0  19.992 (  0.811)  10.767 (  0.548)   9.225 (  0.563)
   61 0 0  19.245 (  0.799)  10.210 (  0.536)   9.036 (  0.558)
   62 0 0  18.513 (  0.788)   9.670 (  0.526)   8.843 (  0.554)
   63 0 0  17.797 (  0.777)   9.148 (  0.516)   8.648 (  0.551)
   64 0 0  17.096 (  0.768)   8.645 (  0.507)   8.451 (  0.548)
   65 0 0  16.411 (  0.759)   8.160 (  0.499)   8.251 (  0.546)
   66 0 0  15.743 (  0.752)   7.693 (  0.491)   8.051 (  0.544)
   67 0 0  15.093 (  0.746)   7.244 (  0.484)   7.848 (  0.543)
   68 0 0  14.459 (  0.740)   6.814 (  0.477)   7.645 (  0.543)
   69 0 0  13.843 (  0.736)   6.401 (  0.470)   7.442 (  0.543)
   70 0 0  13.244 (  0.732)   6.007 (  0.463)   7.237 (  0.543)
   71 0 0  12.663 (  0.729)   5.630 (  0.456)   7.033 (  0.545)
   72 0 0  12.100 (  0.726)   5.271 (  0.450)   6.829 (  0.546)
   73 0 0  11.556 (  0.724)   4.929 (  0.442)   6.627 (  0.548)
   74 0 0  11.029 (  0.722)   4.604 (  0.435)   6.425 (  0.551)
   75 0 0  10.520 (  0.721)   4.296 (  0.427)   6.224 (  0.553)
   76 0 0  10.029 (  0.719)   4.004 (  0.419)   6.026 (  0.556)
   77 0 0   9.556 (  0.718)   3.727 (  0.411)   5.829 (  0.559)
   78 0 0   9.100 (  0.716)   3.466 (  0.402)   5.634 (  0.562)
   79 0 0   8.663 (  0.714)   3.220 (  0.393)   5.443 (  0.565)
   80 0 0   8.242 (  0.756)   2.988 (  0.413)   5.254 (  0.563)
   81 0 0   7.838 (  0.709)   2.770 (  0.374)   5.068 (  0.570)
   82 0 0   7.451 (  0.706)   2.565 (  0.365)   4.886 (  0.572)
   83 0 0   7.080 (  0.703)   2.373 (  0.354)   4.708 (  0.574)
   84 0 0   6.726 (  0.698)   2.193 (  0.344)   4.533 (  0.576)
   85 0 0   6.387 (  0.694)   2.025 (  0.334)   4.362 (  0.577)
   86 0 0   6.063 (  0.688)   1.867 (  0.324)   4.196 (  0.578)
   87 0 0   5.754 (  0.683)   1.721 (  0.313)   4.033 (  0.578)
   88 0 0   5.459 (  0.676)   1.584 (  0.303)   3.875 (  0.578)
   89 0 0   5.179 (  0.669)   1.457 (  0.293)   3.722 (  0.577)
   90 0 0   4.912 (  0.662)   1.339 (  0.283)   3.573 (  0.576)
