# Powell
# iter -2*LL p12 p13 p21 p23
1 1 9944.906173465641 0 0.000000000000 0.000000000000 0.000000000000 0.000000000000 0.000000000000 0.000000000000 0.000000000000 0.000000000000
2 2 2537.947378042949 1 29.776395513220 0.844845161796 0.844845161796 0.000000000000 2.629423999905 -0.000549616892 -1.002545684939 0.002225900437
3 2 2278.131358715882 1 30.297669827318 1.839233114232 1.839233114232 2.132742614712 2.611957541884 -0.012967712069 -1.918540226167 -0.014659850051
4 3 1983.757671258687 1 29.906135113765 1.827476666876 1.892512371868 2.132016718553 2.573101836260 -0.050668341591 -4.013589814044 -0.014758067921
5 3 1978.898999804041 2 29.313359237513 1.827358815622 1.901265094141 2.131911666026 2.572406111211 -0.051449218622 -4.030864565193 -0.014338331611
6 4 1978.663115965742 3 29.168940237307 1.828282824740 1.940159930267 2.131461310327 2.573876032615 -0.051398887443 -4.100070014221 -0.014767708697
7 4 1978.123409087500 3 28.822250217630 1.831491445408 2.059161856407 2.130087276540 2.579572849977 -0.051544134368 -4.292429647925 -0.013230546596
8 5 1977.563773304903 4 28.405374937777 1.836320352712 2.252120595394 2.127853114708 2.587627035840 -0.051457177960 -4.553632808569 -0.010671955005
9 5 1974.331239873017 4 26.087581103001 1.865129212776 3.453651185695 2.113922452827 2.633797902560 -0.051195761523 -6.100197692840 0.009522615376
10 6 1970.869663477736 5 24.242734297865 1.889194921273 4.546062946188 2.101228954908 2.669068150005 -0.051503536669 -7.458962358044 0.030446658867
11 6 1969.071413600016 5 22.949863971531 1.905686643004 5.328990366343 2.092132197563 2.691998618262 -0.052449898537 -8.496102571857 0.046310317535
12 7 1966.143934126004 5 22.196271978985 1.917669030205 5.991118978851 2.084447751607 2.705316670633 -0.053555063200 -9.400333990478 0.063736435828
13 7 1960.503182036169 5 20.958927648409 1.944121961032 7.033545305089 2.072464520808 2.750280621975 -0.054491665750 -10.865883696645 0.086655791340
14 8 1954.617058747236 6 22.066805406134 1.966522586381 7.455902993570 2.069527779531 2.816756107668 -0.055204676605 -11.864852320600 0.101305031321
15 8 1954.229137045899 6 80.786111621137 4.078822720651 9.880514918134 2.067583118615 2.851109496994 -0.056206406645 -12.141851479832 0.104726867691
16 9 1954.138005821476 6 80.849623086786 4.076743118382 10.821207341082 4.782688949328 2.856277359871 -0.056074890660 -12.063529781346 0.103537790664
17 9 1954.098460727395 6 81.000119251695 4.072572331969 10.534673272862 4.784867783437 2.883510600898 -0.056512277944 -12.051337834791 0.103062471894
18 10 1953.970104192551 7 81.359656617485 4.061301714072 9.321696881503 4.790978276272 2.964296091104 -0.057878241271 -12.115068357096 0.103503503427
19 10 1953.742107612217 7 82.069905767988 4.042071829743 6.861393710598 4.803185833384 3.136298307794 -0.060526349019 -12.357372054564 0.106276447115
20 11 1953.507226422321 7 82.454877702452 4.033001308880 5.505888054762 4.809486808211 3.217258378579 -0.061512140976 -12.469407392237 0.107967990609
21 11 1953.328813509613 7 83.523709912745 4.007239486761 2.650592068790 4.825118154613 3.366462565811 -0.063121810072 -12.396764163612 0.107140321437
22 12 1953.260685965517 8 83.965316690356 3.996626675795 1.533283239516 4.831539012785 3.424376098642 -0.064031378399 -12.380498947103 0.106762835186
23 12 1952.280420093655 8 89.075751233643 3.894306964714 -9.372023896585 4.900146907713 3.768283245846 -0.069394730481 -11.585406637768 0.097367695073
24 13 1952.229195622485 9 89.859378329380 3.878575444133 -11.282371245670 4.910665754232 3.877262218040 -0.071099347633 -11.681486945119 0.098502875869
25 13 1952.227714214512 9 90.037043181349 3.875109976573 -11.692665678102 4.913154023011 3.900291902730 -0.071459011848 -11.695597925970 0.098650705506
26 14 1952.227687571487 10 90.054442080688 3.875134472506 -11.693612742499 4.913365378303 3.900315818020 -0.071459425290 -11.695479985868 0.098649212547
27 14 1952.128100406617 11 231.243876518942 4.178468144159 -10.309726541622 6.662032888256 3.856419519708 -0.070803738725 -11.726196569227 0.099045495945
28 15 1952.084969515086 12 237.919956528962 4.185469633795 -10.767994834024 6.731354597596 3.875867111837 -0.071089588586 -11.711795924352 0.098871345221
29 15 1952.073931553293 12 286.917190399080 4.286221482702 -10.608028642727 7.330171526975 3.873414239775 -0.071051350097 -11.712025550984 0.098884548743
30 16 1952.073903947608 14 286.936889475839 4.286015257480 -10.629462590649 7.330311730188 3.874456562930 -0.071067407678 -11.710342273468 0.098857085918
31 16 1952.073902646355 15 286.927962519920 4.286188507429 -10.611066398950 7.330196261829 3.873943986117 -0.071059414552 -11.711935907020 0.098875719824
32 17 1952.073904957194 16 286.926718428215 4.286186900029 -10.611182033761 7.330197057778 3.873950422303 -0.071059514901 -11.711939508047 0.098875756273
33 17 1952.073904903334 18 286.925726702140 4.286184185568 -10.611398017830 7.330197701781 3.873952818029 -0.071059551767 -11.711940487240 0.098875765107
34 18 1952.073904766353 19 286.924525783103 4.286177261847 -10.611993241974 7.330198865512 3.873955136245 -0.071059586482 -11.711940963790 0.098875767899
35 18 1952.073904188178 20 286.921768423817 4.286145012296 -10.615032687255 7.330204442611 3.873964999996 -0.071059733671 -11.711943924917 0.098875794289
36 19 1952.073902332810 22 286.917212962871 4.286044013162 -10.625538937572 7.330220740347 3.873982944558 -0.071059992141 -11.711946501345 0.098875812542
37 19 1952.073889103032 23 286.904211569836 4.285337932973 -10.701154818052 7.330330530680 3.874058395355 -0.071061016814 -11.711936000173 0.098875652512
38 20 1952.073801481806 25 286.880811237399 4.280932634090 -11.179314876153 7.331002680647 3.874375254209 -0.071065003403 -11.711796327029 0.098873968891
39 20 1952.073186670172 26 286.869081324883 4.250093147678 -14.543533696896 7.335593164333 3.875168223349 -0.071075456120 -11.711103863383 0.098865916545
40 21 1952.068942773915 27 287.202226533238 4.029379346006 -38.676825290931 7.367976299066 3.876365230505 -0.071089096025 -11.709630722725 0.098849924642
41 21 1952.050841639679 27 289.154546462741 2.861452579097 -167.060781914017 7.538017096729 3.871556395780 -0.071004181834 -11.714454556539 0.098913119163
42 22 1951.436001395753 28 301.508378749052 -3.115755993784 -824.966426630376 8.407711489562 3.836607259508 -0.070458460278 -11.730928887853 0.099126949044
43 22 1951.434053764663 29 301.540203420015 -3.116304191427 -824.956284707811 8.408134158746 3.836718241373 -0.070460318076 -11.705670607125 0.098775285245
44 23 1951.433460117002 29 301.583719514926 -3.117027183205 -824.962305432966 8.408280679443 3.832156798373 -0.070404474360 -11.689755217319 0.098595626160
45 23 1951.433381934168 30 301.601447699385 -3.116827496716 -824.949423443993 8.408157534223 3.830750315565 -0.070386486185 -11.688597107066 0.098581193490
46 24 1951.433349350163 31 301.615729591629 -3.116954835668 -824.963859044609 8.408195691311 3.830747286242 -0.070388610045 -11.688264232343 0.098576471164
47 24 1951.433332602735 31 301.644037375361 -3.117233055681 -824.988436901958 8.408361678981 3.831775709536 -0.070406824519 -11.687832877997 0.098569891968
48 25 1951.433309395463 32 301.688760446218 -3.117671088647 -825.022938523377 8.408671669494 3.834299247459 -0.070442837778 -11.687046577791 0.098558959749
49 25 1951.433284855000 33 301.715859333676 -3.117965402064 -825.037498001172 8.408879964361 3.835658849832 -0.070464659466 -11.686026492713 0.098546261631
50 26 1951.433278494216 34 301.728258829490 -3.118102304552 -825.044420016813 8.408984529835 3.836523811457 -0.070477678414 -11.686023823837 0.098545922007
51 26 1951.433275970529 35 301.741078990809 -3.118243026136 -825.051040705692 8.409082876333 3.837335446737 -0.070489566421 -11.685997020121 0.098545399669
52 27 1951.433273576001 35 301.736921120394 -3.118209553739 -825.045122683278 8.409048683363 3.837106930630 -0.070485213887 -11.686123132048 0.098547565742
53 27 1951.433265822840 36 301.738573350085 -3.118235193470 -825.039099369720 8.409000192368 3.836703846060 -0.070475930867 -11.685896470087 0.098546415405
54 28 1951.433258727403 37 301.754633429914 -3.118389900653 -825.048499664206 8.409055967852 3.836923207663 -0.070477916780 -11.684955171996 0.098535337492
55 28 1951.433254689782 37 301.788059770320 -3.118726525408 -825.066752137147 8.409214450685 3.837899689294 -0.070491060159 -11.683818032903 0.098521605173
56 29 1951.433251051165 38 301.809269513865 -3.118937516804 -825.079260536651 8.409323559131 3.838575760571 -0.070502079509 -11.683412323832 0.098515912884
57 29 1951.433245199408 39 301.833176825413 -3.119187279846 -825.086607896225 8.409423669572 3.839206970427 -0.070510277677 -11.682906956287 0.098509858062
58 30 1951.433194548121 39 301.991331602674 -3.120792539380 -825.105570116011 8.409571756391 3.838302622187 -0.070487372433 -11.680134576043 0.098480340181
59 30 1951.433167147946 -20 301.966980748897 -3.120564179033 -825.069158574913 8.409260429298 3.835912181339 -0.070451301644 -11.682290408037 0.098507885450
60 31 1951.433099872218 -20 302.037647926986 -3.121260197273 -825.065137010883 8.409045652245 3.832679918012 -0.070407712185 -11.683589767288 0.098523108419
61 31 1951.432733125216 -19 302.706801798637 -3.128126059189 -825.133635752881 8.409502273036 3.827554109798 -0.070344854514 -11.688589645613 0.098579948859
62 32 1951.432141416128 -19 304.189143858418 -3.143359020478 -825.314021642503 8.411067992242 3.821393168329 -0.070262987989 -11.692323404182 0.098623889990
63 32 1951.427760452662 -18 316.579309269302 -3.270884593116 -826.979216351801 8.427037170613 3.798320722347 -0.069953109547 -11.705455736823 0.098779323269
64 33 1951.405423534575 -18 376.820034546106 -3.891426507291 -835.480731049063 8.512042558801 3.758731644165 -0.069409055532 -11.724691637368 0.099010143507
65 33 1951.380080534244 -17 459.177144154406 -4.739661459815 -847.313680117630 8.631468920380 3.735401936091 -0.069059407696 -11.722105116523 0.098989639091
66 34 1951.358895138349 -17 563.884876175672 -5.817492108471 -862.441115891962 8.784651124143 3.719432582039 -0.068806417048 -11.710666830434 0.098865455316
67 34 1951.330535334193 -17 774.212239989230 -7.982475195517 -892.856886222958 9.093716434033 3.702570516051 -0.068553164003 -11.699607915106 0.098742755811
68 35 1951.204160692772 -16 1498.712114836059 -15.444286027671 -998.091958698283 10.167803769997 3.737177887362 -0.069006152502 -11.650267439629 0.098160053095
69 35 1951.197768240809 -15 1498.007034521208 -15.433298272014 -997.517175366746 10.162979740725 3.717780404596 -0.068710894921 -11.710012556739 0.098883686434
70 36 1951.193291128960 -14 1497.276278584704 -15.425237690491 -997.676804441781 10.164540331236 3.742307420860 -0.069133783745 -11.708562289825 0.098830653958
71 36 1951.166757425909 -13 1490.056035851323 -15.356778857913 -997.540888956190 10.165313594069 3.846637327334 -0.070639181633 -11.675011990439 0.098410918110
72 37 1951.160081977871 -12 1488.157031630014 -15.343216947444 -997.018577984764 10.160885324443 3.824389249939 -0.070280787112 -11.681502431516 0.098496951613
73 37 1951.159154603512 -11 1487.160147618709 -15.337036968468 -996.766671929457 10.158789525708 3.812927159596 -0.070109306421 -11.686029195276 0.098554194503
74 38 1951.159141633642 -9 1487.261383019706 -15.338198164445 -996.781782232651 10.158951497112 3.812811645428 -0.070108973659 -11.686158575977 0.098555511127
75 38 1951.159138941317 -8 1487.271199065179 -15.338472808219 -996.780451914257 10.158957680930 3.812473539411 -0.070104437972 -11.686340191512 0.098557658829
76 39 1951.159122705301 -7 1487.534582582225 -15.341615964710 -996.813420805511 10.159343194033 3.811778534952 -0.070095692350 -11.686751768769 0.098562384543
77 39 1951.159015605549 -6 1489.855326066115 -15.366636268868 -997.139510485658 10.162795612515 3.810257111817 -0.070077693627 -11.687665888013 0.098572550774
78 40 1951.158394270035 -5 1500.377729420756 -15.476579127457 -998.654982417831 10.178418249272 3.808518509817 -0.070058445197 -11.688564904032 0.098581932892
79 40 1.#QNAN0000000 -3 1500.377635964320 -15.476577539708 -998.654972556545 10.178417948841 3.808529085501 -0.070058575270 -11.688600886602 0.098582338850
80 41 1.#QNAN0000000 -1 1500.377250493633 -15.476565174887 -998.654436111854 10.178412255493 3.808552325741 -0.070058956994 -11.689205391586 0.098591075189
81 41 1.#QNAN0000000 2 1500.377250500958 -15.476565174964 -998.654436112923 10.178412255504 3.808552325736 -0.070058956994 -11.689205391572 0.098591075189
82 42 1.#QNAN0000000 6 1500.377249902418 -15.476565167368 -998.654435766324 10.178412251478 3.808552336999 -0.070058957212 -11.689205842987 0.098591081799
83 42 1.#QNAN0000000 8 1500.377250333227 -15.476565170077 -998.654435874768 10.178412252382 3.808552341867 -0.070058957285 -11.689205840882 0.098591081772
84 43 1.#QNAN0000000 11 1500.377250333282 -15.476565170115 -998.654435874306 10.178412252380 3.808552341780 -0.070058957283 -11.689205840732 0.098591081770
85 43 1.#QNAN0000000 14 1500.377250340720 -15.476565170194 -998.654435875440 10.178412252392 3.808552341774 -0.070058957283 -11.689205840635 0.098591081769
86 44 1.#QNAN0000000 17 1500.377250188037 -15.476565168310 -998.654435789696 10.178412251398 3.808552344561 -0.070058957337 -11.689205951998 0.098591083400
87 44 1.#QNAN0000000 20 1500.377250195457 -15.476565168389 -998.654435790861 10.178412251411 3.808552344551 -0.070058957337 -11.689205951817 0.098591083397
88 45 1.#QNAN0000000 22 1500.377249597267 -15.476565160796 -998.654435444391 10.178412247386 3.808552355809 -0.070058957555 -11.689206403058 0.098591090005
89 45 1.#QNAN0000000 25 1500.377249982194 -15.476565163215 -998.654435540914 10.178412248192 3.808552360143 -0.070058957620 -11.689206401246 0.098591089982
90 46 1.#QNAN0000000 27 1500.377249986226 -15.476565163270 -998.654435541351 10.178412248198 3.808552360116 -0.070058957620 -11.689206401157 0.098591089981
91 46 1.#QNAN0000000 29 1500.377249988878 -15.476565163321 -998.654435541111 10.178412248198 3.808552360037 -0.070058957618 -11.689206401088 0.098591089980
92 47 1.#QNAN0000000 32 1500.377249990534 -15.476565163358 -998.654435540803 10.178412248198 3.808552359977 -0.070058957618 -11.689206401011 0.098591089979
93 47 1.#QNAN0000000 35 1500.377249989953 -15.476565163372 -998.654435540955 10.178412248203 3.808552359995 -0.070058957618 -11.689206400909 0.098591089977
94 48 1.#QNAN0000000 38 1500.377249990185 -15.476565163404 -998.654435540437 10.178412248201 3.808552359924 -0.070058957617 -11.689206400837 0.098591089976
95 48 1.#QNAN0000000 -19 1500.377249882110 -15.476565162021 -998.654435475325 10.178412247443 3.808552362072 -0.070058957658 -11.689206486937 0.098591091237
96 49 1.#QNAN0000000 -17 1500.377249918573 -15.476565162024 -998.654435470427 10.178412247432 3.808552361945 -0.070058957656 -11.689206486807 0.098591091236
97 49 1.#QNAN0000000 -14 1500.377249672072 -15.476565158885 -998.654435325647 10.178412245749 3.808552366663 -0.070058957748 -11.689206676175 0.098591094009
98 50 1.#QNAN0000000 -12 1500.377249674964 -15.476565158921 -998.654435326678 10.178412245761 3.808552366720 -0.070058957749 -11.689206676057 0.098591094007
99 50 1.#QNAN0000000 -8 1500.377249719236 -15.476565158085 -998.654435279090 10.178412245348 3.808552367450 -0.070058957764 -11.689206716705 0.098591094603
100 51 1.#QNAN0000000 -5 1500.377249718634 -15.476565158112 -998.654435278791 10.178412245348 3.808552367407 -0.070058957763 -11.689206716710 0.098591094603
101 51 1.#QNAN0000000 -3 1500.377249728531 -15.476565158214 -998.654435279970 10.178412245359 3.808552367365 -0.070058957763 -11.689206716624 0.098591094602
102 52 1.#QNAN0000000 -1 1500.377249729929 -15.476565158255 -998.654435279577 10.178412245358 3.808552367290 -0.070058957761 -11.689206716554 0.098591094601
103 52 1.#QNAN0000000 1 1500.377249732702 -15.476565158302 -998.654435279696 10.178412245362 3.808552367248 -0.070058957761 -11.689206716471 0.098591094600
104 53 1.#QNAN0000000 4 1500.377249734656 -15.476565158346 -998.654435279408 10.178412245361 3.808552367182 -0.070058957760 -11.689206716481 0.098591094600
105 53 1.#QNAN0000000 8 1500.377249725296 -15.476565158236 -998.654435272134 10.178412245279 3.808552367375 -0.070058957764 -11.689206726094 0.098591094741
106 54 1.#QNAN0000000 10 1500.377249733539 -15.476565158320 -998.654435273506 10.178412245293 3.808552367374 -0.070058957764 -11.689206725909 0.098591094738
107 54 1.#QNAN0000000 13 1500.377249734658 -15.476565158353 -998.654435272685 10.178412245289 3.808552367283 -0.070058957762 -11.689206725843 0.098591094737
108 55 1.#QNAN0000000 15 1500.377249738508 -15.476565158409 -998.654435272899 10.178412245293 3.808552367236 -0.070058957762 -11.689206725761 0.098591094736
109 55 1.#QNAN0000000 18 1500.377249739940 -15.476565158455 -998.654435272791 10.178412245294 3.808552367165 -0.070058957761 -11.689206725606 0.098591094734
110 56 1.#QNAN0000000 21 1500.377249326905 -15.476565150397 -998.654434890099 10.178412241140 3.808552377802 -0.070058957969 -11.689207176768 0.098591101342
111 56 1.#QNAN0000000 24 1500.377249330949 -15.476565150448 -998.654434890774 10.178412241148 3.808552377801 -0.070058957969 -11.689207176670 0.098591101341
112 57 1.#QNAN0000000 27 1500.377249319718 -15.476565150223 -998.654434877767 10.178412241008 3.808552378122 -0.070058957976 -11.689207192213 0.098591101568
113 57 1.#QNAN0000000 29 1500.377249323307 -15.476565150277 -998.654434877907 10.178412241012 3.808552378071 -0.070058957975 -11.689207192133 0.098591101567
114 58 1.#QNAN0000000 32 1500.377249319330 -15.476565150271 -998.654434877233 10.178412241010 3.808552378046 -0.070058957974 -11.689207191962 0.098591101565
115 58 1.#QNAN0000000 35 1500.377249321566 -15.476565150283 -998.654434875378 10.178412240987 3.808552378137 -0.070058957976 -11.689207195745 0.098591101620
116 59 1.#QNAN0000000 38 1500.377249325703 -15.476565150342 -998.654434875716 10.178412240992 3.808552378089 -0.070058957975 -11.689207195579 0.098591101618
117 59 1.#QNAN0000000 -19 1500.377249327155 -15.476565150371 -998.654434874696 10.178412240982 3.808552378074 -0.070058957975 -11.689207196986 0.098591101638
118 60 1.#QNAN0000000 -16 1500.377249330240 -15.476565150422 -998.654434874729 10.178412240985 3.808552378018 -0.070058957975 -11.689207196908 0.098591101637
119 60 1.#QNAN0000000 -14 1500.377249333570 -15.476565150479 -998.654434874731 10.178412240988 3.808552377939 -0.070058957973 -11.689207196668 0.098591101634
120 61 1.#QNAN0000000 -12 1500.377249333936 -15.476565150513 -998.654434874078 10.178412240985 3.808552377852 -0.070058957972 -11.689207196602 0.098591101633
121 61 1.#QNAN0000000 -9 1500.377249333975 -15.476565150533 -998.654434874222 10.178412240989 3.808552377858 -0.070058957972 -11.689207196504 0.098591101631
122 62 1.#QNAN0000000 -6 1500.377249325095 -15.476565150424 -998.654434867200 10.178412240909 3.808552378073 -0.070058957976 -11.689207206108 0.098591101772
123 62 1.#QNAN0000000 -4 1500.377249304340 -15.476565150054 -998.654434847782 10.178412240692 3.808552378685 -0.070058957988 -11.689207231151 0.098591102139
124 63 1.#QNAN0000000 0 1500.377249311388 -15.476565150129 -998.654434848780 10.178412240702 3.808552378678 -0.070058957988 -11.689207231138 0.098591102139
125 63 1.#QNAN0000000 3 1500.377249316778 -15.476565150188 -998.654434849754 10.178412240713 3.808552378696 -0.070058957988 -11.689207231118 0.098591102139
126 64 1.#QNAN0000000 5 1500.377248730665 -15.476565142758 -998.654434510452 10.178412236773 3.808552389675 -0.070058958201 -11.689207672449 0.098591108602
127 64 1.#QNAN0000000 7 1500.377248738916 -15.476565142845 -998.654434511663 10.178412236785 3.808552389656 -0.070058958201 -11.689207672270 0.098591108599
128 65 1.#QNAN0000000 10 1500.377248746261 -15.476565142923 -998.654434512774 10.178412236797 3.808552389649 -0.070058958201 -11.689207672173 0.098591108598
129 65 1.#QNAN0000000 12 1500.377249125623 -15.476565147714 -998.654434727615 10.178412239290 3.808552382723 -0.070058958067 -11.689207394578 0.098591104532
130 66 1.#QNAN0000000 14 1500.377249183528 -15.476565147663 -998.654434719127 10.178412239269 3.808552382569 -0.070058958064 -11.689207394403 0.098591104530
131 66 1.#QNAN0000000 17 1500.377249165656 -15.476565147313 -998.654434700258 10.178412239056 3.808552383201 -0.070058958077 -11.689207419527 0.098591104898
132 67 1.#QNAN0000000 20 1500.377249175203 -15.476565147385 -998.654434700922 10.178412239066 3.808552383185 -0.070058958076 -11.689207419427 0.098591104897
133 67 1.#QNAN0000000 23 1500.377248385564 -15.476565137400 -998.654434245884 10.178412233783 3.808552397868 -0.070058958361 -11.689208010367 0.098591113551
134 68 1.#QNAN0000000 26 1500.377248796536 -15.476565139980 -998.654434348952 10.178412234643 3.808552402505 -0.070058958430 -11.689208008521 0.098591113528
135 68 1.#QNAN0000000 29 1500.377248765347 -15.476565139597 -998.654434329292 10.178412234417 3.808552403086 -0.070058958442 -11.689208034015 0.098591113901
136 69 1.#QNAN0000000 32 1500.377248777877 -15.476565139648 -998.654434328701 10.178412234421 3.808552403039 -0.070058958441 -11.689208033915 0.098591113900
137 69 1.#QNAN0000000 35 1500.377248746455 -15.476565139244 -998.654434307982 10.178412234180 3.808552403708 -0.070058958454 -11.689208061666 0.098591114306
138 70 1.#QNAN0000000 37 1500.377248768207 -15.476565139411 -998.654434312767 10.178412234222 3.808552403863 -0.070058958457 -11.689208061420 0.098591114303
139 70 1.#QNAN0000000 -20 1500.377248769266 -15.476565139450 -998.654434312253 10.178412234220 3.808552403787 -0.070058958455 -11.689208061434 0.098591114303
140 71 1.#QNAN0000000 -18 1500.377248773395 -15.476565139513 -998.654434312246 10.178412234222 3.808552403703 -0.070058958454 -11.689208061281 0.098591114301
141 71 1.#QNAN0000000 -15 1500.377248775642 -15.476565139559 -998.654434312091 10.178412234224 3.808552403633 -0.070058958453 -11.689208061124 0.098591114298
142 72 1.#QNAN0000000 -11 1500.377248765040 -15.476565139441 -998.654434304441 10.178412234138 3.808552403815 -0.070058958457 -11.689208070844 0.098591114441
143 72 1.#QNAN0000000 -8 1500.377248664214 -15.476565138149 -998.654434243430 10.178412233428 3.808552405817 -0.070058958496 -11.689208151376 0.098591115620
144 73 1.#QNAN0000000 -5 1500.377248701770 -15.476565138136 -998.654434238192 10.178412233417 3.808552405698 -0.070058958494 -11.689208151068 0.098591115616
145 73 1.#QNAN0000000 -4 1500.377248704902 -15.476565138187 -998.654434238216 10.178412233419 3.808552405641 -0.070058958493 -11.689208150990 0.098591115615
146 74 1.#QNAN0000000 -2 1500.377248708436 -15.476565138241 -998.654434238351 10.178412233423 3.808552405590 -0.070058958492 -11.689208150910 0.098591115613
147 74 1.#QNAN0000000 1 1500.377248710956 -15.476565138290 -998.654434238275 10.178412233425 3.808552405523 -0.070058958491 -11.689208150751 0.098591115611
148 75 1.#QNAN0000000 2 1500.377248710467 -15.476565138321 -998.654434237242 10.178412233418 3.808552405408 -0.070058958489 -11.689208150696 0.098591115610
149 75 1.#QNAN0000000 5 1500.377248715361 -15.476565138386 -998.654434237843 10.178412233425 3.808552405376 -0.070058958489 -11.689208150609 0.098591115609
150 76 1.#QNAN0000000 8 1500.377248657265 -15.476565137242 -998.654434181463 10.178412232816 3.808552406894 -0.070058958519 -11.689208216995 0.098591116581
151 76 1.#QNAN0000000 11 1500.377248656342 -15.476565137262 -998.654434180130 10.178412232805 3.808552406820 -0.070058958518 -11.689208217676 0.098591116591
152 77 1.#QNAN0000000 14 1500.377248660962 -15.476565137322 -998.654434180515 10.178412232810 3.808552406785 -0.070058958517 -11.689208217675 0.098591116591
153 77 1.#QNAN0000000 17 1500.377248406378 -15.476565132359 -998.654433943915 10.178412230243 3.808552413335 -0.070058958646 -11.689208496513 0.098591120676
154 78 1.#QNAN0000000 20 1500.377248378308 -15.476565132013 -998.654433925940 10.178412230036 3.808552413868 -0.070058958656 -11.689208519925 0.098591121019
155 78 1.#QNAN0000000 22 1500.377248386429 -15.476565132098 -998.654433927090 10.178412230048 3.808552413852 -0.070058958656 -11.689208519831 0.098591121017
156 79 1.#QNAN0000000 25 1500.377248393866 -15.476565132176 -998.654433928188 10.178412230059 3.808552413849 -0.070058958656 -11.689208519816 0.098591121017
157 79 1.#QNAN0000000 27 1500.377248399596 -15.476565132238 -998.654433929289 10.178412230071 3.808552413868 -0.070058958656 -11.689208519711 0.098591121016
158 80 1.#QNAN0000000 30 1500.377248398903 -15.476565132253 -998.654433927727 10.178412230057 3.808552413828 -0.070058958656 -11.689208521127 0.098591121036
159 80 1.#QNAN0000000 33 1500.377248405301 -15.476565132324 -998.654433929212 10.178412230073 3.808552413834 -0.070058958656 -11.689208520522 0.098591121028
160 81 1.#QNAN0000000 35 1500.377248409126 -15.476565132382 -998.654433929269 10.178412230076 3.808552413768 -0.070058958655 -11.689208520447 0.098591121026
161 81 1.#QNAN0000000 38 1500.377248407624 -15.476565132400 -998.654433927876 10.178412230065 3.808552413684 -0.070058958654 -11.689208521006 0.098591121035
162 82 1.#QNAN0000000 -20 1500.377248386189 -15.476565132121 -998.654433912829 10.178412229890 3.808552414177 -0.070058958663 -11.689208541508 0.098591121335
163 82 1.#QNAN0000000 -17 1500.377248257238 -15.476565129441 -998.654433783501 10.178412228478 3.808552417985 -0.070058958738 -11.689208697975 0.098591123627
164 83 1.#QNAN0000000 -14 1500.377248262104 -15.476565129504 -998.654433783992 10.178412228484 3.808552417949 -0.070058958737 -11.689208697889 0.098591123626
165 83 1.#QNAN0000000 -11 1500.377248262979 -15.476565129532 -998.654433782972 10.178412228479 3.808552417847 -0.070058958736 -11.689208697742 0.098591123623
166 84 1.#QNAN0000000 -9 1500.377248264607 -15.476565129570 -998.654433782690 10.178412228480 3.808552417788 -0.070058958735 -11.689208697665 0.098591123622
167 84 1.#QNAN0000000 -6 1500.377248267176 -15.476565129618 -998.654433782862 10.178412228484 3.808552417734 -0.070058958734 -11.689208697340 0.098591123618
168 85 1.#QNAN0000000 -3 1500.377248268778 -15.476565129660 -998.654433782517 10.178412228483 3.808552417666 -0.070058958733 -11.689208697352 0.098591123618
169 85 1.#QNAN0000000 1 1500.377248254677 -15.476565129496 -998.654433772808 10.178412228373 3.808552417922 -0.070058958738 -11.689208709884 0.098591123801
170 86 1.#QNAN0000000 3 1500.377248264264 -15.476565129568 -998.654433773452 10.178412228383 3.808552417911 -0.070058958738 -11.689208709867 0.098591123801
171 86 1.#QNAN0000000 6 1500.377248267469 -15.476565129618 -998.654433773680 10.178412228387 3.808552417874 -0.070058958737 -11.689208709782 0.098591123800
172 87 1.#QNAN0000000 10 1500.377248267916 -15.476565129640 -998.654433772407 10.178412228375 3.808552417847 -0.070058958737 -11.689208711193 0.098591123820
173 87 1.#QNAN0000000 13 1500.377248231514 -15.476565128960 -998.654433738093 10.178412228001 3.808552418789 -0.070058958756 -11.689208752439 0.098591124425
174 88 1.#QNAN0000000 15 1500.377248237545 -15.476565129049 -998.654433739806 10.178412228023 3.808552418679 -0.070058958754 -11.689208750176 0.098591124392
175 88 1.#QNAN0000000 19 1500.377248106143 -15.476565127387 -998.654433662099 10.178412227121 3.808552421168 -0.070058958802 -11.689208851512 0.098591125876
176 89 1.#QNAN0000000 21 1500.377248141274 -15.476565127822 -998.654433679407 10.178412227322 3.808552420622 -0.070058958792 -11.689208830147 0.098591125563
177 89 1.#QNAN0000000 25 1500.377248148523 -15.476565127898 -998.654433680457 10.178412227333 3.808552420617 -0.070058958792 -11.689208830133 0.098591125563
178 90 1.#QNAN0000000 27 1500.377248170785 -15.476565127933 -998.654433678662 10.178412227334 3.808552420573 -0.070058958791 -11.689208830010 0.098591125561
179 90 1.#QNAN0000000 30 1500.377248188784 -15.476565128068 -998.654433682027 10.178412227365 3.808552420678 -0.070058958792 -11.689208829951 0.098591125560
180 91 1.#QNAN0000000 33 1500.377248190948 -15.476565128114 -998.654433681828 10.178412227366 3.808552420611 -0.070058958791 -11.689208829877 0.098591125559
181 91 1.#QNAN0000000 36 1500.377248191540 -15.476565128150 -998.654433681241 10.178412227364 3.808552420522 -0.070058958790 -11.689208829727 0.098591125557
182 92 1.#QNAN0000000 39 1500.377248133718 -15.476565127015 -998.654433625306 10.178412226759 3.808552422025 -0.070058958820 -11.689208895557 0.098591126521
183 92 1.#QNAN0000000 -18 1500.377248131008 -15.476565127029 -998.654433625573 10.178412226763 3.808552422035 -0.070058958820 -11.689208895376 0.098591126519
184 93 1.#QNAN0000000 -16 1500.377248139897 -15.476565127119 -998.654433626946 10.178412226777 3.808552422024 -0.070058958820 -11.689208895195 0.098591126516
185 93 1.#QNAN0000000 -13 1500.377248141319 -15.476565127161 -998.654433626559 10.178412226776 3.808552421949 -0.070058958819 -11.689208895124 0.098591126515
186 94 1.#QNAN0000000 -10 1500.377248143493 -15.476565127211 -998.654433626585 10.178412226780 3.808552421861 -0.070058958817 -11.689208894538 0.098591126506
187 94 1.#QNAN0000000 -8 1500.377248147770 -15.476565127270 -998.654433626948 10.178412226786 3.808552421815 -0.070058958817 -11.689208894371 0.098591126504
188 95 1.#QNAN0000000 -4 1500.377248140016 -15.476565127207 -998.654433623670 10.178412226753 3.808552421902 -0.070058958818 -11.689208898033 0.098591126558
189 95 1.#QNAN0000000 -2 1500.377248145746 -15.476565127269 -998.654433624771 10.178412226764 3.808552421920 -0.070058958818 -11.689208897928 0.098591126556
190 96 1.#QNAN0000000 1 1500.377248115001 -15.476565126874 -998.654433604469 10.178412226529 3.808552422577 -0.070058958831 -11.689208925158 0.098591126955
191 96 1.#QNAN0000000 5 1500.377248108611 -15.476565126783 -998.654433597935 10.178412226452 3.808552422803 -0.070058958836 -11.689208934757 0.098591127095
192 97 1.#QNAN0000000 7 1500.377248116319 -15.476565126869 -998.654433599162 10.178412226464 3.808552422788 -0.070058958836 -11.689208934663 0.098591127094
193 97 1.#QNAN0000000 10 1500.377248133454 -15.476565127003 -998.654433603182 10.178412226500 3.808552422934 -0.070058958838 -11.689208934422 0.098591127091
194 98 1.#QNAN0000000 13 1500.377248135168 -15.476565127056 -998.654433603691 10.178412226506 3.808552422898 -0.070058958837 -11.689208934256 0.098591127088
195 98 1.#QNAN0000000 16 1500.377248137913 -15.476565127103 -998.654433603781 10.178412226509 3.808552422855 -0.070058958836 -11.689208934174 0.098591127087
196 99 1.#QNAN0000000 19 1500.377248077652 -15.476565125972 -998.654433548197 10.178412225905 3.808552424371 -0.070058958866 -11.689209000171 0.098591128054
197 99 1.#QNAN0000000 22 1500.377247853683 -15.476565123119 -998.654433416424 10.178412224373 3.808552428664 -0.070058958950 -11.689209172590 0.098591130579
198 100 1.#QNAN0000000 25 1500.377247976441 -15.476565123912 -998.654433446662 10.178412224627 3.808552429988 -0.070058958969 -11.689209172052 0.098591130572
199 100 1.#QNAN0000000 28 1500.377247978437 -15.476565123956 -998.654433446407 10.178412224627 3.808552429918 -0.070058958968 -11.689209171979 0.098591130571
200 101 1.#QNAN0000000 30 1500.377247981290 -15.476565124006 -998.654433446382 10.178412224629 3.808552429859 -0.070058958967 -11.689209171902 0.098591130570
201 101 1.#QNAN0000000 34 1500.377247982249 -15.476565124040 -998.654433445658 10.178412224624 3.808552429801 -0.070058958967 -11.689209172366 0.098591130577
202 102 1.#QNAN0000000 36 1500.377247983895 -15.476565124083 -998.654433445328 10.178412224624 3.808552429728 -0.070058958966 -11.689209172295 0.098591130576
203 102 1.#QNAN0000000 39 1500.377247987104 -15.476565124134 -998.654433445647 10.178412224629 3.808552429694 -0.070058958965 -11.689209172209 0.098591130574
204 103 1.#QNAN0000000 -17 1500.377247902008 -15.476565123068 -998.654433394987 10.178412224043 3.808552431281 -0.070058958996 -11.689209237981 0.098591131538
205 103 1.#QNAN0000000 -14 1500.377247868974 -15.476565122631 -998.654433372464 10.178412223780 3.808552432032 -0.070058959011 -11.689209268633 0.098591131986
206 104 1.#QNAN0000000 -11 1500.377247875483 -15.476565122712 -998.654433373801 10.178412223793 3.808552432025 -0.070058959011 -11.689209268454 0.098591131984
207 104 1.#QNAN0000000 -9 1500.377247928782 -15.476565123086 -998.654433387044 10.178412223908 3.808552432497 -0.070058959017 -11.689209266948 0.098591131962
208 105 1.#QNAN0000000 -6 1500.377247933946 -15.476565123190 -998.654433389645 10.178412223931 3.808552432476 -0.070058959017 -11.689209265821 0.098591131946
209 105 1.#QNAN0000000 -2 1500.377247934882 -15.476565123201 -998.654433389540 10.178412223930 3.808552432571 -0.070058959019 -11.689209267189 0.098591131966
210 106 1.#QNAN0000000 2 1500.377247941929 -15.476565123276 -998.654433390539 10.178412223941 3.808552432563 -0.070058959018 -11.689209267177 0.098591131966
211 106 1.#QNAN0000000 5 1500.377247873214 -15.476565122427 -998.654433349791 10.178412223465 3.808552433891 -0.070058959044 -11.689209321252 0.098591132758
212 107 1.#QNAN0000000 8 1500.377247876987 -15.476565122514 -998.654433351613 10.178412223479 3.808552433896 -0.070058959044 -11.689209321159 0.098591132756
213 107 1.#QNAN0000000 10 1500.377247885088 -15.476565122599 -998.654433352750 10.178412223491 3.808552433879 -0.070058959044 -11.689209321065 0.098591132755
214 108 1.#QNAN0000000 12 1500.377247921714 -15.476565122859 -998.654433361288 10.178412223565 3.808552434205 -0.070058959049 -11.689209320751 0.098591132751
215 108 1.#QNAN0000000 15 1500.377247923783 -15.476565122901 -998.654433361229 10.178412223567 3.808552434155 -0.070058959048 -11.689209320672 0.098591132750
216 109 1.#QNAN0000000 18 1500.377247927690 -15.476565122959 -998.654433361507 10.178412223572 3.808552434105 -0.070058959047 -11.689209320506 0.098591132747
217 109 1.#QNAN0000000 21 1500.377247932300 -15.476565123047 -998.654433363303 10.178412223597 3.808552433936 -0.070058959045 -11.689209317222 0.098591132699
218 110 1.#QNAN0000000 24 1500.377247932978 -15.476565123085 -998.654433362786 10.178412223596 3.808552433845 -0.070058959043 -11.689209316988 0.098591132696
219 110 1.#QNAN0000000 28 1500.377247847449 -15.476565122015 -998.654433311988 10.178412223008 3.808552435431 -0.070058959074 -11.689209382859 0.098591133660
220 111 1.#QNAN0000000 31 1500.377247853706 -15.476565122091 -998.654433313063 10.178412223021 3.808552435391 -0.070058959073 -11.689209382252 0.098591133651
221 111 1.#QNAN0000000 34 1500.377247861180 -15.476565122170 -998.654433314206 10.178412223032 3.808552435385 -0.070058959073 -11.689209382155 0.098591133650
222 112 1.#QNAN0000000 37 1500.377247884736 -15.476565122189 -998.654433311940 10.178412223033 3.808552435343 -0.070058959073 -11.689209381940 0.098591133647
223 112 1.#QNAN0000000 39 1500.377247890763 -15.476565122253 -998.654433313116 10.178412223046 3.808552435365 -0.070058959073 -11.689209381833 0.098591133646
224 113 1.#QNAN0000000 -18 1500.377247886167 -15.476565122216 -998.654433310271 10.178412223016 3.808552435440 -0.070058959075 -11.689209385412 0.098591133698
225 113 1.#QNAN0000000 -14 1500.377247893566 -15.476565122294 -998.654433311395 10.178412223027 3.808552435433 -0.070058959074 -11.689209385314 0.098591133697
226 114 1.#QNAN0000000 -12 1500.377247895715 -15.476565122337 -998.654433311072 10.178412223027 3.808552435362 -0.070058959073 -11.689209385242 0.098591133696
227 114 1.#QNAN0000000 -9 1500.377247893063 -15.476565122318 -998.654433307604 10.178412222989 3.808552435403 -0.070058959074 -11.689209389624 0.098591133760
228 115 1.#QNAN0000000 -6 1500.377247898355 -15.476565122383 -998.654433308207 10.178412222997 3.808552435368 -0.070058959074 -11.689209389453 0.098591133757
229 115 1.#QNAN0000000 -3 1500.377247900464 -15.476565122431 -998.654433308100 10.178412222999 3.808552435282 -0.070058959073 -11.689209388989 0.098591133750
230 116 1.#QNAN0000000 1 1500.377247868008 -15.476565122035 -998.654433287894 10.178412222768 3.808552435871 -0.070058959084 -11.689209415021 0.098591134132
231 116 1.#QNAN0000000 4 1500.377247814042 -15.476565120929 -998.654433233155 10.178412222172 3.808552437426 -0.070058959115 -11.689209480832 0.098591135096
232 117 1.#QNAN0000000 7 1500.377247815169 -15.476565120941 -998.654433233135 10.178412222172 3.808552437519 -0.070058959116 -11.689209482115 0.098591135115
233 117 1.#QNAN0000000 11 1500.377247817877 -15.476565120974 -998.654433234045 10.178412222182 3.808552437581 -0.070058959117 -11.689209482164 0.098591135115
234 118 1.#QNAN0000000 12 1500.377247826258 -15.476565121061 -998.654433235232 10.178412222195 3.808552437563 -0.070058959117 -11.689209481986 0.098591135113
235 118 1.#QNAN0000000 16 1500.377247832825 -15.476565121128 -998.654433235879 10.178412222201 3.808552437571 -0.070058959117 -11.689209482508 0.098591135120
236 119 1.#QNAN0000000 19 1500.377247818021 -15.476565120831 -998.654433219463 10.178412222023 3.808552438011 -0.070058959126 -11.689209502476 0.098591135413
237 119 1.#QNAN0000000 22 1500.377247821899 -15.476565120887 -998.654433219697 10.178412222027 3.808552437963 -0.070058959125 -11.689209502394 0.098591135412
238 120 1.#QNAN0000000 25 1500.377247806911 -15.476565120723 -998.654433210005 10.178412221918 3.808552438182 -0.070058959130 -11.689209514287 0.098591135586
239 120 1.#QNAN0000000 29 1500.377247814067 -15.476565120799 -998.654433211036 10.178412221929 3.808552438176 -0.070058959130 -11.689209514275 0.098591135586
240 121 1.#QNAN0000000 32 1500.377247570617 -15.476565117698 -998.654433067997 10.178412220267 3.808552442839 -0.070058959220 -11.689209701395 0.098591138326
241 121 1.#QNAN0000000 34 1500.377247702376 -15.476565118552 -998.654433100760 10.178412220543 3.808552444242 -0.070058959241 -11.689209700240 0.098591138310
242 122 1.#QNAN0000000 38 1500.377247670448 -15.476565118164 -998.654433080914 10.178412220315 3.808552444815 -0.070058959252 -11.689209725738 0.098591138684
243 122 1.#QNAN0000000 -18 1500.377247676988 -15.476565118236 -998.654433081784 10.178412220325 3.808552444802 -0.070058959252 -11.689209725728 0.098591138684
244 123 1.#QNAN0000000 -16 1500.377247652697 -15.476565117910 -998.654433064285 10.178412220120 3.808552445390 -0.070058959264 -11.689209749857 0.098591139037
245 123 1.#QNAN0000000 -13 1500.377247659860 -15.476565117985 -998.654433065261 10.178412220130 3.808552445389 -0.070058959264 -11.689209749964 0.098591139039
246 124 1.#QNAN0000000 -11 1500.377247678149 -15.476565118129 -998.654433069305 10.178412220166 3.808552445526 -0.070058959266 -11.689209749810 0.098591139037
247 124 1.#QNAN0000000 -7 1500.377247679948 -15.476565118157 -998.654433070023 10.178412220175 3.808552445574 -0.070058959266 -11.689209749781 0.098591139036
248 125 1.#QNAN0000000 -4 1500.377247685113 -15.476565118221 -998.654433070581 10.178412220182 3.808552445542 -0.070058959266 -11.689209749693 0.098591139035
249 125 1.#QNAN0000000 -1 1500.377247686803 -15.476565118262 -998.654433070190 10.178412220181 3.808552445476 -0.070058959265 -11.689209749789 0.098591139036
250 126 1.#QNAN0000000 2 1500.377247690513 -15.476565118318 -998.654433070383 10.178412220185 3.808552445427 -0.070058959264 -11.689209749708 0.098591139035
251 126 1.#QNAN0000000 5 1500.377247690799 -15.476565118342 -998.654433069492 10.178412220181 3.808552445344 -0.070058959263 -11.689209749639 0.098591139034
252 127 1.#QNAN0000000 8 1500.377247687706 -15.476565118323 -998.654433066382 10.178412220148 3.808552445365 -0.070058959264 -11.689209753236 0.098591139087
253 127 1.#QNAN0000000 11 1500.377247681244 -15.476565118231 -998.654433059821 10.178412220071 3.808552445590 -0.070058959268 -11.689209762836 0.098591139228
254 128 1.#QNAN0000000 14 1500.377247580006 -15.476565116729 -998.654432988213 10.178412219259 3.808552447812 -0.070058959311 -11.689209853824 0.098591140560
255 128 1.#QNAN0000000 16 1500.377247624248 -15.476565117043 -998.654432998717 10.178412219348 3.808552448219 -0.070058959317 -11.689209853564 0.098591140557
256 129 1.#QNAN0000000 19 1500.377247363847 -15.476565111971 -998.654432756996 10.178412216723 3.808552454939 -0.070058959449 -11.689210138951 0.098591144737
257 129 1.#QNAN0000000 22 1500.377247366940 -15.476565112024 -998.654432757128 10.178412216730 3.808552454817 -0.070058959447 -11.689210137621 0.098591144717
258 130 1.#QNAN0000000 25 1500.377247336194 -15.476565111647 -998.654432737722 10.178412216507 3.808552455390 -0.070058959459 -11.689210162784 0.098591145086
259 130 1.#QNAN0000000 27 1500.377247344407 -15.476565111733 -998.654432738924 10.178412216520 3.808552455371 -0.070058959458 -11.689210162606 0.098591145083
260 131 1.#QNAN0000000 29 1500.377247353651 -15.476565111816 -998.654432739863 10.178412216531 3.808552455352 -0.070058959458 -11.689210162510 0.098591145082
261 131 1.#QNAN0000000 31 1500.377247360387 -15.476565111888 -998.654432740983 10.178412216543 3.808552455355 -0.070058959458 -11.689210162409 0.098591145081
262 132 1.#QNAN0000000 34 1500.377247275084 -15.476565110819 -998.654432690230 10.178412215955 3.808552456944 -0.070058959489 -11.689210228278 0.098591146045
263 132 1.#QNAN0000000 36 1500.377247323924 -15.476565111153 -998.654432701777 10.178412216054 3.808552457407 -0.070058959496 -11.689210227909 0.098591146040
264 133 1.#QNAN0000000 38 1500.377247263368 -15.476565110024 -998.654432646287 10.178412215451 3.808552458916 -0.070058959526 -11.689210293743 0.098591147004
265 133 1.#QNAN0000000 39 1500.377247270948 -15.476565110103 -998.654432647456 10.178412215463 3.808552458912 -0.070058959526 -11.689210293645 0.098591147003
266 134 1.#QNAN0000000 -20 1500.377247213227 -15.476565108971 -998.654432591363 10.178412214856 3.808552460397 -0.070058959555 -11.689210359481 0.098591147967
267 134 1.#QNAN0000000 -17 1500.377247214837 -15.476565109011 -998.654432590896 10.178412214854 3.808552460335 -0.070058959554 -11.689210359696 0.098591147971
268 135 1.#QNAN0000000 -15 1500.377247218076 -15.476565109066 -998.654432590841 10.178412214856 3.808552460259 -0.070058959553 -11.689210359541 0.098591147968
269 135 1.#QNAN0000000 -12 1500.377247220675 -15.476565109118 -998.654432590933 10.178412214860 3.808552460181 -0.070058959552 -11.689210359052 0.098591147961
270 136 1.#QNAN0000000 -9 1500.377247221116 -15.476565109158 -998.654432590552 10.178412214861 3.808552460070 -0.070058959550 -11.689210358394 0.098591147951
271 136 1.#QNAN0000000 -6 1500.377247208337 -15.476565109002 -998.654432581146 10.178412214753 3.808552460332 -0.070058959555 -11.689210370766 0.098591148133
272 137 1.#QNAN0000000 -2 1500.377247216347 -15.476565109088 -998.654432582624 10.178412214769 3.808552460313 -0.070058959555 -11.689210370193 0.098591148124
273 137 1.#QNAN0000000 0 1500.377247219567 -15.476565109142 -998.654432582764 10.178412214773 3.808552460251 -0.070058959554 -11.689210369947 0.098591148121
274 138 1.#QNAN0000000 3 1500.377247224716 -15.476565109204 -998.654432583493 10.178412214782 3.808552460237 -0.070058959554 -11.689210369854 0.098591148119
275 138 1.#QNAN0000000 6 1500.377247099548 -15.476565107630 -998.654432509803 10.178412213928 3.808552462570 -0.070058959599 -11.689210465534 0.098591149521
276 139 1.#QNAN0000000 8 1500.377247107686 -15.476565107715 -998.654432510950 10.178412213940 3.808552462553 -0.070058959599 -11.689210465440 0.098591149519
