# SEMchr.txt
#IMaCh version 0.99r45, April 2023,INED-EUROREVES-Institut de longevite-Japan Society for the Promotion of Science (Grant-in-Aid for Scientific Research 25293121), Intel Software 2015-2020, Nihon University 2021-202, INED 2000-2022
#$Revision: 1.353 $ $Date: 2023/05/08 18:48:22 $
# Tue Feb 04 22:21:37 2025

#****** ******
# (a) Life expectancies by health status at initial age and (b) health expectancies by health status at initial age
# Age e11  e12  e1.  e21  e22  e2. 
 50  10.1732  23.1111  33.2843   6.7740  26.2278  33.0019
 51   9.7942  22.5359  32.3301   6.4167  25.6052  32.0220
 52   9.4264  21.9545  31.3809   6.0717  24.9735  31.0452
 53   9.0698  21.3678  30.4376   5.7390  24.3335  30.0725
 54   8.7243  20.7761  29.5004   5.4182  23.6856  29.1038
 55   8.3898  20.1805  28.5703   5.1092  23.0309  28.1401
 56   8.0660  19.5814  27.6474   4.8118  22.3696  27.1814
 57   7.7530  18.9798  26.7328   4.5259  21.7030  26.2289
 58   7.4506  18.3762  25.8267   4.2512  21.0315  25.2827
 59   7.1586  17.7718  24.9305   3.9876  20.3564  24.3439
 60   6.8770  17.1672  24.0441   3.7347  19.6781  23.4128
 61   6.6055  16.5636  23.1691   3.4926  18.9981  22.4907
 62   6.3440  15.9616  22.3057   3.2609  18.3169  21.5778
 63   6.0925  15.3626  21.4551   3.0394  17.6361  20.6755
 64   5.8506  14.7672  20.6178   2.8280  16.9563  19.7843
 65   5.6183  14.1769  19.7952   2.6265  16.2791  18.9055
 66   5.3953  13.5922  18.9875   2.4345  15.6052  18.0397
 67   5.1816  13.0146  18.1962   2.2520  14.9362  17.1883
 68   4.9768  12.4447  17.4215   2.0787  14.2731  16.3518
 69   4.7808  11.8840  16.6648   1.9145  13.6173  15.5318
 70   4.5934  11.3330  15.9264   1.7590  12.9698  14.7287
 71   4.4143  10.7932  15.2075   1.6121  12.3322  13.9443
 72   4.2432  10.2650  14.5083   1.4735  11.7053  13.1788
 73   4.0801   9.7497  13.8297   1.3430  11.0909  12.4339
 74   3.9243   9.2474  13.1717   1.2203  10.4896  11.7099
 75   3.7758   8.7593  12.5351   1.1053   9.9030  11.0083
 76   3.6339   8.2852  11.9191   0.9975   9.3318  10.3293
 77   3.4984   7.8259  11.3243   0.8969   8.7774   9.6742
 78   3.3686   7.3804  10.7491   0.8029   8.2402   9.0431
 79   3.2440   6.9489  10.1929   0.7154   7.7217   8.4372
 80   3.1234   6.5291   9.6525   0.6341   7.2220   7.8561
 81   3.0058   6.1195   9.1253   0.5586   6.7424   7.3010
 82   2.8891   5.7153   8.6045   0.4887   6.2828   6.7715
 83   2.7713   5.3111   8.0824   0.4242   5.8445   6.2687
 84   2.6480   4.8960   7.5439   0.3647   5.4277   5.7924
 85   2.5141   4.4562   6.9703   0.3106   5.0339   5.3445
 86   2.3610   3.9680   6.3290   0.2618   4.6640   4.9258
 87   2.1789   3.4053   5.5842   0.2190   4.3209   4.5400
 88   1.9560   2.7363   4.6923   0.1829   4.0069   4.1898
 89   1.6924   1.9634   3.6558   0.1544   3.7247   3.8791
 90   1.4114   1.1557   2.5671   0.1330   3.4735   3.6065
