# SEMchr.txt
#IMaCh version 0.99r45, April 2023,INED-EUROREVES-Institut de longevite-Japan Society for the Promotion of Science (Grant-in-Aid for Scientific Research 25293121), Intel Software 2015-2020, Nihon University 2021-202, INED 2000-2022
#$Revision: 1.353 $ $Date: 2023/05/08 18:48:22 $
# Tue Feb 04 22:21:37 2025
# Forward period (stable) prevalence. Precision given by ftolpl=0.0006 
#Age 1-1 2-2 
#************
#Age   1-1     2-2   Total Years_to_converge
50  0.42036 0.57988 1.000 28
51  0.40814 0.59199 1.000 30
52  0.39607 0.60406 1.000 30
53  0.38413 0.61601 1.000 30
54  0.37233 0.62781 1.000 30
55  0.36069 0.63945 1.000 30
56  0.34922 0.65091 1.000 30
57  0.33795 0.66219 1.000 30
58  0.32687 0.67326 1.000 30
59  0.31601 0.68412 1.000 30
60  0.30538 0.69475 1.000 30
61  0.29498 0.70515 1.000 30
62  0.28482 0.71529 1.000 30
63  0.27492 0.72519 1.000 30
64  0.26528 0.73482 1.000 30
65  0.25592 0.74419 1.000 30
66  0.24682 0.75328 1.000 30
67  0.23800 0.76209 1.000 30
68  0.22947 0.77062 1.000 30
69  0.22122 0.77886 1.000 30
70  0.21326 0.78681 1.000 30
71  0.20562 0.79451 1.000 28
72  0.19823 0.80188 1.000 28
73  0.19114 0.80896 1.000 28
74  0.18434 0.81576 1.000 28
75  0.17783 0.82226 1.000 28
76  0.17160 0.82848 1.000 28
77  0.16567 0.83441 1.000 28
78  0.16001 0.84005 1.000 28
79  0.15465 0.84541 1.000 28
80  0.14956 0.85049 1.000 28
81  0.14476 0.85529 1.000 28
82  0.14023 0.85981 1.000 28
83  0.13601 0.86407 1.000 26
84  0.13204 0.86803 1.000 26
85  0.12833 0.87174 1.000 26
86  0.12487 0.87519 1.000 26
87  0.12158 0.87848 1.000 26
88  0.11825 0.88181 1.000 26
89  0.11428 0.88577 1.000 26
90  0.10817 0.89187 1.000 26
