# Powell
# iter -2*LL p12 p13 p21 p23
1 1 3142.229807813135 1 0.000000000000 0.000000000000 0.000000000000 0.000000000000 0.000000000000 0.000000000000 0.000000000000 0.000000000000
2 2 1883.061726107045 1 0.440782587542 0.000544702495 -4.650571860245 0.006117340962 -1.390804286250 -0.000844159448 -2.498860576770 0.002188673936
3 2 1737.250848237278 1 -0.472768420331 0.001116803396 -5.135251428555 0.014480473801 -2.072598516248 -0.001585955944 -2.769239630520 0.004342840250
4 3 1700.872924750786 1 -1.469574418705 0.009553526194 -14.279414044367 0.130774750364 -1.455813222617 -0.012964794943 -5.125776073377 0.037492656662
5 3 1666.262205839522 1 -1.687704577802 0.015050720201 -18.920647033477 0.204153374592 -0.880877645091 -0.020298292170 -6.555955087267 0.056936847494
6 4 1636.861204133739 1 -2.219460804267 0.028105788575 -32.625942810384 0.375648120166 0.407009257589 -0.037552208670 -9.940790717980 0.102042380250
7 4 1632.612510578549 1 -2.327139829871 0.030290783243 -36.031732903210 0.404651300500 0.574798528573 -0.040327822904 -10.507750701853 0.108445938428
8 5 1631.213680945455 2 -2.615541808390 0.033722342531 -40.189596080831 0.449981040940 0.819746451462 -0.044473943607 -11.406660317513 0.119778210738
9 5 1631.173275949568 2 -2.626680030936 0.033962261928 -40.375134105770 0.452103480388 0.816152614334 -0.044435501248 -11.443591924944 0.120204604712
10 6 1630.298944226191 2 -2.917845523231 0.038698864804 -43.023318309077 0.484314058247 0.154253925495 -0.034486884910 -11.813229267469 0.125041602516
11 6 1630.256917989098 2 -2.908608562225 0.038394964828 -42.738119868694 0.479904774988 0.085174023141 -0.033458798266 -11.709980821045 0.123704303378
12 7 1630.125375111836 2 -2.830233713447 0.036905837463 -44.040644516376 0.492975207088 0.002431046333 -0.031896760647 -11.759799470266 0.124334299327
13 7 1629.935542773410 2 -2.764818966040 0.035962467159 -45.268795970952 0.507173063988 -0.031611312344 -0.031427725386 -11.866209170794 0.125696693962
14 8 1629.598398134754 2 -2.436991562179 0.031042958166 -49.379039815381 0.554372535212 -0.074663122570 -0.031050142549 -12.149094944941 0.129306842985
15 8 1629.597311614794 2 -2.439568256327 0.031094456948 -49.470670548810 0.555254839171 -0.063333118850 -0.031223264596 -12.168517500356 0.129549020296
16 9 1629.596475660557 3 -2.447853554158 0.031252388211 -49.586575558774 0.556612346816 -0.061715069878 -0.031235874383 -12.189487866961 0.129816172169
17 9 1629.592929905232 3 -2.459131091016 0.031458750209 -49.932427671763 0.560645348108 -0.069073226040 -0.031092951076 -12.222533111581 0.130238572287
18 10 1629.584354202503 3 -2.468543313116 0.031657944207 -50.629042518474 0.568661170425 -0.066735232371 -0.031092837789 -12.267736700795 0.130814875624
19 10 1629.526777213264 3 -2.485807395138 0.032067540906 -54.437440848163 0.612149281960 -0.058325730900 -0.031112016024 -12.381026608892 0.132261225756
20 11 1629.279884169816 3 -2.490543432168 0.032251471696 -68.438906967506 0.770994243020 -0.046977506072 -0.031140400198 -12.397235287570 0.132483368136
21 11 1628.908831726156 3 -2.494494832272 0.032048991939 -90.547549422756 1.019711969970 -0.042149881405 -0.031322488414 -11.974661087482 0.127125502513
22 12 1628.830502522540 3 -2.528100740073 0.032416526078 -91.819853516385 1.032043056189 -0.026423265449 -0.031756681336 -11.810744181776 0.125029905530
23 12 1628.813399996819 3 -2.550687025142 0.032786885192 -97.945938917657 1.099724167768 -0.032607552480 -0.031684509839 -11.864403570724 0.125711731249
24 13 1628.808566805520 3 -2.539013840220 0.032659308875 -99.162577229380 1.113602989250 -0.033065610343 -0.031662364057 -11.907888358368 0.126268831546
25 13 1628.808067368837 4 -2.540355705725 0.032706166497 -99.216217412440 1.114247950017 -0.021966740907 -0.031830319544 -11.909926980726 0.126294783976
26 14 1628.808028145945 4 -2.544467083210 0.032769054950 -99.219406683162 1.114284732289 -0.022336429542 -0.031826389232 -11.911267697110 0.126311052223
27 14 1628.808021570663 4 -2.544888578402 0.032774811334 -99.160648042623 1.113645130205 -0.022183599904 -0.031828238553 -11.911147764118 0.126309311874
28 15 1628.808021031230 4 -2.544922842983 0.032775200244 -99.157169139394 1.113611427780 -0.022196627469 -0.031827816158 -11.911325014065 0.126311527844
29 15 1628.808020977070 4 -2.544910919170 0.032774997709 -99.159104501097 1.113634488590 -0.022214751583 -0.031827467201 -11.911430055412 0.126312858455
30 16 1628.808020971681 4 -2.544902755047 0.032774870340 -99.160327445084 1.113648529312 -0.022222455957 -0.031827328517 -11.911470931782 0.126313377408
31 16 1628.808020971188 4 -2.544900115566 0.032774831023 -99.160827291730 1.113654210898 -0.022225290799 -0.031827279058 -11.911483604625 0.126313538131
32 17 1628.808020971138 4 -2.544898779829 0.032774810404 -99.160992159677 1.113656081926 -0.022226324977 -0.031827262495 -11.911487347933 0.126313586826
33 17 1628.808020971135 5 -2.544898059171 0.032774799600 -99.160998859267 1.113656159320 -0.022226309310 -0.031827261635 -11.911487986174 0.126313594969
34 18 1628.808020971134 5 -2.544897638950 0.032774793294 -99.161004127926 1.113656219822 -0.022226364495 -0.031827261151 -11.911488348788 0.126313599597
