# SEMchr.txt
#IMaCh version 0.99r45, April 2023,INED-EUROREVES-Institut de longevite-Japan Society for the Promotion of Science (Grant-in-Aid for Scientific Research 25293121), Intel Software 2015-2020, Nihon University 2021-202, INED 2000-2022
#$Revision: 1.353 $ $Date: 2023/05/08 18:48:22 $
# Tue Feb 04 22:21:37 2025
#One-step probabilities and correlation matrix
# Age p1-1  p1-2  p1-3  p2-1  p2-2  p2-3 
50  7.122e-001  2.878e-001  9.338e-020  1.656e-001  8.313e-001  3.087e-003 
50 1-1  1.000e+000
50 1-2 -1.000e+000  1.000e+000
50 1-3 -3.533e-002  3.533e-002  1.000e+000
50 2-1 -2.854e-002  2.854e-002 -2.138e-003  1.000e+000
50 2-2  2.887e-002 -2.887e-002  1.325e-003 -9.989e-001  1.000e+000
50 2-3 -6.147e-003  6.147e-003  1.726e-002 -5.357e-002  6.385e-003  1.000e+000
51  7.054e-001  2.946e-001  2.817e-019  1.612e-001  8.353e-001  3.520e-003 
51 1-1  1.000e+000
51 1-2 -1.000e+000  1.000e+000
51 1-3 -3.367e-002  3.367e-002  1.000e+000
51 2-1 -2.870e-002  2.870e-002 -2.058e-003  1.000e+000
51 2-2  2.906e-002 -2.906e-002  1.112e-003 -9.984e-001  1.000e+000
51 2-3 -5.777e-003  5.777e-003  1.697e-002 -5.109e-002 -4.750e-003  1.000e+000
52  6.986e-001  3.014e-001  8.496e-019  1.568e-001  8.392e-001  4.012e-003 
52 1-1  1.000e+000
52 1-2 -1.000e+000  1.000e+000
52 1-3 -3.178e-002  3.178e-002  1.000e+000
52 2-1 -2.888e-002  2.888e-002 -1.966e-003  1.000e+000
52 2-2  2.926e-002 -2.926e-002  8.662e-004 -9.978e-001  1.000e+000
52 2-3 -5.357e-003  5.357e-003  1.665e-002 -4.880e-002 -1.732e-002  1.000e+000
53  6.916e-001  3.084e-001  2.562e-018  1.526e-001  8.428e-001  4.572e-003 
53 1-1  1.000e+000
53 1-2 -1.000e+000  1.000e+000
53 1-3 -2.961e-002  2.961e-002  1.000e+000
53 2-1 -2.908e-002  2.908e-002 -1.859e-003  1.000e+000
53 2-2  2.948e-002 -2.948e-002  5.829e-004 -9.969e-001  1.000e+000
53 2-3 -4.881e-003  4.881e-003  1.630e-002 -4.673e-002 -3.159e-002  1.000e+000
54  6.846e-001  3.154e-001  7.722e-018  1.484e-001  8.464e-001  5.209e-003 
54 1-1  1.000e+000
54 1-2 -1.000e+000  1.000e+000
54 1-3 -2.712e-002  2.712e-002  1.000e+000
54 2-1 -2.931e-002  2.931e-002 -1.735e-003  1.000e+000
54 2-2  2.971e-002 -2.971e-002  2.570e-004 -9.957e-001  1.000e+000
54 2-3 -4.342e-003  4.342e-003  1.592e-002 -4.490e-002 -4.789e-002  1.000e+000
55  6.775e-001  3.225e-001  2.327e-017  1.443e-001  8.497e-001  5.934e-003 
55 1-1  1.000e+000
55 1-2 -1.000e+000  1.000e+000
55 1-3 -2.426e-002  2.426e-002  1.000e+000
55 2-1 -2.956e-002  2.956e-002 -1.590e-003  1.000e+000
55 2-2  2.993e-002 -2.993e-002 -1.165e-004 -9.940e-001  1.000e+000
55 2-3 -3.734e-003  3.734e-003  1.551e-002 -4.335e-002 -6.657e-002  1.000e+000
56  6.703e-001  3.297e-001  7.012e-017  1.403e-001  8.529e-001  6.758e-003 
56 1-1  1.000e+000
56 1-2 -1.000e+000  1.000e+000
56 1-3 -2.096e-002  2.096e-002  1.000e+000
56 2-1 -2.984e-002  2.984e-002 -1.420e-003  1.000e+000
56 2-2  3.015e-002 -3.015e-002 -5.425e-004 -9.915e-001  1.000e+000
56 2-3 -3.051e-003  3.051e-003  1.507e-002 -4.211e-002 -8.800e-002  1.000e+000
57  6.630e-001  3.370e-001  2.112e-016  1.364e-001  8.559e-001  7.695e-003 
57 1-1  1.000e+000
57 1-2 -1.000e+000  1.000e+000
57 1-3 -1.716e-002  1.716e-002  1.000e+000
57 2-1 -3.015e-002  3.015e-002 -1.221e-003  1.000e+000
57 2-2  3.033e-002 -3.033e-002 -1.024e-003 -9.882e-001  1.000e+000
57 2-3 -2.291e-003  2.291e-003  1.458e-002 -4.122e-002 -1.126e-001  1.000e+000
58  6.556e-001  3.444e-001  6.362e-016  1.326e-001  8.587e-001  8.759e-003 
58 1-1  1.000e+000
58 1-2 -1.000e+000  1.000e+000
58 1-3 -1.282e-002  1.282e-002  1.000e+000
58 2-1 -3.047e-002  3.047e-002 -9.862e-004  1.000e+000
58 2-2  3.046e-002 -3.046e-002 -1.562e-003 -9.835e-001  1.000e+000
58 2-3 -1.454e-003  1.454e-003  1.404e-002 -4.073e-002 -1.406e-001  1.000e+000
59  6.482e-001  3.518e-001  1.915e-015  1.288e-001  8.612e-001  9.968e-003 
59 1-1  1.000e+000
59 1-2 -1.000e+000  1.000e+000
59 1-3 -7.901e-003  7.901e-003  1.000e+000
59 2-1 -3.080e-002  3.080e-002 -7.114e-004  1.000e+000
59 2-2  3.048e-002 -3.048e-002 -2.154e-003 -9.772e-001  1.000e+000
59 2-3 -5.497e-004  5.497e-004  1.344e-002 -4.068e-002 -1.723e-001  1.000e+000
60  6.407e-001  3.593e-001  5.766e-015  1.251e-001  8.635e-001  1.134e-002 
60 1-1  1.000e+000
60 1-2 -1.000e+000  1.000e+000
60 1-3 -2.420e-003  2.420e-003  1.000e+000
60 2-1 -3.113e-002  3.113e-002 -3.905e-004  1.000e+000
60 2-2  3.038e-002 -3.038e-002 -2.787e-003 -9.688e-001  1.000e+000
60 2-3  4.032e-004 -4.032e-004  1.278e-002 -4.110e-002 -2.077e-001  1.000e+000
61  6.331e-001  3.669e-001  1.735e-014  1.215e-001  8.656e-001  1.290e-002 
61 1-1  1.000e+000
61 1-2 -1.000e+000  1.000e+000
61 1-3  3.554e-003 -3.554e-003  1.000e+000
61 2-1 -3.143e-002  3.143e-002 -1.913e-005  1.000e+000
61 2-2  3.009e-002 -3.009e-002 -3.443e-003 -9.580e-001  1.000e+000
61 2-3  1.372e-003 -1.372e-003  1.205e-002 -4.203e-002 -2.464e-001  1.000e+000
62  6.255e-001  3.745e-001  5.221e-014  1.179e-001  8.674e-001  1.467e-002 
62 1-1  1.000e+000
62 1-2 -1.000e+000  1.000e+000
62 1-3  9.875e-003 -9.875e-003  1.000e+000
62 2-1 -3.166e-002  3.166e-002  4.050e-004  1.000e+000
62 2-2  2.959e-002 -2.959e-002 -4.090e-003 -9.443e-001  1.000e+000
62 2-3  2.310e-003 -2.310e-003  1.124e-002 -4.346e-002 -2.877e-001  1.000e+000
63  6.178e-001  3.822e-001  1.570e-013  1.144e-001  8.689e-001  1.667e-002 
63 1-1  1.000e+000
63 1-2 -1.000e+000  1.000e+000
63 1-3  1.633e-002 -1.633e-002  1.000e+000
63 2-1 -3.182e-002  3.182e-002  8.803e-004  1.000e+000
63 2-2  2.889e-002 -2.889e-002 -4.685e-003 -9.279e-001  1.000e+000
63 2-3  3.158e-003 -3.158e-003  1.033e-002 -4.537e-002 -3.303e-001  1.000e+000
64  6.100e-001  3.900e-001  4.722e-013  1.110e-001  8.701e-001  1.894e-002 
64 1-1  1.000e+000
64 1-2 -1.000e+000  1.000e+000
64 1-3  2.265e-002 -2.265e-002  1.000e+000
64 2-1 -3.188e-002  3.188e-002  1.400e-003  1.000e+000
64 2-2  2.801e-002 -2.801e-002 -5.177e-003 -9.092e-001  1.000e+000
64 2-3  3.856e-003 -3.856e-003  9.299e-003 -4.769e-002 -3.725e-001  1.000e+000
65  6.022e-001  3.978e-001  1.420e-012  1.076e-001  8.709e-001  2.151e-002 
65 1-1  1.000e+000
65 1-2 -1.000e+000  1.000e+000
65 1-3  2.859e-002 -2.859e-002  1.000e+000
65 2-1 -3.182e-002  3.182e-002  1.953e-003  1.000e+000
65 2-2  2.703e-002 -2.703e-002 -5.513e-003 -8.890e-001  1.000e+000
65 2-3  4.347e-003 -4.347e-003  8.141e-003 -5.033e-002 -4.125e-001  1.000e+000
66  5.943e-001  4.057e-001  4.267e-012  1.043e-001  8.713e-001  2.441e-002 
66 1-1  1.000e+000
66 1-2 -1.000e+000  1.000e+000
66 1-3  3.393e-002 -3.393e-002  1.000e+000
66 2-1 -3.165e-002  3.165e-002  2.523e-003  1.000e+000
66 2-2  2.605e-002 -2.605e-002 -5.648e-003 -8.685e-001  1.000e+000
66 2-3  4.592e-003 -4.592e-003  6.829e-003 -5.317e-002 -4.488e-001  1.000e+000
67  5.864e-001  4.136e-001  1.282e-011  1.010e-001  8.713e-001  2.770e-002 
67 1-1  1.000e+000
67 1-2 -1.000e+000  1.000e+000
67 1-3  3.857e-002 -3.857e-002  1.000e+000
67 2-1 -3.138e-002  3.138e-002  3.093e-003  1.000e+000
67 2-2  2.515e-002 -2.515e-002 -5.545e-003 -8.487e-001  1.000e+000
67 2-3  4.567e-003 -4.567e-003  5.339e-003 -5.609e-002 -4.804e-001  1.000e+000
68  5.784e-001  4.216e-001  3.852e-011  9.780e-002  8.708e-001  3.141e-002 
68 1-1  1.000e+000
68 1-2 -1.000e+000  1.000e+000
68 1-3  4.248e-002 -4.248e-002  1.000e+000
68 2-1 -3.104e-002  3.104e-002  3.649e-003  1.000e+000
68 2-2  2.442e-002 -2.442e-002 -5.184e-003 -8.305e-001  1.000e+000
68 2-3  4.264e-003 -4.264e-003  3.643e-003 -5.903e-002 -5.071e-001  1.000e+000
69  5.704e-001  4.296e-001  1.157e-010  9.463e-002  8.698e-001  3.560e-002 
69 1-1  1.000e+000
69 1-2 -1.000e+000  1.000e+000
69 1-3  4.569e-002 -4.569e-002  1.000e+000
69 2-1 -3.064e-002  3.064e-002  4.184e-003  1.000e+000
69 2-2  2.391e-002 -2.391e-002 -4.551e-003 -8.141e-001  1.000e+000
69 2-3  3.682e-003 -3.682e-003  1.710e-003 -6.195e-002 -5.292e-001  1.000e+000
70  5.623e-001  4.377e-001  3.473e-010  9.149e-002  8.682e-001  4.032e-002 
70 1-1  1.000e+000
70 1-2 -1.000e+000  1.000e+000
70 1-3  4.828e-002 -4.828e-002  1.000e+000
70 2-1 -3.022e-002  3.022e-002  4.694e-003  1.000e+000
70 2-2  2.364e-002 -2.364e-002 -3.640e-003 -7.995e-001  1.000e+000
70 2-3  2.826e-003 -2.826e-003 -4.924e-004 -6.487e-002 -5.475e-001  1.000e+000
71  5.543e-001  4.457e-001  1.043e-009  8.840e-002  8.660e-001  4.563e-002 
71 1-1  1.000e+000
71 1-2 -1.000e+000  1.000e+000
71 1-3  5.036e-002 -5.036e-002  1.000e+000
71 2-1 -2.978e-002  2.978e-002  5.185e-003  1.000e+000
71 2-2  2.361e-002 -2.361e-002 -2.441e-003 -7.862e-001  1.000e+000
71 2-3  1.702e-003 -1.702e-003 -2.992e-003 -6.785e-002 -5.633e-001  1.000e+000
72  5.461e-001  4.539e-001  3.129e-009  8.534e-002  8.631e-001  5.160e-002 
72 1-1  1.000e+000
72 1-2 -1.000e+000  1.000e+000
72 1-3  5.202e-002 -5.202e-002  1.000e+000
72 2-1 -2.934e-002  2.934e-002  5.664e-003  1.000e+000
72 2-2  2.381e-002 -2.381e-002 -9.424e-004 -7.732e-001  1.000e+000
72 2-3  3.140e-004 -3.140e-004 -5.809e-003 -7.095e-002 -5.777e-001  1.000e+000
73  5.380e-001  4.620e-001  9.387e-009  8.232e-002  8.594e-001  5.830e-002 
73 1-1  1.000e+000
73 1-2 -1.000e+000  1.000e+000
73 1-3  5.335e-002 -5.335e-002  1.000e+000
73 2-1 -2.892e-002  2.892e-002  6.143e-003  1.000e+000
73 2-2  2.423e-002 -2.423e-002  8.704e-004 -7.597e-001  1.000e+000
73 2-3 -1.324e-003  1.324e-003 -8.947e-003 -7.428e-002 -5.921e-001  1.000e+000
74  5.299e-001  4.701e-001  2.815e-008  7.932e-002  8.549e-001  6.580e-002 
74 1-1  1.000e+000
74 1-2 -1.000e+000  1.000e+000
74 1-3  5.442e-002 -5.443e-002  1.000e+000
74 2-1 -2.850e-002  2.850e-002  6.633e-003  1.000e+000
74 2-2  2.484e-002 -2.484e-002  3.012e-003 -7.442e-001  1.000e+000
74 2-3 -3.188e-003  3.188e-003 -1.238e-002 -7.793e-002 -6.079e-001  1.000e+000
75  5.217e-001  4.783e-001  8.442e-008  7.635e-002  8.495e-001  7.419e-002 
75 1-1  1.000e+000
75 1-2 -1.000e+000  1.000e+000
75 1-3  5.529e-002 -5.532e-002  1.000e+000
75 2-1 -2.810e-002  2.810e-002  7.148e-003  1.000e+000
75 2-2  2.559e-002 -2.559e-002  5.492e-003 -7.254e-001  1.000e+000
75 2-3 -5.234e-003  5.235e-003 -1.605e-002 -8.199e-002 -6.265e-001  1.000e+000
76  5.135e-001  4.865e-001  2.531e-007  7.340e-002  8.431e-001  8.354e-002 
76 1-1  1.000e+000
76 1-2 -1.000e+000  1.000e+000
76 1-3  5.601e-002 -5.609e-002  1.000e+000
76 2-1 -2.771e-002  2.771e-002  7.701e-003  1.000e+000
76 2-2  2.645e-002 -2.645e-002  8.303e-003 -7.018e-001  1.000e+000
76 2-3 -7.392e-003  7.394e-003 -1.984e-002 -8.656e-002 -6.489e-001  1.000e+000
77  5.053e-001  4.947e-001  7.584e-007  7.047e-002  8.356e-001  9.395e-002 
77 1-1  1.000e+000
77 1-2 -1.000e+000  1.000e+000
77 1-3  5.661e-002 -5.680e-002  1.000e+000
77 2-1 -2.732e-002  2.731e-002  8.307e-003  1.000e+000
77 2-2  2.733e-002 -2.734e-002  1.141e-002 -6.718e-001  1.000e+000
77 2-3 -9.569e-003  9.574e-003 -2.361e-002 -9.175e-002 -6.760e-001  1.000e+000
78  4.971e-001  5.029e-001  2.272e-006  6.756e-002  8.269e-001  1.055e-001 
78 1-1  1.000e+000
78 1-2 -1.000e+000  1.000e+000
78 1-3  5.705e-002 -5.755e-002  1.000e+000
78 2-1 -2.693e-002  2.692e-002  8.982e-003  1.000e+000
78 2-2  2.818e-002 -2.818e-002  1.476e-002 -6.340e-001  1.000e+000
78 2-3 -1.166e-002  1.167e-002 -2.720e-002 -9.768e-002 -7.077e-001  1.000e+000
79  4.889e-001  5.111e-001  6.806e-006  6.466e-002  8.171e-001  1.183e-001 
79 1-1  1.000e+000
79 1-2 -1.000e+000  1.000e+000
79 1-3  5.724e-002 -5.854e-002  1.000e+000
79 2-1 -2.653e-002  2.652e-002  9.748e-003  1.000e+000
79 2-2  2.888e-002 -2.891e-002  1.824e-002 -5.878e-001  1.000e+000
79 2-3 -1.356e-002  1.360e-002 -3.049e-002 -1.045e-001 -7.431e-001  1.000e+000
80  4.807e-001  5.193e-001  2.038e-005  6.178e-002  8.059e-001  1.324e-001 
80 1-1  1.000e+000
80 1-2 -1.000e+000  1.000e+000
80 1-3  5.687e-002 -6.020e-002  1.000e+000
80 2-1 -2.614e-002  2.610e-002  1.063e-002  1.000e+000
80 2-2  2.938e-002 -2.944e-002  2.174e-002 -5.335e-001  1.000e+000
80 2-3 -1.519e-002  1.530e-002 -3.340e-002 -1.124e-001 -7.805e-001  1.000e+000
81  4.725e-001  5.274e-001  6.101e-005  5.890e-002  7.933e-001  1.478e-001 
81 1-1  1.000e+000
81 1-2 -1.000e+000  1.000e+000
81 1-3  5.510e-002 -6.362e-002  1.000e+000
81 2-1 -2.574e-002  2.563e-002  1.166e-002  1.000e+000
81 2-2  2.958e-002 -2.978e-002  2.514e-002 -4.722e-001  1.000e+000
81 2-3 -1.649e-002  1.679e-002 -3.592e-002 -1.216e-001 -8.176e-001  1.000e+000
82  4.643e-001  5.355e-001  1.826e-004  5.605e-002  7.792e-001  1.648e-001 
82 1-1  1.000e+000
82 1-2 -9.998e-001  1.000e+000
82 1-3  4.989e-002 -7.140e-002  1.000e+000
82 2-1 -2.538e-002  2.507e-002  1.288e-002  1.000e+000
82 2-2  2.940e-002 -2.998e-002  2.837e-002 -4.060e-001  1.000e+000
82 2-3 -1.736e-002  1.816e-002 -3.814e-002 -1.322e-001 -8.522e-001  1.000e+000
83  4.560e-001  5.434e-001  5.461e-004  5.320e-002  7.636e-001  1.832e-001 
83 1-1  1.000e+000
83 1-2 -9.986e-001  1.000e+000
83 1-3  3.638e-002 -8.982e-002  1.000e+000
83 2-1 -2.515e-002  2.429e-002  1.437e-002  1.000e+000
83 2-2  2.870e-002 -3.029e-002  3.140e-002 -3.373e-001  1.000e+000
83 2-3 -1.762e-002  1.971e-002 -4.018e-002 -1.445e-001 -8.828e-001  1.000e+000
84  4.474e-001  5.510e-001  1.632e-003  5.038e-002  7.464e-001  2.032e-001 
84 1-1  1.000e+000
84 1-2 -9.916e-001  1.000e+000
84 1-3  3.576e-003 -1.331e-001  1.000e+000
84 2-1 -2.526e-002  2.293e-002  1.626e-002  1.000e+000
84 2-2  2.705e-002 -3.126e-002  3.432e-002 -2.685e-001  1.000e+000
84 2-3 -1.678e-002  2.210e-002 -4.223e-002 -1.584e-001 -9.086e-001  1.000e+000
85  4.379e-001  5.572e-001  4.864e-003  4.757e-002  7.277e-001  2.248e-001 
85 1-1  1.000e+000
85 1-2 -9.543e-001  1.000e+000
85 1-3 -7.141e-002 -2.299e-001  1.000e+000
85 2-1 -2.624e-002  1.999e-002  1.875e-002  1.000e+000
85 2-2  2.340e-002 -3.401e-002  3.731e-002 -2.013e-001  1.000e+000
85 2-3 -1.364e-002  2.666e-002 -4.457e-002 -1.741e-001 -9.295e-001  1.000e+000
86  4.258e-001  5.598e-001  1.440e-002  4.480e-002  7.073e-001  2.479e-001 
86 1-1  1.000e+000
86 1-2 -7.922e-001  1.000e+000
86 1-3 -2.253e-001 -4.160e-001  1.000e+000
86 2-1 -2.905e-002  1.316e-002  2.228e-002  1.000e+000
86 2-2  1.536e-002 -3.985e-002  4.074e-002 -1.368e-001  1.000e+000
86 2-3 -5.712e-003  3.518e-002 -4.765e-002 -1.916e-001 -9.460e-001  1.000e+000
87  4.062e-001  5.519e-001  4.185e-002  4.205e-002  6.854e-001  2.725e-001 
87 1-1  1.000e+000
87 1-2 -3.519e-001  1.000e+000
87 1-3 -4.681e-001 -6.625e-001  1.000e+000
87 2-1 -3.466e-002 -2.054e-005  2.776e-002  1.000e+000
87 2-2  1.096e-004 -4.799e-002  4.522e-002 -7.564e-002  1.000e+000
87 2-3  9.769e-003  4.705e-002 -5.224e-002 -2.108e-001 -9.588e-001  1.000e+000
88  3.680e-001  5.166e-001  1.154e-001  3.934e-002  6.620e-001  2.987e-001 
88 1-1  1.000e+000
88 1-2  1.870e-001  1.000e+000
88 1-3 -6.938e-001 -8.372e-001  1.000e+000
88 2-1 -4.357e-002 -1.761e-002  3.716e-002  1.000e+000
88 2-2 -1.933e-002 -5.556e-002  5.149e-002 -1.795e-002  1.000e+000
88 2-3  2.965e-002  5.844e-002 -5.935e-002 -2.316e-001 -9.685e-001  1.000e+000
89  2.936e-001  4.259e-001  2.805e-001  3.668e-002  6.372e-001  3.262e-001 
89 1-1  1.000e+000
89 1-2  5.367e-001  1.000e+000
89 1-3 -8.281e-001 -9.174e-001  1.000e+000
89 2-1 -5.421e-002 -3.512e-002  4.889e-002  1.000e+000
89 2-2 -3.092e-002 -5.714e-002  5.254e-002  3.640e-002  1.000e+000
89 2-3  4.177e-002  6.298e-002 -6.154e-002 -2.538e-001 -9.759e-001  1.000e+000
90  1.849e-001  2.772e-001  5.380e-001  3.407e-002  6.110e-001  3.549e-001 
90 1-1  1.000e+000
90 1-2  8.739e-001  1.000e+000
90 1-3 -9.543e-001 -9.792e-001  1.000e+000
90 2-1 -3.868e-002 -2.900e-002  3.396e-002  1.000e+000
90 2-2 -1.307e-002 -2.614e-002  2.152e-002  8.760e-002  1.000e+000
90 2-3  2.006e-002  3.080e-002 -2.730e-002 -2.773e-001 -9.814e-001  1.000e+000