# SEMchr.txt
#IMaCh version 0.99r45, April 2023,INED-EUROREVES-Institut de longevite-Japan Society for the Promotion of Science (Grant-in-Aid for Scientific Research 25293121), Intel Software 2015-2020, Nihon University 2021-202, INED 2000-2022
#$Revision: 1.353 $ $Date: 2023/05/08 18:48:22 $
# Tue Feb 04 22:21:37 2025
#One-step probabilities and covariance matrix
# Age p1-1  p1-2  p1-3  p2-1  p2-2  p2-3 
50  7.122e-001  2.878e-001  9.338e-020  1.656e-001  8.313e-001  3.087e-003 
50 1-1  1.376e-003
50 1-2 -1.376e-003  1.376e-003
50 1-3 -4.398e-021  4.398e-021  1.126e-035
50 2-1 -3.344e-005  3.344e-005 -2.266e-022  9.977e-004
50 2-2  3.378e-005 -3.378e-005  1.402e-022 -9.951e-004  9.948e-004
50 2-3 -3.398e-007  3.398e-007  8.636e-023 -2.522e-006  3.002e-007  2.222e-006
51  7.054e-001  2.946e-001  2.817e-019  1.612e-001  8.353e-001  3.520e-003 
51 1-1  1.270e-003
51 1-2 -1.270e-003  1.270e-003
51 1-3 -1.184e-020  1.184e-020  9.734e-035
51 2-1 -3.008e-005  3.008e-005 -5.971e-022  8.650e-004
51 2-2  3.041e-005 -3.041e-005  3.222e-022 -8.625e-004  8.627e-004
51 2-3 -3.380e-007  3.380e-007  2.749e-022 -2.467e-006 -2.291e-007  2.696e-006
52  6.986e-001  3.014e-001  8.496e-019  1.568e-001  8.392e-001  4.012e-003 
52 1-1  1.167e-003
52 1-2 -1.167e-003  1.167e-003
52 1-3 -3.146e-020  3.146e-020  8.398e-034
52 2-1 -2.696e-005  2.696e-005 -1.557e-021  7.469e-004
52 2-2  2.729e-005 -2.729e-005  6.853e-022 -7.445e-004  7.454e-004
52 2-3 -3.306e-007  3.306e-007  8.715e-022 -2.409e-006 -8.541e-007  3.264e-006
53  6.916e-001  3.084e-001  2.562e-018  1.526e-001  8.428e-001  4.572e-003 
53 1-1  1.068e-003
53 1-2 -1.068e-003  1.068e-003
53 1-3 -8.230e-020  8.230e-020  7.231e-033
53 2-1 -2.409e-005  2.409e-005 -4.007e-021  6.425e-004
53 2-2  2.441e-005 -2.441e-005  1.256e-021 -6.401e-004  6.417e-004
53 2-3 -3.166e-007  3.166e-007  2.751e-021 -2.351e-006 -1.589e-006  3.939e-006
54  6.846e-001  3.154e-001  7.722e-018  1.484e-001  8.464e-001  5.209e-003 
54 1-1  9.748e-004
54 1-2 -9.748e-004  9.748e-004
54 1-3 -2.111e-019  2.111e-019  6.215e-032
54 2-1 -2.147e-005  2.147e-005 -1.015e-020  5.505e-004
54 2-2  2.177e-005 -2.177e-005  1.504e-021 -5.482e-004  5.507e-004
54 2-3 -2.952e-007  2.952e-007  8.644e-021 -2.294e-006 -2.447e-006  4.741e-006
55  6.775e-001  3.225e-001  2.327e-017  1.443e-001  8.497e-001  5.934e-003 
55 1-1  8.874e-004
55 1-2 -8.874e-004  8.874e-004
55 1-3 -5.276e-019  5.276e-019  5.330e-031
55 2-1 -1.909e-005  1.909e-005 -2.517e-020  4.701e-004
55 2-2  1.936e-005 -1.936e-005 -1.847e-021 -4.679e-004  4.713e-004
55 2-3 -2.653e-007  2.653e-007  2.701e-020 -2.242e-006 -3.447e-006  5.689e-006
56  6.703e-001  3.297e-001  7.012e-017  1.403e-001  8.529e-001  6.758e-003 
56 1-1  8.071e-004
56 1-2 -8.071e-004  8.071e-004
56 1-3 -1.272e-018  1.272e-018  4.561e-030
56 2-1 -1.696e-005  1.696e-005 -6.068e-020  4.003e-004
56 2-2  1.719e-005 -1.719e-005 -2.325e-020 -3.981e-004  4.027e-004
56 2-3 -2.261e-007  2.261e-007  8.393e-020 -2.198e-006 -4.606e-006  6.804e-006
57  6.630e-001  3.370e-001  2.112e-016  1.364e-001  8.559e-001  7.695e-003 
57 1-1  7.346e-004
57 1-2 -7.346e-004  7.346e-004
57 1-3 -2.903e-018  2.903e-018  3.895e-029
57 2-1 -1.507e-005  1.507e-005 -1.405e-019  3.402e-004
57 2-2  1.525e-005 -1.525e-005 -1.185e-019 -3.380e-004  3.439e-004
57 2-3 -1.768e-007  1.768e-007  2.590e-019 -2.165e-006 -5.944e-006  8.109e-006
58  6.556e-001  3.444e-001  6.362e-016  1.326e-001  8.587e-001  8.759e-003 
58 1-1  6.710e-004
58 1-2 -6.710e-004  6.710e-004
58 1-3 -6.048e-018  6.048e-018  3.317e-028
58 2-1 -1.341e-005  1.341e-005 -3.053e-019  2.888e-004
58 2-2  1.353e-005 -1.353e-005 -4.881e-019 -2.866e-004  2.941e-004
58 2-3 -1.169e-007  1.169e-007  7.933e-019 -2.148e-006 -7.482e-006  9.630e-006
59  6.482e-001  3.518e-001  1.915e-015  1.288e-001  8.612e-001  9.968e-003 
59 1-1  6.171e-004
59 1-2 -6.171e-004  6.171e-004
59 1-3 -1.042e-017  1.042e-017  2.819e-027
59 2-1 -1.199e-005  1.199e-005 -5.917e-019  2.454e-004
59 2-2  1.203e-005 -1.203e-005 -1.817e-018 -2.433e-004  2.525e-004
59 2-3 -4.609e-008  4.609e-008  2.409e-018 -2.151e-006 -9.240e-006  1.139e-005
60  6.407e-001  3.593e-001  5.766e-015  1.251e-001  8.635e-001  1.134e-002 
60 1-1  5.738e-004
60 1-2 -5.738e-004  5.738e-004
60 1-3 -8.960e-018  8.960e-018  2.389e-026
60 2-1 -1.079e-005  1.079e-005 -8.731e-019  2.093e-004
60 2-2  1.075e-005 -1.075e-005 -6.365e-018 -2.071e-004  2.183e-004
60 2-3  3.538e-008 -3.538e-008  7.238e-018 -2.178e-006 -1.124e-005  1.342e-005
61  6.331e-001  3.669e-001  1.735e-014  1.215e-001  8.656e-001  1.290e-002 
61 1-1  5.419e-004
61 1-2 -5.419e-004  5.419e-004
61 1-3  3.717e-017 -3.717e-017  2.018e-025
61 2-1 -9.803e-006  9.803e-006 -1.152e-019  1.796e-004
61 2-2  9.677e-006 -9.677e-006 -2.137e-017 -1.773e-004  1.908e-004
61 2-3  1.267e-007 -1.267e-007  2.148e-017 -2.234e-006 -1.351e-005  1.574e-005
62  6.255e-001  3.745e-001  5.221e-014  1.179e-001  8.674e-001  1.467e-002 
62 1-1  5.222e-004
62 1-2 -5.222e-004  5.222e-004
62 1-3  2.943e-016 -2.943e-016  1.701e-024
62 2-1 -9.029e-006  9.029e-006  6.590e-018  1.557e-004
62 2-2  8.803e-006 -8.803e-006 -6.941e-017 -1.534e-004  1.694e-004
62 2-3  2.263e-007 -2.263e-007  6.283e-017 -2.325e-006 -1.605e-005  1.838e-005
63  6.178e-001  3.822e-001  1.570e-013  1.144e-001  8.689e-001  1.667e-002 
63 1-1  5.155e-004
63 1-2 -5.155e-004  5.155e-004
63 1-3  1.401e-015 -1.401e-015  1.428e-023
63 2-1 -8.455e-006  8.455e-006  3.893e-017  1.369e-004
63 2-2  8.124e-006 -8.124e-006 -2.193e-016 -1.345e-004  1.534e-004
63 2-3  3.314e-007 -3.314e-007  1.803e-016 -2.454e-006 -1.890e-005  2.136e-005
64  6.100e-001  3.900e-001  4.722e-013  1.110e-001  8.701e-001  1.894e-002 
64 1-1  5.224e-004
64 1-2 -5.224e-004  5.224e-004
64 1-3  5.660e-015 -5.660e-015  1.195e-022
64 2-1 -8.072e-006  8.072e-006  1.696e-016  1.227e-004
64 2-2  7.634e-006 -7.634e-006 -6.749e-016 -1.201e-004  1.422e-004
64 2-3  4.379e-007 -4.379e-007  5.053e-016 -2.626e-006 -2.207e-005  2.470e-005
65  6.022e-001  3.978e-001  1.420e-012  1.076e-001  8.709e-001  2.151e-002 
65 1-1  5.435e-004
65 1-2 -5.435e-004  5.435e-004
65 1-3  2.104e-014 -2.104e-014  9.969e-022
65 2-1 -7.868e-006  7.868e-006  6.541e-016  1.125e-004
65 2-2  7.328e-006 -7.328e-006 -2.024e-015 -1.097e-004  1.352e-004
65 2-3  5.402e-007 -5.402e-007  1.370e-015 -2.846e-006 -2.557e-005  2.841e-005
66  5.943e-001  4.057e-001  4.267e-012  1.043e-001  8.713e-001  2.441e-002 
66 1-1  5.794e-004
66 1-2 -5.794e-004  5.794e-004
66 1-3  7.433e-014 -7.433e-014  8.282e-021
66 2-1 -7.833e-006  7.833e-006  2.361e-015  1.057e-004
66 2-2  7.203e-006 -7.203e-006 -5.905e-015 -1.026e-004  1.320e-004
66 2-3  6.304e-007 -6.304e-007  3.545e-015 -3.118e-006 -2.941e-005  3.253e-005
67  5.864e-001  4.136e-001  1.282e-011  1.010e-001  8.713e-001  2.770e-002 
67 1-1  6.306e-004
67 1-2 -6.306e-004  6.306e-004
67 1-3  2.535e-013 -2.535e-013  6.852e-020
67 2-1 -7.955e-006  7.955e-006  8.172e-015  1.019e-004
67 2-2  7.257e-006 -7.257e-006 -1.668e-014 -9.844e-005  1.320e-004
67 2-3  6.981e-007 -6.981e-007  8.507e-015 -3.446e-006 -3.360e-005  3.705e-005
68  5.784e-001  4.216e-001  3.852e-011  9.780e-002  8.708e-001  3.141e-002 
68 1-1  6.974e-004
68 1-2 -6.974e-004  6.974e-004
68 1-3  8.427e-013 -8.427e-013  5.643e-019
68 2-1 -8.219e-006  8.219e-006  2.749e-014  1.005e-004
68 2-2  7.490e-006 -7.490e-006 -4.522e-014 -9.670e-005  1.349e-004
68 2-3  7.298e-007 -7.298e-007  1.774e-014 -3.836e-006 -3.817e-005  4.200e-005
69  5.704e-001  4.296e-001  1.157e-010  9.463e-002  8.698e-001  3.560e-002 
69 1-1  7.802e-004
69 1-2 -7.802e-004  7.802e-004
69 1-3  2.744e-012 -2.744e-012  4.625e-018
69 2-1 -8.613e-006  8.613e-006  9.053e-014  1.013e-004
69 2-2  7.904e-006 -7.904e-006 -1.158e-013 -9.696e-005  1.401e-004
69 2-3  7.083e-007 -7.083e-007  2.532e-014 -4.293e-006 -4.313e-005  4.743e-005
70  5.623e-001  4.377e-001  3.473e-010  9.149e-002  8.682e-001  4.032e-002 
70 1-1  8.791e-004
70 1-2 -8.791e-004  8.791e-004
70 1-3  8.790e-012 -8.790e-012  3.770e-017
70 2-1 -9.120e-006  9.120e-006  2.934e-013  1.036e-004
70 2-2  8.508e-006 -8.508e-006 -2.713e-013 -9.880e-005  1.474e-004
70 2-3  6.124e-007 -6.124e-007 -2.209e-014 -4.825e-006 -4.857e-005  5.339e-005
71  5.543e-001  4.457e-001  1.043e-009  8.840e-002  8.660e-001  4.563e-002 
71 1-1  9.943e-004
71 1-2 -9.943e-004  9.943e-004
71 1-3  2.776e-011 -2.776e-011  3.055e-016
71 2-1 -9.727e-006  9.727e-006  9.387e-013  1.073e-004
71 2-2  9.311e-006 -9.311e-006 -5.336e-013 -1.018e-004  1.564e-004
71 2-3  4.157e-007 -4.157e-007 -4.051e-013 -5.444e-006 -5.458e-005  6.002e-005
72  5.461e-001  4.539e-001  3.129e-009  8.534e-002  8.631e-001  5.160e-002 
72 1-1  1.126e-003
72 1-2 -1.126e-003  1.126e-003
72 1-3  8.658e-011 -8.658e-011  2.460e-015
72 2-1 -1.042e-005  1.042e-005  2.972e-012  1.119e-004
72 2-2  1.033e-005 -1.033e-005 -6.042e-013 -1.057e-004  1.671e-004
72 2-3  8.659e-008 -8.659e-008 -2.368e-012 -6.168e-006 -6.136e-005  6.753e-005
73  5.380e-001  4.620e-001  9.387e-009  8.232e-002  8.594e-001  5.830e-002 
73 1-1  1.273e-003
73 1-2 -1.273e-003  1.273e-003
73 1-3  2.670e-010 -2.670e-010  1.967e-014
73 2-1 -1.117e-005  1.117e-005  9.324e-012  1.171e-004
73 2-2  1.158e-005 -1.158e-005  1.635e-012 -1.101e-004  1.794e-004
73 2-3 -4.127e-007  4.127e-007 -1.096e-011 -7.021e-006 -6.926e-005  7.628e-005
74  5.299e-001  4.701e-001  2.815e-008  7.932e-002  8.549e-001  6.580e-002 
74 1-1  1.437e-003
74 1-2 -1.437e-003  1.437e-003
74 1-3  8.148e-010 -8.150e-010  1.560e-013
74 2-1 -1.197e-005  1.197e-005  2.902e-011  1.227e-004
74 2-2  1.310e-005 -1.310e-005  1.655e-011 -1.147e-004  1.935e-004
74 2-3 -1.126e-006  1.126e-006 -4.557e-011 -8.044e-006 -7.879e-005  8.684e-005
75  5.217e-001  4.783e-001  8.442e-008  7.635e-002  8.495e-001  7.419e-002 
75 1-1  1.616e-003
75 1-2 -1.616e-003  1.616e-003
75 1-3  2.462e-009 -2.463e-009  1.226e-012
75 2-1 -1.280e-005  1.280e-005  8.967e-011  1.283e-004
75 2-2  1.490e-005 -1.490e-005  8.810e-011 -1.191e-004  2.098e-004
75 2-3 -2.105e-006  2.105e-006 -1.778e-010 -9.293e-006 -9.079e-005  1.001e-004
76  5.135e-001  4.865e-001  2.531e-007  7.340e-002  8.431e-001  8.354e-002 
76 1-1  1.811e-003
76 1-2 -1.811e-003  1.811e-003
76 1-3  7.363e-009 -7.373e-009  9.543e-012
76 2-1 -1.364e-005  1.364e-005  2.752e-010  1.338e-004
76 2-2  1.705e-005 -1.705e-005  3.885e-010 -1.230e-004  2.294e-004
76 2-3 -3.407e-006  3.408e-006 -6.637e-010 -1.085e-005 -1.065e-004  1.173e-004
77  5.053e-001  4.947e-001  7.584e-007  7.047e-002  8.356e-001  9.395e-002 
77 1-1  2.020e-003
77 1-2 -2.020e-003  2.020e-003
77 1-3  2.180e-008 -2.187e-008  7.340e-011
77 2-1 -1.447e-005  1.447e-005  8.387e-010  1.389e-004
77 2-2  1.956e-005 -1.957e-005  1.557e-009 -1.261e-004  2.536e-004
77 2-3 -5.095e-006  5.098e-006 -2.396e-009 -1.281e-005 -1.275e-004  1.403e-004
78  4.971e-001  5.029e-001  2.272e-006  6.756e-002  8.269e-001  1.055e-001 
78 1-1  2.244e-003
78 1-2 -2.244e-003  2.244e-003
78 1-3  6.377e-008 -6.433e-008  5.570e-010
78 2-1 -1.527e-005  1.527e-005  2.538e-009  1.434e-004
78 2-2  2.251e-005 -2.252e-005  5.875e-009 -1.280e-004  2.845e-004
78 2-3 -7.238e-006  7.246e-006 -8.413e-009 -1.533e-005 -1.564e-004  1.718e-004
79  4.889e-001  5.111e-001  6.806e-006  6.466e-002  8.171e-001  1.183e-001 
79 1-1  2.480e-003
79 1-2 -2.480e-003  2.481e-003
79 1-3  1.839e-007 -1.880e-007  4.160e-009
79 2-1 -1.603e-005  1.602e-005  7.626e-009  1.471e-004
79 2-2  2.593e-005 -2.595e-005  2.121e-008 -1.285e-004  3.249e-004
79 2-3 -9.903e-006  9.932e-006 -2.883e-008 -1.859e-005 -1.964e-004  2.150e-004
80  4.807e-001  5.193e-001  2.038e-005  6.178e-002  8.059e-001  1.324e-001 
80 1-1  2.729e-003
80 1-2 -2.730e-003  2.730e-003
80 1-3  5.188e-007 -5.493e-007  3.049e-008
80 2-1 -1.672e-005  1.670e-005  2.273e-008  1.500e-004
80 2-2  2.987e-005 -2.994e-005  7.389e-008 -1.272e-004  3.788e-004
80 2-3 -1.315e-005  1.325e-005 -9.661e-008 -2.281e-005 -2.517e-004  2.745e-004
81  4.725e-001  5.274e-001  6.101e-005  5.890e-002  7.933e-001  1.478e-001 
81 1-1  2.989e-003
81 1-2 -2.991e-003  2.992e-003
81 1-3  1.408e-006 -1.626e-006  2.184e-007
81 2-1 -1.734e-005  1.727e-005  6.712e-008  1.518e-004
81 2-2  3.434e-005 -3.459e-005  2.496e-007 -1.236e-004  4.511e-004
81 2-3 -1.700e-005  1.732e-005 -3.167e-007 -2.826e-005 -3.275e-004  3.557e-004
82  4.643e-001  5.355e-001  1.826e-004  5.605e-002  7.792e-001  1.648e-001 
82 1-1  3.258e-003
82 1-2 -3.262e-003  3.267e-003
82 1-3  3.512e-006 -5.032e-006  1.521e-006
82 2-1 -1.790e-005  1.770e-005  1.962e-007  1.526e-004
82 2-2  3.928e-005 -4.010e-005  8.186e-007 -1.174e-004  5.476e-004
82 2-3 -2.138e-005  2.239e-005 -1.015e-006 -3.524e-005 -4.303e-004  4.655e-004
83  4.560e-001  5.434e-001  5.461e-004  5.320e-002  7.636e-001  1.832e-001 
83 1-1  3.532e-003
83 1-2 -3.539e-003  3.556e-003
83 1-3  6.907e-006 -1.711e-005  1.020e-005
83 2-1 -1.844e-005  1.788e-005  5.666e-007  1.523e-004
83 2-2  4.434e-005 -4.694e-005  2.607e-006 -1.082e-004  6.756e-004
83 2-3 -2.589e-005  2.907e-005 -3.173e-006 -4.408e-005 -5.674e-004  6.115e-004
84  4.474e-001  5.510e-001  1.632e-003  5.038e-002  7.464e-001  2.032e-001 
84 1-1  3.807e-003
84 1-2 -3.809e-003  3.876e-003
84 1-3  1.780e-006 -6.688e-005  6.510e-005
84 2-1 -1.914e-005  1.753e-005  1.611e-006  1.508e-004
84 2-2  4.846e-005 -5.650e-005  8.039e-006 -9.571e-005  8.427e-004
84 2-3 -2.932e-005  3.897e-005 -9.650e-006 -5.509e-005 -7.470e-004  8.021e-004
85  4.379e-001  5.572e-001  4.864e-003  4.757e-002  7.277e-001  2.248e-001 
85 1-1  4.096e-003
85 1-2 -4.007e-003  4.303e-003
85 1-3 -8.981e-005 -2.963e-004  3.861e-004
85 2-1 -2.045e-005  1.596e-005  4.486e-006  1.482e-004
85 2-2  4.869e-005 -7.252e-005  2.384e-005 -7.966e-005  1.057e-003
85 2-3 -2.824e-005  5.656e-005 -2.832e-005 -6.856e-005 -9.774e-004  1.046e-003
86  4.258e-001  5.598e-001  1.440e-002  4.480e-002  7.073e-001  2.479e-001 
86 1-1  4.520e-003
86 1-2 -3.836e-003  5.188e-003
86 1-3 -6.834e-004 -1.352e-003  2.035e-003
86 2-1 -2.349e-005  1.140e-005  1.208e-005  1.446e-004
86 2-2  3.760e-005 -1.045e-004  6.692e-005 -5.990e-005  1.326e-003
86 2-3 -1.411e-005  9.312e-005 -7.901e-005 -8.467e-005 -1.266e-003  1.351e-003
87  4.062e-001  5.519e-001  4.185e-002  4.205e-002  6.854e-001  2.725e-001 
87 1-1  5.551e-003
87 1-2 -2.304e-003  7.725e-003
87 1-3 -3.246e-003 -5.420e-003  8.667e-003
87 2-1 -3.054e-005 -2.135e-008  3.057e-005  1.399e-004
87 2-2  3.322e-007 -1.717e-004  1.713e-004 -3.641e-005  1.656e-003
87 2-3  3.021e-005  1.717e-004 -2.019e-004 -1.035e-004 -1.620e-003  1.723e-003
88  3.680e-001  5.166e-001  1.154e-001  3.934e-002  6.620e-001  2.987e-001 
88 1-1  7.587e-003
88 1-2  1.869e-003  1.316e-002
88 1-3 -9.456e-003 -1.503e-002  2.448e-002
88 2-1 -4.399e-005 -2.342e-005  6.741e-005  1.344e-004
88 2-2 -7.624e-005 -2.886e-004  3.648e-004 -9.421e-006  2.051e-003
88 2-3  1.202e-004  3.120e-004 -4.323e-004 -1.249e-004 -2.042e-003  2.166e-003
89  2.936e-001  4.259e-001  2.805e-001  3.668e-002  6.372e-001  3.262e-001 
89 1-1  8.809e-003
89 1-2  6.661e-003  1.749e-002
89 1-3 -1.547e-002 -2.415e-002  3.962e-002
89 2-1 -5.757e-005 -5.255e-005  1.101e-004  1.280e-004
89 2-2 -1.454e-004 -3.786e-004  5.240e-004  2.063e-005  2.510e-003
89 2-3  2.030e-004  4.311e-004 -6.341e-004 -1.487e-004 -2.531e-003  2.680e-003
90  1.849e-001  2.772e-001  5.380e-001  3.407e-002  6.110e-001  3.549e-001 
90 1-1  1.360e-002
90 1-2  1.750e-002  2.949e-002
90 1-3 -3.109e-002 -4.699e-002  7.809e-002
90 2-1 -4.961e-005 -5.479e-005  1.044e-004  1.210e-004
90 2-2 -8.391e-005 -2.471e-004  3.310e-004  5.305e-005  3.030e-003
90 2-3  1.335e-004  3.019e-004 -4.354e-004 -1.741e-004 -3.083e-003  3.257e-003