
#****** ******
# SEMchr.txt
#IMaCh version 0.99r45, April 2023,INED-EUROREVES-Institut de longevite-Japan Society for the Promotion of Science (Grant-in-Aid for Scientific Research 25293121), Intel Software 2015-2020, Nihon University 2021-202, INED 2000-2022
#$Revision: 1.353 $ $Date: 2023/05/08 18:48:22 $
# Tue Feb 04 22:21:37 2025
# Standard deviation of period (forward stable) prevalences 
# Age  Result#  1-1 2-2
50 1  0.42036 (0.06663) 0.57988 (0.06676)
51 1  0.40814 (0.06335) 0.59199 (0.06343)
52 1  0.39607 (0.06004) 0.60406 (0.06012)
53 1  0.38413 (0.05674) 0.61601 (0.05681)
54 1  0.37233 (0.05345) 0.62781 (0.05352)
55 1  0.36069 (0.05021) 0.63945 (0.05028)
56 1  0.34922 (0.04703) 0.65091 (0.04709)
57 1  0.33795 (0.04392) 0.66219 (0.04397)
58 1  0.32687 (0.04090) 0.67326 (0.04095)
59 1  0.31601 (0.03800) 0.68412 (0.03805)
60 1  0.30537 (0.03523) 0.69475 (0.03527)
61 1  0.29497 (0.03261) 0.70515 (0.03265)
62 1  0.28482 (0.03017) 0.71530 (0.03020)
63 1  0.27492 (0.02792) 0.72519 (0.02795)
64 1  0.26528 (0.02589) 0.73482 (0.02591)
65 1  0.25591 (0.02410) 0.74419 (0.02412)
66 1  0.24682 (0.02257) 0.75328 (0.02259)
67 1  0.23800 (0.02132) 0.76209 (0.02133)
68 1  0.22947 (0.02035) 0.77062 (0.02036)
69 1  0.22122 (0.01967) 0.77886 (0.01968)
70 1  0.21326 (0.01926) 0.78682 (0.01927)
71 1  0.20561 (0.01910) 0.79451 (0.01910)
72 1  0.19823 (0.01916) 0.80188 (0.01916)
73 1  0.19114 (0.01941) 0.80897 (0.01940)
74 1  0.18434 (0.01980) 0.81576 (0.01979)
75 1  0.17782 (0.02030) 0.82226 (0.02029)
76 1  0.17160 (0.02088) 0.82848 (0.02087)
77 1  0.16566 (0.02151) 0.83441 (0.02150)
78 1  0.16001 (0.02219) 0.84006 (0.02218)
79 1  0.15464 (0.02288) 0.84542 (0.02287)
80 1  0.14955 (0.02359) 0.85050 (0.02358)
81 1  0.14475 (0.02430) 0.85530 (0.02429)
82 1  0.14022 (0.02502) 0.85982 (0.02501)
83 1  0.13600 (0.02574) 0.86408 (0.02572)
84 1  0.13203 (0.02647) 0.86805 (0.02645)
85 1  0.12832 (0.02720) 0.87175 (0.02718)
86 1  0.12485 (0.02794) 0.87521 (0.02792)
87 1  0.12156 (0.02867) 0.87850 (0.02865)
88 1  0.11823 (0.02939) 0.88182 (0.02936)
89 1  0.11426 (0.03007) 0.88579 (0.03005)
90 1  0.10816 (0.03052) 0.89189 (0.03050)
