# GRFadl.txt
#IMaCh version 0.99r45, April 2023,INED-EUROREVES-Institut de longevite-Japan Society for the Promotion of Science (Grant-in-Aid for Scientific Research 25293121), Intel Software 2015-2020, Nihon University 2021-202, INED 2000-2022
#$Revision: 1.353 $ $Date: 2023/05/08 18:48:22 $
# Tue Feb 04 22:03:38 2025

#****** ******
# (a) Life expectancies by health status at initial age and (b) health expectancies by health status at initial age
# Age e11  e12  e1.  e21  e22  e2. 
 50  32.0850   2.1280  34.2129  25.6908   5.9944  31.6852
 51  31.0953   2.1238  33.2191  24.6546   5.9442  30.5988
 52  30.1073   2.1192  32.2265  23.6241   5.8910  29.5151
 53  29.1213   2.1139  31.2352  22.6005   5.8345  28.4350
 54  28.1375   2.1080  30.2455  21.5847   5.7746  27.3593
 55  27.1563   2.1014  29.2577  20.5780   5.7112  26.2893
 56  26.1782   2.0939  28.2721  19.5816   5.6442  25.2258
 57  25.2034   2.0856  27.2890  18.5968   5.5735  24.1703
 58  24.2327   2.0762  26.3089  17.6251   5.4990  23.1240
 59  23.2665   2.0657  25.3322  16.6678   5.4205  22.0883
 60  22.3055   2.0541  24.3595  15.7266   5.3381  21.0647
 61  21.3503   2.0411  23.3915  14.8031   5.2516  20.0547
 62  20.4020   2.0267  22.4287  13.8988   5.1612  19.0600
 63  19.4612   2.0108  21.4720  13.0155   5.0667  18.0822
 64  18.5291   1.9931  20.5223  12.1548   4.9682  17.1230
 65  17.6068   1.9737  19.5805  11.3184   4.8658  16.1842
 66  16.6953   1.9523  18.6477  10.5079   4.7595  15.2674
 67  15.7961   1.9289  17.7250   9.7249   4.6496  14.3745
 68  14.9105   1.9033  16.8139   8.9710   4.5361  13.5071
 69  14.0401   1.8755  15.9155   8.2475   4.4193  12.6668
 70  13.1863   1.8452  15.0316   7.5558   4.2994  11.8553
 71  12.3510   1.8125  14.1635   6.8971   4.1768  11.0738
 72  11.5357   1.7773  13.3130   6.2722   4.0516  10.3238
 73  10.7424   1.7395  12.4819   5.6821   3.9243   9.6064
 74   9.9727   1.6991  11.6718   5.1273   3.7952   8.9225
 75   9.2285   1.6562  10.8847   4.6081   3.6648   8.2729
 76   8.5115   1.6108  10.1222   4.1247   3.5334   7.6582
 77   7.8234   1.5629   9.3863   3.6768   3.4016   7.0785
 78   7.1658   1.5127   8.6785   3.2641   3.2698   6.5340
 79   6.5401   1.4604   8.0006   2.8859   3.1385   6.0244
 80   5.9476   1.4062   7.3538   2.5412   3.0081   5.5493
 81   5.3892   1.3503   6.7395   2.2289   2.8790   5.1079
 82   4.8657   1.2930   6.1587   1.9475   2.7518   4.6993
 83   4.3775   1.2346   5.6121   1.6955   2.6269   4.3224
 84   3.9248   1.1755   5.1003   1.4712   2.5045   3.9758
 85   3.5075   1.1160   4.6234   1.2727   2.3852   3.6579
 86   3.1249   1.0564   4.1813   1.0981   2.2692   3.3673
 87   2.7764   0.9972   3.7736   0.9453   2.1567   3.1020
 88   2.4607   0.9387   3.3994   0.8124   2.0481   2.8604
 89   2.1765   0.8812   3.0577   0.6973   1.9434   2.6408
 90   1.9221   0.8252   2.7473   0.5983   1.8429   2.4412
