# GRFadl.txt
#IMaCh version 0.99r45, April 2023,INED-EUROREVES-Institut de longevite-Japan Society for the Promotion of Science (Grant-in-Aid for Scientific Research 25293121), Intel Software 2015-2020, Nihon University 2021-202, INED 2000-2022
#$Revision: 1.353 $ $Date: 2023/05/08 18:48:22 $
# Tue Feb 04 22:03:38 2025
# Forward period (stable) prevalence. Precision given by ftolpl=0.0006 
#Age 1-1 2-2 
#************
#Age   1-1     2-2   Total Years_to_converge
50  0.99717 0.00283 1.000 60
51  0.99677 0.00323 1.000 59
52  0.99631 0.00369 1.000 58
53  0.99578 0.00422 1.000 57
54  0.99518 0.00482 1.000 57
55  0.99450 0.00550 1.000 56
56  0.99372 0.00628 1.000 56
57  0.99284 0.00717 1.000 55
58  0.99183 0.00817 1.000 54
59  0.99069 0.00932 1.000 53
60  0.98939 0.01062 1.000 53
61  0.98791 0.01209 1.000 52
62  0.98624 0.01377 1.000 51
63  0.98434 0.01567 1.000 50
64  0.98220 0.01781 1.000 49
65  0.97977 0.02024 1.000 49
66  0.97703 0.02298 1.000 48
67  0.97393 0.02608 1.000 47
68  0.97044 0.02957 1.000 46
69  0.96652 0.03350 1.000 45
70  0.96210 0.03792 1.000 44
71  0.95713 0.04289 1.000 43
72  0.95157 0.04846 1.000 42
73  0.94533 0.05470 1.000 41
74  0.93835 0.06169 1.000 40
75  0.93055 0.06949 1.000 39
76  0.92185 0.07820 1.000 38
77  0.91214 0.08791 1.000 37
78  0.90134 0.09872 1.000 36
79  0.88932 0.11074 1.000 35
80  0.87596 0.12412 1.000 34
81  0.86113 0.13895 1.000 33
82  0.84468 0.15541 1.000 32
83  0.82644 0.17365 1.000 31
84  0.80625 0.19387 1.000 29
85  0.78391 0.21622 1.000 28
86  0.75923 0.24091 1.000 27
87  0.73201 0.26813 1.000 26
88  0.70208 0.29808 1.000 25
89  0.66928 0.33089 1.000 24
90  0.63356 0.36666 1.000 23
