# Powell
# iter -2*LL p12 p13 p21 p23
1 1 1556.024806839731 1 -13.859428500000 0.138242400000 -19.518309100000 0.205543100000 -1.236971400000 -0.001368400000 -8.569444500000 0.088541900000
2 2 1445.662971344471 1 -14.279097588987 0.138369418882 -20.630024899622 0.205485972921 -1.811812753158 -0.001152258044 -9.284232212971 0.088502262896
3 2 1440.583829024655 2 -14.436686806271 0.138387797824 -20.404921842690 0.205452178314 -1.990217433954 -0.001092741051 -9.395621687397 0.088460790386
4 3 1440.051592563556 2 -14.538134429307 0.138373194883 -20.370960820537 0.205411412768 -2.031951191404 -0.001046323817 -9.423299151206 0.088412317771
5 3 1440.049413762619 2 -14.537939201059 0.138373027941 -20.366533149064 0.205377218262 -2.034658941252 -0.001010619782 -9.420252339335 0.088413961262
6 4 1439.934080500812 3 -14.493933079594 0.137860495970 -20.066617569521 0.201871841661 -2.315530942177 0.002613953004 -9.068669903193 0.084189227944
7 4 1439.932553423308 3 -14.493220693338 0.137827107356 -20.065945144135 0.201797476233 -2.321205969110 0.002658190366 -9.061740550789 0.084109694322
8 5 1439.930407420342 4 -14.478200430315 0.137697716821 -20.055045420740 0.201603919520 -2.307724654302 0.002496781648 -9.048918482876 0.083981195606
9 5 1439.926595499974 4 -14.457584660107 0.137462083683 -20.030036052196 0.201273940500 -2.278106245976 0.002158216697 -9.032065756236 0.083790826777
10 6 1439.917616000534 5 -14.407143356169 0.136814218018 -19.953872526065 0.200375756748 -2.192308570448 0.001082151098 -8.993717757571 0.083320209261
11 6 1439.914017795623 5 -14.402782020582 0.136701990223 -19.940383449817 0.200269480876 -2.180120980219 0.000869881439 -8.993841911990 0.083293480887
12 7 1439.913694759430 6 -14.400532594847 0.136655543421 -19.935818400956 0.200218784430 -2.176984640744 0.000806963177 -8.992184882773 0.083267422377
13 7 1439.913664959194 6 -14.399872385879 0.136641803390 -19.934577221278 0.200204071874 -2.176166873748 0.000790193654 -8.991572344169 0.083258535261
14 8 1439.913657543153 7 -14.399403101775 0.136632045277 -19.933777204779 0.200194454493 -2.175576912511 0.000778081568 -8.991001316193 0.083250620119
15 8 1439.913654923176 8 -14.399270872262 0.136630382764 -19.933573646912 0.200191933239 -2.175297257190 0.000774677669 -8.990794994990 0.083248156720
16 9 1439.913084152447 8 -14.419190550643 0.136873509741 -19.940374269904 0.200283655697 -2.166822566960 0.000678203442 -8.962853684155 0.082910414425
17 9 1439.913001627647 9 -14.422761413559 0.136925867708 -19.943426243130 0.200312862361 -2.168915506366 0.000697205703 -8.959998499307 0.082879033584
18 10 1439.912992860894 10 -14.422289741484 0.136921610298 -19.942538690969 0.200298195338 -2.167316044820 0.000674478471 -8.957713811363 0.082852702000
19 10 1439.912991295546 10 -14.422281623523 0.136920852483 -19.942480246822 0.200297702594 -2.167029713211 0.000670673589 -8.957268250546 0.082847147164
20 11 1439.912951535157 11 -14.415513744319 0.136828538837 -19.943570774562 0.200312439961 -2.164391994533 0.000633812184 -8.954338510651 0.082809059603
21 11 1439.912913330119 12 -14.414861378547 0.136821327359 -19.947409796688 0.200359854222 -2.165464052367 0.000648903014 -8.952965034538 0.082792336836
22 12 1439.912844353458 12 -14.411500607349 0.136785154088 -19.961685025078 0.200532376038 -2.167994980051 0.000684433243 -8.945338768513 0.082700966272
23 12 1439.912842978419 13 -14.411871800347 0.136789388016 -19.961875820957 0.200534205740 -2.167396204257 0.000676624509 -8.943893047932 0.082683618828
24 13 1439.912842910602 13 -14.412019349368 0.136791284119 -19.961879053832 0.200534142358 -2.167273461058 0.000675061760 -8.943602022357 0.082680164289
25 13 1439.912842906795 14 -14.412043079000 0.136791630672 -19.961861028792 0.200533894296 -2.167246996641 0.000674730884 -8.943566323809 0.082679752578
26 14 1439.912842906199 15 -14.412050001267 0.136791757474 -19.961846876153 0.200533712683 -2.167239440550 0.000674643480 -8.943565940149 0.082679761304
27 14 1439.912842906179 16 -14.412046360424 0.136791713040 -19.961845518336 0.200533694578 -2.167241088498 0.000674662390 -8.943570920676 0.082679821512
28 15 1439.912842906178 17 -14.412046357755 0.136791713009 -19.961845500146 0.200533694366 -2.167241105532 0.000674662610 -8.943570899354 0.082679821256
