# GRFadl.txt
#IMaCh version 0.99r45, April 2023,INED-EUROREVES-Institut de longevite-Japan Society for the Promotion of Science (Grant-in-Aid for Scientific Research 25293121), Intel Software 2015-2020, Nihon University 2021-202, INED 2000-2022
#$Revision: 1.353 $ $Date: 2023/05/08 18:48:22 $
# Tue Feb 04 22:03:38 2025
# probabilities of dying before estepm=6 months for people of exact age and weighted probabilities w1*p1j+w2*p2j+... stand dev in()
# Selected quantitative variables and dummies
# Age cov=1 p.3 SE w1 p13 w2 p23
 50 1   6.873e-005  4.110e-005  9.972e-001  4.841e-005   2.827e-003  7.235e-003 
 51 1   8.435e-005  4.878e-005  9.968e-001  5.916e-005   3.232e-003  7.854e-003 
 52 1   1.035e-004  5.797e-005  9.963e-001  7.229e-005   3.693e-003  8.524e-003 
 53 1   1.270e-004  6.908e-005  9.958e-001  8.833e-005   4.219e-003  9.252e-003 
 54 1   1.558e-004  8.140e-005  9.952e-001  1.079e-004   4.819e-003  1.004e-002 
 55 1   1.911e-004  9.685e-005  9.945e-001  1.319e-004   5.502e-003  1.090e-002 
 56 1   2.344e-004  1.138e-004  9.937e-001  1.611e-004   6.280e-003  1.182e-002 
 57 1   2.874e-004  1.341e-004  9.928e-001  1.969e-004   7.166e-003  1.283e-002 
 58 1   3.523e-004  1.581e-004  9.918e-001  2.405e-004   8.173e-003  1.392e-002 
 59 1   4.318e-004  1.859e-004  9.907e-001  2.939e-004   9.318e-003  1.510e-002 
 60 1   5.291e-004  2.182e-004  9.894e-001  3.590e-004   1.062e-002  1.638e-002 
 61 1   6.481e-004  2.556e-004  9.879e-001  4.385e-004   1.209e-002  1.776e-002 
 62 1   7.935e-004  2.989e-004  9.862e-001  5.357e-004   1.377e-002  1.926e-002 
 63 1   9.712e-004  3.486e-004  9.843e-001  6.543e-004   1.567e-002  2.089e-002 
 64 1   1.188e-003  4.056e-004  9.822e-001  7.991e-004   1.781e-002  2.264e-002 
 65 1   1.453e-003  4.706e-004  9.798e-001  9.759e-004   2.024e-002  2.455e-002 
 66 1   1.776e-003  5.445e-004  9.770e-001  1.192e-003   2.298e-002  2.660e-002 
 67 1   2.169e-003  6.281e-004  9.739e-001  1.455e-003   2.608e-002  2.883e-002 
 68 1   2.647e-003  7.209e-004  9.704e-001  1.776e-003   2.957e-002  3.123e-002 
 69 1   3.229e-003  8.268e-004  9.665e-001  2.168e-003   3.350e-002  3.383e-002 
 70 1   3.934e-003  9.432e-004  9.621e-001  2.645e-003   3.792e-002  3.664e-002 
 71 1   4.790e-003  1.071e-003  9.571e-001  3.227e-003   4.289e-002  3.967e-002 
 72 1   5.826e-003  1.212e-003  9.516e-001  3.935e-003   4.846e-002  4.294e-002 
 73 1   7.077e-003  1.364e-003  9.453e-001  4.798e-003   5.470e-002  4.646e-002 
 74 1   8.587e-003  1.529e-003  9.384e-001  5.847e-003   6.169e-002  5.026e-002 
 75 1   1.040e-002  1.706e-003  9.306e-001  7.122e-003   6.949e-002  5.436e-002 
 76 1   1.259e-002  1.896e-003  9.218e-001  8.670e-003   7.820e-002  5.876e-002 
 77 1   1.520e-002  2.101e-003  9.121e-001  1.055e-002   8.791e-002  6.350e-002 
 78 1   1.833e-002  2.326e-003  9.013e-001  1.282e-002   9.872e-002  6.859e-002 
 79 1   2.205e-002  2.580e-003  8.893e-001  1.557e-002   1.107e-001  7.406e-002 
 80 1   2.647e-002  2.901e-003  8.760e-001  1.889e-002   1.241e-001  7.993e-002 
 81 1   3.170e-002  3.250e-003  8.611e-001  2.289e-002   1.390e-001  8.622e-002 
 82 1   3.784e-002  3.728e-003  8.447e-001  2.770e-002   1.554e-001  9.296e-002 
 83 1   4.504e-002  4.361e-003  8.264e-001  3.346e-002   1.737e-001  1.002e-001 
 84 1   5.343e-002  5.211e-003  8.062e-001  4.033e-002   1.939e-001  1.079e-001 
 85 1   6.312e-002  6.313e-003  7.839e-001  4.850e-002   2.162e-001  1.161e-001 
 86 1   7.424e-002  7.740e-003  7.592e-001  5.818e-002   2.409e-001  1.248e-001 
 87 1   8.688e-002  9.528e-003  7.320e-001  6.956e-002   2.681e-001  1.341e-001 
 88 1   1.011e-001  1.171e-002  7.021e-001  8.288e-002   2.981e-001  1.440e-001 
 89 1   1.169e-001  1.436e-002  6.693e-001  9.835e-002   3.309e-001  1.545e-001 
 90 1   1.343e-001  1.732e-002  6.336e-001  1.162e-001   3.667e-001  1.656e-001 
