# GRFadl.txt
#IMaCh version 0.99r45, April 2023,INED-EUROREVES-Institut de longevite-Japan Society for the Promotion of Science (Grant-in-Aid for Scientific Research 25293121), Intel Software 2015-2020, Nihon University 2021-202, INED 2000-2022
#$Revision: 1.353 $ $Date: 2023/05/08 18:48:22 $
# Tue Feb 04 22:03:38 2025
#One-step probabilities and correlation matrix
# Age p1-1  p1-2  p1-3  p2-1  p2-2  p2-3 
50  9.994e-001  5.141e-004  4.841e-005  1.051e-001  8.876e-001  7.235e-003 
50 1-1  1.000e+000
50 1-2 -9.891e-001  1.000e+000
50 1-3 -5.460e-002 -9.281e-002  1.000e+000
50 2-1 -1.626e-001  1.572e-001  3.339e-002  1.000e+000
50 2-2  1.708e-001 -1.692e-001 -8.113e-003 -9.919e-001  1.000e+000
50 2-3 -7.088e-002  9.972e-002 -1.972e-001 -2.679e-002 -1.007e-001  1.000e+000
51  9.994e-001  5.895e-004  5.916e-005  1.051e-001  8.870e-001  7.854e-003 
51 1-1  1.000e+000
51 1-2 -9.876e-001  1.000e+000
51 1-3 -6.451e-002 -9.301e-002  1.000e+000
51 2-1 -1.617e-001  1.562e-001  3.272e-002  1.000e+000
51 2-2  1.703e-001 -1.691e-001 -5.257e-003 -9.904e-001  1.000e+000
51 2-3 -6.872e-002  9.953e-002 -1.968e-001 -2.741e-002 -1.113e-001  1.000e+000
52  9.993e-001  6.758e-004  7.229e-005  1.051e-001  8.864e-001  8.524e-003 
52 1-1  1.000e+000
52 1-2 -9.858e-001  1.000e+000
52 1-3 -7.508e-002 -9.325e-002  1.000e+000
52 2-1 -1.608e-001  1.552e-001  3.201e-002  1.000e+000
52 2-2  1.697e-001 -1.691e-001 -2.180e-003 -9.886e-001  1.000e+000
52 2-3 -6.642e-002  9.934e-002 -1.963e-001 -2.810e-002 -1.229e-001  1.000e+000
53  9.991e-001  7.748e-004  8.833e-005  1.051e-001  8.857e-001  9.252e-003 
53 1-1  1.000e+000
53 1-2 -9.838e-001  1.000e+000
53 1-3 -8.637e-002 -9.352e-002  1.000e+000
53 2-1 -1.598e-001  1.541e-001  3.126e-002  1.000e+000
53 2-2  1.689e-001 -1.690e-001  1.134e-003 -9.865e-001  1.000e+000
53 2-3 -6.399e-002  9.916e-002 -1.958e-001 -2.887e-002 -1.354e-001  1.000e+000
54  9.990e-001  8.882e-004  1.079e-004  1.051e-001  8.849e-001  1.004e-002 
54 1-1  1.000e+000
54 1-2 -9.815e-001  1.000e+000
54 1-3 -9.840e-002 -9.382e-002  1.000e+000
54 2-1 -1.588e-001  1.530e-001  3.047e-002  1.000e+000
54 2-2  1.680e-001 -1.690e-001  4.700e-003 -9.840e-001  1.000e+000
54 2-3 -6.141e-002  9.899e-002 -1.953e-001 -2.973e-002 -1.490e-001  1.000e+000
55  9.988e-001  1.018e-003  1.319e-004  1.050e-001  8.841e-001  1.090e-002 
55 1-1  1.000e+000
55 1-2 -9.789e-001  1.000e+000
55 1-3 -1.112e-001 -9.417e-002  1.000e+000
55 2-1 -1.576e-001  1.518e-001  2.963e-002  1.000e+000
55 2-2  1.669e-001 -1.690e-001  8.537e-003 -9.810e-001  1.000e+000
55 2-3 -5.867e-002  9.882e-002 -1.948e-001 -3.068e-002 -1.637e-001  1.000e+000
56  9.987e-001  1.167e-003  1.611e-004  1.050e-001  8.832e-001  1.182e-002 
56 1-1  1.000e+000
56 1-2 -9.759e-001  1.000e+000
56 1-3 -1.249e-001 -9.456e-002  1.000e+000
56 2-1 -1.564e-001  1.506e-001  2.873e-002  1.000e+000
56 2-2  1.657e-001 -1.690e-001  1.266e-002 -9.776e-001  1.000e+000
56 2-3 -5.577e-002  9.867e-002 -1.943e-001 -3.173e-002 -1.795e-001  1.000e+000
57  9.985e-001  1.338e-003  1.969e-004  1.050e-001  8.822e-001  1.283e-002 
57 1-1  1.000e+000
57 1-2 -9.725e-001  1.000e+000
57 1-3 -1.394e-001 -9.502e-002  1.000e+000
57 2-1 -1.550e-001  1.493e-001  2.778e-002  1.000e+000
57 2-2  1.641e-001 -1.690e-001  1.709e-002 -9.735e-001  1.000e+000
57 2-3 -5.271e-002  9.854e-002 -1.937e-001 -3.289e-002 -1.967e-001  1.000e+000
58  9.982e-001  1.534e-003  2.405e-004  1.049e-001  8.812e-001  1.392e-002 
58 1-1  1.000e+000
58 1-2 -9.686e-001  1.000e+000
58 1-3 -1.549e-001 -9.554e-002  1.000e+000
58 2-1 -1.536e-001  1.480e-001  2.677e-002  1.000e+000
58 2-2  1.623e-001 -1.691e-001  2.183e-002 -9.687e-001  1.000e+000
58 2-3 -4.948e-002  9.843e-002 -1.931e-001 -3.418e-002 -2.151e-001  1.000e+000
59  9.979e-001  1.758e-003  2.939e-004  1.049e-001  8.801e-001  1.510e-002 
59 1-1  1.000e+000
59 1-2 -9.642e-001  1.000e+000
59 1-3 -1.713e-001 -9.614e-002  1.000e+000
59 2-1 -1.520e-001  1.466e-001  2.569e-002  1.000e+000
59 2-2  1.602e-001 -1.691e-001  2.690e-002 -9.630e-001  1.000e+000
59 2-3 -4.607e-002  9.835e-002 -1.925e-001 -3.559e-002 -2.349e-001  1.000e+000
60  9.976e-001  2.015e-003  3.590e-004  1.048e-001  8.788e-001  1.638e-002 
60 1-1  1.000e+000
60 1-2 -9.592e-001  1.000e+000
60 1-3 -1.886e-001 -9.683e-002  1.000e+000
60 2-1 -1.503e-001  1.452e-001  2.453e-002  1.000e+000
60 2-2  1.578e-001 -1.692e-001  3.231e-002 -9.564e-001  1.000e+000
60 2-3 -4.249e-002  9.832e-002 -1.918e-001 -3.716e-002 -2.562e-001  1.000e+000
61  9.973e-001  2.310e-003  4.385e-004  1.047e-001  8.775e-001  1.776e-002 
61 1-1  1.000e+000
61 1-2 -9.535e-001  1.000e+000
61 1-3 -2.070e-001 -9.764e-002  1.000e+000
61 2-1 -1.485e-001  1.438e-001  2.330e-002  1.000e+000
61 2-2  1.549e-001 -1.693e-001  3.805e-002 -9.488e-001  1.000e+000
61 2-3 -3.874e-002  9.833e-002 -1.912e-001 -3.887e-002 -2.788e-001  1.000e+000
62  9.968e-001  2.647e-003  5.357e-004  1.046e-001  8.761e-001  1.926e-002 
62 1-1  1.000e+000
62 1-2 -9.470e-001  1.000e+000
62 1-3 -2.264e-001 -9.857e-002  1.000e+000
62 2-1 -1.465e-001  1.425e-001  2.198e-002  1.000e+000
62 2-2  1.517e-001 -1.695e-001  4.413e-002 -9.399e-001  1.000e+000
62 2-3 -3.483e-002  9.841e-002 -1.905e-001 -4.076e-002 -3.028e-001  1.000e+000
63  9.963e-001  3.034e-003  6.543e-004  1.045e-001  8.746e-001  2.089e-002 
63 1-1  1.000e+000
63 1-2 -9.397e-001  1.000e+000
63 1-3 -2.467e-001 -9.965e-002  1.000e+000
63 2-1 -1.445e-001  1.411e-001  2.057e-002  1.000e+000
63 2-2  1.480e-001 -1.698e-001  5.053e-002 -9.297e-001  1.000e+000
63 2-3 -3.076e-002  9.858e-002 -1.898e-001 -4.282e-002 -3.282e-001  1.000e+000
64  9.957e-001  3.477e-003  7.991e-004  1.044e-001  8.730e-001  2.264e-002 
64 1-1  1.000e+000
64 1-2 -9.314e-001  1.000e+000
64 1-3 -2.681e-001 -1.009e-001  1.000e+000
64 2-1 -1.424e-001  1.399e-001  1.907e-002  1.000e+000
64 2-2  1.438e-001 -1.701e-001  5.722e-002 -9.180e-001  1.000e+000
64 2-3 -2.656e-002  9.886e-002 -1.891e-001 -4.507e-002 -3.548e-001  1.000e+000
65  9.950e-001  3.984e-003  9.759e-004  1.042e-001  8.712e-001  2.455e-002 
65 1-1  1.000e+000
65 1-2 -9.222e-001  1.000e+000
65 1-3 -2.903e-001 -1.024e-001  1.000e+000
65 2-1 -1.403e-001  1.387e-001  1.748e-002  1.000e+000
65 2-2  1.392e-001 -1.707e-001  6.415e-002 -9.048e-001  1.000e+000
65 2-3 -2.225e-002  9.927e-002 -1.884e-001 -4.751e-002 -3.824e-001  1.000e+000
66  9.942e-001  4.564e-003  1.192e-003  1.041e-001  8.693e-001  2.660e-002 
66 1-1  1.000e+000
66 1-2 -9.118e-001  1.000e+000
66 1-3 -3.133e-001 -1.041e-001  1.000e+000
66 2-1 -1.382e-001  1.379e-001  1.582e-002  1.000e+000
66 2-2  1.343e-001 -1.714e-001  7.127e-002 -8.900e-001  1.000e+000
66 2-3 -1.788e-002  9.987e-002 -1.877e-001 -5.016e-002 -4.108e-001  1.000e+000
67  9.933e-001  5.228e-003  1.455e-003  1.039e-001  8.673e-001  2.883e-002 
67 1-1  1.000e+000
67 1-2 -9.004e-001  1.000e+000
67 1-3 -3.370e-001 -1.062e-001  1.000e+000
67 2-1 -1.362e-001  1.373e-001  1.409e-002  1.000e+000
67 2-2  1.291e-001 -1.726e-001  7.848e-002 -8.736e-001  1.000e+000
67 2-3 -1.349e-002  1.007e-001 -1.870e-001 -5.300e-002 -4.396e-001  1.000e+000
68  9.922e-001  5.988e-003  1.776e-003  1.037e-001  8.651e-001  3.123e-002 
68 1-1  1.000e+000
68 1-2 -8.878e-001  1.000e+000
68 1-3 -3.611e-001 -1.086e-001  1.000e+000
68 2-1 -1.345e-001  1.373e-001  1.232e-002  1.000e+000
68 2-2  1.238e-001 -1.742e-001  8.569e-002 -8.558e-001  1.000e+000
68 2-3 -9.166e-003  1.018e-001 -1.865e-001 -5.605e-002 -4.685e-001  1.000e+000
69  9.910e-001  6.857e-003  2.168e-003  1.035e-001  8.627e-001  3.383e-002 
69 1-1  1.000e+000
69 1-2 -8.740e-001  1.000e+000
69 1-3 -3.854e-001 -1.115e-001  1.000e+000
69 2-1 -1.333e-001  1.379e-001  1.057e-002  1.000e+000
69 2-2  1.186e-001 -1.766e-001  9.276e-002 -8.369e-001  1.000e+000
69 2-3 -4.991e-003  1.033e-001 -1.860e-001 -5.928e-002 -4.967e-001  1.000e+000
70  9.895e-001  7.851e-003  2.645e-003  1.032e-001  8.601e-001  3.664e-002 
70 1-1  1.000e+000
70 1-2 -8.593e-001  1.000e+000
70 1-3 -4.094e-001 -1.148e-001  1.000e+000
70 2-1 -1.327e-001  1.395e-001  8.919e-003  1.000e+000
70 2-2  1.139e-001 -1.798e-001  9.954e-002 -8.174e-001  1.000e+000
70 2-3 -1.083e-003  1.052e-001 -1.856e-001 -6.267e-002 -5.238e-001  1.000e+000
71  9.878e-001  8.986e-003  3.227e-003  1.030e-001  8.574e-001  3.967e-002 
71 1-1  1.000e+000
71 1-2 -8.438e-001  1.000e+000
71 1-3 -4.326e-001 -1.188e-001  1.000e+000
71 2-1 -1.333e-001  1.423e-001  7.478e-003  1.000e+000
71 2-2  1.102e-001 -1.844e-001  1.059e-001 -7.977e-001  1.000e+000
71 2-3  2.416e-003  1.078e-001 -1.855e-001 -6.618e-002 -5.489e-001  1.000e+000
72  9.858e-001  1.028e-002  3.935e-003  1.027e-001  8.544e-001  4.294e-002 
72 1-1  1.000e+000
72 1-2 -8.279e-001  1.000e+000
72 1-3 -4.544e-001 -1.235e-001  1.000e+000
72 2-1 -1.353e-001  1.467e-001  6.416e-003  1.000e+000
72 2-2  1.080e-001 -1.905e-001  1.116e-001 -7.788e-001  1.000e+000
72 2-3  5.334e-003  1.111e-001 -1.858e-001 -6.978e-002 -5.714e-001  1.000e+000
73  9.834e-001  1.176e-002  4.798e-003  1.024e-001  8.512e-001  4.646e-002 
73 1-1  1.000e+000
73 1-2 -8.120e-001  1.000e+000
73 1-3 -4.739e-001 -1.290e-001  1.000e+000
73 2-1 -1.392e-001  1.528e-001  5.957e-003  1.000e+000
73 2-2  1.078e-001 -1.986e-001  1.164e-001 -7.616e-001  1.000e+000
73 2-3  7.480e-003  1.153e-001 -1.866e-001 -7.342e-002 -5.904e-001  1.000e+000
74  9.807e-001  1.345e-002  5.847e-003  1.020e-001  8.477e-001  5.026e-002 
74 1-1  1.000e+000
74 1-2 -7.971e-001  1.000e+000
74 1-3 -4.903e-001 -1.355e-001  1.000e+000
74 2-1 -1.455e-001  1.610e-001  6.387e-003  1.000e+000
74 2-2  1.104e-001 -2.089e-001  1.204e-001 -7.469e-001  1.000e+000
74 2-3  8.655e-003  1.205e-001 -1.882e-001 -7.709e-002 -6.053e-001  1.000e+000
75  9.775e-001  1.537e-002  7.122e-003  1.016e-001  8.440e-001  5.436e-002 
75 1-1  1.000e+000
75 1-2 -7.839e-001  1.000e+000
75 1-3 -5.025e-001 -1.430e-001  1.000e+000
75 2-1 -1.546e-001  1.712e-001  8.045e-003  1.000e+000
75 2-2  1.163e-001 -2.217e-001  1.233e-001 -7.357e-001  1.000e+000
75 2-3  8.684e-003  1.271e-001 -1.908e-001 -8.080e-002 -6.156e-001  1.000e+000
76  9.738e-001  1.755e-002  8.670e-003  1.012e-001  8.400e-001  5.876e-002 
76 1-1  1.000e+000
76 1-2 -7.734e-001  1.000e+000
76 1-3 -5.095e-001 -1.515e-001  1.000e+000
76 2-1 -1.666e-001  1.831e-001  1.131e-002  1.000e+000
76 2-2  1.259e-001 -2.369e-001  1.252e-001 -7.284e-001  1.000e+000
76 2-3  7.468e-003  1.351e-001 -1.950e-001 -8.464e-002 -6.211e-001  1.000e+000
77  9.694e-001  2.004e-002  1.055e-002  1.008e-001  8.357e-001  6.350e-002 
77 1-1  1.000e+000
77 1-2 -7.663e-001  1.000e+000
77 1-3 -5.106e-001 -1.612e-001  1.000e+000
77 2-1 -1.815e-001  1.960e-001  1.653e-002  1.000e+000
77 2-2  1.392e-001 -2.541e-001  1.262e-001 -7.250e-001  1.000e+000
77 2-3  5.067e-003  1.446e-001 -2.013e-001 -8.879e-002 -6.217e-001  1.000e+000
78  9.643e-001  2.285e-002  1.282e-002  1.003e-001  8.311e-001  6.859e-002 
78 1-1  1.000e+000
78 1-2 -7.628e-001  1.000e+000
78 1-3 -5.058e-001 -1.719e-001  1.000e+000
78 2-1 -1.986e-001  2.088e-001  2.398e-002  1.000e+000
78 2-2  1.555e-001 -2.724e-001  1.265e-001 -7.248e-001  1.000e+000
78 2-3  1.808e-003  1.555e-001 -2.102e-001 -9.353e-002 -6.181e-001  1.000e+000
79  9.584e-001  2.604e-002  1.557e-002  9.977e-002  8.262e-001  7.406e-002 
79 1-1  1.000e+000
79 1-2 -7.624e-001  1.000e+000
79 1-3 -4.961e-001 -1.836e-001  1.000e+000
79 2-1 -2.170e-001  2.205e-001  3.375e-002  1.000e+000
79 2-2  1.737e-001 -2.909e-001  1.266e-001 -7.266e-001  1.000e+000
79 2-3 -1.619e-003  1.675e-001 -2.222e-001 -9.917e-002 -6.116e-001  1.000e+000
80  9.515e-001  2.964e-002  1.889e-002  9.920e-002  8.209e-001  7.993e-002 
80 1-1  1.000e+000
80 1-2 -7.633e-001  1.000e+000
80 1-3 -4.838e-001 -1.960e-001  1.000e+000
80 2-1 -2.354e-001  2.301e-001  4.560e-002  1.000e+000
80 2-2  1.915e-001 -3.084e-001  1.271e-001 -7.286e-001  1.000e+000
80 2-3 -4.125e-003  1.800e-001 -2.376e-001 -1.060e-001 -6.039e-001  1.000e+000
81  9.434e-001  3.370e-002  2.289e-002  9.858e-002  8.152e-001  8.622e-002 
81 1-1  1.000e+000
81 1-2 -7.632e-001  1.000e+000
81 1-3 -4.727e-001 -2.086e-001  1.000e+000
81 2-1 -2.523e-001  2.369e-001  5.884e-002  1.000e+000
81 2-2  2.066e-001 -3.237e-001  1.287e-001 -7.284e-001  1.000e+000
81 2-3 -4.357e-003  1.922e-001 -2.555e-001 -1.142e-001 -5.975e-001  1.000e+000
82  9.340e-001  3.826e-002  2.770e-002  9.791e-002  8.091e-001  9.296e-002 
82 1-1  1.000e+000
82 1-2 -7.593e-001  1.000e+000
82 1-3 -4.669e-001 -2.210e-001  1.000e+000
82 2-1 -2.665e-001  2.407e-001  7.238e-002  1.000e+000
82 2-2  2.166e-001 -3.361e-001  1.321e-001 -7.240e-001  1.000e+000
82 2-3 -1.040e-003  2.030e-001 -2.743e-001 -1.236e-001 -5.951e-001  1.000e+000
83  9.232e-001  4.336e-002  3.346e-002  9.719e-002  8.026e-001  1.002e-001 
83 1-1  1.000e+000
83 1-2 -7.493e-001  1.000e+000
83 1-3 -4.697e-001 -2.326e-001  1.000e+000
83 2-1 -2.773e-001  2.417e-001  8.495e-002  1.000e+000
83 2-2  2.194e-001 -3.450e-001  1.377e-001 -7.132e-001  1.000e+000
83 2-3  6.565e-003  2.115e-001 -2.917e-001 -1.341e-001 -5.990e-001  1.000e+000
84  9.106e-001  4.904e-002  4.033e-002  9.642e-002  7.957e-001  1.079e-001 
84 1-1  1.000e+000
84 1-2 -7.319e-001  1.000e+000
84 1-3 -4.824e-001 -2.438e-001  1.000e+000
84 2-1 -2.842e-001  2.404e-001  9.553e-002  1.000e+000
84 2-2  2.142e-001 -3.503e-001  1.454e-001 -6.949e-001  1.000e+000
84 2-3  1.834e-002  2.172e-001 -3.053e-001 -1.452e-001 -6.106e-001  1.000e+000
85  8.962e-001  5.533e-002  4.850e-002  9.559e-002  7.883e-001  1.161e-001 
85 1-1  1.000e+000
85 1-2 -7.065e-001  1.000e+000
85 1-3 -5.040e-001 -2.553e-001  1.000e+000
85 2-1 -2.876e-001  2.370e-001  1.036e-001  1.000e+000
85 2-2  2.011e-001 -3.521e-001  1.551e-001 -6.683e-001  1.000e+000
85 2-3  3.335e-002  2.201e-001 -3.141e-001 -1.567e-001 -6.299e-001  1.000e+000
86  8.796e-001  6.227e-002  5.818e-002  9.470e-002  7.805e-001  1.248e-001 
86 1-1  1.000e+000
86 1-2 -6.733e-001  1.000e+000
86 1-3 -5.319e-001 -2.680e-001  1.000e+000
86 2-1 -2.879e-001  2.321e-001  1.094e-001  1.000e+000
86 2-2  1.811e-001 -3.510e-001  1.660e-001 -6.339e-001  1.000e+000
86 2-3  5.025e-002  2.207e-001 -3.183e-001 -1.684e-001 -6.556e-001  1.000e+000
87  8.606e-001  6.986e-002  6.956e-002  9.375e-002  7.721e-001  1.341e-001 
87 1-1  1.000e+000
87 1-2 -6.330e-001  1.000e+000
87 1-3 -5.634e-001 -2.830e-001  1.000e+000
87 2-1 -2.858e-001  2.258e-001  1.131e-001  1.000e+000
87 2-2  1.561e-001 -3.474e-001  1.774e-001 -5.924e-001  1.000e+000
87 2-3  6.773e-002  2.201e-001 -3.188e-001 -1.804e-001 -6.856e-001  1.000e+000
88  8.390e-001  7.809e-002  8.288e-002  9.273e-002  7.633e-001  1.440e-001 
88 1-1  1.000e+000
88 1-2 -5.863e-001  1.000e+000
88 1-3 -5.959e-001 -3.012e-001  1.000e+000
88 2-1 -2.819e-001  2.183e-001  1.154e-001  1.000e+000
88 2-2  1.277e-001 -3.420e-001  1.888e-001 -5.452e-001  1.000e+000
88 2-3  8.478e-002  2.189e-001 -3.168e-001 -1.927e-001 -7.175e-001  1.000e+000
89  8.147e-001  8.694e-002  9.835e-002  9.165e-002  7.539e-001  1.545e-001 
89 1-1  1.000e+000
89 1-2 -5.340e-001  1.000e+000
89 1-3 -6.275e-001 -3.233e-001  1.000e+000
89 2-1 -2.769e-001  2.099e-001  1.167e-001  1.000e+000
89 2-2  9.782e-002 -3.356e-001  1.996e-001 -4.939e-001  1.000e+000
89 2-3  1.008e-001  2.180e-001 -3.135e-001 -2.055e-001 -7.494e-001  1.000e+000
90  7.875e-001  9.636e-002  1.162e-001  9.050e-002  7.439e-001  1.656e-001 
90 1-1  1.000e+000
90 1-2 -4.766e-001  1.000e+000
90 1-3 -6.570e-001 -3.496e-001  1.000e+000
90 2-1 -2.712e-001  2.004e-001  1.173e-001  1.000e+000
90 2-2  6.782e-002 -3.288e-001  2.097e-001 -4.400e-001  1.000e+000
90 2-3  1.154e-001  2.176e-001 -3.096e-001 -2.190e-001 -7.798e-001  1.000e+000