
# model  
#****** Result for:******
# GRFadl.txt
#IMaCh version 0.99r45, April 2023,INED-EUROREVES-Institut de longevite-Japan Society for the Promotion of Science (Grant-in-Aid for Scientific Research 25293121), Intel Software 2015-2020, Nihon University 2021-202, INED 2000-2022
#$Revision: 1.353 $ $Date: 2023/05/08 18:48:22 $
# Tue Feb 04 22:03:38 2025
# Total life expectancy with std error and decomposition into time to be expected in each health state
#  (weighted average of eij where weights are the age specific forward period (stable) prevalences in each health state 
# Age popbased mobilav e.. (std) e.1 (std) e.2 (std) 
   50 0 0  34.206 (  0.655)  32.067 (  0.647)   2.139 (  0.283)
   51 0 0  33.211 (  0.653)  31.075 (  0.645)   2.136 (  0.282)
   52 0 0  32.217 (  0.651)  30.083 (  0.642)   2.133 (  0.281)
   53 0 0  31.223 (  0.648)  29.094 (  0.638)   2.130 (  0.281)
   54 0 0  30.232 (  0.646)  28.106 (  0.636)   2.126 (  0.279)
   55 0 0  29.241 (  0.642)  27.120 (  0.631)   2.121 (  0.279)
   56 0 0  28.253 (  0.639)  26.137 (  0.627)   2.116 (  0.277)
   57 0 0  27.267 (  0.635)  25.156 (  0.623)   2.111 (  0.276)
   58 0 0  26.283 (  0.630)  24.179 (  0.617)   2.104 (  0.275)
   59 0 0  25.302 (  0.624)  23.205 (  0.611)   2.097 (  0.273)
   60 0 0  24.325 (  0.618)  22.236 (  0.604)   2.089 (  0.272)
   61 0 0  23.351 (  0.611)  21.271 (  0.596)   2.080 (  0.270)
   62 0 0  22.382 (  0.604)  20.313 (  0.588)   2.070 (  0.268)
   63 0 0  21.419 (  0.596)  19.360 (  0.579)   2.059 (  0.266)
   64 0 0  20.462 (  0.586)  18.416 (  0.568)   2.046 (  0.264)
   65 0 0  19.512 (  0.576)  17.480 (  0.558)   2.032 (  0.262)
   66 0 0  18.570 (  0.566)  16.553 (  0.546)   2.017 (  0.260)
   67 0 0  17.638 (  0.554)  15.638 (  0.533)   2.000 (  0.257)
   68 0 0  16.716 (  0.542)  14.735 (  0.520)   1.981 (  0.255)
   69 0 0  15.807 (  0.528)  13.846 (  0.506)   1.961 (  0.253)
   70 0 0  14.911 (  0.515)  12.973 (  0.492)   1.938 (  0.250)
   71 0 0  14.031 (  0.501)  12.117 (  0.477)   1.914 (  0.248)
   72 0 0  13.169 (  0.487)  11.281 (  0.462)   1.888 (  0.246)
   73 0 0  12.325 (  0.472)  10.466 (  0.447)   1.859 (  0.243)
   74 0 0  11.503 (  0.459)   9.674 (  0.432)   1.828 (  0.241)
   75 0 0  10.704 (  0.445)   8.908 (  0.417)   1.796 (  0.239)
   76 0 0   9.930 (  0.432)   8.169 (  0.404)   1.761 (  0.238)
   77 0 0   9.184 (  0.421)   7.459 (  0.390)   1.725 (  0.237)
   78 0 0   8.467 (  0.410)   6.781 (  0.378)   1.686 (  0.236)
   79 0 0   7.782 (  0.400)   6.136 (  0.366)   1.646 (  0.236)
   80 0 0   7.130 (  0.392)   5.525 (  0.356)   1.605 (  0.234)
   81 0 0   6.513 (  0.384)   4.950 (  0.345)   1.563 (  0.237)
   82 0 0   5.932 (  0.377)   4.413 (  0.335)   1.520 (  0.238)
   83 0 0   5.389 (  0.371)   3.912 (  0.325)   1.477 (  0.240)
   84 0 0   4.883 (  0.365)   3.450 (  0.314)   1.433 (  0.243)
   85 0 0   4.415 (  0.358)   3.025 (  0.304)   1.391 (  0.245)
   86 0 0   3.986 (  0.352)   2.637 (  0.293)   1.349 (  0.249)
   87 0 0   3.594 (  0.345)   2.286 (  0.282)   1.308 (  0.253)
   88 0 0   3.239 (  0.337)   1.970 (  0.270)   1.270 (  0.258)
   89 0 0   2.920 (  0.330)   1.687 (  0.256)   1.233 (  0.266)
   90 0 0   2.636 (  0.322)   1.437 (  0.244)   1.199 (  0.269)
