
#****** ******
# GRFadl.txt
#IMaCh version 0.99r45, April 2023,INED-EUROREVES-Institut de longevite-Japan Society for the Promotion of Science (Grant-in-Aid for Scientific Research 25293121), Intel Software 2015-2020, Nihon University 2021-202, INED 2000-2022
#$Revision: 1.353 $ $Date: 2023/05/08 18:48:22 $
# Tue Feb 04 22:03:38 2025
# Variance and covariance of health expectancies e.j 
#  (weighted average of eij where weights are the age specific period (stable) prevalences in each health state 
# Age Cov(e.1, e.1) Cov(e.1, e.2) Cov(e.2, e.1) Cov(e.2, e.2)
50  0.4190 -0.0350 -0.0350 0.0799
51  0.4163 -0.0345 -0.0345 0.0795
52  0.4125 -0.0339 -0.0339 0.0791
53  0.4074 -0.0333 -0.0333 0.0787
54  0.4042 -0.0328 -0.0328 0.0781
55  0.3979 -0.0320 -0.0320 0.0777
56  0.3937 -0.0314 -0.0314 0.0769
57  0.3878 -0.0307 -0.0307 0.0761
58  0.3807 -0.0299 -0.0299 0.0754
59  0.3731 -0.0290 -0.0290 0.0746
60  0.3647 -0.0282 -0.0282 0.0738
61  0.3555 -0.0273 -0.0273 0.0729
62  0.3455 -0.0264 -0.0264 0.0719
63  0.3347 -0.0255 -0.0255 0.0709
64  0.3232 -0.0246 -0.0246 0.0698
65  0.3109 -0.0237 -0.0237 0.0687
66  0.2979 -0.0228 -0.0228 0.0675
67  0.2844 -0.0219 -0.0219 0.0663
68  0.2707 -0.0211 -0.0211 0.0650
69  0.2561 -0.0203 -0.0203 0.0639
70  0.2417 -0.0196 -0.0196 0.0626
71  0.2274 -0.0190 -0.0190 0.0614
72  0.2133 -0.0184 -0.0184 0.0603
73  0.1996 -0.0178 -0.0178 0.0592
74  0.1866 -0.0173 -0.0173 0.0582
75  0.1743 -0.0168 -0.0168 0.0573
76  0.1629 -0.0163 -0.0163 0.0566
77  0.1524 -0.0158 -0.0158 0.0560
78  0.1428 -0.0153 -0.0153 0.0557
79  0.1341 -0.0148 -0.0148 0.0555
80  0.1269 -0.0140 -0.0140 0.0550
81  0.1188 -0.0137 -0.0137 0.0559
82  0.1120 -0.0132 -0.0132 0.0566
83  0.1054 -0.0127 -0.0127 0.0574
84  0.0987 -0.0124 -0.0124 0.0592
85  0.0925 -0.0122 -0.0122 0.0601
86  0.0860 -0.0121 -0.0121 0.0619
87  0.0794 -0.0123 -0.0123 0.0641
88  0.0728 -0.0127 -0.0127 0.0665
89  0.0657 -0.0137 -0.0137 0.0706
90  0.0596 -0.0141 -0.0141 0.0726
