# Powell
# iter -2*LL p12 p13 p21 p23
1 1 13400.720223335449 1 0.000000000000 0.000000000000 0.000000000000 0.000000000000 0.000000000000 0.000000000000 0.000000000000 0.000000000000
2 2 3224.656588547533 3 6.829507055423 -0.003229446049 -0.654049786820 0.003263139631 2.859966478716 -0.000738712909 -1.183874164916 0.002722255082
3 2 3064.728805761339 4 4.750184351782 -0.005790882600 -1.919325886853 0.009923387191 2.714492195141 -0.007657384249 -1.784952905780 -0.011089599238
4 3 3029.565303965397 6 3.356593174268 -0.013443120257 -3.620577072144 0.023170838649 2.577658820930 -0.005033909481 -2.389989594965 -0.016631030661
5 3 3003.255406663683 7 3.399215553514 -0.017202768011 -4.148623712263 0.027461504537 2.613493738940 -0.000637761952 -2.674048078008 -0.008823098944
6 4 2940.127712235988 8 3.162116618078 -0.031577643837 -6.476990850874 0.037830436475 2.650053459372 0.019771133546 -4.023647493602 0.033694282438
7 4 2928.168610545734 9 3.454932425748 -0.032675062957 -6.795523840172 0.042799086673 2.632229546588 0.025974960983 -4.247429210670 0.043882876544
8 5 2902.577190047102 9 4.333607679004 -0.037886492984 -8.685175794929 0.069628911205 2.490113736271 0.057095908554 -6.041384831566 0.102320749870
9 5 2895.138898145723 10 4.412088395411 -0.040268443902 -9.627452480247 0.078730387307 2.420848919895 0.069218039212 -6.904699794285 0.125951249151
10 6 2883.868955159797 11 4.506855025404 -0.045245892602 -12.648465553641 0.108731673218 2.074686150189 0.109623651193 -9.896847095637 0.204314021901
11 6 2878.201315107294 11 4.351539707338 -0.042526975362 -13.162321673551 0.113457546395 1.953723642135 0.116438119396 -10.458333476154 0.216659555012
12 7 2811.767322277008 12 -2.080742696788 0.048940210702 -19.767539446462 0.195038668109 -1.269501853157 0.204133261062 -18.474321777968 0.358289863871
13 7 2774.361505441289 13 -4.443743614179 0.069055061751 -22.963213549770 0.229138876539 -2.457807280943 0.244303562151 -21.954627223526 0.428684589220
14 8 2763.780700919327 13 -4.977759477968 0.076303981708 -21.452380978347 0.218898693746 -2.457985919561 0.223861197118 -20.494372347203 0.389770692232
15 8 2756.200206156167 14 -5.426443339981 0.085629953501 -19.201614861741 0.197503113739 -2.354192334164 0.194063149207 -18.319166334804 0.335418621061
16 9 2755.621826385656 15 -5.449062840424 0.085809401710 -18.972087292371 0.193343443536 -2.321284341916 0.190682319204 -18.093370132802 0.330150041353
17 9 2755.400466404610 15 -5.386391715309 0.084666021619 -18.703733671077 0.189417679091 -2.256358855002 0.186905112245 -17.809691304009 0.323958791487
18 10 2755.335060790765 17 -5.360320812924 0.084149904424 -18.562979421100 0.187366508830 -2.224901980523 0.184924973822 -17.665736605231 0.320729182192
19 10 2755.299569607149 18 -5.325120922062 0.083448697137 -18.362455913194 0.184435226452 -2.181734888035 0.182126833228 -17.471391832659 0.316256549265
20 11 2755.294578783072 20 -5.324259925502 0.083432448770 -18.360671718122 0.184402442928 -2.182001541467 0.182091568239 -17.479581544390 0.316315110520
21 11 2754.117100366319 21 -5.018422231787 0.079205599424 -16.119515408962 0.157547241810 -2.101244856045 0.148435790222 -19.122601113421 0.302560241912
22 12 2753.729656336388 22 -5.209628509283 0.081639862713 -15.942455986468 0.154992966726 -2.219672892412 0.144821583326 -19.909629980849 0.306764119410
23 12 2753.691526055474 24 -5.218919830233 0.081750518779 -15.877371922503 0.153850671821 -2.240585262481 0.143596463426 -20.178523637675 0.308409043509
24 13 2753.688205109313 25 -5.217909836777 0.081714460977 -15.875770857731 0.153761281234 -2.247711721572 0.143494941649 -20.270948896896 0.309279519311
25 13 2753.687881762173 26 -5.216553530777 0.081687942232 -15.879659618160 0.153800916012 -2.249668080354 0.143536278750 -20.297574451279 0.309592670835
26 14 2753.687845646949 28 -5.216055587263 0.081678370375 -15.882024295463 0.153832399234 -2.250220587667 0.143571259284 -20.304216329105 0.309691904172
27 14 2753.687830827348 30 -5.215629663967 0.081670374844 -15.884550726951 0.153868834469 -2.250682701165 0.143619245785 -20.307976282275 0.309771845755
28 15 2753.687806949479 31 -5.215115747150 0.081660854129 -15.886232696692 0.153894929336 -2.251180349772 0.143670628925 -20.310124285214 0.309840245856
29 15 2753.687757961143 33 -5.214912752702 0.081655280166 -15.888760431944 0.153936411478 -2.252586537204 0.143782790181 -20.313335048114 0.309966419395
30 16 2753.687438292584 34 -5.215190436866 0.081653330714 -15.894362387599 0.154038563895 -2.260890481416 0.144351505934 -20.324778863954 0.310549056878
31 16 2753.685848070440 36 -5.218197767626 0.081693327639 -15.896315555459 0.154125889662 -2.298258228314 0.146670418205 -20.364931813507 0.312849803184
32 17 2753.681123614872 37 -5.224247875313 0.081796888383 -15.871563338089 0.153854966066 -2.411229887527 0.153370542468 -20.487202915664 0.319593288302
33 17 2753.677402929087 38 -5.220125411400 0.081749908153 -15.845041624910 0.153471262785 -2.518111588276 0.159725266961 -20.626410840597 0.326298038236
34 18 2753.674675695533 39 -5.209118793257 0.081586462947 -15.835146296323 0.153290522568 -2.634914973338 0.166952281581 -20.784953866335 0.333999092519
35 18 2753.669383284096 41 -5.186420992097 0.081245952214 -15.827559891270 0.153109604575 -2.825731448227 0.179112593675 -21.005298317599 0.346575401552
36 19 2753.666140641026 42 -5.188966472879 0.081289966693 -15.828884391412 0.153150981192 -2.861149280380 0.181476611438 -21.002586739219 0.348546815151
37 19 2753.663359248104 43 -5.197299444739 0.081437941387 -15.808663459541 0.152894016106 -3.030702632821 0.191956812098 -21.118820771907 0.358488895304
38 20 2753.663269503864 -16 -5.199703069002 0.081467651456 -15.811110005883 0.152915446665 -3.067205555343 0.194188470350 -21.160211052013 0.360775484034
39 20 2753.663204618133 -15 -5.198310121583 0.081447810094 -15.813333750198 0.152948907934 -3.156880390292 0.199885730624 -21.248978172996 0.366458355743
40 21 2753.663201926149 -15 -5.198643094971 0.081453689192 -15.812275457078 0.152936342749 -3.164080057866 0.200320321119 -21.255910557830 0.366889658180
41 21 2753.663200828044 -14 -5.198900024300 0.081457079238 -15.812128178138 0.152934433826 -3.165748026515 0.200412182656 -21.258704605287 0.366992801849
42 22 2753.663200826169 -13 -5.198901337890 0.081457075447 -15.812165138403 0.152934921049 -3.165590855418 0.200402754927 -21.258538954183 0.366983255248
43 22 2753.663200825349 -11 -5.198904393858 0.081457127267 -15.812175194671 0.152935125058 -3.165444714473 0.200393805703 -21.258365383619 0.366973951651
44 23 2753.663200824622 -9 -5.198901704636 0.081457095043 -15.812187578679 0.152935288374 -3.165290903486 0.200384385508 -21.258202839230 0.366964406929
45 23 2753.663200824114 -7 -5.198902190892 0.081457094839 -15.812197586902 0.152935428903 -3.165325401448 0.200386642372 -21.258234257354 0.366966629863
46 24 2753.663200820276 -4 -5.198900550108 0.081457014104 -15.812099284498 0.152934141105 -3.164967758636 0.200362561411 -21.257926393220 0.366943136836
47 24 2753.663200810023 -3 -5.198902072305 0.081456989227 -15.811986631086 0.152932603863 -3.164905344127 0.200356120368 -21.257928276808 0.366937493837
48 25 2753.663200744064 -2 -5.198911918618 0.081457026330 -15.811650452440 0.152927891713 -3.165150455635 0.200359821350 -21.258371131083 0.366943697079
49 25 2753.663200393125 -2 -5.198949333672 0.081457496330 -15.811131179509 0.152920290775 -3.166861107194 0.200425137615 -21.260370493413 0.367012841974
50 26 2753.663198214568 -1 -5.199086749044 0.081459508996 -15.810144286770 0.152905159015 -3.174433696248 0.200667553039 -21.268432900639 0.367262204858
51 26 2753.663184302451 0 -5.199544961279 0.081466450433 -15.808415835439 0.152876982110 -3.208317692077 0.201388972450 -21.302990575112 0.367994647407
52 27 2753.663082551228 1 -5.201385593356 0.081493892630 -15.804544975194 0.152810012360 -3.409047119092 0.203787531435 -21.504607550719 0.370413561416
53 27 2753.117005933747 1 -5.264524728562 0.082410427260 -15.704835575785 0.151060280457 -12.473484261571 0.267338504767 -30.584410026857 0.434434431340
54 28 2752.695241154293 2 -5.323834957919 0.082612594982 -15.663776312960 0.150466304126 -13.194445110239 0.274344722231 -31.202749514543 0.440519862480
55 28 2751.797211325576 2 -5.551937385412 0.084649128679 -15.823539531223 0.152492072847 -17.150905650808 0.331938053273 -35.050233434387 0.497360814520
56 29 2750.932192058851 4 -5.683496751434 0.086169272197 -15.942268103206 0.153978375079 -19.842121927897 0.379640336868 -37.683334819585 0.544552475068
57 29 2747.934856087282 5 -6.262886328042 0.094843187232 -16.649828391941 0.162650131508 -35.560218574429 0.659411382632 -53.287107860991 0.822710667160
58 30 2747.044111543419 6 -6.450117584122 0.097544514999 -16.833771681470 0.164912328067 -40.405637195526 0.750389081914 -58.074120564129 0.913017109505
59 30 2746.815841663758 7 -6.638731200073 0.099949291101 -16.975713314708 0.166700614772 -44.744443199865 0.830653716343 -62.373053850922 0.992954235200
60 31 2746.811518076287 8 -6.646289931082 0.100052638967 -16.967441289347 0.166618766380 -44.957000092815 0.834416262986 -62.605047117581 0.996938338230
61 31 2746.767202320319 9 -6.640546783291 0.099983743235 -16.633050607681 0.162807859934 -45.492223515591 0.844336413645 -63.519136971005 1.011154441525
62 32 2746.761547476632 10 -6.624708634791 0.099791304440 -16.589650794129 0.162221603353 -45.320617139787 0.841317783233 -63.346820402708 1.008103340660
63 32 2746.748027901203 12 -6.583682530542 0.099154447297 -16.410668982793 0.159728698535 -45.041828302817 0.836660749312 -63.011753064081 1.002776798764
64 33 2746.743651947822 13 -6.596655606450 0.099336908840 -16.408879421918 0.159685839657 -45.454639455654 0.844214843313 -63.422512043983 1.010296478211
65 33 2746.738089264757 14 -6.612063684838 0.099547366739 -16.382578917192 0.159278030752 -46.083999939125 0.855476115174 -64.039530519755 1.021377134794
66 34 2746.733971840951 15 -6.608076902245 0.099477682099 -16.366948225869 0.159057471726 -46.032693358199 0.854562575807 -63.984030123611 1.020404141809
67 34 2746.592673289279 16 -6.659602411938 0.099967424059 -16.707187570083 0.163745399646 -45.037391879179 0.835496373164 -63.239753438414 1.003556009867
68 35 2746.589270932212 17 -6.672376092833 0.100196098617 -16.732695466390 0.164136801984 -45.311165691637 0.840479879266 -63.553502421238 1.008961718682
69 35 2746.585450509004 18 -6.684987913952 0.100463579698 -16.784385070500 0.164900823720 -45.543882431706 0.844877923664 -63.833888738357 1.013853113815
70 36 2746.582458984328 19 -6.683596878290 0.100447293209 -16.775788276672 0.164783658134 -45.580015202821 0.845567612474 -63.862627941140 1.014457745689
71 36 2746.131376492704 20 -6.649577783848 0.100332424863 -16.970106926949 0.168687968914 -49.383234490157 0.917216840949 -66.620669437298 1.073617160739
72 37 2746.126056499086 21 -6.666029820291 0.100529172115 -17.030950152690 0.169481687418 -49.546255823325 0.919892699139 -66.765136197530 1.076068199518
73 37 2746.121487088079 21 -6.680236759125 0.100714040391 -17.108255607597 0.170553746874 -49.539135041524 0.919471184286 -66.749623375967 1.075605069967
74 38 2746.120994791790 22 -6.681781637465 0.100746623484 -17.114907272116 0.170650231014 -49.574671650137 0.920140753202 -66.790881753900 1.076335421357
75 38 2745.781960457240 23 -6.390960459108 0.096864132519 -16.993586090872 0.168575907408 -57.315966361832 1.066264970301 -75.002913072357 1.228020046713
76 39 2745.752300139962 24 -6.345408075792 0.096031106922 -16.944834547414 0.167832098267 -57.290760379523 1.066206103569 -74.947428370662 1.227577204340
77 39 2745.751681659662 25 -6.337926152910 0.095905675395 -16.932452979507 0.167655851194 -57.296074758867 1.066407721097 -74.942306847795 1.227671214175
78 40 2745.751654876336 27 -6.336133820200 0.095879078583 -16.930223968128 0.167626106700 -57.287081899223 1.066279125894 -74.932044009515 1.227532221475
79 40 2745.751654425570 28 -6.336132687909 0.095879753015 -16.930435859013 0.167629425581 -57.283817905831 1.066219964953 -74.929211307534 1.227478167488
80 41 2745.751654385632 30 -6.336159870997 0.095880359170 -16.930565556958 0.167631381836 -57.281888502932 1.066184552088 -74.927467300100 1.227444836037
81 41 2745.751654385614 33 -6.336158502253 0.095880342302 -16.930560350564 0.167631308491 -57.281922980669 1.066185211892 -74.927501660453 1.227445497471
82 42 2745.751654385613 35 -6.336158515818 0.095880342362 -16.930560300331 0.167631307389 -57.281921667958 1.066185187149 -74.927500707497 1.227445476993
83 42 2745.751654385613 38 -6.336158515817 0.095880342362 -16.930560300331 0.167631307389 -57.281921667957 1.066185187149 -74.927500707496 1.227445476993
84 43 2745.751654385612 41 -6.336158515817 0.095880342362 -16.930560300331 0.167631307389 -57.281921667958 1.066185187149 -74.927500707497 1.227445476993
