# Powell
# iter -2*LL p12 p13 p21 p23
1 1 3463.062792963337 1 -5.562591300000 0.058153600000 -10.409100600000 0.080530800000 1.433507000000 -0.047245000000 -12.973224500000 0.128559300000
2 2 3266.105643584242 2 -6.008605383735 0.058061378300 -11.388234553954 0.080550034046 0.902524650323 -0.046966560675 -13.765178693686 0.128539624113
3 2 3248.504623517738 4 -6.228938883701 0.057966466462 -11.169151994627 0.080496940592 0.753720951328 -0.046846714441 -13.779516002852 0.128538983032
4 3 3248.040480546843 6 -6.264514783614 0.057874899222 -11.197661484295 0.080430833140 0.729510663433 -0.046737461261 -13.778925574605 0.128537221878
5 3 3247.956029640050 8 -6.256746098369 0.057508848517 -11.196371082021 0.080160442291 0.692697483645 -0.046305880990 -13.777664263729 0.128529387355
6 4 3247.770545794382 9 -6.204216193909 0.056598429509 -11.159583310245 0.079488185509 0.617928688574 -0.045293469925 -13.774365339709 0.128504694858
7 4 3247.489383015221 11 -6.106697604732 0.055214624866 -11.064760214339 0.078177765989 0.483663157280 -0.043361882351 -13.767811156877 0.128445226427
8 5 3247.306234830913 13 -6.065836426653 0.054924876982 -11.016348920754 0.077799179360 0.454847370963 -0.042839962579 -13.765789161958 0.128417387552
9 5 3247.294693460377 14 -6.052414756535 0.054826902270 -11.001251172444 0.077688807111 0.446034351173 -0.042683173556 -13.765146384623 0.128407037368
10 6 3247.294465448564 16 -6.051247028493 0.054809050314 -11.001255373999 0.077688331305 0.445269567744 -0.042672999833 -13.765081849915 0.128406350915
11 6 3247.280151945815 18 -6.002666659119 0.054104787010 -11.087626706795 0.078862193441 0.487278565735 -0.043283020353 -13.763394823768 0.128381704875
12 7 3247.280119723116 20 -6.003616927468 0.054119866754 -11.088152088180 0.078864930727 0.488772261504 -0.043303060273 -13.763355703334 0.128381568792
13 7 3247.279838522510 22 -6.001906302969 0.054105700420 -11.061006287763 0.078488163409 0.490985096302 -0.043331314739 -13.759637308066 0.128337090846
14 8 3247.279647494986 24 -6.001726865265 0.054097336285 -11.049059842350 0.078326999998 0.491807481414 -0.043345329377 -13.757978346346 0.128316833866
15 8 3247.279583962003 -34 -6.001547864341 0.054089110280 -11.037463879687 0.078160399021 0.492603220116 -0.043359061082 -13.756252620535 0.128296161884
16 9 3247.279583824075 -32 -6.001547384298 0.054089111896 -11.037508739775 0.078160524345 0.492596614267 -0.043358970586 -13.756228204420 0.128295885505
17 9 3247.279573250574 -29 -6.001520588868 0.054089777811 -11.038328662688 0.078167494693 0.492902329675 -0.043362968266 -13.751995328170 0.128244884107
18 10 3247.279569522921 -27 -6.001496761150 0.054088789540 -11.040689409415 0.078201255282 0.492518552447 -0.043357768994 -13.751118543419 0.128234417773
19 10 3247.279569171695 -27 -6.001562651898 0.054089439873 -11.041788594702 0.078216780651 0.492449183299 -0.043356902472 -13.750803296373 0.128230757833
20 11 3247.279569169544 -26 -6.001572722242 0.054089584775 -11.041795919940 0.078216863646 0.492462394764 -0.043357092089 -13.750812403183 0.128230870239
21 11 3247.279569169521 -26 -6.001573705166 0.054089600152 -11.041796803359 0.078216877220 0.492463836524 -0.043357112282 -13.750812470538 0.128230870818
