# ITFsr.txt
#IMaCh version 0.99r45, April 2023,INED-EUROREVES-Institut de longevite-Japan Society for the Promotion of Science (Grant-in-Aid for Scientific Research 25293121), Intel Software 2015-2020, Nihon University 2021-202, INED 2000-2022
#$Revision: 1.353 $ $Date: 2023/05/08 18:48:22 $
# Tue Feb 04 22:13:35 2025
# probabilities of dying before estepm=6 months for people of exact age and weighted probabilities w1*p1j+w2*p2j+... stand dev in()
# Selected quantitative variables and dummies
# Age cov=1 p.3 SE w1 p13 w2 p23
 50 1   7.360e-004  5.348e-004  8.444e-001  7.708e-004   1.557e-001  5.468e-004 
 51 1   7.975e-004  5.454e-004  8.330e-001  8.318e-004   1.671e-001  6.257e-004 
 52 1   8.651e-004  5.547e-004  8.210e-001  8.976e-004   1.791e-001  7.159e-004 
 53 1   9.398e-004  5.626e-004  8.082e-001  9.684e-004   1.919e-001  8.189e-004 
 54 1   1.023e-003  5.688e-004  7.948e-001  1.045e-003   2.053e-001  9.364e-004 
 55 1   1.115e-003  5.739e-004  7.806e-001  1.127e-003   2.195e-001  1.071e-003 
 56 1   1.217e-003  5.774e-004  7.657e-001  1.215e-003   2.344e-001  1.224e-003 
 57 1   1.333e-003  5.796e-004  7.501e-001  1.310e-003   2.500e-001  1.398e-003 
 58 1   1.462e-003  5.810e-004  7.338e-001  1.413e-003   2.664e-001  1.597e-003 
 59 1   1.609e-003  5.821e-004  7.167e-001  1.523e-003   2.834e-001  1.825e-003 
 60 1   1.775e-003  5.839e-004  6.990e-001  1.642e-003   3.011e-001  2.084e-003 
 61 1   1.964e-003  5.876e-004  6.807e-001  1.769e-003   3.195e-001  2.379e-003 
 62 1   2.181e-003  5.948e-004  6.617e-001  1.906e-003   3.385e-001  2.716e-003 
 63 1   2.428e-003  6.074e-004  6.421e-001  2.053e-003   3.581e-001  3.099e-003 
 64 1   2.713e-003  6.276e-004  6.220e-001  2.212e-003   3.782e-001  3.536e-003 
 65 1   3.041e-003  6.574e-004  6.015e-001  2.381e-003   3.987e-001  4.034e-003 
 66 1   3.419e-003  6.988e-004  5.806e-001  2.564e-003   4.197e-001  4.600e-003 
 67 1   3.856e-003  7.530e-004  5.593e-001  2.759e-003   4.410e-001  5.245e-003 
 68 1   4.362e-003  8.206e-004  5.378e-001  2.969e-003   4.625e-001  5.979e-003 
 69 1   4.948e-003  9.017e-004  5.161e-001  3.194e-003   4.841e-001  6.815e-003 
 70 1   5.626e-003  9.956e-004  4.944e-001  3.435e-003   5.059e-001  7.765e-003 
 71 1   6.412e-003  1.101e-003  4.727e-001  3.694e-003   5.276e-001  8.845e-003 
 72 1   7.322e-003  1.217e-003  4.511e-001  3.970e-003   5.491e-001  1.007e-002 
 73 1   8.375e-003  1.342e-003  4.298e-001  4.266e-003   5.705e-001  1.147e-002 
 74 1   9.593e-003  1.474e-003  4.087e-001  4.583e-003   5.915e-001  1.305e-002 
 75 1   1.100e-002  1.611e-003  3.880e-001  4.922e-003   6.122e-001  1.485e-002 
 76 1   1.262e-002  1.753e-003  3.679e-001  5.283e-003   6.323e-001  1.689e-002 
 77 1   1.449e-002  1.898e-003  3.483e-001  5.670e-003   6.519e-001  1.920e-002 
 78 1   1.664e-002  2.049e-003  3.293e-001  6.082e-003   6.709e-001  2.182e-002 
 79 1   1.911e-002  2.209e-003  3.110e-001  6.522e-003   6.892e-001  2.478e-002 
 80 1   2.194e-002  2.387e-003  2.935e-001  6.990e-003   7.067e-001  2.814e-002 
 81 1   2.517e-002  2.594e-003  2.767e-001  7.489e-003   7.234e-001  3.193e-002 
 82 1   2.886e-002  2.859e-003  2.608e-001  8.021e-003   7.394e-001  3.621e-002 
 83 1   3.307e-002  3.204e-003  2.457e-001  8.586e-003   7.544e-001  4.103e-002 
 84 1   3.784e-002  3.667e-003  2.315e-001  9.187e-003   7.686e-001  4.647e-002 
 85 1   4.326e-002  4.287e-003  2.181e-001  9.825e-003   7.820e-001  5.258e-002 
 86 1   4.938e-002  5.102e-003  2.056e-001  1.050e-002   7.945e-001  5.944e-002 
 87 1   5.629e-002  6.150e-003  1.940e-001  1.122e-002   8.061e-001  6.713e-002 
 88 1   6.405e-002  7.463e-003  1.832e-001  1.198e-002   8.169e-001  7.572e-002 
 89 1   7.276e-002  9.075e-003  1.732e-001  1.278e-002   8.268e-001  8.532e-002 
 90 1   8.249e-002  1.101e-002  1.641e-001  1.364e-002   8.360e-001  9.599e-002 
