# ITFsr.txt
#IMaCh version 0.99r45, April 2023,INED-EUROREVES-Institut de longevite-Japan Society for the Promotion of Science (Grant-in-Aid for Scientific Research 25293121), Intel Software 2015-2020, Nihon University 2021-202, INED 2000-2022
#$Revision: 1.353 $ $Date: 2023/05/08 18:48:22 $
# Tue Feb 04 22:13:35 2025
#One-step probabilities and stand. devi in ()
# Age p1-1 (SE) p1-2 (SE) p1-3 (SE) p2-1 (SE) p2-2 (SE) p2-3 (SE)
50  9.636e-001 ( 5.058e-003)  3.564e-002 ( 5.044e-003)  7.708e-004 ( 6.477e-004)  1.576e-001 ( 2.043e-002)  8.418e-001 ( 2.042e-002)  5.468e-004 ( 3.218e-004) 
51  9.616e-001 ( 5.095e-003)  3.755e-002 ( 5.079e-003)  8.318e-004 ( 6.718e-004)  1.519e-001 ( 1.900e-002)  8.474e-001 ( 1.899e-002)  6.257e-004 ( 3.575e-004) 
52  9.596e-001 ( 5.124e-003)  3.955e-002 ( 5.107e-003)  8.976e-004 ( 6.959e-004)  1.464e-001 ( 1.764e-002)  8.529e-001 ( 1.763e-002)  7.159e-004 ( 3.967e-004) 
53  9.574e-001 ( 5.145e-003)  4.165e-002 ( 5.126e-003)  9.684e-004 ( 7.197e-004)  1.411e-001 ( 1.636e-002)  8.581e-001 ( 1.634e-002)  8.189e-004 ( 4.397e-004) 
54  9.551e-001 ( 5.157e-003)  4.386e-002 ( 5.137e-003)  1.045e-003 ( 7.433e-004)  1.359e-001 ( 1.514e-002)  8.632e-001 ( 1.512e-002)  9.364e-004 ( 4.868e-004) 
55  9.527e-001 ( 5.162e-003)  4.618e-002 ( 5.140e-003)  1.127e-003 ( 7.664e-004)  1.309e-001 ( 1.399e-002)  8.681e-001 ( 1.397e-002)  1.071e-003 ( 5.382e-004) 
56  9.502e-001 ( 5.159e-003)  4.862e-002 ( 5.135e-003)  1.215e-003 ( 7.890e-004)  1.260e-001 ( 1.291e-002)  8.728e-001 ( 1.290e-002)  1.224e-003 ( 5.943e-004) 
57  9.475e-001 ( 5.148e-003)  5.118e-002 ( 5.123e-003)  1.310e-003 ( 8.110e-004)  1.213e-001 ( 1.191e-002)  8.773e-001 ( 1.189e-002)  1.398e-003 ( 6.553e-004) 
58  9.447e-001 ( 5.131e-003)  5.387e-002 ( 5.104e-003)  1.413e-003 ( 8.323e-004)  1.167e-001 ( 1.097e-002)  8.817e-001 ( 1.096e-002)  1.597e-003 ( 7.215e-004) 
59  9.418e-001 ( 5.110e-003)  5.668e-002 ( 5.081e-003)  1.523e-003 ( 8.529e-004)  1.123e-001 ( 1.011e-002)  8.859e-001 ( 1.010e-002)  1.825e-003 ( 7.931e-004) 
60  9.387e-001 ( 5.086e-003)  5.964e-002 ( 5.055e-003)  1.642e-003 ( 8.728e-004)  1.080e-001 ( 9.317e-003)  8.899e-001 ( 9.313e-003)  2.084e-003 ( 8.704e-004) 
61  9.355e-001 ( 5.064e-003)  6.274e-002 ( 5.030e-003)  1.769e-003 ( 8.922e-004)  1.039e-001 ( 8.596e-003)  8.938e-001 ( 8.600e-003)  2.379e-003 ( 9.535e-004) 
62  9.321e-001 ( 5.046e-003)  6.599e-002 ( 5.009e-003)  1.906e-003 ( 9.111e-004)  9.987e-002 ( 7.948e-003)  8.974e-001 ( 7.962e-003)  2.716e-003 ( 1.043e-003) 
63  9.286e-001 ( 5.038e-003)  6.939e-002 ( 4.998e-003)  2.053e-003 ( 9.301e-004)  9.600e-002 ( 7.373e-003)  9.009e-001 ( 7.399e-003)  3.099e-003 ( 1.138e-003) 
64  9.248e-001 ( 5.047e-003)  7.295e-002 ( 5.004e-003)  2.212e-003 ( 9.498e-004)  9.226e-002 ( 6.869e-003)  9.042e-001 ( 6.913e-003)  3.536e-003 ( 1.239e-003) 
65  9.209e-001 ( 5.081e-003)  7.668e-002 ( 5.034e-003)  2.381e-003 ( 9.709e-004)  8.865e-002 ( 6.438e-003)  9.073e-001 ( 6.502e-003)  4.034e-003 ( 1.346e-003) 
66  9.169e-001 ( 5.148e-003)  8.058e-002 ( 5.096e-003)  2.564e-003 ( 9.947e-004)  8.517e-002 ( 6.076e-003)  9.102e-001 ( 6.166e-003)  4.600e-003 ( 1.459e-003) 
67  9.126e-001 ( 5.258e-003)  8.466e-002 ( 5.202e-003)  2.759e-003 ( 1.023e-003)  8.180e-002 ( 5.781e-003)  9.130e-001 ( 5.902e-003)  5.245e-003 ( 1.577e-003) 
68  9.081e-001 ( 5.421e-003)  8.893e-002 ( 5.360e-003)  2.969e-003 ( 1.057e-003)  7.854e-002 ( 5.549e-003)  9.155e-001 ( 5.706e-003)  5.979e-003 ( 1.700e-003) 
69  9.034e-001 ( 5.647e-003)  9.339e-002 ( 5.580e-003)  3.194e-003 ( 1.100e-003)  7.540e-002 ( 5.375e-003)  9.178e-001 ( 5.572e-003)  6.815e-003 ( 1.827e-003) 
70  8.985e-001 ( 5.944e-003)  9.805e-002 ( 5.872e-003)  3.435e-003 ( 1.155e-003)  7.236e-002 ( 5.251e-003)  9.199e-001 ( 5.493e-003)  7.765e-003 ( 1.957e-003) 
71  8.934e-001 ( 6.320e-003)  1.029e-001 ( 6.241e-003)  3.694e-003 ( 1.225e-003)  6.943e-002 ( 5.172e-003)  9.217e-001 ( 5.460e-003)  8.845e-003 ( 2.089e-003) 
72  8.881e-001 ( 6.780e-003)  1.080e-001 ( 6.693e-003)  3.970e-003 ( 1.314e-003)  6.660e-002 ( 5.128e-003)  9.233e-001 ( 5.466e-003)  1.007e-002 ( 2.222e-003) 
73  8.825e-001 ( 7.326e-003)  1.133e-001 ( 7.231e-003)  4.266e-003 ( 1.425e-003)  6.387e-002 ( 5.113e-003)  9.247e-001 ( 5.502e-003)  1.147e-002 ( 2.354e-003) 
74  8.766e-001 ( 7.962e-003)  1.188e-001 ( 7.857e-003)  4.583e-003 ( 1.561e-003)  6.123e-002 ( 5.119e-003)  9.257e-001 ( 5.560e-003)  1.305e-002 ( 2.484e-003) 
75  8.706e-001 ( 8.687e-003)  1.245e-001 ( 8.573e-003)  4.922e-003 ( 1.726e-003)  5.868e-002 ( 5.141e-003)  9.265e-001 ( 5.633e-003)  1.485e-002 ( 2.611e-003) 
76  8.643e-001 ( 9.502e-003)  1.305e-001 ( 9.377e-003)  5.283e-003 ( 1.923e-003)  5.621e-002 ( 5.172e-003)  9.269e-001 ( 5.716e-003)  1.689e-002 ( 2.735e-003) 
77  8.577e-001 ( 1.041e-002)  1.367e-001 ( 1.027e-002)  5.670e-003 ( 2.155e-003)  5.383e-002 ( 5.207e-003)  9.270e-001 ( 5.804e-003)  1.920e-002 ( 2.857e-003) 
78  8.508e-001 ( 1.140e-002)  1.431e-001 ( 1.125e-002)  6.082e-003 ( 2.425e-003)  5.153e-002 ( 5.244e-003)  9.267e-001 ( 5.897e-003)  2.182e-002 ( 2.981e-003) 
79  8.437e-001 ( 1.248e-002)  1.498e-001 ( 1.232e-002)  6.522e-003 ( 2.735e-003)  4.931e-002 ( 5.279e-003)  9.259e-001 ( 5.994e-003)  2.478e-002 ( 3.114e-003) 
80  8.363e-001 ( 1.366e-002)  1.567e-001 ( 1.347e-002)  6.990e-003 ( 3.090e-003)  4.715e-002 ( 5.309e-003)  9.247e-001 ( 6.100e-003)  2.814e-002 ( 3.269e-003) 
81  8.286e-001 ( 1.491e-002)  1.639e-001 ( 1.471e-002)  7.489e-003 ( 3.491e-003)  4.507e-002 ( 5.333e-003)  9.230e-001 ( 6.227e-003)  3.193e-002 ( 3.469e-003) 
82  8.206e-001 ( 1.626e-002)  1.714e-001 ( 1.604e-002)  8.021e-003 ( 3.943e-003)  4.305e-002 ( 5.348e-003)  9.207e-001 ( 6.391e-003)  3.621e-002 ( 3.742e-003) 
83  8.123e-001 ( 1.769e-002)  1.791e-001 ( 1.745e-002)  8.586e-003 ( 4.448e-003)  4.109e-002 ( 5.354e-003)  9.179e-001 ( 6.620e-003)  4.103e-002 ( 4.127e-003) 
84  8.038e-001 ( 1.920e-002)  1.870e-001 ( 1.894e-002)  9.187e-003 ( 5.012e-003)  3.920e-002 ( 5.351e-003)  9.143e-001 ( 6.953e-003)  4.647e-002 ( 4.671e-003) 
85  7.949e-001 ( 2.079e-002)  1.953e-001 ( 2.052e-002)  9.825e-003 ( 5.637e-003)  3.736e-002 ( 5.336e-003)  9.101e-001 ( 7.439e-003)  5.258e-002 ( 5.417e-003) 
86  7.858e-001 ( 2.247e-002)  2.037e-001 ( 2.217e-002)  1.050e-002 ( 6.329e-003)  3.558e-002 ( 5.311e-003)  9.050e-001 ( 8.135e-003)  5.944e-002 ( 6.410e-003) 
87  7.763e-001 ( 2.422e-002)  2.125e-001 ( 2.391e-002)  1.122e-002 ( 7.093e-003)  3.384e-002 ( 5.274e-003)  8.990e-001 ( 9.100e-003)  6.713e-002 ( 7.686e-003) 
88  7.666e-001 ( 2.605e-002)  2.215e-001 ( 2.571e-002)  1.198e-002 ( 7.932e-003)  3.216e-002 ( 5.226e-003)  8.921e-001 ( 1.039e-002)  7.572e-002 ( 9.283e-003) 
89  7.565e-001 ( 2.795e-002)  2.307e-001 ( 2.760e-002)  1.278e-002 ( 8.853e-003)  3.052e-002 ( 5.167e-003)  8.842e-001 ( 1.205e-002)  8.532e-002 ( 1.123e-002) 
90  7.462e-001 ( 2.992e-002)  2.402e-001 ( 2.955e-002)  1.364e-002 ( 9.860e-003)  2.892e-002 ( 5.096e-003)  8.751e-001 ( 1.412e-002)  9.599e-002 ( 1.357e-002) 