
#****** ******
# ITFsr.txt
#IMaCh version 0.99r45, April 2023,INED-EUROREVES-Institut de longevite-Japan Society for the Promotion of Science (Grant-in-Aid for Scientific Research 25293121), Intel Software 2015-2020, Nihon University 2021-202, INED 2000-2022
#$Revision: 1.353 $ $Date: 2023/05/08 18:48:22 $
# Tue Feb 04 22:13:35 2025
# Health expectancies with standard errors
# Age e11 (SE) e12 (SE) e1.  e21 (SE) e22 (SE) e2. 
 50   18.4888 (0.5899)   15.7296 (0.7296)   34.2184 (0.8168)   16.0758 (0.6588)   18.1680 (0.7924)   34.2438 (0.7900)
 51   17.7124 (0.5723)   15.5576 (0.7147)   33.2700 (0.7991)   15.2498 (0.6368)   18.0386 (0.7731)   33.2883 (0.7788)
 52   16.9510 (0.5553)   15.3738 (0.7002)   32.3247 (0.7822)   14.4414 (0.6153)   17.8931 (0.7546)   32.3344 (0.7691)
 53   16.2052 (0.5387)   15.1777 (0.6861)   31.3829 (0.7661)   13.6515 (0.5943)   17.7307 (0.7371)   31.3823 (0.7607)
 54   15.4759 (0.5228)   14.9689 (0.6726)   30.4448 (0.7508)   12.8814 (0.5739)   17.5506 (0.7207)   30.4319 (0.7536)
 55   14.7635 (0.5075)   14.7472 (0.6595)   29.5107 (0.7362)   12.1319 (0.5543)   17.3519 (0.7056)   29.4837 (0.7475)
 56   14.0688 (0.4929)   14.5123 (0.6469)   28.5811 (0.7224)   11.4039 (0.5354)   17.1340 (0.6916)   28.5379 (0.7421)
 57   13.3923 (0.4789)   14.2641 (0.6349)   27.6564 (0.7091)   10.6984 (0.5173)   16.8964 (0.6787)   27.5948 (0.7372)
 58   12.7346 (0.4656)   14.0025 (0.6233)   26.7371 (0.6965)   10.0162 (0.5000)   16.6386 (0.6669)   26.6548 (0.7325)
 59   12.0962 (0.4529)   13.7274 (0.6121)   25.8237 (0.6843)    9.3579 (0.4834)   16.3605 (0.6559)   25.7185 (0.7277)
 60   11.4776 (0.4408)   13.4392 (0.6013)   24.9167 (0.6725)    8.7243 (0.4674)   16.0620 (0.6456)   24.7862 (0.7225)
 61   10.8791 (0.4292)   13.1379 (0.5909)   24.0169 (0.6611)    8.1158 (0.4519)   15.7431 (0.6358)   23.8588 (0.7167)
 62   10.3010 (0.4182)   12.8239 (0.5808)   23.1249 (0.6499)    7.5328 (0.4369)   15.4041 (0.6262)   22.9369 (0.7100)
 63    9.7438 (0.4077)   12.4977 (0.5709)   22.2415 (0.6389)    6.9757 (0.4220)   15.0456 (0.6165)   22.0214 (0.7022)
 64    9.2076 (0.3975)   12.1598 (0.5612)   21.3674 (0.6282)    6.4447 (0.4074)   14.6683 (0.6066)   21.1130 (0.6933)
 65    8.6925 (0.3878)   11.8110 (0.5517)   20.5034 (0.6175)    5.9399 (0.3928)   14.2729 (0.5964)   20.2128 (0.6830)
 66    8.1986 (0.3784)   11.4520 (0.5423)   19.6506 (0.6071)    5.4613 (0.3781)   13.8606 (0.5856)   19.3219 (0.6715)
 67    7.7259 (0.3693)   11.0838 (0.5332)   18.8097 (0.5969)    5.0087 (0.3633)   13.4326 (0.5742)   18.4413 (0.6587)
 68    7.2744 (0.3605)   10.7074 (0.5243)   17.9818 (0.5870)    4.5819 (0.3484)   12.9903 (0.5623)   17.5722 (0.6448)
 69    6.8439 (0.3519)   10.3240 (0.5157)   17.1679 (0.5774)    4.1806 (0.3332)   12.5354 (0.5499)   16.7159 (0.6300)
 70    6.4342 (0.3436)    9.9347 (0.5074)   16.3689 (0.5684)    3.8042 (0.3179)   12.0694 (0.5371)   15.8737 (0.6145)
 71    6.0450 (0.3355)    9.5409 (0.4996)   15.5859 (0.5599)    3.4524 (0.3024)   11.5944 (0.5242)   15.0468 (0.5987)
 72    5.6760 (0.3277)    9.1439 (0.4924)   14.8199 (0.5522)    3.1245 (0.2868)   11.1121 (0.5114)   14.2366 (0.5829)
 73    5.3269 (0.3201)    8.7451 (0.4858)   14.0720 (0.5453)    2.8197 (0.2711)   10.6247 (0.4990)   13.4444 (0.5675)
 74    4.9970 (0.3128)    8.3460 (0.4799)   13.3431 (0.5393)    2.5374 (0.2555)   10.1342 (0.4874)   12.6716 (0.5530)
 75    4.6861 (0.3057)    7.9481 (0.4747)   12.6342 (0.5342)    2.2767 (0.2399)    9.6427 (0.4769)   11.9194 (0.5398)
 76    4.3934 (0.2988)    7.5529 (0.4703)   11.9462 (0.5300)    2.0367 (0.2246)    9.1524 (0.4677)   11.1891 (0.5281)
 77    4.1184 (0.2922)    7.1617 (0.4666)   11.2801 (0.5267)    1.8165 (0.2096)    8.6654 (0.4602)   10.4818 (0.5184)
 78    3.8605 (0.2859)    6.7761 (0.4637)   10.6366 (0.5242)    1.6151 (0.1949)    8.1836 (0.4545)    9.7988 (0.5106)
 79    3.6190 (0.2797)    6.3974 (0.4612)   10.0163 (0.5222)    1.4317 (0.1807)    7.7092 (0.4506)    9.1409 (0.5049)
 80    3.3931 (0.2738)    6.0269 (0.4592)    9.4200 (0.5207)    1.2651 (0.1670)    7.2440 (0.4484)    8.5091 (0.5011)
 81    3.1823 (0.2681)    5.6659 (0.4574)    8.8482 (0.5193)    1.1143 (0.1539)    6.7898 (0.4476)    7.9041 (0.4988)
 82    2.9857 (0.2626)    5.3156 (0.4557)    8.3013 (0.5178)    0.9784 (0.1415)    6.3482 (0.4481)    7.3266 (0.4979)
 83    2.8026 (0.2572)    4.9769 (0.4537)    7.7795 (0.5160)    0.8563 (0.1296)    5.9207 (0.4493)    6.7769 (0.4977)
 84    2.6323 (0.2521)    4.6507 (0.4512)    7.2830 (0.5137)    0.7470 (0.1185)    5.5086 (0.4509)    6.2556 (0.4978)
 85    2.4741 (0.2470)    4.3379 (0.4481)    6.8120 (0.5105)    0.6496 (0.1080)    5.1130 (0.4524)    5.7626 (0.4978)
 86    2.3271 (0.2421)    4.0391 (0.4442)    6.3662 (0.5063)    0.5631 (0.0982)    4.7349 (0.4534)    5.2980 (0.4971)
 87    2.1908 (0.2372)    3.7547 (0.4392)    5.9455 (0.5010)    0.4866 (0.0891)    4.3751 (0.4535)    4.8617 (0.4955)
 88    2.0643 (0.2325)    3.4852 (0.4332)    5.5495 (0.4945)    0.4191 (0.0807)    4.0340 (0.4524)    4.4531 (0.4924)
 89    1.9471 (0.2278)    3.2307 (0.4259)    5.1778 (0.4867)    0.3599 (0.0728)    3.7121 (0.4498)    4.0720 (0.4878)
 90    1.8384 (0.2232)    2.9914 (0.4174)    4.8297 (0.4775)    0.3081 (0.0656)    3.4094 (0.4455)    3.7175 (0.4815)
