
#****** ******
# ITFsr.txt
#IMaCh version 0.99r45, April 2023,INED-EUROREVES-Institut de longevite-Japan Society for the Promotion of Science (Grant-in-Aid for Scientific Research 25293121), Intel Software 2015-2020, Nihon University 2021-202, INED 2000-2022
#$Revision: 1.353 $ $Date: 2023/05/08 18:48:22 $
# Tue Feb 04 22:13:35 2025
# Variance and covariance of health expectancies e.j 
#  (weighted average of eij where weights are the age specific period (stable) prevalences in each health state 
# Age Cov(e.1, e.1) Cov(e.1, e.2) Cov(e.2, e.1) Cov(e.2, e.2)
50  0.3863 -0.1531 -0.1531 0.5776
51  0.3655 -0.1453 -0.1453 0.5551
52  0.3455 -0.1374 -0.1374 0.5336
53  0.3267 -0.1293 -0.1293 0.5128
54  0.3382 -0.0777 -0.0777 0.5566
55  0.2919 -0.1131 -0.1131 0.4742
56  0.2760 -0.1052 -0.1052 0.4564
57  0.2610 -0.0975 -0.0975 0.4397
58  0.2469 -0.0900 -0.0900 0.4240
59  0.2337 -0.0830 -0.0830 0.4092
60  0.2213 -0.0763 -0.0763 0.3952
61  0.2097 -0.0701 -0.0701 0.3821
62  0.1987 -0.0643 -0.0643 0.3696
63  0.1883 -0.0591 -0.0591 0.3575
64  0.1785 -0.0542 -0.0542 0.3459
65  0.1690 -0.0499 -0.0499 0.3344
66  0.1600 -0.0459 -0.0459 0.3233
67  0.1512 -0.0423 -0.0423 0.3122
68  0.1427 -0.0389 -0.0389 0.3011
69  0.1343 -0.0358 -0.0358 0.2900
70  0.1261 -0.0328 -0.0328 0.2791
71  0.1181 -0.0299 -0.0299 0.2684
72  0.1102 -0.0270 -0.0270 0.2579
73  0.1023 -0.0241 -0.0241 0.2480
74  0.0947 -0.0212 -0.0212 0.2387
75  0.0872 -0.0182 -0.0182 0.2303
76  0.0798 -0.0152 -0.0152 0.2229
77  0.0727 -0.0122 -0.0122 0.2166
78  0.0659 -0.0092 -0.0092 0.2116
79  0.0594 -0.0063 -0.0063 0.2078
80  0.0532 -0.0035 -0.0035 0.2053
81  0.0512 0.0056 0.0056 0.2020
82  0.0420 0.0014 0.0014 0.2034
83  0.0370 0.0034 0.0034 0.2035
84  0.0325 0.0050 0.0050 0.2039
85  0.0283 0.0063 0.0063 0.2043
86  0.0246 0.0071 0.0071 0.2044
87  0.0213 0.0076 0.0076 0.2038
88  0.0183 0.0077 0.0077 0.2022
89  0.0157 0.0074 0.0074 0.1995
90  0.0135 0.0069 0.0069 0.1955
