# SEFgali.txt
#IMaCh version 0.99r45, April 2023,INED-EUROREVES-Institut de longevite-Japan Society for the Promotion of Science (Grant-in-Aid for Scientific Research 25293121), Intel Software 2015-2020, Nihon University 2021-202, INED 2000-2022
#$Revision: 1.353 $ $Date: 2023/05/08 18:48:22 $
# Tue Feb 04 20:24:32 2025

#****** ******
# (a) Life expectancies by health status at initial age and (b) health expectancies by health status at initial age
# Age e11  e12  e1.  e21  e22  e2. 
 50  30.0836   5.7862  35.8698  27.7125   8.1700  35.8826
 51  29.2302   5.6903  34.9205  26.8474   8.0780  34.9254
 52  28.3831   5.5918  33.9749  25.9879   7.9825  33.9704
 53  27.5427   5.4906  33.0333  25.1342   7.8834  33.0175
 54  26.7093   5.3867  32.0960  24.2864   7.7804  32.0669
 55  25.8832   5.2800  31.1632  23.4449   7.6736  31.1185
 56  25.0647   5.1707  30.2354  22.6098   7.5628  30.1726
 57  24.2542   5.0586  29.3129  21.7813   7.4479  29.2292
 58  23.4522   4.9439  28.3961  20.9596   7.3287  28.2883
 59  22.6590   4.8265  27.4855  20.1451   7.2051  27.3503
 60  21.8750   4.7065  26.5815  19.3381   7.0771  26.4152
 61  21.1007   4.5840  25.6847  18.5387   6.9445  25.4832
 62  20.3366   4.4590  24.7956  17.7474   6.8071  24.5545
 63  19.5832   4.3316  23.9148  16.9646   6.6650  23.6296
 64  18.8410   4.2020  23.0430  16.1906   6.5180  22.7086
 65  18.1105   4.0703  22.1808  15.4260   6.3661  21.7921
 66  17.3924   3.9366  21.3290  14.6713   6.2091  20.8805
 67  16.6872   3.8012  20.4883  13.9271   6.0473  19.9743
 68  15.9954   3.6642  19.6596  13.1939   5.8804  19.0744
 69  15.3178   3.5259  18.8437  12.4726   5.7087  18.1813
 70  14.6549   3.3866  18.0416  11.7640   5.5322  17.2962
 71  14.0075   3.2466  17.2541  11.0688   5.3511  16.4199
 72  13.3760   3.1062  16.4822  10.3880   5.1657  15.5537
 73  12.7612   2.9658  15.7269   9.7227   4.9761  14.6988
 74  12.1635   2.8257  14.9892   9.0738   4.7829  13.8567
 75  11.5838   2.6864  14.2701   8.4426   4.5864  13.0290
 76  11.0223   2.5482  13.5705   7.8302   4.3871  12.2174
 77  10.4797   2.4117  12.8914   7.2379   4.1858  11.4236
 78   9.9564   2.2773  12.2336   6.6667   3.9830  10.6497
 79   9.4527   2.1454  11.5980   6.1179   3.7795   9.8974
 80   8.9689   2.0164  10.9853   5.5927   3.5761   9.1689
 81   8.5052   1.8909  10.3961   5.0921   3.3738   8.4660
 82   8.0617   1.7693   9.8310   4.6171   3.1735   7.7906
 83   7.6384   1.6519   9.2903   4.1685   2.9760   7.1446
 84   7.2351   1.5391   8.7742   3.7469   2.7825   6.5294
 85   6.8516   1.4312   8.2828   3.3529   2.5937   5.9466
 86   6.4876   1.3284   7.8160   2.9865   2.4107   5.3972
 87   6.1426   1.2310   7.3737   2.6479   2.2342   4.8821
 88   5.8161   1.1392   6.9553   2.3367   2.0651   4.4017
 89   5.5074   1.0529   6.5603   2.0524   1.9039   3.9563
 90   5.2158   0.9723   6.1881   1.7944   1.7513   3.5456
