# SEFgali.txt
#IMaCh version 0.99r45, April 2023,INED-EUROREVES-Institut de longevite-Japan Society for the Promotion of Science (Grant-in-Aid for Scientific Research 25293121), Intel Software 2015-2020, Nihon University 2021-202, INED 2000-2022
#$Revision: 1.353 $ $Date: 2023/05/08 18:48:22 $
# Tue Feb 04 20:24:32 2025
# Forward period (stable) prevalence. Precision given by ftolpl=0.0006 
#Age 1-1 2-2 
#************
#Age   1-1     2-2   Total Years_to_converge
50  0.90520 0.09485 1.000 23
51  0.90204 0.09801 1.000 23
52  0.89879 0.10126 1.000 23
53  0.89544 0.10461 1.000 23
54  0.89200 0.10805 1.000 23
55  0.88847 0.11159 1.000 23
56  0.88483 0.11523 1.000 23
57  0.88111 0.11896 1.000 23
58  0.87728 0.12278 1.000 23
59  0.87336 0.12671 1.000 23
60  0.86934 0.13073 1.000 23
61  0.86523 0.13485 1.000 23
62  0.86102 0.13906 1.000 23
63  0.85672 0.14336 1.000 23
64  0.85234 0.14774 1.000 23
65  0.84787 0.15221 1.000 23
66  0.84332 0.15676 1.000 23
67  0.83871 0.16138 1.000 23
68  0.83403 0.16605 1.000 23
69  0.82930 0.17078 1.000 23
70  0.82454 0.17555 1.000 23
71  0.81975 0.18036 1.000 22
72  0.81496 0.18515 1.000 22
73  0.81018 0.18993 1.000 22
74  0.80544 0.19467 1.000 22
75  0.80077 0.19934 1.000 22
76  0.79620 0.20390 1.000 22
77  0.79177 0.20833 1.000 22
78  0.78753 0.21259 1.000 22
79  0.78351 0.21661 1.000 22
80  0.77978 0.22034 1.000 22
81  0.77638 0.22373 1.000 22
82  0.77340 0.22674 1.000 21
83  0.77088 0.22925 1.000 21
84  0.76890 0.23122 1.000 21
85  0.76754 0.23259 1.000 21
86  0.76686 0.23326 1.000 21
87  0.76694 0.23319 1.000 20
88  0.76782 0.23230 1.000 20
89  0.76955 0.23058 1.000 20
90  0.77216 0.22798 1.000 19
