# Powell
# iter -2*LL p12 p13 p21 p23
1 1 1996.729913755120 0 -4.682411500000 0.028709800000 -11.779842900000 0.102060300000 -0.420770100000 -0.007792900000 -13.681250600000 0.145128100000
2 2 1895.111919905090 0 -5.009417116045 0.028691802449 -12.985843358074 0.101385737106 -1.007621952977 -0.007598284201 -14.367483245256 0.145031450850
3 2 1883.589797110582 1 -5.220063487286 0.028780533606 -12.620837757738 0.101181078482 -1.164175564347 -0.007588460069 -14.515444002135 0.144993777239
4 3 1882.357091762370 1 -5.324779978472 0.028814662250 -12.528876345208 0.101027393287 -1.210236313437 -0.007598309638 -14.560528495384 0.144958787017
5 3 1882.353548764156 2 -5.325967109683 0.028833076516 -12.520362754985 0.100928390067 -1.208690061195 -0.007610046961 -14.558390223592 0.144957788659
6 4 1882.245889194596 2 -5.411198048688 0.030139279701 -12.009739588358 0.094311304061 -1.153013094811 -0.008383518471 -14.403187060422 0.143271398479
7 4 1882.235793932462 2 -5.419695334671 0.030254618805 -11.968936220305 0.093539252987 -1.147305578650 -0.008465694020 -14.380493926874 0.143078993977
8 5 1882.234949954723 3 -5.423219848960 0.030304828881 -11.952108971845 0.093227435841 -1.145855838488 -0.008486315017 -14.372325345750 0.143012362650
9 5 1882.234735018116 3 -5.424516551328 0.030323133500 -11.946973074792 0.093135264218 -1.146887000339 -0.008472543214 -14.371455073213 0.143010882579
10 6 1882.234537519101 4 -5.425252820444 0.030333519382 -11.945113210298 0.093109277524 -1.148168053300 -0.008466332821 -14.372448307640 0.143023112195
11 6 1882.229562489380 4 -5.445505839897 0.030684267504 -11.884810822261 0.092280327787 -1.181234531583 -0.007980875525 -14.455148398276 0.144061487292
12 7 1882.227306298548 4 -5.451944430287 0.030744382820 -11.865642215127 0.092056174173 -1.192104785441 -0.007827811141 -14.484322139684 0.144404075136
13 7 1882.226882381808 5 -5.455975929548 0.030782723099 -11.851663210553 0.091874935702 -1.198781954000 -0.007730744673 -14.502912522410 0.144627284045
14 8 1882.226829578131 5 -5.456409996629 0.030791100920 -11.848726354993 0.091835330629 -1.199940248070 -0.007714611021 -14.506441630279 0.144671090409
15 8 1882.224979973336 5 -5.433527167844 0.030474682594 -11.816171817928 0.091425709536 -1.193548178464 -0.007805291767 -14.540043315526 0.145063721499
16 9 1882.224965836075 5 -5.432759473661 0.030461223580 -11.818518080688 0.091458689156 -1.192312992189 -0.007823018611 -14.537398898356 0.145030095339
17 9 1882.224051599829 6 -5.438320377776 0.030554797618 -11.804972537763 0.091264098999 -1.180238448950 -0.007979364993 -14.589441951330 0.145658101534
18 10 1882.223836315543 6 -5.439960017511 0.030570846407 -11.800550322903 0.091206598978 -1.181153901909 -0.007978659340 -14.604579067814 0.145836874073
19 10 1882.223794849993 6 -5.441543898031 0.030586450966 -11.796208238600 0.091152349584 -1.181249740818 -0.007981745279 -14.612496597015 0.145929928834
20 11 1882.223794823574 6 -5.441560728942 0.030586751973 -11.796007265619 0.091149723718 -1.181231222580 -0.007982114712 -14.612399828335 0.145928827075
21 11 1882.223794822058 7 -5.441561387245 0.030586762581 -11.796021626140 0.091149907082 -1.181212754751 -0.007982385103 -14.612395111025 0.145928764792
22 12 1882.223794821963 7 -5.441559990464 0.030586742423 -11.796027036234 0.091149977271 -1.181208196351 -0.007982454453 -14.612392688232 0.145928733054
23 12 1882.223794821959 8 -5.441559624532 0.030586735813 -11.796027714439 0.091149987238 -1.181207286890 -0.007982467734 -14.612390388098 0.145928704594
