# SEFgali.txt
#IMaCh version 0.99r45, April 2023,INED-EUROREVES-Institut de longevite-Japan Society for the Promotion of Science (Grant-in-Aid for Scientific Research 25293121), Intel Software 2015-2020, Nihon University 2021-202, INED 2000-2022
#$Revision: 1.353 $ $Date: 2023/05/08 18:48:22 $
# Tue Feb 04 20:24:32 2025
# probabilities of dying before estepm=6 months for people of exact age and weighted probabilities w1*p1j+w2*p2j+... stand dev in()
# Selected quantitative variables and dummies
# Age cov=1 p.3 SE w1 p13 w2 p23
 50 1   6.893e-004  4.574e-004  9.052e-001  7.038e-004   9.485e-002  5.510e-004 
 51 1   7.575e-004  4.775e-004  9.020e-001  7.704e-004   9.801e-002  6.384e-004 
 52 1   8.329e-004  4.977e-004  8.988e-001  8.434e-004   1.013e-001  7.396e-004 
 53 1   9.163e-004  5.177e-004  8.954e-001  9.232e-004   1.046e-001  8.569e-004 
 54 1   1.009e-003  5.375e-004  8.920e-001  1.011e-003   1.081e-001  9.927e-004 
 55 1   1.111e-003  5.571e-004  8.885e-001  1.106e-003   1.116e-001  1.150e-003 
 56 1   1.225e-003  5.763e-004  8.848e-001  1.211e-003   1.152e-001  1.332e-003 
 57 1   1.351e-003  5.952e-004  8.811e-001  1.325e-003   1.190e-001  1.543e-003 
 58 1   1.492e-003  6.138e-004  8.773e-001  1.450e-003   1.228e-001  1.788e-003 
 59 1   1.649e-003  6.322e-004  8.734e-001  1.587e-003   1.267e-001  2.070e-003 
 60 1   1.824e-003  6.508e-004  8.693e-001  1.737e-003   1.307e-001  2.398e-003 
 61 1   2.019e-003  6.699e-004  8.652e-001  1.901e-003   1.348e-001  2.777e-003 
 62 1   2.238e-003  6.901e-004  8.610e-001  2.080e-003   1.391e-001  3.216e-003 
 63 1   2.484e-003  7.124e-004  8.567e-001  2.276e-003   1.434e-001  3.724e-003 
 64 1   2.760e-003  7.379e-004  8.523e-001  2.491e-003   1.477e-001  4.312e-003 
 65 1   3.071e-003  7.679e-004  8.479e-001  2.725e-003   1.522e-001  4.993e-003 
 66 1   3.421e-003  8.042e-004  8.433e-001  2.982e-003   1.568e-001  5.779e-003 
 67 1   3.816e-003  8.485e-004  8.387e-001  3.262e-003   1.614e-001  6.690e-003 
 68 1   4.262e-003  9.027e-004  8.340e-001  3.569e-003   1.661e-001  7.742e-003 
 69 1   4.768e-003  9.686e-004  8.293e-001  3.904e-003   1.708e-001  8.958e-003 
 70 1   5.340e-003  1.048e-003  8.245e-001  4.271e-003   1.755e-001  1.036e-002 
 71 1   5.991e-003  1.141e-003  8.197e-001  4.671e-003   1.804e-001  1.199e-002 
 72 1   6.729e-003  1.249e-003  8.150e-001  5.109e-003   1.852e-001  1.386e-002 
 73 1   7.569e-003  1.372e-003  8.102e-001  5.587e-003   1.899e-001  1.602e-002 
 74 1   8.525e-003  1.509e-003  8.054e-001  6.110e-003   1.947e-001  1.851e-002 
 75 1   9.612e-003  1.660e-003  8.008e-001  6.681e-003   1.993e-001  2.138e-002 
 76 1   1.085e-002  1.825e-003  7.962e-001  7.304e-003   2.039e-001  2.469e-002 
 77 1   1.226e-002  2.002e-003  7.918e-001  7.985e-003   2.083e-001  2.849e-002 
 78 1   1.386e-002  2.192e-003  7.875e-001  8.729e-003   2.126e-001  3.285e-002 
 79 1   1.568e-002  2.398e-003  7.835e-001  9.541e-003   2.166e-001  3.786e-002 
 80 1   1.774e-002  2.624e-003  7.798e-001  1.043e-002   2.203e-001  4.359e-002 
 81 1   2.007e-002  2.878e-003  7.764e-001  1.139e-002   2.237e-001  5.015e-002 
 82 1   2.270e-002  3.173e-003  7.734e-001  1.245e-002   2.267e-001  5.764e-002 
 83 1   2.565e-002  3.527e-003  7.709e-001  1.360e-002   2.292e-001  6.616e-002 
 84 1   2.896e-002  3.961e-003  7.689e-001  1.485e-002   2.312e-001  7.585e-002 
 85 1   3.264e-002  4.497e-003  7.675e-001  1.622e-002   2.326e-001  8.681e-002 
 86 1   3.672e-002  5.155e-003  7.669e-001  1.771e-002   2.333e-001  9.920e-002 
 87 1   4.121e-002  5.952e-003  7.669e-001  1.934e-002   2.332e-001  1.131e-001 
 88 1   4.611e-002  6.894e-003  7.678e-001  2.111e-002   2.323e-001  1.287e-001 
 89 1   5.142e-002  7.985e-003  7.696e-001  2.303e-002   2.306e-001  1.461e-001 
 90 1   5.712e-002  9.220e-003  7.722e-001  2.513e-002   2.280e-001  1.654e-001 
