# SEFgali.txt
#IMaCh version 0.99r45, April 2023,INED-EUROREVES-Institut de longevite-Japan Society for the Promotion of Science (Grant-in-Aid for Scientific Research 25293121), Intel Software 2015-2020, Nihon University 2021-202, INED 2000-2022
#$Revision: 1.353 $ $Date: 2023/05/08 18:48:22 $
# Tue Feb 04 20:24:32 2025
#One-step probabilities and stand. devi in ()
# Age p1-1 (SE) p1-2 (SE) p1-3 (SE) p2-1 (SE) p2-2 (SE) p2-3 (SE)
50  9.797e-001 ( 4.233e-003)  1.959e-002 ( 4.349e-003)  7.038e-004 ( 5.274e-004)  1.707e-001 ( 3.155e-002)  8.288e-001 ( 3.155e-002)  5.510e-004 ( 6.316e-004) 
51  9.790e-001 ( 4.170e-003)  2.019e-002 ( 4.286e-003)  7.704e-004 ( 5.550e-004)  1.695e-001 ( 3.015e-002)  8.298e-001 ( 3.015e-002)  6.384e-004 ( 7.106e-004) 
52  9.784e-001 ( 4.103e-003)  2.080e-002 ( 4.217e-003)  8.434e-004 ( 5.832e-004)  1.684e-001 ( 2.878e-002)  8.309e-001 ( 2.879e-002)  7.396e-004 ( 7.988e-004) 
53  9.776e-001 ( 4.032e-003)  2.143e-002 ( 4.142e-003)  9.232e-004 ( 6.118e-004)  1.672e-001 ( 2.745e-002)  8.319e-001 ( 2.745e-002)  8.569e-004 ( 8.971e-004) 
54  9.769e-001 ( 3.957e-003)  2.208e-002 ( 4.063e-003)  1.011e-003 ( 6.408e-004)  1.661e-001 ( 2.615e-002)  8.329e-001 ( 2.615e-002)  9.927e-004 ( 1.007e-003) 
55  9.761e-001 ( 3.879e-003)  2.274e-002 ( 3.978e-003)  1.106e-003 ( 6.701e-004)  1.650e-001 ( 2.489e-002)  8.339e-001 ( 2.489e-002)  1.150e-003 ( 1.128e-003) 
56  9.754e-001 ( 3.799e-003)  2.343e-002 ( 3.889e-003)  1.211e-003 ( 6.994e-004)  1.639e-001 ( 2.366e-002)  8.348e-001 ( 2.367e-002)  1.332e-003 ( 1.263e-003) 
57  9.745e-001 ( 3.717e-003)  2.414e-002 ( 3.796e-003)  1.325e-003 ( 7.287e-004)  1.627e-001 ( 2.249e-002)  8.357e-001 ( 2.250e-002)  1.543e-003 ( 1.412e-003) 
58  9.737e-001 ( 3.634e-003)  2.487e-002 ( 3.701e-003)  1.450e-003 ( 7.576e-004)  1.616e-001 ( 2.135e-002)  8.366e-001 ( 2.137e-002)  1.788e-003 ( 1.577e-003) 
59  9.728e-001 ( 3.552e-003)  2.562e-002 ( 3.604e-003)  1.587e-003 ( 7.862e-004)  1.605e-001 ( 2.028e-002)  8.374e-001 ( 2.030e-002)  2.070e-003 ( 1.759e-003) 
60  9.719e-001 ( 3.473e-003)  2.639e-002 ( 3.507e-003)  1.737e-003 ( 8.141e-004)  1.594e-001 ( 1.926e-002)  8.382e-001 ( 1.929e-002)  2.398e-003 ( 1.959e-003) 
61  9.709e-001 ( 3.398e-003)  2.718e-002 ( 3.412e-003)  1.901e-003 ( 8.412e-004)  1.582e-001 ( 1.830e-002)  8.390e-001 ( 1.835e-002)  2.777e-003 ( 2.178e-003) 
62  9.699e-001 ( 3.331e-003)  2.800e-002 ( 3.322e-003)  2.080e-003 ( 8.675e-004)  1.571e-001 ( 1.741e-002)  8.397e-001 ( 1.748e-002)  3.216e-003 ( 2.418e-003) 
63  9.689e-001 ( 3.272e-003)  2.883e-002 ( 3.240e-003)  2.276e-003 ( 8.930e-004)  1.560e-001 ( 1.661e-002)  8.403e-001 ( 1.669e-002)  3.724e-003 ( 2.680e-003) 
64  9.678e-001 ( 3.226e-003)  2.970e-002 ( 3.170e-003)  2.491e-003 ( 9.179e-004)  1.548e-001 ( 1.589e-002)  8.409e-001 ( 1.600e-002)  4.312e-003 ( 2.963e-003) 
65  9.667e-001 ( 3.196e-003)  3.058e-002 ( 3.118e-003)  2.725e-003 ( 9.424e-004)  1.537e-001 ( 1.526e-002)  8.413e-001 ( 1.541e-002)  4.993e-003 ( 3.271e-003) 
66  9.655e-001 ( 3.185e-003)  3.150e-002 ( 3.088e-003)  2.982e-003 ( 9.673e-004)  1.525e-001 ( 1.474e-002)  8.417e-001 ( 1.493e-002)  5.779e-003 ( 3.601e-003) 
67  9.643e-001 ( 3.195e-003)  3.243e-002 ( 3.086e-003)  3.262e-003 ( 9.939e-004)  1.514e-001 ( 1.433e-002)  8.419e-001 ( 1.457e-002)  6.690e-003 ( 3.956e-003) 
68  9.630e-001 ( 3.231e-003)  3.340e-002 ( 3.118e-003)  3.569e-003 ( 1.024e-003)  1.502e-001 ( 1.403e-002)  8.421e-001 ( 1.434e-002)  7.742e-003 ( 4.335e-003) 
69  9.617e-001 ( 3.294e-003)  3.439e-002 ( 3.189e-003)  3.904e-003 ( 1.059e-003)  1.490e-001 ( 1.384e-002)  8.421e-001 ( 1.423e-002)  8.958e-003 ( 4.736e-003) 
70  9.603e-001 ( 3.387e-003)  3.540e-002 ( 3.303e-003)  4.271e-003 ( 1.105e-003)  1.478e-001 ( 1.377e-002)  8.419e-001 ( 1.425e-002)  1.036e-002 ( 5.159e-003) 
71  9.589e-001 ( 3.510e-003)  3.645e-002 ( 3.463e-003)  4.671e-003 ( 1.164e-003)  1.465e-001 ( 1.382e-002)  8.415e-001 ( 1.440e-002)  1.199e-002 ( 5.603e-003) 
72  9.574e-001 ( 3.665e-003)  3.752e-002 ( 3.671e-003)  5.109e-003 ( 1.242e-003)  1.453e-001 ( 1.397e-002)  8.409e-001 ( 1.466e-002)  1.386e-002 ( 6.064e-003) 
73  9.558e-001 ( 3.850e-003)  3.862e-002 ( 3.926e-003)  5.587e-003 ( 1.346e-003)  1.440e-001 ( 1.421e-002)  8.400e-001 ( 1.502e-002)  1.602e-002 ( 6.540e-003) 
74  9.541e-001 ( 4.066e-003)  3.975e-002 ( 4.227e-003)  6.110e-003 ( 1.482e-003)  1.426e-001 ( 1.454e-002)  8.389e-001 ( 1.549e-002)  1.851e-002 ( 7.030e-003) 
75  9.524e-001 ( 4.313e-003)  4.091e-002 ( 4.575e-003)  6.681e-003 ( 1.657e-003)  1.412e-001 ( 1.495e-002)  8.374e-001 ( 1.603e-002)  2.138e-002 ( 7.531e-003) 
76  9.506e-001 ( 4.589e-003)  4.210e-002 ( 4.967e-003)  7.304e-003 ( 1.878e-003)  1.398e-001 ( 1.542e-002)  8.355e-001 ( 1.664e-002)  2.469e-002 ( 8.045e-003) 
77  9.487e-001 ( 4.896e-003)  4.332e-002 ( 5.402e-003)  7.985e-003 ( 2.151e-003)  1.383e-001 ( 1.593e-002)  8.332e-001 ( 1.732e-002)  2.849e-002 ( 8.576e-003) 
78  9.467e-001 ( 5.233e-003)  4.458e-002 ( 5.879e-003)  8.729e-003 ( 2.482e-003)  1.367e-001 ( 1.648e-002)  8.304e-001 ( 1.806e-002)  3.285e-002 ( 9.136e-003) 
79  9.446e-001 ( 5.601e-003)  4.586e-002 ( 6.398e-003)  9.541e-003 ( 2.879e-003)  1.351e-001 ( 1.706e-002)  8.270e-001 ( 1.885e-002)  3.786e-002 ( 9.748e-003) 
80  9.424e-001 ( 6.003e-003)  4.717e-002 ( 6.957e-003)  1.043e-002 ( 3.347e-003)  1.334e-001 ( 1.765e-002)  8.230e-001 ( 1.971e-002)  4.359e-002 ( 1.045e-002) 
81  9.401e-001 ( 6.441e-003)  4.852e-002 ( 7.556e-003)  1.139e-002 ( 3.895e-003)  1.316e-001 ( 1.824e-002)  8.183e-001 ( 2.065e-002)  5.015e-002 ( 1.130e-002) 
82  9.377e-001 ( 6.921e-003)  4.990e-002 ( 8.196e-003)  1.245e-002 ( 4.531e-003)  1.296e-001 ( 1.883e-002)  8.127e-001 ( 2.171e-002)  5.764e-002 ( 1.239e-002) 
83  9.351e-001 ( 7.446e-003)  5.130e-002 ( 8.876e-003)  1.360e-002 ( 5.266e-003)  1.276e-001 ( 1.941e-002)  8.063e-001 ( 2.294e-002)  6.616e-002 ( 1.383e-002) 
84  9.324e-001 ( 8.025e-003)  5.275e-002 ( 9.598e-003)  1.485e-002 ( 6.109e-003)  1.254e-001 ( 1.997e-002)  7.988e-001 ( 2.443e-002)  7.585e-002 ( 1.573e-002) 
85  9.296e-001 ( 8.666e-003)  5.422e-002 ( 1.036e-002)  1.622e-002 ( 7.072e-003)  1.230e-001 ( 2.049e-002)  7.901e-001 ( 2.626e-002)  8.681e-002 ( 1.824e-002) 
86  9.266e-001 ( 9.381e-003)  5.572e-002 ( 1.117e-002)  1.771e-002 ( 8.170e-003)  1.205e-001 ( 2.099e-002)  7.803e-001 ( 2.856e-002)  9.920e-002 ( 2.148e-002) 
87  9.234e-001 ( 1.018e-002)  5.726e-002 ( 1.202e-002)  1.934e-002 ( 9.415e-003)  1.179e-001 ( 2.145e-002)  7.690e-001 ( 3.147e-002)  1.131e-001 ( 2.556e-002) 
88  9.201e-001 ( 1.108e-002)  5.882e-002 ( 1.291e-002)  2.111e-002 ( 1.082e-002)  1.150e-001 ( 2.188e-002)  7.563e-001 ( 3.511e-002)  1.287e-001 ( 3.057e-002) 
89  9.165e-001 ( 1.210e-002)  6.042e-002 ( 1.385e-002)  2.303e-002 ( 1.242e-002)  1.119e-001 ( 2.227e-002)  7.420e-001 ( 3.959e-002)  1.461e-001 ( 3.659e-002) 
90  9.128e-001 ( 1.326e-002)  6.204e-002 ( 1.484e-002)  2.513e-002 ( 1.421e-002)  1.086e-001 ( 2.263e-002)  7.259e-001 ( 4.501e-002)  1.654e-001 ( 4.364e-002) 