# SEFgali.txt
#IMaCh version 0.99r45, April 2023,INED-EUROREVES-Institut de longevite-Japan Society for the Promotion of Science (Grant-in-Aid for Scientific Research 25293121), Intel Software 2015-2020, Nihon University 2021-202, INED 2000-2022
#$Revision: 1.353 $ $Date: 2023/05/08 18:48:22 $
# Tue Feb 04 20:24:32 2025
#One-step probabilities and correlation matrix
# Age p1-1  p1-2  p1-3  p2-1  p2-2  p2-3 
50  9.797e-001  1.959e-002  7.038e-004  1.707e-001  8.288e-001  5.510e-004 
50 1-1  1.000e+000
50 1-2 -9.928e-001  1.000e+000
50 1-3  1.607e-001 -2.777e-001  1.000e+000
50 2-1 -2.926e-001  2.853e-001 -3.877e-003  1.000e+000
50 2-2  2.951e-001 -2.886e-001  1.198e-002 -9.998e-001  1.000e+000
50 2-3 -1.236e-001  1.694e-001 -4.047e-001 -6.824e-003 -1.320e-002  1.000e+000
51  9.790e-001  2.019e-002  7.704e-004  1.695e-001  8.298e-001  6.384e-004 
51 1-1  1.000e+000
51 1-2 -9.918e-001  1.000e+000
51 1-3  1.441e-001 -2.698e-001  1.000e+000
51 2-1 -2.932e-001  2.856e-001 -2.743e-003  1.000e+000
51 2-2  2.959e-001 -2.895e-001  1.226e-002 -9.997e-001  1.000e+000
51 2-3 -1.172e-001  1.664e-001 -4.036e-001 -8.263e-003 -1.530e-002  1.000e+000
52  9.784e-001  2.080e-002  8.434e-004  1.684e-001  8.309e-001  7.396e-004 
52 1-1  1.000e+000
52 1-2 -9.905e-001  1.000e+000
52 1-3  1.262e-001 -2.611e-001  1.000e+000
52 2-1 -2.938e-001  2.861e-001 -1.485e-003  1.000e+000
52 2-2  2.968e-001 -2.906e-001  1.265e-002 -9.996e-001  1.000e+000
52 2-3 -1.104e-001  1.631e-001 -4.025e-001 -9.894e-003 -1.786e-002  1.000e+000
53  9.776e-001  2.143e-002  9.232e-004  1.672e-001  8.319e-001  8.569e-004 
53 1-1  1.000e+000
53 1-2 -9.892e-001  1.000e+000
53 1-3  1.068e-001 -2.517e-001  1.000e+000
53 2-1 -2.944e-001  2.866e-001 -8.815e-005  1.000e+000
53 2-2  2.978e-001 -2.918e-001  1.320e-002 -9.995e-001  1.000e+000
53 2-3 -1.030e-001  1.596e-001 -4.013e-001 -1.174e-002 -2.094e-002  1.000e+000
54  9.769e-001  2.208e-002  1.011e-003  1.661e-001  8.329e-001  9.927e-004 
54 1-1  1.000e+000
54 1-2 -9.876e-001  1.000e+000
54 1-3  8.586e-002 -2.414e-001  1.000e+000
54 2-1 -2.951e-001  2.872e-001  1.464e-003  1.000e+000
54 2-2  2.987e-001 -2.932e-001  1.393e-002 -9.993e-001  1.000e+000
54 2-3 -9.509e-002  1.557e-001 -4.000e-001 -1.383e-002 -2.465e-002  1.000e+000
55  9.761e-001  2.274e-002  1.106e-003  1.650e-001  8.339e-001  1.150e-003 
55 1-1  1.000e+000
55 1-2 -9.858e-001  1.000e+000
55 1-3  6.324e-002 -2.301e-001  1.000e+000
55 2-1 -2.959e-001  2.880e-001  3.191e-003  1.000e+000
55 2-2  2.997e-001 -2.948e-001  1.488e-002 -9.990e-001  1.000e+000
55 2-3 -8.652e-002  1.515e-001 -3.987e-001 -1.620e-002 -2.912e-002  1.000e+000
56  9.754e-001  2.343e-002  1.211e-003  1.639e-001  8.348e-001  1.332e-003 
56 1-1  1.000e+000
56 1-2 -9.837e-001  1.000e+000
56 1-3  3.887e-002 -2.178e-001  1.000e+000
56 2-1 -2.967e-001  2.888e-001  5.110e-003  1.000e+000
56 2-2  3.007e-001 -2.966e-001  1.608e-002 -9.986e-001  1.000e+000
56 2-3 -7.728e-002  1.469e-001 -3.972e-001 -1.888e-002 -3.448e-002  1.000e+000
57  9.745e-001  2.414e-002  1.325e-003  1.627e-001  8.357e-001  1.543e-003 
57 1-1  1.000e+000
57 1-2 -9.814e-001  1.000e+000
57 1-3  1.272e-002 -2.044e-001  1.000e+000
57 2-1 -2.975e-001  2.899e-001  7.241e-003  1.000e+000
57 2-2  3.016e-001 -2.986e-001  1.759e-002 -9.980e-001  1.000e+000
57 2-3 -6.734e-002  1.418e-001 -3.955e-001 -2.190e-002 -4.088e-002  1.000e+000
58  9.737e-001  2.487e-002  1.450e-003  1.616e-001  8.366e-001  1.788e-003 
58 1-1  1.000e+000
58 1-2 -9.788e-001  1.000e+000
58 1-3 -1.520e-002 -1.898e-001  1.000e+000
58 2-1 -2.985e-001  2.911e-001  9.601e-003  1.000e+000
58 2-2  3.024e-001 -3.009e-001  1.946e-002 -9.973e-001  1.000e+000
58 2-3 -5.667e-002  1.363e-001 -3.937e-001 -2.531e-002 -4.851e-002  1.000e+000
59  9.728e-001  2.562e-002  1.587e-003  1.605e-001  8.374e-001  2.070e-003 
59 1-1  1.000e+000
59 1-2 -9.760e-001  1.000e+000
59 1-3 -4.481e-002 -1.740e-001  1.000e+000
59 2-1 -2.995e-001  2.926e-001  1.221e-002  1.000e+000
59 2-2  3.031e-001 -3.035e-001  2.175e-002 -9.962e-001  1.000e+000
59 2-3 -4.528e-002  1.301e-001 -3.917e-001 -2.913e-002 -5.755e-002  1.000e+000
60  9.719e-001  2.639e-002  1.737e-003  1.594e-001  8.382e-001  2.398e-003 
60 1-1  1.000e+000
60 1-2 -9.728e-001  1.000e+000
60 1-3 -7.587e-002 -1.570e-001  1.000e+000
60 2-1 -3.007e-001  2.943e-001  1.506e-002  1.000e+000
60 2-2  3.035e-001 -3.063e-001  2.452e-002 -9.948e-001  1.000e+000
60 2-3 -3.318e-002  1.233e-001 -3.895e-001 -3.341e-002 -6.821e-002  1.000e+000
61  9.709e-001  2.718e-002  1.901e-003  1.582e-001  8.390e-001  2.777e-003 
61 1-1  1.000e+000
61 1-2 -9.695e-001  1.000e+000
61 1-3 -1.080e-001 -1.390e-001  1.000e+000
61 2-1 -3.020e-001  2.964e-001  1.817e-002  1.000e+000
61 2-2  3.037e-001 -3.094e-001  2.783e-002 -9.929e-001  1.000e+000
61 2-3 -2.044e-002  1.158e-001 -3.870e-001 -3.815e-002 -8.068e-002  1.000e+000
62  9.699e-001  2.800e-002  2.080e-003  1.571e-001  8.397e-001  3.216e-003 
62 1-1  1.000e+000
62 1-2 -9.660e-001  1.000e+000
62 1-3 -1.405e-001 -1.203e-001  1.000e+000
62 2-1 -3.035e-001  2.987e-001  2.150e-002  1.000e+000
62 2-2  3.034e-001 -3.125e-001  3.173e-002 -9.904e-001  1.000e+000
62 2-3 -7.186e-003  1.075e-001 -3.842e-001 -4.338e-002 -9.514e-002  1.000e+000
63  9.689e-001  2.883e-002  2.276e-003  1.560e-001  8.403e-001  3.724e-003 
63 1-1  1.000e+000
63 1-2 -9.624e-001  1.000e+000
63 1-3 -1.725e-001 -1.015e-001  1.000e+000
63 2-1 -3.052e-001  3.014e-001  2.501e-002  1.000e+000
63 2-2  3.026e-001 -3.156e-001  3.625e-002 -9.871e-001  1.000e+000
63 2-3  6.375e-003  9.853e-002 -3.808e-001 -4.907e-002 -1.117e-001  1.000e+000
64  9.678e-001  2.970e-002  2.491e-003  1.548e-001  8.409e-001  4.312e-003 
64 1-1  1.000e+000
64 1-2 -9.590e-001  1.000e+000
64 1-3 -2.026e-001 -8.335e-002  1.000e+000
64 2-1 -3.071e-001  3.043e-001  2.862e-002  1.000e+000
64 2-2  3.013e-001 -3.186e-001  4.140e-002 -9.828e-001  1.000e+000
64 2-3  1.995e-002  8.882e-002 -3.769e-001 -5.517e-002 -1.304e-001  1.000e+000
65  9.667e-001  3.058e-002  2.725e-003  1.537e-001  8.413e-001  4.993e-003 
65 1-1  1.000e+000
65 1-2 -9.557e-001  1.000e+000
65 1-3 -2.292e-001 -6.734e-002  1.000e+000
65 2-1 -3.093e-001  3.073e-001  3.219e-002  1.000e+000
65 2-2  2.993e-001 -3.210e-001  4.713e-002 -9.773e-001  1.000e+000
65 2-3  3.315e-002  7.855e-002 -3.723e-001 -6.159e-002 -1.512e-001  1.000e+000
66  9.655e-001  3.150e-002  2.982e-003  1.525e-001  8.417e-001  5.779e-003 
66 1-1  1.000e+000
66 1-2 -9.529e-001  1.000e+000
66 1-3 -2.502e-001 -5.525e-002  1.000e+000
66 2-1 -3.118e-001  3.104e-001  3.556e-002  1.000e+000
66 2-2  2.968e-001 -3.228e-001  5.335e-002 -9.706e-001  1.000e+000
66 2-3  4.547e-002  6.800e-002 -3.668e-001 -6.821e-002 -1.739e-001  1.000e+000
67  9.643e-001  3.243e-002  3.262e-003  1.514e-001  8.419e-001  6.690e-003 
67 1-1  1.000e+000
67 1-2 -9.505e-001  1.000e+000
67 1-3 -2.634e-001 -4.930e-002  1.000e+000
67 2-1 -3.145e-001  3.132e-001  3.849e-002  1.000e+000
67 2-2  2.938e-001 -3.235e-001  5.991e-002 -9.627e-001  1.000e+000
67 2-3  5.637e-002  5.759e-002 -3.601e-001 -7.483e-002 -1.979e-001  1.000e+000
68  9.630e-001  3.340e-002  3.569e-003  1.502e-001  8.421e-001  7.742e-003 
68 1-1  1.000e+000
68 1-2 -9.486e-001  1.000e+000
68 1-3 -2.667e-001 -5.190e-002  1.000e+000
68 2-1 -3.174e-001  3.155e-001  4.070e-002  1.000e+000
68 2-2  2.907e-001 -3.231e-001  6.658e-002 -9.535e-001  1.000e+000
68 2-3  6.526e-002  4.792e-002 -3.519e-001 -8.123e-002 -2.228e-001  1.000e+000
69  9.617e-001  3.439e-002  3.904e-003  1.490e-001  8.421e-001  8.958e-003 
69 1-1  1.000e+000
69 1-2 -9.471e-001  1.000e+000
69 1-3 -2.585e-001 -6.518e-002  1.000e+000
69 2-1 -3.204e-001  3.171e-001  4.192e-002  1.000e+000
69 2-2  2.878e-001 -3.215e-001  7.311e-002 -9.435e-001  1.000e+000
69 2-3  7.161e-002  3.971e-002 -3.422e-001 -8.718e-002 -2.480e-001  1.000e+000
70  9.603e-001  3.540e-002  4.271e-003  1.478e-001  8.419e-001  1.036e-002 
70 1-1  1.000e+000
70 1-2 -9.458e-001  1.000e+000
70 1-3 -2.380e-001 -9.039e-002  1.000e+000
70 2-1 -3.235e-001  3.176e-001  4.189e-002  1.000e+000
70 2-2  2.854e-001 -3.191e-001  7.926e-002 -9.328e-001  1.000e+000
70 2-3  7.498e-002  3.373e-002 -3.308e-001 -9.246e-002 -2.726e-001  1.000e+000
71  9.589e-001  3.645e-002  4.671e-003  1.465e-001  8.415e-001  1.199e-002 
71 1-1  1.000e+000
71 1-2 -9.444e-001  1.000e+000
71 1-3 -2.059e-001 -1.273e-001  1.000e+000
71 2-1 -3.264e-001  3.172e-001  4.045e-002  1.000e+000
71 2-2  2.840e-001 -3.164e-001  8.487e-002 -9.220e-001  1.000e+000
71 2-3  7.508e-002  3.070e-002 -3.179e-001 -9.685e-002 -2.962e-001  1.000e+000
72  9.574e-001  3.752e-002  5.109e-003  1.453e-001  8.409e-001  1.386e-002 
72 1-1  1.000e+000
72 1-2 -9.427e-001  1.000e+000
72 1-3 -1.646e-001 -1.740e-001  1.000e+000
72 2-1 -3.291e-001  3.158e-001  3.765e-002  1.000e+000
72 2-2  2.839e-001 -3.139e-001  8.995e-002 -9.114e-001  1.000e+000
72 2-3  7.180e-002  3.122e-002 -3.042e-001 -1.002e-001 -3.182e-001  1.000e+000
73  9.558e-001  3.862e-002  5.587e-003  1.440e-001  8.400e-001  1.602e-002 
73 1-1  1.000e+000
73 1-2 -9.403e-001  1.000e+000
73 1-3 -1.181e-001 -2.270e-001  1.000e+000
73 2-1 -3.315e-001  3.136e-001  3.371e-002  1.000e+000
73 2-2  2.853e-001 -3.123e-001  9.473e-002 -9.014e-001  1.000e+000
73 2-3  6.518e-002  3.579e-002 -2.908e-001 -1.025e-001 -3.384e-001  1.000e+000
74  9.541e-001  3.975e-002  6.110e-003  1.426e-001  8.389e-001  1.851e-002 
74 1-1  1.000e+000
74 1-2 -9.369e-001  1.000e+000
74 1-3 -7.135e-002 -2.819e-001  1.000e+000
74 2-1 -3.336e-001  3.107e-001  2.905e-002  1.000e+000
74 2-2  2.882e-001 -3.121e-001  9.970e-002 -8.922e-001  1.000e+000
74 2-3  5.538e-002  4.479e-002 -2.797e-001 -1.036e-001 -3.567e-001  1.000e+000
75  9.524e-001  4.091e-002  6.681e-003  1.412e-001  8.374e-001  2.138e-002 
75 1-1  1.000e+000
75 1-2 -9.321e-001  1.000e+000
75 1-3 -2.915e-002 -3.348e-001  1.000e+000
75 2-1 -3.352e-001  3.072e-001  2.423e-002  1.000e+000
75 2-2  2.926e-001 -3.140e-001  1.056e-001 -8.841e-001  1.000e+000
75 2-3  4.271e-002  5.856e-002 -2.728e-001 -1.035e-001 -3.734e-001  1.000e+000
76  9.506e-001  4.210e-002  7.304e-003  1.398e-001  8.355e-001  2.469e-002 
76 1-1  1.000e+000
76 1-2 -9.258e-001  1.000e+000
76 1-3  4.687e-003 -3.825e-001  1.000e+000
76 2-1 -3.363e-001  3.033e-001  1.980e-002  1.000e+000
76 2-2  2.982e-001 -3.183e-001  1.132e-001 -8.768e-001  1.000e+000
76 2-3  2.760e-002  7.741e-002 -2.722e-001 -1.022e-001 -3.887e-001  1.000e+000
77  9.487e-001  4.332e-002  7.985e-003  1.383e-001  8.332e-001  2.849e-002 
77 1-1  1.000e+000
77 1-2 -9.174e-001  1.000e+000
77 1-3  2.781e-002 -4.234e-001  1.000e+000
77 2-1 -3.369e-001  2.989e-001  1.620e-002  1.000e+000
77 2-2  3.046e-001 -3.252e-001  1.235e-001 -8.702e-001  1.000e+000
77 2-3  1.060e-002  1.017e-001 -2.795e-001 -9.992e-002 -4.032e-001  1.000e+000
78  9.467e-001  4.458e-002  8.729e-003  1.367e-001  8.304e-001  3.285e-002 
78 1-1  1.000e+000
78 1-2 -9.066e-001  1.000e+000
78 1-3  3.931e-002 -4.572e-001  1.000e+000
78 2-1 -3.370e-001  2.941e-001  1.378e-002  1.000e+000
78 2-2  3.114e-001 -3.351e-001  1.371e-001 -8.639e-001  1.000e+000
78 2-3 -7.454e-003  1.315e-001 -2.958e-001 -9.659e-002 -4.178e-001  1.000e+000
79  9.446e-001  4.586e-002  9.541e-003  1.351e-001  8.270e-001  3.786e-002 
79 1-1  1.000e+000
79 1-2 -8.932e-001  1.000e+000
79 1-3  3.936e-002 -4.844e-001  1.000e+000
79 2-1 -3.366e-001  2.890e-001  1.274e-002  1.000e+000
79 2-2  3.178e-001 -3.479e-001  1.548e-001 -8.572e-001  1.000e+000
79 2-3 -2.543e-002  1.670e-001 -3.216e-001 -9.243e-002 -4.335e-001  1.000e+000
80  9.424e-001  4.717e-002  1.043e-002  1.334e-001  8.230e-001  4.359e-002 
80 1-1  1.000e+000
80 1-2 -8.768e-001  1.000e+000
80 1-3  2.875e-002 -5.059e-001  1.000e+000
80 2-1 -3.357e-001  2.833e-001  1.320e-002  1.000e+000
80 2-2  3.228e-001 -3.637e-001  1.771e-001 -8.491e-001  1.000e+000
80 2-3 -4.175e-002  2.074e-001 -3.563e-001 -8.775e-002 -4.517e-001  1.000e+000
81  9.401e-001  4.852e-002  1.139e-002  1.316e-001  8.183e-001  5.015e-002 
81 1-1  1.000e+000
81 1-2 -8.569e-001  1.000e+000
81 1-3  8.569e-003 -5.228e-001  1.000e+000
81 2-1 -3.342e-001  2.771e-001  1.526e-002  1.000e+000
81 2-2  3.251e-001 -3.824e-001  2.043e-001 -8.381e-001  1.000e+000
81 2-3 -5.435e-002  2.514e-001 -3.979e-001 -8.308e-002 -4.740e-001  1.000e+000
82  9.377e-001  4.990e-002  1.245e-002  1.296e-001  8.127e-001  5.764e-002 
82 1-1  1.000e+000
82 1-2 -8.333e-001  1.000e+000
82 1-3 -2.002e-002 -5.360e-001  1.000e+000
82 2-1 -3.323e-001  2.701e-001  1.898e-002  1.000e+000
82 2-2  3.231e-001 -4.035e-001  2.364e-001 -8.223e-001  1.000e+000
82 2-3 -6.093e-002  2.964e-001 -4.430e-001 -7.925e-002 -5.021e-001  1.000e+000
83  9.351e-001  5.130e-002  1.360e-002  1.276e-001  8.063e-001  6.616e-002 
83 1-1  1.000e+000
83 1-2 -8.057e-001  1.000e+000
83 1-3 -5.586e-002 -5.464e-001  1.000e+000
83 2-1 -3.301e-001  2.624e-001  2.441e-002  1.000e+000
83 2-2  3.151e-001 -4.262e-001  2.729e-001 -7.994e-001  1.000e+000
83 2-3 -5.943e-002  3.388e-001 -4.872e-001 -7.738e-002 -5.372e-001  1.000e+000
84  9.324e-001  5.275e-002  1.485e-002  1.254e-001  7.988e-001  7.585e-002 
84 1-1  1.000e+000
84 1-2 -7.738e-001  1.000e+000
84 1-3 -9.783e-002 -5.547e-001  1.000e+000
84 2-1 -3.275e-001  2.537e-001  3.165e-002  1.000e+000
84 2-2  2.991e-001 -4.491e-001  3.128e-001 -7.667e-001  1.000e+000
84 2-3 -4.873e-002  3.754e-001 -5.258e-001 -7.873e-002 -5.797e-001  1.000e+000
85  9.296e-001  5.422e-002  1.622e-002  1.230e-001  7.901e-001  8.681e-002 
85 1-1  1.000e+000
85 1-2 -7.375e-001  1.000e+000
85 1-3 -1.448e-001 -5.614e-001  1.000e+000
85 2-1 -3.248e-001  2.438e-001  4.078e-002  1.000e+000
85 2-2  2.737e-001 -4.707e-001  3.543e-001 -7.218e-001  1.000e+000
85 2-3 -2.907e-002  4.037e-001 -5.558e-001 -8.449e-002 -6.287e-001  1.000e+000
86  9.266e-001  5.572e-002  1.771e-002  1.205e-001  7.803e-001  9.920e-002 
86 1-1  1.000e+000
86 1-2 -6.967e-001  1.000e+000
86 1-3 -1.958e-001 -5.670e-001  1.000e+000
86 2-1 -3.222e-001  2.326e-001  5.191e-002  1.000e+000
86 2-2  2.382e-001 -4.891e-001  3.950e-001 -6.631e-001  1.000e+000
86 2-3 -1.978e-003  4.230e-001 -5.760e-001 -9.552e-002 -6.818e-001  1.000e+000
87  9.234e-001  5.726e-002  1.934e-002  1.179e-001  7.690e-001  1.131e-001 
87 1-1  1.000e+000
87 1-2 -6.516e-001  1.000e+000
87 1-3 -2.497e-001 -5.719e-001  1.000e+000
87 2-1 -3.198e-001  2.199e-001  6.514e-002  1.000e+000
87 2-2  1.934e-001 -5.028e-001  4.327e-001 -5.905e-001  1.000e+000
87 2-3  3.037e-002  4.344e-001 -5.874e-001 -1.123e-001 -7.356e-001  1.000e+000
88  9.201e-001  5.882e-002  2.111e-002  1.150e-001  7.563e-001  1.287e-001 
88 1-1  1.000e+000
88 1-2 -6.023e-001  1.000e+000
88 1-3 -3.053e-001 -5.763e-001  1.000e+000
88 2-1 -3.181e-001  2.055e-001  8.055e-002  1.000e+000
88 2-2  1.410e-001 -5.109e-001  4.652e-001 -5.056e-001  1.000e+000
88 2-3  6.578e-002  4.396e-001 -5.918e-001 -1.351e-001 -7.866e-001  1.000e+000
89  9.165e-001  6.042e-002  2.303e-002  1.119e-001  7.420e-001  1.461e-001 
89 1-1  1.000e+000
89 1-2 -5.495e-001  1.000e+000
89 1-3 -3.616e-001 -5.803e-001  1.000e+000
89 2-1 -3.173e-001  1.892e-001  9.817e-002  1.000e+000
89 2-2  8.386e-002 -5.135e-001  4.913e-001 -4.112e-001  1.000e+000
89 2-3  1.024e-001  4.406e-001 -5.914e-001 -1.638e-001 -8.319e-001  1.000e+000
90  9.128e-001  6.204e-002  2.513e-002  1.086e-001  7.259e-001  1.654e-001 
90 1-1  1.000e+000
90 1-2 -4.935e-001  1.000e+000
90 1-3 -4.175e-001 -5.843e-001  1.000e+000
90 2-1 -3.177e-001  1.708e-001  1.180e-001  1.000e+000
90 2-2  2.514e-002 -5.113e-001  5.108e-001 -3.108e-001  1.000e+000
90 2-3  1.388e-001  4.388e-001 -5.879e-001 -1.981e-001 -8.701e-001  1.000e+000