
#****** ******
# SEFgali.txt
#IMaCh version 0.99r45, April 2023,INED-EUROREVES-Institut de longevite-Japan Society for the Promotion of Science (Grant-in-Aid for Scientific Research 25293121), Intel Software 2015-2020, Nihon University 2021-202, INED 2000-2022
#$Revision: 1.353 $ $Date: 2023/05/08 18:48:22 $
# Tue Feb 04 20:24:32 2025
# Health expectancies with standard errors
# Age e11 (SE) e12 (SE) e1.  e21 (SE) e22 (SE) e2. 
 50   30.0836 (1.0210)    5.7862 (0.4928)   35.8698 (1.0728)   27.7125 (1.1432)    8.1700 (0.7005)   35.8826 (1.1043)
 51   29.2302 (1.0128)    5.6903 (0.4850)   34.9205 (1.0656)   26.8474 (1.1322)    8.0780 (0.6811)   34.9254 (1.1057)
 52   28.3831 (1.0048)    5.5918 (0.4780)   33.9749 (1.0589)   25.9879 (1.1223)    7.9825 (0.6629)   33.9704 (1.1084)
 53   27.5427 (0.9972)    5.4906 (0.4716)   33.0333 (1.0525)   25.1342 (1.1137)    7.8834 (0.6458)   33.0175 (1.1121)
 54   26.7093 (0.9899)    5.3867 (0.4660)   32.0960 (1.0466)   24.2864 (1.1061)    7.7804 (0.6300)   32.0669 (1.1169)
 55   25.8832 (0.9829)    5.2800 (0.4610)   31.1632 (1.0411)   23.4449 (1.0997)    7.6736 (0.6153)   31.1185 (1.1225)
 56   25.0647 (0.9762)    5.1707 (0.4565)   30.2354 (1.0361)   22.6098 (1.0943)    7.5628 (0.6019)   30.1726 (1.1290)
 57   24.2542 (0.9698)    5.0586 (0.4525)   29.3129 (1.0314)   21.7813 (1.0898)    7.4479 (0.5896)   29.2292 (1.1361)
 58   23.4522 (0.9637)    4.9439 (0.4489)   28.3961 (1.0271)   20.9596 (1.0860)    7.3287 (0.5785)   28.2883 (1.1435)
 59   22.6590 (0.9579)    4.8265 (0.4457)   27.4855 (1.0231)   20.1451 (1.0829)    7.2051 (0.5683)   27.3503 (1.1511)
 60   21.8750 (0.9522)    4.7065 (0.4426)   26.5815 (1.0194)   19.3381 (1.0801)    7.0771 (0.5591)   26.4152 (1.1584)
 61   21.1007 (0.9468)    4.5840 (0.4397)   25.6847 (1.0159)   18.5387 (1.0775)    6.9445 (0.5505)   25.4832 (1.1652)
 62   20.3366 (0.9416)    4.4590 (0.4368)   24.7956 (1.0125)   17.7474 (1.0748)    6.8071 (0.5426)   24.5545 (1.1711)
 63   19.5832 (0.9365)    4.3316 (0.4339)   23.9148 (1.0093)   16.9646 (1.0718)    6.6650 (0.5351)   23.6296 (1.1757)
 64   18.8410 (0.9315)    4.2020 (0.4307)   23.0430 (1.0060)   16.1906 (1.0680)    6.5180 (0.5278)   22.7086 (1.1785)
 65   18.1105 (0.9266)    4.0703 (0.4274)   22.1808 (1.0028)   15.4260 (1.0633)    6.3661 (0.5204)   21.7921 (1.1792)
 66   17.3924 (0.9217)    3.9366 (0.4236)   21.3290 (0.9995)   14.6713 (1.0573)    6.2091 (0.5128)   20.8805 (1.1774)
 67   16.6872 (0.9169)    3.8012 (0.4195)   20.4883 (0.9961)   13.9271 (1.0497)    6.0473 (0.5048)   19.9743 (1.1727)
 68   15.9954 (0.9121)    3.6642 (0.4150)   19.6596 (0.9927)   13.1939 (1.0403)    5.8804 (0.4961)   19.0744 (1.1648)
 69   15.3178 (0.9073)    3.5259 (0.4100)   18.8437 (0.9891)   12.4726 (1.0289)    5.7087 (0.4867)   18.1813 (1.1534)
 70   14.6549 (0.9025)    3.3866 (0.4045)   18.0416 (0.9855)   11.7640 (1.0152)    5.5322 (0.4763)   17.2962 (1.1383)
 71   14.0075 (0.8977)    3.2466 (0.3985)   17.2541 (0.9818)   11.0688 (0.9991)    5.3511 (0.4649)   16.4199 (1.1194)
 72   13.3760 (0.8930)    3.1062 (0.3920)   16.4822 (0.9782)   10.3880 (0.9805)    5.1657 (0.4524)   15.5537 (1.0968)
 73   12.7612 (0.8883)    2.9658 (0.3851)   15.7269 (0.9746)    9.7227 (0.9595)    4.9761 (0.4389)   14.6988 (1.0707)
 74   12.1635 (0.8838)    2.8257 (0.3779)   14.9892 (0.9713)    9.0738 (0.9361)    4.7829 (0.4245)   13.8567 (1.0415)
 75   11.5838 (0.8793)    2.6864 (0.3703)   14.2701 (0.9681)    8.4426 (0.9104)    4.5864 (0.4094)   13.0290 (1.0096)
 76   11.0223 (0.8750)    2.5482 (0.3625)   13.5705 (0.9653)    7.8302 (0.8828)    4.3871 (0.3939)   12.2174 (0.9757)
 77   10.4797 (0.8709)    2.4117 (0.3545)   12.8914 (0.9628)    7.2379 (0.8536)    4.1858 (0.3784)   11.4236 (0.9409)
 78    9.9564 (0.8671)    2.2773 (0.3464)   12.2336 (0.9608)    6.6667 (0.8230)    3.9830 (0.3634)   10.6497 (0.9059)
 79    9.4527 (0.8635)    2.1454 (0.3383)   11.5980 (0.9591)    6.1179 (0.7916)    3.7795 (0.3494)    9.8974 (0.8720)
 80    8.9689 (0.8602)    2.0164 (0.3303)   10.9853 (0.9579)    5.5927 (0.7596)    3.5761 (0.3371)    9.1689 (0.8402)
 81    8.5052 (0.8573)    1.8909 (0.3224)   10.3961 (0.9571)    5.0921 (0.7275)    3.3738 (0.3270)    8.4660 (0.8113)
 82    8.0617 (0.8548)    1.7693 (0.3146)    9.8310 (0.9567)    4.6171 (0.6957)    3.1735 (0.3194)    7.7906 (0.7861)
 83    7.6384 (0.8528)    1.6519 (0.3068)    9.2903 (0.9566)    4.1685 (0.6643)    2.9760 (0.3147)    7.1446 (0.7649)
 84    7.2351 (0.8512)    1.5391 (0.2992)    8.7742 (0.9570)    3.7469 (0.6336)    2.7825 (0.3126)    6.5294 (0.7475)
 85    6.8516 (0.8503)    1.4312 (0.2917)    8.2828 (0.9578)    3.3529 (0.6035)    2.5937 (0.3129)    5.9466 (0.7335)
 86    6.4876 (0.8499)    1.3284 (0.2842)    7.8160 (0.9589)    2.9865 (0.5741)    2.4107 (0.3149)    5.3972 (0.7219)
 87    6.1426 (0.8503)    1.2310 (0.2767)    7.3737 (0.9606)    2.6479 (0.5452)    2.2342 (0.3180)    4.8821 (0.7116)
 88    5.8161 (0.8514)    1.1392 (0.2693)    6.9553 (0.9628)    2.3367 (0.5166)    2.0651 (0.3214)    4.4017 (0.7014)
 89    5.5074 (0.8533)    1.0529 (0.2618)    6.5603 (0.9657)    2.0524 (0.4883)    1.9039 (0.3243)    3.9563 (0.6902)
 90    5.2158 (0.8561)    0.9723 (0.2544)    6.1881 (0.9693)    1.7944 (0.4600)    1.7513 (0.3262)    3.5456 (0.6772)
