
#****** ******
# SEFgali.txt
#IMaCh version 0.99r45, April 2023,INED-EUROREVES-Institut de longevite-Japan Society for the Promotion of Science (Grant-in-Aid for Scientific Research 25293121), Intel Software 2015-2020, Nihon University 2021-202, INED 2000-2022
#$Revision: 1.353 $ $Date: 2023/05/08 18:48:22 $
# Tue Feb 04 20:24:32 2025
# Variance and covariance of health expectancies e.j 
#  (weighted average of eij where weights are the age specific period (stable) prevalences in each health state 
# Age Cov(e.1, e.1) Cov(e.1, e.2) Cov(e.2, e.1) Cov(e.2, e.2)
50  1.0671 -0.0948 -0.0948 0.2766
51  1.0500 -0.0882 -0.0882 0.2666
52  1.0340 -0.0820 -0.0820 0.2574
53  1.0188 -0.0762 -0.0762 0.2493
54  1.0046 -0.0706 -0.0706 0.2420
55  0.9912 -0.0654 -0.0654 0.2355
56  0.9788 -0.0604 -0.0604 0.2298
57  0.9672 -0.0557 -0.0557 0.2248
58  0.9564 -0.0513 -0.0513 0.2204
59  0.9463 -0.0471 -0.0471 0.2166
60  0.9368 -0.0432 -0.0432 0.2132
61  0.9278 -0.0395 -0.0395 0.2101
62  0.9192 -0.0361 -0.0361 0.2073
63  0.9108 -0.0330 -0.0330 0.2047
64  0.9026 -0.0302 -0.0302 0.2021
65  0.8943 -0.0277 -0.0277 0.1994
66  0.8859 -0.0255 -0.0255 0.1965
67  0.8772 -0.0236 -0.0236 0.1934
68  0.8681 -0.0220 -0.0220 0.1900
69  0.8585 -0.0206 -0.0206 0.1861
70  0.8484 -0.0196 -0.0196 0.1818
71  0.8376 -0.0187 -0.0187 0.1770
72  0.8262 -0.0180 -0.0180 0.1717
73  0.8142 -0.0173 -0.0173 0.1659
74  0.8017 -0.0167 -0.0167 0.1596
75  0.7886 -0.0160 -0.0160 0.1530
76  0.7751 -0.0151 -0.0151 0.1461
77  0.7613 -0.0140 -0.0140 0.1390
78  0.7472 -0.0126 -0.0126 0.1318
79  0.7330 -0.0108 -0.0108 0.1247
80  0.7188 -0.0086 -0.0086 0.1178
81  0.7046 -0.0062 -0.0062 0.1111
82  0.6905 -0.0034 -0.0034 0.1048
83  0.6766 -0.0006 -0.0006 0.0989
84  0.6631 0.0023 0.0023 0.0935
85  0.6501 0.0051 0.0051 0.0885
86  0.6380 0.0076 0.0076 0.0840
87  0.6271 0.0097 0.0097 0.0798
88  0.6177 0.0113 0.0113 0.0759
89  0.6106 0.0124 0.0124 0.0721
90  0.6060 0.0131 0.0131 0.0685
