
#****** ******
# SEFgali.txt
#IMaCh version 0.99r45, April 2023,INED-EUROREVES-Institut de longevite-Japan Society for the Promotion of Science (Grant-in-Aid for Scientific Research 25293121), Intel Software 2015-2020, Nihon University 2021-202, INED 2000-2022
#$Revision: 1.353 $ $Date: 2023/05/08 18:48:22 $
# Tue Feb 04 20:24:32 2025
# Standard deviation of period (forward stable) prevalences 
# Age  Result#  1-1 2-2
50 1  0.90520 (0.02260) 0.09485 (0.02265)
51 1  0.90204 (0.02237) 0.09801 (0.02242)
52 1  0.89879 (0.02211) 0.10126 (0.02216)
53 1  0.89544 (0.02181) 0.10461 (0.02186)
54 1  0.89200 (0.02149) 0.10805 (0.02154)
55 1  0.88847 (0.02113) 0.11159 (0.02118)
56 1  0.88483 (0.02074) 0.11523 (0.02079)
57 1  0.88111 (0.02032) 0.11896 (0.02037)
58 1  0.87728 (0.01988) 0.12279 (0.01992)
59 1  0.87336 (0.01941) 0.12671 (0.01946)
60 1  0.86934 (0.01892) 0.13073 (0.01897)
61 1  0.86522 (0.01842) 0.13485 (0.01847)
62 1  0.86102 (0.01792) 0.13906 (0.01797)
63 1  0.85672 (0.01742) 0.14336 (0.01747)
64 1  0.85233 (0.01694) 0.14774 (0.01699)
65 1  0.84786 (0.01649) 0.15221 (0.01654)
66 1  0.84332 (0.01609) 0.15676 (0.01614)
67 1  0.83870 (0.01576) 0.16138 (0.01580)
68 1  0.83403 (0.01552) 0.16606 (0.01556)
69 1  0.82930 (0.01539) 0.17079 (0.01543)
70 1  0.82453 (0.01539) 0.17556 (0.01543)
71 1  0.81974 (0.01554) 0.18036 (0.01558)
72 1  0.81495 (0.01586) 0.18516 (0.01590)
73 1  0.81017 (0.01634) 0.18994 (0.01637)
74 1  0.80543 (0.01699) 0.19468 (0.01702)
75 1  0.80076 (0.01779) 0.19935 (0.01782)
76 1  0.79619 (0.01873) 0.20392 (0.01875)
77 1  0.79175 (0.01978) 0.20835 (0.01981)
78 1  0.78751 (0.02093) 0.21262 (0.02096)
79 1  0.78348 (0.02215) 0.21664 (0.02218)
80 1  0.77974 (0.02341) 0.22037 (0.02344)
81 1  0.77634 (0.02469) 0.22377 (0.02471)
82 1  0.77335 (0.02597) 0.22678 (0.02599)
83 1  0.77082 (0.02722) 0.22930 (0.02725)
84 1  0.76884 (0.02845) 0.23128 (0.02847)
85 1  0.76747 (0.02964) 0.23266 (0.02966)
86 1  0.76678 (0.03082) 0.23334 (0.03084)
87 1  0.76685 (0.03200) 0.23329 (0.03202)
88 1  0.76772 (0.03324) 0.23240 (0.03325)
89 1  0.76944 (0.03458) 0.23069 (0.03460)
90 1  0.77203 (0.03609) 0.22810 (0.03611)
