# Powell
# iter -2*LL p12 p13 p21 p23
1 1 12998.881845520029 0 0.000000000000 0.000000000000 0.000000000000 0.000000000000 0.000000000000 0.000000000000 0.000000000000 0.000000000000
2 2 4565.421445132960 0 7.257976616296 -0.000470459248 -0.300530331390 0.000618546397 2.509724923935 -0.000731404034 -1.241871941729 0.001962912687
3 2 4106.161125726914 1 3.812653740888 -0.002108396065 -0.949787775113 0.003518971896 1.854894863327 -0.001653874677 -2.552305812815 0.004602288594
4 3 3501.632526396346 2 3.628137784249 -0.006411143135 -1.406725537158 0.009346280149 -0.610602812732 -0.005817879807 -5.024787580547 0.009534367062
5 3 3491.854923225619 2 3.388728381859 -0.010137289471 -1.570885537073 0.013180717178 -0.686184082634 -0.006927672259 -5.017329569785 0.011696655989
6 4 3422.233005907434 3 9.582385273328 -0.063516315284 -4.518249732230 0.068716607559 0.614110704367 -0.021530974011 -4.876593086795 0.017257144649
7 4 3387.965295784031 3 11.964910931525 -0.094006984534 -5.724837641307 0.091430450351 1.016038321034 -0.028552974748 -5.038202314859 0.015339806474
8 5 3377.509385108912 3 13.559689088458 -0.112567866318 -6.495622517588 0.106107243517 1.252223847398 -0.033348300048 -5.127789466774 0.015206398002
9 5 3371.401281184791 4 17.548413565446 -0.151908453295 -8.355395143784 0.141872209663 1.940788886868 -0.045609383718 -5.271414484611 0.016834374229
10 6 3369.775759341028 4 18.336896897852 -0.156866689986 -8.680615322093 0.148452804835 2.130543827239 -0.048502184141 -5.287650382295 0.017262213441
11 6 3367.797985777382 4 20.956982497364 -0.176776518723 -9.689863432595 0.169436363736 2.830639492740 -0.058269626410 -5.255697636802 0.018313640418
12 7 3367.612868640102 5 20.980810041506 -0.177165519405 -9.644940542823 0.168990586933 2.856986444471 -0.058675282592 -5.252074611670 0.018053786831
13 7 3365.830350316333 5 20.062235908930 -0.175323870985 -8.048583682780 0.147005028792 3.087776441453 -0.062680472465 -5.117819140864 0.015024507771
14 8 3362.992782460362 5 17.592859129512 -0.154301240237 -6.079792948065 0.115243572729 2.923880499718 -0.059694138807 -4.955767813429 0.012138791911
15 8 3361.042421204537 6 15.464458897628 -0.135072993489 -4.039439762204 0.083831642233 2.909491734121 -0.059069399325 -4.779297410919 0.008722068704
16 9 3360.583242954945 6 15.706241298498 -0.136232193953 -3.956652583623 0.083699824012 3.037670615131 -0.060886280933 -4.765323452309 0.008384601825
17 9 3360.367487873447 6 15.925176759722 -0.139295863228 -3.672698993948 0.081118982146 3.203581392846 -0.063568161783 -4.742807434818 0.007714131958
18 10 3360.324698771181 6 15.958288696768 -0.139421234846 -3.618076405980 0.080589535550 3.236199881276 -0.064000302242 -4.739655170729 0.007710541121
19 10 3359.923570521360 7 16.343824252783 -0.140933713793 -2.987229399391 0.074422094286 3.471977321313 -0.067415849432 -4.815620198938 0.009699426214
20 11 3359.229464951844 7 17.196350788711 -0.145712906446 -2.186996938132 0.068837311095 3.737045872934 -0.071445263819 -5.048422493577 0.014009957407
21 11 3356.760364131650 7 19.356364101239 -0.155745886913 0.059501823293 0.054198186074 4.129984512874 -0.077758444735 -5.929846621072 0.028650568587
22 12 3354.225706763741 8 19.283753138306 -0.150114014110 1.489940365632 0.039191644523 3.935428993462 -0.075115293613 -6.446632235574 0.035943491355
23 12 3350.835712969364 8 19.605717857292 -0.140087189623 4.876720850932 0.004923865130 3.433832886576 -0.067940685979 -7.942980852300 0.056783624822
24 13 3350.505568190315 9 19.533127683942 -0.138522396260 5.705373463360 -0.005880145534 3.494925920532 -0.068833923707 -8.114252243310 0.058638609441
25 13 3350.462680400711 10 19.718974871195 -0.139880651602 6.114991172536 -0.009654627516 3.586042968163 -0.070213795565 -8.197110796987 0.059606283460
26 14 3350.462124281666 10 19.716354228124 -0.139834687090 6.131606477660 -0.009908890012 3.585360612743 -0.070228118831 -8.200969180159 0.059650557397
27 14 3350.461850796057 11 19.700863856064 -0.139585621673 6.194191090424 -0.010832590887 3.588807568655 -0.070281559385 -8.211713279968 0.059819194674
28 15 3350.461815062605 12 19.695695707022 -0.139556652840 6.194562038206 -0.010886234756 3.589823194749 -0.070296743717 -8.209526467610 0.059787006255
29 15 3350.461812091471 13 19.694755370399 -0.139552043844 6.196259348263 -0.010920895032 3.589399366504 -0.070291290155 -8.210412833420 0.059797840317
30 16 3350.461809021019 14 19.694251917199 -0.139554034398 6.196032839767 -0.010926890460 3.589408604008 -0.070291027918 -8.210395729947 0.059797515374
31 16 3350.460818680313 15 19.484618691896 -0.141818513589 6.025928492124 -0.013552176303 3.576630250225 -0.070093148775 -8.225058391507 0.059988862011
32 17 3349.006866493470 16 16.228666291762 -0.177169478483 3.354442481764 -0.054256023830 3.390082227105 -0.067203264158 -8.437991088551 0.062764747648
33 17 3343.350467558542 16 15.909469879663 -0.193432010458 4.965339620186 -0.103086244086 4.239015406298 -0.082112987547 -8.525290165436 0.064672892133
34 18 3338.195361638778 17 17.051615230060 -0.211283109309 6.320170585181 -0.124856635937 4.897197818740 -0.093556892931 -8.819124769191 0.068963774230
35 18 3334.546403700836 18 18.517529435001 -0.234650727449 9.389791885213 -0.168315148284 6.107894065058 -0.113307785142 -9.236511449021 0.073978142977
36 19 3333.489709317345 18 18.731784544950 -0.237682268716 8.940172734860 -0.162028989044 6.264204406037 -0.115477519010 -9.036262241150 0.070913261230
37 19 3333.138621276302 19 18.814868890670 -0.239006713638 8.648539207508 -0.157754514935 6.426567766542 -0.117575033044 -8.830836617051 0.067824695871
38 20 3333.114016898420 20 18.853060462105 -0.239537143530 8.638139994980 -0.157731842996 6.455021505443 -0.117999449783 -8.823547534613 0.067771449791
39 20 3333.029560392718 20 18.901980965123 -0.240476452308 8.296611114138 -0.153440768672 6.551445755093 -0.119492281554 -8.678646496971 0.066110185762
40 21 3333.014670617140 21 18.811077230318 -0.239300386112 8.251521195828 -0.153159673348 6.516000199590 -0.118999421191 -8.666956071165 0.065997257015
41 21 3332.990298230873 22 18.511700076043 -0.235490753087 8.214368530839 -0.154063105483 6.460829771130 -0.118203484381 -8.631441755872 0.065630596035
42 22 3332.974291204106 23 18.448811258922 -0.234812929791 8.281493787124 -0.155419582152 6.482029432570 -0.118529549052 -8.621751465155 0.065478128988
43 22 3332.945991023392 23 18.215191002252 -0.232405230109 8.397847820827 -0.158563900808 6.568893548782 -0.119906781687 -8.553814003263 0.064524788207
44 23 3332.940025788979 24 18.225891702214 -0.232593532770 8.366133651686 -0.157990453868 6.573272319067 -0.119984920072 -8.551890986551 0.064487217769
45 23 3331.397756503434 25 12.951383565424 -0.175155931422 3.307185945593 -0.102880489919 6.870781604294 -0.126935881874 -8.020737176962 0.057618588046
46 24 3329.580850209348 25 12.233166301756 -0.168850526825 2.296069776288 -0.091527893009 7.058595979476 -0.130919818824 -8.218315714248 0.060284076930
47 24 3325.095156633307 26 10.357861064954 -0.154198345493 -0.614178251294 -0.057663311740 7.752820620481 -0.145782214679 -8.759397329810 0.067297143325
48 25 3321.153273436875 27 9.991448565599 -0.153447994239 -2.353584162422 -0.031289973814 7.898427086428 -0.151251058590 -9.348412742836 0.074865497118
49 25 3309.952724735632 28 6.760089580013 -0.123485483534 -6.148553605964 0.024126902305 7.761771327664 -0.160110554590 -10.714355407597 0.091508015819
50 26 3288.572199181186 28 4.718254911137 -0.101267741870 -6.490937337216 0.030055387673 6.922691319348 -0.155257334840 -12.060727215259 0.108054594411
51 26 3243.350071836055 29 1.579615514610 -0.063982424566 -4.619327407483 -0.001690900448 5.189824789731 -0.141513422903 -14.113651799453 0.133204411912
52 27 3215.024457666605 30 0.775162336991 -0.048968302705 -3.538770376401 -0.018055385866 4.005109148677 -0.124431833778 -14.738307015763 0.140298958002
53 27 3132.357041227751 30 -3.908319436330 0.028034725668 -1.504576822731 -0.061583506306 0.675000571856 -0.072309434491 -13.693901841176 0.124793457519
54 28 3090.366180690076 31 -4.196425127483 0.032054473475 -7.688740404692 0.033407041910 1.183614613417 -0.078241999535 -10.754538043223 0.088329178275
55 28 3082.970683216797 32 -4.441543557001 0.034773124137 -10.622668319821 0.077309740843 1.124641288237 -0.077660257864 -9.732650019007 0.075302322637
56 29 3080.338103241351 32 -4.529213884649 0.035665894227 -12.018443396636 0.096785832870 1.031229137744 -0.076665490115 -9.357487486470 0.070666624471
57 29 3074.112768556040 33 -4.626259885135 0.036160477659 -15.942877198613 0.147556684242 0.506514577868 -0.070379843843 -8.655453560147 0.062779379152
58 30 3070.670418246058 34 -4.606521497528 0.036121333962 -15.662812778171 0.141573220158 0.283602829890 -0.067175627795 -8.850861653370 0.065527771878
59 30 3059.366621989264 34 -3.677001698796 0.022136794643 -13.384260878528 0.112081459683 -0.244662138079 -0.058834192190 -10.068685520613 0.083376514128
60 31 3055.015254847673 35 -3.829244734993 0.025453784028 -13.719395625896 0.119728226787 -0.813249644997 -0.049149286411 -9.869691710154 0.080761436245
61 31 3048.797196899785 35 -4.428278857897 0.034870435581 -13.838151630179 0.121705573021 -2.265871195941 -0.024465239594 -9.767082031293 0.079417078381
62 32 3048.367219284137 36 -4.461094992016 0.034851639274 -13.881682008545 0.121772307137 -2.227346603122 -0.025240091449 -9.759224765701 0.079118607471
63 32 3048.246625129983 37 -4.414296864336 0.033895783270 -13.765447219915 0.120409771864 -2.186607752471 -0.025845948625 -9.795920497209 0.079652144822
64 33 3048.173080445622 37 -4.381722288394 0.033129667943 -13.606203874106 0.118740368529 -2.120825499045 -0.026793846642 -9.792192296586 0.079665299163
65 33 3048.096003946107 38 -4.356053172693 0.032564557609 -13.448522489857 0.116955410308 -2.103998044166 -0.027048483722 -9.783292771892 0.079551430199
66 34 3048.026954358519 39 -4.318407766541 0.031815081608 -13.243803652475 0.114099150491 -2.084982458328 -0.027366653449 -9.782908959600 0.079559342155
67 34 3047.694266210199 39 -4.201642145439 0.029661303657 -12.385733211599 0.102007122973 -2.084540993393 -0.027593916188 -9.757257802943 0.079233226099
68 35 3047.270495637419 -20 -4.146979753774 0.028816617655 -11.554358210622 0.090337809891 -2.121615605590 -0.027195751918 -9.636683618876 0.077679748678
69 35 3046.815000101445 -20 -4.215187107097 0.030369668195 -11.099259007704 0.083926079376 -2.241217769278 -0.025518737526 -9.455733331256 0.075261616984
70 36 3046.782653327221 -19 -4.269673753579 0.031326867185 -11.295122234726 0.086428354927 -2.250822058719 -0.025315964765 -9.428700885763 0.074886150707
71 36 3046.781368329125 -19 -4.276498748112 0.031461459151 -11.326110741286 0.086753444904 -2.253272375498 -0.025282708483 -9.432419596865 0.074928119870
72 37 3046.781176191304 -18 -4.275163032169 0.031439146560 -11.329500590345 0.086824006207 -2.256299884868 -0.025241109447 -9.435924328173 0.074971949993
73 37 3046.781142052029 -17 -4.275083414650 0.031437784934 -11.329392287707 0.086834618258 -2.258022700444 -0.025216976854 -9.436880018050 0.074983505742
74 38 3046.781136534213 -16 -4.275106812359 0.031438162411 -11.329593720972 0.086843119733 -2.258757654387 -0.025206429793 -9.437246202775 0.074987916428
75 38 3046.781135675186 -16 -4.275130483258 0.031438539271 -11.329761531819 0.086847953860 -2.259044530070 -0.025202275279 -9.437389687977 0.074989633718
76 39 3046.781135543341 -15 -4.275142630839 0.031438730181 -11.329858691801 0.086850342835 -2.259156236098 -0.025200647035 -9.437446227332 0.074990308906
77 39 3046.781135523554 -14 -4.275148310059 0.031438818921 -11.329898053885 0.086851310270 -2.259199432603 -0.025200015071 -9.437467547146 0.074990562394
78 40 3046.781135520695 -13 -4.275150548517 0.031438853117 -11.329915347835 0.086851710068 -2.259215865735 -0.025199773665 -9.437475612661 0.074990659890
79 40 3046.781135520261 -11 -4.275152848227 0.031438889010 -11.329923512100 0.086851888437 -2.259221204151 -0.025199695122 -9.437478703868 0.074990694506
80 41 3046.781135520173 -10 -4.275152371719 0.031438880303 -11.329924251328 0.086851935959 -2.259224122682 -0.025199653285 -9.437479823825 0.074990708576
81 41 3046.781135520170 -9 -4.275152380551 0.031438880430 -11.329924250641 0.086851935947 -2.259224138358 -0.025199653034 -9.437479824842 0.074990708588
