# EEFadl.txt
#IMaCh version 0.99r45, April 2023,INED-EUROREVES-Institut de longevite-Japan Society for the Promotion of Science (Grant-in-Aid for Scientific Research 25293121), Intel Software 2015-2020, Nihon University 2021-202, INED 2000-2022
#$Revision: 1.353 $ $Date: 2023/05/08 18:48:22 $
# Tue Feb 04 22:03:38 2025

#****** ******
# (a) Life expectancies by health status at initial age and (b) health expectancies by health status at initial age
# Age e11  e12  e1.  e21  e22  e2. 
 50  26.8626   4.5499  31.4125  24.5254   6.8299  31.3553
 51  25.9965   4.5071  30.5036  23.6264   6.8067  30.4331
 52  25.1387   4.4619  29.6007  22.7353   6.7799  29.5152
 53  24.2899   4.4143  28.7042  21.8527   6.7491  28.6018
 54  23.4504   4.3640  27.8144  20.9791   6.7141  27.6932
 55  22.6207   4.3111  26.9318  20.1150   6.6746  26.7896
 56  21.8014   4.2555  26.0569  19.2610   6.6303  25.8914
 57  20.9930   4.1969  25.1899  18.4178   6.5810  24.9988
 58  20.1959   4.1355  24.3315  17.5858   6.5263  24.1122
 59  19.4109   4.0711  23.4820  16.7659   6.4660  23.2320
 60  18.6384   4.0037  22.6420  15.9588   6.3999  22.3586
 61  17.8790   3.9331  21.8121  15.1651   6.3275  21.4926
 62  17.1333   3.8595  20.9928  14.3857   6.2488  20.6345
 63  16.4018   3.7828  20.1847  13.6214   6.1635  19.7849
 64  15.6853   3.7030  19.3883  12.8729   6.0714  18.9443
 65  14.9841   3.6202  18.6043  12.1412   5.9724  18.1136
 66  14.2990   3.5343  17.8334  11.4272   5.8664  17.2936
 67  13.6305   3.4456  17.0761  10.7316   5.7533  16.4849
 68  12.9791   3.3541  16.3332  10.0554   5.6332  15.6886
 69  12.3454   3.2599  15.6053   9.3996   5.5061  14.9057
 70  11.7298   3.1632  14.8931   8.7648   5.3722  14.1370
 71  11.1329   3.0643  14.1972   8.1520   5.2317  13.3837
 72  10.5550   2.9633  13.5183   7.5619   5.0849  12.6468
 73   9.9966   2.8605  12.8571   6.9953   4.9321  11.9275
 74   9.4579   2.7563  12.2142   6.4529   4.7739  11.2268
 75   8.9392   2.6509  11.5901   5.9351   4.6108  10.5459
 76   8.4407   2.5447  10.9854   5.4425   4.4433   9.8859
 77   7.9626   2.4380  10.4006   4.9755   4.2722   9.2477
 78   7.5049   2.3312   9.8361   4.5342   4.0982   8.6324
 79   7.0676   2.2247   9.2923   4.1188   3.9221   8.0409
 80   6.6506   2.1190   8.7695   3.7292   3.7446   7.4739
 81   6.2537   2.0143   8.2680   3.3654   3.5668   6.9321
 82   5.8766   1.9112   7.7878   3.0269   3.3893   6.4162
 83   5.5191   1.8099   7.3290   2.7133   3.2131   5.9264
 84   5.1807   1.7108   6.8916   2.4239   3.0391   5.4631
 85   4.8610   1.6144   6.4754   2.1582   2.8680   5.0262
 86   4.5595   1.5208   6.0802   1.9151   2.7007   4.6158
 87   4.2755   1.4303   5.7058   1.6938   2.5377   4.2315
 88   4.0084   1.3433   5.3517   1.4931   2.3799   3.8729
 89   3.7575   1.2599   5.0174   1.3119   2.2276   3.5396
 90   3.5222   1.1802   4.7024   1.1492   2.0815   3.2307
