# EEFadl.txt
#IMaCh version 0.99r45, April 2023,INED-EUROREVES-Institut de longevite-Japan Society for the Promotion of Science (Grant-in-Aid for Scientific Research 25293121), Intel Software 2015-2020, Nihon University 2021-202, INED 2000-2022
#$Revision: 1.353 $ $Date: 2023/05/08 18:48:22 $
# Tue Feb 04 22:03:38 2025
# Forward period (stable) prevalence. Precision given by ftolpl=0.0006 
#Age 1-1 2-2 
#************
#Age   1-1     2-2   Total Years_to_converge
50  0.95308 0.04695 1.000 21
51  0.95005 0.04997 1.000 21
52  0.94685 0.05318 1.000 21
53  0.94345 0.05658 1.000 21
54  0.93985 0.06018 1.000 22
55  0.93604 0.06400 1.000 22
56  0.93200 0.06803 1.000 22
57  0.92774 0.07230 1.000 22
58  0.92324 0.07680 1.000 22
59  0.91848 0.08156 1.000 22
60  0.91346 0.08658 1.000 22
61  0.90818 0.09187 1.000 22
62  0.90262 0.09744 1.000 22
63  0.89677 0.10328 1.000 23
64  0.89064 0.10942 1.000 23
65  0.88420 0.11586 1.000 23
66  0.87747 0.12260 1.000 23
67  0.87042 0.12965 1.000 23
68  0.86308 0.13700 1.000 23
69  0.85543 0.14465 1.000 23
70  0.84748 0.15261 1.000 23
71  0.83924 0.16086 1.000 23
72  0.83071 0.16937 1.000 23
73  0.82192 0.17817 1.000 23
74  0.81287 0.18722 1.000 23
75  0.80359 0.19653 1.000 23
76  0.79410 0.20602 1.000 23
77  0.78444 0.21568 1.000 23
78  0.77464 0.22549 1.000 23
79  0.76474 0.23539 1.000 23
80  0.75478 0.24535 1.000 23
81  0.74481 0.25532 1.000 23
82  0.73489 0.26526 1.000 22
83  0.72508 0.27508 1.000 22
84  0.71542 0.28472 1.000 22
85  0.70601 0.29417 1.000 22
86  0.69688 0.30328 1.000 22
87  0.68812 0.31204 1.000 22
88  0.67978 0.32039 1.000 21
89  0.67194 0.32825 1.000 21
90  0.66465 0.33552 1.000 21
