# EEFadl.txt
#IMaCh version 0.99r45, April 2023,INED-EUROREVES-Institut de longevite-Japan Society for the Promotion of Science (Grant-in-Aid for Scientific Research 25293121), Intel Software 2015-2020, Nihon University 2021-202, INED 2000-2022
#$Revision: 1.353 $ $Date: 2023/05/08 18:48:22 $
# Tue Feb 04 22:03:38 2025
#One-step probabilities and correlation matrix
# Age p1-1  p1-2  p1-3  p2-1  p2-2  p2-3 
50  9.878e-001  1.082e-002  1.414e-003  1.880e-001  8.104e-001  1.616e-003 
50 1-1  1.000e+000
50 1-2 -9.665e-001  1.000e+000
50 1-3 -1.752e-001 -8.329e-002  1.000e+000
50 2-1 -2.496e-001  2.357e-001  6.476e-002  1.000e+000
50 2-2  2.505e-001 -2.396e-001 -5.340e-002 -9.992e-001  1.000e+000
50 2-3 -3.711e-003  7.992e-002 -2.922e-001 -1.009e-001  6.162e-002  1.000e+000
51  9.870e-001  1.142e-002  1.547e-003  1.853e-001  8.129e-001  1.817e-003 
51 1-1  1.000e+000
51 1-2 -9.638e-001  1.000e+000
51 1-3 -1.868e-001 -8.176e-002  1.000e+000
51 2-1 -2.498e-001  2.360e-001  6.445e-002  1.000e+000
51 2-2  2.507e-001 -2.404e-001 -5.145e-002 -9.990e-001  1.000e+000
51 2-3 -1.682e-004  7.943e-002 -2.921e-001 -1.013e-001  5.641e-002  1.000e+000
52  9.863e-001  1.204e-002  1.694e-003  1.827e-001  8.152e-001  2.042e-003 
52 1-1  1.000e+000
52 1-2 -9.609e-001  1.000e+000
52 1-3 -1.989e-001 -8.014e-002  1.000e+000
52 2-1 -2.501e-001  2.362e-001  6.415e-002  1.000e+000
52 2-2  2.509e-001 -2.413e-001 -4.927e-002 -9.987e-001  1.000e+000
52 2-3  3.538e-003  7.890e-002 -2.921e-001 -1.019e-001  5.052e-002  1.000e+000
53  9.854e-001  1.270e-002  1.854e-003  1.801e-001  8.176e-001  2.295e-003 
53 1-1  1.000e+000
53 1-2 -9.578e-001  1.000e+000
53 1-3 -2.114e-001 -7.841e-002  1.000e+000
53 2-1 -2.503e-001  2.365e-001  6.386e-002  1.000e+000
53 2-2  2.509e-001 -2.422e-001 -4.683e-002 -9.983e-001  1.000e+000
53 2-3  7.412e-003  7.829e-002 -2.920e-001 -1.027e-001  4.384e-002  1.000e+000
54  9.846e-001  1.339e-002  2.028e-003  1.776e-001  8.199e-001  2.579e-003 
54 1-1  1.000e+000
54 1-2 -9.545e-001  1.000e+000
54 1-3 -2.244e-001 -7.656e-002  1.000e+000
54 2-1 -2.505e-001  2.368e-001  6.358e-002  1.000e+000
54 2-2  2.509e-001 -2.432e-001 -4.409e-002 -9.977e-001  1.000e+000
54 2-3  1.146e-002  7.762e-002 -2.919e-001 -1.036e-001  3.627e-002  1.000e+000
55  9.837e-001  1.412e-002  2.220e-003  1.750e-001  8.221e-001  2.898e-003 
55 1-1  1.000e+000
55 1-2 -9.509e-001  1.000e+000
55 1-3 -2.378e-001 -7.459e-002  1.000e+000
55 2-1 -2.507e-001  2.372e-001  6.333e-002  1.000e+000
55 2-2  2.508e-001 -2.444e-001 -4.101e-002 -9.970e-001  1.000e+000
55 2-3  1.568e-002  7.688e-002 -2.917e-001 -1.047e-001  2.765e-002  1.000e+000
56  9.827e-001  1.489e-002  2.429e-003  1.725e-001  8.242e-001  3.257e-003 
56 1-1  1.000e+000
56 1-2 -9.470e-001  1.000e+000
56 1-3 -2.516e-001 -7.249e-002  1.000e+000
56 2-1 -2.508e-001  2.376e-001  6.310e-002  1.000e+000
56 2-2  2.504e-001 -2.456e-001 -3.757e-002 -9.961e-001  1.000e+000
56 2-3  2.007e-002  7.604e-002 -2.915e-001 -1.061e-001  1.784e-002  1.000e+000
57  9.816e-001  1.570e-002  2.658e-003  1.700e-001  8.263e-001  3.659e-003 
57 1-1  1.000e+000
57 1-2 -9.429e-001  1.000e+000
57 1-3 -2.659e-001 -7.027e-002  1.000e+000
57 2-1 -2.510e-001  2.380e-001  6.292e-002  1.000e+000
57 2-2  2.499e-001 -2.470e-001 -3.370e-002 -9.949e-001  1.000e+000
57 2-3  2.464e-002  7.510e-002 -2.913e-001 -1.076e-001  6.669e-003  1.000e+000
58  9.805e-001  1.656e-002  2.908e-003  1.675e-001  8.284e-001  4.111e-003 
58 1-1  1.000e+000
58 1-2 -9.386e-001  1.000e+000
58 1-3 -2.805e-001 -6.792e-002  1.000e+000
58 2-1 -2.511e-001  2.384e-001  6.278e-002  1.000e+000
58 2-2  2.492e-001 -2.485e-001 -2.937e-002 -9.933e-001  1.000e+000
58 2-3  2.937e-002  7.405e-002 -2.909e-001 -1.094e-001 -6.056e-003  1.000e+000
59  9.794e-001  1.745e-002  3.181e-003  1.651e-001  8.303e-001  4.618e-003 
59 1-1  1.000e+000
59 1-2 -9.340e-001  1.000e+000
59 1-3 -2.954e-001 -6.546e-002  1.000e+000
59 2-1 -2.512e-001  2.389e-001  6.271e-002  1.000e+000
59 2-2  2.482e-001 -2.501e-001 -2.453e-002 -9.913e-001  1.000e+000
59 2-3  3.425e-002  7.287e-002 -2.905e-001 -1.115e-001 -2.054e-002  1.000e+000
60  9.781e-001  1.840e-002  3.480e-003  1.626e-001  8.322e-001  5.187e-003 
60 1-1  1.000e+000
60 1-2 -9.292e-001  1.000e+000
60 1-3 -3.105e-001 -6.290e-002  1.000e+000
60 2-1 -2.513e-001  2.395e-001  6.273e-002  1.000e+000
60 2-2  2.469e-001 -2.517e-001 -1.914e-002 -9.886e-001  1.000e+000
60 2-3  3.928e-002  7.154e-002 -2.900e-001 -1.139e-001 -3.698e-002  1.000e+000
61  9.768e-001  1.940e-002  3.806e-003  1.602e-001  8.339e-001  5.826e-003 
61 1-1  1.000e+000
61 1-2 -9.241e-001  1.000e+000
61 1-3 -3.257e-001 -6.028e-002  1.000e+000
61 2-1 -2.515e-001  2.401e-001  6.284e-002  1.000e+000
61 2-2  2.451e-001 -2.535e-001 -1.318e-002 -9.852e-001  1.000e+000
61 2-3  4.440e-002  7.005e-002 -2.893e-001 -1.166e-001 -5.561e-002  1.000e+000
62  9.754e-001  2.044e-002  4.163e-003  1.578e-001  8.356e-001  6.542e-003 
62 1-1  1.000e+000
62 1-2 -9.189e-001  1.000e+000
62 1-3 -3.408e-001 -5.767e-002  1.000e+000
62 2-1 -2.516e-001  2.407e-001  6.309e-002  1.000e+000
62 2-2  2.429e-001 -2.552e-001 -6.632e-003 -9.808e-001  1.000e+000
62 2-3  4.960e-002  6.836e-002 -2.885e-001 -1.195e-001 -7.661e-002  1.000e+000
63  9.739e-001  2.155e-002  4.553e-003  1.554e-001  8.372e-001  7.346e-003 
63 1-1  1.000e+000
63 1-2 -9.136e-001  1.000e+000
63 1-3 -3.556e-001 -5.515e-002  1.000e+000
63 2-1 -2.518e-001  2.414e-001  6.350e-002  1.000e+000
63 2-2  2.403e-001 -2.569e-001  4.870e-004 -9.752e-001  1.000e+000
63 2-3  5.480e-002  6.647e-002 -2.874e-001 -1.228e-001 -1.001e-001  1.000e+000
64  9.723e-001  2.271e-002  4.979e-003  1.531e-001  8.387e-001  8.247e-003 
64 1-1  1.000e+000
64 1-2 -9.083e-001  1.000e+000
64 1-3 -3.698e-001 -5.285e-002  1.000e+000
64 2-1 -2.522e-001  2.421e-001  6.412e-002  1.000e+000
64 2-2  2.370e-001 -2.584e-001  8.114e-003 -9.681e-001  1.000e+000
64 2-3  5.994e-002  6.435e-002 -2.860e-001 -1.263e-001 -1.263e-001  1.000e+000
65  9.706e-001  2.392e-002  5.444e-003  1.507e-001  8.400e-001  9.258e-003 
65 1-1  1.000e+000
65 1-2 -9.030e-001  1.000e+000
65 1-3 -3.830e-001 -5.098e-002  1.000e+000
65 2-1 -2.526e-001  2.429e-001  6.498e-002  1.000e+000
65 2-2  2.332e-001 -2.596e-001  1.613e-002 -9.594e-001  1.000e+000
65 2-3  6.491e-002  6.199e-002 -2.842e-001 -1.300e-001 -1.550e-001  1.000e+000
66  9.688e-001  2.521e-002  5.952e-003  1.484e-001  8.412e-001  1.039e-002 
66 1-1  1.000e+000
66 1-2 -8.980e-001  1.000e+000
66 1-3 -3.948e-001 -4.978e-002  1.000e+000
66 2-1 -2.532e-001  2.436e-001  6.613e-002  1.000e+000
66 2-2  2.289e-001 -2.604e-001  2.432e-002 -9.488e-001  1.000e+000
66 2-3  6.958e-002  5.939e-002 -2.819e-001 -1.339e-001 -1.861e-001  1.000e+000
67  9.669e-001  2.655e-002  6.507e-003  1.460e-001  8.423e-001  1.166e-002 
67 1-1  1.000e+000
67 1-2 -8.933e-001  1.000e+000
67 1-3 -4.047e-001 -4.959e-002  1.000e+000
67 2-1 -2.540e-001  2.442e-001  6.763e-002  1.000e+000
67 2-2  2.241e-001 -2.606e-001  3.240e-002 -9.362e-001  1.000e+000
67 2-3  7.379e-002  5.657e-002 -2.790e-001 -1.378e-001 -2.192e-001  1.000e+000
68  9.649e-001  2.797e-002  7.112e-003  1.437e-001  8.432e-001  1.308e-002 
68 1-1  1.000e+000
68 1-2 -8.890e-001  1.000e+000
68 1-3 -4.121e-001 -5.083e-002  1.000e+000
68 2-1 -2.551e-001  2.447e-001  6.953e-002  1.000e+000
68 2-2  2.190e-001 -2.601e-001  3.996e-002 -9.217e-001  1.000e+000
68 2-3  7.736e-002  5.358e-002 -2.753e-001 -1.416e-001 -2.536e-001  1.000e+000
69  9.628e-001  2.946e-002  7.773e-003  1.414e-001  8.439e-001  1.467e-002 
69 1-1  1.000e+000
69 1-2 -8.853e-001  1.000e+000
69 1-3 -4.166e-001 -5.394e-002  1.000e+000
69 2-1 -2.565e-001  2.450e-001  7.185e-002  1.000e+000
69 2-2  2.139e-001 -2.588e-001  4.654e-002 -9.056e-001  1.000e+000
69 2-3  8.008e-002  5.053e-002 -2.708e-001 -1.451e-001 -2.883e-001  1.000e+000
70  9.605e-001  3.102e-002  8.493e-003  1.391e-001  8.445e-001  1.645e-002 
70 1-1  1.000e+000
70 1-2 -8.822e-001  1.000e+000
70 1-3 -4.176e-001 -5.937e-002  1.000e+000
70 2-1 -2.582e-001  2.450e-001  7.463e-002  1.000e+000
70 2-2  2.092e-001 -2.566e-001  5.163e-002 -8.884e-001  1.000e+000
70 2-3  8.175e-002  4.757e-002 -2.651e-001 -1.482e-001 -3.224e-001  1.000e+000
71  9.581e-001  3.266e-002  9.279e-003  1.368e-001  8.448e-001  1.845e-002 
71 1-1  1.000e+000
71 1-2 -8.797e-001  1.000e+000
71 1-3 -4.152e-001 -6.748e-002  1.000e+000
71 2-1 -2.602e-001  2.446e-001  7.782e-002  1.000e+000
71 2-2  2.052e-001 -2.537e-001  5.478e-002 -8.710e-001  1.000e+000
71 2-3  8.219e-002  4.493e-002 -2.584e-001 -1.506e-001 -3.545e-001  1.000e+000
72  9.555e-001  3.438e-002  1.014e-002  1.345e-001  8.449e-001  2.068e-002 
72 1-1  1.000e+000
72 1-2 -8.774e-001  1.000e+000
72 1-3 -4.094e-001 -7.841e-002  1.000e+000
72 2-1 -2.623e-001  2.439e-001  8.136e-002  1.000e+000
72 2-2  2.024e-001 -2.504e-001  5.569e-002 -8.544e-001  1.000e+000
72 2-3  8.129e-002  4.289e-002 -2.505e-001 -1.521e-001 -3.836e-001  1.000e+000
73  9.527e-001  3.618e-002  1.107e-002  1.322e-001  8.447e-001  2.317e-002 
73 1-1  1.000e+000
73 1-2 -8.753e-001  1.000e+000
73 1-3 -4.010e-001 -9.201e-002  1.000e+000
73 2-1 -2.646e-001  2.427e-001  8.513e-002  1.000e+000
73 2-2  2.009e-001 -2.471e-001  5.435e-002 -8.396e-001  1.000e+000
73 2-3  7.902e-002  4.180e-002 -2.419e-001 -1.528e-001 -4.086e-001  1.000e+000
74  9.498e-001  3.808e-002  1.209e-002  1.298e-001  8.442e-001  2.595e-002 
74 1-1  1.000e+000
74 1-2 -8.728e-001  1.000e+000
74 1-3 -3.911e-001 -1.078e-001  1.000e+000
74 2-1 -2.669e-001  2.411e-001  8.896e-002  1.000e+000
74 2-2  2.010e-001 -2.443e-001  5.109e-002 -8.273e-001  1.000e+000
74 2-3  7.547e-002  4.201e-002 -2.330e-001 -1.526e-001 -4.289e-001  1.000e+000
75  9.467e-001  4.006e-002  1.320e-002  1.275e-001  8.434e-001  2.906e-002 
75 1-1  1.000e+000
75 1-2 -8.696e-001  1.000e+000
75 1-3 -3.812e-001 -1.250e-001  1.000e+000
75 2-1 -2.690e-001  2.392e-001  9.268e-002  1.000e+000
75 2-2  2.026e-001 -2.423e-001  4.661e-002 -8.183e-001  1.000e+000
75 2-3  7.082e-002  4.393e-002 -2.246e-001 -1.516e-001 -4.442e-001  1.000e+000
76  9.435e-001  4.214e-002  1.441e-002  1.252e-001  8.423e-001  3.252e-002 
76 1-1  1.000e+000
76 1-2 -8.653e-001  1.000e+000
76 1-3 -3.726e-001 -1.427e-001  1.000e+000
76 2-1 -2.709e-001  2.370e-001  9.613e-002  1.000e+000
76 2-2  2.054e-001 -2.417e-001  4.191e-002 -8.124e-001  1.000e+000
76 2-3  6.541e-002  4.793e-002 -2.179e-001 -1.500e-001 -4.547e-001  1.000e+000
77  9.400e-001  4.431e-002  1.572e-002  1.228e-001  8.408e-001  3.638e-002 
77 1-1  1.000e+000
77 1-2 -8.597e-001  1.000e+000
77 1-3 -3.668e-001 -1.600e-001  1.000e+000
77 2-1 -2.724e-001  2.345e-001  9.925e-002  1.000e+000
77 2-2  2.090e-001 -2.428e-001  3.814e-002 -8.095e-001  1.000e+000
77 2-3  5.963e-002  5.439e-002 -2.143e-001 -1.480e-001 -4.608e-001  1.000e+000
78  9.363e-001  4.659e-002  1.715e-002  1.205e-001  8.388e-001  4.068e-002 
78 1-1  1.000e+000
78 1-2 -8.524e-001  1.000e+000
78 1-3 -3.645e-001 -1.762e-001  1.000e+000
78 2-1 -2.736e-001  2.319e-001  1.020e-001  1.000e+000
78 2-2  2.129e-001 -2.456e-001  3.645e-002 -8.087e-001  1.000e+000
78 2-3  5.397e-002  6.364e-002 -2.150e-001 -1.462e-001 -4.637e-001  1.000e+000
79  9.323e-001  4.897e-002  1.871e-002  1.181e-001  8.364e-001  4.546e-002 
79 1-1  1.000e+000
79 1-2 -8.435e-001  1.000e+000
79 1-3 -3.661e-001 -1.910e-001  1.000e+000
79 2-1 -2.744e-001  2.292e-001  1.045e-001  1.000e+000
79 2-2  2.165e-001 -2.502e-001  3.783e-002 -8.087e-001  1.000e+000
79 2-3  4.896e-002  7.588e-002 -2.210e-001 -1.448e-001 -4.649e-001  1.000e+000
80  9.281e-001  5.146e-002  2.040e-002  1.157e-001  8.335e-001  5.077e-002 
80 1-1  1.000e+000
80 1-2 -8.329e-001  1.000e+000
80 1-3 -3.716e-001 -2.042e-001  1.000e+000
80 2-1 -2.749e-001  2.262e-001  1.068e-001  1.000e+000
80 2-2  2.188e-001 -2.564e-001  4.311e-002 -8.078e-001  1.000e+000
80 2-3  4.520e-002  9.102e-002 -2.327e-001 -1.442e-001 -4.667e-001  1.000e+000
81  9.237e-001  5.406e-002  2.224e-002  1.133e-001  8.301e-001  5.666e-002 
81 1-1  1.000e+000
81 1-2 -8.207e-001  1.000e+000
81 1-3 -3.806e-001 -2.160e-001  1.000e+000
81 2-1 -2.752e-001  2.231e-001  1.091e-001  1.000e+000
81 2-2  2.191e-001 -2.640e-001  5.279e-002 -8.036e-001  1.000e+000
81 2-3  4.323e-002  1.084e-001 -2.494e-001 -1.448e-001 -4.724e-001  1.000e+000
82  9.190e-001  5.677e-002  2.423e-002  1.108e-001  8.260e-001  6.319e-002 
82 1-1  1.000e+000
82 1-2 -8.069e-001  1.000e+000
82 1-3 -3.926e-001 -2.264e-001  1.000e+000
82 2-1 -2.752e-001  2.198e-001  1.115e-001  1.000e+000
82 2-2  2.164e-001 -2.723e-001  6.710e-002 -7.933e-001  1.000e+000
82 2-3  4.350e-002  1.267e-001 -2.691e-001 -1.468e-001 -4.858e-001  1.000e+000
83  9.140e-001  5.959e-002  2.640e-002  1.083e-001  8.213e-001  7.041e-002 
83 1-1  1.000e+000
83 1-2 -7.916e-001  1.000e+000
83 1-3 -4.070e-001 -2.359e-001  1.000e+000
83 2-1 -2.750e-001  2.163e-001  1.142e-001  1.000e+000
83 2-2  2.097e-001 -2.804e-001  8.582e-002 -7.734e-001  1.000e+000
83 2-3  4.617e-002  1.440e-001 -2.887e-001 -1.504e-001 -5.103e-001  1.000e+000
84  9.087e-001  6.254e-002  2.875e-002  1.057e-001  8.159e-001  7.839e-002 
84 1-1  1.000e+000
84 1-2 -7.749e-001  1.000e+000
84 1-3 -4.233e-001 -2.446e-001  1.000e+000
84 2-1 -2.748e-001  2.124e-001  1.171e-001  1.000e+000
84 2-2  1.981e-001 -2.875e-001  1.083e-001 -7.410e-001  1.000e+000
84 2-3  5.102e-002  1.583e-001 -3.052e-001 -1.559e-001 -5.478e-001  1.000e+000
85  9.031e-001  6.560e-002  3.129e-002  1.032e-001  8.097e-001  8.719e-002 
85 1-1  1.000e+000
85 1-2 -7.569e-001  1.000e+000
85 1-3 -4.409e-001 -2.529e-001  1.000e+000
85 2-1 -2.746e-001  2.082e-001  1.205e-001  1.000e+000
85 2-2  1.813e-001 -2.923e-001  1.332e-001 -6.937e-001  1.000e+000
85 2-3  5.754e-002  1.685e-001 -3.166e-001 -1.636e-001 -5.970e-001  1.000e+000
86  8.972e-001  6.879e-002  3.405e-002  1.005e-001  8.026e-001  9.686e-002 
86 1-1  1.000e+000
86 1-2 -7.377e-001  1.000e+000
86 1-3 -4.594e-001 -2.608e-001  1.000e+000
86 2-1 -2.743e-001  2.036e-001  1.244e-001  1.000e+000
86 2-2  1.594e-001 -2.941e-001  1.589e-001 -6.311e-001  1.000e+000
86 2-3  6.511e-002  1.748e-001 -3.231e-001 -1.741e-001 -6.540e-001  1.000e+000
87  8.909e-001  7.210e-002  3.703e-002  9.784e-002  7.947e-001  1.075e-001 
87 1-1  1.000e+000
87 1-2 -7.172e-001  1.000e+000
87 1-3 -4.785e-001 -2.688e-001  1.000e+000
87 2-1 -2.741e-001  1.985e-001  1.288e-001  1.000e+000
87 2-2  1.336e-001 -2.924e-001  1.838e-001 -5.548e-001  1.000e+000
87 2-3  7.324e-002  1.780e-001 -3.255e-001 -1.875e-001 -7.132e-001  1.000e+000
88  8.842e-001  7.554e-002  4.026e-002  9.510e-002  7.858e-001  1.191e-001 
88 1-1  1.000e+000
88 1-2 -6.955e-001  1.000e+000
88 1-3 -4.979e-001 -2.768e-001  1.000e+000
88 2-1 -2.741e-001  1.928e-001  1.338e-001  1.000e+000
88 2-2  1.052e-001 -2.875e-001  2.063e-001 -4.684e-001  1.000e+000
88 2-3  8.159e-002  1.791e-001 -3.253e-001 -2.042e-001 -7.692e-001  1.000e+000
89  8.772e-001  7.910e-002  4.375e-002  9.231e-002  7.759e-001  1.318e-001 
89 1-1  1.000e+000
89 1-2 -6.728e-001  1.000e+000
89 1-3 -5.174e-001 -2.850e-001  1.000e+000
89 2-1 -2.741e-001  1.866e-001  1.394e-001  1.000e+000
89 2-2  7.605e-002 -2.803e-001  2.256e-001 -3.764e-001  1.000e+000
89 2-3  8.994e-002  1.792e-001 -3.237e-001 -2.240e-001 -8.186e-001  1.000e+000
90  8.697e-001  8.278e-002  4.751e-002  8.946e-002  7.649e-001  1.456e-001 
90 1-1  1.000e+000
90 1-2 -6.489e-001  1.000e+000
90 1-3 -5.368e-001 -2.936e-001  1.000e+000
90 2-1 -2.743e-001  1.796e-001  1.455e-001  1.000e+000
90 2-2  4.742e-002 -2.715e-001  2.415e-001 -2.828e-001  1.000e+000
90 2-3  9.819e-002  1.787e-001 -3.215e-001 -2.469e-001 -8.597e-001  1.000e+000