# EEFadl.txt
#IMaCh version 0.99r45, April 2023,INED-EUROREVES-Institut de longevite-Japan Society for the Promotion of Science (Grant-in-Aid for Scientific Research 25293121), Intel Software 2015-2020, Nihon University 2021-202, INED 2000-2022
#$Revision: 1.353 $ $Date: 2023/05/08 18:48:22 $
# Tue Feb 04 22:03:38 2025
#One-step probabilities and covariance matrix
# Age p1-1  p1-2  p1-3  p2-1  p2-2  p2-3 
50  9.878e-001  1.082e-002  1.414e-003  1.880e-001  8.104e-001  1.616e-003 
50 1-1  4.134e-006
50 1-2 -3.947e-006  4.035e-006
50 1-3 -1.865e-007 -8.759e-008  2.741e-007
50 2-1 -1.701e-005  1.587e-005  1.137e-006  1.124e-003
50 2-2  1.702e-005 -1.609e-005 -9.343e-007 -1.119e-003  1.117e-003
50 2-3 -9.981e-009  2.123e-007 -2.024e-007 -4.473e-006  2.723e-006  1.750e-006
51  9.870e-001  1.142e-002  1.547e-003  1.853e-001  8.129e-001  1.817e-003 
51 1-1  4.273e-006
51 1-2 -4.059e-006  4.152e-006
51 1-3 -2.135e-007 -9.210e-008  3.056e-007
51 2-1 -1.652e-005  1.538e-005  1.139e-006  1.023e-003
51 2-2  1.652e-005 -1.561e-005 -9.064e-007 -1.018e-003  1.015e-003
51 2-3 -5.017e-010  2.335e-007 -2.330e-007 -4.676e-006  2.594e-006  2.082e-006
52  9.863e-001  1.204e-002  1.694e-003  1.827e-001  8.152e-001  2.042e-003 
52 1-1  4.408e-006
52 1-2 -4.164e-006  4.261e-006
52 1-3 -2.435e-007 -9.645e-008  3.399e-007
52 2-1 -1.600e-005  1.486e-005  1.140e-006  9.287e-004
52 2-2  1.599e-005 -1.512e-005 -8.720e-007 -9.238e-004  9.214e-004
52 2-3  1.168e-008  2.561e-007 -2.678e-007 -4.884e-006  2.411e-006  2.473e-006
53  9.854e-001  1.270e-002  1.854e-003  1.801e-001  8.176e-001  2.295e-003 
53 1-1  4.538e-006
53 1-2 -4.261e-006  4.362e-006
53 1-3 -2.766e-007 -1.006e-007  3.771e-007
53 2-1 -1.547e-005  1.433e-005  1.137e-006  8.413e-004
53 2-2  1.544e-005 -1.461e-005 -8.306e-007 -8.362e-004  8.341e-004
53 2-3  2.703e-008  2.799e-007 -3.069e-007 -5.098e-006  2.167e-006  2.930e-006
54  9.846e-001  1.339e-002  2.028e-003  1.776e-001  8.199e-001  2.579e-003 
54 1-1  4.661e-006
54 1-2 -4.348e-006  4.453e-006
54 1-3 -3.130e-007 -1.044e-007  4.173e-007
54 2-1 -1.491e-005  1.378e-005  1.133e-006  7.604e-004
54 2-2  1.487e-005 -1.409e-005 -7.817e-007 -7.551e-004  7.532e-004
54 2-3  4.605e-008  3.049e-007 -3.510e-007 -5.318e-006  1.853e-006  3.465e-006
55  9.837e-001  1.412e-002  2.220e-003  1.750e-001  8.221e-001  2.898e-003 
55 1-1  4.778e-006
55 1-2 -4.426e-006  4.533e-006
55 1-3 -3.527e-007 -1.078e-007  4.605e-007
55 2-1 -1.435e-005  1.322e-005  1.125e-006  6.857e-004
55 2-2  1.428e-005 -1.355e-005 -7.251e-007 -6.801e-004  6.787e-004
55 2-3  6.929e-008  3.309e-007 -4.002e-007 -5.544e-006  1.456e-006  4.088e-006
56  9.827e-001  1.489e-002  2.429e-003  1.725e-001  8.242e-001  3.257e-003 
56 1-1  4.888e-006
56 1-2 -4.492e-006  4.603e-006
56 1-3 -3.960e-007 -1.107e-007  5.067e-007
56 2-1 -1.377e-005  1.266e-005  1.116e-006  6.168e-004
56 2-2  1.368e-005 -1.302e-005 -6.605e-007 -6.110e-004  6.100e-004
56 2-3  9.733e-008  3.578e-007 -4.551e-007 -5.778e-006  9.666e-007  4.811e-006
57  9.816e-001  1.570e-002  2.658e-003  1.700e-001  8.263e-001  3.659e-003 
57 1-1  4.990e-006
57 1-2 -4.547e-006  4.660e-006
57 1-3 -4.428e-007 -1.131e-007  5.559e-007
57 2-1 -1.319e-005  1.209e-005  1.104e-006  5.536e-004
57 2-2  1.306e-005 -1.247e-005 -5.877e-007 -5.475e-004  5.472e-004
57 2-3  1.308e-007  3.853e-007 -5.160e-007 -6.018e-006  3.707e-007  5.647e-006
58  9.805e-001  1.656e-002  2.908e-003  1.675e-001  8.284e-001  4.111e-003 
58 1-1  5.084e-006
58 1-2 -4.591e-006  4.706e-006
58 1-3 -4.931e-007 -1.149e-007  6.080e-007
58 2-1 -1.261e-005  1.152e-005  1.090e-006  4.957e-004
58 2-2  1.244e-005 -1.193e-005 -5.068e-007 -4.894e-004  4.898e-004
58 2-3  1.702e-007  4.130e-007 -5.832e-007 -6.265e-006 -3.445e-007  6.609e-006
59  9.794e-001  1.745e-002  3.181e-003  1.651e-001  8.303e-001  4.618e-003 
59 1-1  5.171e-006
59 1-2 -4.624e-006  4.740e-006
59 1-3 -5.468e-007 -1.160e-007  6.629e-007
59 2-1 -1.202e-005  1.095e-005  1.075e-006  4.430e-004
59 2-2  1.181e-005 -1.139e-005 -4.177e-007 -4.365e-004  4.376e-004
59 2-3  2.163e-007  4.406e-007 -6.569e-007 -6.519e-006 -1.193e-006  7.712e-006
60  9.781e-001  1.840e-002  3.480e-003  1.626e-001  8.322e-001  5.187e-003 
60 1-1  5.251e-006
60 1-2 -4.647e-006  4.763e-006
60 1-3 -6.038e-007 -1.165e-007  7.203e-007
60 2-1 -1.145e-005  1.039e-005  1.058e-006  3.951e-004
60 2-2  1.118e-005 -1.086e-005 -3.211e-007 -3.883e-004  3.905e-004
60 2-3  2.695e-007  4.676e-007 -7.372e-007 -6.781e-006 -2.189e-006  8.970e-006
61  9.768e-001  1.940e-002  3.806e-003  1.602e-001  8.339e-001  5.826e-003 
61 1-1  5.326e-006
61 1-2 -4.662e-006  4.778e-006
61 1-3 -6.639e-007 -1.164e-007  7.803e-007
61 2-1 -1.089e-005  9.845e-006  1.041e-006  3.519e-004
61 2-2  1.056e-005 -1.034e-005 -2.173e-007 -3.449e-004  3.482e-004
61 2-3  3.304e-007  4.937e-007 -8.241e-007 -7.051e-006 -3.346e-006  1.040e-005
62  9.754e-001  2.044e-002  4.163e-003  1.578e-001  8.356e-001  6.542e-003 
62 1-1  5.398e-006
62 1-2 -4.671e-006  4.787e-006
62 1-3 -7.267e-007 -1.158e-007  8.425e-007
62 2-1 -1.034e-005  9.320e-006  1.025e-006  3.131e-004
62 2-2  9.945e-006 -9.838e-006 -1.073e-007 -3.058e-004  3.105e-004
62 2-3  3.993e-007  5.182e-007 -9.175e-007 -7.328e-006 -4.677e-006  1.201e-005
63  9.739e-001  2.155e-002  4.553e-003  1.554e-001  8.372e-001  7.346e-003 
63 1-1  5.470e-006
63 1-2 -4.678e-006  4.793e-006
63 1-3 -7.921e-007 -1.150e-007  9.071e-007
63 2-1 -9.830e-006  8.821e-006  1.009e-006  2.785e-004
63 2-2  9.354e-006 -9.362e-006  7.721e-009 -2.709e-004  2.771e-004
63 2-3  4.763e-007  5.408e-007 -1.017e-006 -7.613e-006 -6.194e-006  1.381e-005
64  9.723e-001  2.271e-002  4.979e-003  1.531e-001  8.387e-001  8.247e-003 
64 1-1  5.549e-006
64 1-2 -4.689e-006  4.804e-006
64 1-3 -8.596e-007 -1.143e-007  9.739e-007
64 2-1 -9.351e-006  8.355e-006  9.962e-007  2.478e-004
64 2-2  8.790e-006 -8.916e-006  1.261e-007 -2.399e-004  2.478e-004
64 2-3  5.614e-007  5.608e-007 -1.122e-006 -7.904e-006 -7.905e-006  1.581e-005
65  9.706e-001  2.392e-002  5.444e-003  1.507e-001  8.400e-001  9.258e-003 
65 1-1  5.640e-006
65 1-2 -4.711e-006  4.825e-006
65 1-3 -9.291e-007 -1.144e-007  1.043e-006
65 2-1 -8.916e-006  7.930e-006  9.866e-007  2.209e-004
65 2-2  8.262e-006 -8.508e-006  2.457e-007 -2.127e-004  2.225e-004
65 2-3  6.543e-007  5.780e-007 -1.232e-006 -8.202e-006 -9.815e-006  1.802e-005
66  9.688e-001  2.521e-002  5.952e-003  1.484e-001  8.412e-001  1.039e-002 
66 1-1  5.751e-006
66 1-2 -4.751e-006  4.867e-006
66 1-3 -1.000e-006 -1.160e-007  1.116e-006
66 2-1 -8.535e-006  7.552e-006  9.821e-007  1.975e-004
66 2-2  7.780e-006 -8.145e-006  3.643e-007 -1.890e-004  2.010e-004
66 2-3  7.542e-007  5.922e-007 -1.346e-006 -8.504e-006 -1.192e-005  2.043e-005
67  9.669e-001  2.655e-002  6.507e-003  1.460e-001  8.423e-001  1.166e-002 
67 1-1  5.895e-006
67 1-2 -4.821e-006  4.942e-006
67 1-3 -1.074e-006 -1.205e-007  1.194e-006
67 2-1 -8.217e-006  7.232e-006  9.846e-007  1.775e-004
67 2-2  7.357e-006 -7.836e-006  4.788e-007 -1.686e-004  1.829e-004
67 2-3  8.598e-007  6.035e-007 -1.463e-006 -8.808e-006 -1.422e-005  2.303e-005
68  9.649e-001  2.797e-002  7.112e-003  1.437e-001  8.432e-001  1.308e-002 
68 1-1  6.085e-006
68 1-2 -4.936e-006  5.065e-006
68 1-3 -1.150e-006 -1.294e-007  1.279e-006
68 2-1 -7.973e-006  6.977e-006  9.962e-007  1.605e-004
68 2-2  7.004e-006 -7.590e-006  5.860e-007 -1.514e-004  1.681e-004
68 2-3  9.695e-007  6.127e-007 -1.582e-006 -9.113e-006 -1.670e-005  2.581e-005
69  9.628e-001  2.946e-002  7.773e-003  1.414e-001  8.439e-001  1.467e-002 
69 1-1  6.341e-006
69 1-2 -5.111e-006  5.256e-006
69 1-3 -1.230e-006 -1.450e-007  1.375e-006
69 2-1 -7.817e-006  6.797e-006  1.020e-006  1.465e-004
69 2-2  6.736e-006 -7.418e-006  6.825e-007 -1.370e-004  1.564e-004
69 2-3  1.081e-006  6.211e-007 -1.702e-006 -9.414e-006 -1.933e-005  2.874e-005
70  9.605e-001  3.102e-002  8.493e-003  1.391e-001  8.445e-001  1.645e-002 
70 1-1  6.684e-006
70 1-2 -5.367e-006  5.538e-006
70 1-3 -1.317e-006 -1.704e-007  1.487e-006
70 2-1 -7.760e-006  6.702e-006  1.058e-006  1.351e-004
70 2-2  6.568e-006 -7.333e-006  7.647e-007 -1.254e-004  1.475e-004
70 2-3  1.191e-006  6.311e-007 -1.823e-006 -9.709e-006 -2.207e-005  3.178e-005
71  9.581e-001  3.266e-002  9.279e-003  1.368e-001  8.448e-001  1.845e-002 
71 1-1  7.144e-006
71 1-2 -5.730e-006  5.940e-006
71 1-3 -1.414e-006 -2.095e-007  1.623e-006
71 2-1 -7.816e-006  6.701e-006  1.114e-006  1.263e-004
71 2-2  6.518e-006 -7.348e-006  8.294e-007 -1.163e-004  1.412e-004
71 2-3  1.297e-006  6.466e-007 -1.944e-006 -9.992e-006 -2.488e-005  3.487e-005
72  9.555e-001  3.438e-002  1.014e-002  1.345e-001  8.449e-001  2.068e-002 
72 1-1  7.757e-006
72 1-2 -6.229e-006  6.496e-006
72 1-3 -1.528e-006 -2.678e-007  1.796e-006
72 2-1 -7.999e-006  6.805e-006  1.194e-006  1.199e-004
72 2-2  6.604e-006 -7.479e-006  8.745e-007 -1.096e-004  1.373e-004
72 2-3  1.395e-006  6.735e-007 -2.068e-006 -1.026e-005 -2.769e-005  3.795e-005
73  9.527e-001  3.618e-002  1.107e-002  1.322e-001  8.447e-001  2.317e-002 
73 1-1  8.566e-006
73 1-2 -6.898e-006  7.250e-006
73 1-3 -1.668e-006 -3.521e-007  2.020e-006
73 2-1 -8.326e-006  7.025e-006  1.301e-006  1.156e-004
73 2-2  6.846e-006 -7.745e-006  8.992e-007 -1.051e-004  1.355e-004
73 2-3  1.480e-006  7.202e-007 -2.200e-006 -1.051e-005 -3.043e-005  4.095e-005
74  9.498e-001  3.808e-002  1.209e-002  1.298e-001  8.442e-001  2.595e-002 
74 1-1  9.626e-006
74 1-2 -7.778e-006  8.249e-006
74 1-3 -1.848e-006 -4.715e-007  2.320e-006
74 2-1 -8.811e-006  7.369e-006  1.442e-006  1.133e-004
74 2-2  7.262e-006 -8.168e-006  9.059e-007 -1.025e-004  1.356e-004
74 2-3  1.549e-006  7.985e-007 -2.348e-006 -1.075e-005 -3.304e-005  4.379e-005
75  9.467e-001  4.006e-002  1.320e-002  1.275e-001  8.434e-001  2.906e-002 
75 1-1  1.100e-005
75 1-2 -8.916e-006  9.553e-006
75 1-3 -2.087e-006 -6.376e-007  2.724e-006
75 2-1 -9.473e-006  7.849e-006  1.624e-006  1.127e-004
75 2-2  7.873e-006 -8.774e-006  9.012e-007 -1.018e-004  1.372e-004
75 2-3  1.600e-006  9.249e-007 -2.525e-006 -1.096e-005 -3.545e-005  4.641e-005
76  9.435e-001  4.214e-002  1.441e-002  1.252e-001  8.423e-001  3.252e-002 
76 1-1  1.278e-005
76 1-2 -1.037e-005  1.123e-005
76 1-3 -2.411e-006 -8.653e-007  3.276e-006
76 2-1 -1.033e-005  8.473e-006  1.856e-006  1.138e-004
76 2-2  8.696e-006 -9.594e-006  8.984e-007 -1.026e-004  1.402e-004
76 2-3  1.633e-006  1.122e-006 -2.755e-006 -1.117e-005 -3.760e-005  4.878e-005
77  9.400e-001  4.431e-002  1.572e-002  1.228e-001  8.408e-001  3.638e-002 
77 1-1  1.505e-005
77 1-2 -1.219e-005  1.337e-005
77 1-3 -2.856e-006 -1.174e-006  4.030e-006
77 2-1 -1.140e-005  9.249e-006  2.149e-006  1.163e-004
77 2-2  9.747e-006 -1.067e-005  9.203e-007 -1.050e-004  1.445e-004
77 2-3  1.651e-006  1.419e-006 -3.069e-006 -1.139e-005 -3.952e-005  5.092e-005
78  9.363e-001  4.659e-002  1.715e-002  1.205e-001  8.388e-001  4.068e-002 
78 1-1  1.793e-005
78 1-2 -1.446e-005  1.605e-005
78 1-3 -3.471e-006 -1.588e-006  5.059e-006
78 2-1 -1.270e-005  1.018e-005  2.515e-006  1.202e-004
78 2-2  1.104e-005 -1.204e-005  1.003e-006 -1.085e-004  1.498e-004
78 2-3  1.663e-006  1.855e-006 -3.518e-006 -1.166e-005 -4.130e-005  5.296e-005
79  9.323e-001  4.897e-002  1.871e-002  1.181e-001  8.364e-001  4.546e-002 
79 1-1  2.158e-005
79 1-2 -1.725e-005  1.939e-005
79 1-3 -4.322e-006 -2.138e-006  6.459e-006
79 2-1 -1.425e-005  1.128e-005  2.970e-006  1.251e-004
79 2-2  1.257e-005 -1.377e-005  1.202e-006 -1.130e-004  1.562e-004
79 2-3  1.690e-006  2.482e-006 -4.172e-006 -1.203e-005 -4.316e-005  5.519e-005
80  9.281e-001  5.146e-002  2.040e-002  1.157e-001  8.335e-001  5.077e-002 
80 1-1  2.615e-005
80 1-2 -2.066e-005  2.352e-005
80 1-3 -5.493e-006 -2.863e-006  8.356e-006
80 2-1 -1.609e-005  1.255e-005  3.533e-006  1.309e-004
80 2-2  1.432e-005 -1.592e-005  1.595e-006 -1.183e-004  1.639e-004
80 2-3  1.762e-006  3.366e-006 -5.128e-006 -1.258e-005 -4.556e-005  5.814e-005
81  9.237e-001  5.406e-002  2.224e-002  1.133e-001  8.301e-001  5.666e-002 
81 1-1  3.186e-005
81 1-2 -2.477e-005  2.858e-005
81 1-3 -7.096e-006 -3.814e-006  1.091e-005
81 2-1 -1.821e-005  1.399e-005  4.227e-006  1.375e-004
81 2-2  1.628e-005 -1.858e-005  2.296e-006 -1.241e-004  1.733e-004
81 2-3  1.932e-006  4.590e-006 -6.522e-006 -1.345e-005 -4.925e-005  6.270e-005
82  9.190e-001  5.677e-002  2.423e-002  1.108e-001  8.260e-001  6.319e-002 
82 1-1  3.896e-005
82 1-2 -2.969e-005  3.474e-005
82 1-3 -9.276e-006 -5.052e-006  1.433e-005
82 2-1 -2.067e-005  1.559e-005  5.079e-006  1.447e-004
82 2-2  1.839e-005 -2.185e-005  3.458e-006 -1.299e-004  1.854e-004
82 2-3  2.276e-006  6.261e-006 -8.537e-006 -1.480e-005 -5.544e-005  7.024e-005
83  9.140e-001  5.959e-002  2.640e-002  1.083e-001  8.213e-001  7.041e-002 
83 1-1  4.774e-005
83 1-2 -3.552e-005  4.218e-005
83 1-3 -1.222e-005 -6.656e-006  1.887e-005
83 2-1 -2.346e-005  1.734e-005  6.123e-006  1.524e-004
83 2-2  2.056e-005 -2.585e-005  5.292e-006 -1.355e-004  2.015e-004
83 2-3  2.903e-006  8.512e-006 -1.141e-005 -1.690e-005 -6.592e-005  8.282e-005
84  9.087e-001  6.254e-002  2.875e-002  1.057e-001  8.159e-001  7.839e-002 
84 1-1  5.855e-005
84 1-2 -4.240e-005  5.112e-005
84 1-3 -1.615e-005 -8.724e-006  2.488e-005
84 2-1 -2.664e-005  1.924e-005  7.400e-006  1.605e-004
84 2-2  2.267e-005 -3.075e-005  8.076e-006 -1.404e-004  2.237e-004
84 2-3  3.970e-006  1.151e-005 -1.548e-005 -2.008e-005 -8.330e-005  1.034e-004
85  9.031e-001  6.560e-002  3.129e-002  1.032e-001  8.097e-001  8.719e-002 
85 1-1  7.181e-005
85 1-2 -5.043e-005  6.181e-005
85 1-3 -2.138e-005 -1.138e-005  3.276e-005
85 2-1 -3.022e-005  2.126e-005  8.959e-006  1.687e-004
85 2-2  2.453e-005 -3.671e-005  1.217e-005 -1.439e-004  2.551e-004
85 2-3  5.686e-006  1.545e-005 -2.113e-005 -2.478e-005 -1.112e-004  1.360e-004
86  8.972e-001  6.879e-002  3.405e-002  1.005e-001  8.026e-001  9.686e-002 
86 1-1  8.801e-005
86 1-2 -5.974e-005  7.451e-005
86 1-3 -2.828e-005 -1.477e-005  4.305e-005
86 2-1 -3.423e-005  2.338e-005  1.086e-005  1.770e-004
86 2-2  2.590e-005 -4.396e-005  1.806e-005 -1.454e-004  2.999e-004
86 2-3  8.333e-006  2.058e-005 -2.891e-005 -3.159e-005 -1.545e-004  1.861e-004
87  8.909e-001  7.210e-002  3.703e-002  9.784e-002  7.947e-001  1.075e-001 
87 1-1  1.077e-004
87 1-2 -7.043e-005  8.953e-005
87 1-3 -3.729e-005 -1.910e-005  5.639e-005
87 2-1 -3.872e-005  2.556e-005  1.316e-005  1.852e-004
87 2-2  2.644e-005 -5.276e-005  2.632e-005 -1.440e-004  3.637e-004
87 2-3  1.228e-005  2.720e-005 -3.948e-005 -4.122e-005 -2.197e-004  2.609e-004
88  8.842e-001  7.554e-002  4.026e-002  9.510e-002  7.858e-001  1.191e-001 
88 1-1  1.316e-004
88 1-2 -8.262e-005  1.072e-004
88 1-3 -4.900e-005 -2.458e-005  7.359e-005
88 2-1 -4.372e-005  2.776e-005  1.596e-005  1.933e-004
88 2-2  2.572e-005 -6.342e-005  3.770e-005 -1.387e-004  4.538e-004
88 2-3  1.800e-005  3.566e-005 -5.366e-005 -5.458e-005 -3.150e-004  3.696e-004
89  8.772e-001  7.910e-002  4.375e-002  9.231e-002  7.759e-001  1.318e-001 
89 1-1  1.605e-004
89 1-2 -9.639e-005  1.279e-004
89 1-3 -6.410e-005 -3.152e-005  9.562e-005
89 2-1 -4.926e-005  2.993e-005  1.933e-005  2.012e-004
89 2-2  2.319e-005 -7.630e-005  5.311e-005 -1.285e-004  5.794e-004
89 2-3  2.607e-005  4.637e-005 -7.244e-005 -7.271e-005 -4.509e-004  5.236e-004
90  8.697e-001  8.278e-002  4.751e-002  8.946e-002  7.649e-001  1.456e-001 
90 1-1  1.952e-004
90 1-2 -1.118e-004  1.521e-004
90 1-3 -8.342e-005 -4.027e-005  1.237e-004
90 2-1 -5.540e-005  3.201e-005  2.339e-005  2.089e-004
90 2-2  1.817e-005 -9.181e-005  7.364e-005 -1.121e-004  7.518e-004
90 2-3  3.723e-005  5.980e-005 -9.703e-005 -9.685e-005 -6.397e-004  7.366e-004