
# model  
#****** Result for:******
# EEFadl.txt
#IMaCh version 0.99r45, April 2023,INED-EUROREVES-Institut de longevite-Japan Society for the Promotion of Science (Grant-in-Aid for Scientific Research 25293121), Intel Software 2015-2020, Nihon University 2021-202, INED 2000-2022
#$Revision: 1.353 $ $Date: 2023/05/08 18:48:22 $
# Tue Feb 04 22:03:38 2025
# Total life expectancy with std error and decomposition into time to be expected in each health state
#  (weighted average of eij where weights are the age specific forward period (stable) prevalences in each health state 
# Age popbased mobilav e.. (std) e.1 (std) e.2 (std) 
   50 0 0  31.411 (  0.825)  26.754 (  0.741)   4.657 (  0.372)
   51 0 0  30.501 (  0.809)  25.879 (  0.726)   4.622 (  0.366)
   52 0 0  29.597 (  0.792)  25.012 (  0.710)   4.585 (  0.361)
   53 0 0  28.699 (  0.775)  24.153 (  0.695)   4.547 (  0.356)
   54 0 0  27.808 (  0.759)  23.302 (  0.680)   4.506 (  0.350)
   55 0 0  26.924 (  0.743)  22.461 (  0.666)   4.463 (  0.345)
   56 0 0  26.047 (  0.727)  21.629 (  0.651)   4.417 (  0.340)
   57 0 0  25.177 (  0.712)  20.808 (  0.637)   4.369 (  0.335)
   58 0 0  24.316 (  0.698)  19.996 (  0.624)   4.319 (  0.331)
   59 0 0  23.463 (  0.684)  19.196 (  0.611)   4.267 (  0.326)
   60 0 0  22.619 (  0.670)  18.407 (  0.598)   4.211 (  0.322)
   61 0 0  21.784 (  0.657)  17.631 (  0.586)   4.153 (  0.318)
   62 0 0  20.959 (  0.645)  16.867 (  0.574)   4.093 (  0.314)
   63 0 0  20.144 (  0.633)  16.115 (  0.564)   4.029 (  0.310)
   64 0 0  19.341 (  0.621)  15.378 (  0.553)   3.962 (  0.306)
   65 0 0  18.549 (  0.611)  14.656 (  0.543)   3.893 (  0.303)
   66 0 0  17.768 (  0.600)  13.948 (  0.534)   3.820 (  0.300)
   67 0 0  17.001 (  0.590)  13.256 (  0.525)   3.745 (  0.296)
   68 0 0  16.246 (  0.581)  12.580 (  0.517)   3.667 (  0.293)
   69 0 0  15.505 (  0.571)  11.920 (  0.509)   3.585 (  0.290)
   70 0 0  14.779 (  0.562)  11.278 (  0.502)   3.501 (  0.288)
   71 0 0  14.068 (  0.554)  10.654 (  0.494)   3.413 (  0.285)
   72 0 0  13.372 (  0.561)  10.049 (  0.500)   3.323 (  0.279)
   73 0 0  12.693 (  0.538)   9.463 (  0.481)   3.230 (  0.279)
   74 0 0  12.030 (  0.546)   8.896 (  0.488)   3.134 (  0.273)
   75 0 0  11.386 (  0.539)   8.350 (  0.482)   3.036 (  0.270)
   76 0 0  10.760 (  0.517)   7.824 (  0.463)   2.936 (  0.271)
   77 0 0  10.153 (  0.511)   7.319 (  0.457)   2.834 (  0.268)
   78 0 0   9.566 (  0.505)   6.836 (  0.451)   2.730 (  0.266)
   79 0 0   8.999 (  0.500)   6.374 (  0.445)   2.625 (  0.264)
   80 0 0   8.453 (  0.496)   5.935 (  0.439)   2.518 (  0.263)
   81 0 0   7.928 (  0.492)   5.517 (  0.433)   2.411 (  0.261)
   82 0 0   7.425 (  0.488)   5.122 (  0.426)   2.304 (  0.261)
   83 0 0   6.944 (  0.484)   4.748 (  0.419)   2.196 (  0.261)
   84 0 0   6.486 (  0.480)   4.397 (  0.412)   2.089 (  0.261)
   85 0 0   6.050 (  0.476)   4.067 (  0.404)   1.983 (  0.262)
   86 0 0   5.637 (  0.471)   3.758 (  0.395)   1.879 (  0.263)
   87 0 0   5.247 (  0.465)   3.471 (  0.386)   1.776 (  0.264)
   88 0 0   4.879 (  0.458)   3.203 (  0.376)   1.676 (  0.266)
   89 0 0   4.533 (  0.450)   2.956 (  0.367)   1.578 (  0.267)
   90 0 0   4.209 (  0.440)   2.727 (  0.357)   1.483 (  0.268)
