# Powell
# iter -2*LL p12 p13 p21 p23
1 1 1115.310531551136 0 -7.458338100000 0.068335300000 -10.291119000000 0.101640400000 4.279213400000 -0.070925100000 -5.974615000000 0.065278200000
2 2 1041.849359346031 1 -7.839202721268 0.068165667428 -11.279536226971 0.101202906492 3.611093485091 -0.070381183548 -6.792218180642 0.065238652468
3 2 1037.703113107143 1 -7.998494128148 0.068098205121 -11.096396230427 0.101029578443 3.365181573123 -0.070070663902 -6.909541697158 0.065209910947
4 3 1037.331150172551 1 -8.065268682394 0.068027529346 -11.067645182248 0.100893584916 3.305596532639 -0.069790593657 -6.933809666357 0.065179303553
5 3 1037.267354434112 2 -8.084846750806 0.067810612756 -11.025021508892 0.100492343891 3.229011688570 -0.068938197171 -6.940109141591 0.065085064584
6 4 1037.196865853887 2 -8.070975628674 0.067389869930 -10.960317383318 0.099713941568 3.120144257900 -0.067422686086 -6.943418848385 0.065101484970
7 4 1037.021167998436 2 -8.040617517720 0.066761829576 -10.753844219260 0.097023261006 2.775177762139 -0.062346296314 -6.948408584195 0.065216074942
8 5 1036.824638380836 2 -7.995645700864 0.066638572454 -10.650079635466 0.095450155563 2.606971690347 -0.059538584057 -6.944509095841 0.065341081377
9 5 1036.782570553319 3 -7.964023744636 0.066561706434 -10.574297398991 0.094316222485 2.485542100779 -0.057540335838 -6.942760196803 0.065405150132
10 6 1036.782531855035 3 -7.964216828176 0.066565598317 -10.574356149524 0.094318254083 2.486266336971 -0.057555967142 -6.943587938064 0.065415074745
11 6 1036.781680352876 3 -7.968159025500 0.066606702200 -10.552665440018 0.094007495462 2.473425439477 -0.057376067123 -6.987130444698 0.065978537275
12 7 1036.781297550959 4 -7.970633949914 0.066654159051 -10.552427573005 0.094010811364 2.483137156018 -0.057516917547 -7.000516352700 0.066158010311
13 7 1036.781241814531 4 -7.972069157491 0.066681952590 -10.552494137689 0.094012650494 2.488676871020 -0.057595996151 -7.007797955748 0.066256595758
14 8 1036.781239657158 4 -7.972105275777 0.066682554254 -10.552583516174 0.094013593369 2.488813646873 -0.057597951617 -7.007525999783 0.066253035412
15 8 1036.781049989418 4 -7.979705189762 0.066791488319 -10.544456341442 0.093900118886 2.495071111852 -0.057692270486 -6.993860926358 0.066080789538
16 9 1036.781026654064 5 -7.980896684751 0.066807482714 -10.540268570672 0.093842234143 2.493327694350 -0.057666334840 -6.998441705942 0.066143318731
17 9 1036.781024967403 5 -7.981294798166 0.066812747914 -10.538991950611 0.093823734726 2.492590499518 -0.057655183932 -6.999713078678 0.066160833262
18 10 1036.781023815592 5 -7.981681053922 0.066817965606 -10.538318558737 0.093814371274 2.492255886941 -0.057650353044 -7.000280386104 0.066168524798
19 10 1036.781022753854 6 -7.981974942664 0.066821814127 -10.537852345902 0.093807971355 2.491853989776 -0.057644642929 -7.001158071725 0.066180024355
20 11 1036.781016628947 6 -7.983253916115 0.066838970515 -10.536982728932 0.093796159873 2.490263973334 -0.057622133040 -7.004072063190 0.066218040989
21 11 1036.781007812866 6 -7.984825285596 0.066860700122 -10.536916536406 0.093795107568 2.488676550542 -0.057599458250 -7.005852535708 0.066241527214
22 12 1036.781002044501 7 -7.986496713419 0.066884359353 -10.536539164172 0.093789070422 2.487541450540 -0.057582689435 -7.005842451009 0.066242624317
23 12 1036.780987096069 7 -7.989037107690 0.066921451137 -10.538028572715 0.093808403434 2.486157961877 -0.057561222681 -7.002773205840 0.066204579617
24 13 1036.780978856451 7 -7.988420301981 0.066912945691 -10.540020208214 0.093836552215 2.485574234121 -0.057552251329 -7.002963571655 0.066206017464
25 13 1036.780974938336 8 -7.987487087550 0.066900385814 -10.542336213839 0.093869340871 2.486132073432 -0.057560230854 -7.001641122272 0.066187594179
26 14 1036.780974915718 8 -7.987482541459 0.066900353738 -10.542310923798 0.093868910114 2.486243869733 -0.057561899191 -7.001534051228 0.066186237445
27 14 1036.780974911876 8 -7.987472554689 0.066900233867 -10.542289591871 0.093868576006 2.486296796140 -0.057562667049 -7.001450849389 0.066185182149
28 15 1036.780974911845 9 -7.987469634551 0.066900191120 -10.542289667029 0.093868587570 2.486297127758 -0.057562667537 -7.001449181502 0.066185157565
29 15 1036.780974911845 9 -7.987469634550 0.066900191120 -10.542289667029 0.093868587570 2.486297127759 -0.057562667537 -7.001449181502 0.066185157565
30 16 1036.780974911844 10 -7.987469634550 0.066900191120 -10.542289667029 0.093868587570 2.486297127759 -0.057562667537 -7.001449181502 0.066185157565
