# HRMadl.txt
#IMaCh version 0.99r45, April 2023,INED-EUROREVES-Institut de longevite-Japan Society for the Promotion of Science (Grant-in-Aid for Scientific Research 25293121), Intel Software 2015-2020, Nihon University 2021-202, INED 2000-2022
#$Revision: 1.353 $ $Date: 2023/05/08 18:48:22 $
# Tue Feb 04 22:03:38 2025
# probabilities of dying before estepm=6 months for people of exact age and weighted probabilities w1*p1j+w2*p2j+... stand dev in()
# Selected quantitative variables and dummies
# Age cov=1 p.3 SE w1 p13 w2 p23
 50 1   3.089e-003  1.191e-003  9.796e-001  2.848e-003   2.043e-002  1.465e-002 
 51 1   3.413e-003  1.255e-003  9.776e-001  3.125e-003   2.243e-002  1.599e-002 
 52 1   3.774e-003  1.321e-003  9.754e-001  3.429e-003   2.461e-002  1.744e-002 
 53 1   4.174e-003  1.389e-003  9.730e-001  3.762e-003   2.701e-002  1.901e-002 
 54 1   4.619e-003  1.460e-003  9.704e-001  4.128e-003   2.964e-002  2.069e-002 
 55 1   5.113e-003  1.532e-003  9.675e-001  4.528e-003   3.253e-002  2.251e-002 
 56 1   5.663e-003  1.607e-003  9.643e-001  4.967e-003   3.569e-002  2.446e-002 
 57 1   6.274e-003  1.685e-003  9.609e-001  5.448e-003   3.915e-002  2.656e-002 
 58 1   6.955e-003  1.766e-003  9.571e-001  5.975e-003   4.293e-002  2.881e-002 
 59 1   7.713e-003  1.850e-003  9.530e-001  6.552e-003   4.706e-002  3.122e-002 
 60 1   8.556e-003  1.938e-003  9.485e-001  7.183e-003   5.155e-002  3.381e-002 
 61 1   9.496e-003  2.030e-003  9.436e-001  7.875e-003   5.645e-002  3.659e-002 
 62 1   1.054e-002  2.128e-003  9.383e-001  8.631e-003   6.175e-002  3.956e-002 
 63 1   1.171e-002  2.233e-003  9.325e-001  9.459e-003   6.751e-002  4.273e-002 
 64 1   1.300e-002  2.345e-003  9.263e-001  1.036e-002   7.373e-002  4.611e-002 
 65 1   1.444e-002  2.466e-003  9.196e-001  1.135e-002   8.044e-002  4.973e-002 
 66 1   1.604e-002  2.599e-003  9.124e-001  1.244e-002   8.768e-002  5.358e-002 
 67 1   1.782e-002  2.746e-003  9.046e-001  1.362e-002   9.543e-002  5.768e-002 
 68 1   1.980e-002  2.910e-003  8.963e-001  1.491e-002   1.038e-001  6.205e-002 
 69 1   2.199e-002  3.095e-003  8.874e-001  1.632e-002   1.126e-001  6.669e-002 
 70 1   2.442e-002  3.307e-003  8.780e-001  1.785e-002   1.221e-001  7.161e-002 
 71 1   2.710e-002  3.550e-003  8.679e-001  1.953e-002   1.321e-001  7.684e-002 
 72 1   3.007e-002  3.835e-003  8.573e-001  2.136e-002   1.428e-001  8.238e-002 
 73 1   3.334e-002  4.168e-003  8.460e-001  2.334e-002   1.540e-001  8.824e-002 
 74 1   3.695e-002  4.561e-003  8.342e-001  2.551e-002   1.659e-001  9.444e-002 
 75 1   4.090e-002  5.025e-003  8.218e-001  2.786e-002   1.783e-001  1.010e-001 
 76 1   4.525e-002  5.574e-003  8.089e-001  3.042e-002   1.913e-001  1.079e-001 
 77 1   4.999e-002  6.218e-003  7.953e-001  3.320e-002   2.048e-001  1.152e-001 
 78 1   5.518e-002  6.974e-003  7.813e-001  3.622e-002   2.188e-001  1.229e-001 
 79 1   6.084e-002  7.855e-003  7.667e-001  3.948e-002   2.334e-001  1.309e-001 
 80 1   6.698e-002  8.870e-003  7.516e-001  4.302e-002   2.485e-001  1.394e-001 
 81 1   7.364e-002  1.004e-002  7.361e-001  4.685e-002   2.640e-001  1.483e-001 
 82 1   8.085e-002  1.136e-002  7.202e-001  5.099e-002   2.800e-001  1.576e-001 
 83 1   8.862e-002  1.286e-002  7.038e-001  5.545e-002   2.963e-001  1.674e-001 
 84 1   9.699e-002  1.454e-002  6.871e-001  6.026e-002   3.130e-001  1.775e-001 
 85 1   1.060e-001  1.640e-002  6.701e-001  6.544e-002   3.301e-001  1.882e-001 
 86 1   1.156e-001  1.847e-002  6.527e-001  7.101e-002   3.475e-001  1.992e-001 
 87 1   1.258e-001  2.072e-002  6.350e-001  7.698e-002   3.651e-001  2.107e-001 
 88 1   1.367e-001  2.319e-002  6.171e-001  8.338e-002   3.831e-001  2.227e-001 
 89 1   1.483e-001  2.585e-002  5.990e-001  9.022e-002   4.012e-001  2.350e-001 
 90 1   1.606e-001  2.872e-002  5.806e-001  9.752e-002   4.196e-001  2.478e-001 
