# HRMadl.txt
#IMaCh version 0.99r45, April 2023,INED-EUROREVES-Institut de longevite-Japan Society for the Promotion of Science (Grant-in-Aid for Scientific Research 25293121), Intel Software 2015-2020, Nihon University 2021-202, INED 2000-2022
#$Revision: 1.353 $ $Date: 2023/05/08 18:48:22 $
# Tue Feb 04 22:03:38 2025
#One-step probabilities and stand. devi in ()
# Age p1-1 (SE) p1-2 (SE) p1-3 (SE) p2-1 (SE) p2-2 (SE) p2-3 (SE)
50  9.876e-001 ( 3.418e-003)  9.515e-003 ( 3.296e-003)  2.848e-003 ( 1.231e-003)  3.974e-001 ( 9.770e-002)  5.880e-001 ( 9.663e-002)  1.465e-002 ( 1.024e-002) 
51  9.867e-001 ( 3.514e-003)  1.016e-002 ( 3.375e-003)  3.125e-003 ( 1.298e-003)  3.833e-001 ( 9.204e-002)  6.007e-001 ( 9.106e-002)  1.599e-002 ( 1.079e-002) 
52  9.857e-001 ( 3.608e-003)  1.086e-002 ( 3.451e-003)  3.429e-003 ( 1.367e-003)  3.693e-001 ( 8.646e-002)  6.132e-001 ( 8.558e-002)  1.744e-002 ( 1.134e-002) 
53  9.846e-001 ( 3.701e-003)  1.159e-002 ( 3.523e-003)  3.762e-003 ( 1.438e-003)  3.556e-001 ( 8.098e-002)  6.254e-001 ( 8.023e-002)  1.901e-002 ( 1.191e-002) 
54  9.835e-001 ( 3.791e-003)  1.238e-002 ( 3.591e-003)  4.128e-003 ( 1.510e-003)  3.421e-001 ( 7.565e-002)  6.372e-001 ( 7.504e-002)  2.069e-002 ( 1.248e-002) 
55  9.822e-001 ( 3.878e-003)  1.322e-002 ( 3.655e-003)  4.528e-003 ( 1.583e-003)  3.288e-001 ( 7.049e-002)  6.487e-001 ( 7.005e-002)  2.251e-002 ( 1.305e-002) 
56  9.809e-001 ( 3.963e-003)  1.412e-002 ( 3.714e-003)  4.967e-003 ( 1.658e-003)  3.157e-001 ( 6.555e-002)  6.598e-001 ( 6.530e-002)  2.446e-002 ( 1.362e-002) 
57  9.795e-001 ( 4.044e-003)  1.507e-002 ( 3.769e-003)  5.448e-003 ( 1.734e-003)  3.029e-001 ( 6.086e-002)  6.706e-001 ( 6.083e-002)  2.656e-002 ( 1.418e-002) 
58  9.779e-001 ( 4.123e-003)  1.609e-002 ( 3.818e-003)  5.975e-003 ( 1.810e-003)  2.903e-001 ( 5.645e-002)  6.809e-001 ( 5.665e-002)  2.881e-002 ( 1.474e-002) 
59  9.763e-001 ( 4.198e-003)  1.717e-002 ( 3.864e-003)  6.552e-003 ( 1.887e-003)  2.781e-001 ( 5.236e-002)  6.907e-001 ( 5.282e-002)  3.122e-002 ( 1.529e-002) 
60  9.745e-001 ( 4.272e-003)  1.833e-002 ( 3.907e-003)  7.183e-003 ( 1.965e-003)  2.661e-001 ( 4.861e-002)  7.001e-001 ( 4.935e-002)  3.381e-002 ( 1.583e-002) 
61  9.726e-001 ( 4.344e-003)  1.956e-002 ( 3.948e-003)  7.875e-003 ( 2.044e-003)  2.544e-001 ( 4.523e-002)  7.090e-001 ( 4.626e-002)  3.659e-002 ( 1.635e-002) 
62  9.705e-001 ( 4.416e-003)  2.087e-002 ( 3.989e-003)  8.631e-003 ( 2.124e-003)  2.430e-001 ( 4.224e-002)  7.174e-001 ( 4.358e-002)  3.956e-002 ( 1.686e-002) 
63  9.683e-001 ( 4.491e-003)  2.226e-002 ( 4.035e-003)  9.459e-003 ( 2.208e-003)  2.319e-001 ( 3.965e-002)  7.253e-001 ( 4.131e-002)  4.273e-002 ( 1.735e-002) 
64  9.659e-001 ( 4.571e-003)  2.374e-002 ( 4.089e-003)  1.036e-002 ( 2.296e-003)  2.212e-001 ( 3.748e-002)  7.327e-001 ( 3.945e-002)  4.611e-002 ( 1.781e-002) 
65  9.633e-001 ( 4.662e-003)  2.532e-002 ( 4.156e-003)  1.135e-002 ( 2.391e-003)  2.108e-001 ( 3.571e-002)  7.395e-001 ( 3.798e-002)  4.973e-002 ( 1.826e-002) 
66  9.606e-001 ( 4.767e-003)  2.699e-002 ( 4.245e-003)  1.244e-002 ( 2.496e-003)  2.007e-001 ( 3.433e-002)  7.458e-001 ( 3.688e-002)  5.358e-002 ( 1.869e-002) 
67  9.576e-001 ( 4.895e-003)  2.877e-002 ( 4.363e-003)  1.362e-002 ( 2.616e-003)  1.909e-001 ( 3.330e-002)  7.514e-001 ( 3.610e-002)  5.768e-002 ( 1.911e-002) 
68  9.544e-001 ( 5.053e-003)  3.066e-002 ( 4.522e-003)  1.491e-002 ( 2.757e-003)  1.814e-001 ( 3.258e-002)  7.565e-001 ( 3.561e-002)  6.205e-002 ( 1.952e-002) 
69  9.510e-001 ( 5.253e-003)  3.266e-002 ( 4.731e-003)  1.632e-002 ( 2.926e-003)  1.723e-001 ( 3.211e-002)  7.610e-001 ( 3.536e-002)  6.669e-002 ( 1.994e-002) 
70  9.474e-001 ( 5.504e-003)  3.479e-002 ( 5.004e-003)  1.785e-002 ( 3.133e-003)  1.635e-001 ( 3.185e-002)  7.649e-001 ( 3.532e-002)  7.161e-002 ( 2.038e-002) 
71  9.434e-001 ( 5.819e-003)  3.704e-002 ( 5.350e-003)  1.953e-002 ( 3.387e-003)  1.550e-001 ( 3.174e-002)  7.682e-001 ( 3.544e-002)  7.684e-002 ( 2.086e-002) 
72  9.392e-001 ( 6.210e-003)  3.942e-002 ( 5.781e-003)  2.136e-002 ( 3.701e-003)  1.468e-001 ( 3.173e-002)  7.708e-001 ( 3.569e-002)  8.238e-002 ( 2.140e-002) 
73  9.347e-001 ( 6.690e-003)  4.195e-002 ( 6.307e-003)  2.334e-002 ( 4.087e-003)  1.390e-001 ( 3.177e-002)  7.728e-001 ( 3.606e-002)  8.824e-002 ( 2.204e-002) 
74  9.299e-001 ( 7.271e-003)  4.462e-002 ( 6.934e-003)  2.551e-002 ( 4.556e-003)  1.314e-001 ( 3.184e-002)  7.741e-001 ( 3.654e-002)  9.444e-002 ( 2.281e-002) 
75  9.247e-001 ( 7.962e-003)  4.744e-002 ( 7.671e-003)  2.786e-002 ( 5.122e-003)  1.242e-001 ( 3.191e-002)  7.748e-001 ( 3.712e-002)  1.010e-001 ( 2.375e-002) 
76  9.192e-001 ( 8.775e-003)  5.042e-002 ( 8.524e-003)  3.042e-002 ( 5.797e-003)  1.172e-001 ( 3.194e-002)  7.749e-001 ( 3.784e-002)  1.079e-001 ( 2.490e-002) 
77  9.132e-001 ( 9.717e-003)  5.356e-002 ( 9.498e-003)  3.320e-002 ( 6.594e-003)  1.106e-001 ( 3.193e-002)  7.742e-001 ( 3.870e-002)  1.152e-001 ( 2.631e-002) 
78  9.069e-001 ( 1.080e-002)  5.687e-002 ( 1.060e-002)  3.622e-002 ( 7.527e-003)  1.042e-001 ( 3.185e-002)  7.729e-001 ( 3.974e-002)  1.229e-001 ( 2.801e-002) 
79  9.002e-001 ( 1.202e-002)  6.035e-002 ( 1.183e-002)  3.948e-002 ( 8.608e-003)  9.814e-002 ( 3.171e-002)  7.709e-001 ( 4.100e-002)  1.309e-001 ( 3.003e-002) 
80  8.930e-001 ( 1.341e-002)  6.401e-002 ( 1.320e-002)  4.302e-002 ( 9.852e-003)  9.233e-002 ( 3.150e-002)  7.682e-001 ( 4.252e-002)  1.394e-001 ( 3.241e-002) 
81  8.853e-001 ( 1.495e-002)  6.785e-002 ( 1.472e-002)  4.685e-002 ( 1.127e-002)  8.679e-002 ( 3.122e-002)  7.649e-001 ( 4.434e-002)  1.483e-001 ( 3.517e-002) 
82  8.771e-001 ( 1.666e-002)  7.188e-002 ( 1.638e-002)  5.099e-002 ( 1.289e-002)  8.150e-002 ( 3.086e-002)  7.609e-001 ( 4.650e-002)  1.576e-001 ( 3.832e-002) 
83  8.685e-001 ( 1.854e-002)  7.609e-002 ( 1.820e-002)  5.545e-002 ( 1.471e-002)  7.647e-002 ( 3.043e-002)  7.562e-001 ( 4.903e-002)  1.674e-001 ( 4.187e-002) 
84  8.592e-001 ( 2.061e-002)  8.050e-002 ( 2.017e-002)  6.026e-002 ( 1.676e-002)  7.168e-002 ( 2.994e-002)  7.508e-001 ( 5.197e-002)  1.775e-001 ( 4.582e-002) 
85  8.495e-001 ( 2.286e-002)  8.509e-002 ( 2.232e-002)  6.544e-002 ( 1.906e-002)  6.712e-002 ( 2.938e-002)  7.447e-001 ( 5.533e-002)  1.882e-001 ( 5.017e-002) 
86  8.391e-001 ( 2.530e-002)  8.987e-002 ( 2.464e-002)  7.101e-002 ( 2.162e-002)  6.279e-002 ( 2.876e-002)  7.380e-001 ( 5.913e-002)  1.992e-001 ( 5.492e-002) 
87  8.282e-001 ( 2.794e-002)  9.483e-002 ( 2.713e-002)  7.698e-002 ( 2.445e-002)  5.869e-002 ( 2.809e-002)  7.306e-001 ( 6.337e-002)  2.107e-001 ( 6.006e-002) 
88  8.166e-001 ( 3.077e-002)  9.998e-002 ( 2.981e-002)  8.338e-002 ( 2.759e-002)  5.479e-002 ( 2.737e-002)  7.225e-001 ( 6.804e-002)  2.227e-001 ( 6.557e-002) 
89  8.045e-001 ( 3.380e-002)  1.053e-001 ( 3.268e-002)  9.022e-002 ( 3.104e-002)  5.111e-002 ( 2.660e-002)  7.139e-001 ( 7.313e-002)  2.350e-001 ( 7.143e-002) 
90  7.917e-001 ( 3.702e-002)  1.108e-001 ( 3.573e-002)  9.752e-002 ( 3.483e-002)  4.762e-002 ( 2.581e-002)  7.045e-001 ( 7.861e-002)  2.478e-001 ( 7.762e-002) 