
#****** ******
# HRMadl.txt
#IMaCh version 0.99r45, April 2023,INED-EUROREVES-Institut de longevite-Japan Society for the Promotion of Science (Grant-in-Aid for Scientific Research 25293121), Intel Software 2015-2020, Nihon University 2021-202, INED 2000-2022
#$Revision: 1.353 $ $Date: 2023/05/08 18:48:22 $
# Tue Feb 04 22:03:38 2025
# Variance and covariance of health expectancies e.j 
#  (weighted average of eij where weights are the age specific period (stable) prevalences in each health state 
# Age Cov(e.1, e.1) Cov(e.1, e.2) Cov(e.2, e.1) Cov(e.2, e.2)
50  1.2427 0.0873 0.0873 0.1257
51  1.1695 0.0805 0.0805 0.1239
52  1.0992 0.0738 0.0738 0.1220
53  1.0319 0.0673 0.0673 0.1202
54  0.9677 0.0610 0.0610 0.1184
55  0.9069 0.0548 0.0548 0.1166
56  0.8495 0.0489 0.0489 0.1150
57  0.7957 0.0431 0.0431 0.1134
58  0.7454 0.0376 0.0376 0.1118
59  0.6987 0.0322 0.0322 0.1104
60  0.6555 0.0271 0.0271 0.1091
61  0.6158 0.0221 0.0221 0.1079
62  0.5795 0.0174 0.0174 0.1068
63  0.5464 0.0128 0.0128 0.1059
64  0.5164 0.0084 0.0084 0.1050
65  0.4893 0.0042 0.0042 0.1043
66  0.4649 0.0002 0.0002 0.1037
67  0.4429 -0.0036 -0.0036 0.1033
68  0.4231 -0.0072 -0.0072 0.1030
69  0.4051 -0.0106 -0.0106 0.1028
70  0.3888 -0.0137 -0.0137 0.1028
71  0.3739 -0.0166 -0.0166 0.1029
72  0.3600 -0.0192 -0.0192 0.1032
73  0.3469 -0.0216 -0.0216 0.1037
74  0.3343 -0.0237 -0.0237 0.1045
75  0.3222 -0.0257 -0.0257 0.1054
76  0.3102 -0.0275 -0.0275 0.1067
77  0.2983 -0.0291 -0.0291 0.1082
78  0.2864 -0.0307 -0.0307 0.1100
79  0.2744 -0.0323 -0.0323 0.1122
80  0.2625 -0.0340 -0.0340 0.1146
81  0.2505 -0.0359 -0.0359 0.1175
82  0.2387 -0.0380 -0.0380 0.1207
83  0.2270 -0.0404 -0.0404 0.1241
84  0.2157 -0.0431 -0.0431 0.1279
85  0.2049 -0.0462 -0.0462 0.1320
86  0.1946 -0.0497 -0.0497 0.1363
87  0.1849 -0.0536 -0.0536 0.1408
88  0.1760 -0.0578 -0.0578 0.1455
89  0.1679 -0.0624 -0.0624 0.1503
90  0.1607 -0.0673 -0.0673 0.1551
