
#****** ******
# HRMadl.txt
#IMaCh version 0.99r45, April 2023,INED-EUROREVES-Institut de longevite-Japan Society for the Promotion of Science (Grant-in-Aid for Scientific Research 25293121), Intel Software 2015-2020, Nihon University 2021-202, INED 2000-2022
#$Revision: 1.353 $ $Date: 2023/05/08 18:48:22 $
# Tue Feb 04 22:03:38 2025
# Standard deviation of period (forward stable) prevalences 
# Age  Result#  1-1 2-2
50 1  0.97957 (0.00733) 0.02043 (0.00734)
51 1  0.97759 (0.00773) 0.02243 (0.00774)
52 1  0.97540 (0.00814) 0.02461 (0.00815)
53 1  0.97300 (0.00856) 0.02701 (0.00857)
54 1  0.97037 (0.00898) 0.02964 (0.00899)
55 1  0.96748 (0.00941) 0.03253 (0.00943)
56 1  0.96432 (0.00984) 0.03569 (0.00986)
57 1  0.96086 (0.01028) 0.03916 (0.01030)
58 1  0.95709 (0.01071) 0.04293 (0.01073)
59 1  0.95296 (0.01115) 0.04706 (0.01117)
60 1  0.94847 (0.01159) 0.05155 (0.01161)
61 1  0.94358 (0.01204) 0.05645 (0.01206)
62 1  0.93827 (0.01250) 0.06176 (0.01252)
63 1  0.93252 (0.01297) 0.06752 (0.01300)
64 1  0.92630 (0.01348) 0.07374 (0.01351)
65 1  0.91958 (0.01403) 0.08045 (0.01406)
66 1  0.91235 (0.01465) 0.08769 (0.01468)
67 1  0.90459 (0.01535) 0.09545 (0.01538)
68 1  0.89627 (0.01617) 0.10378 (0.01620)
69 1  0.88738 (0.01712) 0.11266 (0.01715)
70 1  0.87792 (0.01823) 0.12215 (0.01827)
71 1  0.86787 (0.01952) 0.13219 (0.01956)
72 1  0.85722 (0.02103) 0.14286 (0.02108)
73 1  0.84598 (0.02276) 0.15409 (0.02280)
74 1  0.83415 (0.02473) 0.16594 (0.02479)
75 1  0.82174 (0.02696) 0.17834 (0.02702)
76 1  0.80875 (0.02947) 0.19135 (0.02953)
77 1  0.79521 (0.03225) 0.20488 (0.03231)
78 1  0.78114 (0.03533) 0.21897 (0.03541)
79 1  0.76655 (0.03872) 0.23359 (0.03882)
80 1  0.75147 (0.04245) 0.24865 (0.04254)
81 1  0.73593 (0.04654) 0.26421 (0.04664)
82 1  0.71996 (0.05102) 0.28020 (0.05114)
83 1  0.70358 (0.05593) 0.29656 (0.05603)
84 1  0.68684 (0.06130) 0.31332 (0.06142)
85 1  0.66975 (0.06718) 0.33044 (0.06732)
86 1  0.65234 (0.07361) 0.34786 (0.07377)
87 1  0.63465 (0.08063) 0.36552 (0.08077)
88 1  0.61671 (0.08829) 0.38348 (0.08844)
89 1  0.59853 (0.09660) 0.40167 (0.09678)
90 1  0.58015 (0.10560) 0.42007 (0.10581)
