# Powell
# iter -2*LL p12 p13 p21 p23
1 1 18852.944984660193 0 0.000000000000 0.000000000000 0.000000000000 0.000000000000 0.000000000000 0.000000000000 0.000000000000 0.000000000000
2 2 4843.592341453652 0 37.066567175086 -0.000128881505 0.000000000000 0.000000000000 3.055315029096 -0.001000583170 -1.389976472200 0.002544938041
3 2 4380.816275743172 1 5.070395688960 -0.003519709471 -0.788931800855 0.004408734009 2.297406639310 -0.002116304437 -2.795270106608 0.005856879287
4 3 3197.195842148849 2 5.663378536752 -0.014246476689 -1.498338601968 0.015496203773 -0.912245888941 -0.009141994159 -6.419032988059 0.013404988771
5 3 3161.718381246094 2 4.399822549843 -0.018200780788 -1.697995389363 0.019259508015 -1.086831988227 -0.009616444958 -6.451529840250 0.014585733048
6 4 3103.845291857756 3 5.841309914207 -0.043968534726 -3.280591976544 0.044437037789 -0.788504154648 -0.012549233565 -6.517279428190 -0.003482793617
7 4 3077.474007005123 3 6.717087374220 -0.053645048889 -3.873059705523 0.052783204980 -0.696511051362 -0.013781716446 -6.566267826262 -0.005591120416
8 5 3017.564615616820 4 13.808303487022 -0.134258545452 -8.751574481508 0.122185820288 -0.029859090070 -0.025376159426 -7.045834875330 0.018667786981
9 5 3007.460045174853 4 15.115101439694 -0.144223574516 -9.619579282670 0.134089139542 0.181113896063 -0.027791016113 -7.063978985552 0.021889606757
10 6 2992.245613754421 4 25.233158624972 -0.244418751075 -17.100289592857 0.241010353995 1.671484532364 -0.047786508343 -7.459790892014 0.030426704402
11 6 2990.742046928816 5 26.639482146046 -0.259181672653 -18.185899655927 0.256188364885 1.818285474323 -0.050660377917 -7.588028851312 0.031769238675
12 7 2990.370264550940 5 27.465421854414 -0.268501569836 -18.750731899189 0.264986930087 1.900348597669 -0.052250124250 -7.682287263105 0.032862557858
13 7 2990.305210865113 6 27.668556855438 -0.270704955453 -18.911582579282 0.267128769326 1.932162930713 -0.052645986291 -7.705587842807 0.033237645030
14 8 2986.573779088461 6 23.182969548156 -0.240941977097 -16.851542561034 0.218025126957 1.282015377151 -0.043975763413 -9.084491889187 0.052238069845
15 8 2983.035916326138 6 24.773868764043 -0.265200445657 -18.856071261546 0.233901712469 1.514995404866 -0.047252238973 -10.034586260413 0.066418980986
16 9 2980.315214330579 7 28.201456105898 -0.314617525440 -22.912435729649 0.268884603652 1.995961007568 -0.054359391716 -11.708467831785 0.090353698232
17 9 2980.056439297031 8 28.738774950096 -0.321904299370 -23.579438790037 0.274784152838 2.067512974290 -0.055558394617 -11.887571641997 0.092473869533
18 10 2979.994843519451 9 29.279560187342 -0.328482323136 -24.194386791320 0.280663092556 2.147283683018 -0.056840710812 -11.996370973785 0.093933321003
19 10 2979.971147764417 10 29.508860742849 -0.331816940490 -24.505697810394 0.283107886444 2.190790110603 -0.057513078634 -12.092752149672 0.095306711516
20 11 2979.940014806759 11 30.021940947228 -0.339933542337 -25.270224512743 0.288664084497 2.280453168048 -0.058920269954 -12.339180124104 0.098813088717
21 11 2978.079601164692 12 33.529617976864 -0.394271962710 -30.389225266034 0.326736144313 2.896677661311 -0.068624312416 -13.918584108476 0.121198453539
22 12 2976.862989204651 13 35.370597050940 -0.416945371258 -32.748857120149 0.347362870485 3.190162036142 -0.073752066661 -14.245184685936 0.124890103065
23 12 2975.290814763428 14 34.534686421218 -0.416047965848 -32.041571960379 0.338775532667 3.112337500854 -0.073490724929 -14.741795155770 0.130631858450
24 13 2973.710945357524 15 35.485743235526 -0.429088038531 -32.928647703904 0.349495006396 3.267901074110 -0.076140217085 -14.926007221472 0.132630224218
25 13 2970.271779117848 16 41.222075826760 -0.503934106531 -38.530870780104 0.412937265768 4.164401295978 -0.090456379469 -15.973345433146 0.145417649493
26 14 2969.291572309570 17 41.201531796559 -0.503523804375 -38.334104421586 0.413160166853 4.173135528400 -0.090330107668 -15.799085653556 0.143122986106
27 14 2962.654329192858 18 42.370922155236 -0.521144840395 -39.513486908111 0.433062242191 4.665759685559 -0.096429431249 -14.284057042895 0.124207619050
28 15 2957.709814446039 19 45.445941240843 -0.561982663308 -43.143180572106 0.470584004627 5.321731017757 -0.107003598282 -14.064221071477 0.121863016087
29 15 2954.458892219800 20 46.050565619865 -0.570773651503 -44.703284752039 0.482196528571 5.663950396115 -0.112864441738 -13.094459542747 0.110371623527
30 16 2954.418744289323 21 45.843230055006 -0.568368864885 -44.533278087872 0.479845953364 5.630925094897 -0.112362339066 -13.114163874942 0.110489813733
31 16 2954.413710320022 22 45.661423512836 -0.566015078943 -44.351442647136 0.477656432805 5.594978761102 -0.111845992157 -13.129744111123 0.110692973513
32 17 2954.413531387716 23 45.650254738229 -0.565855230090 -44.338423467278 0.477530023034 5.593163923406 -0.111814116556 -13.127973266275 0.110669413346
33 17 2954.412155369498 25 45.630461132452 -0.565471374977 -44.330361519954 0.477370425481 5.595087000202 -0.111819858237 -13.111780340406 0.110471372909
34 18 2954.410888453951 26 45.623809017791 -0.565377393087 -44.324115650591 0.477289910263 5.594851528224 -0.111818105226 -13.115696900209 0.110521514401
35 18 2954.353997107853 27 45.075244845171 -0.558497036166 -43.769464436386 0.471784820466 5.630609672839 -0.112322743639 -13.212970973974 0.111710550330
36 19 2954.292981661615 28 44.660819779517 -0.553706026590 -43.412256511725 0.467775759867 5.644164801819 -0.112542375160 -13.211372912796 0.111685392540
37 19 2951.483370449621 29 26.802119340802 -0.349600539135 -28.260400302728 0.296862140609 6.480303705824 -0.126325615422 -13.390221197913 0.113827051659
38 20 2947.212594347803 30 19.484409006767 -0.263396667042 -22.526823423374 0.227727027547 6.964888895006 -0.134685689274 -13.502428878738 0.115368314164
39 20 2936.129800041733 31 11.509551512368 -0.166834949691 -16.221136502308 0.150649715185 7.422246112334 -0.144455438348 -13.909193479447 0.120497989833
40 21 2916.371653568574 32 9.015688194554 -0.137910097993 -14.647771084880 0.126850765402 7.615412696716 -0.151794625896 -14.158052465357 0.123575645348
41 21 2837.313383746895 33 4.973928818257 -0.104627905665 -11.085901593456 0.083962513944 7.707932855746 -0.168427948940 -16.254153283486 0.148618111892
42 22 2734.664909797481 34 5.504075997084 -0.123055490267 -11.481811311758 0.086460429434 7.526662536557 -0.180450510204 -17.436379687351 0.162587703616
43 22 2672.187978522247 35 0.750961490043 -0.053506596333 -8.219929219766 0.038094874279 7.342934692639 -0.194678805023 -16.544888756923 0.152054087666
44 23 2656.737506068382 36 -0.885045806513 -0.025321779994 -7.187396660058 0.021937646578 7.253114087255 -0.191722223676 -15.754261258535 0.142758311633
45 23 2652.296396259778 37 -2.085762901859 -0.006355813024 -6.419551842249 0.009062642582 7.047341517288 -0.186923358632 -15.380153162395 0.138338317407
46 24 2641.922075575921 38 -3.186469197568 0.010879900461 -5.720800603506 -0.006844996205 6.331191617160 -0.173324436655 -15.184004583477 0.136128192233
47 24 2628.535901402775 39 -4.658657160241 0.033257949768 -4.743292117303 -0.029463711593 5.253550283577 -0.156103627207 -14.947740410071 0.133422347792
48 25 2593.851395049942 -20 -6.461499896118 0.060276060453 -3.499372362187 -0.071608448600 2.139261817679 -0.104165648904 -15.056723534702 0.135113331655
49 25 2548.158358539405 -19 -5.180455762989 0.040158183328 -4.299381927406 -0.073360885431 0.420259502671 -0.076260813949 -15.734865102604 0.143318506357
50 26 2527.247255673976 -18 -3.589340191129 0.015840990267 -5.374981211400 -0.074419231005 -1.603003743645 -0.045411520333 -16.422553394395 0.151408929140
51 26 2525.084116709885 -17 -3.668030372480 0.017169152158 -5.331002324737 -0.075878597150 -1.696908937207 -0.045560825457 -16.349903055669 0.150498122921
52 27 2524.288683370057 -16 -4.084065861330 0.023651716645 -4.978847685055 -0.083732733098 -2.209800876295 -0.037909713902 -16.179562735719 0.148473830767
53 27 2524.095076986460 -15 -4.066971502040 0.023373135254 -4.975349480485 -0.083387870099 -2.192242363236 -0.038403370100 -16.151670796841 0.148145995723
54 28 2518.341923991310 -14 -3.698738718755 0.017358642201 -4.173128496316 -0.075433799008 -2.081208642679 -0.040462201420 -14.283731022106 0.125634513171
55 28 2518.245912101757 -14 -3.660374091962 0.016624817626 -4.164689365966 -0.075234344062 -2.106040387623 -0.039855523122 -14.279691778869 0.125397862510
56 29 2518.243262208202 -13 -3.667803157723 0.016734095932 -4.158423452313 -0.075350379878 -2.113092099436 -0.039699132819 -14.275025975897 0.125332718274
57 29 2518.239728486807 -11 -3.652127355895 0.016476558159 -4.185682393108 -0.075013097518 -2.093501103607 -0.039931045885 -14.277097379356 0.125353016677
58 30 2518.232808372678 -10 -3.636796254531 0.016259683179 -4.236194828326 -0.074685780328 -2.080560443914 -0.040066050184 -14.273960589678 0.125313160524
59 30 2518.192683794413 -9 -3.604212807119 0.015826528313 -4.537579341549 -0.073642486848 -2.055353570668 -0.040263731620 -14.244397297191 0.124950651969
60 31 2518.072974958916 -9 -3.620921075698 0.016170300108 -5.435428360681 -0.072285726864 -2.074570617259 -0.039872708752 -14.150690397449 0.123818642482
61 31 2517.968469825077 -8 -3.672610631111 0.016901478969 -6.032635009183 -0.072050508104 -2.111114746284 -0.039538072097 -14.133767271701 0.123621510728
62 32 2517.904323892518 -7 -3.661093542711 0.016581241073 -7.693015024296 -0.069115118396 -2.070002867920 -0.040416691227 -14.178645974555 0.124170552724
63 32 2517.899767269060 -6 -3.664867726195 0.016644543210 -7.986346817491 -0.068784470620 -2.079397120420 -0.040249595963 -14.188775516104 0.124292512533
64 33 2517.891008968329 -5 -3.681619315209 0.016940968401 -9.755603114167 -0.066239531909 -2.099580671620 -0.039877429579 -14.165745492385 0.124012151818
65 33 2517.889985953967 -4 -3.674388655770 0.016830236268 -10.207885352785 -0.065430656827 -2.094446053753 -0.039954932603 -14.169944747317 0.124063173283
66 34 2517.888906759756 -3 -3.673604218170 0.016805481408 -11.766304373291 -0.062970785587 -2.093170293985 -0.040008232824 -14.177321864011 0.124153077612
67 34 2517.888745873282 -2 -3.671026980964 0.016765612435 -12.132863134204 -0.062342329484 -2.089923043543 -0.040052241325 -14.177074572924 0.124150061147
68 35 2517.888553848803 0 -3.670641379496 0.016761819742 -13.899927025078 -0.059540071328 -2.089821520895 -0.040039293120 -14.174812944504 0.124122569316
69 35 2517.888534792932 1 -3.671015224447 0.016768030265 -14.274601546795 -0.058954191488 -2.090147450070 -0.040035842123 -14.174794037994 0.124122314854
70 36 2517.888507936935 2 -3.671244956133 0.016772305861 -16.027039910599 -0.056190788962 -2.090308873653 -0.040038537494 -14.175300274100 0.124128451225
71 36 2517.888505814893 3 -3.671271300049 0.016772490303 -16.345117509505 -0.055688753418 -2.090351809759 -0.040037492493 -14.175281517922 0.124128226200
72 37 2517.888501916038 4 -3.671093262058 0.016768922322 -18.080584176684 -0.052943447954 -2.090135850767 -0.040039249219 -14.175232636485 0.124127644898
73 37 2517.888501640717 5 -3.671099889239 0.016769133508 -18.358041091623 -0.052505384196 -2.090158053305 -0.040038984374 -14.175234995191 0.124127674828
74 38 2517.888501054405 7 -3.671223349501 0.016771434298 -20.046020423587 -0.049841033753 -2.090310955013 -0.040037072523 -14.175200081795 0.124127230296
75 38 2517.888501007938 8 -3.671196738275 0.016771006443 -20.342419113638 -0.049372312271 -2.090278466852 -0.040037558404 -14.175208050510 0.124127336635
76 39 2517.888500917599 10 -3.671146620397 0.016770068247 -22.028043875717 -0.046708520207 -2.090218969140 -0.040038325884 -14.175241370644 0.124127744913
77 39 2517.888500904407 11 -3.671157964668 0.016770265488 -22.694416905897 -0.045655955438 -2.090230618885 -0.040038170296 -14.175228396237 0.124127586562
78 40 2517.888500894363 13 -3.671167372031 0.016770461298 -24.972868349719 -0.042056671562 -2.090246582924 -0.040037953926 -14.175217021692 0.124127463437
79 40 2517.888500893418 15 -3.671168050790 0.016770462883 -25.610440937266 -0.041049440654 -2.090243940567 -0.040037995080 -14.175222406932 0.124127520529
80 41 2517.888500892794 16 -3.671161188676 0.016770344310 -27.214598422400 -0.038515090435 -2.090236054893 -0.040038119051 -14.175224049357 0.124127537993
81 41 2517.888500892707 18 -3.671163017707 0.016770372615 -27.736260305217 -0.037690995272 -2.090236815242 -0.040038106199 -14.175223132851 0.124127525292
82 42 2517.888500892656 19 -3.671163689725 0.016770387841 -28.397026526409 -0.036647151160 -2.090239801663 -0.040038053496 -14.175222032384 0.124127512889
83 42 2517.888500892628 21 -3.671164088270 0.016770388988 -29.132475304368 -0.035485296715 -2.090239314702 -0.040038061148 -14.175221970640 0.124127512053
84 43 2517.888500892622 24 -3.671164468388 0.016770396900 -29.224539301645 -0.035339862648 -2.090239959751 -0.040038052406 -14.175221511036 0.124127507078
85 43 2517.888500892621 26 -3.671164468388 0.016770396900 -29.224539304934 -0.035339862643 -2.090239959751 -0.040038052406 -14.175221511036 0.124127507078
