# Powell
# iter -2*LL p12 p13 p21 p23
1 1 15825.352320574819 1 0.000000000000 0.000000000000 0.000000000000 0.000000000000 0.000000000000 0.000000000000 0.000000000000 0.000000000000
2 2 4738.815739817474 3 6.882326057311 -0.000529317351 -0.555718293687 0.000639983882 2.907796158170 -0.000760465381 -1.396245278174 0.002467079656
3 2 4271.776556310420 5 3.378331550475 -0.001515054200 -1.657457564108 0.003233560016 2.581634794855 -0.002032116812 -2.509925500747 0.005861466119
4 3 3993.565718301109 7 0.372319913727 -0.004960144732 -4.888506479304 0.013269116659 1.961636437878 -0.009737786429 -4.553054757941 0.019347563893
5 3 3958.823648115010 9 -0.005556034473 -0.001578755116 -5.737187941530 0.017834566341 1.974884993246 -0.014250939990 -4.912400557513 0.025742281263
6 4 3886.148942942156 11 -1.117497268406 0.007397401532 -9.079353715143 0.034796972807 1.860584507593 -0.025524281378 -6.123379640460 0.045237971672
7 4 3859.996282536732 12 -1.505510509456 0.011040088986 -9.653939297029 0.042303842021 1.834203118940 -0.030457279476 -6.687918349983 0.048410100245
8 5 3576.113326952722 13 -4.341128685415 0.021981097489 -12.970273915766 0.096002475637 1.485044179782 -0.065117707074 -10.500443080189 0.077680705280
9 5 3520.572811248276 13 -4.343121990620 0.019514485109 -12.883172150320 0.095686082669 1.442773721151 -0.064606714141 -10.477036831926 0.087259695167
10 6 3508.946709330197 14 -4.294834428825 0.017861148372 -11.721825402260 0.084956280738 0.418035709710 -0.048401549210 -9.279037572783 0.072555151193
11 6 3504.142787330170 15 -4.307975329220 0.018461413562 -11.765194755440 0.082732753179 0.129036473314 -0.044548129581 -8.915928778663 0.067745834085
12 7 3502.344536677209 16 -4.345138869411 0.019499121482 -11.965027466578 0.081733035734 -0.179038833004 -0.040284347736 -8.538214843735 0.062838336743
13 7 3501.916839654801 17 -4.374922394081 0.019862986439 -12.060406454208 0.083332035206 -0.243232058735 -0.039295387635 -8.481612182044 0.062125150105
14 8 3497.780865664649 18 -4.934632940697 0.028163940293 -14.437776243195 0.116884777926 -0.613478345871 -0.033548361789 -8.339530960674 0.060364796109
15 8 3497.190476933967 19 -5.037287452287 0.029444453272 -14.926899516823 0.121356419369 -0.594036064578 -0.034049686359 -8.393814003619 0.061126084279
16 9 3497.122101036903 20 -5.072835745021 0.029888716887 -15.065772967415 0.122535055994 -0.619871876668 -0.033710431008 -8.374635384704 0.060903137416
17 9 3497.086765106780 22 -5.114280846655 0.030423942874 -15.181399616872 0.123395783668 -0.647884118864 -0.033386181363 -8.354149146705 0.060646751399
18 10 3497.050288775748 24 -5.150409444395 0.030917705161 -15.237748388485 0.123842326310 -0.659761803819 -0.033250910526 -8.351463645009 0.060629911230
19 10 3497.016710045075 25 -5.151352139964 0.031010782354 -15.181736989845 0.122911475737 -0.678168081523 -0.032954429294 -8.323539180863 0.060307327725
20 11 3496.939205448856 27 -5.170205450430 0.031498261036 -14.980846085140 0.119834517344 -0.705176738467 -0.032467789734 -8.275570560271 0.059739925782
21 11 3496.845929365200 28 -5.152929001121 0.031268647847 -14.815524151894 0.118044496406 -0.680797332168 -0.032758209631 -8.292264134552 0.059946883904
22 12 3496.076443289250 30 -5.330964120067 0.033667007951 -13.274036251692 0.099431829672 -0.600975821965 -0.033877611043 -8.345295050169 0.060556613685
23 12 3496.048046582459 31 -5.368360344714 0.034106380674 -13.351384255149 0.100160479428 -0.598039694554 -0.034073981559 -8.360677930159 0.060760026735
24 13 3496.042200804690 33 -5.376555208624 0.034263671954 -13.289795313516 0.099178158363 -0.609363796008 -0.033921689609 -8.342079241670 0.060536200100
25 13 3496.042046864298 34 -5.374747558091 0.034243540790 -13.287781922235 0.099147581726 -0.607466079675 -0.033941327810 -8.342715702783 0.060544778663
26 14 3496.041543005192 36 -5.375251290939 0.034252058202 -13.272937011677 0.098907529906 -0.599645455931 -0.034045776033 -8.341139699447 0.060528527990
27 14 3496.041264822201 38 -5.374799329409 0.034242244955 -13.281620522746 0.099027554706 -0.599102337788 -0.034053683482 -8.339510388321 0.060506656626
28 15 3496.039534435568 39 -5.370291287917 0.034174178648 -13.327813438383 0.099679653904 -0.592913068839 -0.034150788846 -8.314195503559 0.060173436896
29 15 3496.039425887515 40 -5.370545006917 0.034180384607 -13.323964457085 0.099626265514 -0.591482141429 -0.034177099357 -8.314595254554 0.060178668620
30 16 3496.039390755935 40 -5.370862134585 0.034183623264 -13.318644154145 0.099559223687 -0.590167909301 -0.034202328810 -8.314982816053 0.060183249595
31 16 3496.039389334283 41 -5.370709649168 0.034180612113 -13.318813503086 0.099562890286 -0.590085732888 -0.034203688531 -8.315097360101 0.060184564079
32 17 3496.039389285679 42 -5.370697616638 0.034180292040 -13.318812719440 0.099563213046 -0.590078742472 -0.034203805573 -8.315120807072 0.060184831932
33 17 3496.039389280732 -16 -5.370704252175 0.034180337634 -13.318772829184 0.099562861826 -0.590083827817 -0.034203722877 -8.315126432088 0.060184892651
34 18 3496.039389280255 -15 -5.370709674744 0.034180423003 -13.318758389245 0.099562672564 -0.590087359219 -0.034203664388 -8.315128599761 0.060184924104
35 18 3496.039389280186 -12 -5.370710729576 0.034180440594 -13.318751003542 0.099562578355 -0.590088654557 -0.034203644880 -8.315127394626 0.060184906600
36 19 3496.039389280184 -9 -5.370710729547 0.034180440594 -13.318751003757 0.099562578359 -0.590088654517 -0.034203644881 -8.315127394692 0.060184906601
