# EEMchr.txt
#IMaCh version 0.99r45, April 2023,INED-EUROREVES-Institut de longevite-Japan Society for the Promotion of Science (Grant-in-Aid for Scientific Research 25293121), Intel Software 2015-2020, Nihon University 2021-202, INED 2000-2022
#$Revision: 1.353 $ $Date: 2023/05/08 18:48:22 $
# Tue Feb 04 22:21:37 2025

#****** ******
# (a) Life expectancies by health status at initial age and (b) health expectancies by health status at initial age
# Age e11  e12  e1.  e21  e22  e2. 
 50   6.8970  16.4386  23.3356   4.0380  18.3303  22.3683
 51   6.5681  15.9927  22.5608   3.7743  17.8075  21.5817
 52   6.2536  15.5457  21.7992   3.5247  17.2849  20.8096
 53   5.9532  15.0982  21.0514   3.2889  16.7634  20.0523
 54   5.6665  14.6511  20.3176   3.0663  16.2440  19.3102
 55   5.3933  14.2049  19.5982   2.8563  15.7274  18.5837
 56   5.1330  13.7605  18.8935   2.6585  15.2145  17.8730
 57   4.8853  13.3186  18.2038   2.4723  14.7062  17.1785
 58   4.6498  12.8797  17.5294   2.2972  14.2032  16.5004
 59   4.4260  12.4446  16.8706   2.1327  13.7063  15.8391
 60   4.2137  12.0139  16.2276   1.9784  13.2163  15.1946
 61   4.0124  11.5882  15.6005   1.8337  12.7337  14.5673
 62   3.8216  11.1680  14.9897   1.6982  12.2592  13.9573
 63   3.6410  10.7541  14.3951   1.5713  11.7934  13.3648
 64   3.4702  10.3467  13.8170   1.4528  11.3369  12.7897
 65   3.3088   9.9466  13.2553   1.3421  10.8902  12.2323
 66   3.1563   9.5540  12.7103   1.2388  10.4537  11.6925
 67   3.0124   9.1694  12.1818   1.1425  10.0278  11.1703
 68   2.8767   8.7931  11.6699   1.0529   9.6129  10.6658
 69   2.7489   8.4256  11.1745   0.9695   9.2093  10.1788
 70   2.6286   8.0670  10.6955   0.8920   8.8173   9.7094
 71   2.5153   7.7176  10.2329   0.8201   8.4372   9.2572
 72   2.4088   7.3777   9.7866   0.7533   8.0690   8.8223
 73   2.3088   7.0474   9.3562   0.6915   7.7129   8.4044
 74   2.2149   6.7268   8.9417   0.6342   7.3690   8.0032
 75   2.1268   6.4161   8.5429   0.5812   7.0374   7.6187
 76   2.0442   6.1152   8.1594   0.5323   6.7181   7.2504
 77   1.9669   5.8242   7.7911   0.4871   6.4110   6.8982
 78   1.8944   5.5431   7.4375   0.4455   6.1161   6.5616
 79   1.8266   5.2719   7.0985   0.4071   5.8333   6.2404
 80   1.7633   5.0104   6.7737   0.3718   5.5624   5.9342
 81   1.7041   4.7586   6.4627   0.3393   5.3033   5.6426
 82   1.6488   4.5163   6.1652   0.3094   5.0557   5.3652
 83   1.5973   4.2835   5.8807   0.2820   4.8195   5.1016
 84   1.5492   4.0598   5.6090   0.2569   4.5945   4.8514
 85   1.5044   3.8452   5.3497   0.2339   4.3802   4.6141
 86   1.4628   3.6395   5.1023   0.2128   4.1766   4.3894
 87   1.4241   3.4423   4.8664   0.1935   3.9832   4.1767
 88   1.3881   3.2536   4.6417   0.1759   3.7998   3.9757
 89   1.3548   3.0731   4.4278   0.1597   3.6260   3.7858
 90   1.3238   2.9005   4.2243   0.1450   3.4616   3.6066
