
#****** ******
# EEMchr.txt
#IMaCh version 0.99r45, April 2023,INED-EUROREVES-Institut de longevite-Japan Society for the Promotion of Science (Grant-in-Aid for Scientific Research 25293121), Intel Software 2015-2020, Nihon University 2021-202, INED 2000-2022
#$Revision: 1.353 $ $Date: 2023/05/08 18:48:22 $
# Tue Feb 04 22:21:37 2025
# Health expectancies with standard errors
# Age e11 (SE) e12 (SE) e1.  e21 (SE) e22 (SE) e2. 
 50    6.8970 (0.4617)   16.4386 (0.7923)   23.3356 (0.8591)    4.0380 (0.3791)   18.3303 (0.8634)   22.3683 (0.9719)
 51    6.5681 (0.4253)   15.9927 (0.7645)   22.5608 (0.8334)    3.7743 (0.3496)   17.8075 (0.8351)   21.5817 (0.9401)
 52    6.2536 (0.3933)   15.5457 (0.7385)   21.7992 (0.8082)    3.5247 (0.3236)   17.2849 (0.8074)   20.8096 (0.9085)
 53    5.9532 (0.3654)   15.0982 (0.7142)   21.0514 (0.7838)    3.2889 (0.3007)   16.7634 (0.7805)   20.0523 (0.8771)
 54    5.6665 (0.3416)   14.6511 (0.6914)   20.3176 (0.7602)    3.0663 (0.2807)   16.2440 (0.7542)   19.3102 (0.8463)
 55    5.3933 (0.3215)   14.2049 (0.6703)   19.5982 (0.7376)    2.8563 (0.2632)   15.7274 (0.7288)   18.5837 (0.8162)
 56    5.1330 (0.3050)   13.7605 (0.6507)   18.8935 (0.7162)    2.6585 (0.2478)   15.2145 (0.7043)   17.8730 (0.7870)
 57    4.8853 (0.2915)   13.3186 (0.6326)   18.2038 (0.6960)    2.4723 (0.2343)   14.7062 (0.6807)   17.1785 (0.7588)
 58    4.6498 (0.2808)   12.8797 (0.6161)   17.5294 (0.6771)    2.2972 (0.2224)   14.2032 (0.6583)   16.5004 (0.7319)
 59    4.4260 (0.2724)   12.4446 (0.6010)   16.8706 (0.6598)    2.1327 (0.2119)   13.7063 (0.6370)   15.8391 (0.7064)
 60    4.2137 (0.2657)   12.0139 (0.5874)   16.2276 (0.6440)    1.9784 (0.2024)   13.2163 (0.6171)   15.1946 (0.6824)
 61    4.0124 (0.2605)   11.5882 (0.5754)   15.6005 (0.6299)    1.8337 (0.1937)   12.7337 (0.5986)   14.5673 (0.6602)
 62    3.8216 (0.2563)   11.1680 (0.5648)   14.9897 (0.6174)    1.6982 (0.1858)   12.2592 (0.5816)   13.9573 (0.6398)
 63    3.6410 (0.2528)   10.7541 (0.5556)   14.3951 (0.6066)    1.5713 (0.1784)   11.7934 (0.5663)   13.3648 (0.6213)
 64    3.4702 (0.2498)   10.3467 (0.5480)   13.8170 (0.5975)    1.4528 (0.1715)   11.3369 (0.5526)   12.7897 (0.6048)
 65    3.3088 (0.2470)    9.9466 (0.5417)   13.2553 (0.5900)    1.3421 (0.1649)   10.8902 (0.5406)   12.2323 (0.5902)
 66    3.1563 (0.2442)    9.5540 (0.5368)   12.7103 (0.5841)    1.2388 (0.1585)   10.4537 (0.5302)   11.6925 (0.5776)
 67    3.0124 (0.2414)    9.1694 (0.5332)   12.1818 (0.5798)    1.1425 (0.1524)   10.0278 (0.5214)   11.1703 (0.5667)
 68    2.8767 (0.2384)    8.7931 (0.5308)   11.6699 (0.5770)    1.0529 (0.1465)    9.6129 (0.5141)   10.6658 (0.5577)
 69    2.7489 (0.2352)    8.4256 (0.5297)   11.1745 (0.5755)    0.9695 (0.1407)    9.2093 (0.5082)   10.1788 (0.5501)
 70    2.6286 (0.2317)    8.0670 (0.5296)   10.6955 (0.5754)    0.8920 (0.1350)    8.8173 (0.5035)    9.7094 (0.5440)
 71    2.5153 (0.2279)    7.7176 (0.5306)   10.2329 (0.5766)    0.8201 (0.1294)    8.4372 (0.4998)    9.2572 (0.5390)
 72    2.4088 (0.2239)    7.3777 (0.5327)    9.7866 (0.5789)    0.7533 (0.1240)    8.0690 (0.4969)    8.8223 (0.5350)
 73    2.3088 (0.2196)    7.0474 (0.5357)    9.3562 (0.5823)    0.6915 (0.1186)    7.7129 (0.4947)    8.4044 (0.5318)
 74    2.2149 (0.2150)    6.7268 (0.5397)    8.9417 (0.5869)    0.6342 (0.1134)    7.3690 (0.4930)    8.0032 (0.5291)
 75    2.1268 (0.2102)    6.4161 (0.5446)    8.5429 (0.5924)    0.5812 (0.1083)    7.0374 (0.4916)    7.6187 (0.5267)
 76    2.0442 (0.2052)    6.1152 (0.5505)    8.1594 (0.5990)    0.5323 (0.1033)    6.7181 (0.4902)    7.2504 (0.5244)
 77    1.9669 (0.2001)    5.8242 (0.5572)    7.7911 (0.6067)    0.4871 (0.0984)    6.4110 (0.4888)    6.8982 (0.5221)
 78    1.8944 (0.1948)    5.5431 (0.5648)    7.4375 (0.6153)    0.4455 (0.0937)    6.1161 (0.4872)    6.5616 (0.5196)
 79    1.8266 (0.1894)    5.2719 (0.5734)    7.0985 (0.6249)    0.4071 (0.0891)    5.8333 (0.4853)    6.2404 (0.5168)
 80    1.7633 (0.1839)    5.0104 (0.5829)    6.7737 (0.6355)    0.3718 (0.0846)    5.5624 (0.4830)    5.9342 (0.5135)
 81    1.7041 (0.1783)    4.7586 (0.5932)    6.4627 (0.6470)    0.3393 (0.0802)    5.3033 (0.4802)    5.6426 (0.5098)
 82    1.6488 (0.1727)    4.5163 (0.6045)    6.1652 (0.6595)    0.3094 (0.0760)    5.0557 (0.4768)    5.3652 (0.5055)
 83    1.5973 (0.1672)    4.2835 (0.6166)    5.8807 (0.6727)    0.2820 (0.0719)    4.8195 (0.4729)    5.1016 (0.5005)
 84    1.5492 (0.1616)    4.0598 (0.6294)    5.6090 (0.6867)    0.2569 (0.0680)    4.5945 (0.4683)    4.8514 (0.4949)
 85    1.5044 (0.1560)    3.8452 (0.6430)    5.3497 (0.7014)    0.2339 (0.0642)    4.3802 (0.4630)    4.6141 (0.4887)
 86    1.4628 (0.1506)    3.6395 (0.6571)    5.1023 (0.7166)    0.2128 (0.0606)    4.1766 (0.4571)    4.3894 (0.4818)
 87    1.4241 (0.1451)    3.4423 (0.6717)    4.8664 (0.7321)    0.1935 (0.0571)    3.9832 (0.4506)    4.1767 (0.4743)
 88    1.3881 (0.1398)    3.2536 (0.6866)    4.6417 (0.7478)    0.1759 (0.0537)    3.7998 (0.4434)    3.9757 (0.4661)
 89    1.3548 (0.1345)    3.0731 (0.7016)    4.4278 (0.7634)    0.1597 (0.0505)    3.6260 (0.4357)    3.7858 (0.4573)
 90    1.3238 (0.1292)    2.9005 (0.7165)    4.2243 (0.7788)    0.1450 (0.0475)    3.4616 (0.4274)    3.6066 (0.4480)
