
#****** ******
# EEMchr.txt
#IMaCh version 0.99r45, April 2023,INED-EUROREVES-Institut de longevite-Japan Society for the Promotion of Science (Grant-in-Aid for Scientific Research 25293121), Intel Software 2015-2020, Nihon University 2021-202, INED 2000-2022
#$Revision: 1.353 $ $Date: 2023/05/08 18:48:22 $
# Tue Feb 04 22:21:37 2025
# Variance and covariance of health expectancies e.j 
#  (weighted average of eij where weights are the age specific period (stable) prevalences in each health state 
# Age Cov(e.1, e.1) Cov(e.1, e.2) Cov(e.2, e.1) Cov(e.2, e.2)
50  0.3161 -0.1172 -0.1172 0.7742
51  0.2598 -0.0844 -0.0844 0.7126
52  0.2139 -0.0591 -0.0591 0.6574
53  0.1769 -0.0398 -0.0398 0.6079
54  0.1472 -0.0255 -0.0255 0.5633
55  0.1237 -0.0152 -0.0152 0.5230
56  0.1051 -0.0080 -0.0080 0.4867
57  0.0906 -0.0031 -0.0031 0.4539
58  0.0792 0.0000 0.0000 0.4244
59  0.0702 0.0019 0.0019 0.3980
60  0.0632 0.0028 0.0028 0.3743
61  0.0575 0.0032 0.0032 0.3532
62  0.0530 0.0033 0.0033 0.3347
63  0.0492 0.0031 0.0031 0.3185
64  0.0460 0.0030 0.0030 0.3044
65  0.0431 0.0028 0.0028 0.2924
66  0.0406 0.0027 0.0027 0.2822
67  0.0382 0.0027 0.0027 0.2738
68  0.0360 0.0027 0.0027 0.2669
69  0.0339 0.0029 0.0029 0.2613
70  0.0319 0.0031 0.0031 0.2568
71  0.0299 0.0034 0.0034 0.2534
72  0.0280 0.0037 0.0037 0.2507
73  0.0262 0.0040 0.0040 0.2485
74  0.0244 0.0044 0.0044 0.2468
75  0.0228 0.0047 0.0047 0.2453
76  0.0212 0.0050 0.0050 0.2438
77  0.0196 0.0052 0.0052 0.2422
78  0.0182 0.0054 0.0054 0.2405
79  0.0168 0.0055 0.0055 0.2384
80  0.0155 0.0056 0.0056 0.2360
81  0.0143 0.0056 0.0056 0.2330
82  0.0132 0.0056 0.0056 0.2296
83  0.0121 0.0055 0.0055 0.2256
84  0.0112 0.0053 0.0053 0.2210
85  0.0103 0.0051 0.0051 0.2159
86  0.0094 0.0049 0.0049 0.2103
87  0.0087 0.0046 0.0046 0.2042
88  0.0080 0.0044 0.0044 0.1977
89  0.0073 0.0040 0.0040 0.1907
90  0.0067 0.0037 0.0037 0.1834
