# Powell
# iter -2*LL p12 p13 p21 p23
1 1 12851.303962051508 0 0.000000000000 0.000000000000 0.000000000000 0.000000000000 0.000000000000 0.000000000000 0.000000000000 0.000000000000
2 2 3459.049590929712 0 6.389718504844 -0.001811458320 -0.723921288798 0.001867850532 2.606549890207 -0.001007060737 -1.244808971658 0.002699920574
3 2 2240.865784250544 0 -2.382835333248 -0.006413441627 -5.629849388699 0.027859102710 1.268839689288 -0.011248672667 -1.785940180609 -0.032499529698
4 3 2031.044443020067 0 -2.008567453657 -0.003934910315 -5.760143610819 0.012427151231 1.225123055375 -0.003348544850 -2.080937982958 -0.024681188788
5 3 1592.670377138624 1 -4.824754383407 0.007415027569 -6.629936781233 0.019025003094 0.455417951469 -0.054048119386 -4.650659483728 0.017476478732
6 4 1525.415551809103 1 -5.259396574472 0.009871201972 -6.638509055708 -0.005667635972 0.447080531579 -0.046808477243 -4.712255873044 0.020352294346
7 4 1508.915310863169 1 -5.713832882213 0.021068225897 -6.652496295472 -0.034488207824 0.158370780454 -0.043881321485 -5.021325986020 0.026489745091
8 5 1496.747057324709 1 -6.096179916846 0.026835500269 -6.647878318412 -0.034550738925 0.026040577463 -0.040600479669 -5.184119284833 0.028009350291
9 5 1413.809173482752 1 -12.048480749028 0.107511312795 -6.903710268729 -0.011104553693 -1.852479054976 -0.016941138467 -8.258137445305 0.064117669829
10 6 1403.110488949657 1 -13.169130077808 0.119163548567 -6.943609424466 -0.002316032196 -2.159291219978 -0.012094519090 -8.740282550441 0.068769711735
11 6 1402.300043629045 1 -13.521495796235 0.123113309731 -6.954166526373 -0.002313442761 -2.264585406311 -0.010336588600 -8.891704855753 0.070368539693
12 7 1402.129411831158 1 -13.765967815077 0.125879803370 -6.966021722308 -0.002225885962 -2.331578318497 -0.009163906221 -9.010429909706 0.071630087351
13 7 1402.060499941027 1 -13.854569778192 0.126890179024 -6.977968765459 -0.001781385922 -2.346779247721 -0.008905064379 -9.075494198927 0.072340793996
14 8 1402.026790153361 2 -13.852382653959 0.126768411783 -6.982236918769 -0.001557738013 -2.341870880248 -0.009121698610 -9.084630371069 0.072459615725
15 8 1399.295127676818 2 -13.665006151036 0.123706783304 -7.411028341696 0.012830274578 -1.701673315834 -0.017677438453 -10.364921735333 0.086786464193
16 9 1397.656188065117 2 -13.544402376464 0.122302329548 -7.606982658423 0.014830097941 -1.406713469415 -0.021539475844 -10.940688160265 0.093386287447
17 9 1396.090001069822 2 -13.472077691229 0.121399018824 -8.082121430838 0.019933385770 -0.762603746304 -0.029917905394 -12.390350423527 0.109799437009
18 10 1396.020673124913 2 -13.511981474089 0.121898252500 -8.086765445584 0.019983570890 -0.768399973373 -0.029905984763 -12.401710800947 0.109837645140
19 10 1393.308728526245 2 -14.280989393369 0.130770203710 -8.610267512852 0.032191918404 -0.039059492254 -0.039896865221 -12.445530430919 0.109837064730
20 11 1390.534236430562 2 -14.234748083953 0.130296759666 -8.693103184519 0.031470357563 0.303557983257 -0.044473958324 -11.397897239557 0.097890536448
21 11 1388.400392284189 2 -14.042673994913 0.128246143349 -8.840818641774 0.029601125350 0.955532742899 -0.053226904541 -9.447617718401 0.076033411201
22 12 1388.376106390964 2 -14.041489098739 0.128298911288 -8.841294939752 0.029075462494 0.948600649174 -0.053221614367 -9.479876134163 0.076362819122
23 12 1388.374000680316 2 -14.039445750210 0.128296267464 -8.836024158066 0.028911891716 0.938779366733 -0.053106972253 -9.477577378161 0.076353111284
24 13 1388.372012576176 3 -14.024151022796 0.128138400738 -8.822017935247 0.028531054145 0.915828289776 -0.052791204878 -9.466204838673 0.076248098522
25 13 1388.370373867784 3 -14.021155279508 0.128099841257 -8.824347232977 0.028567247805 0.918414385475 -0.052842815437 -9.468845403989 0.076277252444
26 14 1388.146943896756 3 -14.082297703499 0.129023348698 -9.204549303696 0.034022680697 1.035372291219 -0.055205042495 -9.424659926022 0.075790838500
27 14 1387.828304053890 3 -14.157050924462 0.129894429411 -9.424154240244 0.037295779381 1.001279686899 -0.054702898877 -9.447930296215 0.075995704336
28 15 1385.205360153766 3 -14.189946520018 0.130062336296 -12.707321859998 0.084256555769 0.366553062448 -0.045476028358 -9.726210852893 0.078839634784
29 15 1385.028658195734 3 -13.888454204506 0.126270791351 -13.013772213968 0.087544218507 0.524394740877 -0.047362918390 -9.492076905640 0.076230444192
30 16 1385.011765277112 3 -13.883952169877 0.126180275365 -13.088005789748 0.088716940727 0.610723917348 -0.048542170933 -9.426942169206 0.075461990514
31 16 1385.010734141341 3 -13.901543059074 0.126397952161 -13.100068760329 0.088897321530 0.621027157289 -0.048689775716 -9.417614136681 0.075347486916
32 17 1385.010475228593 3 -13.908459148154 0.126487574271 -13.104414535269 0.088933488761 0.618642548898 -0.048664626318 -9.416885976429 0.075339057005
33 17 1385.010412885983 3 -13.910396709143 0.126513857759 -13.107394385453 0.088957478890 0.617158969830 -0.048648485143 -9.416302440013 0.075333156330
34 18 1385.010399593479 3 -13.911078510027 0.126523318735 -13.109173553798 0.088973677542 0.616723442513 -0.048644487154 -9.415752910655 0.075327274490
35 18 1385.010396515476 4 -13.911424338757 0.126528062674 -13.110096098828 0.088982538227 0.616597033686 -0.048643686282 -9.415423197507 0.075323666012
36 19 1385.010395748069 4 -13.911613801685 0.126530634847 -13.110554110847 0.088986987084 0.616541064253 -0.048643380755 -9.415257728652 0.075321846055
37 19 1385.010395554311 4 -13.911711562999 0.126531958782 -13.110779482605 0.088989162525 0.616509774319 -0.048643183298 -9.415176723958 0.075320955093
38 20 1385.010395505180 4 -13.911760863192 0.126532627388 -13.110892007417 0.088990242465 0.616494105731 -0.048643084874 -9.415137381806 0.075320523237
39 20 1385.010395492872 4 -13.911785777470 0.126532963791 -13.110948052942 0.088990779148 0.616485319082 -0.048643023134 -9.415118356820 0.075320314018
40 21 1385.010395489811 4 -13.911797706923 0.126533126143 -13.110975801266 0.088991045130 0.616481022585 -0.048642993119 -9.415108044012 0.075320200142
41 21 1385.010395489026 4 -13.911803462344 0.126533204966 -13.110990390437 0.088991186808 0.616479281575 -0.048642983688 -9.415103140384 0.075320146948
42 22 1385.010395488825 5 -13.911806694437 0.126533247895 -13.110996505736 0.088991242380 0.616478450555 -0.048642979874 -9.415100271453 0.075320115784
43 22 1385.010395488770 5 -13.911807841834 0.126533265766 -13.110998283553 0.088991252174 0.616477124696 -0.048642967308 -9.415098926023 0.075320100099
44 23 1385.010395488760 5 -13.911808322059 0.126533271066 -13.111001040014 0.088991283727 0.616478004693 -0.048642977969 -9.415097512645 0.075320084068
45 23 1385.010395488756 5 -13.911808428706 0.126533270944 -13.111001090042 0.088991283980 0.616477977050 -0.048642981340 -9.415097636576 0.075320086269
