# PLFchr.txt
#IMaCh version 0.99r45, April 2023,INED-EUROREVES-Institut de longevite-Japan Society for the Promotion of Science (Grant-in-Aid for Scientific Research 25293121), Intel Software 2015-2020, Nihon University 2021-202, INED 2000-2022
#$Revision: 1.353 $ $Date: 2023/05/08 18:48:22 $
# Tue Feb 04 22:21:37 2025

#****** ******
# (a) Life expectancies by health status at initial age and (b) health expectancies by health status at initial age
# Age e11  e12  e1.  e21  e22  e2. 
 50   8.1274  21.6751  29.8025   4.3860  24.8376  29.2236
 51   7.7645  21.1238  28.8883   4.1034  24.1777  28.2811
 52   7.4155  20.5661  27.9816   3.8349  23.5109  27.3458
 53   7.0803  20.0028  27.0831   3.5800  22.8381  26.4181
 54   6.7585  19.4346  26.1931   3.3383  22.1604  25.4987
 55   6.4498  18.8624  25.3123   3.1092  21.4790  24.5882
 56   6.1540  18.2870  24.4409   2.8923  20.7949  23.6872
 57   5.8706  17.7090  23.5796   2.6871  20.1092  22.7963
 58   5.5994  17.1294  22.7288   2.4931  19.4232  21.9163
 59   5.3399  16.5489  21.8888   2.3100  18.7378  21.0478
 60   5.0918  15.9682  21.0601   2.1372  18.0543  20.1915
 61   4.8548  15.3880  20.2428   1.9744  17.3739  19.3482
 62   4.6283  14.8089  19.4372   1.8210  16.6976  18.5187
 63   4.4121  14.2313  18.6434   1.6768  16.0268  17.7036
 64   4.2055  13.6557  17.8612   1.5413  15.3624  16.9037
 65   4.0082  13.0823  17.0905   1.4141  14.7057  16.1199
 66   3.8196  12.5110  16.3307   1.2950  14.0580  15.3529
 67   3.6393  11.9418  15.5811   1.1834  13.4202  14.6036
 68   3.4665  11.3741  14.8407   1.0792  12.7936  13.8728
 69   3.3008  10.8072  14.1080   0.9820  12.1794  13.1614
 70   3.1414  10.2399  13.3813   0.8914  11.5787  12.4701
 71   2.9877   9.6707  12.6584   0.8073  10.9927  11.8000
 72   2.8389   9.0979  11.9367   0.7293  10.4225  11.1519
 73   2.6942   8.5193  11.2136   0.6573   9.8693  10.5266
 74   2.5530   7.9330  10.4859   0.5909   9.3343   9.9252
 75   2.4145   7.3367   9.7513   0.5301   8.8185   9.3486
 76   2.2783   6.7293   9.0076   0.4744   8.3230   8.7974
 77   2.1442   6.1105   8.2547   0.4239   7.8486   8.2725
 78   2.0122   5.4820   7.4941   0.3781   7.3962   7.7743
 79   1.8829   4.8480   6.7309   0.3370   6.9663   7.3033
 80   1.7575   4.2163   5.9737   0.3002   6.5591   6.8594
 81   1.6377   3.5975   5.2352   0.2675   6.1746   6.4421
 82   1.5256   3.0053   4.5309   0.2385   5.8122   6.0507
 83   1.4235   2.4546   3.8781   0.2128   5.4712   5.6840
 84   1.3334   1.9588   3.2922   0.1900   5.1506   5.3407
 85   1.2565   1.5281   2.7846   0.1699   4.8492   5.0191
 86   1.1931   1.1671   2.3602   0.1520   4.5659   4.7178
 87   1.1427   0.8747   2.0174   0.1360   4.2994   4.4354
 88   1.1036   0.6452   1.7488   0.1217   4.0490   4.1706
 89   1.0743   0.4697   1.5440   0.1088   3.8137   3.9225
 90   1.0526   0.3385   1.3912   0.0973   3.5928   3.6901
