# PLFchr.txt
#IMaCh version 0.99r45, April 2023,INED-EUROREVES-Institut de longevite-Japan Society for the Promotion of Science (Grant-in-Aid for Scientific Research 25293121), Intel Software 2015-2020, Nihon University 2021-202, INED 2000-2022
#$Revision: 1.353 $ $Date: 2023/05/08 18:48:22 $
# Tue Feb 04 22:21:37 2025
# Forward period (stable) prevalence. Precision given by ftolpl=0.0006 
#Age 1-1 2-2 
#************
#Age   1-1     2-2   Total Years_to_converge
50  0.39835 0.60179 1.000 40
51  0.38096 0.61919 1.000 40
52  0.36390 0.63625 1.000 40
53  0.34722 0.65292 1.000 40
54  0.33096 0.66917 1.000 40
55  0.31517 0.68496 1.000 40
56  0.29987 0.70025 1.000 40
57  0.28508 0.71503 1.000 40
58  0.27085 0.72931 1.000 38
59  0.25717 0.74297 1.000 38
60  0.24406 0.75607 1.000 38
61  0.23152 0.76859 1.000 38
62  0.21956 0.78054 1.000 38
63  0.20818 0.79191 1.000 38
64  0.19737 0.80274 1.000 36
65  0.18710 0.81299 1.000 36
66  0.17738 0.82270 1.000 36
67  0.16819 0.83191 1.000 34
68  0.15949 0.84059 1.000 34
69  0.15126 0.84880 1.000 34
70  0.14350 0.85658 1.000 32
71  0.13614 0.86392 1.000 32
72  0.12920 0.87088 1.000 30
73  0.12259 0.87747 1.000 30
74  0.11631 0.88373 1.000 30
75  0.11033 0.88972 1.000 28
76  0.10459 0.89546 1.000 28
77  0.09906 0.90099 1.000 26
78  0.09368 0.90636 1.000 26
79  0.08843 0.91161 1.000 24
80  0.08327 0.91677 1.000 24
81  0.07819 0.92186 1.000 22
82  0.07317 0.92686 1.000 22
83  0.06829 0.93175 1.000 20
84  0.06356 0.93646 1.000 20
85  0.05913 0.94090 1.000 18
86  0.05505 0.94497 1.000 18
87  0.05141 0.94861 1.000 16
88  0.04824 0.95178 1.000 14
89  0.04550 0.95452 1.000 14
90  0.04315 0.95686 1.000 12
