
#****** ******
# PLFchr.txt
#IMaCh version 0.99r45, April 2023,INED-EUROREVES-Institut de longevite-Japan Society for the Promotion of Science (Grant-in-Aid for Scientific Research 25293121), Intel Software 2015-2020, Nihon University 2021-202, INED 2000-2022
#$Revision: 1.353 $ $Date: 2023/05/08 18:48:22 $
# Tue Feb 04 22:21:37 2025
# Health expectancies with standard errors
# Age e11 (SE) e12 (SE) e1.  e21 (SE) e22 (SE) e2. 
 50    8.1274 (0.8852)   21.6751 (1.2730)   29.8025 (1.1539)    4.3860 (0.6455)   24.8376 (1.2678)   29.2236 (1.2899)
 51    7.7645 (0.8174)   21.1238 (1.2273)   28.8883 (1.1349)    4.1034 (0.6004)   24.1777 (1.2405)   28.2811 (1.2704)
 52    7.4155 (0.7587)   20.5661 (1.1873)   27.9816 (1.1156)    3.8349 (0.5609)   23.5109 (1.2147)   27.3458 (1.2498)
 53    7.0803 (0.7089)   20.0028 (1.1522)   27.0831 (1.0961)    3.5800 (0.5263)   22.8381 (1.1899)   26.4181 (1.2281)
 54    6.7585 (0.6679)   19.4346 (1.1216)   26.1931 (1.0765)    3.3383 (0.4959)   22.1604 (1.1657)   25.4987 (1.2055)
 55    6.4498 (0.6352)   18.8624 (1.0949)   25.3123 (1.0571)    3.1092 (0.4691)   21.4790 (1.1417)   24.5882 (1.1820)
 56    6.1540 (0.6102)   18.2870 (1.0715)   24.4409 (1.0380)    2.8923 (0.4452)   20.7949 (1.1179)   23.6872 (1.1577)
 57    5.8706 (0.5920)   17.7090 (1.0511)   23.5796 (1.0194)    2.6871 (0.4236)   20.1092 (1.0940)   22.7963 (1.1327)
 58    5.5994 (0.5795)   17.1294 (1.0333)   22.7288 (1.0017)    2.4931 (0.4038)   19.4232 (1.0700)   21.9163 (1.1072)
 59    5.3399 (0.5717)   16.5489 (1.0178)   21.8888 (0.9852)    2.3100 (0.3854)   18.7378 (1.0458)   21.0478 (1.0814)
 60    5.0918 (0.5675)   15.9682 (1.0046)   21.0601 (0.9701)    2.1372 (0.3680)   18.0543 (1.0216)   20.1915 (1.0553)
 61    4.8548 (0.5658)   15.3880 (0.9934)   20.2428 (0.9570)    1.9744 (0.3513)   17.3739 (0.9973)   19.3482 (1.0292)
 62    4.6283 (0.5658)   14.8089 (0.9845)   19.4372 (0.9462)    1.8210 (0.3351)   16.6976 (0.9732)   18.5187 (1.0032)
 63    4.4121 (0.5665)   14.2313 (0.9779)   18.6434 (0.9383)    1.6768 (0.3194)   16.0268 (0.9493)   17.7036 (0.9775)
 64    4.2055 (0.5675)   13.6557 (0.9741)   17.8612 (0.9339)    1.5413 (0.3038)   15.3624 (0.9259)   16.9037 (0.9523)
 65    4.0082 (0.5681)   13.0823 (0.9733)   17.0905 (0.9337)    1.4141 (0.2885)   14.7057 (0.9029)   16.1199 (0.9278)
 66    3.8196 (0.5680)   12.5110 (0.9762)   16.3307 (0.9383)    1.2950 (0.2733)   14.0580 (0.8807)   15.3529 (0.9041)
 67    3.6393 (0.5667)   11.9418 (0.9831)   15.5811 (0.9484)    1.1834 (0.2583)   13.4202 (0.8593)   14.6036 (0.8814)
 68    3.4665 (0.5640)   11.3741 (0.9947)   14.8407 (0.9648)    1.0792 (0.2435)   12.7936 (0.8389)   13.8728 (0.8598)
 69    3.3008 (0.5596)   10.8072 (1.0115)   14.1080 (0.9880)    0.9820 (0.2289)   12.1794 (0.8196)   13.1614 (0.8393)
 70    3.1414 (0.5534)   10.2399 (1.0336)   13.3813 (1.0181)    0.8914 (0.2146)   11.5787 (0.8015)   12.4701 (0.8202)
 71    2.9877 (0.5451)    9.6707 (1.0609)   12.6584 (1.0550)    0.8073 (0.2005)   10.9927 (0.7845)   11.8000 (0.8024)
 72    2.8389 (0.5346)    9.0979 (1.0926)   11.9367 (1.0975)    0.7293 (0.1869)   10.4225 (0.7689)   11.1519 (0.7859)
 73    2.6942 (0.5216)    8.5193 (1.1272)   11.2136 (1.1441)    0.6573 (0.1737)    9.8693 (0.7545)   10.5266 (0.7709)
 74    2.5530 (0.5060)    7.9330 (1.1623)   10.4859 (1.1919)    0.5909 (0.1611)    9.3343 (0.7413)    9.9252 (0.7572)
 75    2.4145 (0.4876)    7.3367 (1.1950)    9.7513 (1.2375)    0.5301 (0.1491)    8.8185 (0.7293)    9.3486 (0.7448)
 76    2.2783 (0.4663)    6.7293 (1.2217)    9.0076 (1.2773)    0.4744 (0.1378)    8.3230 (0.7185)    8.7974 (0.7337)
 77    2.1442 (0.4421)    6.1105 (1.2392)    8.2547 (1.3078)    0.4239 (0.1272)    7.8486 (0.7086)    8.2725 (0.7237)
 78    2.0122 (0.4153)    5.4820 (1.2456)    7.4941 (1.3274)    0.3781 (0.1173)    7.3962 (0.6995)    7.7743 (0.7146)
 79    1.8829 (0.3865)    4.8480 (1.2410)    6.7309 (1.3367)    0.3370 (0.1083)    6.9663 (0.6910)    7.3033 (0.7062)
 80    1.7575 (0.3567)    4.2163 (1.2280)    5.9737 (1.3386)    0.3002 (0.1000)    6.5591 (0.6829)    6.8594 (0.6982)
 81    1.6377 (0.3269)    3.5975 (1.2099)    5.2352 (1.3361)    0.2675 (0.0925)    6.1746 (0.6750)    6.4421 (0.6905)
 82    1.5256 (0.2981)    3.0053 (1.1878)    4.5309 (1.3289)    0.2385 (0.0856)    5.8122 (0.6670)    6.0507 (0.6827)
 83    1.4235 (0.2704)    2.4546 (1.1583)    3.8781 (1.3109)    0.2128 (0.0794)    5.4712 (0.6589)    5.6840 (0.6749)
 84    1.3334 (0.2433)    1.9588 (1.1138)    3.2922 (1.2718)    0.1900 (0.0738)    5.1506 (0.6505)    5.3407 (0.6668)
 85    1.2565 (0.2158)    1.5281 (1.0473)    2.7846 (1.2030)    0.1699 (0.0687)    4.8492 (0.6416)    5.0191 (0.6582)
 86    1.1931 (0.1877)    1.1671 (0.9567)    2.3602 (1.1028)    0.1520 (0.0639)    4.5659 (0.6320)    4.7178 (0.6488)
 87    1.1427 (0.1594)    0.8747 (0.8466)    2.0174 (0.9775)    0.1360 (0.0596)    4.2994 (0.6216)    4.4354 (0.6385)
 88    1.1036 (0.1320)    0.6452 (0.7261)    1.7488 (0.8386)    0.1217 (0.0555)    4.0490 (0.6101)    4.1706 (0.6271)
 89    1.0743 (0.1067)    0.4697 (0.6052)    1.5440 (0.6987)    0.1088 (0.0516)    3.8137 (0.5975)    3.9225 (0.6143)
 90    1.0526 (0.0844)    0.3385 (0.4923)    1.3912 (0.5676)    0.0973 (0.0480)    3.5928 (0.5836)    3.6901 (0.6002)
