
# model  
#****** Result for:******
# PLFchr.txt
#IMaCh version 0.99r45, April 2023,INED-EUROREVES-Institut de longevite-Japan Society for the Promotion of Science (Grant-in-Aid for Scientific Research 25293121), Intel Software 2015-2020, Nihon University 2021-202, INED 2000-2022
#$Revision: 1.353 $ $Date: 2023/05/08 18:48:22 $
# Tue Feb 04 22:21:37 2025
# Total life expectancy with std error and decomposition into time to be expected in each health state
#  (weighted average of eij where weights are the age specific forward period (stable) prevalences in each health state 
# Age popbased mobilav e.. (std) e.1 (std) e.2 (std) 
   50 0 0  29.459 (  1.239)   5.877 (  1.110)  23.581 (  1.443)
   51 0 0  28.517 (  1.221)   5.499 (  1.002)  23.018 (  1.373)
   52 0 0  27.581 (  1.203)   5.138 (  0.904)  22.443 (  1.312)
   53 0 0  26.653 (  1.183)   4.796 (  0.817)  21.857 (  1.259)
   54 0 0  25.732 (  1.163)   4.471 (  0.741)  21.261 (  1.212)
   55 0 0  24.820 (  1.142)   4.162 (  0.675)  20.657 (  1.172)
   56 0 0  23.916 (  1.121)   3.871 (  0.618)  20.045 (  1.137)
   57 0 0  23.022 (  1.099)   3.595 (  0.571)  19.427 (  1.105)
   58 0 0  22.140 (  1.076)   3.335 (  0.532)  18.805 (  1.077)
   59 0 0  21.267 (  1.054)   3.090 (  0.499)  18.178 (  1.051)
   60 0 0  20.406 (  1.031)   2.859 (  0.473)  17.548 (  1.026)
   61 0 0  19.558 (  1.008)   2.641 (  0.451)  16.916 (  1.003)
   62 0 0  18.722 (  0.986)   2.438 (  0.432)  16.285 (  0.981)
   63 0 0  17.901 (  0.963)   2.246 (  0.416)  15.654 (  0.960)
   64 0 0  17.095 (  0.942)   2.067 (  0.401)  15.027 (  0.939)
   65 0 0  16.303 (  0.921)   1.900 (  0.387)  14.403 (  0.919)
   66 0 0  15.528 (  0.900)   1.743 (  0.373)  13.785 (  0.900)
   67 0 0  14.769 (  0.881)   1.597 (  0.359)  13.173 (  0.881)
   68 0 0  14.028 (  0.862)   1.460 (  0.345)  12.568 (  0.863)
   69 0 0  13.305 (  0.845)   1.333 (  0.330)  11.973 (  0.846)
   70 0 0  12.602 (  0.828)   1.214 (  0.315)  11.387 (  0.830)
   71 0 0  11.918 (  0.812)   1.104 (  0.300)  10.813 (  0.814)
   72 0 0  11.254 (  0.797)   1.002 (  0.284)  10.252 (  0.799)
   73 0 0  10.611 (  0.783)   0.907 (  0.268)   9.704 (  0.785)
   74 0 0   9.991 (  0.769)   0.819 (  0.252)   9.172 (  0.771)
   75 0 0   9.393 (  0.755)   0.738 (  0.236)   8.655 (  0.758)
   76 0 0   8.820 (  0.743)   0.663 (  0.220)   8.157 (  0.746)
   77 0 0   8.271 (  0.730)   0.594 (  0.205)   7.677 (  0.733)
   78 0 0   7.748 (  0.718)   0.531 (  0.190)   7.217 (  0.721)
   79 0 0   7.253 (  0.707)   0.474 (  0.175)   6.779 (  0.710)
   80 0 0   6.786 (  0.696)   0.422 (  0.161)   6.364 (  0.698)
   81 0 0   6.348 (  0.685)   0.375 (  0.148)   5.973 (  0.687)
   82 0 0   5.940 (  0.674)   0.333 (  0.136)   5.607 (  0.675)
   83 0 0   5.561 (  0.663)   0.295 (  0.125)   5.265 (  0.663)
   84 0 0   5.211 (  0.652)   0.263 (  0.115)   4.948 (  0.651)
   85 0 0   4.887 (  0.641)   0.234 (  0.106)   4.653 (  0.639)
   86 0 0   4.588 (  0.630)   0.209 (  0.099)   4.379 (  0.627)
   87 0 0   4.311 (  0.618)   0.188 (  0.092)   4.123 (  0.615)
   88 0 0   4.054 (  0.606)   0.169 (  0.086)   3.885 (  0.602)
   89 0 0   3.814 (  0.594)   0.153 (  0.082)   3.662 (  0.589)
   90 0 0   3.591 (  0.580)   0.138 (  0.077)   3.452 (  0.574)
