
#****** ******
# PLFchr.txt
#IMaCh version 0.99r45, April 2023,INED-EUROREVES-Institut de longevite-Japan Society for the Promotion of Science (Grant-in-Aid for Scientific Research 25293121), Intel Software 2015-2020, Nihon University 2021-202, INED 2000-2022
#$Revision: 1.353 $ $Date: 2023/05/08 18:48:22 $
# Tue Feb 04 22:21:37 2025
# Variance and covariance of health expectancies e.j 
#  (weighted average of eij where weights are the age specific period (stable) prevalences in each health state 
# Age Cov(e.1, e.1) Cov(e.1, e.2) Cov(e.2, e.1) Cov(e.2, e.2)
50  1.2326 -0.8907 -0.8907 2.0833
51  1.0041 -0.6994 -0.6994 1.8859
52  0.8179 -0.5465 -0.5465 1.7214
53  0.6680 -0.4262 -0.4262 1.5844
54  0.5488 -0.3330 -0.3330 1.4700
55  0.4551 -0.2621 -0.2621 1.3738
56  0.3822 -0.2090 -0.2090 1.2919
57  0.3259 -0.1700 -0.1700 1.2213
58  0.2826 -0.1418 -0.1418 1.1595
59  0.2493 -0.1216 -0.1216 1.1041
60  0.2236 -0.1072 -0.1072 1.0535
61  0.2032 -0.0968 -0.0968 1.0068
62  0.1867 -0.0892 -0.0892 0.9630
63  0.1728 -0.0832 -0.0832 0.9216
64  0.1606 -0.0782 -0.0782 0.8826
65  0.1494 -0.0737 -0.0737 0.8453
66  0.1389 -0.0692 -0.0692 0.8101
67  0.1287 -0.0649 -0.0649 0.7768
68  0.1187 -0.0604 -0.0604 0.7454
69  0.1089 -0.0558 -0.0558 0.7160
70  0.0993 -0.0512 -0.0512 0.6885
71  0.0899 -0.0466 -0.0466 0.6627
72  0.0808 -0.0422 -0.0422 0.6387
73  0.0720 -0.0379 -0.0379 0.6161
74  0.0637 -0.0338 -0.0338 0.5949
75  0.0559 -0.0300 -0.0300 0.5749
76  0.0486 -0.0265 -0.0265 0.5559
77  0.0420 -0.0232 -0.0232 0.5378
78  0.0359 -0.0201 -0.0201 0.5205
79  0.0306 -0.0173 -0.0173 0.5039
80  0.0259 -0.0146 -0.0146 0.4878
81  0.0218 -0.0121 -0.0121 0.4720
82  0.0184 -0.0098 -0.0098 0.4561
83  0.0155 -0.0077 -0.0077 0.4402
84  0.0132 -0.0059 -0.0059 0.4243
85  0.0113 -0.0044 -0.0044 0.4085
86  0.0097 -0.0031 -0.0031 0.3931
87  0.0085 -0.0020 -0.0020 0.3778
88  0.0075 -0.0011 -0.0011 0.3623
89  0.0067 -0.0004 -0.0004 0.3463
90  0.0060 0.0002 0.0002 0.3298
