# ESMgali.txt
#IMaCh version 0.99r45, April 2023,INED-EUROREVES-Institut de longevite-Japan Society for the Promotion of Science (Grant-in-Aid for Scientific Research 25293121), Intel Software 2015-2020, Nihon University 2021-202, INED 2000-2022
#$Revision: 1.353 $ $Date: 2023/05/08 18:48:22 $
# Tue Feb 04 20:24:32 2025

#****** ******
# (a) Life expectancies by health status at initial age and (b) health expectancies by health status at initial age
# Age e11  e12  e1.  e21  e22  e2. 
 50  25.7020   1.9675  27.6695  23.3050   2.6518  25.9568
 51  24.9399   1.9346  26.8745  22.4553   2.6231  25.0784
 52  24.1886   1.9012  26.0897  21.6148   2.5934  24.2082
 53  23.4484   1.8673  25.3157  20.7840   2.5629  23.3468
 54  22.7197   1.8330  24.5526  19.9634   2.5314  22.4948
 55  22.0029   1.7982  23.8011  19.1537   2.4991  21.6528
 56  21.2983   1.7630  23.0613  18.3556   2.4657  20.8214
 57  20.6064   1.7274  22.3337  17.5697   2.4315  20.0012
 58  19.9273   1.6914  21.6187  16.7967   2.3964  19.1931
 59  19.2615   1.6551  20.9166  16.0372   2.3603  18.3975
 60  18.6092   1.6186  20.2278  15.2919   2.3234  17.6153
 61  17.9708   1.5817  19.5525  14.5616   2.2855  16.8471
 62  17.3465   1.5447  18.8911  13.8469   2.2468  16.0937
 63  16.7365   1.5074  18.2439  13.1485   2.2073  15.3558
 64  16.1411   1.4700  17.6111  12.4670   2.1670  14.6340
 65  15.5605   1.4325  16.9930  11.8032   2.1259  13.9292
 66  14.9948   1.3950  16.3898  11.1577   2.0842  13.2419
 67  14.4442   1.3575  15.8016  10.5310   2.0417  12.5727
 68  13.9087   1.3200  15.2287   9.9237   1.9987  11.9224
 69  13.3884   1.2826  14.6710   9.3363   1.9552  11.2914
 70  12.8834   1.2454  14.1287   8.7692   1.9111  10.6804
 71  12.3936   1.2083  13.6019   8.2229   1.8667  10.0896
 72  11.9190   1.1715  13.0905   7.6976   1.8220   9.5196
 73  11.4594   1.1350  12.5945   7.1936   1.7770   8.9707
 74  11.0149   1.0989  12.1137   6.7111   1.7319   8.4431
 75  10.5852   1.0631  11.6483   6.2502   1.6867   7.9370
 76  10.1700   1.0278  11.1978   5.8109   1.6416   7.4525
 77   9.7693   0.9930  10.7623   5.3931   1.5966   6.9897
 78   9.3828   0.9586  10.3414   4.9966   1.5518   6.5484
 79   9.0101   0.9249   9.9350   4.6213   1.5072   6.1286
 80   8.6510   0.8918   9.5428   4.2669   1.4631   5.7299
 81   8.3051   0.8593   9.1644   3.9328   1.4194   5.3522
 82   7.9721   0.8275   8.7996   3.6188   1.3763   4.9951
 83   7.6517   0.7963   8.4480   3.3243   1.3337   4.6580
 84   7.3434   0.7659   8.1094   3.0487   1.2919   4.3406
 85   7.0469   0.7363   7.7832   2.7913   1.2508   4.0422
 86   6.7618   0.7074   7.4692   2.5516   1.2106   3.7622
 87   6.4877   0.6793   7.1670   2.3287   1.1712   3.5000
 88   6.2241   0.6520   6.8761   2.1221   1.1328   3.2548
 89   5.9708   0.6255   6.5963   1.9308   1.0953   3.0261
 90   5.7273   0.5998   6.3271   1.7542   1.0588   2.8130
