# Powell
# iter -2*LL p12 p13 p21 p23
1 1 2144.709671153639 0 -4.087756700000 0.017307200000 -9.067401600000 0.074575100000 2.981207900000 -0.039724200000 -3.548675000000 0.042263300000
2 2 2052.915839092549 0 -4.398433078812 0.017175177088 -10.207407602186 0.074329572189 2.923133492961 -0.039749053475 -4.087094515683 0.042267697802
3 2 2046.487520657744 1 -4.224474277514 0.017167461472 -10.045799325062 0.074118800725 2.767655882579 -0.040009475120 -4.281750281924 0.042373403248
4 3 2041.187559495299 1 -4.444900641096 0.017039178198 -9.827374191556 0.073625892294 2.140205124830 -0.040548912144 -4.676003528436 0.042742623080
5 3 2039.617937197566 2 -4.558712476385 0.016965940059 -9.857598409928 0.073535501797 2.120848768376 -0.041111050738 -4.708691939357 0.043382904090
6 4 2039.589286823855 2 -4.563137924918 0.016907751656 -9.867549690545 0.073451092224 2.111989326314 -0.041142607922 -4.723808619223 0.043651408476
7 4 2039.489737327454 3 -4.530585159306 0.016332073887 -9.839256359308 0.072524253553 2.014977910172 -0.040160506887 -4.862156565251 0.045607332249
8 5 2039.384547797048 3 -4.499570685752 0.016014796978 -9.795436243399 0.071986011955 1.976180424510 -0.039332451173 -4.935096863976 0.046625495735
9 5 2039.164679172035 4 -4.405113066679 0.014638609968 -9.568437322363 0.069549715565 1.722105003782 -0.035754380711 -5.308111120196 0.051181657138
10 6 2039.159849726957 4 -4.410860606050 0.014663119500 -9.565010578454 0.069534059637 1.713530184228 -0.035670009327 -5.315050344460 0.051239577806
11 6 2039.113769944019 4 -4.505076674098 0.015714292849 -9.521134944008 0.068758384435 1.481271959083 -0.032975944744 -5.491579691250 0.053508987387
12 7 2039.070479234717 5 -4.569945189826 0.016653533792 -9.518246194164 0.068736619734 1.399911764166 -0.031835450135 -5.520749300355 0.053918862748
13 7 2039.017884540892 5 -4.745468526096 0.019229955097 -9.495961749930 0.068484841187 1.149916985877 -0.028313754815 -5.631079103039 0.055447700380
14 8 2039.017823815289 6 -4.744491574782 0.019216346386 -9.494239134547 0.068465513133 1.149238564424 -0.028290609441 -5.633320316041 0.055479333639
15 8 2039.017804464656 6 -4.743791863280 0.019203707439 -9.492661873683 0.068454061956 1.149126621920 -0.028289190028 -5.635343220683 0.055500166186
16 9 2039.017784501925 7 -4.743972305406 0.019205507644 -9.492713452640 0.068454209062 1.149756121764 -0.028293159410 -5.635463523950 0.055503010699
17 9 2039.017431363693 8 -4.738408269686 0.019146690145 -9.491240946156 0.068433862722 1.167836137963 -0.028521859236 -5.650375971452 0.055699118449
18 10 2039.017365583662 9 -4.740413040756 0.019168042458 -9.491894624369 0.068442699935 1.169466136190 -0.028551786523 -5.651821706019 0.055715244049
19 10 2039.017359146385 9 -4.741169973125 0.019176856049 -9.491848172335 0.068440415873 1.169151782318 -0.028550758818 -5.652632214466 0.055725707736
20 11 2039.017349012274 10 -4.742506918150 0.019193326776 -9.490936544850 0.068423734622 1.168220944024 -0.028544127902 -5.654149591736 0.055746095211
21 11 2039.017323604884 11 -4.743466790639 0.019204994833 -9.488421607095 0.068388600316 1.169006442382 -0.028560662714 -5.655647487197 0.055764462315
22 12 2039.017266637145 11 -4.743482502335 0.019207520428 -9.482557030355 0.068309959448 1.174201818010 -0.028629710728 -5.655759613740 0.055765682541
23 12 2039.017237002197 12 -4.742352889163 0.019195860316 -9.481664666667 0.068298817116 1.176213800379 -0.028647440493 -5.652909763825 0.055730832389
24 13 2039.017231708168 13 -4.742079463030 0.019193287035 -9.481200996590 0.068292595248 1.176229418270 -0.028645609663 -5.651688258166 0.055715633586
25 13 2039.017230427315 14 -4.741860577580 0.019191401822 -9.480829159270 0.068287289393 1.176206517687 -0.028644075685 -5.650875166644 0.055705669617
26 14 2039.017230427117 14 -4.741860051960 0.019191400104 -9.480828445271 0.068287260874 1.176209104297 -0.028644121233 -5.650874142433 0.055705666924
27 14 2039.017230427086 15 -4.741860096036 0.019191399431 -9.480829229021 0.068287271116 1.176212291479 -0.028644175075 -5.650874705704 0.055705669817
28 15 2039.017230427070 16 -4.741859428528 0.019191389777 -9.480833995574 0.068287336653 1.176208986158 -0.028644127691 -5.650873757553 0.055705657822
