# ESMgali.txt
#IMaCh version 0.99r45, April 2023,INED-EUROREVES-Institut de longevite-Japan Society for the Promotion of Science (Grant-in-Aid for Scientific Research 25293121), Intel Software 2015-2020, Nihon University 2021-202, INED 2000-2022
#$Revision: 1.353 $ $Date: 2023/05/08 18:48:22 $
# Tue Feb 04 20:24:32 2025
#One-step probabilities and covariance matrix
# Age p1-1  p1-2  p1-3  p2-1  p2-2  p2-3 
50  9.755e-001  2.221e-002  2.263e-003  4.228e-001  5.461e-001  3.110e-002 
50 1-1  4.462e-005
50 1-2 -4.431e-005  4.473e-005
50 1-3 -3.127e-007 -4.200e-007  7.327e-007
50 2-1 -8.618e-004  8.553e-004  6.424e-006  2.768e-002
50 2-2  8.393e-004 -8.381e-004 -1.188e-006 -2.696e-002  2.653e-002
50 2-3  2.252e-005 -1.728e-005 -5.236e-006 -7.151e-004  4.290e-004  2.861e-004
51  9.749e-001  2.263e-002  2.421e-003  4.151e-001  5.517e-001  3.322e-002 
51 1-1  4.297e-005
51 1-2 -4.261e-005  4.302e-005
51 1-3 -3.635e-007 -4.173e-007  7.808e-007
51 2-1 -8.143e-004  8.078e-004  6.482e-006  2.548e-002
51 2-2  7.920e-004 -7.912e-004 -8.642e-007 -2.479e-002  2.441e-002
51 2-3  2.231e-005 -1.669e-005 -5.618e-006 -6.891e-004  3.850e-004  3.040e-004
52  9.744e-001  2.305e-002  2.591e-003  4.073e-001  5.572e-001  3.547e-002 
52 1-1  4.129e-005
52 1-2 -4.088e-005  4.129e-005
52 1-3 -4.159e-007 -4.145e-007  8.304e-007
52 2-1 -7.675e-004  7.609e-004  6.523e-006  2.339e-002
52 2-2  7.454e-004 -7.449e-004 -5.067e-007 -2.273e-002  2.239e-002
52 2-3  2.203e-005 -1.601e-005 -6.017e-006 -6.619e-004  3.397e-004  3.222e-004
53  9.737e-001  2.349e-002  2.772e-003  3.996e-001  5.625e-001  3.786e-002 
53 1-1  3.960e-005
53 1-2 -3.913e-005  3.954e-005
53 1-3 -4.697e-007 -4.119e-007  8.816e-007
53 2-1 -7.213e-004  7.147e-004  6.546e-006  2.139e-002
53 2-2  6.996e-004 -6.995e-004 -1.136e-007 -2.076e-002  2.047e-002
53 2-3  2.169e-005 -1.526e-005 -6.433e-006 -6.339e-004  2.933e-004  3.407e-004
54  9.731e-001  2.393e-002  2.966e-003  3.919e-001  5.677e-001  4.040e-002 
54 1-1  3.790e-005
54 1-2 -3.738e-005  3.779e-005
54 1-3 -5.242e-007 -4.100e-007  9.341e-007
54 2-1 -6.760e-004  6.694e-004  6.550e-006  1.950e-002
54 2-2  6.547e-004 -6.550e-004  3.167e-007 -1.890e-002  1.865e-002
54 2-3  2.129e-005 -1.443e-005 -6.866e-006 -6.053e-004  2.461e-004  3.592e-004
55  9.725e-001  2.437e-002  3.173e-003  3.842e-001  5.727e-001  4.309e-002 
55 1-1  3.620e-005
55 1-2 -3.562e-005  3.603e-005
55 1-3 -5.787e-007 -4.094e-007  9.881e-007
55 2-1 -6.316e-004  6.251e-004  6.531e-006  1.771e-002
55 2-2  6.108e-004 -6.116e-004  7.859e-007 -1.714e-002  1.694e-002
55 2-3  2.083e-005 -1.351e-005 -7.317e-006 -5.761e-004  1.984e-004  3.777e-004
56  9.718e-001  2.483e-002  3.395e-003  3.765e-001  5.775e-001  4.594e-002 
56 1-1  3.450e-005
56 1-2 -3.387e-005  3.428e-005
56 1-3 -6.327e-007 -4.108e-007  1.043e-006
56 2-1 -5.883e-004  5.818e-004  6.489e-006  1.603e-002
56 2-2  5.680e-004 -5.693e-004  1.296e-006 -1.549e-002  1.533e-002
56 2-3  2.030e-005 -1.251e-005 -7.784e-006 -5.466e-004  1.505e-004  3.961e-004
57  9.711e-001  2.529e-002  3.633e-003  3.688e-001  5.822e-001  4.897e-002 
57 1-1  3.282e-005
57 1-2 -3.213e-005  3.255e-005
57 1-3 -6.851e-007 -4.150e-007  1.100e-006
57 2-1 -5.463e-004  5.398e-004  6.421e-006  1.446e-002
57 2-2  5.266e-004 -5.284e-004  1.848e-006 -1.394e-002  1.384e-002
57 2-3  1.970e-005 -1.143e-005 -8.269e-006 -5.170e-004  1.029e-004  4.141e-004
58  9.704e-001  2.576e-002  3.886e-003  3.612e-001  5.867e-001  5.217e-002 
58 1-1  3.116e-005
58 1-2 -3.043e-005  3.085e-005
58 1-3 -7.351e-007 -4.232e-007  1.158e-006
58 2-1 -5.056e-004  4.992e-004  6.327e-006  1.298e-002
58 2-2  4.865e-004 -4.890e-004  2.445e-006 -1.250e-002  1.244e-002
58 2-3  1.904e-005 -1.027e-005 -8.771e-006 -4.875e-004  5.578e-005  4.318e-004
59  9.696e-001  2.624e-002  4.158e-003  3.535e-001  5.909e-001  5.556e-002 
59 1-1  2.954e-005
59 1-2 -2.876e-005  2.920e-005
59 1-3 -7.817e-007 -4.366e-007  1.218e-006
59 2-1 -4.663e-004  4.601e-004  6.204e-006  1.162e-002
59 2-2  4.480e-004 -4.511e-004  3.088e-006 -1.116e-002  1.115e-002
59 2-3  1.831e-005 -9.021e-006 -9.292e-006 -4.583e-004  9.539e-006  4.488e-004
60  9.688e-001  2.673e-002  4.448e-003  3.459e-001  5.950e-001  5.914e-002 
60 1-1  2.797e-005
60 1-2 -2.714e-005  2.760e-005
60 1-3 -8.238e-007 -4.568e-007  1.281e-006
60 2-1 -4.287e-004  4.226e-004  6.051e-006  1.036e-002
60 2-2  4.111e-004 -4.149e-004  3.782e-006 -9.926e-003  9.961e-003
60 2-3  1.752e-005 -7.682e-006 -9.833e-006 -4.295e-004 -3.550e-005  4.650e-004
61  9.680e-001  2.722e-002  4.759e-003  3.383e-001  5.988e-001  6.293e-002 
61 1-1  2.645e-005
61 1-2 -2.559e-005  2.608e-005
61 1-3 -8.602e-007 -4.857e-007  1.346e-006
61 2-1 -3.927e-004  3.868e-004  5.867e-006  9.195e-003
61 2-2  3.760e-004 -3.806e-004  4.530e-006 -8.794e-003  8.873e-003
61 2-3  1.665e-005 -6.253e-006 -1.040e-005 -4.013e-004 -7.904e-005  4.804e-004
62  9.672e-001  2.773e-002  5.090e-003  3.307e-001  6.024e-001  6.694e-002 
62 1-1  2.501e-005
62 1-2 -2.412e-005  2.464e-005
62 1-3 -8.898e-007 -5.254e-007  1.415e-006
62 2-1 -3.585e-004  3.528e-004  5.651e-006  8.136e-003
62 2-2  3.428e-004 -3.481e-004  5.335e-006 -7.762e-003  7.883e-003
62 2-3  1.571e-005 -4.729e-006 -1.099e-005 -3.739e-004 -1.208e-004  4.947e-004
63  9.663e-001  2.824e-002  5.445e-003  3.231e-001  6.057e-001  7.116e-002 
63 1-1  2.365e-005
63 1-2 -2.274e-005  2.332e-005
63 1-3 -9.116e-007 -5.787e-007  1.490e-006
63 2-1 -3.262e-004  3.208e-004  5.403e-006  7.175e-003
63 2-2  3.115e-004 -3.177e-004  6.204e-006 -6.827e-003  6.988e-003
63 2-3  1.471e-005 -3.104e-006 -1.161e-005 -3.475e-004 -1.606e-004  5.081e-004
64  9.654e-001  2.876e-002  5.825e-003  3.156e-001  6.088e-001  7.562e-002 
64 1-1  2.239e-005
64 1-2 -2.147e-005  2.211e-005
64 1-3 -9.246e-007 -6.485e-007  1.573e-006
64 2-1 -2.959e-004  2.908e-004  5.122e-006  6.308e-003
64 2-2  2.823e-004 -2.894e-004  7.144e-006 -5.986e-003  6.185e-003
64 2-3  1.364e-005 -1.373e-006 -1.227e-005 -3.221e-004 -1.982e-004  5.203e-004
65  9.645e-001  2.929e-002  6.230e-003  3.081e-001  6.116e-001  8.032e-002 
65 1-1  2.125e-005
65 1-2 -2.032e-005  2.106e-005
65 1-3 -9.281e-007 -7.385e-007  1.667e-006
65 2-1 -2.677e-004  2.629e-004  4.809e-006  5.534e-003
65 2-2  2.552e-004 -2.634e-004  8.164e-006 -5.236e-003  5.470e-003
65 2-3  1.250e-005  4.745e-007 -1.297e-005 -2.978e-004 -2.336e-004  5.314e-004
66  9.635e-001  2.983e-002  6.664e-003  3.006e-001  6.141e-001  8.527e-002 
66 1-1  2.024e-005
66 1-2 -1.932e-005  2.017e-005
66 1-3 -9.219e-007 -8.529e-007  1.775e-006
66 2-1 -2.417e-004  2.372e-004  4.465e-006  4.847e-003
66 2-2  2.304e-004 -2.396e-004  9.276e-006 -4.572e-003  4.839e-003
66 2-3  1.129e-005  2.449e-006 -1.374e-005 -2.749e-004 -2.667e-004  5.416e-004
67  9.625e-001  3.037e-002  7.127e-003  2.932e-001  6.163e-001  9.048e-002 
67 1-1  1.939e-005
67 1-2 -1.848e-005  1.948e-005
67 1-3 -9.061e-007 -9.969e-007  1.903e-006
67 2-1 -2.178e-004  2.137e-004  4.093e-006  4.245e-003
67 2-2  2.078e-004 -2.183e-004  1.049e-005 -3.991e-003  4.289e-003
67 2-3  1.002e-005  4.563e-006 -1.459e-005 -2.534e-004 -2.977e-004  5.511e-004
68  9.615e-001  3.093e-002  7.623e-003  2.858e-001  6.182e-001  9.597e-002 
68 1-1  1.871e-005
68 1-2 -1.783e-005  1.900e-005
68 1-3 -8.818e-007 -1.176e-006  2.058e-006
68 2-1 -1.963e-004  1.926e-004  3.696e-006  3.722e-003
68 2-2  1.876e-004 -1.994e-004  1.183e-005 -3.488e-003  3.815e-003
68 2-3  8.692e-006  6.836e-006 -1.553e-005 -2.333e-004 -3.269e-004  5.602e-004
69  9.604e-001  3.149e-002  8.152e-003  2.784e-001  6.198e-001  1.017e-001 
69 1-1  1.823e-005
69 1-2 -1.738e-005  1.877e-005
69 1-3 -8.510e-007 -1.397e-006  2.248e-006
69 2-1 -1.770e-004  1.738e-004  3.277e-006  3.274e-003
69 2-2  1.697e-004 -1.830e-004  1.332e-005 -3.059e-003  3.414e-003
69 2-3  7.309e-006  9.287e-006 -1.660e-005 -2.148e-004 -3.546e-004  5.694e-004
70  9.592e-001  3.206e-002  8.718e-003  2.711e-001  6.211e-001  1.078e-001 
70 1-1  1.797e-005
70 1-2 -1.715e-005  1.882e-005
70 1-3 -8.173e-007 -1.669e-006  2.486e-006
70 2-1 -1.602e-004  1.574e-004  2.842e-006  2.897e-003
70 2-2  1.543e-004 -1.693e-004  1.498e-005 -2.699e-003  3.080e-003
70 2-3  5.879e-006  1.194e-005 -1.782e-005 -1.979e-004 -3.813e-004  5.792e-004
71  9.580e-001  3.264e-002  9.323e-003  2.639e-001  6.220e-001  1.141e-001 
71 1-1  1.796e-005
71 1-2 -1.717e-005  1.917e-005
71 1-3 -7.859e-007 -1.999e-006  2.785e-006
71 2-1 -1.458e-004  1.434e-004  2.399e-006  2.585e-003
71 2-2  1.414e-004 -1.582e-004  1.685e-005 -2.402e-003  2.810e-003
71 2-3  4.414e-006  1.483e-005 -1.925e-005 -1.826e-004 -4.080e-004  5.906e-004
72  9.568e-001  3.323e-002  9.969e-003  2.567e-001  6.226e-001  1.208e-001 
72 1-1  1.823e-005
72 1-2 -1.746e-005  1.986e-005
72 1-3 -7.645e-007 -2.399e-006  3.163e-006
72 2-1 -1.338e-004  1.318e-004  1.957e-006  2.334e-003
72 2-2  1.308e-004 -1.498e-004  1.897e-005 -2.165e-003  2.600e-003
72 2-3  2.931e-006  1.799e-005 -2.092e-005 -1.690e-004 -4.356e-004  6.047e-004
73  9.555e-001  3.383e-002  1.066e-002  2.495e-001  6.228e-001  1.277e-001 
73 1-1  1.881e-005
73 1-2 -1.805e-005  2.093e-005
73 1-3 -7.640e-007 -2.880e-006  3.644e-006
73 2-1 -1.242e-004  1.227e-004  1.525e-006  2.138e-003
73 2-2  1.228e-004 -1.442e-004  2.139e-005 -1.980e-003  2.446e-003
73 2-3  1.448e-006  2.146e-005 -2.291e-005 -1.572e-004 -4.654e-004  6.226e-004
74  9.542e-001  3.444e-002  1.140e-002  2.424e-001  6.226e-001  1.350e-001 
74 1-1  1.975e-005
74 1-2 -1.895e-005  2.241e-005
74 1-3 -7.990e-007 -3.458e-006  4.257e-006
74 2-1 -1.171e-004  1.160e-004  1.117e-006  1.992e-003
74 2-2  1.171e-004 -1.413e-004  2.417e-005 -1.845e-003  2.343e-003
74 2-3 -6.630e-009  2.529e-005 -2.529e-005 -1.472e-004 -4.988e-004  6.460e-004
75  9.528e-001  3.505e-002  1.218e-002  2.353e-001  6.221e-001  1.426e-001 
75 1-1  2.109e-005
75 1-2 -2.020e-005  2.435e-005
75 1-3 -8.889e-007 -4.148e-006  5.036e-006
75 2-1 -1.124e-004  1.117e-004  7.493e-007  1.891e-003
75 2-2  1.138e-004 -1.412e-004  2.739e-005 -1.752e-003  2.290e-003
75 2-3 -1.400e-006  2.954e-005 -2.814e-005 -1.390e-004 -5.378e-004  6.768e-004
76  9.513e-001  3.568e-002  1.302e-002  2.283e-001  6.211e-001  1.505e-001 
76 1-1  2.287e-005
76 1-2 -2.181e-005  2.678e-005
76 1-3 -1.059e-006 -4.968e-006  6.027e-006
76 2-1 -1.102e-004  1.097e-004  4.386e-007  1.830e-003
76 2-2  1.129e-004 -1.440e-004  3.114e-005 -1.697e-003  2.281e-003
76 2-3 -2.687e-006  3.426e-005 -3.158e-005 -1.328e-004 -5.844e-004  7.172e-004
77  9.498e-001  3.631e-002  1.392e-002  2.214e-001  6.198e-001  1.588e-001 
77 1-1  2.516e-005
77 1-2 -2.382e-005  2.976e-005
77 1-3 -1.343e-006 -5.940e-006  7.284e-006
77 2-1 -1.103e-004  1.101e-004  2.060e-007  1.803e-003
77 2-2  1.141e-004 -1.496e-004  3.552e-005 -1.675e-003  2.316e-003
77 2-3 -3.814e-006  3.954e-005 -3.572e-005 -1.287e-004 -6.410e-004  7.697e-004
78  9.482e-001  3.695e-002  1.488e-002  2.145e-001  6.180e-001  1.674e-001 
78 1-1  2.802e-005
78 1-2 -2.623e-005  3.332e-005
78 1-3 -1.783e-006 -7.090e-006  8.873e-006
78 2-1 -1.128e-004  1.127e-004  7.538e-008  1.807e-003
78 2-2  1.175e-004 -1.581e-004  4.065e-005 -1.680e-003  2.391e-003
78 2-3 -4.711e-006  4.544e-005 -4.073e-005 -1.266e-004 -7.104e-004  8.371e-004
79  9.465e-001  3.760e-002  1.590e-002  2.077e-001  6.158e-001  1.764e-001 
79 1-1  3.152e-005
79 1-2 -2.909e-005  3.753e-005
79 1-3 -2.432e-006 -8.444e-006  1.088e-005
79 2-1 -1.175e-004  1.175e-004  7.360e-008  1.835e-003
79 2-2  1.228e-004 -1.695e-004  4.669e-005 -1.708e-003  2.504e-003
79 2-3 -5.296e-006  5.206e-005 -4.676e-005 -1.269e-004 -7.957e-004  9.226e-004
80  9.447e-001  3.826e-002  1.700e-002  2.010e-001  6.132e-001  1.857e-001 
80 1-1  3.576e-005
80 1-2 -3.241e-005  4.244e-005
80 1-3 -3.358e-006 -1.004e-005  1.339e-005
80 2-1 -1.245e-004  1.243e-004  2.310e-007  1.884e-003
80 2-2  1.300e-004 -1.838e-004  5.380e-005 -1.755e-003  2.655e-003
80 2-3 -5.466e-006  5.950e-005 -5.403e-005 -1.295e-004 -9.003e-004  1.030e-003
81  9.429e-001  3.892e-002  1.816e-002  1.944e-001  6.102e-001  1.954e-001 
81 1-1  4.084e-005
81 1-2 -3.620e-005  4.810e-005
81 1-3 -4.645e-006 -1.190e-005  1.655e-005
81 2-1 -1.336e-004  1.331e-004  5.814e-007  1.949e-003
81 2-2  1.387e-004 -2.009e-004  6.218e-005 -1.815e-003  2.842e-003
81 2-3 -5.098e-006  6.786e-005 -6.276e-005 -1.348e-004 -1.028e-003  1.163e-003
82  9.410e-001  3.960e-002  1.941e-002  1.878e-001  6.067e-001  2.054e-001 
82 1-1  4.689e-005
82 1-2 -4.049e-005  5.457e-005
82 1-3 -6.396e-006 -1.408e-005  2.048e-005
82 2-1 -1.449e-004  1.437e-004  1.162e-006  2.027e-003
82 2-2  1.489e-004 -2.209e-004  7.205e-005 -1.884e-003  3.066e-003
82 2-3 -4.043e-006  7.726e-005 -7.321e-005 -1.429e-004 -1.182e-003  1.325e-003
83  9.390e-001  4.028e-002  2.073e-002  1.813e-001  6.028e-001  2.158e-001 
83 1-1  5.403e-005
83 1-2 -4.529e-005  6.192e-005
83 1-3 -8.741e-006 -1.663e-005  2.537e-005
83 2-1 -1.580e-004  1.560e-004  2.014e-006  2.112e-003
83 2-2  1.602e-004 -2.438e-004  8.368e-005 -1.958e-003  3.325e-003
83 2-3 -2.129e-006  8.782e-005 -8.569e-005 -1.540e-004 -1.367e-003  1.521e-003
84  9.369e-001  4.097e-002  2.215e-002  1.750e-001  5.985e-001  2.265e-001 
84 1-1  6.245e-005
84 1-2 -5.061e-005  7.021e-005
84 1-3 -1.184e-005 -1.960e-005  3.144e-005
84 2-1 -1.731e-004  1.699e-004  3.180e-006  2.202e-003
84 2-2  1.723e-004 -2.696e-004  9.735e-005 -2.034e-003  3.622e-003
84 2-3  8.518e-007  9.968e-005 -1.005e-004 -1.683e-004 -1.588e-003  1.756e-003
85  9.347e-001  4.166e-002  2.366e-002  1.687e-001  5.937e-001  2.376e-001 
85 1-1  7.233e-005
85 1-2 -5.646e-005  7.951e-005
85 1-3 -1.588e-005 -2.305e-005  3.893e-005
85 2-1 -1.900e-004  1.853e-004  4.710e-006  2.294e-003
85 2-2  1.848e-004 -2.982e-004  1.134e-004 -2.107e-003  3.955e-003
85 2-3  5.136e-006  1.130e-004 -1.181e-004 -1.861e-004 -1.848e-003  2.034e-003
86  9.324e-001  4.237e-002  2.527e-002  1.625e-001  5.885e-001  2.490e-001 
86 1-1  8.392e-005
86 1-2 -6.283e-005  8.989e-005
86 1-3 -2.109e-005 -2.706e-005  4.815e-005
86 2-1 -2.085e-004  2.019e-004  6.653e-006  2.384e-003
86 2-2  1.975e-004 -3.297e-004  1.322e-004 -2.176e-003  4.328e-003
86 2-3  1.100e-005  1.279e-004 -1.389e-004 -2.076e-004 -2.152e-003  2.359e-003
87  9.299e-001  4.307e-002  2.699e-002  1.564e-001  5.829e-001  2.607e-001 
87 1-1  9.749e-005
87 1-2 -6.973e-005  1.014e-004
87 1-3 -2.776e-005 -3.170e-005  5.946e-005
87 2-1 -2.286e-004  2.196e-004  9.062e-006  2.470e-003
87 2-2  2.099e-004 -3.640e-004  1.542e-004 -2.237e-003  4.740e-003
87 2-3  1.876e-005  1.445e-004 -1.632e-004 -2.330e-004 -2.504e-003  2.737e-003
88  9.274e-001  4.379e-002  2.881e-002  1.504e-001  5.768e-001  2.728e-001 
88 1-1  1.134e-004
88 1-2 -7.713e-005  1.142e-004
88 1-3 -3.623e-005 -3.707e-005  7.330e-005
88 2-1 -2.502e-004  2.382e-004  1.199e-005  2.550e-003
88 2-2  2.214e-004 -4.011e-004  1.797e-004 -2.287e-003  5.195e-003
88 2-3  2.876e-005  1.630e-004 -1.917e-004 -2.625e-004 -2.908e-003  3.170e-003
89  9.247e-001  4.451e-002  3.076e-002  1.445e-001  5.703e-001  2.852e-001 
89 1-1  1.319e-004
89 1-2 -8.501e-005  1.283e-004
89 1-3 -4.689e-005 -4.328e-005  9.017e-005
89 2-1 -2.730e-004  2.575e-004  1.551e-005  2.622e-003
89 2-2  2.316e-004 -4.410e-004  2.094e-004 -2.325e-003  5.693e-003
89 2-3  4.142e-005  1.835e-004 -2.250e-004 -2.963e-004 -3.367e-003  3.663e-003
90  9.219e-001  4.523e-002  3.284e-002  1.387e-001  5.634e-001  2.979e-001 
90 1-1  1.536e-004
90 1-2 -9.334e-005  1.438e-004
90 1-3 -6.025e-005 -5.044e-005  1.107e-004
90 2-1 -2.970e-004  2.774e-004  1.965e-005  2.684e-003
90 2-2  2.399e-004 -4.837e-004  2.438e-004 -2.350e-003  6.235e-003
90 2-3  5.718e-005  2.063e-004 -2.635e-004 -3.344e-004 -3.885e-003  4.220e-003