# ESMgali.txt
#IMaCh version 0.99r45, April 2023,INED-EUROREVES-Institut de longevite-Japan Society for the Promotion of Science (Grant-in-Aid for Scientific Research 25293121), Intel Software 2015-2020, Nihon University 2021-202, INED 2000-2022
#$Revision: 1.353 $ $Date: 2023/05/08 18:48:22 $
# Tue Feb 04 20:24:32 2025
#One-step probabilities and stand. devi in ()
# Age p1-1 (SE) p1-2 (SE) p1-3 (SE) p2-1 (SE) p2-2 (SE) p2-3 (SE)
50  9.755e-001 ( 6.680e-003)  2.221e-002 ( 6.688e-003)  2.263e-003 ( 8.560e-004)  4.228e-001 ( 1.664e-001)  5.461e-001 ( 1.629e-001)  3.110e-002 ( 1.691e-002) 
51  9.749e-001 ( 6.555e-003)  2.263e-002 ( 6.559e-003)  2.421e-003 ( 8.836e-004)  4.151e-001 ( 1.596e-001)  5.517e-001 ( 1.562e-001)  3.322e-002 ( 1.744e-002) 
52  9.744e-001 ( 6.426e-003)  2.305e-002 ( 6.426e-003)  2.591e-003 ( 9.113e-004)  4.073e-001 ( 1.529e-001)  5.572e-001 ( 1.496e-001)  3.547e-002 ( 1.795e-002) 
53  9.737e-001 ( 6.293e-003)  2.349e-002 ( 6.288e-003)  2.772e-003 ( 9.389e-004)  3.996e-001 ( 1.463e-001)  5.625e-001 ( 1.431e-001)  3.786e-002 ( 1.846e-002) 
54  9.731e-001 ( 6.156e-003)  2.393e-002 ( 6.147e-003)  2.966e-003 ( 9.665e-004)  3.919e-001 ( 1.397e-001)  5.677e-001 ( 1.366e-001)  4.040e-002 ( 1.895e-002) 
55  9.725e-001 ( 6.016e-003)  2.437e-002 ( 6.002e-003)  3.173e-003 ( 9.940e-004)  3.842e-001 ( 1.331e-001)  5.727e-001 ( 1.302e-001)  4.309e-002 ( 1.944e-002) 
56  9.718e-001 ( 5.874e-003)  2.483e-002 ( 5.855e-003)  3.395e-003 ( 1.021e-003)  3.765e-001 ( 1.266e-001)  5.775e-001 ( 1.238e-001)  4.594e-002 ( 1.990e-002) 
57  9.711e-001 ( 5.729e-003)  2.529e-002 ( 5.705e-003)  3.633e-003 ( 1.049e-003)  3.688e-001 ( 1.202e-001)  5.822e-001 ( 1.176e-001)  4.897e-002 ( 2.035e-002) 
58  9.704e-001 ( 5.582e-003)  2.576e-002 ( 5.554e-003)  3.886e-003 ( 1.076e-003)  3.612e-001 ( 1.139e-001)  5.867e-001 ( 1.115e-001)  5.217e-002 ( 2.078e-002) 
59  9.696e-001 ( 5.435e-003)  2.624e-002 ( 5.403e-003)  4.158e-003 ( 1.104e-003)  3.535e-001 ( 1.078e-001)  5.909e-001 ( 1.056e-001)  5.556e-002 ( 2.118e-002) 
60  9.688e-001 ( 5.288e-003)  2.673e-002 ( 5.254e-003)  4.448e-003 ( 1.132e-003)  3.459e-001 ( 1.018e-001)  5.950e-001 ( 9.981e-002)  5.914e-002 ( 2.156e-002) 
61  9.680e-001 ( 5.143e-003)  2.722e-002 ( 5.107e-003)  4.759e-003 ( 1.160e-003)  3.383e-001 ( 9.589e-002)  5.988e-001 ( 9.420e-002)  6.293e-002 ( 2.192e-002) 
62  9.672e-001 ( 5.001e-003)  2.773e-002 ( 4.964e-003)  5.090e-003 ( 1.190e-003)  3.307e-001 ( 9.020e-002)  6.024e-001 ( 8.879e-002)  6.694e-002 ( 2.224e-002) 
63  9.663e-001 ( 4.863e-003)  2.824e-002 ( 4.829e-003)  5.445e-003 ( 1.221e-003)  3.231e-001 ( 8.470e-002)  6.057e-001 ( 8.359e-002)  7.116e-002 ( 2.254e-002) 
64  9.654e-001 ( 4.732e-003)  2.876e-002 ( 4.703e-003)  5.825e-003 ( 1.254e-003)  3.156e-001 ( 7.943e-002)  6.088e-001 ( 7.864e-002)  7.562e-002 ( 2.281e-002) 
65  9.645e-001 ( 4.610e-003)  2.929e-002 ( 4.589e-003)  6.230e-003 ( 1.291e-003)  3.081e-001 ( 7.439e-002)  6.116e-001 ( 7.396e-002)  8.032e-002 ( 2.305e-002) 
66  9.635e-001 ( 4.499e-003)  2.983e-002 ( 4.491e-003)  6.664e-003 ( 1.332e-003)  3.006e-001 ( 6.962e-002)  6.141e-001 ( 6.956e-002)  8.527e-002 ( 2.327e-002) 
67  9.625e-001 ( 4.403e-003)  3.037e-002 ( 4.414e-003)  7.127e-003 ( 1.379e-003)  2.932e-001 ( 6.515e-002)  6.163e-001 ( 6.549e-002)  9.048e-002 ( 2.348e-002) 
68  9.615e-001 ( 4.325e-003)  3.093e-002 ( 4.359e-003)  7.623e-003 ( 1.435e-003)  2.858e-001 ( 6.101e-002)  6.182e-001 ( 6.177e-002)  9.597e-002 ( 2.367e-002) 
69  9.604e-001 ( 4.269e-003)  3.149e-002 ( 4.333e-003)  8.152e-003 ( 1.499e-003)  2.784e-001 ( 5.722e-002)  6.198e-001 ( 5.843e-002)  1.017e-001 ( 2.386e-002) 
70  9.592e-001 ( 4.239e-003)  3.206e-002 ( 4.338e-003)  8.718e-003 ( 1.577e-003)  2.711e-001 ( 5.382e-002)  6.211e-001 ( 5.550e-002)  1.078e-001 ( 2.407e-002) 
71  9.580e-001 ( 4.237e-003)  3.264e-002 ( 4.378e-003)  9.323e-003 ( 1.669e-003)  2.639e-001 ( 5.084e-002)  6.220e-001 ( 5.301e-002)  1.141e-001 ( 2.430e-002) 
72  9.568e-001 ( 4.269e-003)  3.323e-002 ( 4.457e-003)  9.969e-003 ( 1.779e-003)  2.567e-001 ( 4.831e-002)  6.226e-001 ( 5.099e-002)  1.208e-001 ( 2.459e-002) 
73  9.555e-001 ( 4.337e-003)  3.383e-002 ( 4.575e-003)  1.066e-002 ( 1.909e-003)  2.495e-001 ( 4.623e-002)  6.228e-001 ( 4.946e-002)  1.277e-001 ( 2.495e-002) 
74  9.542e-001 ( 4.444e-003)  3.444e-002 ( 4.734e-003)  1.140e-002 ( 2.063e-003)  2.424e-001 ( 4.463e-002)  6.226e-001 ( 4.841e-002)  1.350e-001 ( 2.542e-002) 
75  9.528e-001 ( 4.592e-003)  3.505e-002 ( 4.934e-003)  1.218e-002 ( 2.244e-003)  2.353e-001 ( 4.348e-002)  6.221e-001 ( 4.785e-002)  1.426e-001 ( 2.602e-002) 
76  9.513e-001 ( 4.782e-003)  3.568e-002 ( 5.175e-003)  1.302e-002 ( 2.455e-003)  2.283e-001 ( 4.278e-002)  6.211e-001 ( 4.776e-002)  1.505e-001 ( 2.678e-002) 
77  9.498e-001 ( 5.016e-003)  3.631e-002 ( 5.455e-003)  1.392e-002 ( 2.699e-003)  2.214e-001 ( 4.247e-002)  6.198e-001 ( 4.812e-002)  1.588e-001 ( 2.774e-002) 
78  9.482e-001 ( 5.293e-003)  3.695e-002 ( 5.773e-003)  1.488e-002 ( 2.979e-003)  2.145e-001 ( 4.251e-002)  6.180e-001 ( 4.889e-002)  1.674e-001 ( 2.893e-002) 
79  9.465e-001 ( 5.614e-003)  3.760e-002 ( 6.127e-003)  1.590e-002 ( 3.298e-003)  2.077e-001 ( 4.284e-002)  6.158e-001 ( 5.004e-002)  1.764e-001 ( 3.037e-002) 
80  9.447e-001 ( 5.980e-003)  3.826e-002 ( 6.515e-003)  1.700e-002 ( 3.660e-003)  2.010e-001 ( 4.341e-002)  6.132e-001 ( 5.153e-002)  1.857e-001 ( 3.209e-002) 
81  9.429e-001 ( 6.391e-003)  3.892e-002 ( 6.936e-003)  1.816e-002 ( 4.068e-003)  1.944e-001 ( 4.415e-002)  6.102e-001 ( 5.331e-002)  1.954e-001 ( 3.410e-002) 
82  9.410e-001 ( 6.847e-003)  3.960e-002 ( 7.387e-003)  1.941e-002 ( 4.526e-003)  1.878e-001 ( 4.502e-002)  6.067e-001 ( 5.537e-002)  2.054e-001 ( 3.640e-002) 
83  9.390e-001 ( 7.351e-003)  4.028e-002 ( 7.869e-003)  2.073e-002 ( 5.037e-003)  1.813e-001 ( 4.596e-002)  6.028e-001 ( 5.767e-002)  2.158e-001 ( 3.900e-002) 
84  9.369e-001 ( 7.902e-003)  4.097e-002 ( 8.379e-003)  2.215e-002 ( 5.607e-003)  1.750e-001 ( 4.693e-002)  5.985e-001 ( 6.018e-002)  2.265e-001 ( 4.191e-002) 
85  9.347e-001 ( 8.505e-003)  4.166e-002 ( 8.917e-003)  2.366e-002 ( 6.239e-003)  1.687e-001 ( 4.789e-002)  5.937e-001 ( 6.289e-002)  2.376e-001 ( 4.510e-002) 
86  9.324e-001 ( 9.161e-003)  4.237e-002 ( 9.481e-003)  2.527e-002 ( 6.939e-003)  1.625e-001 ( 4.882e-002)  5.885e-001 ( 6.579e-002)  2.490e-001 ( 4.857e-002) 
87  9.299e-001 ( 9.874e-003)  4.307e-002 ( 1.007e-002)  2.699e-002 ( 7.711e-003)  1.564e-001 ( 4.970e-002)  5.829e-001 ( 6.885e-002)  2.607e-001 ( 5.231e-002) 
88  9.274e-001 ( 1.065e-002)  4.379e-002 ( 1.069e-002)  2.881e-002 ( 8.561e-003)  1.504e-001 ( 5.050e-002)  5.768e-001 ( 7.207e-002)  2.728e-001 ( 5.630e-002) 
89  9.247e-001 ( 1.149e-002)  4.451e-002 ( 1.133e-002)  3.076e-002 ( 9.496e-003)  1.445e-001 ( 5.120e-002)  5.703e-001 ( 7.545e-002)  2.852e-001 ( 6.053e-002) 
90  9.219e-001 ( 1.239e-002)  4.523e-002 ( 1.199e-002)  3.284e-002 ( 1.052e-002)  1.387e-001 ( 5.181e-002)  5.634e-001 ( 7.896e-002)  2.979e-001 ( 6.496e-002) 