
# model  
#****** Result for:******
# ESMgali.txt
#IMaCh version 0.99r45, April 2023,INED-EUROREVES-Institut de longevite-Japan Society for the Promotion of Science (Grant-in-Aid for Scientific Research 25293121), Intel Software 2015-2020, Nihon University 2021-202, INED 2000-2022
#$Revision: 1.353 $ $Date: 2023/05/08 18:48:22 $
# Tue Feb 04 20:24:32 2025
# Total life expectancy with std error and decomposition into time to be expected in each health state
#  (weighted average of eij where weights are the age specific forward period (stable) prevalences in each health state 
# Age popbased mobilav e.. (std) e.1 (std) e.2 (std) 
   50 0 0  27.592 (  1.166)  25.593 (  1.132)   1.999 (  0.204)
   51 0 0  26.791 (  1.140)  24.824 (  1.105)   1.967 (  0.200)
   52 0 0  25.999 (  1.113)  24.065 (  1.079)   1.935 (  0.196)
   53 0 0  25.218 (  1.088)  23.316 (  1.054)   1.902 (  0.193)
   54 0 0  24.447 (  1.063)  22.579 (  1.030)   1.869 (  0.189)
   55 0 0  23.688 (  1.039)  21.853 (  1.006)   1.835 (  0.186)
   56 0 0  22.940 (  1.016)  21.139 (  0.984)   1.801 (  0.183)
   57 0 0  22.204 (  0.994)  20.437 (  0.963)   1.767 (  0.181)
   58 0 0  21.479 (  0.974)  19.747 (  0.943)   1.732 (  0.179)
   59 0 0  20.768 (  0.955)  19.071 (  0.925)   1.697 (  0.177)
   60 0 0  20.069 (  0.937)  18.407 (  0.909)   1.662 (  0.175)
   61 0 0  19.383 (  0.921)  17.757 (  0.894)   1.626 (  0.174)
   62 0 0  18.711 (  0.907)  17.121 (  0.880)   1.590 (  0.173)
   63 0 0  18.053 (  0.894)  16.499 (  0.869)   1.554 (  0.172)
   64 0 0  17.409 (  0.883)  15.891 (  0.859)   1.518 (  0.171)
   65 0 0  16.779 (  0.874)  15.298 (  0.851)   1.481 (  0.170)
   66 0 0  16.165 (  0.866)  14.720 (  0.844)   1.444 (  0.170)
   67 0 0  15.565 (  0.860)  14.157 (  0.838)   1.408 (  0.170)
   68 0 0  14.980 (  0.856)  13.609 (  0.834)   1.371 (  0.170)
   69 0 0  14.410 (  0.852)  13.076 (  0.831)   1.335 (  0.170)
   70 0 0  13.857 (  0.850)  12.559 (  0.830)   1.298 (  0.170)
   71 0 0  13.318 (  0.849)  12.057 (  0.829)   1.262 (  0.170)
   72 0 0  12.796 (  0.849)  11.570 (  0.828)   1.225 (  0.171)
   73 0 0  12.289 (  0.850)  11.100 (  0.828)   1.189 (  0.171)
   74 0 0  11.798 (  0.851)  10.644 (  0.829)   1.153 (  0.172)
   75 0 0  11.322 (  0.860)  10.204 (  0.834)   1.118 (  0.175)
   76 0 0  10.863 (  0.854)   9.780 (  0.831)   1.083 (  0.173)
   77 0 0  10.418 (  0.856)   9.370 (  0.832)   1.048 (  0.173)
   78 0 0   9.990 (  0.858)   8.976 (  0.833)   1.014 (  0.174)
   79 0 0   9.576 (  0.860)   8.596 (  0.834)   0.980 (  0.174)
   80 0 0   9.178 (  0.862)   8.231 (  0.835)   0.947 (  0.175)
   81 0 0   8.794 (  0.863)   7.880 (  0.835)   0.914 (  0.175)
   82 0 0   8.425 (  0.865)   7.543 (  0.836)   0.882 (  0.176)
   83 0 0   8.070 (  0.867)   7.219 (  0.837)   0.850 (  0.176)
   84 0 0   7.728 (  0.868)   6.909 (  0.837)   0.819 (  0.176)
   85 0 0   7.401 (  0.870)   6.612 (  0.838)   0.789 (  0.176)
   86 0 0   7.086 (  0.871)   6.327 (  0.838)   0.759 (  0.176)
   87 0 0   6.785 (  0.872)   6.054 (  0.839)   0.731 (  0.176)
   88 0 0   6.495 (  0.873)   5.793 (  0.839)   0.703 (  0.175)
   89 0 0   6.218 (  0.874)   5.543 (  0.840)   0.675 (  0.175)
   90 0 0   5.952 (  0.875)   5.303 (  0.840)   0.649 (  0.175)
