# ITMadl.txt
#IMaCh version 0.99r45, April 2023,INED-EUROREVES-Institut de longevite-Japan Society for the Promotion of Science (Grant-in-Aid for Scientific Research 25293121), Intel Software 2015-2020, Nihon University 2021-202, INED 2000-2022
#$Revision: 1.353 $ $Date: 2023/05/08 18:48:22 $
# Tue Feb 04 22:03:38 2025

#****** ******
# (a) Life expectancies by health status at initial age and (b) health expectancies by health status at initial age
# Age e11  e12  e1.  e21  e22  e2. 
 50  30.2522   2.4451  32.6973  26.7516   4.7577  31.5092
 51  29.3159   2.4268  31.7427  25.7574   4.7522  30.5096
 52  28.3854   2.4074  30.7928  24.7706   4.7446  29.5152
 53  27.4610   2.3868  29.8479  23.7920   4.7348  28.5268
 54  26.5435   2.3651  28.9086  22.8225   4.7225  27.5450
 55  25.6332   2.3421  27.9753  21.8630   4.7078  26.5707
 56  24.7308   2.3178  27.0486  20.9145   4.6904  25.6049
 57  23.8368   2.2921  26.1289  19.9780   4.6703  24.6483
 58  22.9518   2.2651  25.2169  19.0547   4.6474  23.7021
 59  22.0765   2.2367  24.3132  18.1455   4.6216  22.7671
 60  21.2116   2.2068  23.4184  17.2516   4.5928  21.8444
 61  20.3577   2.1754  22.5332  16.3742   4.5609  20.9351
 62  19.5156   2.1426  21.6582  15.5144   4.5259  20.0402
 63  18.6860   2.1083  20.7942  14.6733   4.4877  19.1610
 64  17.8696   2.0724  19.9420  13.8521   4.4463  18.2984
 65  17.0672   2.0350  19.1022  13.0519   4.4017  17.4536
 66  16.2796   1.9961  18.2757  12.2738   4.3539  16.6277
 67  15.5075   1.9557  17.4632  11.5188   4.3028  15.8216
 68  14.7517   1.9138  16.6655  10.7879   4.2486  15.0365
 69  14.0129   1.8704  15.8834  10.0819   4.1913  14.2732
 70  13.2920   1.8257  15.1177   9.4018   4.1309  13.5327
 71  12.5895   1.7797  14.3692   8.7481   4.0676  12.8157
 72  11.9063   1.7323  13.6386   8.1216   4.0015  12.1231
 73  11.2428   1.6838  12.9266   7.5228   3.9326  11.4554
 74  10.5999   1.6342  12.2340   6.9520   3.8613  10.8132
 75   9.9779   1.5835  11.5615   6.4094   3.7875  10.1969
 76   9.3775   1.5320  10.9095   5.8952   3.7115   9.6068
 77   8.7990   1.4798  10.2787   5.4094   3.6335   9.0430
 78   8.2428   1.4268   9.6696   4.9519   3.5537   8.5056
 79   7.7092   1.3734   9.0827   4.5222   3.4723   7.9945
 80   7.1985   1.3197   8.5182   4.1200   3.3895   7.5095
 81   6.7107   1.2657   7.9765   3.7448   3.3056   7.0503
 82   6.2460   1.2118   7.4577   3.3958   3.2207   6.6165
 83   5.8042   1.1579   6.9621   3.0723   3.1352   6.2074
 84   5.3853   1.1044   6.4897   2.7734   3.0491   5.8225
 85   4.9890   1.0513   6.0403   2.4981   2.9628   5.4609
 86   4.6151   0.9988   5.6139   2.2454   2.8765   5.1219
 87   4.2631   0.9471   5.2102   2.0142   2.7904   4.8046
 88   3.9326   0.8964   4.8289   1.8034   2.7046   4.5080
 89   3.6231   0.8466   4.4697   1.6117   2.6194   4.2310
 90   3.3339   0.7981   4.1321   1.4379   2.5349   3.9728
