# Powell
# iter -2*LL p12 p13 p21 p23
1 1 1705.216800589630 0 -8.070777200000 0.063513300000 -13.235528400000 0.128929500000 0.136281900000 -0.016494500000 -7.400376100000 0.068267500000
2 2 1605.539392471017 1 -8.458764269327 0.063573123266 -14.102584427100 0.128922272496 -0.535541901122 -0.016427080143 -8.140914232277 0.068193672118
3 2 1601.018114240330 2 -8.712862633739 0.063561074897 -13.996866337990 0.128905329789 -0.647441184010 -0.016372742745 -8.250256545472 0.068155488927
4 3 1601.014180053691 3 -8.711071879231 0.063494199090 -14.001443584738 0.128890412997 -0.643822404190 -0.016320697714 -8.246907399742 0.068175744717
5 3 1601.003844485727 3 -8.709299577262 0.063522618368 -13.978628187341 0.128743974472 -0.683381212939 -0.015799142067 -8.227853254437 0.067884210127
6 4 1600.992631771173 4 -8.706541071451 0.063477374234 -13.971418721992 0.128628879579 -0.710712885556 -0.015427913487 -8.209161798870 0.067661440059
7 4 1600.973186567261 5 -8.695116601028 0.063285513153 -13.943062586159 0.128178096241 -0.817020301848 -0.013992234219 -8.135378218356 0.066779861124
8 5 1600.973065134085 5 -8.694293879801 0.063275665800 -13.942586802485 0.128173996748 -0.817306368902 -0.013989966281 -8.134108139493 0.066762660872
9 5 1600.969009883404 6 -8.640794940181 0.062560907584 -13.932541160518 0.128065901239 -0.797192940418 -0.014264856646 -8.073706150278 0.066006063452
10 6 1600.968647407391 7 -8.637942794398 0.062501066450 -13.934562573626 0.128080967213 -0.790998654363 -0.014344316583 -8.072908306786 0.065997713468
11 6 1600.968614573280 8 -8.636989364659 0.062487522667 -13.936014244486 0.128091000068 -0.787962601628 -0.014385055476 -8.072338678397 0.065994471072
12 7 1600.968608321132 8 -8.636863657147 0.062486119852 -13.936143709151 0.128092537322 -0.788015203815 -0.014384620065 -8.071706584673 0.065986765412
13 7 1600.968403270994 9 -8.639199834420 0.062515975344 -13.948444955944 0.128250735311 -0.789977227540 -0.014357445565 -8.045103227978 0.065657814173
14 8 1600.968398759992 10 -8.639685027098 0.062525660441 -13.948897590199 0.128256594642 -0.789571948068 -0.014361695843 -8.045377724333 0.065662007581
15 8 1600.968398515152 11 -8.639633662473 0.062525385775 -13.949016283541 0.128257459208 -0.789301608749 -0.014365302372 -8.045263939510 0.065661003357
16 9 1600.968397708309 12 -8.639419183646 0.062523654775 -13.948998679950 0.128257300714 -0.788868667832 -0.014370841773 -8.044808102154 0.065655663468
17 9 1600.968395393093 13 -8.639197061172 0.062521760664 -13.948711874366 0.128254192117 -0.788336904561 -0.014377711399 -8.043925275592 0.065644896580
18 10 1600.968385800222 13 -8.639457300010 0.062526005406 -13.947002249984 0.128235087453 -0.787753390719 -0.014385242612 -8.041628186709 0.065615979816
19 10 1600.968374273989 14 -8.640665916059 0.062539832899 -13.945660318786 0.128218185546 -0.788547367831 -0.014375201169 -8.041493509888 0.065613913566
20 11 1600.968364865262 14 -8.641800501391 0.062555011724 -13.943949901023 0.128192308722 -0.787917371284 -0.014384261099 -8.040139199821 0.065599478136
21 11 1600.968364853677 15 -8.641833728147 0.062555363323 -13.943937975654 0.128192147824 -0.787974042200 -0.014383525549 -8.040261669440 0.065600966308
22 12 1600.968364844171 16 -8.641874780630 0.062555911674 -13.943867284202 0.128191352125 -0.788004522269 -0.014383108063 -8.040234970876 0.065600602708
23 12 1600.968364844134 17 -8.641874216094 0.062555911928 -13.943864867645 0.128191320435 -0.788004934350 -0.014383101784 -8.040239086687 0.065600653995
24 13 1600.968364844134 18 -8.641874216095 0.062555911928 -13.943864867644 0.128191320435 -0.788004934350 -0.014383101784 -8.040239086687 0.065600653995
