
# model  
#****** Result for:******
# ITMadl.txt
#IMaCh version 0.99r45, April 2023,INED-EUROREVES-Institut de longevite-Japan Society for the Promotion of Science (Grant-in-Aid for Scientific Research 25293121), Intel Software 2015-2020, Nihon University 2021-202, INED 2000-2022
#$Revision: 1.353 $ $Date: 2023/05/08 18:48:22 $
# Tue Feb 04 22:03:38 2025
# Total life expectancy with std error and decomposition into time to be expected in each health state
#  (weighted average of eij where weights are the age specific forward period (stable) prevalences in each health state 
# Age popbased mobilav e.. (std) e.1 (std) e.2 (std) 
   50 0 0  32.677 (  0.886)  30.190 (  0.834)   2.486 (  0.333)
   51 0 0  31.720 (  0.878)  29.248 (  0.825)   2.471 (  0.332)
   52 0 0  30.767 (  0.868)  28.312 (  0.815)   2.455 (  0.330)
   53 0 0  29.819 (  0.861)  27.381 (  0.806)   2.438 (  0.329)
   54 0 0  28.877 (  0.852)  26.457 (  0.796)   2.420 (  0.327)
   55 0 0  27.940 (  0.843)  25.539 (  0.786)   2.402 (  0.326)
   56 0 0  27.010 (  0.834)  24.629 (  0.776)   2.382 (  0.325)
   57 0 0  26.087 (  0.824)  23.726 (  0.765)   2.361 (  0.323)
   58 0 0  25.171 (  0.814)  22.832 (  0.755)   2.339 (  0.322)
   59 0 0  24.263 (  0.805)  21.947 (  0.744)   2.315 (  0.321)
   60 0 0  23.363 (  0.795)  21.072 (  0.734)   2.291 (  0.320)
   61 0 0  22.473 (  0.785)  20.208 (  0.723)   2.265 (  0.319)
   62 0 0  21.593 (  0.776)  19.355 (  0.713)   2.239 (  0.318)
   63 0 0  20.724 (  0.767)  18.513 (  0.703)   2.211 (  0.318)
   64 0 0  19.867 (  0.758)  17.685 (  0.693)   2.182 (  0.317)
   65 0 0  19.022 (  0.753)  16.870 (  0.686)   2.151 (  0.318)
   66 0 0  18.190 (  0.742)  16.070 (  0.675)   2.120 (  0.317)
   67 0 0  17.372 (  0.734)  15.284 (  0.667)   2.087 (  0.317)
   68 0 0  16.569 (  0.728)  14.515 (  0.659)   2.053 (  0.317)
   69 0 0  15.781 (  0.722)  13.763 (  0.652)   2.018 (  0.317)
   70 0 0  15.011 (  0.717)  13.028 (  0.646)   1.982 (  0.317)
   71 0 0  14.257 (  0.713)  12.312 (  0.640)   1.945 (  0.318)
   72 0 0  13.522 (  0.709)  11.615 (  0.635)   1.907 (  0.319)
   73 0 0  12.806 (  0.706)  10.938 (  0.630)   1.869 (  0.319)
   74 0 0  12.110 (  0.703)  10.281 (  0.625)   1.829 (  0.320)
   75 0 0  11.435 (  0.701)   9.646 (  0.621)   1.789 (  0.322)
   76 0 0  10.781 (  0.699)   9.033 (  0.617)   1.748 (  0.323)
   77 0 0  10.149 (  0.697)   8.443 (  0.612)   1.707 (  0.324)
   78 0 0   9.540 (  0.695)   7.875 (  0.608)   1.665 (  0.326)
   79 0 0   8.954 (  0.693)   7.330 (  0.603)   1.623 (  0.328)
   80 0 0   8.391 (  0.694)   6.810 (  0.596)   1.582 (  0.335)
   81 0 0   7.853 (  0.686)   6.313 (  0.591)   1.540 (  0.332)
   82 0 0   7.338 (  0.682)   5.840 (  0.584)   1.499 (  0.334)
   83 0 0   6.848 (  0.677)   5.390 (  0.576)   1.458 (  0.337)
   84 0 0   6.383 (  0.670)   4.965 (  0.567)   1.418 (  0.340)
   85 0 0   5.942 (  0.663)   4.563 (  0.558)   1.379 (  0.343)
   86 0 0   5.525 (  0.654)   4.184 (  0.547)   1.341 (  0.347)
   87 0 0   5.132 (  0.644)   3.828 (  0.535)   1.304 (  0.351)
   88 0 0   4.763 (  0.633)   3.495 (  0.523)   1.269 (  0.356)
   89 0 0   4.418 (  0.621)   3.183 (  0.509)   1.235 (  0.362)
   90 0 0   4.095 (  0.607)   2.892 (  0.495)   1.203 (  0.369)
