
#****** ******
# ITMadl.txt
#IMaCh version 0.99r45, April 2023,INED-EUROREVES-Institut de longevite-Japan Society for the Promotion of Science (Grant-in-Aid for Scientific Research 25293121), Intel Software 2015-2020, Nihon University 2021-202, INED 2000-2022
#$Revision: 1.353 $ $Date: 2023/05/08 18:48:22 $
# Tue Feb 04 22:03:38 2025
# Variance and covariance of health expectancies e.j 
#  (weighted average of eij where weights are the age specific period (stable) prevalences in each health state 
# Age Cov(e.1, e.1) Cov(e.1, e.2) Cov(e.2, e.1) Cov(e.2, e.2)
50  0.6950 -0.0109 -0.0109 0.1110
51  0.6804 -0.0099 -0.0099 0.1100
52  0.6637 -0.0097 -0.0097 0.1088
53  0.6499 -0.0083 -0.0083 0.1080
54  0.6342 -0.0076 -0.0076 0.1071
55  0.6182 -0.0069 -0.0069 0.1062
56  0.6021 -0.0063 -0.0063 0.1053
57  0.5860 -0.0057 -0.0057 0.1045
58  0.5699 -0.0053 -0.0053 0.1037
59  0.5540 -0.0049 -0.0049 0.1031
60  0.5384 -0.0045 -0.0045 0.1024
61  0.5231 -0.0042 -0.0042 0.1019
62  0.5083 -0.0040 -0.0040 0.1014
63  0.4941 -0.0037 -0.0037 0.1010
64  0.4806 -0.0035 -0.0035 0.1007
65  0.4700 -0.0018 -0.0018 0.1013
66  0.4559 -0.0031 -0.0031 0.1003
67  0.4449 -0.0029 -0.0029 0.1003
68  0.4348 -0.0026 -0.0026 0.1003
69  0.4256 -0.0023 -0.0023 0.1005
70  0.4172 -0.0019 -0.0019 0.1007
71  0.4097 -0.0014 -0.0014 0.1011
72  0.4029 -0.0008 -0.0008 0.1015
73  0.3967 -0.0002 -0.0002 0.1021
74  0.3909 0.0005 0.0005 0.1027
75  0.3855 0.0013 0.0013 0.1034
76  0.3802 0.0022 0.0022 0.1043
77  0.3748 0.0030 0.0030 0.1052
78  0.3692 0.0039 0.0039 0.1063
79  0.3632 0.0047 0.0047 0.1074
80  0.3549 0.0069 0.0069 0.1125
81  0.3493 0.0059 0.0059 0.1102
82  0.3411 0.0062 0.0062 0.1117
83  0.3320 0.0063 0.0063 0.1135
84  0.3220 0.0060 0.0060 0.1155
85  0.3110 0.0053 0.0053 0.1178
86  0.2991 0.0041 0.0041 0.1204
87  0.2865 0.0025 0.0025 0.1234
88  0.2731 0.0002 0.0002 0.1269
89  0.2592 -0.0026 -0.0026 0.1311
90  0.2450 -0.0061 -0.0061 0.1361
