
#****** ******
# ITMadl.txt
#IMaCh version 0.99r45, April 2023,INED-EUROREVES-Institut de longevite-Japan Society for the Promotion of Science (Grant-in-Aid for Scientific Research 25293121), Intel Software 2015-2020, Nihon University 2021-202, INED 2000-2022
#$Revision: 1.353 $ $Date: 2023/05/08 18:48:22 $
# Tue Feb 04 22:03:38 2025
# Standard deviation of period (forward stable) prevalences 
# Age  Result#  1-1 2-2
50 1  0.98223 (0.00656) 0.01778 (0.00658)
51 1  0.98096 (0.00678) 0.01906 (0.00681)
52 1  0.97959 (0.00700) 0.02042 (0.00826)
53 1  0.97813 (0.00722) 0.02188 (0.00724)
54 1  0.97657 (0.00743) 0.02345 (0.00745)
55 1  0.97490 (0.00764) 0.02511 (0.00766)
56 1  0.97312 (0.00784) 0.02689 (0.00786)
57 1  0.97122 (0.00803) 0.02879 (0.00806)
58 1  0.96920 (0.00821) 0.03082 (0.00824)
59 1  0.96704 (0.00839) 0.03297 (0.00842)
60 1  0.96474 (0.00856) 0.03527 (0.00858)
61 1  0.96230 (0.00871) 0.03772 (0.00874)
62 1  0.95969 (0.00886) 0.04033 (0.00889)
63 1  0.95692 (0.00900) 0.04310 (0.00903)
64 1  0.95397 (0.00913) 0.04605 (0.00916)
65 1  0.95084 (0.00927) 0.04918 (0.00870)
66 1  0.94752 (0.00938) 0.05251 (0.00941)
67 1  0.94399 (0.00952) 0.05604 (0.00955)
68 1  0.94024 (0.00966) 0.05979 (0.00969)
69 1  0.93627 (0.00982) 0.06376 (0.00986)
70 1  0.93206 (0.01002) 0.06798 (0.01005)
71 1  0.92759 (0.01027) 0.07244 (0.01030)
72 1  0.92287 (0.01057) 0.07717 (0.01060)
73 1  0.91786 (0.01096) 0.08218 (0.01099)
74 1  0.91256 (0.01144) 0.08748 (0.01147)
75 1  0.90695 (0.01204) 0.09309 (0.01207)
76 1  0.90102 (0.01278) 0.09903 (0.01280)
77 1  0.89473 (0.01366) 0.10532 (0.01369)
78 1  0.88808 (0.01472) 0.11198 (0.01475)
79 1  0.88103 (0.01596) 0.11902 (0.01599)
80 1  0.87357 (0.01739) 0.12649 (0.01919)
81 1  0.86566 (0.01905) 0.13442 (0.01908)
82 1  0.85726 (0.02093) 0.14282 (0.02096)
83 1  0.84834 (0.02305) 0.15174 (0.02308)
84 1  0.83886 (0.02543) 0.16123 (0.02546)
85 1  0.82876 (0.02810) 0.17133 (0.02813)
86 1  0.81799 (0.03109) 0.18210 (0.03111)
87 1  0.80649 (0.03442) 0.19363 (0.03445)
88 1  0.79417 (0.03816) 0.20595 (0.03819)
89 1  0.78095 (0.04235) 0.21917 (0.04238)
90 1  0.76673 (0.04706) 0.23339 (0.04709)
