# SEFsr.txt
#IMaCh version 0.99r45, April 2023,INED-EUROREVES-Institut de longevite-Japan Society for the Promotion of Science (Grant-in-Aid for Scientific Research 25293121), Intel Software 2015-2020, Nihon University 2021-202, INED 2000-2022
#$Revision: 1.353 $ $Date: 2023/05/08 18:48:22 $
# Tue Feb 04 22:13:36 2025

#****** ******
# (a) Life expectancies by health status at initial age and (b) health expectancies by health status at initial age
# Age e11  e12  e1.  e21  e22  e2. 
 50  25.3686  10.2025  35.5712  20.5085  14.6249  35.1334
 51  24.5388  10.0634  34.6022  19.7113  14.4293  34.1406
 52  23.7179   9.9189  33.6368  18.9250  14.2258  33.1508
 53  22.9063   9.7688  32.6752  18.1498  14.0144  32.1642
 54  22.1045   9.6133  31.7178  17.3865  13.7950  31.1815
 55  21.3128   9.4522  30.7650  16.6354  13.5678  30.2031
 56  20.5317   9.2855  29.8172  15.8970  13.3325  29.2296
 57  19.7616   9.1133  28.8749  15.1719  13.0895  28.2614
 58  19.0031   8.9356  27.9387  14.4606  12.8386  27.2993
 59  18.2565   8.7525  27.0090  13.7636  12.5802  26.3438
 60  17.5223   8.5640  26.0863  13.0815  12.3143  25.3957
 61  16.8011   8.3703  25.1714  12.4146  12.0412  24.4558
 62  16.0932   8.1715  24.2647  11.7637  11.7611  23.5248
 63  15.3992   7.9678  23.3670  11.1291  11.4744  22.6035
 64  14.7194   7.7595  22.4789  10.5114  11.1813  21.6927
 65  14.0545   7.5467  21.6012   9.9110  10.8824  20.7934
 66  13.4047   7.3298  20.7345   9.3284  10.5781  19.9065
 67  12.7705   7.1092  19.8797   8.7641  10.2688  19.0329
 68  12.1524   6.8851  19.0375   8.2184   9.9552  18.1736
 69  11.5507   6.6580  18.2087   7.6917   9.6377  17.3294
 70  10.9659   6.4283  17.3941   7.1843   9.3171  16.5015
 71  10.3981   6.1964  16.5946   6.6966   8.9941  15.6907
 72   9.8479   5.9629  15.8108   6.2287   8.6692  14.8980
 73   9.3154   5.7283  15.0437   5.7809   8.3434  14.1243
 74   8.8009   5.4932  14.2941   5.3533   8.0173  13.3705
 75   8.3046   5.2580  13.5626   4.9459   7.6917  12.6376
 76   7.8266   5.0235  12.8501   4.5588   7.3675  11.9263
 77   7.3670   4.7902  12.1572   4.1918   7.0455  11.2373
 78   6.9259   4.5587  11.4846   3.8450   6.7264  10.5714
 79   6.5034   4.3297  10.8330   3.5181   6.4111   9.9292
 80   6.0993   4.1037  10.2029   3.2108   6.1004   9.3112
 81   5.7135   3.8813   9.5948   2.9228   5.7951   8.7179
 82   5.3459   3.6632   9.0091   2.6537   5.4959   8.1495
 83   4.9963   3.4499   8.4463   2.4030   5.2034   7.6064
 84   4.6645   3.2420   7.9065   2.1702   4.9184   7.0886
 85   4.3500   3.0399   7.3899   1.9548   4.6414   6.5963
 86   4.0526   2.8441   6.8967   1.7561   4.3731   6.1292
 87   3.7718   2.6551   6.4269   1.5733   4.1138   5.6872
 88   3.5072   2.4731   5.9803   1.4059   3.8641   5.2700
 89   3.2584   2.2985   5.5569   1.2530   3.6242   4.8772
 90   3.0247   2.1316   5.1563   1.1138   3.3944   4.5082
