# SEFsr.txt
#IMaCh version 0.99r45, April 2023,INED-EUROREVES-Institut de longevite-Japan Society for the Promotion of Science (Grant-in-Aid for Scientific Research 25293121), Intel Software 2015-2020, Nihon University 2021-202, INED 2000-2022
#$Revision: 1.353 $ $Date: 2023/05/08 18:48:22 $
# Tue Feb 04 22:13:36 2025
# Forward period (stable) prevalence. Precision given by ftolpl=0.0006 
#Age 1-1 2-2 
#************
#Age   1-1     2-2   Total Years_to_converge
50  0.87656 0.12351 1.000 49
51  0.87032 0.12976 1.000 49
52  0.86381 0.13626 1.000 49
53  0.85704 0.14305 1.000 48
54  0.84998 0.15011 1.000 48
55  0.84265 0.15744 1.000 48
56  0.83504 0.16506 1.000 47
57  0.82713 0.17297 1.000 47
58  0.81894 0.18116 1.000 46
59  0.81046 0.18965 1.000 46
60  0.80169 0.19842 1.000 46
61  0.79262 0.20749 1.000 45
62  0.78327 0.21685 1.000 45
63  0.77364 0.22649 1.000 44
64  0.76372 0.23641 1.000 44
65  0.75354 0.24660 1.000 43
66  0.74308 0.25706 1.000 43
67  0.73237 0.26778 1.000 42
68  0.72141 0.27875 1.000 42
69  0.71021 0.28994 1.000 41
70  0.69880 0.30138 1.000 40
71  0.68718 0.31300 1.000 40
72  0.67537 0.32482 1.000 39
73  0.66338 0.33680 1.000 39
74  0.65125 0.34896 1.000 38
75  0.63897 0.36123 1.000 37
76  0.62659 0.37361 1.000 37
77  0.61412 0.38611 1.000 36
78  0.60157 0.39865 1.000 35
79  0.58898 0.41125 1.000 34
80  0.57637 0.42386 1.000 34
81  0.56375 0.43650 1.000 33
82  0.55116 0.44911 1.000 32
83  0.53860 0.46166 1.000 31
84  0.52610 0.47417 1.000 30
85  0.51369 0.48660 1.000 29
86  0.50136 0.49891 1.000 29
87  0.48915 0.51111 1.000 28
88  0.47707 0.52320 1.000 27
89  0.46513 0.53513 1.000 27
90  0.45333 0.54692 1.000 26
