# SEFsr.txt
#IMaCh version 0.99r45, April 2023,INED-EUROREVES-Institut de longevite-Japan Society for the Promotion of Science (Grant-in-Aid for Scientific Research 25293121), Intel Software 2015-2020, Nihon University 2021-202, INED 2000-2022
#$Revision: 1.353 $ $Date: 2023/05/08 18:48:22 $
# Tue Feb 04 22:13:36 2025
# probabilities of dying before estepm=6 months for people of exact age and weighted probabilities w1*p1j+w2*p2j+... stand dev in()
# Selected quantitative variables and dummies
# Age cov=1 p.3 SE w1 p13 w2 p23
 50 1   3.478e-004  1.918e-004  8.766e-001  2.327e-004   1.235e-001  1.164e-003 
 51 1   4.000e-004  2.106e-004  8.703e-001  2.663e-004   1.298e-001  1.297e-003 
 52 1   4.600e-004  2.311e-004  8.638e-001  3.046e-004   1.363e-001  1.445e-003 
 53 1   5.289e-004  2.534e-004  8.570e-001  3.485e-004   1.430e-001  1.609e-003 
 54 1   6.079e-004  2.776e-004  8.500e-001  3.987e-004   1.501e-001  1.792e-003 
 55 1   6.986e-004  3.038e-004  8.427e-001  4.561e-004   1.574e-001  1.996e-003 
 56 1   8.026e-004  3.322e-004  8.350e-001  5.218e-004   1.651e-001  2.223e-003 
 57 1   9.219e-004  3.630e-004  8.271e-001  5.968e-004   1.730e-001  2.476e-003 
 58 1   1.059e-003  3.963e-004  8.189e-001  6.826e-004   1.812e-001  2.758e-003 
 59 1   1.215e-003  4.323e-004  8.105e-001  7.806e-004   1.897e-001  3.071e-003 
 60 1   1.394e-003  4.711e-004  8.017e-001  8.926e-004   1.984e-001  3.420e-003 
 61 1   1.599e-003  5.129e-004  7.926e-001  1.021e-003   2.075e-001  3.808e-003 
 62 1   1.834e-003  5.579e-004  7.833e-001  1.167e-003   2.168e-001  4.241e-003 
 63 1   2.101e-003  6.062e-004  7.736e-001  1.334e-003   2.265e-001  4.722e-003 
 64 1   2.407e-003  6.579e-004  7.637e-001  1.525e-003   2.364e-001  5.258e-003 
 65 1   2.757e-003  7.133e-004  7.535e-001  1.743e-003   2.466e-001  5.854e-003 
 66 1   3.155e-003  7.726e-004  7.431e-001  1.991e-003   2.571e-001  6.517e-003 
 67 1   3.609e-003  8.358e-004  7.324e-001  2.275e-003   2.678e-001  7.254e-003 
 68 1   4.126e-003  9.031e-004  7.214e-001  2.599e-003   2.787e-001  8.075e-003 
 69 1   4.715e-003  9.790e-004  7.102e-001  2.969e-003   2.899e-001  8.987e-003 
 70 1   5.384e-003  1.051e-003  6.988e-001  3.391e-003   3.014e-001  1.000e-002 
 71 1   6.144e-003  1.133e-003  6.872e-001  3.872e-003   3.130e-001  1.113e-002 
 72 1   7.007e-003  1.220e-003  6.754e-001  4.420e-003   3.248e-001  1.238e-002 
 73 1   7.986e-003  1.313e-003  6.634e-001  5.045e-003   3.368e-001  1.377e-002 
 74 1   9.095e-003  1.415e-003  6.512e-001  5.757e-003   3.490e-001  1.532e-002 
 75 1   1.035e-002  1.526e-003  6.390e-001  6.567e-003   3.612e-001  1.704e-002 
 76 1   1.177e-002  1.660e-003  6.266e-001  7.490e-003   3.736e-001  1.894e-002 
 77 1   1.337e-002  1.791e-003  6.141e-001  8.539e-003   3.861e-001  2.106e-002 
 78 1   1.518e-002  1.955e-003  6.016e-001  9.733e-003   3.986e-001  2.340e-002 
 79 1   1.722e-002  2.149e-003  5.890e-001  1.109e-002   4.113e-001  2.600e-002 
 80 1   1.952e-002  2.382e-003  5.764e-001  1.263e-002   4.239e-001  2.888e-002 
 81 1   2.210e-002  2.668e-003  5.638e-001  1.438e-002   4.365e-001  3.207e-002 
 82 1   2.500e-002  3.019e-003  5.512e-001  1.636e-002   4.491e-001  3.559e-002 
 83 1   2.825e-002  3.452e-003  5.386e-001  1.861e-002   4.617e-001  3.949e-002 
 84 1   3.190e-002  3.984e-003  5.261e-001  2.115e-002   4.742e-001  4.380e-002 
 85 1   3.597e-002  4.635e-003  5.137e-001  2.403e-002   4.866e-001  4.855e-002 
 86 1   4.051e-002  5.423e-003  5.014e-001  2.728e-002   4.989e-001  5.378e-002 
 87 1   4.558e-002  8.457e-003  4.892e-001  3.095e-002   5.111e-001  5.955e-002 
 88 1   5.122e-002  7.502e-003  4.771e-001  3.509e-002   5.232e-001  6.589e-002 
 89 1   5.748e-002  8.838e-003  4.651e-001  3.974e-002   5.351e-001  7.286e-002 
 90 1   6.441e-002  1.040e-002  4.533e-001  4.498e-002   5.469e-001  8.050e-002 
