# SEFsr.txt
#IMaCh version 0.99r45, April 2023,INED-EUROREVES-Institut de longevite-Japan Society for the Promotion of Science (Grant-in-Aid for Scientific Research 25293121), Intel Software 2015-2020, Nihon University 2021-202, INED 2000-2022
#$Revision: 1.353 $ $Date: 2023/05/08 18:48:22 $
# Tue Feb 04 22:13:36 2025
#One-step probabilities and covariance matrix
# Age p1-1  p1-2  p1-3  p2-1  p2-2  p2-3 
50  9.844e-001  1.534e-002  2.327e-004  8.310e-002  9.157e-001  1.164e-003 
50 1-1  1.057e-005
50 1-2 -1.080e-005  1.110e-005
50 1-3  2.252e-007 -3.032e-007  7.800e-008
50 2-1 -9.506e-006  9.285e-006  2.209e-007  2.542e-004
50 2-2  1.033e-005 -1.028e-005 -4.395e-008 -2.535e-004  2.539e-004
50 2-3 -8.196e-007  9.965e-007 -1.769e-007 -6.882e-007 -4.163e-007  1.104e-006
51  9.835e-001  1.619e-002  2.663e-004  8.292e-002  9.158e-001  1.297e-003 
51 1-1  1.076e-005
51 1-2 -1.100e-005  1.133e-005
51 1-3  2.389e-007 -3.341e-007  9.523e-008
51 2-1 -9.192e-006  8.960e-006  2.317e-007  2.338e-004
51 2-2  1.005e-005 -1.003e-005 -2.134e-008 -2.331e-004  2.336e-004
51 2-3 -8.627e-007  1.073e-006 -2.103e-007 -7.152e-007 -5.711e-007  1.286e-006
52  9.826e-001  1.708e-002  3.046e-004  8.274e-002  9.158e-001  1.445e-003 
52 1-1  1.091e-005
52 1-2 -1.117e-005  1.153e-005
52 1-3  2.507e-007 -3.667e-007  1.160e-007
52 2-1 -8.865e-006  8.622e-006  2.423e-007  2.145e-004
52 2-2  9.766e-006 -9.773e-006  7.139e-009 -2.138e-004  2.145e-004
52 2-3 -9.014e-007  1.151e-006 -2.494e-007 -7.424e-007 -7.525e-007  1.495e-006
53  9.816e-001  1.802e-002  3.485e-004  8.256e-002  9.158e-001  1.609e-003 
53 1-1  1.104e-005
53 1-2 -1.130e-005  1.170e-005
53 1-3  2.596e-007 -4.004e-007  1.408e-007
53 2-1 -8.528e-006  8.275e-006  2.526e-007  1.964e-004
53 2-2  9.461e-006 -9.504e-006  4.238e-008 -1.956e-004  1.966e-004
53 2-3 -9.338e-007  1.229e-006 -2.950e-007 -7.700e-007 -9.638e-007  1.734e-006
54  9.806e-001  1.902e-002  3.987e-004  8.238e-002  9.158e-001  1.792e-003 
54 1-1  1.112e-005
54 1-2 -1.139e-005  1.182e-005
54 1-3  2.645e-007 -4.350e-007  1.706e-007
54 2-1 -8.183e-006  7.920e-006  2.626e-007  1.793e-004
54 2-2  9.140e-006 -9.226e-006  8.535e-008 -1.785e-004  1.798e-004
54 2-3 -9.577e-007  1.306e-006 -3.479e-007 -7.978e-007 -1.208e-006  2.006e-006
55  9.795e-001  2.006e-002  4.561e-004  8.219e-002  9.158e-001  1.996e-003 
55 1-1  1.117e-005
55 1-2 -1.144e-005  1.191e-005
55 1-3  2.639e-007 -4.699e-007  2.060e-007
55 2-1 -7.833e-006  7.561e-006  2.720e-007  1.634e-004
55 2-2  8.804e-006 -8.941e-006  1.370e-007 -1.626e-004  1.641e-004
55 2-3 -9.708e-007  1.380e-006 -4.090e-007 -8.259e-007 -1.490e-006  2.316e-006
56  9.783e-001  2.117e-002  5.218e-004  8.201e-002  9.158e-001  2.223e-003 
56 1-1  1.119e-005
56 1-2 -1.144e-005  1.195e-005
56 1-3  2.563e-007 -5.042e-007  2.479e-007
56 2-1 -7.483e-006  7.203e-006  2.807e-007  1.487e-004
56 2-2  8.454e-006 -8.652e-006  1.985e-007 -1.478e-004  1.496e-004
56 2-3 -9.703e-007  1.450e-006 -4.792e-007 -8.543e-007 -1.812e-006  2.666e-006
57  9.771e-001  2.233e-002  5.968e-004  8.182e-002  9.157e-001  2.476e-003 
57 1-1  1.117e-005
57 1-2 -1.141e-005  1.195e-005
57 1-3  2.399e-007 -5.372e-007  2.973e-007
57 2-1 -7.136e-006  6.848e-006  2.888e-007  1.349e-004
57 2-2  8.090e-006 -8.360e-006  2.707e-007 -1.341e-004  1.362e-004
57 2-3 -9.532e-007  1.513e-006 -5.595e-007 -8.832e-007 -2.178e-006  3.061e-006
58  9.758e-001  2.355e-002  6.826e-004  8.163e-002  9.156e-001  2.758e-003 
58 1-1  1.112e-005
58 1-2 -1.134e-005  1.190e-005
58 1-3  2.124e-007 -5.676e-007  3.552e-007
58 2-1 -6.798e-006  6.502e-006  2.960e-007  1.223e-004
58 2-2  7.714e-006 -8.069e-006  3.547e-007 -1.214e-004  1.240e-004
58 2-3 -9.161e-007  1.567e-006 -6.506e-007 -9.125e-007 -2.592e-006  3.504e-006
59  9.744e-001  2.484e-002  7.806e-004  8.144e-002  9.155e-001  3.071e-003 
59 1-1  1.106e-005
59 1-2 -1.123e-005  1.182e-005
59 1-3  1.717e-007 -5.944e-007  4.227e-007
59 2-1 -6.473e-006  6.170e-006  3.023e-007  1.108e-004
59 2-2  7.328e-006 -7.779e-006  4.512e-007 -1.098e-004  1.129e-004
59 2-3 -8.555e-007  1.609e-006 -7.534e-007 -9.425e-007 -3.056e-006  3.999e-006
60  9.729e-001  2.620e-002  8.926e-004  8.125e-002  9.153e-001  3.420e-003 
60 1-1  1.098e-005
60 1-2 -1.109e-005  1.171e-005
60 1-3  1.150e-007 -6.158e-007  5.008e-007
60 2-1 -6.167e-006  5.860e-006  3.076e-007  1.003e-004
60 2-2  6.935e-006 -7.496e-006  5.608e-007 -9.929e-005  1.029e-004
60 2-3 -7.680e-007  1.636e-006 -8.685e-007 -9.733e-007 -3.575e-006  4.548e-006
61  9.714e-001  2.763e-002  1.021e-003  8.105e-002  9.151e-001  3.808e-003 
61 1-1  1.090e-005
61 1-2 -1.094e-005  1.157e-005
61 1-3  3.986e-008 -6.305e-007  5.906e-007
61 2-1 -5.889e-006  5.577e-006  3.121e-007  9.081e-005
61 2-2  6.539e-006 -7.222e-006  6.839e-007 -8.980e-005  9.395e-005
61 2-3 -6.498e-007  1.646e-006 -9.960e-007 -1.005e-006 -4.149e-006  5.154e-006
62  9.697e-001  2.913e-002  1.167e-003  8.086e-002  9.149e-001  4.241e-003 
62 1-1  1.083e-005
62 1-2 -1.078e-005  1.141e-005
62 1-3 -5.655e-008 -6.365e-007  6.931e-007
62 2-1 -5.645e-006  5.329e-006  3.158e-007  8.238e-005
62 2-2  6.142e-006 -6.963e-006  8.203e-007 -8.134e-005  8.612e-005
62 2-3 -4.977e-007  1.634e-006 -1.136e-006 -1.038e-006 -4.779e-006  5.817e-006
63  9.680e-001  3.072e-002  1.334e-003  8.065e-002  9.146e-001  4.722e-003 
63 1-1  1.081e-005
63 1-2 -1.063e-005  1.127e-005
63 1-3 -1.767e-007 -6.322e-007  8.090e-007
63 2-1 -5.444e-006  5.125e-006  3.188e-007  7.498e-005
63 2-2  5.753e-006 -6.722e-006  9.691e-007 -7.390e-005  7.937e-005
63 2-3 -3.088e-007  1.597e-006 -1.288e-006 -1.073e-006 -5.466e-006  6.539e-006
64  9.661e-001  3.238e-002  1.525e-003  8.045e-002  9.143e-001  5.258e-003 
64 1-1  1.085e-005
64 1-2 -1.053e-005  1.115e-005
64 1-3 -3.228e-007 -6.160e-007  9.388e-007
64 2-1 -5.297e-006  4.975e-006  3.216e-007  6.858e-005
64 2-2  5.378e-006 -6.507e-006  1.129e-006 -6.747e-005  7.368e-005
64 2-3 -8.134e-008  1.532e-006 -1.450e-006 -1.110e-006 -6.207e-006  7.317e-006
65  9.641e-001  3.413e-002  1.743e-003  8.023e-002  9.139e-001  5.854e-003 
65 1-1  1.099e-005
65 1-2 -1.050e-005  1.108e-005
65 1-3 -4.963e-007 -5.865e-007  1.083e-006
65 2-1 -5.213e-006  4.888e-006  3.247e-007  6.318e-005
65 2-2  5.028e-006 -6.325e-006  1.297e-006 -6.203e-005  6.903e-005
65 2-3  1.855e-007  1.436e-006 -1.622e-006 -1.149e-006 -6.999e-006  8.148e-006
66  9.620e-001  3.597e-002  1.991e-003  8.002e-002  9.135e-001  6.517e-003 
66 1-1  1.127e-005
66 1-2 -1.058e-005  1.112e-005
66 1-3 -6.977e-007 -5.433e-007  1.241e-006
66 2-1 -5.206e-006  4.877e-006  3.289e-007  5.876e-005
66 2-2  4.715e-006 -6.185e-006  1.469e-006 -5.757e-005  6.541e-005
66 2-3  4.904e-007  1.308e-006 -1.798e-006 -1.192e-006 -7.835e-006  9.027e-006
67  9.598e-001  3.791e-002  2.275e-003  7.980e-002  9.129e-001  7.254e-003 
67 1-1  1.174e-005
67 1-2 -1.081e-005  1.130e-005
67 1-3 -9.260e-007 -4.868e-007  1.413e-006
67 2-1 -5.287e-006  4.952e-006  3.352e-007  5.531e-005
67 2-2  4.457e-006 -6.099e-006  1.641e-006 -5.407e-005  6.278e-005
67 2-3  8.297e-007  1.147e-006 -1.977e-006 -1.238e-006 -8.707e-006  9.945e-006
68  9.575e-001  3.994e-002  2.599e-003  7.957e-002  9.124e-001  8.075e-003 
68 1-1  1.244e-005
68 1-2 -1.126e-005  1.168e-005
68 1-3 -1.178e-006 -4.195e-007  1.597e-006
68 2-1 -5.472e-006  5.127e-006  3.452e-007  5.282e-005
68 2-2  4.276e-006 -6.082e-006  1.806e-006 -5.153e-005  6.113e-005
68 2-3  1.196e-006  9.551e-007 -2.152e-006 -1.290e-006 -9.603e-006  1.089e-005
69  9.550e-001  4.208e-002  2.969e-003  7.934e-002  9.117e-001  8.987e-003 
69 1-1  1.344e-005
69 1-2 -1.199e-005  1.234e-005
69 1-3 -1.448e-006 -3.465e-007  1.794e-006
69 2-1 -5.777e-006  5.416e-006  3.612e-007  5.127e-005
69 2-2  4.197e-006 -6.153e-006  1.956e-006 -4.992e-005  6.043e-005
69 2-3  1.580e-006  7.375e-007 -2.317e-006 -1.349e-006 -1.051e-005  1.186e-005
70  9.523e-001  4.432e-002  3.391e-003  7.909e-002  9.109e-001  1.000e-002 
70 1-1  1.481e-005
70 1-2 -1.308e-005  1.336e-005
70 1-3 -1.727e-006 -2.769e-007  2.004e-006
70 2-1 -6.219e-006  5.833e-006  3.859e-007  5.064e-005
70 2-2  4.255e-006 -6.336e-006  2.081e-006 -4.922e-005  6.063e-005
70 2-3  1.964e-006  5.034e-007 -2.467e-006 -1.417e-006 -1.141e-005  1.282e-005
71  9.495e-001  4.667e-002  3.872e-003  7.884e-002  9.100e-001  1.113e-002 
71 1-1  1.663e-005
71 1-2 -1.463e-005  1.486e-005
71 1-3 -2.002e-006 -2.255e-007  2.228e-006
71 2-1 -6.816e-006  6.393e-006  4.233e-007  5.092e-005
71 2-2  4.489e-006 -6.661e-006  2.172e-006 -4.942e-005  6.171e-005
71 2-3  2.326e-006  2.683e-007 -2.595e-006 -1.496e-006 -1.228e-005  1.378e-005
72  9.464e-001  4.914e-002  4.420e-003  7.858e-002  9.090e-001  1.238e-002 
72 1-1  1.899e-005
72 1-2 -1.674e-005  1.695e-005
72 1-3 -2.257e-006 -2.149e-007  2.472e-006
72 2-1 -7.590e-006  7.111e-006  4.787e-007  5.209e-005
72 2-2  4.949e-006 -7.167e-006  2.218e-006 -5.050e-005  6.363e-005
72 2-3  2.641e-006  5.588e-008 -2.697e-006 -1.592e-006 -1.312e-005  1.472e-005
73  9.432e-001  5.173e-002  5.045e-003  7.831e-002  9.079e-001  1.377e-002 
73 1-1  2.199e-005
73 1-2 -1.952e-005  1.980e-005
73 1-3 -2.471e-006 -2.789e-007  2.750e-006
73 2-1 -8.563e-006  8.004e-006  5.591e-007  5.414e-005
73 2-2  5.691e-006 -7.905e-006  2.213e-006 -5.243e-005  6.635e-005
73 2-3  2.872e-006 -9.957e-008 -2.772e-006 -1.709e-006 -1.391e-005  1.562e-005
74  9.398e-001  5.444e-002  5.757e-003  7.803e-002  9.066e-001  1.532e-002 
74 1-1  2.574e-005
74 1-2 -2.312e-005  2.358e-005
74 1-3 -2.622e-006 -4.660e-007  3.088e-006
74 2-1 -9.761e-006  9.087e-006  6.739e-007  5.704e-005
74 2-2  6.781e-006 -8.937e-006  2.156e-006 -5.519e-005  6.985e-005
74 2-3  2.980e-006 -1.495e-007 -2.830e-006 -1.856e-006 -1.466e-005  1.651e-005
75  9.362e-001  5.728e-002  6.567e-003  7.774e-002  9.052e-001  1.704e-002 
75 1-1  3.035e-005
75 1-2 -2.767e-005  2.851e-005
75 1-3 -2.687e-006 -8.453e-007  3.532e-006
75 2-1 -1.121e-005  1.037e-005  8.359e-007  6.078e-005
75 2-2  8.291e-006 -1.035e-005  2.056e-006 -5.873e-005  7.411e-005
75 2-3  2.919e-006 -2.705e-008 -2.892e-006 -2.045e-006 -1.538e-005  1.742e-005
76  9.323e-001  6.025e-002  7.490e-003  7.743e-002  9.036e-001  1.894e-002 
76 1-1  3.598e-005
76 1-2 -3.333e-005  3.484e-005
76 1-3 -2.650e-006 -1.513e-006  4.163e-006
76 2-1 -1.294e-005  1.188e-005  1.062e-006  6.532e-005
76 2-2  1.030e-005 -1.224e-005  1.941e-006 -6.303e-005  7.915e-005
76 2-3  2.644e-006  3.587e-007 -3.003e-006 -2.290e-006 -1.612e-005  1.841e-005
77  9.281e-001  6.335e-002  8.539e-003  7.711e-002  9.018e-001  2.106e-002 
77 1-1  4.276e-005
77 1-2 -4.025e-005  4.286e-005
77 1-3 -2.510e-006 -2.603e-006  5.113e-006
77 2-1 -1.499e-005  1.361e-005  1.374e-006  7.065e-005
77 2-2  1.287e-005 -1.474e-005  1.869e-006 -6.804e-005  8.503e-005
77 2-3  2.114e-006  1.129e-006 -3.243e-006 -2.613e-006 -1.699e-005  1.961e-005
78  9.237e-001  6.659e-002  9.733e-003  7.676e-002  8.998e-001  2.340e-002 
78 1-1  5.091e-005
78 1-2 -4.861e-005  5.291e-005
78 1-3 -2.295e-006 -4.295e-006  6.591e-006
78 2-1 -1.739e-005  1.559e-005  1.803e-006  7.673e-005
78 2-2  1.609e-005 -1.803e-005  1.944e-006 -7.369e-005  9.186e-005
78 2-3  1.302e-006  2.445e-006 -3.747e-006 -3.047e-006 -1.817e-005  2.121e-005
79  9.189e-001  6.998e-002  1.109e-002  7.641e-002  8.976e-001  2.600e-002 
79 1-1  6.063e-005
79 1-2 -5.854e-005  6.538e-005
79 1-3 -2.087e-006 -6.838e-006  8.926e-006
79 2-1 -2.019e-005  1.780e-005  2.388e-006  8.355e-005
79 2-2  1.998e-005 -2.232e-005  2.338e-006 -7.992e-005  9.985e-005
79 2-3  2.086e-007  4.517e-006 -4.726e-006 -3.631e-006 -1.993e-005  2.356e-005
80  9.139e-001  7.350e-002  1.263e-002  7.602e-002  8.951e-001  2.888e-002 
80 1-1  7.224e-005
80 1-2 -7.018e-005  8.075e-005
80 1-3 -2.056e-006 -1.056e-005  1.262e-005
80 2-1 -2.344e-005  2.026e-005  3.184e-006  9.106e-005
80 2-2  2.455e-005 -2.788e-005  3.325e-006 -8.663e-005  1.093e-004
80 2-3 -1.111e-006  7.620e-006 -6.508e-006 -4.425e-006 -2.271e-005  2.714e-005
81  9.084e-001  7.718e-002  1.438e-002  7.562e-002  8.923e-001  3.207e-002 
81 1-1  8.612e-005
81 1-2 -8.361e-005  9.953e-005
81 1-3 -2.509e-006 -1.592e-005  1.843e-005
81 2-1 -2.720e-005  2.294e-005  4.260e-006  9.923e-005
81 2-2  2.973e-005 -3.505e-005  5.324e-006 -9.372e-005  1.209e-004
81 2-3 -2.522e-006  1.211e-005 -9.584e-006 -5.505e-006 -2.717e-005  3.267e-005
82  9.026e-001  8.100e-002  1.636e-002  7.519e-002  8.892e-001  3.559e-002 
82 1-1  1.028e-004
82 1-2 -9.885e-005  1.223e-004
82 1-3 -3.968e-006 -2.350e-005  2.746e-005
82 2-1 -3.156e-005  2.585e-005  5.712e-006  1.080e-004
82 2-2  3.532e-005 -4.428e-005  8.961e-006 -1.010e-004  1.353e-004
82 2-3 -3.762e-006  1.843e-005 -1.467e-005 -6.978e-006 -3.422e-005  4.120e-005
83  8.964e-001  8.496e-002  1.861e-002  7.474e-002  8.858e-001  3.949e-002 
83 1-1  1.231e-004
83 1-2 -1.158e-004  1.499e-004
83 1-3 -7.272e-006 -3.409e-005  4.136e-005
83 2-1 -3.659e-005  2.893e-005  7.663e-006  1.174e-004
83 2-2  4.097e-005 -5.612e-005  1.514e-005 -1.084e-004  1.536e-004
83 2-3 -4.378e-006  2.719e-005 -2.281e-005 -8.984e-006 -4.520e-005  5.419e-005
84  8.898e-001  8.907e-002  2.115e-002  7.425e-002  8.820e-001  4.380e-002 
84 1-1  1.480e-004
84 1-2 -1.343e-004  1.830e-004
84 1-3 -1.372e-005 -4.875e-005  6.247e-005
84 2-1 -4.243e-005  3.215e-005  1.028e-005  1.273e-004
84 2-2  4.608e-005 -7.125e-005  2.518e-005 -1.156e-004  1.776e-004
84 2-3 -3.652e-006  3.911e-005 -3.545e-005 -1.171e-005 -6.195e-005  7.366e-005
85  8.826e-001  9.333e-002  2.403e-002  7.373e-002  8.777e-001  4.855e-002 
85 1-1  1.791e-004
85 1-2 -1.538e-004  2.227e-004
85 1-3 -2.527e-005 -6.885e-005  9.412e-005
85 2-1 -4.921e-005  3.544e-005  1.377e-005  1.378e-004
85 2-2  4.969e-005 -9.058e-005  4.088e-005 -1.224e-004  2.093e-004
85 2-3 -4.851e-007  5.514e-005 -5.466e-005 -1.540e-005 -8.698e-005  1.024e-004
86  8.750e-001  9.772e-002  2.728e-002  7.318e-002  8.730e-001  5.378e-002 
86 1-1  2.185e-004
86 1-2 -1.737e-004  2.700e-004
86 1-3 -4.480e-005 -9.624e-005  1.410e-004
86 2-1 -5.713e-005  3.870e-005  1.843e-005  1.486e-004
86 2-2  5.039e-005 -1.152e-004  6.480e-005 -1.283e-004  2.519e-004
86 2-3  6.736e-006  7.649e-005 -8.323e-005 -2.037e-005 -1.237e-004  1.440e-004
87  8.668e-001  1.023e-001  3.095e-002  7.258e-002  8.679e-001  5.955e-002 
87 1-1  2.693e-004
87 1-2 -1.929e-004  3.262e-004
87 1-3 -7.647e-005 -1.333e-004  2.098e-004
87 2-1 -6.643e-005  4.182e-005  2.461e-005  1.599e-004
87 2-2  4.611e-005 -1.465e-004  1.004e-004 -1.329e-004  3.094e-004
87 2-3  2.032e-005  1.047e-004 -1.250e-004 -2.704e-005 -1.765e-004  2.035e-004
88  8.580e-001  1.069e-001  3.509e-002  7.195e-002  8.622e-001  6.589e-002 
88 1-1  3.357e-004
88 1-2 -2.096e-004  3.928e-004
88 1-3 -1.261e-004 -1.832e-004  3.093e-004
88 2-1 -7.741e-005  4.462e-005  3.278e-005  1.716e-004
88 2-2  3.394e-005 -1.862e-004  1.523e-004 -1.357e-004  3.869e-004
88 2-3  4.347e-005  1.416e-004 -1.851e-004 -3.593e-005 -2.512e-004  2.872e-004
89  8.486e-001  1.117e-001  3.974e-002  7.126e-002  8.559e-001  7.286e-002 
89 1-1  4.236e-004
89 1-2 -2.217e-004  4.717e-004
89 1-3 -2.019e-004 -2.501e-004  4.520e-004
89 2-1 -9.047e-005  4.691e-005  4.356e-005  1.836e-004
89 2-2  9.903e-006 -2.366e-004  2.267e-004 -1.359e-004  4.914e-004
89 2-3  8.057e-005  1.896e-004 -2.702e-004 -4.770e-005 -3.555e-004  4.032e-004
90  8.385e-001  1.166e-001  4.498e-002  7.053e-002  8.490e-001  8.050e-002 
90 1-1  5.408e-004
90 1-2 -2.258e-004  5.650e-004
90 1-3 -3.150e-004 -3.392e-004  6.543e-004
90 2-1 -1.061e-004  4.841e-005  5.769e-005  1.959e-004
90 2-2 -3.136e-005 -3.003e-004  3.316e-004 -1.327e-004  6.314e-004
90 2-3  1.375e-004  2.518e-004 -3.893e-004 -6.317e-005 -4.987e-004  5.619e-004