# SEFsr.txt
#IMaCh version 0.99r45, April 2023,INED-EUROREVES-Institut de longevite-Japan Society for the Promotion of Science (Grant-in-Aid for Scientific Research 25293121), Intel Software 2015-2020, Nihon University 2021-202, INED 2000-2022
#$Revision: 1.353 $ $Date: 2023/05/08 18:48:22 $
# Tue Feb 04 22:13:36 2025
#One-step probabilities and stand. devi in ()
# Age p1-1 (SE) p1-2 (SE) p1-3 (SE) p2-1 (SE) p2-2 (SE) p2-3 (SE)
50  9.844e-001 ( 3.251e-003)  1.534e-002 ( 3.332e-003)  2.327e-004 ( 2.793e-004)  8.310e-002 ( 1.594e-002)  9.157e-001 ( 1.594e-002)  1.164e-003 ( 1.051e-003) 
51  9.835e-001 ( 3.280e-003)  1.619e-002 ( 3.366e-003)  2.663e-004 ( 3.086e-004)  8.292e-002 ( 1.529e-002)  9.158e-001 ( 1.528e-002)  1.297e-003 ( 1.134e-003) 
52  9.826e-001 ( 3.304e-003)  1.708e-002 ( 3.396e-003)  3.046e-004 ( 3.405e-004)  8.274e-002 ( 1.465e-002)  9.158e-001 ( 1.465e-002)  1.445e-003 ( 1.223e-003) 
53  9.816e-001 ( 3.322e-003)  1.802e-002 ( 3.420e-003)  3.485e-004 ( 3.753e-004)  8.256e-002 ( 1.401e-002)  9.158e-001 ( 1.402e-002)  1.609e-003 ( 1.317e-003) 
54  9.806e-001 ( 3.335e-003)  1.902e-002 ( 3.438e-003)  3.987e-004 ( 4.130e-004)  8.238e-002 ( 1.339e-002)  9.158e-001 ( 1.341e-002)  1.792e-003 ( 1.416e-003) 
55  9.795e-001 ( 3.343e-003)  2.006e-002 ( 3.451e-003)  4.561e-004 ( 4.538e-004)  8.219e-002 ( 1.278e-002)  9.158e-001 ( 1.281e-002)  1.996e-003 ( 1.522e-003) 
56  9.783e-001 ( 3.345e-003)  2.117e-002 ( 3.457e-003)  5.218e-004 ( 4.979e-004)  8.201e-002 ( 1.219e-002)  9.158e-001 ( 1.223e-002)  2.223e-003 ( 1.633e-003) 
57  9.771e-001 ( 3.342e-003)  2.233e-002 ( 3.457e-003)  5.968e-004 ( 5.452e-004)  8.182e-002 ( 1.162e-002)  9.157e-001 ( 1.167e-002)  2.476e-003 ( 1.750e-003) 
58  9.758e-001 ( 3.335e-003)  2.355e-002 ( 3.450e-003)  6.826e-004 ( 5.960e-004)  8.163e-002 ( 1.106e-002)  9.156e-001 ( 1.114e-002)  2.758e-003 ( 1.872e-003) 
59  9.744e-001 ( 3.325e-003)  2.484e-002 ( 3.438e-003)  7.806e-004 ( 6.501e-004)  8.144e-002 ( 1.052e-002)  9.155e-001 ( 1.062e-002)  3.071e-003 ( 2.000e-003) 
60  9.729e-001 ( 3.313e-003)  2.620e-002 ( 3.422e-003)  8.926e-004 ( 7.077e-004)  8.125e-002 ( 1.001e-002)  9.153e-001 ( 1.014e-002)  3.420e-003 ( 2.133e-003) 
61  9.714e-001 ( 3.301e-003)  2.763e-002 ( 3.401e-003)  1.021e-003 ( 7.685e-004)  8.105e-002 ( 9.529e-003)  9.151e-001 ( 9.693e-003)  3.808e-003 ( 2.270e-003) 
62  9.697e-001 ( 3.291e-003)  2.913e-002 ( 3.378e-003)  1.167e-003 ( 8.325e-004)  8.086e-002 ( 9.076e-003)  9.149e-001 ( 9.280e-003)  4.241e-003 ( 2.412e-003) 
63  9.680e-001 ( 3.288e-003)  3.072e-002 ( 3.356e-003)  1.334e-003 ( 8.994e-004)  8.065e-002 ( 8.659e-003)  9.146e-001 ( 8.909e-003)  4.722e-003 ( 2.557e-003) 
64  9.661e-001 ( 3.294e-003)  3.238e-002 ( 3.339e-003)  1.525e-003 ( 9.689e-004)  8.045e-002 ( 8.281e-003)  9.143e-001 ( 8.584e-003)  5.258e-003 ( 2.705e-003) 
65  9.641e-001 ( 3.316e-003)  3.413e-002 ( 3.329e-003)  1.743e-003 ( 1.041e-003)  8.023e-002 ( 7.949e-003)  9.139e-001 ( 8.308e-003)  5.854e-003 ( 2.855e-003) 
66  9.620e-001 ( 3.358e-003)  3.597e-002 ( 3.335e-003)  1.991e-003 ( 1.114e-003)  8.002e-002 ( 7.666e-003)  9.135e-001 ( 8.087e-003)  6.517e-003 ( 3.005e-003) 
67  9.598e-001 ( 3.426e-003)  3.791e-002 ( 3.361e-003)  2.275e-003 ( 1.189e-003)  7.980e-002 ( 7.437e-003)  9.129e-001 ( 7.923e-003)  7.254e-003 ( 3.154e-003) 
68  9.575e-001 ( 3.527e-003)  3.994e-002 ( 3.418e-003)  2.599e-003 ( 1.264e-003)  7.957e-002 ( 7.268e-003)  9.124e-001 ( 7.819e-003)  8.075e-003 ( 3.300e-003) 
69  9.550e-001 ( 3.666e-003)  4.208e-002 ( 3.513e-003)  2.969e-003 ( 1.340e-003)  7.934e-002 ( 7.160e-003)  9.117e-001 ( 7.773e-003)  8.987e-003 ( 3.443e-003) 
70  9.523e-001 ( 3.849e-003)  4.432e-002 ( 3.655e-003)  3.391e-003 ( 1.416e-003)  7.909e-002 ( 7.116e-003)  9.109e-001 ( 7.787e-003)  1.000e-002 ( 3.581e-003) 
71  9.495e-001 ( 4.078e-003)  4.667e-002 ( 3.854e-003)  3.872e-003 ( 1.493e-003)  7.884e-002 ( 7.136e-003)  9.100e-001 ( 7.856e-003)  1.113e-002 ( 3.712e-003) 
72  9.464e-001 ( 4.358e-003)  4.914e-002 ( 4.117e-003)  4.420e-003 ( 1.572e-003)  7.858e-002 ( 7.218e-003)  9.090e-001 ( 7.977e-003)  1.238e-002 ( 3.836e-003) 
73  9.432e-001 ( 4.690e-003)  5.173e-002 ( 4.450e-003)  5.045e-003 ( 1.658e-003)  7.831e-002 ( 7.358e-003)  9.079e-001 ( 8.145e-003)  1.377e-002 ( 3.953e-003) 
74  9.398e-001 ( 5.073e-003)  5.444e-002 ( 4.856e-003)  5.757e-003 ( 1.757e-003)  7.803e-002 ( 7.553e-003)  9.066e-001 ( 8.357e-003)  1.532e-002 ( 4.064e-003) 
75  9.362e-001 ( 5.509e-003)  5.728e-002 ( 5.340e-003)  6.567e-003 ( 1.879e-003)  7.774e-002 ( 7.796e-003)  9.052e-001 ( 8.609e-003)  1.704e-002 ( 4.174e-003) 
76  9.323e-001 ( 5.998e-003)  6.025e-002 ( 5.902e-003)  7.490e-003 ( 2.040e-003)  7.743e-002 ( 8.082e-003)  9.036e-001 ( 8.897e-003)  1.894e-002 ( 4.291e-003) 
77  9.281e-001 ( 6.539e-003)  6.335e-002 ( 6.546e-003)  8.539e-003 ( 2.261e-003)  7.711e-002 ( 8.405e-003)  9.018e-001 ( 9.221e-003)  2.106e-002 ( 4.428e-003) 
78  9.237e-001 ( 7.135e-003)  6.659e-002 ( 7.274e-003)  9.733e-003 ( 2.567e-003)  7.676e-002 ( 8.760e-003)  8.998e-001 ( 9.584e-003)  2.340e-002 ( 4.606e-003) 
79  9.189e-001 ( 7.787e-003)  6.998e-002 ( 8.086e-003)  1.109e-002 ( 2.988e-003)  7.641e-002 ( 9.140e-003)  8.976e-001 ( 9.992e-003)  2.600e-002 ( 4.854e-003) 
80  9.139e-001 ( 8.499e-003)  7.350e-002 ( 8.986e-003)  1.263e-002 ( 3.552e-003)  7.602e-002 ( 9.542e-003)  8.951e-001 ( 1.046e-002)  2.888e-002 ( 5.209e-003) 
81  9.084e-001 ( 9.280e-003)  7.718e-002 ( 9.976e-003)  1.438e-002 ( 4.293e-003)  7.562e-002 ( 9.961e-003)  8.923e-001 ( 1.099e-002)  3.207e-002 ( 5.716e-003) 
82  9.026e-001 ( 1.014e-002)  8.100e-002 ( 1.106e-002)  1.636e-002 ( 5.241e-003)  7.519e-002 ( 1.039e-002)  8.892e-001 ( 1.163e-002)  3.559e-002 ( 6.419e-003) 
83  8.964e-001 ( 1.109e-002)  8.496e-002 ( 1.224e-002)  1.861e-002 ( 6.431e-003)  7.474e-002 ( 1.084e-002)  8.858e-001 ( 1.239e-002)  3.949e-002 ( 7.361e-003) 
84  8.898e-001 ( 1.217e-002)  8.907e-002 ( 1.353e-002)  2.115e-002 ( 7.904e-003)  7.425e-002 ( 1.128e-002)  8.820e-001 ( 1.333e-002)  4.380e-002 ( 8.583e-003) 
85  8.826e-001 ( 1.338e-002)  9.333e-002 ( 1.492e-002)  2.403e-002 ( 9.702e-003)  7.373e-002 ( 1.174e-002)  8.777e-001 ( 1.447e-002)  4.855e-002 ( 1.012e-002) 
86  8.750e-001 ( 1.478e-002)  9.772e-002 ( 1.643e-002)  2.728e-002 ( 1.188e-002)  7.318e-002 ( 1.219e-002)  8.730e-001 ( 1.587e-002)  5.378e-002 ( 1.200e-002) 
87  8.668e-001 ( 1.641e-002)  1.023e-001 ( 1.806e-002)  3.095e-002 ( 1.448e-002)  7.258e-002 ( 1.265e-002)  8.679e-001 ( 1.759e-002)  5.955e-002 ( 1.427e-002) 
88  8.580e-001 ( 1.832e-002)  1.069e-001 ( 1.982e-002)  3.509e-002 ( 1.759e-002)  7.195e-002 ( 1.310e-002)  8.622e-001 ( 1.967e-002)  6.589e-002 ( 1.695e-002) 
89  8.486e-001 ( 2.058e-002)  1.117e-001 ( 2.172e-002)  3.974e-002 ( 2.126e-002)  7.126e-002 ( 1.355e-002)  8.559e-001 ( 2.217e-002)  7.286e-002 ( 2.008e-002) 
90  8.385e-001 ( 2.325e-002)  1.166e-001 ( 2.377e-002)  4.498e-002 ( 2.558e-002)  7.053e-002 ( 1.400e-002)  8.490e-001 ( 2.513e-002)  8.050e-002 ( 2.370e-002) 