
# model  
#****** Result for:******
# SEFsr.txt
#IMaCh version 0.99r45, April 2023,INED-EUROREVES-Institut de longevite-Japan Society for the Promotion of Science (Grant-in-Aid for Scientific Research 25293121), Intel Software 2015-2020, Nihon University 2021-202, INED 2000-2022
#$Revision: 1.353 $ $Date: 2023/05/08 18:48:22 $
# Tue Feb 04 22:13:36 2025
# Total life expectancy with std error and decomposition into time to be expected in each health state
#  (weighted average of eij where weights are the age specific forward period (stable) prevalences in each health state 
# Age popbased mobilav e.. (std) e.1 (std) e.2 (std) 
   50 0 0  35.520 (  0.953)  24.770 (  0.926)  10.749 (  0.830)
   51 0 0  34.545 (  0.948)  23.914 (  0.908)  10.631 (  0.813)
   52 0 0  33.573 (  0.942)  23.067 (  0.890)  10.506 (  0.797)
   53 0 0  32.605 (  0.936)  22.228 (  0.872)  10.377 (  0.782)
   54 0 0  31.640 (  0.930)  21.398 (  0.855)  10.242 (  0.767)
   55 0 0  30.679 (  0.923)  20.578 (  0.838)  10.101 (  0.753)
   56 0 0  29.723 (  0.916)  19.769 (  0.822)   9.954 (  0.740)
   57 0 0  28.772 (  0.909)  18.970 (  0.805)   9.802 (  0.728)
   58 0 0  27.826 (  0.901)  18.182 (  0.790)   9.644 (  0.716)
   59 0 0  26.886 (  0.894)  17.406 (  0.774)   9.479 (  0.705)
   60 0 0  25.952 (  0.886)  16.643 (  0.759)   9.309 (  0.695)
   61 0 0  25.026 (  0.877)  15.893 (  0.745)   9.133 (  0.686)
   62 0 0  24.107 (  0.869)  15.156 (  0.731)   8.951 (  0.677)
   63 0 0  23.197 (  0.861)  14.434 (  0.718)   8.763 (  0.669)
   64 0 0  22.296 (  0.852)  13.727 (  0.705)   8.569 (  0.661)
   65 0 0  21.405 (  0.844)  13.035 (  0.693)   8.370 (  0.654)
   66 0 0  20.525 (  0.836)  12.359 (  0.681)   8.166 (  0.648)
   67 0 0  19.656 (  0.828)  11.700 (  0.669)   7.956 (  0.642)
   68 0 0  18.800 (  0.820)  11.058 (  0.658)   7.742 (  0.636)
   69 0 0  17.957 (  0.828)  10.434 (  0.663)   7.523 (  0.622)
   70 0 0  17.128 (  0.805)   9.828 (  0.637)   7.300 (  0.624)
   71 0 0  16.315 (  0.798)   9.241 (  0.627)   7.073 (  0.619)
   72 0 0  15.517 (  0.791)   8.674 (  0.616)   6.843 (  0.613)
   73 0 0  14.737 (  0.785)   8.127 (  0.606)   6.610 (  0.607)
   74 0 0  13.975 (  0.779)   7.600 (  0.596)   6.375 (  0.601)
   75 0 0  13.231 (  0.774)   7.093 (  0.585)   6.138 (  0.596)
   76 0 0  12.508 (  0.785)   6.607 (  0.591)   5.900 (  0.578)
   77 0 0  11.805 (  0.764)   6.143 (  0.564)   5.662 (  0.584)
   78 0 0  11.123 (  0.760)   5.699 (  0.552)   5.424 (  0.578)
   79 0 0  10.464 (  0.756)   5.277 (  0.541)   5.187 (  0.573)
   80 0 0   9.827 (  0.751)   4.876 (  0.529)   4.951 (  0.568)
   81 0 0   9.214 (  0.747)   4.497 (  0.516)   4.718 (  0.563)
   82 0 0   8.625 (  0.742)   4.138 (  0.504)   4.487 (  0.558)
   83 0 0   8.061 (  0.737)   3.800 (  0.490)   4.260 (  0.554)
   84 0 0   7.521 (  0.731)   3.483 (  0.477)   4.038 (  0.551)
   85 0 0   7.006 (  0.724)   3.186 (  0.464)   3.820 (  0.548)
   86 0 0   6.516 (  0.716)   2.908 (  0.450)   3.608 (  0.545)
   87 0 0   6.050 (  0.833)   2.649 (  0.414)   3.401 (  0.676)
   88 0 0   5.610 (  0.697)   2.409 (  0.423)   3.202 (  0.541)
   89 0 0   5.195 (  0.686)   2.186 (  0.410)   3.009 (  0.539)
   90 0 0   4.803 (  0.673)   1.980 (  0.398)   2.823 (  0.538)
