
#****** ******
# SEFsr.txt
#IMaCh version 0.99r45, April 2023,INED-EUROREVES-Institut de longevite-Japan Society for the Promotion of Science (Grant-in-Aid for Scientific Research 25293121), Intel Software 2015-2020, Nihon University 2021-202, INED 2000-2022
#$Revision: 1.353 $ $Date: 2023/05/08 18:48:22 $
# Tue Feb 04 22:13:36 2025
# Standard deviation of period (forward stable) prevalences 
# Age  Result#  1-1 2-2
50 1  0.87656 (0.03108) 0.12351 (0.03119)
51 1  0.87032 (0.03126) 0.12976 (0.03137)
52 1  0.86381 (0.03137) 0.13626 (0.03148)
53 1  0.85703 (0.03142) 0.14305 (0.03153)
54 1  0.84998 (0.03140) 0.15011 (0.03151)
55 1  0.84265 (0.03131) 0.15744 (0.03141)
56 1  0.83503 (0.03114) 0.16506 (0.03125)
57 1  0.82713 (0.03090) 0.17297 (0.03101)
58 1  0.81894 (0.03058) 0.18117 (0.03069)
59 1  0.81046 (0.03019) 0.18966 (0.03030)
60 1  0.80168 (0.02972) 0.19842 (0.02982)
61 1  0.79262 (0.02918) 0.20749 (0.02928)
62 1  0.78327 (0.02858) 0.21685 (0.02868)
63 1  0.77363 (0.02793) 0.22649 (0.02803)
64 1  0.76372 (0.02724) 0.23641 (0.02734)
65 1  0.75353 (0.02653) 0.24661 (0.02662)
66 1  0.74307 (0.02581) 0.25707 (0.02590)
67 1  0.73236 (0.02512) 0.26779 (0.02521)
68 1  0.72140 (0.02448) 0.27876 (0.02456)
69 1  0.71020 (0.02385) 0.28996 (0.02651)
70 1  0.69879 (0.02351) 0.30139 (0.02358)
71 1  0.68716 (0.02325) 0.31302 (0.02332)
72 1  0.67535 (0.02318) 0.32484 (0.02324)
73 1  0.66336 (0.02333) 0.33682 (0.02339)
74 1  0.65122 (0.02372) 0.34898 (0.02377)
75 1  0.63895 (0.02435) 0.36126 (0.02439)
76 1  0.62656 (0.02530) 0.37364 (0.02597)
77 1  0.61409 (0.02625) 0.38614 (0.02628)
78 1  0.60154 (0.02747) 0.39868 (0.02750)
79 1  0.58894 (0.02883) 0.41129 (0.02886)
80 1  0.57632 (0.03030) 0.42391 (0.03032)
81 1  0.56370 (0.03184) 0.43655 (0.03186)
82 1  0.55110 (0.03342) 0.44917 (0.03344)
83 1  0.53854 (0.03503) 0.46172 (0.03505)
84 1  0.52603 (0.03666) 0.47424 (0.03668)
85 1  0.51361 (0.03832) 0.48668 (0.03833)
86 1  0.50128 (0.04001) 0.49900 (0.04002)
87 1  0.48906 (0.03768) 0.51120 (0.09806)
88 1  0.47697 (0.04372) 0.52330 (0.04372)
89 1  0.46502 (0.04586) 0.53525 (0.04586)
90 1  0.45321 (0.04833) 0.54704 (0.04834)
