# Powell
# iter -2*LL p12 p13 p21 p23
1 1 5228.673623941824 0 0.000000000000 0.000000000000 0.000000000000 0.000000000000 0.000000000000 0.000000000000 0.000000000000 0.000000000000
2 2 1610.718856776378 0 4.896419561210 -0.001176385313 -0.660871538235 0.001221722439 2.446034622459 -0.000450040013 -1.007726542190 0.001664641706
3 2 1249.902971157285 0 -2.908595226880 -0.002229528514 -3.637520639429 0.006859189561 0.654109099351 -0.007878356689 -1.179690552198 -0.042117330908
4 3 1084.904510575190 1 -2.836806968320 -0.001186583474 -4.933557439534 0.008687668903 0.288531869926 -0.011409327700 -1.464587763445 -0.044258722350
5 3 1017.320036431297 1 -4.358435159463 0.000105183384 -4.933033551960 0.010043115334 -0.482166873658 -0.028518407741 -0.694578851924 -0.045676448647
6 4 1003.007946065648 1 -4.204680392478 0.001051664887 -5.685684435648 0.012138491070 -0.503526506289 -0.029103075948 -0.301884776566 -0.045744919372
7 4 1002.202517465846 1 -4.242153564897 0.001900942815 -5.798322885322 0.014019077543 -0.511657679691 -0.028893236175 -0.310786190362 -0.045850303143
8 5 988.280846934050 1 -5.964110435235 0.027005117526 -9.239329113894 0.067111256248 -0.761645162720 -0.024641468961 -0.242023107335 -0.049053745930
9 5 987.427909971735 2 -6.114939738838 0.029495338563 -9.712599423523 0.072188306675 -0.791292690254 -0.023741883426 -0.206163003330 -0.049421654426
10 6 987.331948752560 2 -6.195981848424 0.030608529152 -9.917153459654 0.074341265661 -0.804648513598 -0.023463201774 -0.188988758783 -0.049465254456
11 6 987.298889507226 2 -6.224956375644 0.031053601628 -9.986195914047 0.075085750806 -0.809887927119 -0.023417722679 -0.187830319859 -0.049324046579
12 7 987.258494000753 2 -6.257886036705 0.031518751814 -10.059003369900 0.075733859656 -0.807941654241 -0.023504339619 -0.188061487368 -0.049066174415
13 7 987.196682173461 2 -6.293420402356 0.032059101291 -10.136816110220 0.076381797550 -0.792776630578 -0.023838029675 -0.192487663469 -0.048622089948
14 8 987.122008106779 3 -6.334573194958 0.032748779342 -10.235568963000 0.077278338953 -0.761422015393 -0.024411007185 -0.203980269927 -0.048008292404
15 8 987.030126130038 3 -6.383936358038 0.033589006546 -10.365725269160 0.078547115492 -0.705529761590 -0.025297198797 -0.228988044203 -0.047177430520
16 9 986.918405019207 3 -6.433850470996 0.034389196832 -10.518178564760 0.080041897265 -0.614711856187 -0.026644941669 -0.270705785456 -0.046099548600
17 9 986.796109964715 3 -6.462755694496 0.034810765270 -10.665764234311 0.081401959897 -0.486826597838 -0.028540540534 -0.323087685335 -0.044830985795
18 10 986.661690016518 3 -6.452735785151 0.034690299274 -10.815575043070 0.082663095690 -0.310327305604 -0.031210906860 -0.384199086811 -0.043271366549
19 10 986.505953709532 4 -6.389038370889 0.033942179543 -10.996268957402 0.084184673164 -0.071123737478 -0.034859294616 -0.458399807359 -0.041292163989
20 11 985.670850150551 4 -5.890864642663 0.027336906454 -11.514483894856 0.088977352480 0.855291061497 -0.048773842885 -0.713235931310 -0.035057354349
21 11 984.794756503476 4 -5.368837380695 0.020156231232 -11.852846783767 0.093260249982 1.511293706244 -0.058297738618 -0.891242711679 -0.031764737482
22 12 984.342711508328 4 -5.044354722980 0.015649194471 -12.248927262073 0.098852127589 1.981458640698 -0.064853956502 -1.059480461516 -0.029578635811
23 12 983.743756311365 4 -4.740313603815 0.010578970915 -12.140420589536 0.099398266924 2.009134949424 -0.064997920668 -1.077083043737 -0.031097472616
24 13 983.533522779649 4 -4.729012405544 0.010146797101 -11.824505023152 0.095713595837 1.797065953205 -0.061977027311 -0.989999593807 -0.032669496725
25 13 983.390201927032 4 -4.706257605255 0.009714100116 -11.378239265392 0.090540226835 1.496153039089 -0.057529911139 -0.866770362077 -0.034845875906
26 14 983.350898492503 4 -4.667763849874 0.009151072418 -11.380115786248 0.090644276521 1.534137775551 -0.058059787747 -0.884619312110 -0.034654551363
27 14 982.728437767670 4 -4.335850783168 0.003413954956 -11.181321205864 0.089616213679 1.968444279545 -0.064428671146 -1.207417266478 -0.031547233444
28 15 982.067416365637 5 -4.310159470481 0.003299241749 -11.044594051476 0.087896623021 2.098036125186 -0.066314669514 -1.296321007066 -0.029878844568
29 15 976.501276904271 5 -4.695782708655 0.010804048875 -9.684381069807 0.068839787764 4.402420088539 -0.100862535109 -3.181487874810 0.000349419024
30 16 975.157922378772 5 -5.498594054781 0.021789656930 -8.759948853990 0.057017656925 3.792665454040 -0.092275130052 -3.304648087337 0.000266718700
31 16 974.981853844878 5 -5.711950616767 0.024685775279 -8.681921928401 0.055566306949 3.735128477616 -0.091644672958 -3.363252741025 0.000894635642
32 17 974.918203107631 5 -5.827481111526 0.026143011335 -8.675898020312 0.055270032268 3.732447013531 -0.091794606370 -3.402887232811 0.001421518622
33 17 974.896898303820 5 -5.892896723773 0.026945736237 -8.671751552654 0.055106129857 3.734696721990 -0.091944602292 -3.430186666048 0.001778921838
34 18 974.880505549288 5 -5.987321460740 0.028102042080 -8.663680573412 0.054838821306 3.737855667331 -0.092160529989 -3.475103917750 0.002365205629
35 18 974.862238502172 5 -6.049382418455 0.028950126350 -8.641751909687 0.054398925370 3.763585267034 -0.092632184394 -3.536334595765 0.003177824271
36 19 974.841209965028 5 -6.119238917276 0.029839508094 -8.623901435905 0.054008980415 3.764564669511 -0.092758657830 -3.583832010919 0.003847228170
37 19 974.682657386005 5 -6.377062727915 0.033140760432 -8.548864633123 0.052439302272 3.732807938316 -0.092683028714 -3.808053203818 0.007035115729
38 20 973.740652569125 6 -6.941605421628 0.040446736207 -8.349514402395 0.048574610225 3.437136307933 -0.089067007532 -4.600984008037 0.018291523799
39 20 970.174269498386 6 -7.481641575109 0.047669819716 -8.060779015780 0.043956875281 2.228341997562 -0.071512083119 -6.628531799674 0.046534355951
40 21 968.318741304161 6 -7.123725114944 0.042641024214 -8.219915849774 0.047404766062 1.925841765636 -0.066416024670 -6.963228780042 0.050236592795
41 21 966.439269748695 6 -6.393306577206 0.033241826448 -8.615854775024 0.054862247597 1.107193405746 -0.053054697947 -7.739223495507 0.059082505511
42 22 966.364037997729 6 -6.393641673045 0.033405725739 -8.496375999907 0.053123646571 1.201130155624 -0.054514831881 -7.978838893120 0.062050404827
43 22 966.343832387059 6 -6.403413862613 0.033727651702 -8.442094838612 0.052267215753 1.283323245002 -0.055673023933 -8.170189612966 0.064599230023
44 23 966.343499299953 6 -6.400637817927 0.033707399643 -8.438008073200 0.052194187828 1.286527483686 -0.055715155891 -8.151722283857 0.064375481679
45 23 966.343398142833 6 -6.398284395789 0.033689660882 -8.434329092241 0.052151465014 1.287894738092 -0.055727708949 -8.141707491285 0.064248038674
46 24 966.343394302690 6 -6.399715405542 0.033708239354 -8.433786169850 0.052145907753 1.287369390640 -0.055721043365 -8.141032832715 0.064238376387
47 24 966.343393342895 7 -6.400321114138 0.033717600473 -8.433089593838 0.052136204110 1.287585577418 -0.055724179900 -8.142357477164 0.064255701581
48 25 966.343393340019 7 -6.400313794751 0.033717526234 -8.433073129548 0.052136035121 1.287536202577 -0.055723426559 -8.142377316552 0.064255940914
49 25 966.343393339480 7 -6.400320464222 0.033717586396 -8.433076578820 0.052136082078 1.287518376518 -0.055723177405 -8.142407110017 0.064256316417
50 26 966.343393339479 7 -6.400320422080 0.033717585718 -8.433076628381 0.052136082791 1.287518332628 -0.055723176770 -8.142406977233 0.064256314650
