# BEMadl.txt
#IMaCh version 0.99r45, April 2023,INED-EUROREVES-Institut de longevite-Japan Society for the Promotion of Science (Grant-in-Aid for Scientific Research 25293121), Intel Software 2015-2020, Nihon University 2021-202, INED 2000-2022
#$Revision: 1.353 $ $Date: 2023/05/08 18:48:22 $
# Tue Feb 04 22:03:38 2025
# Forward period (stable) prevalence. Precision given by ftolpl=0.0006 
#Age 1-1 2-2 
#************
#Age   1-1     2-2   Total Years_to_converge
50  0.94237 0.05766 1.000 25
51  0.93975 0.06028 1.000 25
52  0.93702 0.06301 1.000 25
53  0.93419 0.06584 1.000 25
54  0.93125 0.06878 1.000 25
55  0.92821 0.07183 1.000 25
56  0.92505 0.07500 1.000 25
57  0.92177 0.07827 1.000 25
58  0.91838 0.08166 1.000 25
59  0.91488 0.08517 1.000 25
60  0.91125 0.08880 1.000 25
61  0.90751 0.09254 1.000 25
62  0.90364 0.09641 1.000 25
63  0.89965 0.10040 1.000 25
64  0.89554 0.10451 1.000 25
65  0.89130 0.10876 1.000 25
66  0.88694 0.11312 1.000 25
67  0.88246 0.11761 1.000 25
68  0.87785 0.12222 1.000 25
69  0.87311 0.12695 1.000 25
70  0.86826 0.13181 1.000 25
71  0.86327 0.13681 1.000 24
72  0.85817 0.14191 1.000 24
73  0.85294 0.14714 1.000 24
74  0.84759 0.15249 1.000 24
75  0.84211 0.15798 1.000 24
76  0.83651 0.16358 1.000 24
77  0.83079 0.16930 1.000 24
78  0.82495 0.17516 1.000 23
79  0.81898 0.18112 1.000 23
80  0.81288 0.18722 1.000 23
81  0.80666 0.19345 1.000 23
82  0.80031 0.19980 1.000 23
83  0.79382 0.20629 1.000 23
84  0.78719 0.21293 1.000 22
85  0.78042 0.21969 1.000 22
86  0.77350 0.22663 1.000 22
87  0.76642 0.23371 1.000 22
88  0.75916 0.24096 1.000 22
89  0.75173 0.24841 1.000 21
90  0.74410 0.25603 1.000 21
