# BEMadl.txt
#IMaCh version 0.99r45, April 2023,INED-EUROREVES-Institut de longevite-Japan Society for the Promotion of Science (Grant-in-Aid for Scientific Research 25293121), Intel Software 2015-2020, Nihon University 2021-202, INED 2000-2022
#$Revision: 1.353 $ $Date: 2023/05/08 18:48:22 $
# Tue Feb 04 22:03:38 2025
# probabilities of dying before estepm=6 months for people of exact age and weighted probabilities w1*p1j+w2*p2j+... stand dev in()
# Selected quantitative variables and dummies
# Age cov=1 p.3 SE w1 p13 w2 p23
 50 1   1.491e-003  4.438e-004  9.424e-001  9.004e-004   5.766e-002  1.114e-002 
 51 1   1.656e-003  4.755e-004  9.397e-001  1.000e-003   6.028e-002  1.188e-002 
 52 1   1.839e-003  5.087e-004  9.370e-001  1.111e-003   6.301e-002  1.266e-002 
 53 1   2.042e-003  5.436e-004  9.342e-001  1.235e-003   6.584e-002  1.350e-002 
 54 1   2.267e-003  5.800e-004  9.313e-001  1.372e-003   6.878e-002  1.439e-002 
 55 1   2.516e-003  6.178e-004  9.282e-001  1.524e-003   7.183e-002  1.534e-002 
 56 1   2.792e-003  6.572e-004  9.250e-001  1.692e-003   7.500e-002  1.635e-002 
 57 1   3.096e-003  6.979e-004  9.218e-001  1.880e-003   7.827e-002  1.742e-002 
 58 1   3.434e-003  7.399e-004  9.184e-001  2.088e-003   8.166e-002  1.856e-002 
 59 1   3.806e-003  7.831e-004  9.149e-001  2.319e-003   8.517e-002  1.978e-002 
 60 1   4.218e-003  8.275e-004  9.113e-001  2.575e-003   8.880e-002  2.108e-002 
 61 1   4.673e-003  8.729e-004  9.075e-001  2.860e-003   9.254e-002  2.245e-002 
 62 1   5.176e-003  9.192e-004  9.036e-001  3.176e-003   9.641e-002  2.392e-002 
 63 1   5.730e-003  9.665e-004  8.997e-001  3.526e-003   1.004e-001  2.547e-002 
 64 1   6.342e-003  1.015e-003  8.955e-001  3.915e-003   1.045e-001  2.713e-002 
 65 1   7.016e-003  1.062e-003  8.913e-001  4.346e-003   1.088e-001  2.889e-002 
 66 1   7.759e-003  1.115e-003  8.869e-001  4.825e-003   1.131e-001  3.076e-002 
 67 1   8.577e-003  1.168e-003  8.825e-001  5.356e-003   1.176e-001  3.275e-002 
 68 1   9.478e-003  1.223e-003  8.778e-001  5.944e-003   1.222e-001  3.486e-002 
 69 1   1.047e-002  1.282e-003  8.731e-001  6.596e-003   1.270e-001  3.710e-002 
 70 1   1.156e-002  1.347e-003  8.683e-001  7.319e-003   1.318e-001  3.948e-002 
 71 1   1.276e-002  1.420e-003  8.633e-001  8.120e-003   1.368e-001  4.200e-002 
 72 1   1.407e-002  1.503e-003  8.582e-001  9.008e-003   1.419e-001  4.468e-002 
 73 1   1.551e-002  1.601e-003  8.529e-001  9.991e-003   1.471e-001  4.751e-002 
 74 1   1.710e-002  1.718e-003  8.476e-001  1.108e-002   1.525e-001  5.052e-002 
 75 1   1.883e-002  1.860e-003  8.421e-001  1.229e-002   1.580e-001  5.371e-002 
 76 1   2.073e-002  2.032e-003  8.365e-001  1.362e-002   1.636e-001  5.709e-002 
 77 1   2.281e-002  2.242e-003  8.308e-001  1.509e-002   1.693e-001  6.066e-002 
 78 1   2.509e-002  2.497e-003  8.249e-001  1.673e-002   1.752e-001  6.445e-002 
 79 1   2.757e-002  2.804e-003  8.190e-001  1.853e-002   1.811e-001  6.845e-002 
 80 1   3.029e-002  3.170e-003  8.129e-001  2.052e-002   1.872e-001  7.268e-002 
 81 1   3.325e-002  3.604e-003  8.067e-001  2.272e-002   1.935e-001  7.715e-002 
 82 1   3.648e-002  4.113e-003  8.003e-001  2.515e-002   1.998e-001  8.186e-002 
 83 1   4.000e-002  4.708e-003  7.938e-001  2.782e-002   2.063e-001  8.684e-002 
 84 1   4.384e-002  5.395e-003  7.872e-001  3.077e-002   2.129e-001  9.209e-002 
 85 1   4.800e-002  6.186e-003  7.804e-001  3.402e-002   2.197e-001  9.763e-002 
 86 1   5.253e-002  7.090e-003  7.735e-001  3.760e-002   2.266e-001  1.035e-001 
 87 1   5.744e-002  8.119e-003  7.664e-001  4.153e-002   2.337e-001  1.096e-001 
 88 1   6.277e-002  9.411e-003  7.592e-001  4.585e-002   2.410e-001  1.160e-001 
 89 1   6.854e-002  1.060e-002  7.517e-001  5.059e-002   2.484e-001  1.228e-001 
 90 1   7.478e-002  1.207e-002  7.441e-001  5.579e-002   2.560e-001  1.299e-001 
