# BEMadl.txt
#IMaCh version 0.99r45, April 2023,INED-EUROREVES-Institut de longevite-Japan Society for the Promotion of Science (Grant-in-Aid for Scientific Research 25293121), Intel Software 2015-2020, Nihon University 2021-202, INED 2000-2022
#$Revision: 1.353 $ $Date: 2023/05/08 18:48:22 $
# Tue Feb 04 22:03:38 2025
#One-step probabilities and stand. devi in ()
# Age p1-1 (SE) p1-2 (SE) p1-3 (SE) p2-1 (SE) p2-2 (SE) p2-3 (SE)
50  9.875e-001 ( 2.389e-003)  1.160e-002 ( 2.405e-003)  9.004e-004 ( 4.173e-004)  1.576e-001 ( 3.194e-002)  8.312e-001 ( 3.217e-002)  1.114e-002 ( 5.677e-003) 
51  9.869e-001 ( 2.391e-003)  1.211e-002 ( 2.405e-003)  1.000e-003 ( 4.477e-004)  1.563e-001 ( 3.043e-002)  8.318e-001 ( 3.071e-002)  1.188e-002 ( 5.854e-003) 
52  9.863e-001 ( 2.391e-003)  1.264e-002 ( 2.402e-003)  1.111e-003 ( 4.799e-004)  1.550e-001 ( 2.896e-002)  8.324e-001 ( 2.929e-002)  1.266e-002 ( 6.030e-003) 
53  9.856e-001 ( 2.387e-003)  1.318e-002 ( 2.397e-003)  1.235e-003 ( 5.137e-004)  1.536e-001 ( 2.753e-002)  8.329e-001 ( 2.792e-002)  1.350e-002 ( 6.204e-003) 
54  9.849e-001 ( 2.382e-003)  1.376e-002 ( 2.388e-003)  1.372e-003 ( 5.493e-004)  1.523e-001 ( 2.614e-002)  8.333e-001 ( 2.659e-002)  1.439e-002 ( 6.377e-003) 
55  9.841e-001 ( 2.374e-003)  1.435e-002 ( 2.376e-003)  1.524e-003 ( 5.866e-004)  1.510e-001 ( 2.480e-002)  8.337e-001 ( 2.532e-002)  1.534e-002 ( 6.546e-003) 
56  9.833e-001 ( 2.365e-003)  1.497e-002 ( 2.362e-003)  1.692e-003 ( 6.256e-004)  1.497e-001 ( 2.351e-002)  8.340e-001 ( 2.410e-002)  1.635e-002 ( 6.712e-003) 
57  9.825e-001 ( 2.354e-003)  1.562e-002 ( 2.345e-003)  1.880e-003 ( 6.663e-004)  1.483e-001 ( 2.227e-002)  8.343e-001 ( 2.294e-002)  1.742e-002 ( 6.873e-003) 
58  9.816e-001 ( 2.342e-003)  1.630e-002 ( 2.327e-003)  2.088e-003 ( 7.087e-004)  1.470e-001 ( 2.109e-002)  8.344e-001 ( 2.185e-002)  1.856e-002 ( 7.029e-003) 
59  9.807e-001 ( 2.331e-003)  1.700e-002 ( 2.307e-003)  2.319e-003 ( 7.527e-004)  1.457e-001 ( 1.997e-002)  8.345e-001 ( 2.083e-002)  1.978e-002 ( 7.179e-003) 
60  9.797e-001 ( 2.321e-003)  1.773e-002 ( 2.288e-003)  2.575e-003 ( 7.982e-004)  1.443e-001 ( 1.892e-002)  8.346e-001 ( 1.988e-002)  2.108e-002 ( 7.323e-003) 
61  9.786e-001 ( 2.313e-003)  1.849e-002 ( 2.270e-003)  2.860e-003 ( 8.454e-004)  1.430e-001 ( 1.795e-002)  8.345e-001 ( 1.901e-002)  2.245e-002 ( 7.459e-003) 
62  9.775e-001 ( 2.309e-003)  1.929e-002 ( 2.255e-003)  3.176e-003 ( 8.940e-004)  1.417e-001 ( 1.707e-002)  8.344e-001 ( 1.822e-002)  2.392e-002 ( 7.587e-003) 
63  9.764e-001 ( 2.312e-003)  2.011e-002 ( 2.246e-003)  3.526e-003 ( 9.442e-004)  1.404e-001 ( 1.628e-002)  8.342e-001 ( 1.753e-002)  2.547e-002 ( 7.708e-003) 
64  9.751e-001 ( 2.322e-003)  2.097e-002 ( 2.244e-003)  3.915e-003 ( 9.961e-004)  1.390e-001 ( 1.559e-002)  8.339e-001 ( 1.693e-002)  2.713e-002 ( 7.821e-003) 
65  9.738e-001 ( 2.344e-003)  2.187e-002 ( 2.252e-003)  4.346e-003 ( 1.050e-003)  1.377e-001 ( 1.501e-002)  8.334e-001 ( 1.644e-002)  2.889e-002 ( 7.926e-003) 
66  9.724e-001 ( 2.379e-003)  2.280e-002 ( 2.275e-003)  4.825e-003 ( 1.106e-003)  1.363e-001 ( 1.454e-002)  8.329e-001 ( 1.605e-002)  3.076e-002 ( 8.027e-003) 
67  9.709e-001 ( 2.431e-003)  2.377e-002 ( 2.315e-003)  5.356e-003 ( 1.165e-003)  1.350e-001 ( 1.420e-002)  8.323e-001 ( 1.577e-002)  3.275e-002 ( 8.123e-003) 
68  9.693e-001 ( 2.503e-003)  2.478e-002 ( 2.377e-003)  5.944e-003 ( 1.227e-003)  1.336e-001 ( 1.398e-002)  8.315e-001 ( 1.560e-002)  3.486e-002 ( 8.219e-003) 
69  9.676e-001 ( 2.599e-003)  2.583e-002 ( 2.464e-003)  6.596e-003 ( 1.295e-003)  1.323e-001 ( 1.388e-002)  8.306e-001 ( 1.553e-002)  3.710e-002 ( 8.319e-003) 
70  9.658e-001 ( 2.720e-003)  2.692e-002 ( 2.579e-003)  7.319e-003 ( 1.370e-003)  1.309e-001 ( 1.390e-002)  8.296e-001 ( 1.557e-002)  3.948e-002 ( 8.429e-003) 
71  9.638e-001 ( 2.871e-003)  2.805e-002 ( 2.725e-003)  8.120e-003 ( 1.455e-003)  1.295e-001 ( 1.403e-002)  8.285e-001 ( 1.571e-002)  4.200e-002 ( 8.556e-003) 
72  9.618e-001 ( 3.054e-003)  2.922e-002 ( 2.905e-003)  9.008e-003 ( 1.553e-003)  1.281e-001 ( 1.427e-002)  8.272e-001 ( 1.594e-002)  4.468e-002 ( 8.711e-003) 
73  9.596e-001 ( 3.272e-003)  3.044e-002 ( 3.119e-003)  9.991e-003 ( 1.670e-003)  1.267e-001 ( 1.460e-002)  8.258e-001 ( 1.627e-002)  4.751e-002 ( 8.905e-003) 
74  9.572e-001 ( 3.527e-003)  3.171e-002 ( 3.369e-003)  1.108e-002 ( 1.811e-003)  1.253e-001 ( 1.500e-002)  8.241e-001 ( 1.668e-002)  5.052e-002 ( 9.154e-003) 
75  9.547e-001 ( 3.824e-003)  3.302e-002 ( 3.656e-003)  1.229e-002 ( 1.983e-003)  1.239e-001 ( 1.548e-002)  8.224e-001 ( 1.718e-002)  5.371e-002 ( 9.473e-003) 
76  9.520e-001 ( 4.163e-003)  3.438e-002 ( 3.980e-003)  1.362e-002 ( 2.194e-003)  1.225e-001 ( 1.601e-002)  8.204e-001 ( 1.775e-002)  5.709e-002 ( 9.879e-003) 
77  9.491e-001 ( 4.551e-003)  3.579e-002 ( 4.342e-003)  1.509e-002 ( 2.453e-003)  1.211e-001 ( 1.658e-002)  8.183e-001 ( 1.841e-002)  6.066e-002 ( 1.039e-002) 
78  9.460e-001 ( 4.990e-003)  3.724e-002 ( 4.741e-003)  1.673e-002 ( 2.769e-003)  1.196e-001 ( 1.719e-002)  8.160e-001 ( 1.915e-002)  6.445e-002 ( 1.103e-002) 
79  9.427e-001 ( 5.487e-003)  3.875e-002 ( 5.179e-003)  1.853e-002 ( 3.153e-003)  1.181e-001 ( 1.783e-002)  8.134e-001 ( 1.997e-002)  6.845e-002 ( 1.181e-002) 
80  9.392e-001 ( 6.047e-003)  4.031e-002 ( 5.656e-003)  2.052e-002 ( 3.615e-003)  1.167e-001 ( 1.849e-002)  8.107e-001 ( 2.089e-002)  7.268e-002 ( 1.275e-002) 
81  9.354e-001 ( 6.678e-003)  4.192e-002 ( 6.173e-003)  2.272e-002 ( 4.167e-003)  1.152e-001 ( 1.916e-002)  8.077e-001 ( 2.190e-002)  7.715e-002 ( 1.385e-002) 
82  9.313e-001 ( 7.387e-003)  4.357e-002 ( 6.729e-003)  2.515e-002 ( 4.821e-003)  1.137e-001 ( 1.983e-002)  8.045e-001 ( 2.301e-002)  8.186e-002 ( 1.514e-002) 
83  9.269e-001 ( 8.186e-003)  4.528e-002 ( 7.327e-003)  2.782e-002 ( 5.591e-003)  1.121e-001 ( 2.051e-002)  8.010e-001 ( 2.424e-002)  8.684e-002 ( 1.662e-002) 
84  9.222e-001 ( 9.085e-003)  4.704e-002 ( 7.966e-003)  3.077e-002 ( 6.490e-003)  1.106e-001 ( 2.119e-002)  7.973e-001 ( 2.560e-002)  9.209e-002 ( 1.830e-002) 
85  9.171e-001 ( 1.010e-002)  4.885e-002 ( 8.647e-003)  3.402e-002 ( 7.535e-003)  1.090e-001 ( 2.186e-002)  7.933e-001 ( 2.709e-002)  9.763e-002 ( 2.019e-002) 
86  9.117e-001 ( 1.123e-002)  5.070e-002 ( 9.372e-003)  3.760e-002 ( 8.742e-003)  1.075e-001 ( 2.252e-002)  7.891e-001 ( 2.873e-002)  1.035e-001 ( 2.229e-002) 
87  9.059e-001 ( 1.252e-002)  5.260e-002 ( 1.014e-002)  4.153e-002 ( 1.013e-002)  1.059e-001 ( 2.316e-002)  7.845e-001 ( 3.053e-002)  1.096e-001 ( 2.461e-002) 
88  8.996e-001 ( 1.395e-002)  5.454e-002 ( 1.095e-002)  4.585e-002 ( 1.172e-002)  1.042e-001 ( 2.380e-002)  7.797e-001 ( 3.250e-002)  1.160e-001 ( 2.716e-002) 
89  8.929e-001 ( 1.557e-002)  5.652e-002 ( 1.181e-002)  5.059e-002 ( 1.353e-002)  1.026e-001 ( 2.442e-002)  7.746e-001 ( 3.467e-002)  1.228e-001 ( 2.994e-002) 
90  8.857e-001 ( 1.738e-002)  5.854e-002 ( 1.272e-002)  5.579e-002 ( 1.558e-002)  1.010e-001 ( 2.502e-002)  7.691e-001 ( 3.702e-002)  1.299e-001 ( 3.295e-002) 