
#****** ******
# BEMadl.txt
#IMaCh version 0.99r45, April 2023,INED-EUROREVES-Institut de longevite-Japan Society for the Promotion of Science (Grant-in-Aid for Scientific Research 25293121), Intel Software 2015-2020, Nihon University 2021-202, INED 2000-2022
#$Revision: 1.353 $ $Date: 2023/05/08 18:48:22 $
# Tue Feb 04 22:03:38 2025
# Health expectancies with standard errors
# Age e11 (SE) e12 (SE) e1.  e21 (SE) e22 (SE) e2. 
 50   26.9292 (0.8810)    3.7471 (0.3604)   30.6763 (0.9461)   22.7953 (1.4612)    6.0324 (0.6082)   28.8277 (1.4822)
 51   26.0819 (0.8671)    3.6947 (0.3564)   29.7766 (0.9335)   21.9078 (1.4217)    5.9684 (0.5891)   27.8761 (1.4595)
 52   25.2437 (0.8535)    3.6406 (0.3527)   28.8843 (0.9209)   21.0319 (1.3816)    5.9014 (0.5709)   26.9334 (1.4349)
 53   24.4151 (0.8401)    3.5850 (0.3493)   28.0001 (0.9083)   20.1686 (1.3411)    5.8316 (0.5537)   26.0002 (1.4087)
 54   23.5965 (0.8271)    3.5277 (0.3461)   27.1243 (0.8959)   19.3184 (1.3004)    5.7589 (0.5374)   25.0773 (1.3808)
 55   22.7885 (0.8145)    3.4689 (0.3432)   26.2574 (0.8837)   18.4821 (1.2596)    5.6833 (0.5221)   24.1654 (1.3514)
 56   21.9915 (0.8023)    3.4085 (0.3406)   25.4000 (0.8718)   17.6605 (1.2189)    5.6049 (0.5077)   23.2654 (1.3208)
 57   21.2058 (0.7906)    3.3466 (0.3381)   24.5524 (0.8604)   16.8542 (1.1787)    5.5237 (0.4943)   22.3779 (1.2890)
 58   20.4321 (0.7795)    3.2832 (0.3359)   23.7153 (0.8494)   16.0640 (1.1390)    5.4398 (0.4818)   21.5038 (1.2563)
 59   19.6707 (0.7689)    3.2183 (0.3340)   22.8891 (0.8390)   15.2906 (1.1002)    5.3532 (0.4701)   20.6438 (1.2230)
 60   18.9222 (0.7590)    3.1521 (0.3322)   22.0743 (0.8292)   14.5348 (1.0624)    5.2640 (0.4593)   19.7988 (1.1893)
 61   18.1869 (0.7497)    3.0845 (0.3307)   21.2714 (0.8201)   13.7971 (1.0260)    5.1724 (0.4493)   18.9694 (1.1555)
 62   17.4654 (0.7410)    3.0156 (0.3293)   20.4810 (0.8118)   13.0782 (0.9909)    5.0784 (0.4400)   18.1566 (1.1218)
 63   16.7580 (0.7329)    2.9455 (0.3280)   19.7035 (0.8042)   12.3787 (0.9575)    4.9821 (0.4314)   17.3609 (1.0885)
 64   16.0652 (0.7256)    2.8743 (0.3269)   18.9395 (0.7976)   11.6993 (0.9258)    4.8838 (0.4235)   16.5831 (1.0559)
 65   15.3873 (0.7188)    2.8021 (0.3259)   18.1894 (0.7918)   11.0404 (0.8960)    4.7835 (0.4161)   15.8239 (1.0244)
 66   14.7248 (0.7126)    2.7290 (0.3251)   17.4537 (0.7869)   10.4025 (0.8680)    4.6814 (0.4094)   15.0839 (0.9941)
 67   14.0779 (0.7070)    2.6550 (0.3243)   16.7329 (0.7829)    9.7860 (0.8419)    4.5777 (0.4032)   14.3637 (0.9652)
 68   13.4472 (0.7019)    2.5803 (0.3235)   16.0274 (0.7797)    9.1913 (0.8177)    4.4726 (0.3977)   13.6639 (0.9381)
 69   12.8327 (0.6973)    2.5050 (0.3229)   15.3377 (0.7773)    8.6187 (0.7951)    4.3663 (0.3927)   12.9850 (0.9128)
 70   12.2349 (0.6931)    2.4292 (0.3222)   14.6641 (0.7757)    8.0685 (0.7741)    4.2589 (0.3883)   12.3274 (0.8895)
 71   11.6540 (0.6892)    2.3530 (0.3215)   14.0070 (0.7747)    7.5408 (0.7545)    4.1506 (0.3845)   11.6914 (0.8683)
 72   11.0902 (0.6857)    2.2766 (0.3208)   13.3668 (0.7744)    7.0356 (0.7362)    4.0418 (0.3813)   11.0774 (0.8491)
 73   10.5436 (0.6823)    2.2001 (0.3201)   12.7437 (0.7746)    6.5531 (0.7187)    3.9325 (0.3788)   10.4856 (0.8319)
 74   10.0144 (0.6791)    2.1236 (0.3193)   12.1380 (0.7751)    6.0932 (0.7020)    3.8230 (0.3769)    9.9162 (0.8166)
 75    9.5027 (0.6761)    2.0473 (0.3185)   11.5501 (0.7760)    5.6556 (0.6858)    3.7136 (0.3757)    9.3692 (0.8030)
 76    9.0086 (0.6730)    1.9713 (0.3175)   10.9800 (0.7771)    5.2404 (0.6699)    3.6043 (0.3752)    8.8447 (0.7911)
 77    8.5321 (0.6700)    1.8958 (0.3164)   10.4279 (0.7782)    4.8471 (0.6541)    3.4956 (0.3754)    8.3427 (0.7806)
 78    8.0732 (0.6668)    1.8209 (0.3151)    9.8941 (0.7794)    4.4755 (0.6381)    3.3874 (0.3762)    7.8629 (0.7712)
 79    7.6317 (0.6635)    1.7467 (0.3137)    9.3784 (0.7803)    4.1251 (0.6219)    3.2801 (0.3777)    7.4052 (0.7627)
 80    7.2077 (0.6599)    1.6733 (0.3121)    8.8811 (0.7810)    3.7954 (0.6054)    3.1739 (0.3797)    6.9693 (0.7550)
 81    6.8010 (0.6561)    1.6010 (0.3102)    8.4020 (0.7814)    3.4860 (0.5884)    3.0688 (0.3822)    6.5549 (0.7478)
 82    6.4114 (0.6520)    1.5297 (0.3082)    7.9412 (0.7812)    3.1963 (0.5710)    2.9652 (0.3852)    6.1615 (0.7408)
 83    6.0387 (0.6475)    1.4597 (0.3059)    7.4985 (0.7805)    2.9256 (0.5530)    2.8631 (0.3885)    5.7887 (0.7340)
 84    5.6827 (0.6426)    1.3911 (0.3033)    7.0738 (0.7792)    2.6733 (0.5345)    2.7627 (0.3922)    5.4360 (0.7271)
 85    5.3430 (0.6372)    1.3240 (0.3005)    6.6670 (0.7771)    2.4387 (0.5155)    2.6642 (0.3960)    5.1029 (0.7200)
 86    5.0195 (0.6314)    1.2584 (0.2973)    6.2778 (0.7743)    2.2210 (0.4961)    2.5677 (0.3999)    4.7887 (0.7127)
 87    4.7116 (0.6250)    1.1945 (0.2939)    5.9061 (0.7706)    2.0194 (0.4764)    2.4733 (0.4038)    4.4927 (0.7051)
 88    4.4192 (0.6180)    1.1323 (0.2902)    5.5514 (0.7660)    1.8333 (0.4563)    2.3810 (0.4076)    4.2143 (0.6971)
 89    4.1417 (0.6104)    1.0719 (0.2862)    5.2136 (0.7604)    1.6618 (0.4361)    2.2911 (0.4112)    3.9529 (0.6887)
 90    3.8788 (0.6022)    1.0135 (0.2819)    4.8923 (0.7538)    1.5041 (0.4158)    2.2035 (0.4146)    3.7076 (0.6798)
