
# model  
#****** Result for:******
# BEMadl.txt
#IMaCh version 0.99r45, April 2023,INED-EUROREVES-Institut de longevite-Japan Society for the Promotion of Science (Grant-in-Aid for Scientific Research 25293121), Intel Software 2015-2020, Nihon University 2021-202, INED 2000-2022
#$Revision: 1.353 $ $Date: 2023/05/08 18:48:22 $
# Tue Feb 04 22:03:38 2025
# Total life expectancy with std error and decomposition into time to be expected in each health state
#  (weighted average of eij where weights are the age specific forward period (stable) prevalences in each health state 
# Age popbased mobilav e.. (std) e.1 (std) e.2 (std) 
   50 0 0  30.571 (  0.962)  26.692 (  0.909)   3.879 (  0.378)
   51 0 0  29.663 (  0.949)  25.831 (  0.894)   3.832 (  0.373)
   52 0 0  28.762 (  0.936)  24.979 (  0.880)   3.783 (  0.368)
   53 0 0  27.869 (  0.923)  24.136 (  0.866)   3.733 (  0.364)
   54 0 0  26.985 (  0.910)  23.303 (  0.851)   3.681 (  0.360)
   55 0 0  26.108 (  0.898)  22.480 (  0.838)   3.628 (  0.357)
   56 0 0  25.241 (  0.885)  21.668 (  0.824)   3.573 (  0.353)
   57 0 0  24.383 (  0.873)  20.866 (  0.812)   3.517 (  0.350)
   58 0 0  23.536 (  0.861)  20.076 (  0.799)   3.459 (  0.348)
   59 0 0  22.699 (  0.850)  19.299 (  0.788)   3.400 (  0.345)
   60 0 0  21.873 (  0.839)  18.534 (  0.776)   3.340 (  0.343)
   61 0 0  21.059 (  0.829)  17.782 (  0.766)   3.278 (  0.341)
   62 0 0  20.258 (  0.820)  17.043 (  0.756)   3.215 (  0.340)
   63 0 0  19.469 (  0.811)  16.319 (  0.748)   3.150 (  0.338)
   64 0 0  18.694 (  0.803)  15.610 (  0.739)   3.084 (  0.337)
   65 0 0  17.933 (  0.797)  14.916 (  0.730)   3.018 (  0.340)
   66 0 0  17.187 (  0.789)  14.237 (  0.725)   2.950 (  0.336)
   67 0 0  16.455 (  0.784)  13.574 (  0.719)   2.881 (  0.335)
   68 0 0  15.740 (  0.779)  12.928 (  0.714)   2.812 (  0.335)
   69 0 0  15.040 (  0.775)  12.299 (  0.709)   2.741 (  0.335)
   70 0 0  14.357 (  0.772)  11.687 (  0.704)   2.670 (  0.335)
   71 0 0  13.691 (  0.769)  11.092 (  0.700)   2.599 (  0.335)
   72 0 0  13.043 (  0.767)  10.516 (  0.696)   2.527 (  0.335)
   73 0 0  12.412 (  0.765)   9.957 (  0.692)   2.455 (  0.336)
   74 0 0  11.800 (  0.763)   9.417 (  0.688)   2.383 (  0.336)
   75 0 0  11.207 (  0.761)   8.896 (  0.684)   2.311 (  0.336)
   76 0 0  10.632 (  0.760)   8.393 (  0.680)   2.239 (  0.337)
   77 0 0  10.076 (  0.758)   7.909 (  0.676)   2.167 (  0.337)
   78 0 0   9.539 (  0.756)   7.444 (  0.671)   2.095 (  0.337)
   79 0 0   9.022 (  0.753)   6.997 (  0.665)   2.025 (  0.337)
   80 0 0   8.524 (  0.750)   6.570 (  0.660)   1.954 (  0.338)
   81 0 0   8.046 (  0.746)   6.161 (  0.653)   1.885 (  0.338)
   82 0 0   7.586 (  0.742)   5.770 (  0.646)   1.817 (  0.338)
   83 0 0   7.147 (  0.736)   5.397 (  0.639)   1.749 (  0.338)
   84 0 0   6.726 (  0.730)   5.043 (  0.631)   1.683 (  0.338)
   85 0 0   6.324 (  0.723)   4.706 (  0.622)   1.619 (  0.337)
   86 0 0   5.941 (  0.715)   4.386 (  0.613)   1.555 (  0.337)
   87 0 0   5.576 (  0.706)   4.083 (  0.603)   1.493 (  0.336)
   88 0 0   5.230 (  0.696)   3.797 (  0.590)   1.433 (  0.342)
   89 0 0   4.901 (  0.685)   3.526 (  0.582)   1.375 (  0.335)
   90 0 0   4.590 (  0.672)   3.271 (  0.571)   1.318 (  0.334)
