
#****** ******
# BEMadl.txt
#IMaCh version 0.99r45, April 2023,INED-EUROREVES-Institut de longevite-Japan Society for the Promotion of Science (Grant-in-Aid for Scientific Research 25293121), Intel Software 2015-2020, Nihon University 2021-202, INED 2000-2022
#$Revision: 1.353 $ $Date: 2023/05/08 18:48:22 $
# Tue Feb 04 22:03:38 2025
# Variance and covariance of health expectancies e.j 
#  (weighted average of eij where weights are the age specific period (stable) prevalences in each health state 
# Age Cov(e.1, e.1) Cov(e.1, e.2) Cov(e.2, e.1) Cov(e.2, e.2)
50  0.8264 -0.0221 -0.0221 0.1425
51  0.8000 -0.0193 -0.0193 0.1390
52  0.7742 -0.0168 -0.0168 0.1357
53  0.7492 -0.0147 -0.0147 0.1326
54  0.7251 -0.0129 -0.0129 0.1298
55  0.7019 -0.0115 -0.0115 0.1272
56  0.6797 -0.0103 -0.0103 0.1249
57  0.6587 -0.0095 -0.0095 0.1228
58  0.6388 -0.0088 -0.0088 0.1209
59  0.6203 -0.0084 -0.0084 0.1192
60  0.6029 -0.0081 -0.0081 0.1177
61  0.5870 -0.0080 -0.0080 0.1165
62  0.5723 -0.0080 -0.0080 0.1154
63  0.5589 -0.0080 -0.0080 0.1145
64  0.5468 -0.0080 -0.0080 0.1138
65  0.5325 -0.0061 -0.0061 0.1155
66  0.5260 -0.0079 -0.0079 0.1128
67  0.5172 -0.0077 -0.0077 0.1125
68  0.5094 -0.0074 -0.0074 0.1123
69  0.5023 -0.0069 -0.0069 0.1122
70  0.4958 -0.0063 -0.0063 0.1122
71  0.4899 -0.0055 -0.0055 0.1123
72  0.4843 -0.0046 -0.0046 0.1124
73  0.4789 -0.0035 -0.0035 0.1126
74  0.4736 -0.0022 -0.0022 0.1128
75  0.4681 -0.0008 -0.0008 0.1130
76  0.4624 0.0006 0.0006 0.1133
77  0.4564 0.0021 0.0021 0.1135
78  0.4499 0.0037 0.0037 0.1137
79  0.4428 0.0052 0.0052 0.1139
80  0.4352 0.0066 0.0066 0.1140
81  0.4269 0.0079 0.0079 0.1141
82  0.4179 0.0090 0.0090 0.1141
83  0.4083 0.0099 0.0099 0.1141
84  0.3981 0.0106 0.0106 0.1140
85  0.3872 0.0109 0.0109 0.1138
86  0.3758 0.0109 0.0109 0.1135
87  0.3639 0.0105 0.0105 0.1132
88  0.3480 0.0094 0.0094 0.1168
89  0.3391 0.0086 0.0086 0.1123
90  0.3263 0.0070 0.0070 0.1118
