# PLMsr.txt
#IMaCh version 0.99r45, April 2023,INED-EUROREVES-Institut de longevite-Japan Society for the Promotion of Science (Grant-in-Aid for Scientific Research 25293121), Intel Software 2015-2020, Nihon University 2021-202, INED 2000-2022
#$Revision: 1.353 $ $Date: 2023/05/08 18:48:22 $
# Tue Feb 04 22:13:35 2025

#****** ******
# (a) Life expectancies by health status at initial age and (b) health expectancies by health status at initial age
# Age e11  e12  e1.  e21  e22  e2. 
 50  12.3016  12.1139  24.4155  10.7759  13.3245  24.1004
 51  11.8378  11.8876  23.7254  10.2533  13.1110  23.3643
 52  11.3868  11.6559  23.0427   9.7430  12.8902  22.6332
 53  10.9490  11.4190  22.3681   9.2455  12.6623  21.9079
 54  10.5248  11.1774  21.7021   8.7614  12.4276  21.1890
 55  10.1143  10.9313  21.0455   8.2909  12.1863  20.4772
 56   9.7177  10.6812  20.3989   7.8345  11.9388  19.7734
 57   9.3352  10.4275  19.7628   7.3927  11.6855  19.0781
 58   8.9670  10.1708  19.1378   6.9656  11.4267  18.3923
 59   8.6129   9.9116  18.5245   6.5535  11.1630  17.7165
 60   8.2732   9.6502  17.9234   6.1568  10.8948  17.0515
 61   7.9478   9.3874  17.3351   5.7755  10.6226  16.3981
 62   7.6365   9.1235  16.7600   5.4097  10.3471  15.7568
 63   7.3392   8.8592  16.1984   5.0596  10.0689  15.1284
 64   7.0559   8.5950  15.6509   4.7250   9.7884  14.5134
 65   6.7862   8.3314  15.1176   4.4060   9.5064  13.9124
 66   6.5300   8.0690  14.5990   4.1024   9.2234  13.3258
 67   6.2869   7.8083  14.0952   3.8141   8.9402  12.7543
 68   6.0566   7.5498  13.6064   3.5408   8.6572  12.1981
 69   5.8388   7.2939  13.1327   3.2823   8.3752  11.6575
 70   5.6331   7.0411  12.6742   3.0383   8.0948  11.1330
 71   5.4390   6.7920  12.2310   2.8083   7.8164  10.6248
 72   5.2563   6.5468  11.8030   2.5921   7.5408  10.1329
 73   5.0843   6.3059  11.3902   2.3892   7.2683   9.6576
 74   4.9227   6.0697  10.9925   2.1992   6.9996   9.1988
 75   4.7711   5.8385  10.6096   2.0214   6.7351   8.7566
 76   4.6289   5.6126  10.2415   1.8556   6.4752   8.3308
 77   4.4957   5.3922   9.8879   1.7012   6.2204   7.9215
 78   4.3710   5.1776   9.5485   1.5575   5.9709   7.5284
 79   4.2543   4.9688   9.2232   1.4242   5.7272   7.1514
 80   4.1453   4.7661   8.9114   1.3007   5.4894   6.7902
 81   4.0434   4.5696   8.6130   1.1865   5.2579   6.4444
 82   3.9483   4.3793   8.3276   1.0810   5.0328   6.1139
 83   3.8594   4.1953   8.0547   0.9838   4.8144   5.7982
 84   3.7765   4.0176   7.7941   0.8943   4.6026   5.4969
 85   3.6991   3.8463   7.5454   0.8120   4.3978   5.2098
 86   3.6268   3.6812   7.3080   0.7366   4.1998   4.9363
 87   3.5592   3.5225   7.0817   0.6674   4.0087   4.6761
 88   3.4961   3.3699   6.8660   0.6042   3.8245   4.4287
 89   3.4371   3.2235   6.6606   0.5464   3.6473   4.1936
 90   3.3819   3.0830   6.4649   0.4936   3.4769   3.9705
