# Powell
# iter -2*LL p12 p13 p21 p23
1 1 1277.561104222175 1 -1.857661500000 0.009290000000 -5.402289700000 0.021810900000 2.016716300000 -0.054929900000 -6.983867400000 0.063302200000
2 2 1222.411129864962 1 -2.149921395564 0.009102908192 -7.264793389502 0.020650068077 1.635086566343 -0.054886895601 -7.663682777728 0.063179427641
3 2 1213.130620990646 1 -2.372044384428 0.009002650134 -6.408230367225 0.020349140963 1.420002720350 -0.054866743361 -7.729135924136 0.063152824831
4 3 1211.570357238341 2 -2.518338151233 0.008913206934 -6.338194457177 0.020056487910 1.336460112705 -0.054821940556 -7.742362788182 0.063138948442
5 3 1211.567157299977 2 -2.515378965661 0.008866409120 -6.335698537129 0.019840577856 1.335619799450 -0.054784208482 -7.740872317947 0.063138694495
6 4 1211.484075172231 3 -2.416508681780 0.007348603402 -5.702786788167 0.009722599858 1.218565815185 -0.053024629243 -7.711374108442 0.062787361972
7 4 1211.483285167531 3 -2.415220820279 0.007326916572 -5.696874497118 0.009793318343 1.219764701445 -0.053017306133 -7.712363980446 0.062783794669
8 5 1211.480568498171 4 -2.395288527723 0.006980705820 -5.728725012491 0.010670739318 1.231927175144 -0.053221373758 -7.720913115695 0.062870473057
9 5 1211.477648352735 4 -2.380736163847 0.006768717965 -5.768974347677 0.011221223405 1.240510376721 -0.053344589180 -7.724800756110 0.062927444117
10 6 1211.475077289052 5 -2.346868798727 0.006266623707 -5.837590144494 0.012104510239 1.255452967524 -0.053557376583 -7.732218410862 0.063038926470
11 6 1211.475073528296 6 -2.347367317985 0.006275074784 -5.836590500404 0.012078392827 1.255245386960 -0.053553686855 -7.731948433116 0.063036001548
12 7 1211.474683954066 6 -2.342762695175 0.006205941779 -5.814454314391 0.011720205702 1.274047163425 -0.053839103504 -7.725068333129 0.062943237314
13 7 1211.474662278098 6 -2.341597937417 0.006190452350 -5.802751399999 0.011524565119 1.273078700500 -0.053823763033 -7.724016562780 0.062930368134
14 8 1211.474662012251 6 -2.341561188724 0.006190021157 -5.802016395931 0.011514449911 1.273017818374 -0.053822783117 -7.724007751698 0.062930190963
15 8 1211.474660916547 6 -2.341470132553 0.006188621667 -5.800517521699 0.011499289844 1.272989076568 -0.053822256968 -7.724550573472 0.062937054757
16 9 1211.474659832062 6 -2.341500523275 0.006189046585 -5.800338166033 0.011495818088 1.273029931374 -0.053822944538 -7.724855328513 0.062941234326
17 9 1211.474656895148 6 -2.341669914394 0.006191602139 -5.798914150866 0.011469165434 1.273239935304 -0.053826306851 -7.726609834316 0.062965361360
18 10 1211.474656893465 7 -2.341658272697 0.006191416208 -5.798868994857 0.011468425167 1.273277950483 -0.053826888433 -7.726595695684 0.062965175149
19 10 1211.474656893455 7 -2.341658336028 0.006191417805 -5.798869511538 0.011468413036 1.273277894643 -0.053826886068 -7.726595850229 0.062965178942
20 11 1211.474656893455 7 -2.341658155630 0.006191415097 -5.798868643517 0.011468398991 1.273278631667 -0.053826897257 -7.726595580488 0.062965175305
