# PLMsr.txt
#IMaCh version 0.99r45, April 2023,INED-EUROREVES-Institut de longevite-Japan Society for the Promotion of Science (Grant-in-Aid for Scientific Research 25293121), Intel Software 2015-2020, Nihon University 2021-202, INED 2000-2022
#$Revision: 1.353 $ $Date: 2023/05/08 18:48:22 $
# Tue Feb 04 22:13:35 2025
#One-step probabilities and correlation matrix
# Age p1-1  p1-2  p1-3  p2-1  p2-2  p2-3 
50  8.799e-001  1.153e-001  4.732e-003  1.934e-001  7.984e-001  8.201e-003 
50 1-1  1.000e+000
50 1-2 -9.853e-001  1.000e+000
50 1-3 -1.084e-001 -6.272e-002  1.000e+000
50 2-1 -4.702e-001  4.701e-001  1.151e-002  1.000e+000
50 2-2  4.687e-001 -4.714e-001  4.754e-003 -9.965e-001  1.000e+000
50 2-3  3.055e-002  2.895e-003 -1.956e-001 -6.719e-002 -1.592e-002  1.000e+000
51  8.793e-001  1.160e-001  4.783e-003  1.850e-001  8.062e-001  8.819e-003 
51 1-1  1.000e+000
51 1-2 -9.851e-001  1.000e+000
51 1-3 -1.069e-001 -6.549e-002  1.000e+000
51 2-1 -4.728e-001  4.728e-001  1.002e-002  1.000e+000
51 2-2  4.709e-001 -4.742e-001  9.271e-003 -9.956e-001  1.000e+000
51 2-3  2.701e-002  8.392e-003 -2.055e-001 -6.106e-002 -3.276e-002  1.000e+000
52  8.786e-001  1.166e-001  4.835e-003  1.769e-001  8.136e-001  9.479e-003 
52 1-1  1.000e+000
52 1-2 -9.849e-001  1.000e+000
52 1-3 -1.050e-001 -6.881e-002  1.000e+000
52 2-1 -4.754e-001  4.754e-001  8.480e-003  1.000e+000
52 2-2  4.730e-001 -4.770e-001  1.444e-002 -9.944e-001  1.000e+000
52 2-3  2.354e-002  1.404e-002 -2.162e-001 -5.531e-002 -5.071e-002  1.000e+000
53  8.779e-001  1.172e-001  4.887e-003  1.691e-001  8.207e-001  1.018e-002 
53 1-1  1.000e+000
53 1-2 -9.846e-001  1.000e+000
53 1-3 -1.028e-001 -7.280e-002  1.000e+000
53 2-1 -4.780e-001  4.780e-001  6.928e-003  1.000e+000
53 2-2  4.750e-001 -4.798e-001  2.036e-002 -9.928e-001  1.000e+000
53 2-3  2.014e-002  1.985e-002 -2.277e-001 -4.994e-002 -6.991e-002  1.000e+000
54  8.772e-001  1.179e-001  4.939e-003  1.616e-001  8.275e-001  1.093e-002 
54 1-1  1.000e+000
54 1-2 -9.842e-001  1.000e+000
54 1-3 -1.001e-001 -7.756e-002  1.000e+000
54 2-1 -4.805e-001  4.805e-001  5.407e-003  1.000e+000
54 2-2  4.767e-001 -4.825e-001  2.710e-002 -9.908e-001  1.000e+000
54 2-3  1.680e-002  2.585e-002 -2.400e-001 -4.499e-002 -9.055e-002  1.000e+000
55  8.765e-001  1.185e-001  4.992e-003  1.543e-001  8.340e-001  1.174e-002 
55 1-1  1.000e+000
55 1-2 -9.837e-001  1.000e+000
55 1-3 -9.708e-002 -8.321e-002  1.000e+000
55 2-1 -4.827e-001  4.826e-001  3.980e-003  1.000e+000
55 2-2  4.779e-001 -4.848e-001  3.474e-002 -9.882e-001  1.000e+000
55 2-3  1.354e-002  3.205e-002 -2.528e-001 -4.050e-002 -1.128e-001  1.000e+000
56  8.758e-001  1.191e-001  5.046e-003  1.473e-001  8.401e-001  1.259e-002 
56 1-1  1.000e+000
56 1-2 -9.832e-001  1.000e+000
56 1-3 -9.365e-002 -8.986e-002  1.000e+000
56 2-1 -4.845e-001  4.842e-001  2.742e-003  1.000e+000
56 2-2  4.785e-001 -4.866e-001  4.329e-002 -9.850e-001  1.000e+000
56 2-3  1.038e-002  3.845e-002 -2.661e-001 -3.651e-002 -1.367e-001  1.000e+000
57  8.751e-001  1.198e-001  5.100e-003  1.406e-001  8.459e-001  1.350e-002 
57 1-1  1.000e+000
57 1-2 -9.824e-001  1.000e+000
57 1-3 -8.988e-002 -9.758e-002  1.000e+000
57 2-1 -4.857e-001  4.850e-001  1.813e-003  1.000e+000
57 2-2  4.781e-001 -4.876e-001  5.273e-002 -9.808e-001  1.000e+000
57 2-3  7.328e-003  4.503e-002 -2.794e-001 -3.307e-002 -1.625e-001  1.000e+000
58  8.744e-001  1.204e-001  5.154e-003  1.341e-001  8.515e-001  1.447e-002 
58 1-1  1.000e+000
58 1-2 -9.815e-001  1.000e+000
58 1-3 -8.589e-002 -1.064e-001  1.000e+000
58 2-1 -4.859e-001  4.846e-001  1.344e-003  1.000e+000
58 2-2  4.763e-001 -4.874e-001  6.293e-002 -9.756e-001  1.000e+000
58 2-3  4.424e-003  5.176e-002 -2.924e-001 -3.024e-002 -1.900e-001  1.000e+000
59  8.737e-001  1.211e-001  5.210e-003  1.278e-001  8.567e-001  1.551e-002 
59 1-1  1.000e+000
59 1-2 -9.804e-001  1.000e+000
59 1-3 -8.187e-002 -1.162e-001  1.000e+000
59 2-1 -4.846e-001  4.827e-001  1.507e-003  1.000e+000
59 2-2  4.726e-001 -4.856e-001  7.362e-002 -9.692e-001  1.000e+000
59 2-3  1.712e-003  5.854e-002 -3.046e-001 -2.810e-002 -2.191e-001  1.000e+000
60  8.730e-001  1.217e-001  5.266e-003  1.218e-001  8.616e-001  1.661e-002 
60 1-1  1.000e+000
60 1-2 -9.790e-001  1.000e+000
60 1-3 -7.809e-002 -1.268e-001  1.000e+000
60 2-1 -4.815e-001  4.786e-001  2.476e-003  1.000e+000
60 2-2  4.667e-001 -4.816e-001  8.441e-002 -9.614e-001  1.000e+000
60 2-3 -7.450e-004  6.524e-002 -3.155e-001 -2.671e-002 -2.493e-001  1.000e+000
61  8.723e-001  1.224e-001  5.322e-003  1.160e-001  8.662e-001  1.779e-002 
61 1-1  1.000e+000
61 1-2 -9.774e-001  1.000e+000
61 1-3 -7.488e-002 -1.377e-001  1.000e+000
61 2-1 -4.761e-001  4.719e-001  4.397e-003  1.000e+000
61 2-2  4.581e-001 -4.751e-001  9.476e-002 -9.524e-001  1.000e+000
61 2-3 -2.868e-003  7.168e-002 -3.245e-001 -2.614e-002 -2.800e-001  1.000e+000
62  8.716e-001  1.230e-001  5.379e-003  1.105e-001  8.705e-001  1.903e-002 
62 1-1  1.000e+000
62 1-2 -9.755e-001  1.000e+000
62 1-3 -7.259e-002 -1.486e-001  1.000e+000
62 2-1 -4.679e-001  4.623e-001  7.341e-003  1.000e+000
62 2-2  4.465e-001 -4.657e-001  1.040e-001 -9.422e-001  1.000e+000
62 2-3 -4.565e-003  7.758e-002 -3.312e-001 -2.643e-002 -3.100e-001  1.000e+000
63  8.709e-001  1.237e-001  5.436e-003  1.052e-001  8.744e-001  2.036e-002 
63 1-1  1.000e+000
63 1-2 -9.734e-001  1.000e+000
63 1-3 -7.152e-002 -1.587e-001  1.000e+000
63 2-1 -4.568e-001  4.496e-001  1.127e-002  1.000e+000
63 2-2  4.321e-001 -4.533e-001  1.116e-001 -9.313e-001  1.000e+000
63 2-3 -5.743e-003  8.267e-002 -3.355e-001 -2.758e-002 -3.384e-001  1.000e+000
64  8.701e-001  1.244e-001  5.495e-003  1.001e-001  8.781e-001  2.178e-002 
64 1-1  1.000e+000
64 1-2 -9.713e-001  1.000e+000
64 1-3 -7.185e-002 -1.674e-001  1.000e+000
64 2-1 -4.431e-001  4.342e-001  1.601e-002  1.000e+000
64 2-2  4.155e-001 -4.385e-001  1.170e-001 -9.204e-001  1.000e+000
64 2-3 -6.319e-003  8.665e-002 -3.372e-001 -2.953e-002 -3.637e-001  1.000e+000
65  8.694e-001  1.250e-001  5.553e-003  9.522e-002  8.815e-001  2.328e-002 
65 1-1  1.000e+000
65 1-2 -9.692e-001  1.000e+000
65 1-3 -7.359e-002 -1.743e-001  1.000e+000
65 2-1 -4.277e-001  4.170e-001  2.126e-002  1.000e+000
65 2-2  3.975e-001 -4.221e-001  1.199e-001 -9.101e-001  1.000e+000
65 2-3 -6.244e-003  8.927e-002 -3.365e-001 -3.215e-002 -3.850e-001  1.000e+000
66  8.687e-001  1.257e-001  5.613e-003  9.054e-002  8.846e-001  2.488e-002 
66 1-1  1.000e+000
66 1-2 -9.673e-001  1.000e+000
66 1-3 -7.659e-002 -1.790e-001  1.000e+000
66 2-1 -4.115e-001  3.993e-001  2.665e-002  1.000e+000
66 2-2  3.795e-001 -4.051e-001  1.205e-001 -9.010e-001  1.000e+000
66 2-3 -5.514e-003  9.039e-002 -3.337e-001 -3.525e-002 -4.019e-001  1.000e+000
67  8.679e-001  1.264e-001  5.673e-003  8.607e-002  8.873e-001  2.658e-002 
67 1-1  1.000e+000
67 1-2 -9.656e-001  1.000e+000
67 1-3 -8.057e-002 -1.814e-001  1.000e+000
67 2-1 -3.960e-001  3.824e-001  3.182e-002  1.000e+000
67 2-2  3.625e-001 -3.887e-001  1.190e-001 -8.934e-001  1.000e+000
67 2-3 -4.181e-003  8.998e-002 -3.291e-001 -3.859e-002 -4.145e-001  1.000e+000
68  8.672e-001  1.271e-001  5.733e-003  8.178e-002  8.898e-001  2.839e-002 
68 1-1  1.000e+000
68 1-2 -9.643e-001  1.000e+000
68 1-3 -8.520e-002 -1.818e-001  1.000e+000
68 2-1 -3.821e-001  3.674e-001  3.650e-002  1.000e+000
68 2-2  3.475e-001 -3.738e-001  1.159e-001 -8.873e-001  1.000e+000
68 2-3 -2.344e-003  8.814e-002 -3.228e-001 -4.195e-002 -4.236e-001  1.000e+000
69  8.665e-001  1.277e-001  5.794e-003  7.769e-002  8.920e-001  3.031e-002 
69 1-1  1.000e+000
69 1-2 -9.633e-001  1.000e+000
69 1-3 -9.014e-002 -1.805e-001  1.000e+000
69 2-1 -3.706e-001  3.551e-001  4.052e-002  1.000e+000
69 2-2  3.349e-001 -3.609e-001  1.119e-001 -8.823e-001  1.000e+000
69 2-3 -1.343e-004  8.505e-002 -3.151e-001 -4.509e-002 -4.305e-001  1.000e+000
70  8.657e-001  1.284e-001  5.856e-003  7.377e-002  8.939e-001  3.235e-002 
70 1-1  1.000e+000
70 1-2 -9.627e-001  1.000e+000
70 1-3 -9.514e-002 -1.779e-001  1.000e+000
70 2-1 -3.615e-001  3.455e-001  4.383e-002  1.000e+000
70 2-2  3.245e-001 -3.500e-001  1.073e-001 -8.777e-001  1.000e+000
70 2-3  2.298e-003  8.094e-002 -3.060e-001 -4.787e-002 -4.366e-001  1.000e+000
71  8.650e-001  1.291e-001  5.919e-003  7.003e-002  8.955e-001  3.451e-002 
71 1-1  1.000e+000
71 1-2 -9.623e-001  1.000e+000
71 1-3 -1.000e-001 -1.745e-001  1.000e+000
71 2-1 -3.549e-001  3.385e-001  4.646e-002  1.000e+000
71 2-2  3.161e-001 -3.409e-001  1.026e-001 -8.729e-001  1.000e+000
71 2-3  4.801e-003  7.604e-002 -2.954e-001 -5.012e-002 -4.436e-001  1.000e+000
72  8.642e-001  1.298e-001  5.982e-003  6.645e-002  8.967e-001  3.681e-002 
72 1-1  1.000e+000
72 1-2 -9.621e-001  1.000e+000
72 1-3 -1.046e-001 -1.706e-001  1.000e+000
72 2-1 -3.504e-001  3.339e-001  4.849e-002  1.000e+000
72 2-2  3.092e-001 -3.333e-001  9.812e-002 -8.670e-001  1.000e+000
72 2-3  7.227e-003  7.056e-002 -2.833e-001 -5.176e-002 -4.528e-001  1.000e+000
73  8.635e-001  1.305e-001  6.045e-003  6.304e-002  8.977e-001  3.924e-002 
73 1-1  1.000e+000
73 1-2 -9.620e-001  1.000e+000
73 1-3 -1.089e-001 -1.666e-001  1.000e+000
73 2-1 -3.476e-001  3.310e-001  5.001e-002  1.000e+000
73 2-2  3.032e-001 -3.265e-001  9.394e-002 -8.592e-001  1.000e+000
73 2-3  9.446e-003  6.474e-002 -2.699e-001 -5.274e-002 -4.656e-001  1.000e+000
74  8.627e-001  1.312e-001  6.110e-003  5.978e-002  8.984e-001  4.182e-002 
74 1-1  1.000e+000
74 1-2 -9.621e-001  1.000e+000
74 1-3 -1.129e-001 -1.624e-001  1.000e+000
74 2-1 -3.461e-001  3.296e-001  5.113e-002  1.000e+000
74 2-2  2.975e-001 -3.202e-001  9.017e-002 -8.489e-001  1.000e+000
74 2-3  1.135e-002  5.876e-002 -2.551e-001 -5.305e-002 -4.828e-001  1.000e+000
75  8.619e-001  1.319e-001  6.175e-003  5.667e-002  8.988e-001  4.456e-002 
75 1-1  1.000e+000
75 1-2 -9.622e-001  1.000e+000
75 1-3 -1.166e-001 -1.585e-001  1.000e+000
75 2-1 -3.456e-001  3.293e-001  5.192e-002  1.000e+000
75 2-2  2.916e-001 -3.137e-001  8.683e-002 -8.353e-001  1.000e+000
75 2-3  1.286e-002  5.284e-002 -2.392e-001 -5.275e-002 -5.050e-001  1.000e+000
76  8.612e-001  1.326e-001  6.240e-003  5.371e-002  8.988e-001  4.746e-002 
76 1-1  1.000e+000
76 1-2 -9.623e-001  1.000e+000
76 1-3 -1.199e-001 -1.547e-001  1.000e+000
76 2-1 -3.458e-001  3.297e-001  5.246e-002  1.000e+000
76 2-2  2.851e-001 -3.067e-001  8.388e-002 -8.178e-001  1.000e+000
76 2-3  1.394e-002  4.716e-002 -2.227e-001 -5.196e-002 -5.322e-001  1.000e+000
77  8.604e-001  1.333e-001  6.307e-003  5.088e-002  8.986e-001  5.053e-002 
77 1-1  1.000e+000
77 1-2 -9.624e-001  1.000e+000
77 1-3 -1.230e-001 -1.511e-001  1.000e+000
77 2-1 -3.465e-001  3.307e-001  5.281e-002  1.000e+000
77 2-2  2.776e-001 -2.987e-001  8.127e-002 -7.959e-001  1.000e+000
77 2-3  1.459e-002  4.185e-002 -2.061e-001 -5.082e-002 -5.642e-001  1.000e+000
78  8.596e-001  1.340e-001  6.374e-003  4.818e-002  8.980e-001  5.378e-002 
78 1-1  1.000e+000
78 1-2 -9.626e-001  1.000e+000
78 1-3 -1.258e-001 -1.478e-001  1.000e+000
78 2-1 -3.475e-001  3.320e-001  5.302e-002  1.000e+000
78 2-2  2.688e-001 -2.896e-001  7.892e-002 -7.692e-001  1.000e+000
78 2-3  1.485e-002  3.704e-002 -1.897e-001 -4.950e-002 -6.001e-001  1.000e+000
79  8.589e-001  1.347e-001  6.441e-003  4.561e-002  8.972e-001  5.722e-002 
79 1-1  1.000e+000
79 1-2 -9.627e-001  1.000e+000
79 1-3 -1.284e-001 -1.448e-001  1.000e+000
79 2-1 -3.488e-001  3.335e-001  5.311e-002  1.000e+000
79 2-2  2.587e-001 -2.790e-001  7.675e-002 -7.377e-001  1.000e+000
79 2-3  1.477e-002  3.278e-002 -1.741e-001 -4.817e-002 -6.388e-001  1.000e+000
80  8.581e-001  1.354e-001  6.510e-003  4.317e-002  8.960e-001  6.086e-002 
80 1-1  1.000e+000
80 1-2 -9.628e-001  1.000e+000
80 1-3 -1.308e-001 -1.421e-001  1.000e+000
80 2-1 -3.502e-001  3.352e-001  5.313e-002  1.000e+000
80 2-2  2.471e-001 -2.671e-001  7.470e-002 -7.015e-001  1.000e+000
80 2-3  1.442e-002  2.909e-002 -1.594e-001 -4.697e-002 -6.789e-001  1.000e+000
81  8.573e-001  1.361e-001  6.579e-003  4.083e-002  8.945e-001  6.470e-002 
81 1-1  1.000e+000
81 1-2 -9.628e-001  1.000e+000
81 1-3 -1.331e-001 -1.396e-001  1.000e+000
81 2-1 -3.517e-001  3.369e-001  5.309e-002  1.000e+000
81 2-2  2.343e-001 -2.539e-001  7.269e-002 -6.612e-001  1.000e+000
81 2-3  1.386e-002  2.594e-002 -1.460e-001 -4.602e-002 -7.190e-001  1.000e+000
82  8.565e-001  1.369e-001  6.649e-003  3.861e-002  8.926e-001  6.877e-002 
82 1-1  1.000e+000
82 1-2 -9.629e-001  1.000e+000
82 1-3 -1.352e-001 -1.373e-001  1.000e+000
82 2-1 -3.532e-001  3.386e-001  5.300e-002  1.000e+000
82 2-2  2.203e-001 -2.395e-001  7.070e-002 -6.175e-001  1.000e+000
82 2-3  1.314e-002  2.331e-002 -1.338e-001 -4.541e-002 -7.578e-001  1.000e+000
83  8.557e-001  1.376e-001  6.719e-003  3.650e-002  8.904e-001  7.306e-002 
83 1-1  1.000e+000
83 1-2 -9.629e-001  1.000e+000
83 1-3 -1.372e-001 -1.353e-001  1.000e+000
83 2-1 -3.547e-001  3.403e-001  5.289e-002  1.000e+000
83 2-2  2.057e-001 -2.244e-001  6.871e-002 -5.713e-001  1.000e+000
83 2-3  1.232e-002  2.114e-002 -1.228e-001 -4.519e-002 -7.941e-001  1.000e+000
84  8.549e-001  1.383e-001  6.790e-003  3.449e-002  8.879e-001  7.758e-002 
84 1-1  1.000e+000
84 1-2 -9.629e-001  1.000e+000
84 1-3 -1.391e-001 -1.335e-001  1.000e+000
84 2-1 -3.561e-001  3.420e-001  5.276e-002  1.000e+000
84 2-2  1.906e-001 -2.089e-001  6.671e-002 -5.238e-001  1.000e+000
84 2-3  1.144e-002  1.936e-002 -1.130e-001 -4.540e-002 -8.272e-001  1.000e+000
85  8.541e-001  1.390e-001  6.862e-003  3.258e-002  8.851e-001  8.236e-002 
85 1-1  1.000e+000
85 1-2 -9.628e-001  1.000e+000
85 1-3 -1.408e-001 -1.318e-001  1.000e+000
85 2-1 -3.575e-001  3.436e-001  5.262e-002  1.000e+000
85 2-2  1.754e-001 -1.933e-001  6.470e-002 -4.760e-001  1.000e+000
85 2-3  1.053e-002  1.793e-002 -1.044e-001 -4.608e-002 -8.566e-001  1.000e+000
86  8.533e-001  1.398e-001  6.935e-003  3.076e-002  8.818e-001  8.739e-002 
86 1-1  1.000e+000
86 1-2 -9.628e-001  1.000e+000
86 1-3 -1.425e-001 -1.303e-001  1.000e+000
86 2-1 -3.589e-001  3.452e-001  5.247e-002  1.000e+000
86 2-2  1.606e-001 -1.780e-001  6.272e-002 -4.290e-001  1.000e+000
86 2-3  9.614e-003  1.678e-002 -9.672e-002 -4.722e-002 -8.821e-001  1.000e+000
87  8.525e-001  1.405e-001  7.008e-003  2.903e-002  8.783e-001  9.270e-002 
87 1-1  1.000e+000
87 1-2 -9.627e-001  1.000e+000
87 1-3 -1.441e-001 -1.290e-001  1.000e+000
87 2-1 -3.602e-001  3.467e-001  5.232e-002  1.000e+000
87 2-2  1.463e-001 -1.632e-001  6.078e-002 -3.833e-001  1.000e+000
87 2-3  8.701e-003  1.588e-002 -8.998e-002 -4.883e-002 -9.038e-001  1.000e+000
88  8.517e-001  1.412e-001  7.082e-003  2.738e-002  8.743e-001  9.828e-002 
88 1-1  1.000e+000
88 1-2 -9.626e-001  1.000e+000
88 1-3 -1.457e-001 -1.278e-001  1.000e+000
88 2-1 -3.615e-001  3.481e-001  5.218e-002  1.000e+000
88 2-2  1.328e-001 -1.492e-001  5.891e-002 -3.397e-001  1.000e+000
88 2-3  7.807e-003  1.519e-002 -8.403e-002 -5.091e-002 -9.220e-001  1.000e+000
89  8.509e-001  1.420e-001  7.157e-003  2.582e-002  8.700e-001  1.041e-001 
89 1-1  1.000e+000
89 1-2 -9.625e-001  1.000e+000
89 1-3 -1.472e-001 -1.268e-001  1.000e+000
89 2-1 -3.626e-001  3.494e-001  5.204e-002  1.000e+000
89 2-2  1.201e-001 -1.361e-001  5.711e-002 -2.984e-001  1.000e+000
89 2-3  6.940e-003  1.466e-002 -7.878e-002 -5.347e-002 -9.371e-001  1.000e+000
90  8.501e-001  1.427e-001  7.232e-003  2.434e-002  8.653e-001  1.103e-001 
90 1-1  1.000e+000
90 1-2 -9.623e-001  1.000e+000
90 1-3 -1.487e-001 -1.258e-001  1.000e+000
90 2-1 -3.638e-001  3.506e-001  5.192e-002  1.000e+000
90 2-2  1.084e-001 -1.240e-001  5.540e-002 -2.597e-001  1.000e+000
90 2-3  6.104e-003  1.426e-002 -7.415e-002 -5.649e-002 -9.495e-001  1.000e+000