# PLMsr.txt
#IMaCh version 0.99r45, April 2023,INED-EUROREVES-Institut de longevite-Japan Society for the Promotion of Science (Grant-in-Aid for Scientific Research 25293121), Intel Software 2015-2020, Nihon University 2021-202, INED 2000-2022
#$Revision: 1.353 $ $Date: 2023/05/08 18:48:22 $
# Tue Feb 04 22:13:35 2025
#One-step probabilities and covariance matrix
# Age p1-1  p1-2  p1-3  p2-1  p2-2  p2-3 
50  8.799e-001  1.153e-001  4.732e-003  1.934e-001  7.984e-001  8.201e-003 
50 1-1  5.798e-004
50 1-2 -5.690e-004  5.752e-004
50 1-3 -1.074e-005 -6.190e-006  1.693e-005
50 2-1 -4.822e-004  4.801e-004  2.016e-006  1.813e-003
50 2-2  4.796e-004 -4.804e-004  8.313e-007 -1.803e-003  1.806e-003
50 2-3  2.602e-006  2.456e-007 -2.848e-006 -1.012e-005 -2.393e-006  1.251e-005
51  8.793e-001  1.160e-001  4.783e-003  1.850e-001  8.062e-001  8.819e-003 
51 1-1  5.298e-004
51 1-2 -5.200e-004  5.260e-004
51 1-3 -9.746e-006 -5.951e-006  1.570e-005
51 2-1 -4.254e-004  4.238e-004  1.551e-006  1.528e-003
51 2-2  4.231e-004 -4.245e-004  1.434e-006 -1.519e-003  1.524e-003
51 2-3  2.279e-006  7.056e-007 -2.985e-006 -8.750e-006 -4.689e-006  1.344e-005
52  8.786e-001  1.166e-001  4.835e-003  1.769e-001  8.136e-001  9.479e-003 
52 1-1  4.827e-004
52 1-2 -4.739e-004  4.796e-004
52 1-3 -8.798e-006 -5.747e-006  1.455e-005
52 2-1 -3.737e-004  3.725e-004  1.157e-006  1.280e-003
52 2-2  3.717e-004 -3.737e-004  1.971e-006 -1.273e-003  1.280e-003
52 2-3  1.962e-006  1.166e-006 -3.128e-006 -7.505e-006 -6.879e-006  1.438e-005
53  8.779e-001  1.172e-001  4.887e-003  1.691e-001  8.207e-001  1.018e-002 
53 1-1  4.385e-004
53 1-2 -4.306e-004  4.362e-004
53 1-3 -7.902e-006 -5.583e-006  1.348e-005
53 2-1 -3.270e-004  3.261e-004  8.311e-007  1.067e-003
53 2-2  3.253e-004 -3.277e-004  2.445e-006 -1.061e-003  1.070e-003
53 2-3  1.652e-006  1.624e-006 -3.276e-006 -6.391e-006 -8.958e-006  1.535e-005
54  8.772e-001  1.179e-001  4.939e-003  1.616e-001  8.275e-001  1.093e-002 
54 1-1  3.974e-004
54 1-2 -3.903e-004  3.958e-004
54 1-3 -7.063e-006 -5.460e-006  1.252e-005
54 2-1 -2.849e-004  2.843e-004  5.691e-007  8.849e-004
54 2-2  2.835e-004 -2.864e-004  2.862e-006 -8.795e-004  8.904e-004
54 2-3  1.353e-006  2.078e-006 -3.431e-006 -5.407e-006 -1.092e-005  1.632e-005
55  8.765e-001  1.185e-001  4.992e-003  1.543e-001  8.340e-001  1.174e-002 
55 1-1  3.594e-004
55 1-2 -3.531e-004  3.585e-004
55 1-3 -6.287e-006 -5.382e-006  1.167e-005
55 2-1 -2.473e-004  2.470e-004  3.675e-007  7.304e-004
55 2-2  2.463e-004 -2.495e-004  3.225e-006 -7.259e-004  7.386e-004
55 2-3  1.068e-006  2.524e-006 -3.592e-006 -4.553e-006 -1.275e-005  1.730e-005
56  8.758e-001  1.191e-001  5.046e-003  1.473e-001  8.401e-001  1.259e-002 
56 1-1  3.247e-004
56 1-2 -3.191e-004  3.245e-004
56 1-3 -5.579e-006 -5.352e-006  1.093e-005
56 2-1 -2.140e-004  2.138e-004  2.222e-007  6.006e-004
56 2-2  2.132e-004 -2.167e-004  3.538e-006 -5.968e-004  6.112e-004
56 2-3  7.996e-007  2.961e-006 -3.761e-006 -3.825e-006 -1.445e-005  1.828e-005
57  8.751e-001  1.198e-001  5.100e-003  1.406e-001  8.459e-001  1.350e-002 
57 1-1  2.934e-004
57 1-2 -2.884e-004  2.938e-004
57 1-3 -4.945e-006 -5.372e-006  1.032e-005
57 2-1 -1.846e-004  1.845e-004  1.292e-007  4.925e-004
57 2-2  1.841e-004 -1.879e-004  3.807e-006 -4.893e-004  5.053e-004
57 2-3  5.506e-007  3.386e-006 -3.936e-006 -3.219e-006 -1.602e-005  1.924e-005
58  8.744e-001  1.204e-001  5.154e-003  1.341e-001  8.515e-001  1.447e-002 
58 1-1  2.655e-004
58 1-2 -2.611e-004  2.666e-004
58 1-3 -4.389e-006 -5.447e-006  9.837e-006
58 2-1 -1.590e-004  1.589e-004  8.467e-008  4.034e-004
58 2-2  1.587e-004 -1.627e-004  4.036e-006 -4.007e-004  4.181e-004
58 2-3  3.238e-007  3.796e-006 -4.120e-006 -2.729e-006 -1.745e-005  2.018e-005
59  8.737e-001  1.211e-001  5.210e-003  1.278e-001  8.567e-001  1.551e-002 
59 1-1  2.412e-004
59 1-2 -2.373e-004  2.429e-004
59 1-3 -3.919e-006 -5.581e-006  9.499e-006
59 2-1 -1.369e-004  1.368e-004  8.449e-008  3.308e-004
59 2-2  1.368e-004 -1.410e-004  4.228e-006 -3.285e-004  3.472e-004
59 2-3  1.221e-007  4.191e-006 -4.313e-006 -2.348e-006 -1.875e-005  2.110e-005
60  8.730e-001  1.217e-001  5.266e-003  1.218e-001  8.616e-001  1.661e-002 
60 1-1  2.206e-004
60 1-2 -2.171e-004  2.229e-004
60 1-3 -3.540e-006 -5.775e-006  9.316e-006
60 2-1 -1.181e-004  1.179e-004  1.248e-007  2.725e-004
60 2-2  1.181e-004 -1.225e-004  4.390e-006 -2.704e-004  2.903e-004
60 2-3 -5.189e-008  4.567e-006 -4.515e-006 -2.067e-006 -1.992e-005  2.198e-005
61  8.723e-001  1.224e-001  5.322e-003  1.160e-001  8.662e-001  1.779e-002 
61 1-1  2.038e-004
61 1-2 -2.006e-004  2.066e-004
61 1-3 -3.259e-006 -6.036e-006  9.295e-006
61 2-1 -1.022e-004  1.020e-004  2.016e-007  2.263e-004
61 2-2  1.024e-004 -1.070e-004  4.525e-006 -2.244e-004  2.453e-004
61 2-3 -1.956e-007  4.923e-006 -4.727e-006 -1.878e-006 -2.095e-005  2.283e-005
62  8.716e-001  1.230e-001  5.379e-003  1.105e-001  8.705e-001  1.903e-002 
62 1-1  1.910e-004
62 1-2 -1.879e-004  1.942e-004
62 1-3 -3.084e-006 -6.366e-006  9.449e-006
62 2-1 -8.920e-005  8.889e-005  3.113e-007  1.903e-004
62 2-2  8.950e-005 -9.414e-005  4.639e-006 -1.886e-004  2.104e-004
62 2-3 -3.067e-007  5.257e-006 -4.950e-006 -1.773e-006 -2.187e-005  2.364e-005
63  8.709e-001  1.237e-001  5.436e-003  1.052e-001  8.744e-001  2.036e-002 
63 1-1  1.821e-004
63 1-2 -1.791e-004  1.859e-004
63 1-3 -3.020e-006 -6.769e-006  9.789e-006
63 2-1 -7.870e-005  7.825e-005  4.502e-007  1.630e-004
63 2-2  7.909e-005 -8.382e-005  4.736e-006 -1.612e-004  1.839e-004
63 2-3 -3.829e-007  5.569e-006 -5.186e-006 -1.740e-006 -2.267e-005  2.441e-005
64  8.701e-001  1.244e-001  5.495e-003  1.001e-001  8.781e-001  2.178e-002 
64 1-1  1.774e-004
64 1-2 -1.744e-004  1.816e-004
64 1-3 -3.076e-006 -7.251e-006  1.033e-005
64 2-1 -7.053e-005  6.992e-005  6.147e-007  1.428e-004
64 2-2  7.096e-005 -7.578e-005  4.820e-006 -1.410e-004  1.644e-004
64 2-3 -4.222e-007  5.857e-006 -5.435e-006 -1.770e-006 -2.339e-005  2.516e-005
65  8.694e-001  1.250e-001  5.553e-003  9.522e-002  8.815e-001  2.328e-002 
65 1-1  1.770e-004
65 1-2 -1.738e-004  1.816e-004
65 1-3 -3.258e-006 -7.816e-006  1.107e-005
65 2-1 -6.447e-005  6.367e-005  8.015e-007  1.284e-004
65 2-2  6.490e-005 -6.979e-005  4.897e-006 -1.265e-004  1.506e-004
65 2-3 -4.227e-007  6.121e-006 -5.699e-006 -1.854e-006 -2.404e-005  2.589e-005
66  8.687e-001  1.257e-001  5.613e-003  9.054e-002  8.846e-001  2.488e-002 
66 1-1  1.810e-004
66 1-2 -1.775e-004  1.859e-004
66 1-3 -3.576e-006 -8.469e-006  1.204e-005
66 2-1 -6.032e-005  5.931e-005  1.007e-006  1.187e-004
66 2-2  6.070e-005 -6.567e-005  4.971e-006 -1.167e-004  1.413e-004
66 2-3 -3.829e-007  6.362e-006 -5.979e-006 -1.982e-006 -2.466e-005  2.664e-005
67  8.679e-001  1.264e-001  5.673e-003  8.607e-002  8.873e-001  2.658e-002 
67 1-1  1.895e-004
67 1-2 -1.855e-004  1.947e-004
67 1-3 -4.038e-006 -9.213e-006  1.325e-005
67 2-1 -5.786e-005  5.663e-005  1.229e-006  1.126e-004
67 2-2  5.816e-005 -6.321e-005  5.048e-006 -1.105e-004  1.358e-004
67 2-3 -3.016e-007  6.579e-006 -6.277e-006 -2.146e-006 -2.531e-005  2.745e-005
68  8.672e-001  1.271e-001  5.733e-003  8.178e-002  8.898e-001  2.839e-002 
68 1-1  2.027e-004
68 1-2 -1.980e-004  2.081e-004
68 1-3 -4.652e-006 -1.006e-005  1.471e-005
68 2-1 -5.692e-005  5.545e-005  1.464e-006  1.094e-004
68 2-2  5.709e-005 -6.222e-005  5.131e-006 -1.071e-004  1.331e-004
68 2-3 -1.777e-007  6.773e-006 -6.595e-006 -2.337e-006 -2.604e-005  2.837e-005
69  8.665e-001  1.277e-001  5.794e-003  7.769e-002  8.920e-001  3.031e-002 
69 1-1  2.206e-004
69 1-2 -2.152e-004  2.262e-004
69 1-3 -5.427e-006 -1.100e-005  1.643e-005
69 2-1 -5.731e-005  5.560e-005  1.710e-006  1.084e-004
69 2-2  5.732e-005 -6.254e-005  5.226e-006 -1.059e-004  1.328e-004
69 2-3 -1.083e-008  6.946e-006 -6.935e-006 -2.549e-006 -2.694e-005  2.949e-005
70  8.657e-001  1.284e-001  5.856e-003  7.377e-002  8.939e-001  3.235e-002 
70 1-1  2.435e-004
70 1-2 -2.371e-004  2.491e-004
70 1-3 -6.373e-006 -1.206e-005  1.843e-005
70 2-1 -5.886e-005  5.690e-005  1.963e-006  1.089e-004
70 2-2  5.866e-005 -6.400e-005  5.337e-006 -1.061e-004  1.342e-004
70 2-3  1.993e-007  7.101e-006 -7.300e-006 -2.776e-006 -2.812e-005  3.089e-005
71  8.650e-001  1.291e-001  5.919e-003  7.003e-002  8.955e-001  3.451e-002 
71 1-1  2.713e-004
71 1-2 -2.638e-004  2.771e-004
71 1-3 -7.500e-006 -1.322e-005  2.072e-005
71 2-1 -6.143e-005  5.920e-005  2.222e-006  1.104e-004
71 2-2  6.097e-005 -6.644e-005  5.470e-006 -1.074e-004  1.371e-004
71 2-3  4.524e-007  7.240e-006 -7.693e-006 -3.013e-006 -2.971e-005  3.272e-005
72  8.642e-001  1.298e-001  5.982e-003  6.645e-002  8.967e-001  3.681e-002 
72 1-1  3.044e-004
72 1-2 -2.956e-004  3.101e-004
72 1-3 -8.817e-006 -1.451e-005  2.333e-005
72 2-1 -6.484e-005  6.236e-005  2.484e-006  1.125e-004
72 2-2  6.410e-005 -6.973e-005  5.631e-006 -1.093e-004  1.412e-004
72 2-3  7.476e-007  7.368e-006 -8.115e-006 -3.256e-006 -3.190e-005  3.516e-005
73  8.635e-001  1.305e-001  6.045e-003  6.304e-002  8.977e-001  3.924e-002 
73 1-1  3.427e-004
73 1-2 -3.324e-004  3.483e-004
73 1-3 -1.034e-005 -1.593e-005  2.627e-005
73 2-1 -6.898e-005  6.624e-005  2.748e-006  1.149e-004
73 2-2  6.790e-005 -7.372e-005  5.824e-006 -1.114e-004  1.463e-004
73 2-3  1.084e-006  7.488e-006 -8.572e-006 -3.504e-006 -3.491e-005  3.841e-005
74  8.627e-001  1.312e-001  6.110e-003  5.978e-002  8.984e-001  4.182e-002 
74 1-1  3.865e-004
74 1-2 -3.744e-004  3.919e-004
74 1-3 -1.207e-005 -1.748e-005  2.955e-005
74 2-1 -7.371e-005  7.070e-005  3.011e-006  1.174e-004
74 2-2  7.225e-005 -7.831e-005  6.055e-006 -1.136e-004  1.526e-004
74 2-3  1.459e-006  7.607e-006 -9.066e-006 -3.758e-006 -3.900e-005  4.276e-005
75  8.619e-001  1.319e-001  6.175e-003  5.667e-002  8.988e-001  4.456e-002 
75 1-1  4.359e-004
75 1-2 -4.219e-004  4.410e-004
75 1-3 -1.402e-005 -1.917e-005  3.319e-005
75 2-1 -7.891e-005  7.564e-005  3.272e-006  1.196e-004
75 2-2  7.704e-005 -8.337e-005  6.330e-006 -1.156e-004  1.601e-004
75 2-3  1.870e-006  7.732e-006 -9.602e-006 -4.020e-006 -4.452e-005  4.854e-005
76  8.612e-001  1.326e-001  6.240e-003  5.371e-002  8.988e-001  4.746e-002 
76 1-1  4.910e-004
76 1-2 -4.748e-004  4.958e-004
76 1-3 -1.621e-005 -2.101e-005  3.722e-005
76 2-1 -8.447e-005  8.094e-005  3.529e-006  1.216e-004
76 2-2  8.216e-005 -8.881e-005  6.655e-006 -1.173e-004  1.691e-004
76 2-3  2.315e-006  7.869e-006 -1.018e-005 -4.294e-006 -5.188e-005  5.617e-005
77  8.604e-001  1.333e-001  6.307e-003  5.088e-002  8.986e-001  5.053e-002 
77 1-1  5.519e-004
77 1-2 -5.333e-004  5.563e-004
77 1-3 -1.865e-005 -2.300e-005  4.165e-005
77 2-1 -9.029e-005  8.651e-005  3.781e-006  1.231e-004
77 2-2  8.751e-005 -9.454e-005  7.038e-006 -1.185e-004  1.800e-004
77 2-3  2.789e-006  8.030e-006 -1.082e-005 -4.585e-006 -6.158e-005  6.617e-005
78  8.596e-001  1.340e-001  6.374e-003  4.818e-002  8.980e-001  5.378e-002 
78 1-1  6.189e-004
78 1-2 -5.976e-004  6.227e-004
78 1-3 -2.134e-005 -2.516e-005  4.650e-005
78 2-1 -9.629e-005  9.226e-005  4.026e-006  1.240e-004
78 2-2  9.300e-005 -1.005e-004  7.484e-006 -1.191e-004  1.934e-004
78 2-3  3.287e-006  8.223e-006 -1.151e-005 -4.904e-006 -7.424e-005  7.914e-005
79  8.589e-001  1.347e-001  6.441e-003  4.561e-002  8.972e-001  5.722e-002 
79 1-1  6.920e-004
79 1-2 -6.677e-004  6.952e-004
79 1-3 -2.432e-005 -2.748e-005  5.180e-005
79 2-1 -1.024e-004  9.810e-005  4.265e-006  1.245e-004
79 2-2  9.856e-005 -1.066e-004  8.001e-006 -1.192e-004  2.098e-004
79 2-3  3.805e-006  8.461e-006 -1.227e-005 -5.260e-006 -9.057e-005  9.583e-005
80  8.581e-001  1.354e-001  6.510e-003  4.317e-002  8.960e-001  6.086e-002 
80 1-1  7.715e-004
80 1-2 -7.439e-004  7.739e-004
80 1-3 -2.757e-005 -2.999e-005  5.756e-005
80 2-1 -1.085e-004  1.040e-004  4.494e-006  1.243e-004
80 2-2  1.041e-004 -1.127e-004  8.596e-006 -1.187e-004  2.301e-004
80 2-3  4.334e-006  8.756e-006 -1.309e-005 -5.667e-006 -1.114e-004  1.171e-004
81  8.573e-001  1.361e-001  6.579e-003  4.083e-002  8.945e-001  6.470e-002 
81 1-1  8.574e-004
81 1-2 -8.263e-004  8.589e-004
81 1-3 -3.113e-005 -3.268e-005  6.381e-005
81 2-1 -1.145e-004  1.098e-004  4.715e-006  1.236e-004
81 2-2  1.096e-004 -1.189e-004  9.279e-006 -1.175e-004  2.554e-004
81 2-3  4.869e-006  9.125e-006 -1.399e-005 -6.140e-006 -1.379e-004  1.440e-004
82  8.565e-001  1.369e-001  6.649e-003  3.861e-002  8.926e-001  6.877e-002 
82 1-1  9.499e-004
82 1-2 -9.149e-004  9.505e-004
82 1-3 -3.501e-005 -3.557e-005  7.058e-005
82 2-1 -1.204e-004  1.155e-004  4.925e-006  1.224e-004
82 2-2  1.150e-004 -1.251e-004  1.006e-005 -1.157e-004  2.868e-004
82 2-3  5.400e-006  9.583e-006 -1.498e-005 -6.697e-006 -1.711e-004  1.778e-004
83  8.557e-001  1.376e-001  6.719e-003  3.650e-002  8.904e-001  7.306e-002 
83 1-1  1.049e-003
83 1-2 -1.010e-003  1.049e-003
83 1-3 -3.922e-005 -3.866e-005  7.788e-005
83 2-1 -1.261e-004  1.210e-004  5.125e-006  1.206e-004
83 2-2  1.202e-004 -1.312e-004  1.094e-005 -1.132e-004  3.257e-004
83 2-3  5.919e-006  1.015e-005 -1.607e-005 -7.357e-006 -2.125e-004  2.199e-004
84  8.549e-001  1.383e-001  6.790e-003  3.449e-002  8.879e-001  7.758e-002 
84 1-1  1.155e-003
84 1-2 -1.112e-003  1.154e-003
84 1-3 -4.377e-005 -4.197e-005  8.574e-005
84 2-1 -1.317e-004  1.264e-004  5.314e-006  1.183e-004
84 2-2  1.253e-004 -1.372e-004  1.194e-005 -1.102e-004  3.739e-004
84 2-3  6.414e-006  1.084e-005 -1.726e-005 -8.143e-006 -2.637e-004  2.719e-004
85  8.541e-001  1.390e-001  6.862e-003  3.258e-002  8.851e-001  8.236e-002 
85 1-1  1.269e-003
85 1-2 -1.220e-003  1.266e-003
85 1-3 -4.869e-005 -4.551e-005  9.419e-005
85 2-1 -1.369e-004  1.314e-004  5.491e-006  1.156e-004
85 2-2  1.301e-004 -1.431e-004  1.307e-005 -1.065e-004  4.332e-004
85 2-3  6.875e-006  1.169e-005 -1.856e-005 -9.078e-006 -3.267e-004  3.357e-004
86  8.533e-001  1.398e-001  6.935e-003  3.076e-002  8.818e-001  8.739e-002 
86 1-1  1.389e-003
86 1-2 -1.335e-003  1.385e-003
86 1-3 -5.399e-005 -4.928e-005  1.033e-004
86 2-1 -1.419e-004  1.363e-004  5.656e-006  1.125e-004
86 2-2  1.346e-004 -1.490e-004  1.433e-005 -1.023e-004  5.058e-004
86 2-3  7.288e-006  1.270e-005 -1.999e-005 -1.019e-005 -4.035e-004  4.137e-004
87  8.525e-001  1.405e-001  7.008e-003  2.903e-002  8.783e-001  9.270e-002 
87 1-1  1.517e-003
87 1-2 -1.458e-003  1.511e-003
87 1-3 -5.968e-005 -5.329e-005  1.130e-004
87 2-1 -1.466e-004  1.407e-004  5.809e-006  1.091e-004
87 2-2  1.389e-004 -1.547e-004  1.575e-005 -9.759e-005  5.942e-004
87 2-3  7.640e-006  1.392e-005 -2.156e-005 -1.150e-005 -4.966e-004  5.081e-004
88  8.517e-001  1.412e-001  7.082e-003  2.738e-002  8.743e-001  9.828e-002 
88 1-1  1.653e-003
88 1-2 -1.587e-003  1.645e-003
88 1-3 -6.579e-005 -5.757e-005  1.234e-004
88 2-1 -1.508e-004  1.449e-004  5.949e-006  1.054e-004
88 2-2  1.429e-004 -1.603e-004  1.733e-005 -9.233e-005  7.013e-004
88 2-3  7.916e-006  1.536e-005 -2.328e-005 -1.303e-005 -6.090e-004  6.220e-004
89  8.509e-001  1.420e-001  7.157e-003  2.582e-002  8.700e-001  1.041e-001 
89 1-1  1.796e-003
89 1-2 -1.724e-003  1.786e-003
89 1-3 -7.234e-005 -6.211e-005  1.345e-004
89 2-1 -1.548e-004  1.487e-004  6.077e-006  1.014e-004
89 2-2  1.467e-004 -1.658e-004  1.908e-005 -8.658e-005  8.302e-004
89 2-3  8.100e-006  1.706e-005 -2.516e-005 -1.483e-005 -7.436e-004  7.584e-004
90  8.501e-001  1.427e-001  7.232e-003  2.434e-002  8.653e-001  1.103e-001 
90 1-1  1.947e-003
90 1-2 -1.868e-003  1.935e-003
90 1-3 -7.934e-005 -6.694e-005  1.463e-004
90 2-1 -1.583e-004  1.521e-004  6.192e-006  9.726e-005
90 2-2  1.501e-004 -1.712e-004  2.102e-005 -8.035e-005  9.844e-004
90 2-3  8.175e-006  1.904e-005 -2.722e-005 -1.691e-005 -9.040e-004  9.209e-004