# PLMsr.txt
#IMaCh version 0.99r45, April 2023,INED-EUROREVES-Institut de longevite-Japan Society for the Promotion of Science (Grant-in-Aid for Scientific Research 25293121), Intel Software 2015-2020, Nihon University 2021-202, INED 2000-2022
#$Revision: 1.353 $ $Date: 2023/05/08 18:48:22 $
# Tue Feb 04 22:13:35 2025
#One-step probabilities and stand. devi in ()
# Age p1-1 (SE) p1-2 (SE) p1-3 (SE) p2-1 (SE) p2-2 (SE) p2-3 (SE)
50  8.799e-001 ( 2.408e-002)  1.153e-001 ( 2.398e-002)  4.732e-003 ( 4.115e-003)  1.934e-001 ( 4.258e-002)  7.984e-001 ( 4.249e-002)  8.201e-003 ( 3.538e-003) 
51  8.793e-001 ( 2.302e-002)  1.160e-001 ( 2.293e-002)  4.783e-003 ( 3.962e-003)  1.850e-001 ( 3.909e-002)  8.062e-001 ( 3.904e-002)  8.819e-003 ( 3.666e-003) 
52  8.786e-001 ( 2.197e-002)  1.166e-001 ( 2.190e-002)  4.835e-003 ( 3.814e-003)  1.769e-001 ( 3.578e-002)  8.136e-001 ( 3.577e-002)  9.479e-003 ( 3.793e-003) 
53  8.779e-001 ( 2.094e-002)  1.172e-001 ( 2.088e-002)  4.887e-003 ( 3.672e-003)  1.691e-001 ( 3.267e-002)  8.207e-001 ( 3.271e-002)  1.018e-002 ( 3.918e-003) 
54  8.772e-001 ( 1.993e-002)  1.179e-001 ( 1.989e-002)  4.939e-003 ( 3.539e-003)  1.616e-001 ( 2.975e-002)  8.275e-001 ( 2.984e-002)  1.093e-002 ( 4.040e-003) 
55  8.765e-001 ( 1.896e-002)  1.185e-001 ( 1.893e-002)  4.992e-003 ( 3.416e-003)  1.543e-001 ( 2.703e-002)  8.340e-001 ( 2.718e-002)  1.174e-002 ( 4.160e-003) 
56  8.758e-001 ( 1.802e-002)  1.191e-001 ( 1.801e-002)  5.046e-003 ( 3.306e-003)  1.473e-001 ( 2.451e-002)  8.401e-001 ( 2.472e-002)  1.259e-002 ( 4.275e-003) 
57  8.751e-001 ( 1.713e-002)  1.198e-001 ( 1.714e-002)  5.100e-003 ( 3.212e-003)  1.406e-001 ( 2.219e-002)  8.459e-001 ( 2.248e-002)  1.350e-002 ( 4.386e-003) 
58  8.744e-001 ( 1.629e-002)  1.204e-001 ( 1.633e-002)  5.154e-003 ( 3.136e-003)  1.341e-001 ( 2.009e-002)  8.515e-001 ( 2.045e-002)  1.447e-002 ( 4.493e-003) 
59  8.737e-001 ( 1.553e-002)  1.211e-001 ( 1.558e-002)  5.210e-003 ( 3.082e-003)  1.278e-001 ( 1.819e-002)  8.567e-001 ( 1.863e-002)  1.551e-002 ( 4.593e-003) 
60  8.730e-001 ( 1.485e-002)  1.217e-001 ( 1.493e-002)  5.266e-003 ( 3.052e-003)  1.218e-001 ( 1.651e-002)  8.616e-001 ( 1.704e-002)  1.661e-002 ( 4.689e-003) 
61  8.723e-001 ( 1.428e-002)  1.224e-001 ( 1.437e-002)  5.322e-003 ( 3.049e-003)  1.160e-001 ( 1.504e-002)  8.662e-001 ( 1.566e-002)  1.779e-002 ( 4.778e-003) 
62  8.716e-001 ( 1.382e-002)  1.230e-001 ( 1.394e-002)  5.379e-003 ( 3.074e-003)  1.105e-001 ( 1.380e-002)  8.705e-001 ( 1.451e-002)  1.903e-002 ( 4.862e-003) 
63  8.709e-001 ( 1.350e-002)  1.237e-001 ( 1.363e-002)  5.436e-003 ( 3.129e-003)  1.052e-001 ( 1.277e-002)  8.744e-001 ( 1.356e-002)  2.036e-002 ( 4.941e-003) 
64  8.701e-001 ( 1.332e-002)  1.244e-001 ( 1.348e-002)  5.495e-003 ( 3.214e-003)  1.001e-001 ( 1.195e-002)  8.781e-001 ( 1.282e-002)  2.178e-002 ( 5.016e-003) 
65  8.694e-001 ( 1.331e-002)  1.250e-001 ( 1.348e-002)  5.553e-003 ( 3.328e-003)  9.522e-002 ( 1.133e-002)  8.815e-001 ( 1.227e-002)  2.328e-002 ( 5.088e-003) 
66  8.687e-001 ( 1.345e-002)  1.257e-001 ( 1.364e-002)  5.613e-003 ( 3.471e-003)  9.054e-002 ( 1.089e-002)  8.846e-001 ( 1.189e-002)  2.488e-002 ( 5.162e-003) 
67  8.679e-001 ( 1.377e-002)  1.264e-001 ( 1.395e-002)  5.673e-003 ( 3.640e-003)  8.607e-002 ( 1.061e-002)  8.873e-001 ( 1.165e-002)  2.658e-002 ( 5.239e-003) 
68  8.672e-001 ( 1.424e-002)  1.271e-001 ( 1.443e-002)  5.733e-003 ( 3.835e-003)  8.178e-002 ( 1.046e-002)  8.898e-001 ( 1.154e-002)  2.839e-002 ( 5.327e-003) 
69  8.665e-001 ( 1.485e-002)  1.277e-001 ( 1.504e-002)  5.794e-003 ( 4.053e-003)  7.769e-002 ( 1.041e-002)  8.920e-001 ( 1.152e-002)  3.031e-002 ( 5.430e-003) 
70  8.657e-001 ( 1.560e-002)  1.284e-001 ( 1.578e-002)  5.856e-003 ( 4.293e-003)  7.377e-002 ( 1.043e-002)  8.939e-001 ( 1.159e-002)  3.235e-002 ( 5.558e-003) 
71  8.650e-001 ( 1.647e-002)  1.291e-001 ( 1.665e-002)  5.919e-003 ( 4.552e-003)  7.003e-002 ( 1.051e-002)  8.955e-001 ( 1.171e-002)  3.451e-002 ( 5.721e-003) 
72  8.642e-001 ( 1.745e-002)  1.298e-001 ( 1.761e-002)  5.982e-003 ( 4.830e-003)  6.645e-002 ( 1.061e-002)  8.967e-001 ( 1.188e-002)  3.681e-002 ( 5.929e-003) 
73  8.635e-001 ( 1.851e-002)  1.305e-001 ( 1.866e-002)  6.045e-003 ( 5.125e-003)  6.304e-002 ( 1.072e-002)  8.977e-001 ( 1.210e-002)  3.924e-002 ( 6.198e-003) 
74  8.627e-001 ( 1.966e-002)  1.312e-001 ( 1.980e-002)  6.110e-003 ( 5.436e-003)  5.978e-002 ( 1.083e-002)  8.984e-001 ( 1.235e-002)  4.182e-002 ( 6.539e-003) 
75  8.619e-001 ( 2.088e-002)  1.319e-001 ( 2.100e-002)  6.175e-003 ( 5.761e-003)  5.667e-002 ( 1.094e-002)  8.988e-001 ( 1.265e-002)  4.456e-002 ( 6.967e-003) 
76  8.612e-001 ( 2.216e-002)  1.326e-001 ( 2.227e-002)  6.240e-003 ( 6.101e-003)  5.371e-002 ( 1.103e-002)  8.988e-001 ( 1.301e-002)  4.746e-002 ( 7.495e-003) 
77  8.604e-001 ( 2.349e-002)  1.333e-001 ( 2.359e-002)  6.307e-003 ( 6.454e-003)  5.088e-002 ( 1.109e-002)  8.986e-001 ( 1.342e-002)  5.053e-002 ( 8.134e-003) 
78  8.596e-001 ( 2.488e-002)  1.340e-001 ( 2.495e-002)  6.374e-003 ( 6.819e-003)  4.818e-002 ( 1.114e-002)  8.980e-001 ( 1.391e-002)  5.378e-002 ( 8.896e-003) 
79  8.589e-001 ( 2.631e-002)  1.347e-001 ( 2.637e-002)  6.441e-003 ( 7.197e-003)  4.561e-002 ( 1.116e-002)  8.972e-001 ( 1.448e-002)  5.722e-002 ( 9.789e-003) 
80  8.581e-001 ( 2.778e-002)  1.354e-001 ( 2.782e-002)  6.510e-003 ( 7.587e-003)  4.317e-002 ( 1.115e-002)  8.960e-001 ( 1.517e-002)  6.086e-002 ( 1.082e-002) 
81  8.573e-001 ( 2.928e-002)  1.361e-001 ( 2.931e-002)  6.579e-003 ( 7.988e-003)  4.083e-002 ( 1.112e-002)  8.945e-001 ( 1.598e-002)  6.470e-002 ( 1.200e-002) 
82  8.565e-001 ( 3.082e-002)  1.369e-001 ( 3.083e-002)  6.649e-003 ( 8.401e-003)  3.861e-002 ( 1.106e-002)  8.926e-001 ( 1.693e-002)  6.877e-002 ( 1.333e-002) 
83  8.557e-001 ( 3.239e-002)  1.376e-001 ( 3.238e-002)  6.719e-003 ( 8.825e-003)  3.650e-002 ( 1.098e-002)  8.904e-001 ( 1.805e-002)  7.306e-002 ( 1.483e-002) 
84  8.549e-001 ( 3.399e-002)  1.383e-001 ( 3.397e-002)  6.790e-003 ( 9.260e-003)  3.449e-002 ( 1.088e-002)  8.879e-001 ( 1.934e-002)  7.758e-002 ( 1.649e-002) 
85  8.541e-001 ( 3.562e-002)  1.390e-001 ( 3.557e-002)  6.862e-003 ( 9.705e-003)  3.258e-002 ( 1.075e-002)  8.851e-001 ( 2.081e-002)  8.236e-002 ( 1.832e-002) 
86  8.533e-001 ( 3.727e-002)  1.398e-001 ( 3.721e-002)  6.935e-003 ( 1.016e-002)  3.076e-002 ( 1.061e-002)  8.818e-001 ( 2.249e-002)  8.739e-002 ( 2.034e-002) 
87  8.525e-001 ( 3.895e-002)  1.405e-001 ( 3.887e-002)  7.008e-003 ( 1.063e-002)  2.903e-002 ( 1.044e-002)  8.783e-001 ( 2.438e-002)  9.270e-002 ( 2.254e-002) 
88  8.517e-001 ( 4.066e-002)  1.412e-001 ( 4.055e-002)  7.082e-003 ( 1.111e-002)  2.738e-002 ( 1.026e-002)  8.743e-001 ( 2.648e-002)  9.828e-002 ( 2.494e-002) 
89  8.509e-001 ( 4.238e-002)  1.420e-001 ( 4.226e-002)  7.157e-003 ( 1.160e-002)  2.582e-002 ( 1.007e-002)  8.700e-001 ( 2.881e-002)  1.041e-001 ( 2.754e-002) 
90  8.501e-001 ( 4.413e-002)  1.427e-001 ( 4.399e-002)  7.232e-003 ( 1.209e-002)  2.434e-002 ( 9.862e-003)  8.653e-001 ( 3.137e-002)  1.103e-001 ( 3.035e-002) 