
# model  
#****** Result for:******
# PLMsr.txt
#IMaCh version 0.99r45, April 2023,INED-EUROREVES-Institut de longevite-Japan Society for the Promotion of Science (Grant-in-Aid for Scientific Research 25293121), Intel Software 2015-2020, Nihon University 2021-202, INED 2000-2022
#$Revision: 1.353 $ $Date: 2023/05/08 18:48:22 $
# Tue Feb 04 22:13:35 2025
# Total life expectancy with std error and decomposition into time to be expected in each health state
#  (weighted average of eij where weights are the age specific forward period (stable) prevalences in each health state 
# Age popbased mobilav e.. (std) e.1 (std) e.2 (std) 
   50 0 0  24.307 (  1.621)  11.763 (  1.013)  12.545 (  1.139)
   51 0 0  23.598 (  1.562)  11.262 (  0.975)  12.336 (  1.104)
   52 0 0  22.892 (  1.511)  10.771 (  0.941)  12.121 (  1.074)
   53 0 0  22.195 (  1.467)  10.293 (  0.913)  11.902 (  1.047)
   54 0 0  21.502 (  1.429)   9.826 (  0.888)  11.676 (  1.024)
   55 0 0  20.818 (  1.395)   9.372 (  0.867)  11.446 (  1.004)
   56 0 0  20.140 (  1.365)   8.930 (  0.850)  11.210 (  0.986)
   57 0 0  19.472 (  1.340)   8.501 (  0.835)  10.972 (  0.971)
   58 0 0  18.812 (  1.317)   8.084 (  0.824)  10.728 (  0.958)
   59 0 0  18.163 (  1.296)   7.681 (  0.814)  10.482 (  0.947)
   60 0 0  17.522 (  1.279)   7.291 (  0.806)  10.231 (  0.937)
   61 0 0  16.893 (  1.263)   6.915 (  0.799)   9.978 (  0.929)
   62 0 0  16.274 (  1.249)   6.551 (  0.794)   9.723 (  0.923)
   63 0 0  15.668 (  1.238)   6.202 (  0.789)   9.466 (  0.918)
   64 0 0  15.073 (  1.228)   5.866 (  0.785)   9.207 (  0.913)
   65 0 0  14.491 (  1.220)   5.544 (  0.782)   8.947 (  0.911)
   66 0 0  13.923 (  1.214)   5.236 (  0.778)   8.687 (  0.909)
   67 0 0  13.368 (  1.209)   4.941 (  0.774)   8.427 (  0.909)
   68 0 0  12.826 (  1.205)   4.659 (  0.770)   8.167 (  0.909)
   69 0 0  12.300 (  1.203)   4.391 (  0.766)   7.909 (  0.911)
   70 0 0  11.787 (  1.202)   4.135 (  0.761)   7.651 (  0.914)
   71 0 0  11.289 (  1.202)   3.893 (  0.756)   7.396 (  0.917)
   72 0 0  10.806 (  1.202)   3.663 (  0.751)   7.143 (  0.921)
   73 0 0  10.338 (  1.203)   3.445 (  0.744)   6.893 (  0.926)
   74 0 0   9.885 (  1.204)   3.239 (  0.738)   6.646 (  0.931)
   75 0 0   9.448 (  1.215)   3.045 (  0.726)   6.403 (  0.953)
   76 0 0   9.026 (  1.205)   2.863 (  0.723)   6.163 (  0.942)
   77 0 0   8.619 (  1.206)   2.691 (  0.716)   5.928 (  0.948)
   78 0 0   8.227 (  1.205)   2.530 (  0.708)   5.698 (  0.953)
   79 0 0   7.851 (  1.204)   2.379 (  0.700)   5.473 (  0.958)
   80 0 0   7.490 (  1.201)   2.238 (  0.692)   5.252 (  0.962)
   81 0 0   7.143 (  1.197)   2.106 (  0.684)   5.037 (  0.966)
   82 0 0   6.812 (  1.192)   1.984 (  0.677)   4.828 (  0.968)
   83 0 0   6.494 (  1.178)   1.870 (  0.662)   4.624 (  0.975)
   84 0 0   6.192 (  1.178)   1.765 (  0.664)   4.427 (  0.971)
   85 0 0   5.903 (  1.169)   1.667 (  0.659)   4.235 (  0.971)
   86 0 0   5.627 (  1.158)   1.578 (  0.655)   4.049 (  0.969)
   87 0 0   5.366 (  1.146)   1.496 (  0.652)   3.870 (  0.967)
   88 0 0   5.117 (  1.132)   1.420 (  0.651)   3.697 (  0.963)
   89 0 0   4.882 (  1.117)   1.352 (  0.652)   3.530 (  0.958)
   90 0 0   4.659 (  1.101)   1.290 (  0.655)   3.369 (  0.952)
