# CZMgali.txt
#IMaCh version 0.99r45, April 2023,INED-EUROREVES-Institut de longevite-Japan Society for the Promotion of Science (Grant-in-Aid for Scientific Research 25293121), Intel Software 2015-2020, Nihon University 2021-202, INED 2000-2022
#$Revision: 1.353 $ $Date: 2023/05/08 18:48:22 $
# Tue Feb 04 20:24:32 2025

#****** ******
# (a) Life expectancies by health status at initial age and (b) health expectancies by health status at initial age
# Age e11  e12  e1.  e21  e22  e2. 
 50  24.3618   3.7740  28.1358  19.9288   5.3559  25.2847
 51  23.5432   3.7264  27.2696  19.0757   5.3160  24.3917
 52  22.7348   3.6771  26.4119  18.2377   5.2740  23.5117
 53  21.9370   3.6263  25.5633  17.4156   5.2300  22.6456
 54  21.1504   3.5738  24.7242  16.6100   5.1839  21.7939
 55  20.3752   3.5197  23.8949  15.8215   5.1358  20.9574
 56  19.6119   3.4639  23.0759  15.0510   5.0858  20.1368
 57  18.8610   3.4066  22.2676  14.2990   5.0338  19.3328
 58  18.1229   3.3476  21.4705  13.5661   4.9800  18.5461
 59  17.3979   3.2871  20.6850  12.8529   4.9243  17.7772
 60  16.6865   3.2250  19.9115  12.1599   4.8669  17.0268
 61  15.9891   3.1614  19.1505  11.4877   4.8078  16.2955
 62  15.3060   3.0964  18.4023  10.8366   4.7471  15.5838
 63  14.6376   3.0299  17.6675  10.2071   4.6850  14.8921
 64  13.9842   2.9621  16.9463   9.5995   4.6215  14.2210
 65  13.3463   2.8930  16.2393   9.0141   4.5567  13.5708
 66  12.7241   2.8226  15.5467   8.4510   4.4907  12.9418
 67  12.1178   2.7512  14.8690   7.9105   4.4238  12.3343
 68  11.5279   2.6786  14.2065   7.3926   4.3559  11.7485
 69  10.9544   2.6051  13.5595   6.8974   4.2872  11.1846
 70  10.3977   2.5307  12.9284   6.4247   4.2180  10.6427
 71   9.8579   2.4556  12.3135   5.9745   4.1482  10.1227
 72   9.3352   2.3799  11.7150   5.5465   4.0781   9.6246
 73   8.8297   2.3036  11.1332   5.1406   4.0077   9.1483
 74   8.3415   2.2269  10.5684   4.7565   3.9372   8.6937
 75   7.8708   2.1499  10.0207   4.3936   3.8668   8.2604
 76   7.4175   2.0728   9.4903   4.0517   3.7965   7.8482
 77   6.9816   1.9957   8.9774   3.7302   3.7265   7.4567
 78   6.5632   1.9188   8.4820   3.4285   3.6569   7.0854
 79   6.1621   1.8422   8.0043   3.1462   3.5878   6.7340
 80   5.7783   1.7660   7.5444   2.8825   3.5193   6.4018
 81   5.4117   1.6905   7.1021   2.6368   3.4515   6.0882
 82   5.0620   1.6156   6.6776   2.4083   3.3844   5.7928
 83   4.7291   1.5417   6.2708   2.1965   3.3182   5.5147
 84   4.4127   1.4688   5.8815   2.0005   3.2530   5.2534
 85   4.1125   1.3972   5.5097   1.8195   3.1887   5.0082
 86   3.8284   1.3268   5.1552   1.6528   3.1254   4.7782
 87   3.5598   1.2579   4.8177   1.4996   3.0631   4.5628
 88   3.3065   1.1906   4.4972   1.3592   3.0019   4.3611
 89   3.0681   1.1251   4.1932   1.2307   2.9418   4.1726
 90   2.8441   1.0613   3.9055   1.1134   2.8829   3.9963
