# Powell
# iter -2*LL p12 p13 p21 p23
1 1 2118.725147107655 0 -5.674684200000 0.041206000000 -12.108608500000 0.118900800000 0.603066200000 -0.024332700000 -4.481143700000 0.035308500000
2 2 1995.544173110472 0 -6.016669612065 0.041195423275 -13.173087878007 0.118983189226 -0.014512670333 -0.024279627335 -5.162428272358 0.035343309840
3 2 1987.116427085682 0 -6.232825595926 0.041177415625 -12.980609053025 0.119007172610 -0.150952270081 -0.024236422241 -5.270685026310 0.035340186951
4 3 1986.677420460580 0 -6.299125417209 0.041138950798 -12.956715219992 0.119022990987 -0.177893938241 -0.024186277156 -5.291049196168 0.035328912508
5 3 1986.675317369342 1 -6.297693155777 0.041118606001 -12.956947700227 0.119034895261 -0.180594801930 -0.024143197378 -5.290476695467 0.035329611014
6 4 1986.612548007730 1 -6.216710545552 0.039949537432 -12.999916700412 0.119710575253 -0.342671059468 -0.021742499069 -5.250401194873 0.034713166740
7 4 1986.611454686589 1 -6.215265088917 0.039922830514 -13.004842978550 0.119727881605 -0.343615882802 -0.021735367123 -5.248801055480 0.034702304935
8 5 1986.610145589996 1 -6.205987681209 0.039787257659 -13.024561238723 0.119917710886 -0.339507830784 -0.021797756406 -5.242492621676 0.034634762367
9 5 1986.608409407084 1 -6.192897721081 0.039595813358 -13.052377680090 0.120273477971 -0.333679955513 -0.021883603279 -5.235053749701 0.034534548643
10 6 1986.607720418067 2 -6.187327309923 0.039509361560 -13.069153203569 0.120492141716 -0.325651773491 -0.022007284178 -5.231060684343 0.034479852597
11 6 1986.607292154280 2 -6.184293309993 0.039462820180 -13.081821492088 0.120665752914 -0.319113408962 -0.022106073395 -5.227662895715 0.034431391586
12 7 1986.606531261394 2 -6.183453561402 0.039454117457 -13.092463214187 0.120850004322 -0.314318548693 -0.022172230762 -5.223950597085 0.034369014014
13 7 1986.606390065876 2 -6.183152228735 0.039453422771 -13.090016751075 0.120830108021 -0.319923244109 -0.022084866065 -5.223417854232 0.034357849007
14 8 1986.606356685692 2 -6.185644536022 0.039490419383 -13.085200664631 0.120774523427 -0.320928278995 -0.022068739484 -5.224206656781 0.034366672232
15 8 1986.606351375639 2 -6.185672440529 0.039490883806 -13.085146881923 0.120773645093 -0.320814130033 -0.022070500594 -5.223981791579 0.034363606808
16 9 1986.606218993673 3 -6.184996401688 0.039480240850 -13.084071265196 0.120758381469 -0.319228955994 -0.022093065022 -5.211357642188 0.034187804648
17 9 1986.606218776590 3 -6.184836261826 0.039477762241 -13.084265483582 0.120761250416 -0.319417239820 -0.022090483062 -5.211256119400 0.034186142597
18 10 1986.606218668243 3 -6.184898826299 0.039478768088 -13.083998192111 0.120758174189 -0.319555933660 -0.022088387699 -5.211276788218 0.034186294359
19 10 1986.606218512899 3 -6.184925694894 0.039479213090 -13.083794658668 0.120755801467 -0.319604040769 -0.022087645634 -5.211297385301 0.034186487023
20 11 1986.606217463679 4 -6.184853843803 0.039478327186 -13.082854529396 0.120744598072 -0.319626536879 -0.022087193339 -5.211416576093 0.034187740276
21 11 1986.606214569100 4 -6.184169198618 0.039468269001 -13.081768462395 0.120730931770 -0.319039605407 -0.022095821727 -5.211665204038 0.034190831566
22 12 1986.606213673473 4 -6.184001710270 0.039465614578 -13.081907446655 0.120732313734 -0.318775948384 -0.022099790111 -5.211754651234 0.034192161466
23 12 1986.606212960090 4 -6.183526109695 0.039458518680 -13.082255668369 0.120735914367 -0.318446462274 -0.022104769614 -5.211781634003 0.034192758731
24 13 1986.606212959764 4 -6.183523342224 0.039458491057 -13.082261590901 0.120735999040 -0.318441641041 -0.022104837421 -5.211765917011 0.034192537067
25 13 1986.606212959764 5 -6.183523342329 0.039458491059 -13.082261591066 0.120735999043 -0.318441641288 -0.022104837418 -5.211765918984 0.034192537094
26 14 1986.606212959763 5 -6.183523342329 0.039458491059 -13.082261591066 0.120735999043 -0.318441641288 -0.022104837418 -5.211765918984 0.034192537094
