# CZMgali.txt
#IMaCh version 0.99r45, April 2023,INED-EUROREVES-Institut de longevite-Japan Society for the Promotion of Science (Grant-in-Aid for Scientific Research 25293121), Intel Software 2015-2020, Nihon University 2021-202, INED 2000-2022
#$Revision: 1.353 $ $Date: 2023/05/08 18:48:22 $
# Tue Feb 04 20:24:32 2025
#One-step probabilities and covariance matrix
# Age p1-1  p1-2  p1-3  p2-1  p2-2  p2-3 
50  9.845e-001  1.461e-002  8.579e-004  1.895e-001  7.868e-001  2.371e-002 
50 1-1  1.126e-005
50 1-2 -1.122e-005  1.136e-005
50 1-3 -4.066e-008 -1.421e-007  1.827e-007
50 2-1 -3.381e-005  3.290e-005  9.084e-007  1.346e-003
50 2-2  3.498e-005 -3.504e-005  6.362e-008 -1.309e-003  1.354e-003
50 2-3 -1.166e-006  2.138e-006 -9.720e-007 -3.660e-005 -4.487e-005  8.148e-005
51  9.838e-001  1.519e-002  9.673e-004  1.860e-001  7.894e-001  2.462e-002 
51 1-1  1.112e-005
51 1-2 -1.106e-005  1.121e-005
51 1-3 -6.068e-008 -1.559e-007  2.165e-007
51 2-1 -3.167e-005  3.075e-005  9.187e-007  1.190e-003
51 2-2  3.274e-005 -3.287e-005  1.386e-007 -1.156e-003  1.204e-003
51 2-3 -1.068e-006  2.125e-006 -1.057e-006 -3.351e-005 -4.763e-005  8.113e-005
52  9.831e-001  1.578e-002  1.091e-003  1.825e-001  7.920e-001  2.555e-002 
52 1-1  1.095e-005
52 1-2 -1.086e-005  1.103e-005
52 1-3 -8.528e-008 -1.708e-007  2.560e-007
52 2-1 -2.957e-005  2.864e-005  9.259e-007  1.048e-003
52 2-2  3.053e-005 -3.075e-005  2.218e-007 -1.017e-003  1.067e-003
52 2-3 -9.605e-007  2.108e-006 -1.148e-006 -3.057e-005 -5.001e-005  8.059e-005
53  9.824e-001  1.641e-002  1.230e-003  1.790e-001  7.944e-001  2.652e-002 
53 1-1  1.075e-005
53 1-2 -1.064e-005  1.083e-005
53 1-3 -1.152e-007 -1.868e-007  3.020e-007
53 2-1 -2.752e-005  2.659e-005  9.297e-007  9.200e-004
53 2-2  2.837e-005 -2.868e-005  3.134e-007 -8.922e-004  9.442e-004
53 2-3 -8.435e-007  2.087e-006 -1.243e-006 -2.781e-005 -5.203e-005  7.984e-005
54  9.816e-001  1.705e-002  1.386e-003  1.757e-001  7.968e-001  2.753e-002 
54 1-1  1.054e-005
54 1-2 -1.039e-005  1.059e-005
54 1-3 -1.512e-007 -2.041e-007  3.554e-007
54 2-1 -2.554e-005  2.461e-005  9.301e-007  8.050e-004
54 2-2  2.626e-005 -2.667e-005  4.132e-007 -7.798e-004  8.335e-004
54 2-3 -7.178e-007  2.061e-006 -1.343e-006 -2.523e-005 -5.366e-005  7.889e-005
55  9.807e-001  1.772e-002  1.563e-003  1.723e-001  7.991e-001  2.857e-002 
55 1-1  1.030e-005
55 1-2 -1.010e-005  1.033e-005
55 1-3 -1.943e-007 -2.227e-007  4.170e-007
55 2-1 -2.364e-005  2.271e-005  9.274e-007  7.023e-004
55 2-2  2.422e-005 -2.474e-005  5.211e-007 -6.795e-004  7.344e-004
55 2-3 -5.847e-007  2.033e-006 -1.448e-006 -2.283e-005 -5.492e-005  7.775e-005
56  9.798e-001  1.842e-002  1.762e-003  1.690e-001  8.013e-001  2.965e-002 
56 1-1  1.004e-005
56 1-2 -9.799e-006  1.004e-005
56 1-3 -2.453e-007 -2.428e-007  4.880e-007
56 2-1 -2.181e-005  2.089e-005  9.217e-007  6.110e-004
56 2-2  2.226e-005 -2.290e-005  6.367e-007 -5.904e-004  6.462e-004
56 2-3 -4.456e-007  2.004e-006 -1.558e-006 -2.063e-005 -5.581e-005  7.644e-005
57  9.789e-001  1.914e-002  1.986e-003  1.658e-001  8.035e-001  3.076e-002 
57 1-1  9.781e-006
57 1-2 -9.476e-006  9.741e-006
57 1-3 -3.052e-007 -2.643e-007  5.695e-007
57 2-1 -2.009e-005  1.917e-005  9.135e-007  5.306e-004
57 2-2  2.039e-005 -2.115e-005  7.595e-007 -5.119e-004  5.683e-004
57 2-3 -3.022e-007  1.975e-006 -1.673e-006 -1.862e-005 -5.634e-005  7.496e-005
58  9.779e-001  1.989e-002  2.238e-003  1.626e-001  8.055e-001  3.191e-002 
58 1-1  9.517e-006
58 1-2 -9.142e-006  9.430e-006
58 1-3 -3.750e-007 -2.877e-007  6.626e-007
58 2-1 -1.847e-005  1.756e-005  9.036e-007  4.602e-004
58 2-2  1.862e-005 -1.951e-005  8.887e-007 -4.433e-004  4.998e-004
58 2-3 -1.567e-007  1.949e-006 -1.792e-006 -1.683e-005 -5.651e-005  7.334e-005
59  9.768e-001  2.067e-002  2.523e-003  1.594e-001  8.075e-001  3.310e-002 
59 1-1  9.260e-006
59 1-2 -8.804e-006  9.117e-006
59 1-3 -4.557e-007 -3.129e-007  7.686e-007
59 2-1 -1.697e-005  1.608e-005  8.931e-007  3.992e-004
59 2-2  1.698e-005 -1.800e-005  1.023e-006 -3.839e-004  4.403e-004
59 2-3 -1.164e-008  1.928e-006 -1.917e-006 -1.525e-005 -5.637e-005  7.161e-005
60  9.757e-001  2.148e-002  2.843e-003  1.563e-001  8.094e-001  3.433e-002 
60 1-1  9.022e-006
60 1-2 -8.474e-006  8.814e-006
60 1-3 -5.483e-007 -3.405e-007  8.888e-007
60 2-1 -1.560e-005  1.472e-005  8.835e-007  3.470e-004
60 2-2  1.547e-005 -1.663e-005  1.163e-006 -3.331e-004  3.890e-004
60 2-3  1.303e-007  1.916e-006 -2.046e-006 -1.389e-005 -5.592e-005  6.981e-005
61  9.745e-001  2.232e-002  3.204e-003  1.532e-001  8.112e-001  3.561e-002 
61 1-1  8.817e-006
61 1-2 -8.163e-006  8.534e-006
61 1-3 -6.538e-007 -3.707e-007  1.024e-006
61 2-1 -1.438e-005  1.351e-005  8.768e-007  3.029e-004
61 2-2  1.412e-005 -1.542e-005  1.305e-006 -2.902e-004  3.454e-004
61 2-3  2.659e-007  1.916e-006 -2.181e-006 -1.277e-005 -5.521e-005  6.798e-005
62  9.732e-001  2.318e-002  3.611e-003  1.502e-001  8.129e-001  3.692e-002 
62 1-1  8.660e-006
62 1-2 -7.887e-006  8.291e-006
62 1-3 -7.731e-007 -4.041e-007  1.177e-006
62 2-1 -1.332e-005  1.245e-005  8.756e-007  2.665e-004
62 2-2  1.293e-005 -1.438e-005  1.448e-006 -2.546e-004  3.089e-004
62 2-3  3.918e-007  1.932e-006 -2.324e-006 -1.189e-005 -5.429e-005  6.618e-005
63  9.718e-001  2.408e-002  4.069e-003  1.472e-001  8.145e-001  3.828e-002 
63 1-1  8.569e-006
63 1-2 -7.662e-006  8.104e-006
63 1-3 -9.071e-007 -4.415e-007  1.349e-006
63 2-1 -1.244e-005  1.156e-005  8.832e-007  2.370e-004
63 2-2  1.194e-005 -1.353e-005  1.592e-006 -2.257e-004  2.789e-004
63 2-3  5.046e-007  1.971e-006 -2.475e-006 -1.126e-005 -5.321e-005  6.447e-005
64  9.704e-001  2.502e-002  4.584e-003  1.442e-001  8.161e-001  3.969e-002 
64 1-1  8.568e-006
64 1-2 -7.511e-006  7.995e-006
64 1-3 -1.057e-006 -4.839e-007  1.541e-006
64 2-1 -1.175e-005  1.085e-005  9.040e-007  2.139e-004
64 2-2  1.115e-005 -1.288e-005  1.735e-006 -2.030e-004  2.550e-004
64 2-3  6.009e-007  2.038e-006 -2.639e-006 -1.090e-005 -5.204e-005  6.294e-005
65  9.689e-001  2.598e-002  5.164e-003  1.413e-001  8.175e-001  4.114e-002 
65 1-1  8.679e-006
65 1-2 -7.456e-006  7.989e-006
65 1-3 -1.223e-006 -5.327e-007  1.756e-006
65 2-1 -1.127e-005  1.033e-005  9.431e-007  1.967e-004
65 2-2  1.059e-005 -1.247e-005  1.875e-006 -1.859e-004  2.368e-004
65 2-3  6.775e-007  2.141e-006 -2.818e-006 -1.080e-005 -5.087e-005  6.167e-005
66  9.672e-001  2.698e-002  5.817e-003  1.385e-001  8.189e-001  4.264e-002 
66 1-1  8.934e-006
66 1-2 -7.526e-006  8.116e-006
66 1-3 -1.408e-006 -5.899e-007  1.998e-006
66 2-1 -1.102e-005  1.001e-005  1.007e-006  1.849e-004
66 2-2  1.029e-005 -1.230e-005  2.012e-006 -1.739e-004  2.237e-004
66 2-3  7.319e-007  2.288e-006 -3.020e-006 -1.099e-005 -4.980e-005  6.078e-005
67  9.654e-001  2.802e-002  6.551e-003  1.356e-001  8.202e-001  4.420e-002 
67 1-1  9.366e-006
67 1-2 -7.753e-006  8.411e-006
67 1-3 -1.613e-006 -6.578e-007  2.271e-006
67 2-1 -1.102e-005  9.916e-006  1.104e-006  1.780e-004
67 2-2  1.026e-005 -1.240e-005  2.147e-006 -1.665e-004  2.155e-004
67 2-3  7.625e-007  2.489e-006 -3.251e-006 -1.147e-005 -4.892e-005  6.040e-005
68  9.635e-001  2.909e-002  7.377e-003  1.329e-001  8.213e-001  4.580e-002 
68 1-1  1.001e-005
68 1-2 -8.172e-006  8.912e-006
68 1-3 -1.842e-006 -7.400e-007  2.582e-006
68 2-1 -1.129e-005  1.005e-005  1.244e-006  1.755e-004
68 2-2  1.052e-005 -1.280e-005  2.280e-006 -1.633e-004  2.117e-004
68 2-3  7.693e-007  2.755e-006 -3.524e-006 -1.227e-005 -4.839e-005  6.065e-005
69  9.615e-001  3.019e-002  8.306e-003  1.301e-001  8.224e-001  4.745e-002 
69 1-1  1.093e-005
69 1-2 -8.825e-006  9.666e-006
69 1-3 -2.101e-006 -8.411e-007  2.942e-006
69 2-1 -1.185e-005  1.042e-005  1.438e-006  1.771e-004
69 2-2  1.110e-005 -1.352e-005  2.416e-006 -1.637e-004  2.120e-004
69 2-3  7.546e-007  3.099e-006 -3.854e-006 -1.338e-005 -4.834e-005  6.172e-005
70  9.593e-001  3.134e-002  9.351e-003  1.274e-001  8.234e-001  4.916e-002 
70 1-1  1.216e-005
70 1-2 -9.757e-006  1.072e-005
70 1-3 -2.401e-006 -9.671e-007  3.368e-006
70 2-1 -1.274e-005  1.104e-005  1.700e-006  1.822e-004
70 2-2  1.202e-005 -1.458e-005  2.561e-006 -1.674e-004  2.163e-004
70 2-3  7.239e-007  3.537e-006 -4.261e-006 -1.483e-005 -4.896e-005  6.380e-005
71  9.570e-001  3.252e-002  1.052e-002  1.248e-001  8.243e-001  5.093e-002 
71 1-1  1.378e-005
71 1-2 -1.102e-005  1.214e-005
71 1-3 -2.757e-006 -1.126e-006  3.883e-006
71 2-1 -1.397e-005  1.192e-005  2.048e-006  1.905e-004
71 2-2  1.329e-005 -1.601e-005  2.724e-006 -1.738e-004  2.243e-004
71 2-3  6.871e-007  4.085e-006 -4.772e-006 -1.663e-005 -5.045e-005  6.708e-005
72  9.544e-001  3.374e-002  1.184e-002  1.222e-001  8.251e-001  5.275e-002 
72 1-1  1.586e-005
72 1-2 -1.267e-005  1.399e-005
72 1-3 -3.194e-006 -1.329e-006  4.523e-006
72 2-1 -1.558e-005  1.308e-005  2.502e-006  2.016e-004
72 2-2  1.492e-005 -1.785e-005  2.921e-006 -1.827e-004  2.358e-004
72 2-3  6.597e-007  4.763e-006 -5.422e-006 -1.881e-005 -5.302e-005  7.183e-005
73  9.517e-001  3.499e-002  1.333e-002  1.196e-001  8.258e-001  5.463e-002 
73 1-1  1.851e-005
73 1-2 -1.476e-005  1.635e-005
73 1-3 -3.754e-006 -1.590e-006  5.345e-006
73 2-1 -1.761e-005  1.452e-005  3.084e-006  2.151e-004
73 2-2  1.694e-005 -2.012e-005  3.174e-006 -1.937e-004  2.507e-004
73 2-3  6.651e-007  5.592e-006 -6.257e-006 -2.137e-005 -5.694e-005  7.831e-005
74  9.487e-001  3.629e-002  1.499e-002  1.171e-001  8.264e-001  5.657e-002 
74 1-1  2.185e-005
74 1-2 -1.736e-005  1.929e-005
74 1-3 -4.497e-006 -1.929e-006  6.426e-006
74 2-1 -2.008e-005  1.626e-005  3.822e-006  2.307e-004
74 2-2  1.934e-005 -2.285e-005  3.512e-006 -2.064e-004  2.689e-004
74 2-3  7.363e-007  6.598e-006 -7.335e-006 -2.434e-005 -6.249e-005  8.682e-005
75  9.455e-001  3.762e-002  1.686e-002  1.146e-001  8.268e-001  5.857e-002 
75 1-1  2.605e-005
75 1-2 -2.053e-005  2.290e-005
75 1-3 -5.516e-006 -2.370e-006  7.886e-006
75 2-1 -2.304e-005  1.829e-005  4.750e-006  2.482e-004
75 2-2  2.212e-005 -2.610e-005  3.979e-006 -2.205e-004  2.905e-004
75 2-3  9.189e-007  7.810e-006 -8.729e-006 -2.773e-005 -6.999e-005  9.772e-005
76  9.421e-001  3.899e-002  1.895e-002  1.121e-001  8.272e-001  6.064e-002 
76 1-1  3.130e-005
76 1-2 -2.435e-005  2.730e-005
76 1-3 -6.946e-006 -2.947e-006  9.893e-006
76 2-1 -2.653e-005  2.063e-005  5.903e-006  2.672e-004
76 2-2  2.526e-005 -2.989e-005  4.630e-006 -2.356e-004  3.154e-004
76 2-3  1.274e-006  9.259e-006 -1.053e-005 -3.158e-005 -7.980e-005  1.114e-004
77  9.383e-001  4.040e-002  2.130e-002  1.097e-001  8.275e-001  6.277e-002 
77 1-1  3.787e-005
77 1-2 -2.889e-005  3.259e-005
77 1-3 -8.984e-006 -3.703e-006  1.269e-005
77 2-1 -3.060e-005  2.328e-005  7.326e-006  2.874e-004
77 2-2  2.872e-005 -3.426e-005  5.540e-006 -2.515e-004  3.438e-004
77 2-3  1.883e-006  1.098e-005 -1.287e-005 -3.590e-005 -9.233e-005  1.282e-004
78  9.342e-001  4.184e-002  2.392e-002  1.073e-001  8.277e-001  6.497e-002 
78 1-1  4.611e-005
78 1-2 -3.420e-005  3.890e-005
78 1-3 -1.191e-005 -4.697e-006  1.661e-005
78 2-1 -3.531e-005  2.624e-005  9.069e-006  3.085e-004
78 2-2  3.245e-005 -3.926e-005  6.806e-006 -2.678e-004  3.758e-004
78 2-3  2.851e-006  1.302e-005 -1.587e-005 -4.073e-005 -1.080e-004  1.487e-004
79  9.298e-001  4.332e-002  2.687e-002  1.050e-001  8.278e-001  6.723e-002 
79 1-1  5.648e-005
79 1-2 -4.035e-005  4.635e-005
79 1-3 -1.614e-005 -6.003e-006  2.214e-005
79 2-1 -4.070e-005  2.951e-005  1.119e-005  3.305e-004
79 2-2  3.639e-005 -4.494e-005  8.552e-006 -2.844e-004  4.117e-004
79 2-3  4.312e-006  1.543e-005 -1.974e-005 -4.608e-005 -1.273e-004  1.734e-004
80  9.250e-001  4.483e-002  3.016e-002  1.027e-001  8.277e-001  6.957e-002 
80 1-1  6.959e-005
80 1-2 -4.738e-005  5.510e-005
80 1-3 -2.221e-005 -7.722e-006  2.994e-005
80 2-1 -4.684e-005  3.310e-005  1.375e-005  3.529e-004
80 2-2  4.041e-005 -5.135e-005  1.094e-005 -3.009e-004  4.518e-004
80 2-3  6.437e-006  1.825e-005 -2.469e-005 -5.198e-005 -1.509e-004  2.028e-004
81  9.198e-001  4.637e-002  3.384e-002  1.004e-001  8.276e-001  7.198e-002 
81 1-1  8.623e-005
81 1-2 -5.531e-005  6.530e-005
81 1-3 -3.092e-005 -9.984e-006  4.090e-005
81 2-1 -5.381e-005  3.699e-005  1.682e-005  3.756e-004
81 2-2  4.437e-005 -5.854e-005  1.417e-005 -3.172e-004  4.963e-004
81 2-3  9.438e-006  2.155e-005 -3.099e-005 -5.848e-005 -1.792e-004  2.377e-004
82  9.141e-001  4.794e-002  3.794e-002  9.822e-002  8.273e-001  7.446e-002 
82 1-1  1.075e-004
82 1-2 -6.415e-005  7.711e-005
82 1-3 -4.330e-005 -1.296e-005  5.626e-005
82 2-1 -6.166e-005  4.117e-005  2.049e-005  3.985e-004
82 2-2  4.809e-005 -6.657e-005  1.849e-005 -3.329e-004  5.459e-004
82 2-3  1.358e-005  2.540e-005 -3.898e-005 -6.559e-005 -2.130e-004  2.785e-004
83  9.079e-001  4.954e-002  4.252e-002  9.603e-002  8.270e-001  7.701e-002 
83 1-1  1.346e-004
83 1-2 -7.384e-005  9.070e-005
83 1-3 -6.080e-005 -1.687e-005  7.767e-005
83 2-1 -7.049e-005  4.565e-005  2.484e-005  4.213e-004
83 2-2  5.131e-005 -7.552e-005  2.421e-005 -3.480e-004  6.009e-004
83 2-3  1.918e-005  2.987e-005 -4.905e-005 -7.335e-005 -2.529e-004  3.262e-004
84  9.012e-001  5.115e-002  4.762e-002  9.387e-002  8.265e-001  7.965e-002 
84 1-1  1.696e-004
84 1-2 -8.428e-005  1.063e-004
84 1-3 -8.532e-005 -2.199e-005  1.073e-004
84 2-1 -8.036e-005  5.038e-005  2.998e-005  4.440e-004
84 2-2  5.372e-005 -8.544e-005  3.172e-005 -3.622e-004  6.619e-004
84 2-3  2.664e-005  3.506e-005 -6.170e-005 -8.181e-005 -2.998e-004  3.816e-004
85  8.939e-001  5.278e-002  5.330e-002  9.175e-002  8.259e-001  8.236e-002 
85 1-1  2.146e-004
85 1-2 -9.528e-005  1.240e-004
85 1-3 -1.193e-004 -2.871e-005  1.481e-004
85 2-1 -9.137e-005  5.536e-005  3.601e-005  4.663e-004
85 2-2  5.495e-005 -9.643e-005  4.147e-005 -3.753e-004  7.298e-004
85 2-3  3.642e-005  4.106e-005 -7.748e-005 -9.099e-005 -3.545e-004  4.455e-004
86  8.860e-001  5.441e-002  5.960e-002  8.967e-002  8.252e-001  8.515e-002 
86 1-1  2.727e-004
86 1-2 -1.066e-004  1.441e-004
86 1-3 -1.662e-004 -3.750e-005  2.036e-004
86 2-1 -1.036e-004  6.055e-005  4.304e-005  4.881e-004
86 2-2  5.452e-005 -1.086e-004  5.403e-005 -3.871e-004  8.051e-004
86 2-3  4.907e-005  4.800e-005 -9.707e-005 -1.009e-004 -4.179e-004  5.189e-004
87  8.774e-001  5.605e-002  6.660e-002  8.762e-002  8.244e-001  8.802e-002 
87 1-1  3.477e-004
87 1-2 -1.178e-004  1.667e-004
87 1-3 -2.299e-004 -4.895e-005  2.789e-004
87 2-1 -1.171e-004  6.593e-005  5.121e-005  5.093e-004
87 2-2  5.187e-005 -1.219e-004  7.004e-005 -3.976e-004  8.888e-004
87 2-3  6.526e-005  5.599e-005 -1.213e-004 -1.117e-004 -4.912e-004  6.029e-004
88  8.680e-001  5.768e-002  7.434e-002  8.561e-002  8.234e-001  9.098e-002 
88 1-1  4.442e-004
88 1-2 -1.282e-004  1.921e-004
88 1-3 -3.159e-004 -6.384e-005  3.798e-004
88 2-1 -1.321e-004  7.144e-005  6.063e-005  5.298e-004
88 2-2  4.632e-005 -1.366e-004  9.029e-005 -4.065e-004  9.818e-004
88 2-3  8.574e-005  6.518e-005 -1.509e-004 -1.233e-004 -5.752e-004  6.985e-004
89  8.578e-001  5.930e-002  8.290e-002  8.363e-002  8.223e-001  9.402e-002 
89 1-1  5.680e-004
89 1-2 -1.373e-004  2.204e-004
89 1-3 -4.308e-004 -8.312e-005  5.139e-004
89 2-1 -1.485e-004  7.704e-005  7.144e-005  5.496e-004
89 2-2  3.709e-005 -1.528e-004  1.157e-004 -4.138e-004  1.085e-003
89 2-3  1.114e-004  7.574e-005 -1.871e-004 -1.358e-004 -6.713e-004  8.071e-004
90  8.468e-001  6.090e-002  9.233e-002  8.168e-002  8.212e-001  9.715e-002 
90 1-1  7.263e-004
90 1-2 -1.439e-004  2.518e-004
90 1-3 -5.825e-004 -1.080e-004  6.905e-004
90 2-1 -1.664e-004  8.267e-005  8.376e-005  5.684e-004
90 2-2  2.327e-005 -1.705e-004  1.472e-004 -4.192e-004  1.200e-003
90 2-3  1.432e-004  8.784e-005 -2.310e-004 -1.492e-004 -7.808e-004  9.300e-004