# CZMgali.txt
#IMaCh version 0.99r45, April 2023,INED-EUROREVES-Institut de longevite-Japan Society for the Promotion of Science (Grant-in-Aid for Scientific Research 25293121), Intel Software 2015-2020, Nihon University 2021-202, INED 2000-2022
#$Revision: 1.353 $ $Date: 2023/05/08 18:48:22 $
# Tue Feb 04 20:24:32 2025
#One-step probabilities and stand. devi in ()
# Age p1-1 (SE) p1-2 (SE) p1-3 (SE) p2-1 (SE) p2-2 (SE) p2-3 (SE)
50  9.845e-001 ( 3.355e-003)  1.461e-002 ( 3.370e-003)  8.579e-004 ( 4.275e-004)  1.895e-001 ( 3.668e-002)  7.868e-001 ( 3.680e-002)  2.371e-002 ( 9.027e-003) 
51  9.838e-001 ( 3.334e-003)  1.519e-002 ( 3.348e-003)  9.673e-004 ( 4.653e-004)  1.860e-001 ( 3.449e-002)  7.894e-001 ( 3.469e-002)  2.462e-002 ( 9.007e-003) 
52  9.831e-001 ( 3.309e-003)  1.578e-002 ( 3.322e-003)  1.091e-003 ( 5.060e-004)  1.825e-001 ( 3.237e-002)  7.920e-001 ( 3.267e-002)  2.555e-002 ( 8.977e-003) 
53  9.824e-001 ( 3.279e-003)  1.641e-002 ( 3.290e-003)  1.230e-003 ( 5.496e-004)  1.790e-001 ( 3.033e-002)  7.944e-001 ( 3.073e-002)  2.652e-002 ( 8.935e-003) 
54  9.816e-001 ( 3.246e-003)  1.705e-002 ( 3.254e-003)  1.386e-003 ( 5.961e-004)  1.757e-001 ( 2.837e-002)  7.968e-001 ( 2.887e-002)  2.753e-002 ( 8.882e-003) 
55  9.807e-001 ( 3.209e-003)  1.772e-002 ( 3.214e-003)  1.563e-003 ( 6.458e-004)  1.723e-001 ( 2.650e-002)  7.991e-001 ( 2.710e-002)  2.857e-002 ( 8.818e-003) 
56  9.798e-001 ( 3.169e-003)  1.842e-002 ( 3.169e-003)  1.762e-003 ( 6.986e-004)  1.690e-001 ( 2.472e-002)  8.013e-001 ( 2.542e-002)  2.965e-002 ( 8.743e-003) 
57  9.789e-001 ( 3.128e-003)  1.914e-002 ( 3.121e-003)  1.986e-003 ( 7.547e-004)  1.658e-001 ( 2.303e-002)  8.035e-001 ( 2.384e-002)  3.076e-002 ( 8.658e-003) 
58  9.779e-001 ( 3.085e-003)  1.989e-002 ( 3.071e-003)  2.238e-003 ( 8.140e-004)  1.626e-001 ( 2.145e-002)  8.055e-001 ( 2.236e-002)  3.191e-002 ( 8.564e-003) 
59  9.768e-001 ( 3.043e-003)  2.067e-002 ( 3.019e-003)  2.523e-003 ( 8.767e-004)  1.594e-001 ( 1.998e-002)  8.075e-001 ( 2.098e-002)  3.310e-002 ( 8.462e-003) 
60  9.757e-001 ( 3.004e-003)  2.148e-002 ( 2.969e-003)  2.843e-003 ( 9.427e-004)  1.563e-001 ( 1.863e-002)  8.094e-001 ( 1.972e-002)  3.433e-002 ( 8.355e-003) 
61  9.745e-001 ( 2.969e-003)  2.232e-002 ( 2.921e-003)  3.204e-003 ( 1.012e-003)  1.532e-001 ( 1.741e-002)  8.112e-001 ( 1.858e-002)  3.561e-002 ( 8.245e-003) 
62  9.732e-001 ( 2.943e-003)  2.318e-002 ( 2.879e-003)  3.611e-003 ( 1.085e-003)  1.502e-001 ( 1.632e-002)  8.129e-001 ( 1.757e-002)  3.692e-002 ( 8.135e-003) 
63  9.718e-001 ( 2.927e-003)  2.408e-002 ( 2.847e-003)  4.069e-003 ( 1.161e-003)  1.472e-001 ( 1.539e-002)  8.145e-001 ( 1.670e-002)  3.828e-002 ( 8.030e-003) 
64  9.704e-001 ( 2.927e-003)  2.502e-002 ( 2.827e-003)  4.584e-003 ( 1.241e-003)  1.442e-001 ( 1.462e-002)  8.161e-001 ( 1.597e-002)  3.969e-002 ( 7.934e-003) 
65  9.689e-001 ( 2.946e-003)  2.598e-002 ( 2.826e-003)  5.164e-003 ( 1.325e-003)  1.413e-001 ( 1.403e-002)  8.175e-001 ( 1.539e-002)  4.114e-002 ( 7.853e-003) 
66  9.672e-001 ( 2.989e-003)  2.698e-002 ( 2.849e-003)  5.817e-003 ( 1.413e-003)  1.385e-001 ( 1.360e-002)  8.189e-001 ( 1.496e-002)  4.264e-002 ( 7.796e-003) 
67  9.654e-001 ( 3.060e-003)  2.802e-002 ( 2.900e-003)  6.551e-003 ( 1.507e-003)  1.356e-001 ( 1.334e-002)  8.202e-001 ( 1.468e-002)  4.420e-002 ( 7.772e-003) 
68  9.635e-001 ( 3.165e-003)  2.909e-002 ( 2.985e-003)  7.377e-003 ( 1.607e-003)  1.329e-001 ( 1.325e-002)  8.213e-001 ( 1.455e-002)  4.580e-002 ( 7.788e-003) 
69  9.615e-001 ( 3.306e-003)  3.019e-002 ( 3.109e-003)  8.306e-003 ( 1.715e-003)  1.301e-001 ( 1.331e-002)  8.224e-001 ( 1.456e-002)  4.745e-002 ( 7.856e-003) 
70  9.593e-001 ( 3.487e-003)  3.134e-002 ( 3.275e-003)  9.351e-003 ( 1.835e-003)  1.274e-001 ( 1.350e-002)  8.234e-001 ( 1.471e-002)  4.916e-002 ( 7.987e-003) 
71  9.570e-001 ( 3.711e-003)  3.252e-002 ( 3.485e-003)  1.052e-002 ( 1.970e-003)  1.248e-001 ( 1.380e-002)  8.243e-001 ( 1.498e-002)  5.093e-002 ( 8.190e-003) 
72  9.544e-001 ( 3.982e-003)  3.374e-002 ( 3.741e-003)  1.184e-002 ( 2.127e-003)  1.222e-001 ( 1.420e-002)  8.251e-001 ( 1.535e-002)  5.275e-002 ( 8.475e-003) 
73  9.517e-001 ( 4.302e-003)  3.499e-002 ( 4.043e-003)  1.333e-002 ( 2.312e-003)  1.196e-001 ( 1.467e-002)  8.258e-001 ( 1.583e-002)  5.463e-002 ( 8.849e-003) 
74  9.487e-001 ( 4.675e-003)  3.629e-002 ( 4.392e-003)  1.499e-002 ( 2.535e-003)  1.171e-001 ( 1.519e-002)  8.264e-001 ( 1.640e-002)  5.657e-002 ( 9.318e-003) 
75  9.455e-001 ( 5.104e-003)  3.762e-002 ( 4.786e-003)  1.686e-002 ( 2.808e-003)  1.146e-001 ( 1.575e-002)  8.268e-001 ( 1.704e-002)  5.857e-002 ( 9.885e-003) 
76  9.421e-001 ( 5.595e-003)  3.899e-002 ( 5.225e-003)  1.895e-002 ( 3.145e-003)  1.121e-001 ( 1.635e-002)  8.272e-001 ( 1.776e-002)  6.064e-002 ( 1.055e-002) 
77  9.383e-001 ( 6.154e-003)  4.040e-002 ( 5.709e-003)  2.130e-002 ( 3.562e-003)  1.097e-001 ( 1.695e-002)  8.275e-001 ( 1.854e-002)  6.277e-002 ( 1.132e-002) 
78  9.342e-001 ( 6.791e-003)  4.184e-002 ( 6.237e-003)  2.392e-002 ( 4.076e-003)  1.073e-001 ( 1.757e-002)  8.277e-001 ( 1.939e-002)  6.497e-002 ( 1.220e-002) 
79  9.298e-001 ( 7.516e-003)  4.332e-002 ( 6.808e-003)  2.687e-002 ( 4.705e-003)  1.050e-001 ( 1.818e-002)  8.278e-001 ( 2.029e-002)  6.723e-002 ( 1.317e-002) 
80  9.250e-001 ( 8.342e-003)  4.483e-002 ( 7.423e-003)  3.016e-002 ( 5.471e-003)  1.027e-001 ( 1.879e-002)  8.277e-001 ( 2.126e-002)  6.957e-002 ( 1.424e-002) 
81  9.198e-001 ( 9.286e-003)  4.637e-002 ( 8.081e-003)  3.384e-002 ( 6.395e-003)  1.004e-001 ( 1.938e-002)  8.276e-001 ( 2.228e-002)  7.198e-002 ( 1.542e-002) 
82  9.141e-001 ( 1.037e-002)  4.794e-002 ( 8.781e-003)  3.794e-002 ( 7.501e-003)  9.822e-002 ( 1.996e-002)  8.273e-001 ( 2.336e-002)  7.446e-002 ( 1.669e-002) 
83  9.079e-001 ( 1.160e-002)  4.954e-002 ( 9.524e-003)  4.252e-002 ( 8.813e-003)  9.603e-002 ( 2.053e-002)  8.270e-001 ( 2.451e-002)  7.701e-002 ( 1.806e-002) 
84  9.012e-001 ( 1.302e-002)  5.115e-002 ( 1.031e-002)  4.762e-002 ( 1.036e-002)  9.387e-002 ( 2.107e-002)  8.265e-001 ( 2.573e-002)  7.965e-002 ( 1.953e-002) 
85  8.939e-001 ( 1.465e-002)  5.278e-002 ( 1.114e-002)  5.330e-002 ( 1.217e-002)  9.175e-002 ( 2.159e-002)  8.259e-001 ( 2.701e-002)  8.236e-002 ( 2.111e-002) 
86  8.860e-001 ( 1.651e-002)  5.441e-002 ( 1.200e-002)  5.960e-002 ( 1.427e-002)  8.967e-002 ( 2.209e-002)  8.252e-001 ( 2.837e-002)  8.515e-002 ( 2.278e-002) 
87  8.774e-001 ( 1.865e-002)  5.605e-002 ( 1.291e-002)  6.660e-002 ( 1.670e-002)  8.762e-002 ( 2.257e-002)  8.244e-001 ( 2.981e-002)  8.802e-002 ( 2.455e-002) 
88  8.680e-001 ( 2.108e-002)  5.768e-002 ( 1.386e-002)  7.434e-002 ( 1.949e-002)  8.561e-002 ( 2.302e-002)  8.234e-001 ( 3.133e-002)  9.098e-002 ( 2.643e-002) 
89  8.578e-001 ( 2.383e-002)  5.930e-002 ( 1.485e-002)  8.290e-002 ( 2.267e-002)  8.363e-002 ( 2.344e-002)  8.223e-001 ( 3.294e-002)  9.402e-002 ( 2.841e-002) 
90  8.468e-001 ( 2.695e-002)  6.090e-002 ( 1.587e-002)  9.233e-002 ( 2.628e-002)  8.168e-002 ( 2.384e-002)  8.212e-001 ( 3.464e-002)  9.715e-002 ( 3.050e-002) 