
#****** ******
# CZMgali.txt
#IMaCh version 0.99r45, April 2023,INED-EUROREVES-Institut de longevite-Japan Society for the Promotion of Science (Grant-in-Aid for Scientific Research 25293121), Intel Software 2015-2020, Nihon University 2021-202, INED 2000-2022
#$Revision: 1.353 $ $Date: 2023/05/08 18:48:22 $
# Tue Feb 04 20:24:32 2025
# Health expectancies with standard errors
# Age e11 (SE) e12 (SE) e1.  e21 (SE) e22 (SE) e2. 
 50   24.3618 (0.8619)    3.7740 (0.3877)   28.1358 (0.9448)   19.9288 (1.4297)    5.3559 (0.4981)   25.2847 (1.5156)
 51   23.5432 (0.8437)    3.7264 (0.3857)   27.2696 (0.9294)   19.0757 (1.3664)    5.3160 (0.4877)   24.3917 (1.4610)
 52   22.7348 (0.8262)    3.6771 (0.3841)   26.4119 (0.9145)   18.2377 (1.3039)    5.2740 (0.4778)   23.5117 (1.4065)
 53   21.9370 (0.8095)    3.6263 (0.3828)   25.5633 (0.9000)   17.4156 (1.2427)    5.2300 (0.4683)   22.6456 (1.3524)
 54   21.1504 (0.7936)    3.5738 (0.3817)   24.7242 (0.8861)   16.6100 (1.1832)    5.1839 (0.4594)   21.7939 (1.2991)
 55   20.3752 (0.7785)    3.5197 (0.3809)   23.8949 (0.8728)   15.8215 (1.1259)    5.1358 (0.4510)   20.9574 (1.2470)
 56   19.6119 (0.7642)    3.4639 (0.3804)   23.0759 (0.8601)   15.0510 (1.0711)    5.0858 (0.4434)   20.1368 (1.1966)
 57   18.8610 (0.7507)    3.4066 (0.3801)   22.2676 (0.8480)   14.2990 (1.0193)    5.0338 (0.4363)   19.3328 (1.1482)
 58   18.1229 (0.7381)    3.3476 (0.3801)   21.4705 (0.8367)   13.5661 (0.9708)    4.9800 (0.4301)   18.5461 (1.1023)
 59   17.3979 (0.7262)    3.2871 (0.3804)   20.6850 (0.8260)   12.8529 (0.9260)    4.9243 (0.4246)   17.7772 (1.0591)
 60   16.6865 (0.7150)    3.2250 (0.3808)   19.9115 (0.8162)   12.1599 (0.8850)    4.8669 (0.4199)   17.0268 (1.0191)
 61   15.9891 (0.7046)    3.1614 (0.3815)   19.1505 (0.8071)   11.4877 (0.8479)    4.8078 (0.4162)   16.2955 (0.9824)
 62   15.3060 (0.6948)    3.0964 (0.3823)   18.4023 (0.7988)   10.8366 (0.8149)    4.7471 (0.4133)   15.5838 (0.9493)
 63   14.6376 (0.6857)    3.0299 (0.3833)   17.6675 (0.7914)   10.2071 (0.7859)    4.6850 (0.4114)   14.8921 (0.9199)
 64   13.9842 (0.6772)    2.9621 (0.3845)   16.9463 (0.7848)    9.5995 (0.7605)    4.6215 (0.4105)   14.2210 (0.8942)
 65   13.3463 (0.6692)    2.8930 (0.3857)   16.2393 (0.7791)    9.0141 (0.7387)    4.5567 (0.4105)   13.5708 (0.8722)
 66   12.7241 (0.6617)    2.8226 (0.3870)   15.5467 (0.7743)    8.4510 (0.7198)    4.4907 (0.4116)   12.9418 (0.8538)
 67   12.1178 (0.6547)    2.7512 (0.3884)   14.8690 (0.7704)    7.9105 (0.7037)    4.4238 (0.4137)   12.3343 (0.8387)
 68   11.5279 (0.6482)    2.6786 (0.3898)   14.2065 (0.7673)    7.3926 (0.6896)    4.3559 (0.4168)   11.7485 (0.8266)
 69   10.9544 (0.6421)    2.6051 (0.3912)   13.5595 (0.7652)    6.8974 (0.6771)    4.2872 (0.4209)   11.1846 (0.8173)
 70   10.3977 (0.6365)    2.5307 (0.3925)   12.9284 (0.7639)    6.4247 (0.6658)    4.2180 (0.4260)   10.6427 (0.8103)
 71    9.8579 (0.6312)    2.4556 (0.3938)   12.3135 (0.7634)    5.9745 (0.6551)    4.1482 (0.4321)   10.1227 (0.8053)
 72    9.3352 (0.6262)    2.3799 (0.3950)   11.7150 (0.7637)    5.5465 (0.6448)    4.0781 (0.4390)    9.6246 (0.8019)
 73    8.8297 (0.6216)    2.3036 (0.3961)   11.1332 (0.7648)    5.1406 (0.6343)    4.0077 (0.4469)    9.1483 (0.7998)
 74    8.3415 (0.6172)    2.2269 (0.3971)   10.5684 (0.7665)    4.7565 (0.6235)    3.9372 (0.4555)    8.6937 (0.7987)
 75    7.8708 (0.6131)    2.1499 (0.3978)   10.0207 (0.7687)    4.3936 (0.6120)    3.8668 (0.4649)    8.2604 (0.7984)
 76    7.4175 (0.6092)    2.0728 (0.3983)    9.4903 (0.7714)    4.0517 (0.5999)    3.7965 (0.4750)    7.8482 (0.7986)
 77    6.9816 (0.6054)    1.9957 (0.3986)    8.9774 (0.7744)    3.7302 (0.5868)    3.7265 (0.4857)    7.4567 (0.7991)
 78    6.5632 (0.6017)    1.9188 (0.3986)    8.4820 (0.7775)    3.4285 (0.5729)    3.6569 (0.4971)    7.0854 (0.7999)
 79    6.1621 (0.5979)    1.8422 (0.3983)    8.0043 (0.7806)    3.1462 (0.5580)    3.5878 (0.5089)    6.7340 (0.8008)
 80    5.7783 (0.5940)    1.7660 (0.3977)    7.5444 (0.7834)    2.8825 (0.5422)    3.5193 (0.5212)    6.4018 (0.8019)
 81    5.4117 (0.5899)    1.6905 (0.3967)    7.1021 (0.7859)    2.6368 (0.5256)    3.4515 (0.5340)    6.0882 (0.8030)
 82    5.0620 (0.5855)    1.6156 (0.3953)    6.6776 (0.7878)    2.4083 (0.5083)    3.3844 (0.5471)    5.7928 (0.8043)
 83    4.7291 (0.5806)    1.5417 (0.3935)    6.2708 (0.7889)    2.1965 (0.4902)    3.3182 (0.5605)    5.5147 (0.8057)
 84    4.4127 (0.5752)    1.4688 (0.3912)    5.8815 (0.7890)    2.0005 (0.4716)    3.2530 (0.5742)    5.2534 (0.8073)
 85    4.1125 (0.5691)    1.3972 (0.3885)    5.5097 (0.7881)    1.8195 (0.4526)    3.1887 (0.5881)    5.0082 (0.8091)
 86    3.8284 (0.5623)    1.3268 (0.3852)    5.1552 (0.7859)    1.6528 (0.4333)    3.1254 (0.6022)    4.7782 (0.8112)
 87    3.5598 (0.5547)    1.2579 (0.3814)    4.8177 (0.7822)    1.4996 (0.4138)    3.0631 (0.6164)    4.5628 (0.8136)
 88    3.3065 (0.5462)    1.1906 (0.3771)    4.4972 (0.7771)    1.3592 (0.3943)    3.0019 (0.6307)    4.3611 (0.8165)
 89    3.0681 (0.5368)    1.1251 (0.3723)    4.1932 (0.7703)    1.2307 (0.3748)    2.9418 (0.6450)    4.1726 (0.8198)
 90    2.8441 (0.5264)    1.0613 (0.3669)    3.9055 (0.7618)    1.1134 (0.3556)    2.8829 (0.6593)    3.9963 (0.8235)
