
# model  
#****** Result for:******
# CZMgali.txt
#IMaCh version 0.99r45, April 2023,INED-EUROREVES-Institut de longevite-Japan Society for the Promotion of Science (Grant-in-Aid for Scientific Research 25293121), Intel Software 2015-2020, Nihon University 2021-202, INED 2000-2022
#$Revision: 1.353 $ $Date: 2023/05/08 18:48:22 $
# Tue Feb 04 20:24:32 2025
# Total life expectancy with std error and decomposition into time to be expected in each health state
#  (weighted average of eij where weights are the age specific forward period (stable) prevalences in each health state 
# Age popbased mobilav e.. (std) e.1 (std) e.2 (std) 
   50 0 0  27.970 (  0.963)  24.104 (  0.893)   3.867 (  0.393)
   51 0 0  27.094 (  0.947)  23.270 (  0.876)   3.824 (  0.389)
   52 0 0  26.226 (  0.929)  22.446 (  0.853)   3.780 (  0.389)
   53 0 0  25.367 (  0.913)  21.633 (  0.834)   3.735 (  0.387)
   54 0 0  24.518 (  0.897)  20.830 (  0.815)   3.688 (  0.385)
   55 0 0  23.678 (  0.882)  20.038 (  0.798)   3.640 (  0.384)
   56 0 0  22.848 (  0.868)  19.258 (  0.782)   3.590 (  0.383)
   57 0 0  22.029 (  0.854)  18.490 (  0.766)   3.539 (  0.383)
   58 0 0  21.222 (  0.844)  17.734 (  0.758)   3.487 (  0.379)
   59 0 0  20.426 (  0.828)  16.992 (  0.738)   3.434 (  0.382)
   60 0 0  19.642 (  0.817)  16.263 (  0.725)   3.379 (  0.383)
   61 0 0  18.871 (  0.806)  15.548 (  0.714)   3.323 (  0.383)
   62 0 0  18.114 (  0.797)  14.848 (  0.703)   3.266 (  0.384)
   63 0 0  17.370 (  0.788)  14.163 (  0.693)   3.208 (  0.386)
   64 0 0  16.641 (  0.780)  13.493 (  0.685)   3.149 (  0.387)
   65 0 0  15.927 (  0.774)  12.838 (  0.677)   3.089 (  0.389)
   66 0 0  15.228 (  0.783)  12.200 (  0.665)   3.028 (  0.406)
   67 0 0  14.545 (  0.763)  11.579 (  0.663)   2.966 (  0.394)
   68 0 0  13.878 (  0.759)  10.974 (  0.656)   2.904 (  0.397)
   69 0 0  13.228 (  0.756)  10.387 (  0.651)   2.841 (  0.400)
   70 0 0  12.595 (  0.753)   9.817 (  0.646)   2.778 (  0.403)
   71 0 0  11.980 (  0.751)   9.265 (  0.641)   2.714 (  0.407)
   72 0 0  11.383 (  0.750)   8.732 (  0.636)   2.651 (  0.410)
   73 0 0  10.804 (  0.749)   8.216 (  0.631)   2.587 (  0.414)
   74 0 0  10.244 (  0.749)   7.719 (  0.626)   2.524 (  0.418)
   75 0 0   9.702 (  0.748)   7.241 (  0.621)   2.462 (  0.423)
   76 0 0   9.180 (  0.750)   6.781 (  0.622)   2.399 (  0.421)
   77 0 0   8.678 (  0.748)   6.340 (  0.611)   2.338 (  0.431)
   78 0 0   8.195 (  0.747)   5.917 (  0.605)   2.278 (  0.436)
   79 0 0   7.732 (  0.746)   5.513 (  0.599)   2.219 (  0.441)
   80 0 0   7.288 (  0.745)   5.127 (  0.592)   2.161 (  0.446)
   81 0 0   6.865 (  0.742)   4.760 (  0.585)   2.105 (  0.451)
   82 0 0   6.461 (  0.739)   4.411 (  0.577)   2.051 (  0.456)
   83 0 0   6.077 (  0.736)   4.079 (  0.569)   1.998 (  0.462)
   84 0 0   5.713 (  0.731)   3.765 (  0.560)   1.949 (  0.468)
   85 0 0   5.369 (  0.725)   3.468 (  0.550)   1.902 (  0.474)
   86 0 0   5.045 (  0.718)   3.187 (  0.540)   1.858 (  0.481)
   87 0 0   4.740 (  0.710)   2.923 (  0.529)   1.817 (  0.488)
   88 0 0   4.454 (  0.701)   2.674 (  0.518)   1.779 (  0.497)
   89 0 0   4.187 (  0.691)   2.441 (  0.506)   1.746 (  0.506)
   90 0 0   3.939 (  0.681)   2.223 (  0.494)   1.716 (  0.517)
