
#****** ******
# CZMgali.txt
#IMaCh version 0.99r45, April 2023,INED-EUROREVES-Institut de longevite-Japan Society for the Promotion of Science (Grant-in-Aid for Scientific Research 25293121), Intel Software 2015-2020, Nihon University 2021-202, INED 2000-2022
#$Revision: 1.353 $ $Date: 2023/05/08 18:48:22 $
# Tue Feb 04 20:24:32 2025
# Variance and covariance of health expectancies e.j 
#  (weighted average of eij where weights are the age specific period (stable) prevalences in each health state 
# Age Cov(e.1, e.1) Cov(e.1, e.2) Cov(e.2, e.1) Cov(e.2, e.2)
50  0.7967 -0.0121 -0.0121 0.1548
51  0.7665 -0.0110 -0.0110 0.1515
52  0.7270 -0.0072 -0.0072 0.1511
53  0.6950 -0.0054 -0.0054 0.1497
54  0.6650 -0.0040 -0.0040 0.1485
55  0.6370 -0.0031 -0.0031 0.1475
56  0.6110 -0.0024 -0.0024 0.1468
57  0.5869 -0.0021 -0.0021 0.1463
58  0.5748 -0.0033 -0.0033 0.1438
59  0.5446 -0.0023 -0.0023 0.1461
60  0.5262 -0.0027 -0.0027 0.1464
61  0.5095 -0.0032 -0.0032 0.1470
62  0.4944 -0.0038 -0.0038 0.1478
63  0.4808 -0.0044 -0.0044 0.1488
64  0.4686 -0.0050 -0.0050 0.1501
65  0.4577 -0.0055 -0.0055 0.1517
66  0.4427 0.0032 0.0032 0.1647
67  0.4390 -0.0063 -0.0063 0.1554
68  0.4310 -0.0064 -0.0064 0.1576
69  0.4236 -0.0064 -0.0064 0.1600
70  0.4168 -0.0061 -0.0061 0.1627
71  0.4103 -0.0057 -0.0057 0.1655
72  0.4041 -0.0051 -0.0051 0.1685
73  0.3981 -0.0043 -0.0043 0.1717
74  0.3921 -0.0033 -0.0033 0.1751
75  0.3859 -0.0023 -0.0023 0.1786
76  0.3869 -0.0006 -0.0006 0.1772
77  0.3730 -0.0001 -0.0001 0.1862
78  0.3659 0.0010 0.0010 0.1902
79  0.3585 0.0019 0.0019 0.1944
80  0.3505 0.0025 0.0025 0.1988
81  0.3421 0.0028 0.0028 0.2034
82  0.3330 0.0027 0.0027 0.2082
83  0.3234 0.0021 0.0021 0.2133
84  0.3132 0.0009 0.0009 0.2188
85  0.3026 -0.0010 -0.0010 0.2247
86  0.2914 -0.0036 -0.0036 0.2313
87  0.2799 -0.0072 -0.0072 0.2385
88  0.2680 -0.0117 -0.0117 0.2468
89  0.2560 -0.0172 -0.0172 0.2563
90  0.2437 -0.0237 -0.0237 0.2674
