# DKFgali.txt
#IMaCh version 0.99r45, April 2023,INED-EUROREVES-Institut de longevite-Japan Society for the Promotion of Science (Grant-in-Aid for Scientific Research 25293121), Intel Software 2015-2020, Nihon University 2021-202, INED 2000-2022
#$Revision: 1.353 $ $Date: 2023/05/08 18:48:22 $
# Tue Feb 04 20:24:32 2025

#****** ******
# (a) Life expectancies by health status at initial age and (b) health expectancies by health status at initial age
# Age e11  e12  e1.  e21  e22  e2. 
 50  27.7693   3.6345  31.4037  24.1768   5.1141  29.2909
 51  26.8708   3.5991  30.4698  23.1093   5.1155  28.2248
 52  25.9813   3.5616  29.5429  22.0485   5.1141  27.1626
 53  25.1016   3.5220  28.6236  20.9961   5.1094  26.1055
 54  24.2323   3.4801  27.7124  19.9538   5.1013  25.0551
 55  23.3740   3.4360  26.8101  18.9237   5.0894  24.0131
 56  22.5276   3.3896  25.9172  17.9077   5.0734  22.9811
 57  21.6936   3.3409  25.0345  16.9080   5.0531  21.9611
 58  20.8728   3.2897  24.1625  15.9269   5.0282  20.9551
 59  20.0659   3.2362  23.3020  14.9665   4.9985  19.9649
 60  19.2734   3.1802  22.4536  14.0291   4.9637  18.9928
 61  18.4961   3.1219  21.6180  13.1169   4.9239  18.0408
 62  17.7345   3.0612  20.7957  12.2320   4.8788  17.1108
 63  16.9891   2.9982  19.9873  11.3764   4.8285  16.2049
 64  16.2605   2.9330  19.1935  10.5518   4.7730  15.3248
 65  15.5492   2.8655  18.4147   9.7600   4.7123  14.4723
 66  14.8554   2.7960  17.6514   9.0023   4.6465  13.6488
 67  14.1796   2.7245  16.9041   8.2799   4.5759  12.8558
 68  13.5220   2.6512  16.1732   7.5937   4.5007  12.0943
 69  12.8829   2.5762  15.4590   6.9443   4.4210  11.3653
 70  12.2623   2.4996  14.7619   6.3320   4.3374  10.6694
 71  11.6604   2.4216  14.0820   5.7569   4.2500  10.0069
 72  11.0773   2.3424  13.4196   5.2188   4.1593   9.3781
 73  10.5128   2.2621  12.7749   4.7172   4.0657   8.7829
 74   9.9670   2.1810  12.1480   4.2514   3.9695   8.2209
 75   9.4397   2.0993  11.5390   3.8205   3.8712   7.6917
 76   8.9309   2.0171  10.9480   3.4234   3.7712   7.1946
 77   8.4403   1.9347  10.3750   3.0587   3.6700   6.7286
 78   7.9677   1.8523   9.8200   2.7251   3.5678   6.2929
 79   7.5129   1.7701   9.2830   2.4210   3.4652   5.8862
 80   7.0757   1.6884   8.7641   2.1448   3.3625   5.5073
 81   6.6559   1.6073   8.2631   1.8949   3.2599   5.1548
 82   6.2531   1.5270   7.7801   1.6696   3.1580   4.8275
 83   5.8672   1.4478   7.3150   1.4671   3.0569   4.5239
 84   5.4979   1.3698   6.8678   1.2858   2.9569   4.2426
 85   5.1450   1.2933   6.4383   1.1240   2.8582   3.9822
 86   4.8080   1.2185   6.0265   0.9801   2.7612   3.7413
 87   4.4869   1.1455   5.6324   0.8525   2.6659   3.5184
 88   4.1814   1.0744   5.2558   0.7398   2.5726   3.3124
 89   3.8912   1.0055   4.8967   0.6406   2.4813   3.1219
 90   3.6160   0.9389   4.5549   0.5535   2.3922   2.9457
