# DKFgali.txt
#IMaCh version 0.99r45, April 2023,INED-EUROREVES-Institut de longevite-Japan Society for the Promotion of Science (Grant-in-Aid for Scientific Research 25293121), Intel Software 2015-2020, Nihon University 2021-202, INED 2000-2022
#$Revision: 1.353 $ $Date: 2023/05/08 18:48:22 $
# Tue Feb 04 20:24:32 2025
# Forward period (stable) prevalence. Precision given by ftolpl=0.0006 
#Age 1-1 2-2 
#************
#Age   1-1     2-2   Total Years_to_converge
50  0.96421 0.03580 1.000 14
51  0.96175 0.03827 1.000 14
52  0.95914 0.04088 1.000 15
53  0.95635 0.04367 1.000 15
54  0.95340 0.04663 1.000 15
55  0.95026 0.04976 1.000 16
56  0.94694 0.05308 1.000 16
57  0.94343 0.05659 1.000 17
58  0.93972 0.06031 1.000 17
59  0.93581 0.06422 1.000 17
60  0.93169 0.06834 1.000 18
61  0.92736 0.07268 1.000 18
62  0.92281 0.07723 1.000 18
63  0.91805 0.08199 1.000 19
64  0.91307 0.08698 1.000 19
65  0.90787 0.09218 1.000 19
66  0.90245 0.09759 1.000 20
67  0.89682 0.10322 1.000 20
68  0.89098 0.10908 1.000 20
69  0.88493 0.11513 1.000 21
70  0.87867 0.12139 1.000 21
71  0.87221 0.12786 1.000 21
72  0.86557 0.13451 1.000 22
73  0.85873 0.14134 1.000 22
74  0.85172 0.14837 1.000 22
75  0.84454 0.15555 1.000 23
76  0.83719 0.16289 1.000 23
77  0.82967 0.17043 1.000 23
78  0.82200 0.17809 1.000 24
79  0.81417 0.18592 1.000 24
80  0.80619 0.19392 1.000 24
81  0.79804 0.20206 1.000 25
82  0.78972 0.21040 1.000 25
83  0.78122 0.21889 1.000 25
84  0.77251 0.22762 1.000 25
85  0.76358 0.23655 1.000 26
86  0.75438 0.24576 1.000 26
87  0.74488 0.25525 1.000 26
88  0.73502 0.26513 1.000 26
89  0.72474 0.27540 1.000 27
90  0.71395 0.28621 1.000 27
