# Powell
# iter -2*LL p12 p13 p21 p23
1 1 1690.287914606233 0 -6.082042600000 0.042940500000 -13.714077800000 0.130355200000 2.325901000000 -0.052663600000 -5.809080200000 0.055547200000
2 2 1580.700637777449 0 -6.572357971880 0.042802044260 -14.788829484807 0.130394805318 1.662826400938 -0.052460568563 -6.563444701540 0.055525795947
3 2 1577.836649588062 0 -6.671017994876 0.042778018660 -14.572875342978 0.130418403922 1.541944263141 -0.052346450126 -6.630535871926 0.055502138021
4 3 1577.654611225657 1 -6.709147542136 0.042740236830 -14.553527540071 0.130440337008 1.517559572508 -0.052242545115 -6.640548790654 0.055477321882
5 3 1577.645785706035 1 -6.713636954966 0.042666642522 -14.550407643969 0.130482441600 1.500394142911 -0.052047749943 -6.640006676458 0.055429450695
6 4 1577.636288362523 2 -6.706085552773 0.042483382696 -14.554531478331 0.130589163890 1.476779325089 -0.051725581424 -6.634786787310 0.055390672924
7 4 1577.612623665182 2 -6.683065201251 0.042070376313 -14.580263972420 0.130957973155 1.408160471818 -0.050734058624 -6.614373907760 0.055184429365
8 5 1577.555455852381 3 -6.615327034525 0.041201243551 -14.655223385824 0.131833044188 1.266960384280 -0.048576674906 -6.562184743726 0.054562097451
9 5 1577.536403141129 3 -6.598177631929 0.041142438569 -14.670448841718 0.131968131746 1.258496961754 -0.048370973580 -6.552293611331 0.054340203486
10 6 1577.535908118402 3 -6.597983911995 0.041132645279 -14.668750288319 0.131996546272 1.255788770057 -0.048331376646 -6.551043720861 0.054297500699
11 6 1577.535561864728 4 -6.597653608697 0.041108083911 -14.672230996693 0.132077277666 1.256281922661 -0.048344081194 -6.547535646609 0.054237601374
12 7 1577.534344973114 4 -6.593687137553 0.041021164586 -14.691065153821 0.132330936088 1.261853792495 -0.048436540674 -6.534232234105 0.054052051688
13 7 1577.530868183599 4 -6.576443575845 0.040764870297 -14.753544649318 0.133102760883 1.282580607460 -0.048745371952 -6.492357856005 0.053508353283
14 8 1577.529049348652 5 -6.570648252706 0.040724527542 -14.772205070250 0.133305654562 1.289055795315 -0.048825897702 -6.480613578579 0.053375746506
15 8 1577.528843856791 5 -6.568730993033 0.040712611725 -14.778605759330 0.133383979659 1.291711058685 -0.048859117167 -6.476268993966 0.053323952729
16 9 1577.528821600773 6 -6.567955493160 0.040708098209 -14.781514456888 0.133420201107 1.292739101863 -0.048871711490 -6.474429324032 0.053302003946
17 9 1577.528803992674 6 -6.567805138054 0.040710059982 -14.783734375186 0.133448171249 1.293583532208 -0.048882582212 -6.473603785631 0.053292950084
18 10 1577.528773665486 7 -6.567760563560 0.040713536773 -14.787021544109 0.133488368212 1.294211468302 -0.048890376681 -6.473049867644 0.053287407328
19 10 1577.528593391158 8 -6.569215477100 0.040744090465 -14.801759573407 0.133669408014 1.294590981864 -0.048892888653 -6.474108486276 0.053306100797
20 11 1577.528386907249 8 -6.571270935068 0.040774267443 -14.814479414834 0.133827321643 1.291415594000 -0.048846272338 -6.477816000348 0.053354701027
21 11 1577.528295561808 9 -6.572324625394 0.040787948541 -14.821489369911 0.133917435084 1.287841173587 -0.048794078700 -6.480462050032 0.053387414420
22 12 1577.528250135495 10 -6.573406919000 0.040801357159 -14.824945871829 0.133964359745 1.285792552501 -0.048764546648 -6.482700696877 0.053415637644
23 12 1577.528216677477 10 -6.574974943880 0.040821016555 -14.827582412171 0.133999076493 1.285278686580 -0.048758153912 -6.484967848220 0.053445618327
24 13 1577.528121608549 11 -6.578014119084 0.040853249835 -14.825831074423 0.133977738019 1.285378107761 -0.048764291918 -6.488907395195 0.053496774873
25 13 1577.528084880695 11 -6.577649839081 0.040845901627 -14.821981531772 0.133927356122 1.285505834140 -0.048767028666 -6.488167396273 0.053486157875
26 14 1577.528058238439 11 -6.577076012757 0.040834076998 -14.814662018467 0.133836543974 1.285036728074 -0.048761173453 -6.487032923054 0.053469164045
27 14 1577.528056325652 11 -6.577117201427 0.040834624199 -14.814654329105 0.133836712804 1.285206532481 -0.048763675134 -6.486856147652 0.053466992901
28 15 1577.527982513957 12 -6.579144388930 0.040866906296 -14.815677104229 0.133842078066 1.286468078330 -0.048780882907 -6.477689930940 0.053351181552
29 15 1577.527945460735 12 -6.581074703922 0.040892892781 -14.815916257965 0.133847790449 1.284072506232 -0.048746030834 -6.477886333365 0.053352581308
30 16 1577.527935516923 12 -6.581977096312 0.040904887932 -14.816220605571 0.133853368179 1.282807897199 -0.048727574380 -6.477758148412 0.053350824303
31 16 1577.527932174265 12 -6.582911071665 0.040917260910 -14.816528452182 0.133858942226 1.281564982827 -0.048709481981 -6.477646307415 0.053349310576
32 17 1577.527932174229 13 -6.582911493040 0.040917267396 -14.816526217632 0.133858907578 1.281564322990 -0.048709473982 -6.477647445170 0.053349333067
33 17 1577.527932174228 13 -6.582911497380 0.040917267452 -14.816526533661 0.133858907640 1.281564310564 -0.048709473799 -6.477647442983 0.053349333040
34 18 1577.527932174226 14 -6.582911497379 0.040917267452 -14.816526533661 0.133858907640 1.281564310564 -0.048709473799 -6.477647442986 0.053349333040
