# DKFgali.txt
#IMaCh version 0.99r45, April 2023,INED-EUROREVES-Institut de longevite-Japan Society for the Promotion of Science (Grant-in-Aid for Scientific Research 25293121), Intel Software 2015-2020, Nihon University 2021-202, INED 2000-2022
#$Revision: 1.353 $ $Date: 2023/05/08 18:48:22 $
# Tue Feb 04 20:24:32 2025
#One-step probabilities and stand. devi in ()
# Age p1-1 (SE) p1-2 (SE) p1-3 (SE) p2-1 (SE) p2-2 (SE) p2-3 (SE)
50  9.891e-001 ( 2.582e-003)  1.059e-002 ( 2.600e-003)  2.932e-004 ( 2.129e-004)  2.358e-001 ( 4.981e-002)  7.476e-001 ( 4.973e-002)  1.656e-002 ( 8.196e-003) 
51  9.886e-001 ( 2.580e-003)  1.103e-002 ( 2.599e-003)  3.351e-004 ( 2.355e-004)  2.269e-001 ( 4.640e-002)  7.554e-001 ( 4.642e-002)  1.764e-002 ( 8.440e-003) 
52  9.881e-001 ( 2.575e-003)  1.148e-002 ( 2.595e-003)  3.829e-004 ( 2.603e-004)  2.183e-001 ( 4.314e-002)  7.629e-001 ( 4.328e-002)  1.880e-002 ( 8.678e-003) 
53  9.876e-001 ( 2.567e-003)  1.195e-002 ( 2.587e-003)  4.375e-004 ( 2.874e-004)  2.099e-001 ( 4.005e-002)  7.701e-001 ( 4.032e-002)  2.001e-002 ( 8.910e-003) 
54  9.871e-001 ( 2.556e-003)  1.245e-002 ( 2.576e-003)  4.999e-004 ( 3.170e-004)  2.017e-001 ( 3.712e-002)  7.770e-001 ( 3.754e-002)  2.130e-002 ( 9.134e-003) 
55  9.865e-001 ( 2.542e-003)  1.296e-002 ( 2.562e-003)  5.711e-004 ( 3.492e-004)  1.937e-001 ( 3.437e-002)  7.836e-001 ( 3.494e-002)  2.266e-002 ( 9.349e-003) 
56  9.859e-001 ( 2.525e-003)  1.349e-002 ( 2.544e-003)  6.525e-004 ( 3.842e-004)  1.860e-001 ( 3.180e-002)  7.899e-001 ( 3.254e-002)  2.409e-002 ( 9.554e-003) 
57  9.852e-001 ( 2.506e-003)  1.404e-002 ( 2.523e-003)  7.455e-004 ( 4.222e-004)  1.785e-001 ( 2.941e-002)  7.959e-001 ( 3.033e-002)  2.560e-002 ( 9.748e-003) 
58  9.845e-001 ( 2.485e-003)  1.462e-002 ( 2.500e-003)  8.517e-004 ( 4.633e-004)  1.712e-001 ( 2.722e-002)  8.016e-001 ( 2.832e-002)  2.720e-002 ( 9.929e-003) 
59  9.838e-001 ( 2.463e-003)  1.522e-002 ( 2.474e-003)  9.730e-004 ( 5.076e-004)  1.642e-001 ( 2.522e-002)  8.069e-001 ( 2.651e-002)  2.888e-002 ( 1.010e-002) 
60  9.830e-001 ( 2.440e-003)  1.584e-002 ( 2.447e-003)  1.111e-003 ( 5.553e-004)  1.574e-001 ( 2.341e-002)  8.120e-001 ( 2.491e-002)  3.066e-002 ( 1.025e-002) 
61  9.822e-001 ( 2.419e-003)  1.649e-002 ( 2.420e-003)  1.270e-003 ( 6.065e-004)  1.507e-001 ( 2.181e-002)  8.167e-001 ( 2.350e-002)  3.252e-002 ( 1.039e-002) 
62  9.814e-001 ( 2.400e-003)  1.717e-002 ( 2.393e-003)  1.450e-003 ( 6.614e-004)  1.444e-001 ( 2.040e-002)  8.212e-001 ( 2.229e-002)  3.449e-002 ( 1.051e-002) 
63  9.805e-001 ( 2.385e-003)  1.787e-002 ( 2.369e-003)  1.656e-003 ( 7.199e-004)  1.382e-001 ( 1.920e-002)  8.253e-001 ( 2.126e-002)  3.656e-002 ( 1.061e-002) 
64  9.795e-001 ( 2.377e-003)  1.859e-002 ( 2.348e-003)  1.892e-003 ( 7.822e-004)  1.322e-001 ( 1.818e-002)  8.290e-001 ( 2.041e-002)  3.874e-002 ( 1.071e-002) 
65  9.785e-001 ( 2.378e-003)  1.935e-002 ( 2.335e-003)  2.160e-003 ( 8.483e-004)  1.265e-001 ( 1.735e-002)  8.325e-001 ( 1.972e-002)  4.104e-002 ( 1.078e-002) 
66  9.774e-001 ( 2.390e-003)  2.014e-002 ( 2.331e-003)  2.467e-003 ( 9.183e-004)  1.209e-001 ( 1.669e-002)  8.357e-001 ( 1.917e-002)  4.345e-002 ( 1.085e-002) 
67  9.762e-001 ( 2.417e-003)  2.095e-002 ( 2.341e-003)  2.817e-003 ( 9.922e-004)  1.155e-001 ( 1.618e-002)  8.385e-001 ( 1.875e-002)  4.599e-002 ( 1.091e-002) 
68  9.750e-001 ( 2.462e-003)  2.180e-002 ( 2.367e-003)  3.217e-003 ( 1.070e-003)  1.104e-001 ( 1.581e-002)  8.410e-001 ( 1.844e-002)  4.865e-002 ( 1.096e-002) 
69  9.736e-001 ( 2.527e-003)  2.268e-002 ( 2.414e-003)  3.672e-003 ( 1.153e-003)  1.054e-001 ( 1.555e-002)  8.432e-001 ( 1.823e-002)  5.145e-002 ( 1.101e-002) 
70  9.722e-001 ( 2.615e-003)  2.359e-002 ( 2.486e-003)  4.192e-003 ( 1.240e-003)  1.006e-001 ( 1.538e-002)  8.450e-001 ( 1.810e-002)  5.439e-002 ( 1.108e-002) 
71  9.707e-001 ( 2.730e-003)  2.454e-002 ( 2.585e-003)  4.785e-003 ( 1.334e-003)  9.600e-002 ( 1.529e-002)  8.465e-001 ( 1.804e-002)  5.747e-002 ( 1.117e-002) 
72  9.690e-001 ( 2.872e-003)  2.552e-002 ( 2.716e-003)  5.461e-003 ( 1.434e-003)  9.156e-002 ( 1.524e-002)  8.477e-001 ( 1.804e-002)  6.071e-002 ( 1.129e-002) 
73  9.672e-001 ( 3.045e-003)  2.654e-002 ( 2.880e-003)  6.231e-003 ( 1.544e-003)  8.730e-002 ( 1.524e-002)  8.486e-001 ( 1.810e-002)  6.410e-002 ( 1.146e-002) 
74  9.653e-001 ( 3.249e-003)  2.759e-002 ( 3.079e-003)  7.110e-003 ( 1.668e-003)  8.320e-002 ( 1.525e-002)  8.491e-001 ( 1.821e-002)  6.766e-002 ( 1.170e-002) 
75  9.632e-001 ( 3.486e-003)  2.868e-002 ( 3.314e-003)  8.111e-003 ( 1.809e-003)  7.927e-002 ( 1.528e-002)  8.494e-001 ( 1.839e-002)  7.138e-002 ( 1.202e-002) 
76  9.609e-001 ( 3.760e-003)  2.981e-002 ( 3.587e-003)  9.250e-003 ( 1.976e-003)  7.549e-002 ( 1.531e-002)  8.492e-001 ( 1.864e-002)  7.528e-002 ( 1.245e-002) 
77  9.585e-001 ( 4.072e-003)  3.097e-002 ( 3.896e-003)  1.055e-002 ( 2.179e-003)  7.186e-002 ( 1.533e-002)  8.488e-001 ( 1.897e-002)  7.936e-002 ( 1.301e-002) 
78  9.558e-001 ( 4.429e-003)  3.217e-002 ( 4.244e-003)  1.203e-002 ( 2.429e-003)  6.838e-002 ( 1.533e-002)  8.480e-001 ( 1.940e-002)  8.364e-002 ( 1.372e-002) 
79  9.529e-001 ( 4.837e-003)  3.342e-002 ( 4.629e-003)  1.371e-002 ( 2.744e-003)  6.504e-002 ( 1.532e-002)  8.469e-001 ( 1.993e-002)  8.810e-002 ( 1.459e-002) 
80  9.497e-001 ( 5.303e-003)  3.470e-002 ( 5.051e-003)  1.562e-002 ( 3.142e-003)  6.184e-002 ( 1.529e-002)  8.454e-001 ( 2.061e-002)  9.277e-002 ( 1.564e-002) 
81  9.462e-001 ( 5.842e-003)  3.601e-002 ( 5.512e-003)  1.779e-002 ( 3.643e-003)  5.878e-002 ( 1.524e-002)  8.436e-001 ( 2.143e-002)  9.764e-002 ( 1.688e-002) 
82  9.424e-001 ( 6.469e-003)  3.736e-002 ( 6.010e-003)  2.025e-002 ( 4.272e-003)  5.584e-002 ( 1.517e-002)  8.414e-001 ( 2.242e-002)  1.027e-001 ( 1.831e-002) 
83  9.382e-001 ( 7.203e-003)  3.875e-002 ( 6.547e-003)  2.305e-002 ( 5.055e-003)  5.303e-002 ( 1.507e-002)  8.389e-001 ( 2.360e-002)  1.080e-001 ( 1.994e-002) 
84  9.336e-001 ( 8.070e-003)  4.017e-002 ( 7.123e-003)  2.622e-002 ( 6.021e-003)  5.034e-002 ( 1.495e-002)  8.361e-001 ( 2.499e-002)  1.136e-001 ( 2.178e-002) 
85  9.286e-001 ( 9.098e-003)  4.162e-002 ( 7.739e-003)  2.982e-002 ( 7.201e-003)  4.776e-002 ( 1.480e-002)  8.329e-001 ( 2.659e-002)  1.193e-001 ( 2.383e-002) 
86  9.230e-001 ( 1.032e-002)  4.310e-002 ( 8.393e-003)  3.389e-002 ( 8.630e-003)  4.530e-002 ( 1.464e-002)  8.294e-001 ( 2.841e-002)  1.253e-001 ( 2.608e-002) 
87  9.169e-001 ( 1.178e-002)  4.461e-002 ( 9.088e-003)  3.848e-002 ( 1.035e-002)  4.294e-002 ( 1.445e-002)  8.255e-001 ( 3.046e-002)  1.316e-001 ( 2.855e-002) 
88  9.102e-001 ( 1.352e-002)  4.613e-002 ( 9.823e-003)  4.367e-002 ( 1.239e-002)  4.069e-002 ( 1.424e-002)  8.212e-001 ( 3.275e-002)  1.381e-001 ( 3.123e-002) 
89  9.028e-001 ( 1.558e-002)  4.767e-002 ( 1.060e-002)  4.952e-002 ( 1.482e-002)  3.854e-002 ( 1.402e-002)  8.166e-001 ( 3.528e-002)  1.448e-001 ( 3.412e-002) 
90  8.947e-001 ( 1.802e-002)  4.921e-002 ( 1.141e-002)  5.611e-002 ( 1.767e-002)  3.648e-002 ( 1.377e-002)  8.117e-001 ( 3.805e-002)  1.518e-001 ( 3.722e-002) 