# DKFgali.txt
#IMaCh version 0.99r45, April 2023,INED-EUROREVES-Institut de longevite-Japan Society for the Promotion of Science (Grant-in-Aid for Scientific Research 25293121), Intel Software 2015-2020, Nihon University 2021-202, INED 2000-2022
#$Revision: 1.353 $ $Date: 2023/05/08 18:48:22 $
# Tue Feb 04 20:24:32 2025
#One-step probabilities and covariance matrix
# Age p1-1  p1-2  p1-3  p2-1  p2-2  p2-3 
50  9.891e-001  1.059e-002  2.932e-004  2.358e-001  7.476e-001  1.656e-002 
50 1-1  6.666e-006
50 1-2 -6.690e-006  6.759e-006
50 1-3  2.345e-008 -6.876e-008  4.531e-008
50 2-1 -2.949e-005  2.935e-005  1.408e-007  2.481e-003
50 2-2  3.047e-005 -3.078e-005  3.181e-007 -2.443e-003  2.473e-003
50 2-3 -9.776e-007  1.436e-006 -4.589e-007 -3.787e-005 -2.931e-005  6.718e-005
51  9.886e-001  1.103e-002  3.351e-004  2.269e-001  7.554e-001  1.764e-002 
51 1-1  6.657e-006
51 1-2 -6.678e-006  6.754e-006
51 1-3  2.059e-008 -7.606e-008  5.547e-008
51 2-1 -2.769e-005  2.754e-005  1.466e-007  2.153e-003
51 2-2  2.865e-005 -2.903e-005  3.765e-007 -2.118e-003  2.155e-003
51 2-3 -9.660e-007  1.489e-006 -5.230e-007 -3.458e-005 -3.665e-005  7.123e-005
52  9.881e-001  1.148e-002  3.829e-004  2.183e-001  7.629e-001  1.880e-002 
52 1-1  6.632e-006
52 1-2 -6.648e-006  6.732e-006
52 1-3  1.619e-008 -8.395e-008  6.777e-008
52 2-1 -2.593e-005  2.578e-005  1.525e-007  1.861e-003
52 2-2  2.687e-005 -2.731e-005  4.423e-007 -1.830e-003  1.874e-003
52 2-3 -9.432e-007  1.538e-006 -5.947e-007 -3.152e-005 -4.378e-005  7.531e-005
53  9.876e-001  1.195e-002  4.375e-004  2.099e-001  7.701e-001  2.001e-002 
53 1-1  6.590e-006
53 1-2 -6.600e-006  6.692e-006
53 1-3  9.856e-009 -9.247e-008  8.262e-008
53 2-1 -2.422e-005  2.406e-005  1.585e-007  1.604e-003
53 2-2  2.513e-005 -2.564e-005  5.161e-007 -1.575e-003  1.626e-003
53 2-3 -9.083e-007  1.583e-006 -6.746e-007 -2.873e-005 -5.065e-005  7.938e-005
54  9.871e-001  1.245e-002  4.999e-004  2.017e-001  7.770e-001  2.130e-002 
54 1-1  6.533e-006
54 1-2 -6.534e-006  6.635e-006
54 1-3  1.137e-009 -1.016e-007  1.005e-007
54 2-1 -2.257e-005  2.240e-005  1.646e-007  1.378e-003
54 2-2  2.343e-005 -2.403e-005  5.984e-007 -1.352e-003  1.409e-003
54 2-3 -8.602e-007  1.623e-006 -7.631e-007 -2.620e-005 -5.723e-005  8.343e-005
55  9.865e-001  1.296e-002  5.711e-004  1.937e-001  7.836e-001  2.266e-002 
55 1-1  6.460e-006
55 1-2 -6.450e-006  6.561e-006
55 1-3 -1.050e-008 -1.115e-007  1.220e-007
55 2-1 -2.099e-005  2.081e-005  1.710e-007  1.181e-003
55 2-2  2.178e-005 -2.247e-005  6.898e-007 -1.157e-003  1.221e-003
55 2-3 -7.982e-007  1.659e-006 -8.608e-007 -2.393e-005 -6.347e-005  8.740e-005
56  9.859e-001  1.349e-002  6.525e-004  1.860e-001  7.899e-001  2.409e-002 
56 1-1  6.375e-006
56 1-2 -6.349e-006  6.471e-006
56 1-3 -2.567e-008 -1.220e-007  1.476e-007
56 2-1 -1.948e-005  1.930e-005  1.777e-007  1.011e-003
56 2-2  2.020e-005 -2.099e-005  7.907e-007 -9.892e-004  1.059e-003
56 2-3 -7.217e-007  1.690e-006 -9.683e-007 -2.193e-005 -6.935e-005  9.128e-005
57  9.852e-001  1.404e-002  7.455e-004  1.785e-001  7.959e-001  2.560e-002 
57 1-1  6.278e-006
57 1-2 -6.233e-006  6.366e-006
57 1-3 -4.507e-008 -1.332e-007  1.783e-007
57 2-1 -1.805e-005  1.786e-005  1.848e-007  8.651e-004
57 2-2  1.868e-005 -1.958e-005  9.013e-007 -8.449e-004  9.197e-004
57 2-3 -6.303e-007  1.716e-006 -1.086e-006 -2.019e-005 -7.483e-005  9.501e-005
58  9.845e-001  1.462e-002  8.517e-004  1.712e-001  8.016e-001  2.720e-002 
58 1-1  6.173e-006
58 1-2 -6.104e-006  6.249e-006
58 1-3 -6.947e-008 -1.452e-007  2.146e-007
58 2-1 -1.671e-005  1.652e-005  1.925e-007  7.407e-004
58 2-2  1.723e-005 -1.826e-005  1.022e-006 -7.220e-004  8.019e-004
58 2-3 -5.243e-007  1.739e-006 -1.214e-006 -1.870e-005 -7.988e-005  9.858e-005
59  9.838e-001  1.522e-002  9.730e-004  1.642e-001  8.069e-001  2.888e-002 
59 1-1  6.064e-006
59 1-2 -5.964e-006  6.122e-006
59 1-3 -9.975e-008 -1.579e-007  2.577e-007
59 2-1 -1.546e-005  1.526e-005  2.011e-007  6.358e-004
59 2-2  1.587e-005 -1.702e-005  1.153e-006 -6.184e-004  7.028e-004
59 2-3 -4.039e-007  1.758e-006 -1.354e-006 -1.746e-005 -8.447e-005  1.019e-004
60  9.830e-001  1.584e-002  1.111e-003  1.574e-001  8.120e-001  3.066e-002 
60 1-1  5.955e-006
60 1-2 -5.818e-006  5.989e-006
60 1-3 -1.369e-007 -1.715e-007  3.084e-007
60 2-1 -1.432e-005  1.411e-005  2.107e-007  5.481e-004
60 2-2  1.459e-005 -1.588e-005  1.293e-006 -5.317e-004  6.203e-004
60 2-3 -2.704e-007  1.774e-006 -1.504e-006 -1.645e-005 -8.859e-005  1.050e-004
61  9.822e-001  1.649e-002  1.270e-003  1.507e-001  8.167e-001  3.252e-002 
61 1-1  5.851e-006
61 1-2 -5.669e-006  5.855e-006
61 1-3 -1.818e-007 -1.861e-007  3.679e-007
61 2-1 -1.328e-005  1.305e-005  2.218e-007  4.756e-004
61 2-2  1.340e-005 -1.484e-005  1.444e-006 -4.600e-004  5.522e-004
61 2-3 -1.253e-007  1.791e-006 -1.666e-006 -1.566e-005 -9.222e-005  1.079e-004
62  9.814e-001  1.717e-002  1.450e-003  1.444e-001  8.212e-001  3.449e-002 
62 1-1  5.760e-006
62 1-2 -5.525e-006  5.726e-006
62 1-3 -2.356e-007 -2.018e-007  4.374e-007
62 2-1 -1.234e-005  1.211e-005  2.348e-007  4.164e-004
62 2-2  1.231e-005 -1.392e-005  1.604e-006 -4.013e-004  4.967e-004
62 2-3  2.891e-008  1.809e-006 -1.838e-006 -1.507e-005 -9.536e-005  1.104e-004
63  9.805e-001  1.787e-002  1.656e-003  1.382e-001  8.253e-001  3.656e-002 
63 1-1  5.690e-006
63 1-2 -5.391e-006  5.610e-006
63 1-3 -2.993e-007 -2.189e-007  5.183e-007
63 2-1 -1.152e-005  1.127e-005  2.502e-007  3.686e-004
63 2-2  1.133e-005 -1.310e-005  1.772e-006 -3.539e-004  4.519e-004
63 2-3  1.890e-007  1.833e-006 -2.022e-006 -1.467e-005 -9.801e-005  1.127e-004
64  9.795e-001  1.859e-002  1.892e-003  1.322e-001  8.290e-001  3.874e-002 
64 1-1  5.651e-006
64 1-2 -5.277e-006  5.515e-006
64 1-3 -3.741e-007 -2.377e-007  6.118e-007
64 2-1 -1.082e-005  1.055e-005  2.686e-007  3.307e-004
64 2-2  1.047e-005 -1.241e-005  1.948e-006 -3.162e-004  4.164e-004
64 2-3  3.508e-007  1.866e-006 -2.217e-006 -1.444e-005 -1.002e-004  1.146e-004
65  9.785e-001  1.935e-002  2.160e-003  1.265e-001  8.325e-001  4.104e-002 
65 1-1  5.655e-006
65 1-2 -5.194e-006  5.453e-006
65 1-3 -4.608e-007 -2.588e-007  7.196e-007
65 2-1 -1.023e-005  9.939e-006  2.910e-007  3.011e-004
65 2-2  9.721e-006 -1.185e-005  2.132e-006 -2.868e-004  3.887e-004
65 2-3  5.091e-007  1.913e-006 -2.423e-006 -1.437e-005 -1.019e-004  1.163e-004
66  9.774e-001  2.014e-002  2.467e-003  1.209e-001  8.357e-001  4.345e-002 
66 1-1  5.713e-006
66 1-2 -5.153e-006  5.436e-006
66 1-3 -5.603e-007 -2.829e-007  8.432e-007
66 2-1 -9.764e-006  9.446e-006  3.183e-007  2.786e-004
66 2-2  9.106e-006 -1.143e-005  2.321e-006 -2.642e-004  3.675e-004
66 2-3  6.578e-007  1.982e-006 -2.639e-006 -1.444e-005 -1.033e-004  1.177e-004
67  9.762e-001  2.095e-002  2.817e-003  1.155e-001  8.385e-001  4.599e-002 
67 1-1  5.842e-006
67 1-2 -5.169e-006  5.480e-006
67 1-3 -6.735e-007 -3.111e-007  9.845e-007
67 2-1 -9.421e-006  9.069e-006  3.518e-007  2.619e-004
67 2-2  8.631e-006 -1.115e-005  2.516e-006 -2.473e-004  3.516e-004
67 2-3  7.898e-007  2.078e-006 -2.868e-006 -1.464e-005 -1.043e-004  1.189e-004
68  9.750e-001  2.180e-002  3.217e-003  1.104e-001  8.410e-001  4.865e-002 
68 1-1  6.060e-006
68 1-2 -5.259e-006  5.604e-006
68 1-3 -8.008e-007 -3.448e-007  1.146e-006
68 2-1 -9.202e-006  8.810e-006  3.929e-007  2.500e-004
68 2-2  8.306e-006 -1.102e-005  2.717e-006 -2.350e-004  3.402e-004
68 2-3  8.970e-007  2.213e-006 -3.110e-006 -1.495e-005 -1.051e-004  1.201e-004
69  9.736e-001  2.268e-002  3.672e-003  1.054e-001  8.432e-001  5.145e-002 
69 1-1  6.385e-006
69 1-2 -5.442e-006  5.828e-006
69 1-3 -9.429e-007 -3.862e-007  1.329e-006
69 2-1 -9.109e-006  8.666e-006  4.436e-007  2.418e-004
69 2-2  8.139e-006 -1.106e-005  2.923e-006 -2.265e-004  3.324e-004
69 2-3  9.707e-007  2.396e-006 -3.367e-006 -1.537e-005 -1.059e-004  1.213e-004
70  9.722e-001  2.359e-002  4.192e-003  1.006e-001  8.450e-001  5.439e-002 
70 1-1  6.840e-006
70 1-2 -5.740e-006  6.178e-006
70 1-3 -1.100e-006 -4.381e-007  1.538e-006
70 2-1 -9.142e-006  8.636e-006  5.061e-007  2.366e-004
70 2-2  8.140e-006 -1.128e-005  3.139e-006 -2.208e-004  3.276e-004
70 2-3  1.002e-006  2.643e-006 -3.645e-006 -1.588e-005 -1.069e-004  1.228e-004
71  9.707e-001  2.454e-002  4.785e-003  9.600e-002  8.465e-001  5.747e-002 
71 1-1  7.452e-006
71 1-2 -6.178e-006  6.682e-006
71 1-3 -1.274e-006 -5.044e-007  1.778e-006
71 2-1 -9.303e-006  8.719e-006  5.831e-007  2.337e-004
71 2-2  8.320e-006 -1.169e-005  3.368e-006 -2.172e-004  3.254e-004
71 2-3  9.826e-007  2.968e-006 -3.951e-006 -1.649e-005 -1.082e-004  1.247e-004
72  9.690e-001  2.552e-002  5.461e-003  9.156e-002  8.477e-001  6.071e-002 
72 1-1  8.250e-006
72 1-2 -6.784e-006  7.374e-006
72 1-3 -1.466e-006 -5.905e-007  2.057e-006
72 2-1 -9.591e-006  8.913e-006  6.779e-007  2.324e-004
72 2-2  8.686e-006 -1.230e-005  3.619e-006 -2.152e-004  3.254e-004
72 2-3  9.048e-007  3.392e-006 -4.297e-006 -1.718e-005 -1.102e-004  1.274e-004
73  9.672e-001  2.654e-002  6.231e-003  8.730e-002  8.486e-001  6.410e-002 
73 1-1  9.270e-006
73 1-2 -7.589e-006  8.292e-006
73 1-3 -1.681e-006 -7.034e-007  2.385e-006
73 2-1 -1.001e-005  9.213e-006  7.943e-007  2.322e-004
73 2-2  9.243e-006 -1.315e-005  3.905e-006 -2.142e-004  3.275e-004
73 2-3  7.641e-007  3.935e-006 -4.699e-006 -1.797e-005 -1.133e-004  1.313e-004
74  9.653e-001  2.759e-002  7.110e-003  8.320e-002  8.491e-001  6.766e-002 
74 1-1  1.055e-005
74 1-2 -8.626e-006  9.479e-006
74 1-3 -1.928e-006 -8.529e-007  2.781e-006
74 2-1 -1.055e-005  9.615e-006  9.371e-007  2.327e-004
74 2-2  9.993e-006 -1.424e-005  4.247e-006 -2.138e-004  3.317e-004
74 2-3  5.600e-007  4.624e-006 -5.184e-006 -1.886e-005 -1.179e-004  1.368e-004
75  9.632e-001  2.868e-002  8.111e-003  7.927e-002  8.494e-001  7.138e-002 
75 1-1  1.215e-005
75 1-2 -9.933e-006  1.098e-005
75 1-3 -2.221e-006 -1.052e-006  3.273e-006
75 2-1 -1.123e-005  1.012e-005  1.112e-006  2.335e-004
75 2-2  1.093e-005 -1.561e-005  4.676e-006 -2.136e-004  3.383e-004
75 2-3  2.985e-007  5.489e-006 -5.788e-006 -1.985e-005 -1.247e-004  1.445e-004
76  9.609e-001  2.981e-002  9.250e-003  7.549e-002  8.492e-001  7.528e-002 
76 1-1  1.414e-005
76 1-2 -1.155e-005  1.286e-005
76 1-3 -2.588e-006 -1.317e-006  3.905e-006
76 2-1 -1.204e-005  1.071e-005  1.325e-006  2.343e-004
76 2-2  1.204e-005 -1.728e-005  5.236e-006 -2.133e-004  3.475e-004
76 2-3 -4.087e-009  6.566e-006 -6.561e-006 -2.095e-005 -1.341e-004  1.551e-004
77  9.585e-001  3.097e-002  1.055e-002  7.186e-002  8.488e-001  7.936e-002 
77 1-1  1.658e-005
77 1-2 -1.351e-005  1.518e-005
77 1-3 -3.074e-006 -1.672e-006  4.746e-006
77 2-1 -1.298e-005  1.139e-005  1.585e-006  2.349e-004
77 2-2  1.329e-005 -1.928e-005  5.990e-006 -2.127e-004  3.598e-004
77 2-3 -3.179e-007  7.893e-006 -7.575e-006 -2.219e-005 -1.472e-004  1.694e-004
78  9.558e-001  3.217e-002  1.203e-002  6.838e-002  8.480e-001  8.364e-002 
78 1-1  1.962e-005
78 1-2 -1.586e-005  1.801e-005
78 1-3 -3.755e-006 -2.146e-006  5.902e-006
78 2-1 -1.405e-005  1.215e-005  1.901e-006  2.351e-004
78 2-2  1.465e-005 -2.167e-005  7.023e-006 -2.115e-004  3.762e-004
78 2-3 -5.934e-007  9.517e-006 -8.924e-006 -2.359e-005 -1.647e-004  1.883e-004
79  9.529e-001  3.342e-002  1.371e-002  6.504e-002  8.469e-001  8.810e-002 
79 1-1  2.339e-005
79 1-2 -1.864e-005  2.142e-005
79 1-3 -4.749e-006 -2.781e-006  7.530e-006
79 2-1 -1.527e-005  1.299e-005  2.283e-006  2.348e-004
79 2-2  1.602e-005 -2.448e-005  8.455e-006 -2.096e-004  3.974e-004
79 2-3 -7.551e-007  1.149e-005 -1.074e-005 -2.516e-005 -1.878e-004  2.129e-004
80  9.497e-001  3.470e-002  1.562e-002  6.184e-002  8.454e-001  9.277e-002 
80 1-1  2.813e-005
80 1-2 -2.189e-005  2.551e-005
80 1-3 -6.241e-006 -3.628e-006  9.869e-006
80 2-1 -1.663e-005  1.388e-005  2.745e-006  2.339e-004
80 2-2  1.732e-005 -2.776e-005  1.044e-005 -2.069e-004  4.246e-004
80 2-3 -6.927e-007  1.388e-005 -1.319e-005 -2.694e-005 -2.177e-004  2.446e-004
81  9.462e-001  3.601e-002  1.779e-002  5.878e-002  8.436e-001  9.764e-002 
81 1-1  3.413e-005
81 1-2 -2.562e-005  3.038e-005
81 1-3 -8.513e-006 -4.759e-006  1.327e-005
81 2-1 -1.814e-005  1.484e-005  3.301e-006  2.323e-004
81 2-2  1.839e-005 -3.159e-005  1.320e-005 -2.033e-004  4.592e-004
81 2-3 -2.506e-007  1.675e-005 -1.650e-005 -2.895e-005 -2.559e-004  2.848e-004
82  9.424e-001  3.736e-002  2.025e-002  5.584e-002  8.414e-001  1.027e-001 
82 1-1  4.184e-005
82 1-2 -2.986e-005  3.612e-005
82 1-3 -1.199e-005 -6.265e-006  1.825e-005
82 2-1 -1.981e-005  1.584e-005  3.969e-006  2.300e-004
82 2-2  1.902e-005 -3.602e-005  1.700e-005 -1.988e-004  5.028e-004
82 2-3  7.854e-007  2.018e-005 -2.097e-005 -3.122e-005 -3.040e-004  3.352e-004
83  9.382e-001  3.875e-002  2.305e-002  5.303e-002  8.389e-001  1.080e-001 
83 1-1  5.188e-005
83 1-2 -3.460e-005  4.287e-005
83 1-3 -1.729e-005 -8.271e-006  2.556e-005
83 2-1 -2.164e-005  1.688e-005  4.767e-006  2.271e-004
83 2-2  1.894e-005 -4.114e-005  2.220e-005 -1.933e-004  5.572e-004
83 2-3  2.704e-006  2.427e-005 -2.697e-005 -3.381e-005 -3.639e-004  3.977e-004
84  9.336e-001  4.017e-002  2.622e-002  5.034e-002  8.361e-001  1.136e-001 
84 1-1  6.512e-005
84 1-2 -3.980e-005  5.074e-005
84 1-3 -2.531e-005 -1.094e-005  3.625e-005
84 2-1 -2.366e-005  1.794e-005  5.720e-006  2.234e-004
84 2-2  1.777e-005 -4.705e-005  2.928e-005 -1.867e-004  6.244e-004
84 2-3  5.885e-006  2.911e-005 -3.500e-005 -3.673e-005 -4.377e-004  4.744e-004
85  9.286e-001  4.162e-002  2.982e-002  4.776e-002  8.329e-001  1.193e-001 
85 1-1  8.278e-005
85 1-2 -4.540e-005  5.988e-005
85 1-3 -3.737e-005 -1.448e-005  5.185e-005
85 2-1 -2.587e-005  1.901e-005  6.852e-006  2.191e-004
85 2-2  1.504e-005 -5.385e-005  3.881e-005 -1.791e-004  7.068e-004
85 2-3  1.083e-005  3.484e-005 -4.566e-005 -4.003e-005 -5.277e-004  5.677e-004
86  9.230e-001  4.310e-002  3.389e-002  4.530e-002  8.294e-001  1.253e-001 
86 1-1  1.066e-004
86 1-2 -5.127e-005  7.045e-005
86 1-3 -5.529e-005 -1.918e-005  7.447e-005
86 2-1 -2.828e-005  2.009e-005  8.192e-006  2.142e-004
86 2-2  1.011e-005 -6.167e-005  5.155e-005 -1.705e-004  8.071e-004
86 2-3  1.817e-005  4.158e-005 -5.975e-005 -4.375e-005 -6.366e-004  6.803e-004
87  9.169e-001  4.461e-002  3.848e-002  4.294e-002  8.255e-001  1.316e-001 
87 1-1  1.388e-004
87 1-2 -5.718e-005  8.259e-005
87 1-3 -8.164e-005 -2.541e-005  1.071e-004
87 2-1 -3.092e-005  2.115e-005  9.773e-006  2.088e-004
87 2-2  2.213e-006 -7.065e-005  6.843e-005 -1.609e-004  9.280e-004
87 2-3  2.871e-005  4.950e-005 -7.821e-005 -4.792e-005 -7.672e-004  8.151e-004
88  9.102e-001  4.613e-002  4.367e-002  4.069e-002  8.212e-001  1.381e-001 
88 1-1  1.828e-004
88 1-2 -6.284e-005  9.649e-005
88 1-3 -1.199e-004 -3.365e-005  1.536e-004
88 2-1 -3.381e-005  2.218e-005  1.163e-005  2.029e-004
88 2-2 -9.654e-006 -8.095e-005  9.061e-005 -1.503e-004  1.073e-003
88 2-3  4.346e-005  5.877e-005 -1.022e-004 -5.259e-005 -9.226e-004  9.752e-004
89  9.028e-001  4.767e-002  4.952e-002  3.854e-002  8.166e-001  1.448e-001 
89 1-1  2.428e-004
89 1-2 -6.778e-005  1.123e-004
89 1-3 -1.750e-004 -4.454e-005  2.195e-004
89 2-1 -3.696e-005  2.316e-005  1.380e-005  1.965e-004
89 2-2 -2.670e-005 -9.277e-005  1.195e-004 -1.387e-004  1.245e-003
89 2-3  6.366e-005  6.961e-005 -1.333e-004 -5.779e-005 -1.106e-003  1.164e-003
90  8.947e-001  4.921e-002  5.611e-002  3.648e-002  8.117e-001  1.518e-001 
90 1-1  3.246e-004
90 1-2 -7.138e-005  1.303e-004
90 1-3 -2.532e-004 -5.892e-005  3.121e-004
90 2-1 -4.040e-005  2.409e-005  1.632e-005  1.897e-004
90 2-2 -5.043e-005 -1.063e-004  1.568e-004 -1.262e-004  1.448e-003
90 2-3  9.083e-005  8.225e-005 -1.731e-004 -6.354e-005 -1.322e-003  1.385e-003