# DKFgali.txt
#IMaCh version 0.99r45, April 2023,INED-EUROREVES-Institut de longevite-Japan Society for the Promotion of Science (Grant-in-Aid for Scientific Research 25293121), Intel Software 2015-2020, Nihon University 2021-202, INED 2000-2022
#$Revision: 1.353 $ $Date: 2023/05/08 18:48:22 $
# Tue Feb 04 20:24:32 2025
#One-step probabilities and correlation matrix
# Age p1-1  p1-2  p1-3  p2-1  p2-2  p2-3 
50  9.891e-001  1.059e-002  2.932e-004  2.358e-001  7.476e-001  1.656e-002 
50 1-1  1.000e+000
50 1-2 -9.966e-001  1.000e+000
50 1-3  4.267e-002 -1.243e-001  1.000e+000
50 2-1 -2.293e-001  2.266e-001  1.327e-002  1.000e+000
50 2-2  2.373e-001 -2.381e-001  3.005e-002 -9.864e-001  1.000e+000
50 2-3 -4.620e-002  6.741e-002 -2.630e-001 -9.276e-002 -7.190e-002  1.000e+000
51  9.886e-001  1.103e-002  3.351e-004  2.269e-001  7.554e-001  1.764e-002 
51 1-1  1.000e+000
51 1-2 -9.959e-001  1.000e+000
51 1-3  3.388e-002 -1.243e-001  1.000e+000
51 2-1 -2.313e-001  2.284e-001  1.341e-002  1.000e+000
51 2-2  2.392e-001 -2.406e-001  3.443e-002 -9.835e-001  1.000e+000
51 2-3 -4.436e-002  6.789e-002 -2.631e-001 -8.829e-002 -9.355e-002  1.000e+000
52  9.881e-001  1.148e-002  3.829e-004  2.183e-001  7.629e-001  1.880e-002 
52 1-1  1.000e+000
52 1-2 -9.950e-001  1.000e+000
52 1-3  2.415e-002 -1.243e-001  1.000e+000
52 2-1 -2.334e-001  2.303e-001  1.358e-002  1.000e+000
52 2-2  2.411e-001 -2.432e-001  3.925e-002 -9.798e-001  1.000e+000
52 2-3 -4.221e-002  6.831e-002 -2.633e-001 -8.420e-002 -1.166e-001  1.000e+000
53  9.876e-001  1.195e-002  4.375e-004  2.099e-001  7.701e-001  2.001e-002 
53 1-1  1.000e+000
53 1-2 -9.938e-001  1.000e+000
53 1-3  1.336e-002 -1.244e-001  1.000e+000
53 2-1 -2.356e-001  2.322e-001  1.377e-002  1.000e+000
53 2-2  2.428e-001 -2.458e-001  4.453e-002 -9.754e-001  1.000e+000
53 2-3 -3.971e-002  6.867e-002 -2.634e-001 -8.052e-002 -1.410e-001  1.000e+000
54  9.871e-001  1.245e-002  4.999e-004  2.017e-001  7.770e-001  2.130e-002 
54 1-1  1.000e+000
54 1-2 -9.924e-001  1.000e+000
54 1-3  1.403e-003 -1.245e-001  1.000e+000
54 2-1 -2.379e-001  2.343e-001  1.399e-002  1.000e+000
54 2-2  2.442e-001 -2.485e-001  5.029e-002 -9.701e-001  1.000e+000
54 2-3 -3.685e-002  6.899e-002 -2.635e-001 -7.726e-002 -1.669e-001  1.000e+000
55  9.865e-001  1.296e-002  5.711e-004  1.937e-001  7.836e-001  2.266e-002 
55 1-1  1.000e+000
55 1-2 -9.907e-001  1.000e+000
55 1-3 -1.183e-002 -1.246e-001  1.000e+000
55 2-1 -2.402e-001  2.364e-001  1.425e-002  1.000e+000
55 2-2  2.453e-001 -2.511e-001  5.653e-002 -9.637e-001  1.000e+000
55 2-3 -3.359e-002  6.928e-002 -2.637e-001 -7.448e-002 -1.943e-001  1.000e+000
56  9.859e-001  1.349e-002  6.525e-004  1.860e-001  7.899e-001  2.409e-002 
56 1-1  1.000e+000
56 1-2 -9.885e-001  1.000e+000
56 1-3 -2.646e-002 -1.248e-001  1.000e+000
56 2-1 -2.426e-001  2.386e-001  1.454e-002  1.000e+000
56 2-2  2.459e-001 -2.536e-001  6.325e-002 -9.561e-001  1.000e+000
56 2-3 -2.992e-002  6.954e-002 -2.638e-001 -7.218e-002 -2.231e-001  1.000e+000
57  9.852e-001  1.404e-002  7.455e-004  1.785e-001  7.959e-001  2.560e-002 
57 1-1  1.000e+000
57 1-2 -9.859e-001  1.000e+000
57 1-3 -4.260e-002 -1.250e-001  1.000e+000
57 2-1 -2.449e-001  2.407e-001  1.488e-002  1.000e+000
57 2-2  2.458e-001 -2.559e-001  7.039e-002 -9.472e-001  1.000e+000
57 2-3 -2.581e-002  6.979e-002 -2.639e-001 -7.042e-002 -2.531e-001  1.000e+000
58  9.845e-001  1.462e-002  8.517e-004  1.712e-001  8.016e-001  2.720e-002 
58 1-1  1.000e+000
58 1-2 -9.827e-001  1.000e+000
58 1-3 -6.035e-002 -1.253e-001  1.000e+000
58 2-1 -2.471e-001  2.428e-001  1.527e-002  1.000e+000
58 2-2  2.449e-001 -2.579e-001  7.789e-002 -9.368e-001  1.000e+000
58 2-3 -2.125e-002  7.005e-002 -2.640e-001 -6.921e-002 -2.841e-001  1.000e+000
59  9.838e-001  1.522e-002  9.730e-004  1.642e-001  8.069e-001  2.888e-002 
59 1-1  1.000e+000
59 1-2 -9.789e-001  1.000e+000
59 1-3 -7.980e-002 -1.257e-001  1.000e+000
59 2-1 -2.490e-001  2.446e-001  1.571e-002  1.000e+000
59 2-2  2.431e-001 -2.595e-001  8.565e-002 -9.250e-001  1.000e+000
59 2-3 -1.625e-002  7.036e-002 -2.641e-001 -6.858e-002 -3.156e-001  1.000e+000
60  9.830e-001  1.584e-002  1.111e-003  1.574e-001  8.120e-001  3.066e-002 
60 1-1  1.000e+000
60 1-2 -9.742e-001  1.000e+000
60 1-3 -1.010e-001 -1.262e-001  1.000e+000
60 2-1 -2.506e-001  2.462e-001  1.621e-002  1.000e+000
60 2-2  2.400e-001 -2.606e-001  9.351e-002 -9.118e-001  1.000e+000
60 2-3 -1.081e-002  7.074e-002 -2.643e-001 -6.855e-002 -3.471e-001  1.000e+000
61  9.822e-001  1.649e-002  1.270e-003  1.507e-001  8.167e-001  3.252e-002 
61 1-1  1.000e+000
61 1-2 -9.686e-001  1.000e+000
61 1-3 -1.239e-001 -1.268e-001  1.000e+000
61 2-1 -2.517e-001  2.474e-001  1.677e-002  1.000e+000
61 2-2  2.358e-001 -2.611e-001  1.013e-001 -8.975e-001  1.000e+000
61 2-3 -4.987e-003  7.126e-002 -2.644e-001 -6.912e-002 -3.779e-001  1.000e+000
62  9.814e-001  1.717e-002  1.450e-003  1.444e-001  8.212e-001  3.449e-002 
62 1-1  1.000e+000
62 1-2 -9.619e-001  1.000e+000
62 1-3 -1.484e-001 -1.275e-001  1.000e+000
62 2-1 -2.520e-001  2.480e-001  1.740e-002  1.000e+000
62 2-2  2.302e-001 -2.610e-001  1.088e-001 -8.825e-001  1.000e+000
62 2-3  1.146e-003  7.195e-002 -2.645e-001 -7.027e-002 -4.072e-001  1.000e+000
63  9.805e-001  1.787e-002  1.656e-003  1.382e-001  8.253e-001  3.656e-002 
63 1-1  1.000e+000
63 1-2 -9.542e-001  1.000e+000
63 1-3 -1.743e-001 -1.284e-001  1.000e+000
63 2-1 -2.516e-001  2.479e-001  1.810e-002  1.000e+000
63 2-2  2.235e-001 -2.603e-001  1.158e-001 -8.672e-001  1.000e+000
63 2-3  7.464e-003  7.291e-002 -2.646e-001 -7.197e-002 -4.343e-001  1.000e+000
64  9.795e-001  1.859e-002  1.892e-003  1.322e-001  8.290e-001  3.874e-002 
64 1-1  1.000e+000
64 1-2 -9.453e-001  1.000e+000
64 1-3 -2.012e-001 -1.294e-001  1.000e+000
64 2-1 -2.502e-001  2.470e-001  1.889e-002  1.000e+000
64 2-2  2.157e-001 -2.590e-001  1.221e-001 -8.522e-001  1.000e+000
64 2-3  1.378e-002  7.422e-002 -2.647e-001 -7.417e-002 -4.585e-001  1.000e+000
65  9.785e-001  1.935e-002  2.160e-003  1.265e-001  8.325e-001  4.104e-002 
65 1-1  1.000e+000
65 1-2 -9.354e-001  1.000e+000
65 1-3 -2.284e-001 -1.307e-001  1.000e+000
65 2-1 -2.479e-001  2.453e-001  1.977e-002  1.000e+000
65 2-2  2.073e-001 -2.575e-001  1.275e-001 -8.382e-001  1.000e+000
65 2-3  1.985e-002  7.599e-002 -2.648e-001 -7.678e-002 -4.794e-001  1.000e+000
66  9.774e-001  2.014e-002  2.467e-003  1.209e-001  8.357e-001  4.345e-002 
66 1-1  1.000e+000
66 1-2 -9.247e-001  1.000e+000
66 1-3 -2.553e-001 -1.321e-001  1.000e+000
66 2-1 -2.447e-001  2.427e-001  2.076e-002  1.000e+000
66 2-2  1.987e-001 -2.557e-001  1.319e-001 -8.257e-001  1.000e+000
66 2-3  2.537e-002  7.834e-002 -2.649e-001 -7.973e-002 -4.965e-001  1.000e+000
67  9.762e-001  2.095e-002  2.817e-003  1.155e-001  8.385e-001  4.599e-002 
67 1-1  1.000e+000
67 1-2 -9.135e-001  1.000e+000
67 1-3 -2.808e-001 -1.339e-001  1.000e+000
67 2-1 -2.408e-001  2.394e-001  2.190e-002  1.000e+000
67 2-2  1.904e-001 -2.540e-001  1.352e-001 -8.149e-001  1.000e+000
67 2-3  2.996e-002  8.140e-002 -2.650e-001 -8.292e-002 -5.100e-001  1.000e+000
68  9.750e-001  2.180e-002  3.217e-003  1.104e-001  8.410e-001  4.865e-002 
68 1-1  1.000e+000
68 1-2 -9.025e-001  1.000e+000
68 1-3 -3.039e-001 -1.361e-001  1.000e+000
68 2-1 -2.364e-001  2.354e-001  2.322e-002  1.000e+000
68 2-2  1.829e-001 -2.525e-001  1.376e-001 -8.060e-001  1.000e+000
68 2-3  3.325e-002  8.529e-002 -2.651e-001 -8.627e-002 -5.202e-001  1.000e+000
69  9.736e-001  2.268e-002  3.672e-003  1.054e-001  8.432e-001  5.145e-002 
69 1-1  1.000e+000
69 1-2 -8.921e-001  1.000e+000
69 1-3 -3.237e-001 -1.388e-001  1.000e+000
69 2-1 -2.318e-001  2.308e-001  2.475e-002  1.000e+000
69 2-2  1.767e-001 -2.513e-001  1.391e-001 -7.988e-001  1.000e+000
69 2-3  3.488e-002  9.013e-002 -2.652e-001 -8.971e-002 -5.276e-001  1.000e+000
70  9.722e-001  2.359e-002  4.192e-003  1.006e-001  8.450e-001  5.439e-002 
70 1-1  1.000e+000
70 1-2 -8.830e-001  1.000e+000
70 1-3 -3.392e-001 -1.421e-001  1.000e+000
70 2-1 -2.272e-001  2.259e-001  2.653e-002  1.000e+000
70 2-2  1.720e-001 -2.507e-001  1.398e-001 -7.928e-001  1.000e+000
70 2-3  3.458e-002  9.597e-002 -2.653e-001 -9.317e-002 -5.329e-001  1.000e+000
71  9.707e-001  2.454e-002  4.785e-003  9.600e-002  8.465e-001  5.747e-002 
71 1-1  1.000e+000
71 1-2 -8.755e-001  1.000e+000
71 1-3 -3.500e-001 -1.463e-001  1.000e+000
71 2-1 -2.229e-001  2.206e-001  2.860e-002  1.000e+000
71 2-2  1.690e-001 -2.506e-001  1.400e-001 -7.877e-001  1.000e+000
71 2-3  3.223e-002  1.028e-001 -2.653e-001 -9.658e-002 -5.371e-001  1.000e+000
72  9.690e-001  2.552e-002  5.461e-003  9.156e-002  8.477e-001  6.071e-002 
72 1-1  1.000e+000
72 1-2 -8.697e-001  1.000e+000
72 1-3 -3.560e-001 -1.516e-001  1.000e+000
72 2-1 -2.190e-001  2.153e-001  3.101e-002  1.000e+000
72 2-2  1.676e-001 -2.512e-001  1.399e-001 -7.826e-001  1.000e+000
72 2-3  2.791e-002  1.107e-001 -2.654e-001 -9.987e-002 -5.413e-001  1.000e+000
73  9.672e-001  2.654e-002  6.231e-003  8.730e-002  8.486e-001  6.410e-002 
73 1-1  1.000e+000
73 1-2 -8.655e-001  1.000e+000
73 1-3 -3.576e-001 -1.582e-001  1.000e+000
73 2-1 -2.157e-001  2.100e-001  3.376e-002  1.000e+000
73 2-2  1.677e-001 -2.523e-001  1.397e-001 -7.768e-001  1.000e+000
73 2-3  2.190e-002  1.193e-001 -2.656e-001 -1.029e-001 -5.464e-001  1.000e+000
74  9.653e-001  2.759e-002  7.110e-003  8.320e-002  8.491e-001  6.766e-002 
74 1-1  1.000e+000
74 1-2 -8.624e-001  1.000e+000
74 1-3 -3.559e-001 -1.661e-001  1.000e+000
74 2-1 -2.129e-001  2.047e-001  3.684e-002  1.000e+000
74 2-2  1.689e-001 -2.539e-001  1.398e-001 -7.696e-001  1.000e+000
74 2-3  1.474e-002  1.284e-001 -2.658e-001 -1.057e-001 -5.536e-001  1.000e+000
75  9.632e-001  2.868e-002  8.111e-003  7.927e-002  8.494e-001  7.138e-002 
75 1-1  1.000e+000
75 1-2 -8.597e-001  1.000e+000
75 1-3 -3.521e-001 -1.754e-001  1.000e+000
75 2-1 -2.108e-001  1.998e-001  4.023e-002  1.000e+000
75 2-2  1.705e-001 -2.560e-001  1.405e-001 -7.601e-001  1.000e+000
75 2-3  7.124e-003  1.378e-001 -2.662e-001 -1.081e-001 -5.638e-001  1.000e+000
76  9.609e-001  2.981e-002  9.250e-003  7.549e-002  8.492e-001  7.528e-002 
76 1-1  1.000e+000
76 1-2 -8.563e-001  1.000e+000
76 1-3 -3.483e-001 -1.858e-001  1.000e+000
76 2-1 -2.091e-001  1.951e-001  4.382e-002  1.000e+000
76 2-2  1.718e-001 -2.584e-001  1.422e-001 -7.477e-001  1.000e+000
76 2-3 -8.729e-005  1.470e-001 -2.666e-001 -1.099e-001 -5.778e-001  1.000e+000
77  9.585e-001  3.097e-002  1.055e-002  7.186e-002  8.488e-001  7.936e-002 
77 1-1  1.000e+000
77 1-2 -8.514e-001  1.000e+000
77 1-3 -3.465e-001 -1.970e-001  1.000e+000
77 2-1 -2.079e-001  1.907e-001  4.747e-002  1.000e+000
77 2-2  1.721e-001 -2.609e-001  1.449e-001 -7.316e-001  1.000e+000
77 2-3 -5.998e-003  1.556e-001 -2.672e-001 -1.113e-001 -5.961e-001  1.000e+000
78  9.558e-001  3.217e-002  1.203e-002  6.838e-002  8.480e-001  8.364e-002 
78 1-1  1.000e+000
78 1-2 -8.439e-001  1.000e+000
78 1-3 -3.490e-001 -2.082e-001  1.000e+000
78 2-1 -2.069e-001  1.868e-001  5.103e-002  1.000e+000
78 2-2  1.705e-001 -2.633e-001  1.491e-001 -7.112e-001  1.000e+000
78 2-3 -9.764e-003  1.634e-001 -2.677e-001 -1.121e-001 -6.188e-001  1.000e+000
79  9.529e-001  3.342e-002  1.371e-002  6.504e-002  8.469e-001  8.810e-002 
79 1-1  1.000e+000
79 1-2 -8.328e-001  1.000e+000
79 1-3 -3.578e-001 -2.189e-001  1.000e+000
79 2-1 -2.060e-001  1.831e-001  5.430e-002  1.000e+000
79 2-2  1.662e-001 -2.653e-001  1.546e-001 -6.863e-001  1.000e+000
79 2-3 -1.070e-002  1.702e-001 -2.682e-001 -1.125e-001 -6.455e-001  1.000e+000
80  9.497e-001  3.470e-002  1.562e-002  6.184e-002  8.454e-001  9.277e-002 
80 1-1  1.000e+000
80 1-2 -8.170e-001  1.000e+000
80 1-3 -3.746e-001 -2.286e-001  1.000e+000
80 2-1 -2.050e-001  1.797e-001  5.713e-002  1.000e+000
80 2-2  1.585e-001 -2.667e-001  1.613e-001 -6.567e-001  1.000e+000
80 2-3 -8.351e-003  1.757e-001 -2.684e-001 -1.126e-001 -6.754e-001  1.000e+000
81  9.462e-001  3.601e-002  1.779e-002  5.878e-002  8.436e-001  9.764e-002 
81 1-1  1.000e+000
81 1-2 -7.956e-001  1.000e+000
81 1-3 -4.000e-001 -2.370e-001  1.000e+000
81 2-1 -2.037e-001  1.766e-001  5.945e-002  1.000e+000
81 2-2  1.469e-001 -2.674e-001  1.691e-001 -6.226e-001  1.000e+000
81 2-3 -2.541e-003  1.801e-001 -2.684e-001 -1.125e-001 -7.075e-001  1.000e+000
82  9.424e-001  3.736e-002  2.025e-002  5.584e-002  8.414e-001  1.027e-001 
82 1-1  1.000e+000
82 1-2 -7.680e-001  1.000e+000
82 1-3 -4.337e-001 -2.440e-001  1.000e+000
82 2-1 -2.019e-001  1.738e-001  6.125e-002  1.000e+000
82 2-2  1.311e-001 -2.673e-001  1.774e-001 -5.846e-001  1.000e+000
82 2-3  6.631e-003  1.834e-001 -2.680e-001 -1.124e-001 -7.405e-001  1.000e+000
83  9.382e-001  3.875e-002  2.305e-002  5.303e-002  8.389e-001  1.080e-001 
83 1-1  1.000e+000
83 1-2 -7.336e-001  1.000e+000
83 1-3 -4.747e-001 -2.499e-001  1.000e+000
83 2-1 -1.994e-001  1.711e-001  6.258e-002  1.000e+000
83 2-2  1.114e-001 -2.662e-001  1.861e-001 -5.433e-001  1.000e+000
83 2-3  1.882e-002  1.859e-001 -2.675e-001 -1.125e-001 -7.731e-001  1.000e+000
84  9.336e-001  4.017e-002  2.622e-002  5.034e-002  8.361e-001  1.136e-001 
84 1-1  1.000e+000
84 1-2 -6.924e-001  1.000e+000
84 1-3 -5.210e-001 -2.550e-001  1.000e+000
84 2-1 -1.961e-001  1.685e-001  6.356e-002  1.000e+000
84 2-2  8.815e-002 -2.643e-001  1.946e-001 -4.999e-001  1.000e+000
84 2-3  3.348e-002  1.876e-001 -2.669e-001 -1.128e-001 -8.042e-001  1.000e+000
85  9.286e-001  4.162e-002  2.982e-002  4.776e-002  8.329e-001  1.193e-001 
85 1-1  1.000e+000
85 1-2 -6.449e-001  1.000e+000
85 1-3 -5.704e-001 -2.599e-001  1.000e+000
85 2-1 -1.921e-001  1.660e-001  6.428e-002  1.000e+000
85 2-2  6.217e-002 -2.617e-001  2.027e-001 -4.551e-001  1.000e+000
85 2-3  4.994e-002  1.889e-001 -2.661e-001 -1.135e-001 -8.330e-001  1.000e+000
86  9.230e-001  4.310e-002  3.389e-002  4.530e-002  8.294e-001  1.253e-001 
86 1-1  1.000e+000
86 1-2 -5.917e-001  1.000e+000
86 1-3 -6.207e-001 -2.648e-001  1.000e+000
86 2-1 -1.872e-001  1.635e-001  6.486e-002  1.000e+000
86 2-2  3.449e-002 -2.586e-001  2.103e-001 -4.100e-001  1.000e+000
86 2-3  6.747e-002  1.899e-001 -2.654e-001 -1.146e-001 -8.591e-001  1.000e+000
87  9.169e-001  4.461e-002  3.848e-002  4.294e-002  8.255e-001  1.316e-001 
87 1-1  1.000e+000
87 1-2 -5.340e-001  1.000e+000
87 1-3 -6.697e-001 -2.702e-001  1.000e+000
87 2-1 -1.816e-001  1.610e-001  6.537e-002  1.000e+000
87 2-2  6.165e-003 -2.552e-001  2.171e-001 -3.655e-001  1.000e+000
87 2-3  8.534e-002  1.908e-001 -2.648e-001 -1.162e-001 -8.821e-001  1.000e+000
88  9.102e-001  4.613e-002  4.367e-002  4.069e-002  8.212e-001  1.381e-001 
88 1-1  1.000e+000
88 1-2 -4.732e-001  1.000e+000
88 1-3 -7.159e-001 -2.764e-001  1.000e+000
88 2-1 -1.756e-001  1.585e-001  6.587e-002  1.000e+000
88 2-2 -2.180e-002 -2.516e-001  2.232e-001 -3.221e-001  1.000e+000
88 2-3  1.029e-001  1.916e-001 -2.642e-001 -1.182e-001 -9.020e-001  1.000e+000
89  9.028e-001  4.767e-002  4.952e-002  3.854e-002  8.166e-001  1.448e-001 
89 1-1  1.000e+000
89 1-2 -4.104e-001  1.000e+000
89 1-3 -7.580e-001 -2.837e-001  1.000e+000
89 2-1 -1.692e-001  1.559e-001  6.643e-002  1.000e+000
89 2-2 -4.857e-002 -2.481e-001  2.285e-001 -2.804e-001  1.000e+000
89 2-3  1.198e-001  1.925e-001 -2.636e-001 -1.208e-001 -9.190e-001  1.000e+000
90  8.947e-001  4.921e-002  5.611e-002  3.648e-002  8.117e-001  1.518e-001 
90 1-1  1.000e+000
90 1-2 -3.471e-001  1.000e+000
90 1-3 -7.955e-001 -2.921e-001  1.000e+000
90 2-1 -1.628e-001  1.532e-001  6.705e-002  1.000e+000
90 2-2 -7.355e-002 -2.448e-001  2.332e-001 -2.408e-001  1.000e+000
90 2-3  1.354e-001  1.936e-001 -2.632e-001 -1.239e-001 -9.333e-001  1.000e+000