
#****** ******
# DKFgali.txt
#IMaCh version 0.99r45, April 2023,INED-EUROREVES-Institut de longevite-Japan Society for the Promotion of Science (Grant-in-Aid for Scientific Research 25293121), Intel Software 2015-2020, Nihon University 2021-202, INED 2000-2022
#$Revision: 1.353 $ $Date: 2023/05/08 18:48:22 $
# Tue Feb 04 20:24:32 2025
# Health expectancies with standard errors
# Age e11 (SE) e12 (SE) e1.  e21 (SE) e22 (SE) e2. 
 50   27.7693 (0.9495)    3.6345 (0.4027)   31.4037 (0.9773)   24.1768 (1.5883)    5.1141 (0.5609)   29.2909 (1.6219)
 51   26.8708 (0.9370)    3.5991 (0.4000)   30.4698 (0.9657)   23.1093 (1.5715)    5.1155 (0.5572)   28.2248 (1.6179)
 52   25.9813 (0.9243)    3.5616 (0.3974)   29.5429 (0.9538)   22.0485 (1.5508)    5.1141 (0.5534)   27.1626 (1.6100)
 53   25.1016 (0.9114)    3.5220 (0.3948)   28.6236 (0.9415)   20.9961 (1.5264)    5.1094 (0.5496)   26.1055 (1.5983)
 54   24.2323 (0.8983)    3.4801 (0.3923)   27.7124 (0.9288)   19.9538 (1.4985)    5.1013 (0.5459)   25.0551 (1.5825)
 55   23.3740 (0.8852)    3.4360 (0.3898)   26.8101 (0.9160)   18.9237 (1.4673)    5.0894 (0.5422)   24.0131 (1.5627)
 56   22.5276 (0.8720)    3.3896 (0.3873)   25.9172 (0.9030)   17.9077 (1.4331)    5.0734 (0.5385)   22.9811 (1.5391)
 57   21.6936 (0.8588)    3.3409 (0.3849)   25.0345 (0.8899)   16.9080 (1.3965)    5.0531 (0.5348)   21.9611 (1.5117)
 58   20.8728 (0.8457)    3.2897 (0.3826)   24.1625 (0.8767)   15.9269 (1.3580)    5.0282 (0.5311)   20.9551 (1.4808)
 59   20.0659 (0.8327)    3.2362 (0.3803)   23.3020 (0.8637)   14.9665 (1.3180)    4.9985 (0.5274)   19.9649 (1.4469)
 60   19.2734 (0.8198)    3.1802 (0.3780)   22.4536 (0.8508)   14.0291 (1.2772)    4.9637 (0.5236)   18.9928 (1.4104)
 61   18.4961 (0.8070)    3.1219 (0.3759)   21.6180 (0.8382)   13.1169 (1.2360)    4.9239 (0.5196)   18.0408 (1.3716)
 62   17.7345 (0.7945)    3.0612 (0.3738)   20.7957 (0.8258)   12.2320 (1.1950)    4.8788 (0.5153)   17.1108 (1.3312)
 63   16.9891 (0.7821)    2.9982 (0.3718)   19.9873 (0.8139)   11.3764 (1.1545)    4.8285 (0.5109)   16.2049 (1.2896)
 64   16.2605 (0.7700)    2.9330 (0.3699)   19.1935 (0.8024)   10.5518 (1.1149)    4.7730 (0.5061)   15.3248 (1.2474)
 65   15.5492 (0.7581)    2.8655 (0.3681)   18.4147 (0.7914)    9.7600 (1.0763)    4.7123 (0.5012)   14.4723 (1.2050)
 66   14.8554 (0.7465)    2.7960 (0.3663)   17.6514 (0.7811)    9.0023 (1.0387)    4.6465 (0.4960)   13.6488 (1.1630)
 67   14.1796 (0.7352)    2.7245 (0.3647)   16.9041 (0.7714)    8.2799 (1.0022)    4.5759 (0.4907)   12.8558 (1.1217)
 68   13.5220 (0.7243)    2.6512 (0.3631)   16.1732 (0.7624)    7.5937 (0.9665)    4.5007 (0.4854)   12.0943 (1.0814)
 69   12.8829 (0.7138)    2.5762 (0.3616)   15.4590 (0.7543)    6.9443 (0.9315)    4.4210 (0.4803)   11.3653 (1.0426)
 70   12.2623 (0.7037)    2.4996 (0.3602)   14.7619 (0.7471)    6.3320 (0.8970)    4.3374 (0.4755)   10.6694 (1.0054)
 71   11.6604 (0.6941)    2.4216 (0.3588)   14.0820 (0.7408)    5.7569 (0.8626)    4.2500 (0.4713)   10.0069 (0.9699)
 72   11.0773 (0.6851)    2.3424 (0.3574)   13.4196 (0.7355)    5.2188 (0.8282)    4.1593 (0.4678)    9.3781 (0.9365)
 73   10.5128 (0.6767)    2.2621 (0.3560)   12.7749 (0.7313)    4.7172 (0.7935)    4.0657 (0.4651)    8.7829 (0.9051)
 74    9.9670 (0.6690)    2.1810 (0.3546)   12.1480 (0.7282)    4.2514 (0.7585)    3.9695 (0.4636)    8.2209 (0.8757)
 75    9.4397 (0.6622)    2.0993 (0.3531)   11.5390 (0.7263)    3.8205 (0.7232)    3.8712 (0.4632)    7.6917 (0.8486)
 76    8.9309 (0.6561)    2.0171 (0.3515)   10.9480 (0.7256)    3.4234 (0.6874)    3.7712 (0.4640)    7.1946 (0.8236)
 77    8.4403 (0.6509)    1.9347 (0.3497)   10.3750 (0.7260)    3.0587 (0.6514)    3.6700 (0.4662)    6.7286 (0.8006)
 78    7.9677 (0.6466)    1.8523 (0.3478)    9.8200 (0.7276)    2.7251 (0.6152)    3.5678 (0.4696)    6.2929 (0.7798)
 79    7.5129 (0.6431)    1.7701 (0.3457)    9.2830 (0.7304)    2.4210 (0.5790)    3.4652 (0.4742)    5.8862 (0.7610)
 80    7.0757 (0.6405)    1.6884 (0.3433)    8.7641 (0.7341)    2.1448 (0.5429)    3.3625 (0.4798)    5.5073 (0.7441)
 81    6.6559 (0.6387)    1.6073 (0.3407)    8.2631 (0.7387)    1.8949 (0.5072)    3.2599 (0.4862)    5.1548 (0.7291)
 82    6.2531 (0.6375)    1.5270 (0.3377)    7.7801 (0.7441)    1.6696 (0.4721)    3.1580 (0.4934)    4.8275 (0.7157)
 83    5.8672 (0.6368)    1.4478 (0.3344)    7.3150 (0.7499)    1.4671 (0.4378)    3.0569 (0.5011)    4.5239 (0.7040)
 84    5.4979 (0.6365)    1.3698 (0.3308)    6.8678 (0.7560)    1.2858 (0.4045)    2.9569 (0.5090)    4.2426 (0.6936)
 85    5.1450 (0.6363)    1.2933 (0.3268)    6.4383 (0.7621)    1.1240 (0.3724)    2.8582 (0.5171)    3.9822 (0.6845)
 86    4.8080 (0.6361)    1.2185 (0.3224)    6.0265 (0.7679)    0.9801 (0.3415)    2.7612 (0.5250)    3.7413 (0.6764)
 87    4.4869 (0.6357)    1.1455 (0.3175)    5.6324 (0.7730)    0.8525 (0.3121)    2.6659 (0.5327)    3.5184 (0.6693)
 88    4.1814 (0.6347)    1.0744 (0.3123)    5.2558 (0.7773)    0.7398 (0.2843)    2.5726 (0.5399)    3.3124 (0.6629)
 89    3.8912 (0.6329)    1.0055 (0.3066)    4.8967 (0.7802)    0.6406 (0.2580)    2.4813 (0.5466)    3.1219 (0.6571)
 90    3.6160 (0.6302)    0.9389 (0.3006)    4.5549 (0.7817)    0.5535 (0.2334)    2.3922 (0.5526)    2.9457 (0.6517)
