
#****** ******
# DKFgali.txt
#IMaCh version 0.99r45, April 2023,INED-EUROREVES-Institut de longevite-Japan Society for the Promotion of Science (Grant-in-Aid for Scientific Research 25293121), Intel Software 2015-2020, Nihon University 2021-202, INED 2000-2022
#$Revision: 1.353 $ $Date: 2023/05/08 18:48:22 $
# Tue Feb 04 20:24:32 2025
# Variance and covariance of health expectancies e.j 
#  (weighted average of eij where weights are the age specific period (stable) prevalences in each health state 
# Age Cov(e.1, e.1) Cov(e.1, e.2) Cov(e.2, e.1) Cov(e.2, e.2)
50  0.9392 -0.0609 -0.0609 0.1672
51  0.9168 -0.0593 -0.0593 0.1652
52  0.8941 -0.0578 -0.0578 0.1632
53  0.8712 -0.0566 -0.0566 0.1613
54  0.8482 -0.0556 -0.0556 0.1595
55  0.8252 -0.0548 -0.0548 0.1577
56  0.8024 -0.0542 -0.0542 0.1559
57  0.7798 -0.0538 -0.0538 0.1543
58  0.7575 -0.0536 -0.0536 0.1527
59  0.7358 -0.0535 -0.0535 0.1512
60  0.7146 -0.0536 -0.0536 0.1497
61  0.6940 -0.0538 -0.0538 0.1484
62  0.6742 -0.0541 -0.0541 0.1471
63  0.6550 -0.0544 -0.0544 0.1460
64  0.6166 -0.0571 -0.0571 0.1471
65  0.6192 -0.0550 -0.0550 0.1440
66  0.6024 -0.0552 -0.0552 0.1432
67  0.5864 -0.0553 -0.0553 0.1425
68  0.5710 -0.0552 -0.0552 0.1420
69  0.5563 -0.0549 -0.0549 0.1416
70  0.5422 -0.0545 -0.0545 0.1413
71  0.5286 -0.0538 -0.0538 0.1411
72  0.5155 -0.0529 -0.0529 0.1412
73  0.5028 -0.0519 -0.0519 0.1413
74  0.4888 -0.0509 -0.0509 0.1425
75  0.4784 -0.0493 -0.0493 0.1421
76  0.4667 -0.0478 -0.0478 0.1427
77  0.4553 -0.0462 -0.0462 0.1435
78  0.4443 -0.0447 -0.0447 0.1444
79  0.4337 -0.0432 -0.0432 0.1454
80  0.4235 -0.0418 -0.0418 0.1465
81  0.4137 -0.0407 -0.0407 0.1478
82  0.4045 -0.0398 -0.0398 0.1491
83  0.3957 -0.0393 -0.0393 0.1506
84  0.3875 -0.0393 -0.0393 0.1522
85  0.3797 -0.0398 -0.0398 0.1539
86  0.3725 -0.0409 -0.0409 0.1558
87  0.3658 -0.0428 -0.0428 0.1578
88  0.3595 -0.0455 -0.0455 0.1601
89  0.3537 -0.0493 -0.0493 0.1627
90  0.3483 -0.0541 -0.0541 0.1658
