# DEMadl.txt
#IMaCh version 0.99r45, April 2023,INED-EUROREVES-Institut de longevite-Japan Society for the Promotion of Science (Grant-in-Aid for Scientific Research 25293121), Intel Software 2015-2020, Nihon University 2021-202, INED 2000-2022
#$Revision: 1.353 $ $Date: 2023/05/08 18:48:22 $
# Tue Feb 04 22:03:38 2025

#****** ******
# (a) Life expectancies by health status at initial age and (b) health expectancies by health status at initial age
# Age e11  e12  e1.  e21  e22  e2. 
 50  24.7750   3.5465  28.3215  23.2471   5.3152  28.5623
 51  24.1382   3.5629  27.7010  22.4603   5.4045  27.8648
 52  23.4937   3.5756  27.0692  21.6531   5.4904  27.1436
 53  22.8422   3.5843  26.4266  20.8261   5.5716  26.3977
 54  22.1848   3.5888  25.7735  19.9799   5.6469  25.6268
 55  21.5223   3.5886  25.1109  19.1159   5.7147  24.8306
 56  20.8559   3.5835  24.4394  18.2356   5.7735  24.0091
 57  20.1868   3.5731  23.7599  17.3414   5.8217  23.1631
 58  19.5163   3.5571  23.0734  16.4359   5.8576  22.2935
 59  18.8459   3.5353  22.3812  15.5224   5.8796  21.4019
 60  18.1770   3.5075  21.6845  14.6047   5.8861  20.4907
 61  17.5113   3.4735  20.9847  13.6870   5.8758  19.5628
 62  16.8502   3.4331  20.2834  12.7742   5.8475  18.6216
 63  16.1956   3.3865  19.5821  11.8710   5.8003  17.6713
 64  15.5490   3.3335  18.8825  10.9825   5.7338  16.7164
 65  14.9120   3.2744  18.1864  10.1140   5.6478  15.7618
 66  14.2863   3.2094  17.4957   9.2704   5.5425  14.8129
 67  13.6732   3.1388  16.8120   8.4563   5.4185  13.8748
 68  13.0743   3.0629  16.1372   7.6761   5.2769  12.9530
 69  12.4907   2.9822  15.4729   6.9335   5.1191  12.0525
 70  11.9236   2.8973  14.8209   6.2316   4.9467  11.1782
 71  11.3739   2.8087  14.1826   5.5728   4.7616  10.3344
 72  10.8424   2.7170  13.5594   4.9588   4.5660   9.5249
 73  10.3296   2.6229  12.9525   4.3907   4.3622   8.7529
 74   9.8361   2.5270  12.3632   3.8685   4.1524   8.0209
 75   9.3621   2.4301  11.7922   3.3919   3.9389   7.3308
 76   8.9076   2.3327  11.2403   2.9599   3.7238   6.6837
 77   8.4726   2.2355  10.7081   2.5708   3.5094   6.0801
 78   8.0569   2.1391  10.1960   2.2226   3.2974   5.5200
 79   7.6601   2.0440   9.7041   1.9131   3.0896   5.0027
 80   7.2818   1.9508   9.2326   1.6396   2.8874   4.5271
 81   6.9215   1.8599   8.7814   1.3994   2.6922   4.0916
 82   6.5786   1.7717   8.3503   1.1896   2.5049   3.6944
 83   6.2524   1.6865   7.9389   1.0073   2.3263   3.3336
 84   5.9424   1.6046   7.5469   0.8499   2.1569   3.0068
 85   5.6477   1.5261   7.1738   0.7146   1.9972   2.7118
 86   5.3677   1.4514   6.8190   0.5988   1.8474   2.4462
 87   5.1017   1.3803   6.4820   0.5002   1.7074   2.2076
 88   4.8490   1.3131   6.1621   0.4166   1.5771   1.9938
 89   4.6090   1.2497   5.8586   0.3461   1.4564   1.8025
 90   4.3809   1.1901   5.5710   0.2867   1.3449   1.6316
