# DEMadl.txt
#IMaCh version 0.99r45, April 2023,INED-EUROREVES-Institut de longevite-Japan Society for the Promotion of Science (Grant-in-Aid for Scientific Research 25293121), Intel Software 2015-2020, Nihon University 2021-202, INED 2000-2022
#$Revision: 1.353 $ $Date: 2023/05/08 18:48:22 $
# Tue Feb 04 22:03:38 2025
# Forward period (stable) prevalence. Precision given by ftolpl=0.0006 
#Age 1-1 2-2 
#************
#Age   1-1     2-2   Total Years_to_converge
50  0.97530 0.02471 1.000 14
51  0.97283 0.02718 1.000 14
52  0.97011 0.02991 1.000 14
53  0.96712 0.03289 1.000 15
54  0.96386 0.03616 1.000 15
55  0.96028 0.03974 1.000 16
56  0.95637 0.04366 1.000 16
57  0.95210 0.04792 1.000 16
58  0.94746 0.05257 1.000 17
59  0.94241 0.05761 1.000 17
60  0.93695 0.06308 1.000 18
61  0.93103 0.06900 1.000 18
62  0.92466 0.07537 1.000 19
63  0.91782 0.08223 1.000 19
64  0.91049 0.08956 1.000 19
65  0.90268 0.09737 1.000 20
66  0.89438 0.10567 1.000 20
67  0.88562 0.11444 1.000 21
68  0.87640 0.12365 1.000 21
69  0.86677 0.13331 1.000 21
70  0.85677 0.14331 1.000 22
71  0.84645 0.15363 1.000 22
72  0.83588 0.16421 1.000 23
73  0.82514 0.17494 1.000 23
74  0.81433 0.18578 1.000 23
75  0.80354 0.19657 1.000 24
76  0.79291 0.20720 1.000 24
77  0.78254 0.21756 1.000 25
78  0.77257 0.22756 1.000 25
79  0.76313 0.23699 1.000 25
80  0.75434 0.24580 1.000 25
81  0.74633 0.25380 1.000 26
82  0.73921 0.26094 1.000 26
83  0.73306 0.26710 1.000 26
84  0.72796 0.27217 1.000 26
85  0.72394 0.27619 1.000 26
86  0.72102 0.27915 1.000 26
87  0.71915 0.28101 1.000 26
88  0.71826 0.28188 1.000 26
89  0.71825 0.28190 1.000 25
90  0.71896 0.28119 1.000 25
