# DEMadl.txt
#IMaCh version 0.99r45, April 2023,INED-EUROREVES-Institut de longevite-Japan Society for the Promotion of Science (Grant-in-Aid for Scientific Research 25293121), Intel Software 2015-2020, Nihon University 2021-202, INED 2000-2022
#$Revision: 1.353 $ $Date: 2023/05/08 18:48:22 $
# Tue Feb 04 22:03:38 2025
#One-step probabilities and covariance matrix
# Age p1-1  p1-2  p1-3  p2-1  p2-2  p2-3 
50  9.856e-001  7.619e-003  6.821e-003  2.554e-001  7.410e-001  3.589e-003 
50 1-1  1.073e-005
50 1-2 -3.110e-006  3.618e-006
50 1-3 -7.615e-006 -5.082e-007  8.123e-006
50 2-1 -2.983e-005  2.695e-005  2.878e-006  3.848e-003
50 2-2  2.981e-005 -2.716e-005 -2.648e-006 -3.828e-003  3.816e-003
50 2-3  2.697e-008  2.027e-007 -2.297e-007 -1.937e-005  1.279e-005  6.578e-006
51  9.851e-001  8.111e-003  6.747e-003  2.445e-001  7.515e-001  4.067e-003 
51 1-1  9.828e-006
51 1-2 -3.327e-006  3.783e-006
51 1-3 -6.501e-006 -4.565e-007  6.958e-006
51 2-1 -2.829e-005  2.571e-005  2.579e-006  3.311e-003
51 2-2  2.825e-005 -2.596e-005 -2.294e-006 -3.292e-003  3.281e-003
51 2-3  4.175e-008  2.438e-007 -2.855e-007 -1.888e-005  1.096e-005  7.920e-006
52  9.847e-001  8.634e-003  6.674e-003  2.338e-001  7.616e-001  4.605e-003 
52 1-1  9.056e-006
52 1-2 -3.539e-006  3.945e-006
52 1-3 -5.517e-006 -4.065e-007  5.924e-006
52 2-1 -2.674e-005  2.443e-005  2.306e-006  2.834e-003
52 2-2  2.668e-005 -2.472e-005 -1.955e-006 -2.815e-003  2.806e-003
52 2-3  5.927e-008  2.917e-007 -3.509e-007 -1.835e-005  8.844e-006  9.507e-006
53  9.842e-001  9.191e-003  6.601e-003  2.235e-001  7.713e-001  5.212e-003 
53 1-1  8.401e-006
53 1-2 -3.744e-006  4.103e-006
53 1-3 -4.656e-006 -3.588e-007  5.015e-006
53 2-1 -2.519e-005  2.313e-005  2.056e-006  2.412e-003
53 2-2  2.511e-005 -2.348e-005 -1.629e-006 -2.395e-003  2.388e-003
53 2-3  7.990e-008  3.473e-007 -4.272e-007 -1.779e-005  6.421e-006  1.137e-005
54  9.837e-001  9.783e-003  6.529e-003  2.134e-001  7.807e-001  5.894e-003 
54 1-1  7.852e-006
54 1-2 -3.941e-006  4.256e-006
54 1-3 -3.911e-006 -3.144e-007  4.225e-006
54 2-1 -2.364e-005  2.182e-005  1.829e-006  2.043e-003
54 2-2  2.354e-005 -2.223e-005 -1.314e-006 -2.026e-003  2.022e-003
54 2-3  1.041e-007  4.117e-007 -5.158e-007 -1.722e-005  3.667e-006  1.356e-005
55  9.831e-001  1.041e-002  6.458e-003  2.037e-001  7.896e-001  6.662e-003 
55 1-1  7.401e-006
55 1-2 -4.128e-006  4.402e-006
55 1-3 -3.274e-006 -2.741e-007  3.548e-006
55 2-1 -2.212e-005  2.050e-005  1.625e-006  1.722e-003
55 2-2  2.199e-005 -2.098e-005 -1.007e-006 -1.706e-003  1.705e-003
55 2-3  1.323e-007  4.861e-007 -6.184e-007 -1.666e-005  5.520e-007  1.611e-005
56  9.825e-001  1.108e-002  6.387e-003  1.943e-001  7.981e-001  7.524e-003 
56 1-1  7.038e-006
56 1-2 -4.301e-006  4.540e-006
56 1-3 -2.737e-006 -2.391e-007  2.976e-006
56 2-1 -2.063e-005  1.919e-005  1.442e-006  1.445e-003
56 2-2  2.047e-005 -1.976e-005 -7.053e-007 -1.429e-003  1.432e-003
56 2-3  1.651e-007  5.718e-007 -7.369e-007 -1.611e-005 -2.956e-006  1.906e-005
57  9.819e-001  1.180e-002  6.316e-003  1.853e-001  8.063e-001  8.493e-003 
57 1-1  6.754e-006
57 1-2 -4.460e-006  4.670e-006
57 1-3 -2.294e-006 -2.104e-007  2.505e-006
57 2-1 -1.918e-005  1.790e-005  1.280e-006  1.209e-003
57 2-2  1.898e-005 -1.857e-005 -4.063e-007 -1.193e-003  1.200e-003
57 2-3  2.030e-007  6.702e-007 -8.732e-007 -1.558e-005 -6.890e-006  2.247e-005
58  9.812e-001  1.255e-002  6.246e-003  1.765e-001  8.139e-001  9.581e-003 
58 1-1  6.541e-006
58 1-2 -4.603e-006  4.792e-006
58 1-3 -1.938e-006 -1.896e-007  2.128e-006
58 2-1 -1.779e-005  1.665e-005  1.136e-006  1.008e-003
58 2-2  1.754e-005 -1.743e-005 -1.064e-007 -9.927e-004  1.004e-003
58 2-3  2.467e-007  7.830e-007 -1.030e-006 -1.510e-005 -1.129e-005  2.638e-005
59  9.805e-001  1.336e-002  6.177e-003  1.680e-001  8.212e-001  1.080e-002 
59 1-1  6.391e-006
59 1-2 -4.728e-006  4.906e-006
59 1-3 -1.663e-006 -1.778e-007  1.840e-006
59 2-1 -1.645e-005  1.544e-005  1.011e-006  8.390e-004
59 2-2  1.616e-005 -1.635e-005  1.979e-007 -8.244e-004  8.405e-004
59 2-3  2.967e-007  9.120e-007 -1.209e-006 -1.467e-005 -1.618e-005  3.085e-005
60  9.797e-001  1.422e-002  6.107e-003  1.599e-001  8.279e-001  1.217e-002 
60 1-1  6.295e-006
60 1-2 -4.836e-006  5.013e-006
60 1-3 -1.460e-006 -1.769e-007  1.637e-006
60 2-1 -1.519e-005  1.429e-005  9.028e-007  6.986e-004
60 2-2  1.484e-005 -1.535e-005  5.103e-007 -6.843e-004  7.059e-004
60 2-3  3.538e-007  1.059e-006 -1.413e-006 -1.430e-005 -2.161e-005  3.591e-005
61  9.788e-001  1.513e-002  6.039e-003  1.520e-001  8.343e-001  1.370e-002 
61 1-1  6.250e-006
61 1-2 -4.927e-006  5.115e-006
61 1-3 -1.323e-006 -1.886e-007  1.512e-006
61 2-1 -1.401e-005  1.320e-005  8.107e-007  5.830e-004
61 2-2  1.359e-005 -1.443e-005  8.351e-007 -5.690e-004  5.966e-004
61 2-3  4.184e-007  1.227e-006 -1.646e-006 -1.400e-005 -2.761e-005  4.160e-005
62  9.779e-001  1.610e-002  5.970e-003  1.445e-001  8.401e-001  1.542e-002 
62 1-1  6.248e-006
62 1-2 -5.003e-006  5.217e-006
62 1-3 -1.246e-006 -2.148e-007  1.461e-006
62 2-1 -1.293e-005  1.219e-005  7.336e-007  4.890e-004
62 2-2  1.243e-005 -1.361e-005  1.176e-006 -4.752e-004  5.094e-004
62 2-3  4.912e-007  1.419e-006 -1.910e-006 -1.377e-005 -3.419e-005  4.796e-005
63  9.770e-001  1.713e-002  5.903e-003  1.372e-001  8.454e-001  1.734e-002 
63 1-1  6.289e-006
63 1-2 -5.068e-006  5.325e-006
63 1-3 -1.221e-006 -2.576e-007  1.478e-006
63 2-1 -1.194e-005  1.127e-005  6.703e-007  4.134e-004
63 2-2  1.137e-005 -1.291e-005  1.539e-006 -3.998e-004  4.412e-004
63 2-3  5.725e-007  1.637e-006 -2.209e-006 -1.362e-005 -4.139e-005  5.501e-005
64  9.759e-001  1.822e-002  5.835e-003  1.302e-001  8.503e-001  1.948e-002 
64 1-1  6.370e-006
64 1-2 -5.128e-006  5.448e-006
64 1-3 -1.241e-006 -3.195e-007  1.561e-006
64 2-1 -1.106e-005  1.044e-005  6.200e-007  3.536e-004
64 2-2  1.040e-005 -1.233e-005  1.927e-006 -3.400e-004  3.892e-004
64 2-3  6.624e-007  1.885e-006 -2.547e-006 -1.354e-005 -4.921e-005  6.275e-005
65  9.749e-001  1.938e-002  5.768e-003  1.235e-001  8.546e-001  2.188e-002 
65 1-1  6.494e-006
65 1-2 -5.193e-006  5.596e-006
65 1-3 -1.300e-006 -4.029e-007  1.703e-006
65 2-1 -1.031e-005  9.725e-006  5.814e-007  3.069e-004
65 2-2  9.546e-006 -1.189e-005  2.346e-006 -2.934e-004  3.510e-004
65 2-3  7.609e-007  2.167e-006 -2.928e-006 -1.353e-005 -5.764e-005  7.117e-005
66  9.737e-001  2.062e-002  5.701e-003  1.171e-001  8.584e-001  2.456e-002 
66 1-1  6.667e-006
66 1-2 -5.276e-006  5.787e-006
66 1-3 -1.391e-006 -5.107e-007  1.901e-006
66 2-1 -9.674e-006  9.120e-006  5.538e-007  2.712e-004
66 2-2  8.807e-006 -1.161e-005  2.802e-006 -2.576e-004  3.243e-004
66 2-3  8.672e-007  2.489e-006 -3.356e-006 -1.358e-005 -6.665e-005  8.023e-005
67  9.724e-001  2.193e-002  5.635e-003  1.109e-001  8.616e-001  2.754e-002 
67 1-1  6.900e-006
67 1-2 -5.395e-006  6.041e-006
67 1-3 -1.505e-006 -6.459e-007  2.151e-006
67 2-1 -9.174e-006  8.638e-006  5.361e-007  2.444e-004
67 2-2  8.194e-006 -1.149e-005  3.299e-006 -2.307e-004  3.069e-004
67 2-3  9.800e-007  2.855e-006 -3.835e-006 -1.368e-005 -7.619e-005  8.988e-005
68  9.711e-001  2.332e-002  5.568e-003  1.050e-001  8.642e-001  3.087e-002 
68 1-1  7.209e-006
68 1-2 -5.572e-006  6.384e-006
68 1-3 -1.636e-006 -8.118e-007  2.448e-006
68 2-1 -8.812e-006  8.285e-006  5.273e-007  2.247e-004
68 2-2  7.715e-006 -1.156e-005  3.844e-006 -2.109e-004  2.971e-004
68 2-3  1.097e-006  3.274e-006 -4.371e-006 -1.382e-005 -8.620e-005  1.000e-004
69  9.697e-001  2.480e-002  5.502e-003  9.929e-002  8.661e-001  3.458e-002 
69 1-1  7.617e-006
69 1-2 -5.840e-006  6.852e-006
69 1-3 -1.777e-006 -1.012e-006  2.789e-006
69 2-1 -8.594e-006  8.067e-006  5.267e-007  2.107e-004
69 2-2  7.379e-006 -1.182e-005  4.442e-006 -1.968e-004  2.933e-004
69 2-3  1.215e-006  3.754e-006 -4.969e-006 -1.398e-005 -9.658e-005  1.106e-004
70  9.682e-001  2.637e-002  5.437e-003  9.385e-002  8.675e-001  3.870e-002 
70 1-1  8.157e-006
70 1-2 -6.238e-006  7.488e-006
70 1-3 -1.919e-006 -1.250e-006  3.170e-006
70 2-1 -8.523e-006  7.989e-006  5.332e-007  2.010e-004
70 2-2  7.195e-006 -1.229e-005  5.100e-006 -1.869e-004  2.941e-004
70 2-3  1.328e-006  4.305e-006 -5.633e-006 -1.414e-005 -1.072e-004  1.214e-004
71  9.666e-001  2.804e-002  5.371e-003  8.863e-002  8.681e-001  4.327e-002 
71 1-1  8.872e-006
71 1-2 -6.816e-006  8.347e-006
71 1-3 -2.056e-006 -1.531e-006  3.587e-006
71 2-1 -8.602e-006  8.056e-006  5.462e-007  1.945e-004
71 2-2  7.172e-006 -1.299e-005  5.822e-006 -1.802e-004  2.983e-004
71 2-3  1.430e-006  4.939e-006 -6.368e-006 -1.430e-005 -1.180e-004  1.323e-004
72  9.649e-001  2.981e-002  5.306e-003  8.363e-002  8.680e-001  4.835e-002 
72 1-1  9.816e-006
72 1-2 -7.638e-006  9.496e-006
72 1-3 -2.178e-006 -1.859e-006  4.036e-006
72 2-1 -8.833e-006  8.269e-006  5.647e-007  1.902e-004
72 2-2  7.324e-006 -1.394e-005  6.615e-006 -1.758e-004  3.048e-004
72 2-3  1.509e-006  5.671e-006 -7.180e-006 -1.442e-005 -1.289e-004  1.434e-004
73  9.631e-001  3.169e-002  5.241e-003  7.885e-002  8.672e-001  5.397e-002 
73 1-1  1.106e-005
73 1-2 -8.782e-006  1.102e-005
73 1-3 -2.278e-006 -2.238e-006  4.515e-006
73 2-1 -9.217e-006  8.629e-006  5.880e-007  1.874e-004
73 2-2  7.664e-006 -1.515e-005  7.485e-006 -1.729e-004  3.128e-004
73 2-3  1.554e-006  6.520e-006 -8.073e-006 -1.452e-005 -1.399e-004  1.544e-004
74  9.611e-001  3.368e-002  5.176e-003  7.427e-002  8.655e-001  6.019e-002 
74 1-1  1.269e-005
74 1-2 -1.034e-005  1.302e-005
74 1-3 -2.346e-006 -2.674e-006  5.020e-006
74 2-1 -9.752e-006  9.137e-006  6.152e-007  1.854e-004
74 2-2  8.207e-006 -1.664e-005  8.437e-006 -1.708e-004  3.219e-004
74 2-3  1.545e-006  7.507e-006 -9.052e-006 -1.457e-005 -1.511e-004  1.656e-004
75  9.591e-001  3.579e-002  5.112e-003  6.989e-002  8.630e-001  6.707e-002 
75 1-1  1.482e-005
75 1-2 -1.245e-005  1.562e-005
75 1-3 -2.375e-006 -3.172e-006  5.548e-006
75 2-1 -1.044e-005  9.791e-006  6.456e-007  1.837e-004
75 2-2  8.976e-006 -1.845e-005  9.475e-006 -1.691e-004  3.318e-004
75 2-3  1.460e-006  8.661e-006 -1.012e-005 -1.461e-005 -1.627e-004  1.773e-004
76  9.569e-001  3.803e-002  5.047e-003  6.569e-002  8.597e-001  7.465e-002 
76 1-1  1.758e-005
76 1-2 -1.523e-005  1.897e-005
76 1-3 -2.356e-006 -3.739e-006  6.094e-006
76 2-1 -1.126e-005  1.059e-005  6.785e-007  1.819e-004
76 2-2  9.994e-006 -2.060e-005  1.060e-005 -1.673e-004  3.426e-004
76 2-3  1.270e-006  1.001e-005 -1.128e-005 -1.465e-005 -1.753e-004  1.900e-004
77  9.546e-001  4.041e-002  4.982e-003  6.168e-002  8.553e-001  8.299e-002 
77 1-1  2.114e-005
77 1-2 -1.887e-005  2.325e-005
77 1-3 -2.277e-006 -4.380e-006  6.658e-006
77 2-1 -1.223e-005  1.152e-005  7.130e-007  1.797e-004
77 2-2  1.129e-005 -2.312e-005  1.183e-005 -1.650e-004  3.550e-004
77 2-3  9.383e-007  1.160e-005 -1.254e-005 -1.474e-005 -1.900e-004  2.047e-004
78  9.522e-001  4.293e-002  4.918e-003  5.785e-002  8.500e-001  9.216e-002 
78 1-1  2.570e-005
78 1-2 -2.357e-005  2.867e-005
78 1-3 -2.132e-006 -5.102e-006  7.234e-006
78 2-1 -1.333e-005  1.258e-005  7.484e-007  1.770e-004
78 2-2  1.291e-005 -2.605e-005  1.314e-005 -1.620e-004  3.703e-004
78 2-3  4.185e-007  1.347e-005 -1.389e-005 -1.494e-005 -2.082e-004  2.232e-004
79  9.496e-001  4.559e-002  4.853e-003  5.418e-002  8.436e-001  1.022e-001 
79 1-1  3.149e-005
79 1-2 -2.959e-005  3.550e-005
79 1-3 -1.908e-006 -5.913e-006  7.821e-006
79 2-1 -1.454e-005  1.376e-005  7.838e-007  1.735e-004
79 2-2  1.488e-005 -2.944e-005  1.455e-005 -1.581e-004  3.905e-004
79 2-3 -3.449e-007  1.568e-005 -1.533e-005 -1.537e-005 -2.324e-004  2.478e-004
80  9.468e-001  4.841e-002  4.789e-003  5.068e-002  8.361e-001  1.132e-001 
80 1-1  3.881e-005
80 1-2 -3.721e-005  4.403e-005
80 1-3 -1.596e-006 -6.820e-006  8.415e-006
80 2-1 -1.586e-005  1.504e-005  8.187e-007  1.692e-004
80 2-2  1.728e-005 -3.333e-005  1.605e-005 -1.531e-004  4.188e-004
80 2-3 -1.419e-006  1.829e-005 -1.687e-005 -1.614e-005 -2.657e-004  2.818e-004
81  9.439e-001  5.140e-002  4.725e-003  4.733e-002  8.275e-001  1.252e-001 
81 1-1  4.799e-005
81 1-2 -4.681e-005  5.463e-005
81 1-3 -1.185e-006 -7.830e-006  9.015e-006
81 2-1 -1.727e-005  1.642e-005  8.522e-007  1.641e-004
81 2-2  2.016e-005 -3.780e-005  1.764e-005 -1.467e-004  4.593e-004
81 2-3 -2.884e-006  2.138e-005 -1.849e-005 -1.742e-005 -3.126e-004  3.300e-004
82  9.408e-001  5.456e-002  4.660e-003  4.414e-002  8.176e-001  1.382e-001 
82 1-1  5.943e-005
82 1-2 -5.877e-005  6.772e-005
82 1-3 -6.643e-007 -8.951e-006  9.616e-006
82 2-1 -1.876e-005  1.788e-005  8.835e-007  1.583e-004
82 2-2  2.359e-005 -4.290e-005  1.931e-005 -1.389e-004  5.177e-004
82 2-3 -4.832e-006  2.503e-005 -2.020e-005 -1.939e-005 -3.788e-004  3.982e-004
83  9.375e-001  5.791e-002  4.596e-003  4.109e-002  8.066e-001  1.524e-001 
83 1-1  7.361e-005
83 1-2 -7.359e-005  8.378e-005
83 1-3 -2.288e-008 -1.019e-005  1.022e-005
83 2-1 -2.030e-005  1.939e-005  9.119e-007  1.516e-004
83 2-2  2.767e-005 -4.872e-005  2.105e-005 -1.294e-004  6.012e-004
83 2-3 -7.371e-006  2.933e-005 -2.196e-005 -2.227e-005 -4.718e-004  4.940e-004
84  9.340e-001  6.144e-002  4.531e-003  3.818e-002  7.942e-001  1.676e-001 
84 1-1  9.107e-005
84 1-2 -9.182e-005  1.034e-004
84 1-3  7.510e-007 -1.156e-005  1.081e-005
84 2-1 -2.188e-005  2.094e-005  9.367e-007  1.444e-004
84 2-2  3.250e-005 -5.535e-005  2.285e-005 -1.181e-004  7.184e-004
84 2-3 -1.062e-005  3.440e-005 -2.378e-005 -2.628e-005 -6.003e-004  6.266e-004
85  9.304e-001  6.518e-002  4.466e-003  3.541e-002  7.805e-001  1.841e-001 
85 1-1  1.125e-004
85 1-2 -1.141e-004  1.272e-004
85 1-3  1.669e-006 -1.307e-005  1.140e-005
85 2-1 -2.347e-005  2.251e-005  9.573e-007  1.366e-004
85 2-2  3.819e-005 -6.287e-005  2.468e-005 -1.049e-004  8.796e-004
85 2-3 -1.472e-005  4.036e-005 -2.564e-005 -3.166e-005 -7.747e-004  8.064e-004
86  9.265e-001  6.912e-002  4.401e-003  3.277e-002  7.655e-001  2.017e-001 
86 1-1  1.385e-004
86 1-2 -1.412e-004  1.560e-004
86 1-3  2.743e-006 -1.473e-005  1.199e-005
86 2-1 -2.504e-005  2.407e-005  9.730e-007  1.283e-004
86 2-2  4.485e-005 -7.138e-005  2.653e-005 -8.972e-005  1.097e-003
86 2-3 -1.981e-005  4.731e-005 -2.751e-005 -3.862e-005 -1.007e-003  1.045e-003
87  9.224e-001  7.329e-002  4.336e-003  3.027e-002  7.491e-001  2.206e-001 
87 1-1  1.701e-004
87 1-2 -1.740e-004  1.906e-004
87 1-3  3.985e-006 -1.654e-005  1.256e-005
87 2-1 -2.658e-005  2.560e-005  9.833e-007  1.198e-004
87 2-2  5.262e-005 -8.100e-005  2.838e-005 -7.247e-005  1.382e-003
87 2-3 -2.603e-005  5.540e-005 -2.936e-005 -4.735e-005 -1.309e-003  1.356e-003
88  9.180e-001  7.769e-002  4.271e-003  2.789e-002  7.314e-001  2.407e-001 
88 1-1  2.081e-004
88 1-2 -2.135e-004  2.320e-004
88 1-3  5.407e-006 -1.853e-005  1.312e-005
88 2-1 -2.806e-005  2.707e-005  9.877e-007  1.111e-004
88 2-2  6.161e-005 -9.181e-005  3.020e-005 -5.317e-005  1.747e-003
88 2-3 -3.356e-005  6.474e-005 -3.118e-005 -5.794e-005 -1.694e-003  1.752e-003
89  9.135e-001  8.233e-002  4.206e-003  2.563e-002  7.124e-001  2.620e-001 
89 1-1  2.537e-004
89 1-2 -2.607e-004  2.814e-004
89 1-3  7.021e-006 -2.068e-005  1.366e-005
89 2-1 -2.944e-005  2.846e-005  9.859e-007  1.023e-004
89 2-2  7.197e-005 -1.039e-004  3.195e-005 -3.192e-005  2.205e-003
89 2-3 -4.253e-005  7.546e-005 -3.293e-005 -7.043e-005 -2.173e-003  2.244e-003
90  9.086e-001  8.722e-002  4.140e-003  2.350e-002  6.921e-001  2.844e-001 
90 1-1  3.082e-004
90 1-2 -3.170e-004  3.400e-004
90 1-3  8.840e-006 -2.303e-005  1.419e-005
90 2-1 -3.071e-005  2.973e-005  9.777e-007  9.365e-005
90 2-2  8.380e-005 -1.174e-004  3.361e-005 -8.919e-006  2.766e-003
90 2-3 -5.309e-005  8.767e-005 -3.459e-005 -8.473e-005 -2.757e-003  2.842e-003