# DEMadl.txt
#IMaCh version 0.99r45, April 2023,INED-EUROREVES-Institut de longevite-Japan Society for the Promotion of Science (Grant-in-Aid for Scientific Research 25293121), Intel Software 2015-2020, Nihon University 2021-202, INED 2000-2022
#$Revision: 1.353 $ $Date: 2023/05/08 18:48:22 $
# Tue Feb 04 22:03:38 2025
#One-step probabilities and correlation matrix
# Age p1-1  p1-2  p1-3  p2-1  p2-2  p2-3 
50  9.856e-001  7.619e-003  6.821e-003  2.554e-001  7.410e-001  3.589e-003 
50 1-1  1.000e+000
50 1-2 -4.993e-001  1.000e+000
50 1-3 -8.158e-001 -9.373e-002  1.000e+000
50 2-1 -1.469e-001  2.284e-001  1.628e-002  1.000e+000
50 2-2  1.473e-001 -2.311e-001 -1.504e-002 -9.992e-001  1.000e+000
50 2-3  3.211e-003  4.156e-002 -3.142e-002 -1.218e-001  8.076e-002  1.000e+000
51  9.851e-001  8.111e-003  6.747e-003  2.445e-001  7.515e-001  4.067e-003 
51 1-1  1.000e+000
51 1-2 -5.456e-001  1.000e+000
51 1-3 -7.862e-001 -8.898e-002  1.000e+000
51 2-1 -1.568e-001  2.297e-001  1.699e-002  1.000e+000
51 2-2  1.573e-001 -2.330e-001 -1.518e-002 -9.988e-001  1.000e+000
51 2-3  4.732e-003  4.454e-002 -3.847e-002 -1.166e-001  6.799e-002  1.000e+000
52  9.847e-001  8.634e-003  6.674e-003  2.338e-001  7.616e-001  4.605e-003 
52 1-1  1.000e+000
52 1-2 -5.920e-001  1.000e+000
52 1-3 -7.533e-001 -8.408e-002  1.000e+000
52 2-1 -1.669e-001  2.311e-001  1.780e-002  1.000e+000
52 2-2  1.673e-001 -2.350e-001 -1.516e-002 -9.983e-001  1.000e+000
52 2-3  6.387e-003  4.763e-002 -4.676e-002 -1.118e-001  5.414e-002  1.000e+000
53  9.842e-001  9.191e-003  6.601e-003  2.235e-001  7.713e-001  5.212e-003 
53 1-1  1.000e+000
53 1-2 -6.378e-001  1.000e+000
53 1-3 -7.174e-001 -7.910e-002  1.000e+000
53 2-1 -1.769e-001  2.325e-001  1.869e-002  1.000e+000
53 2-2  1.773e-001 -2.372e-001 -1.488e-002 -9.976e-001  1.000e+000
53 2-3  8.174e-003  5.084e-002 -5.656e-002 -1.074e-001  3.896e-002  1.000e+000
54  9.837e-001  9.783e-003  6.529e-003  2.134e-001  7.807e-001  5.894e-003 
54 1-1  1.000e+000
54 1-2 -6.818e-001  1.000e+000
54 1-3 -6.790e-001 -7.414e-002  1.000e+000
54 2-1 -1.867e-001  2.339e-001  1.969e-002  1.000e+000
54 2-2  1.868e-001 -2.396e-001 -1.421e-002 -9.967e-001  1.000e+000
54 2-3  1.009e-002  5.420e-002 -6.815e-002 -1.035e-001  2.215e-002  1.000e+000
55  9.831e-001  1.041e-002  6.458e-003  2.037e-001  7.896e-001  6.662e-003 
55 1-1  1.000e+000
55 1-2 -7.232e-001  1.000e+000
55 1-3 -6.388e-001 -6.936e-002  1.000e+000
55 2-1 -1.959e-001  2.354e-001  2.079e-002  1.000e+000
55 2-2  1.958e-001 -2.422e-001 -1.294e-002 -9.953e-001  1.000e+000
55 2-3  1.212e-002  5.774e-002 -8.182e-002 -1.000e-001  3.331e-003  1.000e+000
56  9.825e-001  1.108e-002  6.387e-003  1.943e-001  7.981e-001  7.524e-003 
56 1-1  1.000e+000
56 1-2 -7.609e-001  1.000e+000
56 1-3 -5.980e-001 -6.504e-002  1.000e+000
56 2-1 -2.046e-001  2.369e-001  2.199e-002  1.000e+000
56 2-2  2.039e-001 -2.451e-001 -1.080e-002 -9.934e-001  1.000e+000
56 2-3  1.425e-002  6.147e-002 -9.784e-002 -9.703e-002 -1.789e-002  1.000e+000
57  9.819e-001  1.180e-002  6.316e-003  1.853e-001  8.063e-001  8.493e-003 
57 1-1  1.000e+000
57 1-2 -7.941e-001  1.000e+000
57 1-3 -5.578e-001 -6.153e-002  1.000e+000
57 2-1 -2.123e-001  2.383e-001  2.326e-002  1.000e+000
57 2-2  2.108e-001 -2.481e-001 -7.411e-003 -9.907e-001  1.000e+000
57 2-3  1.648e-002  6.542e-002 -1.164e-001 -9.455e-002 -4.196e-002  1.000e+000
58  9.812e-001  1.255e-002  6.246e-003  1.765e-001  8.139e-001  9.581e-003 
58 1-1  1.000e+000
58 1-2 -8.221e-001  1.000e+000
58 1-3 -5.196e-001 -5.936e-002  1.000e+000
58 2-1 -2.191e-001  2.396e-001  2.453e-002  1.000e+000
58 2-2  2.165e-001 -2.514e-001 -2.302e-003 -9.869e-001  1.000e+000
58 2-3  1.878e-002  6.964e-002 -1.374e-001 -9.259e-002 -6.934e-002  1.000e+000
59  9.805e-001  1.336e-002  6.177e-003  1.680e-001  8.212e-001  1.080e-002 
59 1-1  1.000e+000
59 1-2 -8.444e-001  1.000e+000
59 1-3 -4.848e-001 -5.919e-002  1.000e+000
59 2-1 -2.247e-001  2.407e-001  2.573e-002  1.000e+000
59 2-2  2.205e-001 -2.547e-001  5.031e-003 -9.816e-001  1.000e+000
59 2-3  2.113e-002  7.414e-002 -1.604e-001 -9.117e-002 -1.005e-001  1.000e+000
60  9.797e-001  1.422e-002  6.107e-003  1.599e-001  8.279e-001  1.217e-002 
60 1-1  1.000e+000
60 1-2 -8.608e-001  1.000e+000
60 1-3 -4.548e-001 -6.177e-002  1.000e+000
60 2-1 -2.291e-001  2.415e-001  2.670e-002  1.000e+000
60 2-2  2.226e-001 -2.580e-001  1.501e-002 -9.744e-001  1.000e+000
60 2-3  2.353e-002  7.896e-002 -1.843e-001 -9.028e-002 -1.357e-001  1.000e+000
61  9.788e-001  1.513e-002  6.039e-003  1.520e-001  8.343e-001  1.370e-002 
61 1-1  1.000e+000
61 1-2 -8.713e-001  1.000e+000
61 1-3 -4.305e-001 -6.782e-002  1.000e+000
61 2-1 -2.321e-001  2.418e-001  2.731e-002  1.000e+000
61 2-2  2.226e-001 -2.612e-001  2.781e-002 -9.648e-001  1.000e+000
61 2-3  2.595e-002  8.414e-002 -2.075e-001 -8.988e-002 -1.752e-001  1.000e+000
62  9.779e-001  1.610e-002  5.970e-003  1.445e-001  8.401e-001  1.542e-002 
62 1-1  1.000e+000
62 1-2 -8.762e-001  1.000e+000
62 1-3 -4.124e-001 -7.780e-002  1.000e+000
62 2-1 -2.339e-001  2.414e-001  2.745e-002  1.000e+000
62 2-2  2.204e-001 -2.640e-001  4.313e-002 -9.522e-001  1.000e+000
62 2-3  2.837e-002  8.969e-002 -2.282e-001 -8.992e-002 -2.188e-001  1.000e+000
63  9.770e-001  1.713e-002  5.903e-003  1.372e-001  8.454e-001  1.734e-002 
63 1-1  1.000e+000
63 1-2 -8.757e-001  1.000e+000
63 1-3 -4.004e-001 -9.181e-002  1.000e+000
63 2-1 -2.342e-001  2.402e-001  2.712e-002  1.000e+000
63 2-2  2.158e-001 -2.663e-001  6.025e-002 -9.361e-001  1.000e+000
63 2-3  3.078e-002  9.562e-002 -2.450e-001 -9.030e-002 -2.657e-001  1.000e+000
64  9.759e-001  1.822e-002  5.835e-003  1.302e-001  8.503e-001  1.948e-002 
64 1-1  1.000e+000
64 1-2 -8.706e-001  1.000e+000
64 1-3 -3.937e-001 -1.096e-001  1.000e+000
64 2-1 -2.332e-001  2.380e-001  2.639e-002  1.000e+000
64 2-2  2.089e-001 -2.677e-001  7.819e-002 -9.166e-001  1.000e+000
64 2-3  3.313e-002  1.019e-001 -2.574e-001 -9.089e-002 -3.149e-001  1.000e+000
65  9.749e-001  1.938e-002  5.768e-003  1.235e-001  8.546e-001  2.188e-002 
65 1-1  1.000e+000
65 1-2 -8.615e-001  1.000e+000
65 1-3 -3.910e-001 -1.305e-001  1.000e+000
65 2-1 -2.309e-001  2.347e-001  2.543e-002  1.000e+000
65 2-2  1.999e-001 -2.683e-001  9.597e-002 -8.938e-001  1.000e+000
65 2-3  3.539e-002  1.086e-001 -2.659e-001 -9.154e-002 -3.647e-001  1.000e+000
66  9.737e-001  2.062e-002  5.701e-003  1.171e-001  8.584e-001  2.456e-002 
66 1-1  1.000e+000
66 1-2 -8.495e-001  1.000e+000
66 1-3 -3.906e-001 -1.540e-001  1.000e+000
66 2-1 -2.275e-001  2.302e-001  2.439e-002  1.000e+000
66 2-2  1.894e-001 -2.680e-001  1.129e-001 -8.687e-001  1.000e+000
66 2-3  3.750e-002  1.155e-001 -2.717e-001 -9.206e-002 -4.132e-001  1.000e+000
67  9.724e-001  2.193e-002  5.635e-003  1.109e-001  8.616e-001  2.754e-002 
67 1-1  1.000e+000
67 1-2 -8.356e-001  1.000e+000
67 1-3 -3.907e-001 -1.792e-001  1.000e+000
67 2-1 -2.234e-001  2.248e-001  2.338e-002  1.000e+000
67 2-2  1.781e-001 -2.669e-001  1.284e-001 -8.424e-001  1.000e+000
67 2-3  3.935e-002  1.225e-001 -2.759e-001 -9.231e-002 -4.588e-001  1.000e+000
68  9.711e-001  2.332e-002  5.568e-003  1.050e-001  8.642e-001  3.087e-002 
68 1-1  1.000e+000
68 1-2 -8.214e-001  1.000e+000
68 1-3 -3.895e-001 -2.053e-001  1.000e+000
68 2-1 -2.189e-001  2.187e-001  2.248e-002  1.000e+000
68 2-2  1.667e-001 -2.654e-001  1.425e-001 -8.162e-001  1.000e+000
68 2-3  4.086e-002  1.296e-001 -2.794e-001 -9.217e-002 -5.000e-001  1.000e+000
69  9.697e-001  2.480e-002  5.502e-003  9.929e-002  8.661e-001  3.458e-002 
69 1-1  1.000e+000
69 1-2 -8.084e-001  1.000e+000
69 1-3 -3.855e-001 -2.315e-001  1.000e+000
69 2-1 -2.145e-001  2.123e-001  2.172e-002  1.000e+000
69 2-2  1.561e-001 -2.637e-001  1.553e-001 -7.914e-001  1.000e+000
69 2-3  4.186e-002  1.364e-001 -2.830e-001 -9.158e-002 -5.363e-001  1.000e+000
70  9.682e-001  2.637e-002  5.437e-003  9.385e-002  8.675e-001  3.870e-002 
70 1-1  1.000e+000
70 1-2 -7.981e-001  1.000e+000
70 1-3 -3.775e-001 -2.566e-001  1.000e+000
70 2-1 -2.105e-001  2.059e-001  2.112e-002  1.000e+000
70 2-2  1.469e-001 -2.620e-001  1.670e-001 -7.686e-001  1.000e+000
70 2-3  4.221e-002  1.428e-001 -2.872e-001 -9.054e-002 -5.675e-001  1.000e+000
71  9.666e-001  2.804e-002  5.371e-003  8.863e-002  8.681e-001  4.327e-002 
71 1-1  1.000e+000
71 1-2 -7.921e-001  1.000e+000
71 1-3 -3.644e-001 -2.798e-001  1.000e+000
71 2-1 -2.071e-001  1.999e-001  2.068e-002  1.000e+000
71 2-2  1.394e-001 -2.604e-001  1.780e-001 -7.482e-001  1.000e+000
71 2-3  4.172e-002  1.486e-001 -2.923e-001 -8.910e-002 -5.941e-001  1.000e+000
72  9.649e-001  2.981e-002  5.306e-003  8.363e-002  8.680e-001  4.835e-002 
72 1-1  1.000e+000
72 1-2 -7.911e-001  1.000e+000
72 1-3 -3.460e-001 -3.002e-001  1.000e+000
72 2-1 -2.044e-001  1.945e-001  2.038e-002  1.000e+000
72 2-2  1.339e-001 -2.591e-001  1.886e-001 -7.302e-001  1.000e+000
72 2-3  4.023e-002  1.537e-001 -2.985e-001 -8.733e-002 -6.169e-001  1.000e+000
73  9.631e-001  3.169e-002  5.241e-003  7.885e-002  8.672e-001  5.397e-002 
73 1-1  1.000e+000
73 1-2 -7.955e-001  1.000e+000
73 1-3 -3.223e-001 -3.172e-001  1.000e+000
73 2-1 -2.025e-001  1.899e-001  2.021e-002  1.000e+000
73 2-2  1.303e-001 -2.580e-001  1.992e-001 -7.141e-001  1.000e+000
73 2-3  3.759e-002  1.580e-001 -3.057e-001 -8.532e-002 -6.366e-001  1.000e+000
74  9.611e-001  3.368e-002  5.176e-003  7.427e-002  8.655e-001  6.019e-002 
74 1-1  1.000e+000
74 1-2 -8.048e-001  1.000e+000
74 1-3 -2.940e-001 -3.307e-001  1.000e+000
74 2-1 -2.011e-001  1.860e-001  2.017e-002  1.000e+000
74 2-2  1.284e-001 -2.571e-001  2.099e-001 -6.993e-001  1.000e+000
74 2-3  3.370e-002  1.617e-001 -3.139e-001 -8.317e-002 -6.542e-001  1.000e+000
75  9.591e-001  3.579e-002  5.112e-003  6.989e-002  8.630e-001  6.707e-002 
75 1-1  1.000e+000
75 1-2 -8.180e-001  1.000e+000
75 1-3 -2.620e-001 -3.408e-001  1.000e+000
75 2-1 -2.000e-001  1.828e-001  2.023e-002  1.000e+000
75 2-2  1.280e-001 -2.563e-001  2.209e-001 -6.849e-001  1.000e+000
75 2-3  2.849e-002  1.646e-001 -3.227e-001 -8.096e-002 -6.708e-001  1.000e+000
76  9.569e-001  3.803e-002  5.047e-003  6.569e-002  8.597e-001  7.465e-002 
76 1-1  1.000e+000
76 1-2 -8.339e-001  1.000e+000
76 1-3 -2.276e-001 -3.478e-001  1.000e+000
76 2-1 -1.992e-001  1.802e-001  2.038e-002  1.000e+000
76 2-2  1.288e-001 -2.555e-001  2.321e-001 -6.700e-001  1.000e+000
76 2-3  2.198e-002  1.668e-001 -3.316e-001 -7.880e-002 -6.872e-001  1.000e+000
77  9.546e-001  4.041e-002  4.982e-003  6.168e-002  8.553e-001  8.299e-002 
77 1-1  1.000e+000
77 1-2 -8.510e-001  1.000e+000
77 1-3 -1.920e-001 -3.521e-001  1.000e+000
77 2-1 -1.984e-001  1.782e-001  2.061e-002  1.000e+000
77 2-2  1.303e-001 -2.545e-001  2.432e-001 -6.532e-001  1.000e+000
77 2-3  1.426e-002  1.681e-001 -3.396e-001 -7.682e-002 -7.047e-001  1.000e+000
78  9.522e-001  4.293e-002  4.918e-003  5.785e-002  8.500e-001  9.216e-002 
78 1-1  1.000e+000
78 1-2 -8.682e-001  1.000e+000
78 1-3 -1.563e-001 -3.543e-001  1.000e+000
78 2-1 -1.976e-001  1.766e-001  2.091e-002  1.000e+000
78 2-2  1.323e-001 -2.528e-001  2.539e-001 -6.330e-001  1.000e+000
78 2-3  5.525e-003  1.684e-001 -3.457e-001 -7.519e-002 -7.244e-001  1.000e+000
79  9.496e-001  4.559e-002  4.853e-003  5.418e-002  8.436e-001  1.022e-001 
79 1-1  1.000e+000
79 1-2 -8.848e-001  1.000e+000
79 1-3 -1.216e-001 -3.549e-001  1.000e+000
79 2-1 -1.967e-001  1.753e-001  2.128e-002  1.000e+000
79 2-2  1.342e-001 -2.500e-001  2.633e-001 -6.075e-001  1.000e+000
79 2-3 -3.904e-003  1.672e-001 -3.484e-001 -7.414e-002 -7.471e-001  1.000e+000
80  9.468e-001  4.841e-002  4.789e-003  5.068e-002  8.361e-001  1.132e-001 
80 1-1  1.000e+000
80 1-2 -9.002e-001  1.000e+000
80 1-3 -8.829e-002 -3.543e-001  1.000e+000
80 2-1 -1.957e-001  1.742e-001  2.169e-002  1.000e+000
80 2-2  1.355e-001 -2.455e-001  2.704e-001 -5.750e-001  1.000e+000
80 2-3 -1.357e-002  1.642e-001 -3.464e-001 -7.392e-002 -7.734e-001  1.000e+000
81  9.439e-001  5.140e-002  4.725e-003  4.733e-002  8.275e-001  1.252e-001 
81 1-1  1.000e+000
81 1-2 -9.141e-001  1.000e+000
81 1-3 -5.697e-002 -3.528e-001  1.000e+000
81 2-1 -1.946e-001  1.734e-001  2.215e-002  1.000e+000
81 2-2  1.358e-001 -2.386e-001  2.742e-001 -5.344e-001  1.000e+000
81 2-3 -2.291e-002  1.592e-001 -3.391e-001 -7.485e-002 -8.029e-001  1.000e+000
82  9.408e-001  5.456e-002  4.660e-003  4.414e-002  8.176e-001  1.382e-001 
82 1-1  1.000e+000
82 1-2 -9.263e-001  1.000e+000
82 1-3 -2.779e-002 -3.508e-001  1.000e+000
82 2-1 -1.934e-001  1.727e-001  2.265e-002  1.000e+000
82 2-2  1.345e-001 -2.291e-001  2.737e-001 -4.851e-001  1.000e+000
82 2-3 -3.141e-002  1.524e-001 -3.263e-001 -7.724e-002 -8.343e-001  1.000e+000
83  9.375e-001  5.791e-002  4.596e-003  4.109e-002  8.066e-001  1.524e-001 
83 1-1  1.000e+000
83 1-2 -9.370e-001  1.000e+000
83 1-3 -8.343e-004 -3.484e-001  1.000e+000
83 2-1 -1.922e-001  1.720e-001  2.317e-002  1.000e+000
83 2-2  1.316e-001 -2.171e-001  2.686e-001 -4.285e-001  1.000e+000
83 2-3 -3.865e-002  1.442e-001 -3.091e-001 -8.136e-002 -8.657e-001  1.000e+000
84  9.340e-001  6.144e-002  4.531e-003  3.818e-002  7.942e-001  1.676e-001 
84 1-1  1.000e+000
84 1-2 -9.463e-001  1.000e+000
84 1-3  2.393e-002 -3.459e-001  1.000e+000
84 2-1 -1.908e-001  1.714e-001  2.371e-002  1.000e+000
84 2-2  1.271e-001 -2.031e-001  2.592e-001 -3.667e-001  1.000e+000
84 2-3 -4.447e-002  1.352e-001 -2.889e-001 -8.738e-002 -8.947e-001  1.000e+000
85  9.304e-001  6.518e-002  4.466e-003  3.541e-002  7.805e-001  1.841e-001 
85 1-1  1.000e+000
85 1-2 -9.542e-001  1.000e+000
85 1-3  4.660e-002 -3.432e-001  1.000e+000
85 2-1 -1.894e-001  1.708e-001  2.426e-002  1.000e+000
85 2-2  1.214e-001 -1.879e-001  2.464e-001 -3.027e-001  1.000e+000
85 2-3 -4.888e-002  1.260e-001 -2.673e-001 -9.541e-002 -9.199e-001  1.000e+000
86  9.265e-001  6.912e-002  4.401e-003  3.277e-002  7.655e-001  2.017e-001 
86 1-1  1.000e+000
86 1-2 -9.610e-001  1.000e+000
86 1-3  6.731e-002 -3.407e-001  1.000e+000
86 2-1 -1.878e-001  1.701e-001  2.481e-002  1.000e+000
86 2-2  1.151e-001 -1.726e-001  2.314e-001 -2.392e-001  1.000e+000
86 2-3 -5.205e-002  1.172e-001 -2.457e-001 -1.054e-001 -9.403e-001  1.000e+000
87  9.224e-001  7.329e-002  4.336e-003  3.027e-002  7.491e-001  2.206e-001 
87 1-1  1.000e+000
87 1-2 -9.667e-001  1.000e+000
87 1-3  8.622e-002 -3.382e-001  1.000e+000
87 2-1 -1.862e-001  1.694e-001  2.535e-002  1.000e+000
87 2-2  1.086e-001 -1.578e-001  2.155e-001 -1.781e-001  1.000e+000
87 2-3 -5.420e-002  1.090e-001 -2.250e-001 -1.174e-001 -9.563e-001  1.000e+000
88  9.180e-001  7.769e-002  4.271e-003  2.789e-002  7.314e-001  2.407e-001 
88 1-1  1.000e+000
88 1-2 -9.716e-001  1.000e+000
88 1-3  1.035e-001 -3.358e-001  1.000e+000
88 2-1 -1.845e-001  1.686e-001  2.587e-002  1.000e+000
88 2-2  1.022e-001 -1.442e-001  1.994e-001 -1.207e-001  1.000e+000
88 2-3 -5.557e-002  1.015e-001 -2.057e-001 -1.313e-001 -9.682e-001  1.000e+000
89  9.135e-001  8.233e-002  4.206e-003  2.563e-002  7.124e-001  2.620e-001 
89 1-1  1.000e+000
89 1-2 -9.758e-001  1.000e+000
89 1-3  1.193e-001 -3.336e-001  1.000e+000
89 2-1 -1.827e-001  1.677e-001  2.637e-002  1.000e+000
89 2-2  9.621e-002 -1.319e-001  1.841e-001 -6.718e-002  1.000e+000
89 2-3 -5.636e-002  9.496e-002 -1.881e-001 -1.470e-001 -9.770e-001  1.000e+000
90  9.086e-001  8.722e-002  4.140e-003  2.350e-002  6.921e-001  2.844e-001 
90 1-1  1.000e+000
90 1-2 -9.793e-001  1.000e+000
90 1-3  1.337e-001 -3.315e-001  1.000e+000
90 2-1 -1.808e-001  1.666e-001  2.682e-002  1.000e+000
90 2-2  9.077e-002 -1.211e-001  1.697e-001 -1.752e-002  1.000e+000
90 2-3 -5.673e-002  8.919e-002 -1.722e-001 -1.643e-001 -9.834e-001  1.000e+000