
#****** ******
# DEMadl.txt
#IMaCh version 0.99r45, April 2023,INED-EUROREVES-Institut de longevite-Japan Society for the Promotion of Science (Grant-in-Aid for Scientific Research 25293121), Intel Software 2015-2020, Nihon University 2021-202, INED 2000-2022
#$Revision: 1.353 $ $Date: 2023/05/08 18:48:22 $
# Tue Feb 04 22:03:38 2025
# Health expectancies with standard errors
# Age e11 (SE) e12 (SE) e1.  e21 (SE) e22 (SE) e2. 
 50   24.7750 (1.1784)    3.5465 (0.3706)   28.3215 (1.2819)   23.2471 (1.2376)    5.3152 (0.6462)   28.5623 (1.2309)
 51   24.1382 (1.1100)    3.5629 (0.3668)   27.7010 (1.1985)   22.4603 (1.2191)    5.4045 (0.6413)   27.8648 (1.1978)
 52   23.4937 (1.0557)    3.5756 (0.3639)   27.0692 (1.1314)   21.6531 (1.2121)    5.4904 (0.6354)   27.1436 (1.1820)
 53   22.8422 (1.0136)    3.5843 (0.3615)   26.4266 (1.0784)   20.8261 (1.2131)    5.5716 (0.6286)   26.3977 (1.1802)
 54   22.1848 (0.9817)    3.5888 (0.3595)   25.7735 (1.0376)   19.9799 (1.2192)    5.6469 (0.6209)   25.6268 (1.1891)
 55   21.5223 (0.9580)    3.5886 (0.3578)   25.1109 (1.0065)   19.1159 (1.2279)    5.7147 (0.6127)   24.8306 (1.2055)
 56   20.8559 (0.9405)    3.5835 (0.3563)   24.4394 (0.9831)   18.2356 (1.2371)    5.7735 (0.6044)   24.0091 (1.2264)
 57   20.1868 (0.9276)    3.5731 (0.3547)   23.7599 (0.9653)   17.3414 (1.2448)    5.8217 (0.5963)   23.1631 (1.2493)
 58   19.5163 (0.9179)    3.5571 (0.3531)   23.0734 (0.9513)   16.4359 (1.2500)    5.8576 (0.5889)   22.2935 (1.2719)
 59   18.8459 (0.9102)    3.5353 (0.3513)   22.3812 (0.9397)   15.5224 (1.2515)    5.8796 (0.5823)   21.4019 (1.2922)
 60   18.1770 (0.9038)    3.5075 (0.3492)   21.6845 (0.9295)   14.6047 (1.2487)    5.8861 (0.5766)   20.4907 (1.3087)
 61   17.5113 (0.8979)    3.4735 (0.3467)   20.9847 (0.9197)   13.6870 (1.2412)    5.8758 (0.5719)   19.5628 (1.3200)
 62   16.8502 (0.8922)    3.4331 (0.3439)   20.2834 (0.9100)   12.7742 (1.2288)    5.8475 (0.5678)   18.6216 (1.3251)
 63   16.1956 (0.8865)    3.3865 (0.3407)   19.5821 (0.9001)   11.8710 (1.2114)    5.8003 (0.5639)   17.6713 (1.3232)
 64   15.5490 (0.8806)    3.3335 (0.3371)   18.8825 (0.8898)   10.9825 (1.1892)    5.7338 (0.5596)   16.7164 (1.3139)
 65   14.9120 (0.8747)    3.2744 (0.3331)   18.1864 (0.8792)   10.1140 (1.1622)    5.6478 (0.5543)   15.7618 (1.2971)
 66   14.2863 (0.8688)    3.2094 (0.3288)   17.4957 (0.8685)    9.2704 (1.1309)    5.5425 (0.5475)   14.8129 (1.2729)
 67   13.6732 (0.8629)    3.1388 (0.3243)   16.8120 (0.8579)    8.4563 (1.0953)    5.4185 (0.5387)   13.8748 (1.2416)
 68   13.0743 (0.8574)    3.0629 (0.3196)   16.1372 (0.8477)    7.6761 (1.0560)    5.2769 (0.5277)   12.9530 (1.2040)
 69   12.4907 (0.8522)    2.9822 (0.3149)   15.4729 (0.8382)    6.9335 (1.0133)    5.1191 (0.5144)   12.0525 (1.1607)
 70   11.9236 (0.8476)    2.8973 (0.3102)   14.8209 (0.8296)    6.2316 (0.9676)    4.9467 (0.4989)   11.1782 (1.1129)
 71   11.3739 (0.8437)    2.8087 (0.3057)   14.1826 (0.8223)    5.5728 (0.9195)    4.7616 (0.4815)   10.3344 (1.0616)
 72   10.8424 (0.8405)    2.7170 (0.3013)   13.5594 (0.8163)    4.9588 (0.8693)    4.5660 (0.4626)    9.5249 (1.0079)
 73   10.3296 (0.8381)    2.6229 (0.2973)   12.9525 (0.8117)    4.3907 (0.8177)    4.3622 (0.4429)    8.7529 (0.9530)
 74    9.8361 (0.8365)    2.5270 (0.2935)   12.3632 (0.8087)    3.8685 (0.7652)    4.1524 (0.4231)    8.0209 (0.8981)
 75    9.3621 (0.8357)    2.4301 (0.2901)   11.7922 (0.8070)    3.3919 (0.7124)    3.9389 (0.4038)    7.3308 (0.8441)
 76    8.9076 (0.8355)    2.3327 (0.2869)   11.2403 (0.8066)    2.9599 (0.6598)    3.7238 (0.3856)    6.6837 (0.7919)
 77    8.4726 (0.8358)    2.2355 (0.2839)   10.7081 (0.8074)    2.5708 (0.6079)    3.5094 (0.3690)    6.0801 (0.7424)
 78    8.0569 (0.8365)    2.1391 (0.2811)   10.1960 (0.8089)    2.2226 (0.5572)    3.2974 (0.3545)    5.5200 (0.6959)
 79    7.6601 (0.8375)    2.0440 (0.2783)    9.7041 (0.8111)    1.9131 (0.5082)    3.0896 (0.3422)    5.0027 (0.6528)
 80    7.2818 (0.8385)    1.9508 (0.2754)    9.2326 (0.8136)    1.6396 (0.4611)    2.8874 (0.3320)    4.5271 (0.6131)
 81    6.9215 (0.8394)    1.8599 (0.2723)    8.7814 (0.8162)    1.3994 (0.4164)    2.6922 (0.3237)    4.0916 (0.5770)
 82    6.5786 (0.8400)    1.7717 (0.2690)    8.3503 (0.8186)    1.1896 (0.3743)    2.5049 (0.3169)    3.6944 (0.5440)
 83    6.2524 (0.8402)    1.6865 (0.2652)    7.9389 (0.8206)    1.0073 (0.3348)    2.3263 (0.3113)    3.3336 (0.5140)
 84    5.9424 (0.8397)    1.6046 (0.2611)    7.5469 (0.8220)    0.8499 (0.2981)    2.1569 (0.3063)    3.0068 (0.4864)
 85    5.6477 (0.8386)    1.5261 (0.2565)    7.1738 (0.8226)    0.7146 (0.2643)    1.9972 (0.3015)    2.7118 (0.4610)
 86    5.3677 (0.8367)    1.4514 (0.2514)    6.8190 (0.8224)    0.5988 (0.2334)    1.8474 (0.2966)    2.4462 (0.4374)
 87    5.1017 (0.8339)    1.3803 (0.2458)    6.4820 (0.8211)    0.5002 (0.2052)    1.7074 (0.2914)    2.2076 (0.4152)
 88    4.8490 (0.8302)    1.3131 (0.2397)    6.1621 (0.8188)    0.4166 (0.1797)    1.5771 (0.2855)    1.9938 (0.3941)
 89    4.6090 (0.8255)    1.2497 (0.2332)    5.8586 (0.8154)    0.3461 (0.1568)    1.4564 (0.2790)    1.8025 (0.3739)
 90    4.3809 (0.8198)    1.1901 (0.2262)    5.5710 (0.8109)    0.2867 (0.1363)    1.3449 (0.2718)    1.6316 (0.3545)
