
#****** ******
# DEMadl.txt
#IMaCh version 0.99r45, April 2023,INED-EUROREVES-Institut de longevite-Japan Society for the Promotion of Science (Grant-in-Aid for Scientific Research 25293121), Intel Software 2015-2020, Nihon University 2021-202, INED 2000-2022
#$Revision: 1.353 $ $Date: 2023/05/08 18:48:22 $
# Tue Feb 04 22:03:38 2025
# Variance and covariance of health expectancies e.j 
#  (weighted average of eij where weights are the age specific period (stable) prevalences in each health state 
# Age Cov(e.1, e.1) Cov(e.1, e.2) Cov(e.2, e.1) Cov(e.2, e.2)
50  1.3841 0.0544 0.0544 0.1433
51  1.2299 0.0302 0.0302 0.1410
52  1.1148 0.0114 0.0114 0.1394
53  1.0303 -0.0031 -0.0031 0.1381
54  0.9694 -0.0143 -0.0143 0.1372
55  0.9262 -0.0228 -0.0228 0.1365
56  0.8994 -0.0303 -0.0303 0.1351
57  0.8750 -0.0348 -0.0348 0.1355
58  0.8602 -0.0392 -0.0392 0.1349
59  0.8493 -0.0431 -0.0431 0.1343
60  0.8407 -0.0467 -0.0467 0.1334
61  0.8332 -0.0502 -0.0502 0.1324
62  0.8276 -0.0539 -0.0539 0.1307
63  0.8189 -0.0575 -0.0575 0.1296
64  0.8113 -0.0612 -0.0612 0.1278
65  0.8033 -0.0651 -0.0651 0.1257
66  0.7951 -0.0689 -0.0689 0.1233
67  0.7866 -0.0725 -0.0725 0.1206
68  0.7781 -0.0760 -0.0760 0.1177
69  1.3949 0.2487 0.2487 0.2540
70  0.7616 -0.0815 -0.0815 0.1115
71  0.7537 -0.0835 -0.0835 0.1082
72  0.7462 -0.0847 -0.0847 0.1049
73  0.7391 -0.0851 -0.0851 0.1017
74  0.7296 -0.0856 -0.0856 0.0998
75  0.7254 -0.0838 -0.0838 0.0958
76  0.7187 -0.0821 -0.0821 0.0931
77  0.7120 -0.0800 -0.0800 0.0908
78  0.7053 -0.0776 -0.0776 0.0888
79  0.6985 -0.0751 -0.0751 0.0871
80  0.6917 -0.0728 -0.0728 0.0855
81  0.6852 -0.0707 -0.0707 0.0842
82  0.6790 -0.0691 -0.0691 0.0829
83  0.6736 -0.0681 -0.0681 0.0815
84  0.6727 -0.0565 -0.0565 0.1094
85  0.6653 -0.0675 -0.0675 0.0782
86  0.6628 -0.0679 -0.0679 0.0762
87  0.6611 -0.0683 -0.0683 0.0737
88  0.6600 -0.0687 -0.0687 0.0708
89  0.6590 -0.0688 -0.0688 0.0676
90  0.6576 -0.0684 -0.0684 0.0639
