
#****** ******
# DEMadl.txt
#IMaCh version 0.99r45, April 2023,INED-EUROREVES-Institut de longevite-Japan Society for the Promotion of Science (Grant-in-Aid for Scientific Research 25293121), Intel Software 2015-2020, Nihon University 2021-202, INED 2000-2022
#$Revision: 1.353 $ $Date: 2023/05/08 18:48:22 $
# Tue Feb 04 22:03:38 2025
# Standard deviation of period (forward stable) prevalences 
# Age  Result#  1-1 2-2
50 1  0.97530 (0.00729) 0.02471 (0.00731)
51 1  0.97283 (0.00772) 0.02718 (0.00774)
52 1  0.97011 (0.00815) 0.02991 (0.00819)
53 1  0.96712 (0.00860) 0.03289 (0.00863)
54 1  0.96386 (0.00905) 0.03616 (0.00908)
55 1  0.96028 (0.00950) 0.03974 (0.00953)
56 1  0.95637 (0.00997) 0.04366 (0.00926)
57 1  0.95210 (0.01041) 0.04792 (0.01045)
58 1  0.94746 (0.01085) 0.05257 (0.01089)
59 1  0.94241 (0.01128) 0.05761 (0.01132)
60 1  0.93694 (0.01171) 0.06308 (0.01175)
61 1  0.93103 (0.01212) 0.06900 (0.01216)
62 1  0.92466 (0.01254) 0.07537 (0.01165)
63 1  0.91781 (0.01292) 0.08223 (0.01297)
64 1  0.91049 (0.01332) 0.08956 (0.01337)
65 1  0.90267 (0.01372) 0.09738 (0.01377)
66 1  0.89438 (0.01415) 0.10568 (0.01419)
67 1  0.88561 (0.01461) 0.11444 (0.01465)
68 1  0.87639 (0.01512) 0.12366 (0.01516)
69 1  0.86676 (0.01507) 0.13329 (0.08581)
70 1  0.85676 (0.01639) 0.14332 (0.01644)
71 1  0.84643 (0.01719) 0.15365 (0.01723)
72 1  0.83586 (0.01811) 0.16422 (0.01814)
73 1  0.82512 (0.01916) 0.17496 (0.01919)
74 1  0.81430 (0.02034) 0.18581 (0.02086)
75 1  0.80351 (0.02166) 0.19659 (0.02169)
76 1  0.79287 (0.02309) 0.20723 (0.02313)
77 1  0.78250 (0.02465) 0.21760 (0.02468)
78 1  0.77252 (0.02630) 0.22760 (0.02634)
79 1  0.76307 (0.02806) 0.23705 (0.02810)
80 1  0.75428 (0.02993) 0.24586 (0.02997)
81 1  0.74626 (0.03192) 0.25387 (0.03196)
82 1  0.73913 (0.03406) 0.26102 (0.03411)
83 1  0.73297 (0.03640) 0.26718 (0.03645)
84 1  0.72786 (0.03891) 0.27227 (0.04927)
85 1  0.72383 (0.04179) 0.27630 (0.04184)
86 1  0.72090 (0.04491) 0.27927 (0.04496)
87 1  0.71902 (0.04831) 0.28114 (0.04835)
88 1  0.71813 (0.05194) 0.28202 (0.05199)
89 1  0.71811 (0.05575) 0.28204 (0.05580)
90 1  0.71882 (0.05963) 0.28134 (0.05968)
