# EEMadl.txt
#IMaCh version 0.99r45, April 2023,INED-EUROREVES-Institut de longevite-Japan Society for the Promotion of Science (Grant-in-Aid for Scientific Research 25293121), Intel Software 2015-2020, Nihon University 2021-202, INED 2000-2022
#$Revision: 1.353 $ $Date: 2023/05/08 18:48:22 $
# Tue Feb 04 22:03:38 2025
# Forward period (stable) prevalence. Precision given by ftolpl=0.0006 
#Age 1-1 2-2 
#************
#Age   1-1     2-2   Total Years_to_converge
50  0.96453 0.03549 1.000 14
51  0.96182 0.03820 1.000 15
52  0.95891 0.04110 1.000 15
53  0.95580 0.04422 1.000 15
54  0.95247 0.04755 1.000 16
55  0.94891 0.05111 1.000 16
56  0.94512 0.05491 1.000 16
57  0.94106 0.05897 1.000 16
58  0.93675 0.06328 1.000 17
59  0.93215 0.06789 1.000 17
60  0.92726 0.07278 1.000 17
61  0.92207 0.07797 1.000 18
62  0.91655 0.08349 1.000 18
63  0.91071 0.08933 1.000 18
64  0.90453 0.09552 1.000 18
65  0.89799 0.10206 1.000 19
66  0.89108 0.10899 1.000 19
67  0.88378 0.11627 1.000 19
68  0.87610 0.12397 1.000 19
69  0.86801 0.13206 1.000 20
70  0.85950 0.14058 1.000 20
71  0.85056 0.14952 1.000 20
72  0.84118 0.15892 1.000 20
73  0.83134 0.16875 1.000 21
74  0.82103 0.17907 1.000 21
75  0.81025 0.18985 1.000 21
76  0.79897 0.20114 1.000 21
77  0.78718 0.21292 1.000 22
78  0.77488 0.22524 1.000 22
79  0.76204 0.23807 1.000 22
80  0.74865 0.25148 1.000 22
81  0.73470 0.26546 1.000 22
82  0.72016 0.27998 1.000 23
83  0.70503 0.29513 1.000 23
84  0.68929 0.31086 1.000 23
85  0.67291 0.32726 1.000 23
86  0.65589 0.34430 1.000 23
87  0.63820 0.36197 1.000 24
88  0.61984 0.38036 1.000 24
89  0.60078 0.39944 1.000 24
90  0.58103 0.41922 1.000 24
