# Powell
# iter -2*LL p12 p13 p21 p23
1 1 2507.741084488928 1 -6.715857100000 0.055864800000 -9.127672000000 0.086038700000 1.956648700000 -0.045689400000 -4.648543600000 0.043519300000
2 2 2342.067594630878 1 -7.165788027064 0.055787702667 -10.068323689977 0.085899236922 1.315493951114 -0.045555909314 -5.400232505059 0.043477132006
3 2 2336.964029889662 2 -7.308717461584 0.055736501358 -9.926243305329 0.085839581806 1.176295137999 -0.045476787291 -5.482691298622 0.043445905200
4 3 2336.726660654040 2 -7.350076394668 0.055679081439 -9.910642037424 0.085788265546 1.153434882559 -0.045400771373 -5.495005185448 0.043415414674
5 3 2336.716981219976 3 -7.351323750235 0.055622290640 -9.904979159338 0.085739265721 1.146366939708 -0.045326656514 -5.494631103054 0.043385552700
6 4 2336.601689697221 3 -7.257024914206 0.054030637966 -9.794642219966 0.084373005936 1.000255384038 -0.043260571893 -5.438885453759 0.042547544797
7 4 2336.555532597422 3 -7.213962973096 0.053601703138 -9.770795427927 0.083989368370 0.966422354142 -0.042687320602 -5.420542540521 0.042373139718
8 5 2336.549347099141 4 -7.191585578844 0.053380192720 -9.758002114978 0.083789497562 0.949409419938 -0.042398366814 -5.410720952050 0.042263778583
9 5 2336.549303423602 4 -7.191569861187 0.053380067527 -9.757871918046 0.083787612183 0.949866800393 -0.042405146885 -5.410266465763 0.042257703120
10 6 2336.548100907975 4 -7.188279723262 0.053333266795 -9.747905842771 0.083650572418 0.972054310756 -0.042728626586 -5.383757798707 0.041906019494
11 6 2336.548099354409 5 -7.188219344003 0.053332272600 -9.747900237266 0.083651030980 0.972011245400 -0.042728207526 -5.383710069689 0.041905135056
12 7 2336.548013050719 5 -7.186392832858 0.053309782253 -9.754656311090 0.083742484847 0.975011986617 -0.042771158475 -5.380142052286 0.041857686165
13 7 2336.547975019681 6 -7.184411485869 0.053278520739 -9.755168337334 0.083750138292 0.973820660689 -0.042753756712 -5.378141807336 0.041829630236
14 8 2336.547968965630 6 -7.183261498867 0.053260351372 -9.755483698156 0.083754698761 0.973141807624 -0.042743862673 -5.377059982984 0.041814428262
15 8 2336.547968327728 6 -7.183243057489 0.053260087625 -9.755467393927 0.083754481283 0.973162217608 -0.042744179857 -5.377097151605 0.041814918976
16 9 2336.547924895192 6 -7.180500988001 0.053220720338 -9.754531490451 0.083741764416 0.976944810469 -0.042799867232 -5.381218543175 0.041869381314
17 9 2336.547924841556 7 -7.180526612335 0.053221174449 -9.754550816768 0.083742159236 0.976816049560 -0.042797979101 -5.381398904862 0.041871729383
18 10 2336.547924841171 7 -7.180523688964 0.053221129183 -9.754547972056 0.083742145558 0.976814133568 -0.042797950522 -5.381396568764 0.041871685157
19 10 2336.547924841170 8 -7.180523691700 0.053221129226 -9.754547971305 0.083742145547 0.976814135183 -0.042797952440 -5.381396584760 0.041871685193
20 11 2336.547924841168 8 -7.180523671786 0.053221128943 -9.754547910903 0.083742144716 0.976814269658 -0.042797954401 -5.381396424137 0.041871683062
21 11 2336.547924841165 9 -7.180523656307 0.053221128698 -9.754547914671 0.083742144771 0.976814260210 -0.042797954263 -5.381396409717 0.041871682859
