
#****** ******
# EEMadl.txt
#IMaCh version 0.99r45, April 2023,INED-EUROREVES-Institut de longevite-Japan Society for the Promotion of Science (Grant-in-Aid for Scientific Research 25293121), Intel Software 2015-2020, Nihon University 2021-202, INED 2000-2022
#$Revision: 1.353 $ $Date: 2023/05/08 18:48:22 $
# Tue Feb 04 22:03:38 2025
# Health expectancies with standard errors
# Age e11 (SE) e12 (SE) e1.  e21 (SE) e22 (SE) e2. 
 50   20.3420 (0.8077)    2.4950 (0.2758)   22.8370 (0.8939)   16.8256 (1.3423)    3.9141 (0.4600)   20.7397 (1.3863)
 51   19.5793 (0.7794)    2.4774 (0.2722)   22.0567 (0.8642)   15.9713 (1.2957)    3.9235 (0.4526)   19.8948 (1.3513)
 52   18.8302 (0.7517)    2.4586 (0.2688)   21.2888 (0.8350)   15.1343 (1.2470)    3.9308 (0.4451)   19.0651 (1.3142)
 53   18.0951 (0.7245)    2.4387 (0.2655)   20.5338 (0.8064)   14.3158 (1.1966)    3.9360 (0.4375)   18.2518 (1.2751)
 54   17.3746 (0.6980)    2.4177 (0.2624)   19.7923 (0.7785)   13.5169 (1.1449)    3.9388 (0.4299)   17.4558 (1.2344)
 55   16.6692 (0.6725)    2.3954 (0.2594)   19.0646 (0.7513)   12.7390 (1.0925)    3.9391 (0.4224)   16.6781 (1.1923)
 56   15.9792 (0.6479)    2.3720 (0.2566)   18.3512 (0.7252)   11.9830 (1.0399)    3.9367 (0.4150)   15.9197 (1.1491)
 57   15.3054 (0.6244)    2.3473 (0.2540)   17.6526 (0.7001)   11.2500 (0.9877)    3.9314 (0.4078)   15.1815 (1.1053)
 58   14.6479 (0.6021)    2.3213 (0.2517)   16.9692 (0.6763)   10.5412 (0.9365)    3.9232 (0.4007)   14.4644 (1.0611)
 59   14.0073 (0.5812)    2.2940 (0.2497)   16.3013 (0.6538)    9.8574 (0.8867)    3.9118 (0.3939)   13.7692 (1.0169)
 60   13.3838 (0.5616)    2.2655 (0.2479)   15.6493 (0.6328)    9.1994 (0.8391)    3.8972 (0.3873)   13.0966 (0.9733)
 61   12.7779 (0.5434)    2.2356 (0.2465)   15.0135 (0.6134)    8.5679 (0.7940)    3.8793 (0.3810)   12.4471 (0.9306)
 62   12.1897 (0.5266)    2.2045 (0.2453)   14.3943 (0.5956)    7.9634 (0.7517)    3.8580 (0.3750)   11.8214 (0.8892)
 63   11.6196 (0.5114)    2.1722 (0.2445)   13.7918 (0.5795)    7.3865 (0.7127)    3.8333 (0.3694)   11.2197 (0.8496)
 64   11.0677 (0.4975)    2.1386 (0.2441)   13.2063 (0.5651)    6.8373 (0.6770)    3.8051 (0.3642)   10.6424 (0.8120)
 65   10.5340 (0.4850)    2.1038 (0.2440)   12.6378 (0.5524)    6.3160 (0.6446)    3.7736 (0.3595)   10.0896 (0.7767)
 66   10.0188 (0.4738)    2.0679 (0.2442)   12.0866 (0.5413)    5.8226 (0.6154)    3.7387 (0.3554)    9.5613 (0.7442)
 67    9.5220 (0.4638)    2.0308 (0.2448)   11.5527 (0.5318)    5.3569 (0.5891)    3.7006 (0.3521)    9.0575 (0.7145)
 68    9.0435 (0.4549)    1.9927 (0.2457)   11.0362 (0.5239)    4.9186 (0.5655)    3.6592 (0.3495)    8.5778 (0.6878)
 69    8.5833 (0.4470)    1.9536 (0.2470)   10.5369 (0.5173)    4.5073 (0.5441)    3.6148 (0.3480)    8.1221 (0.6642)
 70    8.1413 (0.4399)    1.9135 (0.2486)   10.0548 (0.5119)    4.1223 (0.5245)    3.5675 (0.3475)    7.6898 (0.6438)
 71    7.7173 (0.4335)    1.8727 (0.2504)    9.5899 (0.5077)    3.7630 (0.5062)    3.5174 (0.3483)    7.2804 (0.6265)
 72    7.3109 (0.4278)    1.8310 (0.2525)    9.1420 (0.5044)    3.4286 (0.4888)    3.4647 (0.3503)    6.8933 (0.6122)
 73    6.9221 (0.4224)    1.7887 (0.2548)    8.7108 (0.5019)    3.1183 (0.4721)    3.4096 (0.3537)    6.5279 (0.6008)
 74    6.5504 (0.4175)    1.7458 (0.2573)    8.2962 (0.5001)    2.8309 (0.4556)    3.3524 (0.3585)    6.1833 (0.5921)
 75    6.1955 (0.4128)    1.7024 (0.2599)    7.8979 (0.4987)    2.5657 (0.4393)    3.2931 (0.3645)    5.8588 (0.5859)
 76    5.8570 (0.4082)    1.6587 (0.2626)    7.5157 (0.4977)    2.3213 (0.4229)    3.2321 (0.3719)    5.5534 (0.5819)
 77    5.5345 (0.4037)    1.6146 (0.2653)    7.1491 (0.4969)    2.0969 (0.4063)    3.1695 (0.3804)    5.2664 (0.5798)
 78    5.2276 (0.3992)    1.5703 (0.2681)    6.7979 (0.4962)    1.8912 (0.3896)    3.1057 (0.3900)    4.9969 (0.5793)
 79    4.9358 (0.3946)    1.5259 (0.2708)    6.4617 (0.4955)    1.7031 (0.3726)    3.0407 (0.4005)    4.7438 (0.5803)
 80    4.6586 (0.3899)    1.4815 (0.2735)    6.1401 (0.4947)    1.5316 (0.3555)    2.9748 (0.4116)    4.5064 (0.5824)
 81    4.3955 (0.3850)    1.4372 (0.2760)    5.8328 (0.4937)    1.3754 (0.3383)    2.9082 (0.4234)    4.2837 (0.5854)
 82    4.1461 (0.3800)    1.3931 (0.2784)    5.5392 (0.4925)    1.2336 (0.3211)    2.8412 (0.4355)    4.0748 (0.5891)
 83    3.9098 (0.3747)    1.3493 (0.2805)    5.2591 (0.4911)    1.1051 (0.3040)    2.7738 (0.4477)    3.8789 (0.5932)
 84    3.6862 (0.3692)    1.3058 (0.2825)    4.9919 (0.4893)    0.9888 (0.2871)    2.7064 (0.4600)    3.6952 (0.5976)
 85    3.4746 (0.3635)    1.2627 (0.2842)    4.7373 (0.4872)    0.8838 (0.2704)    2.6390 (0.4722)    3.5228 (0.6021)
 86    3.2747 (0.3575)    1.2202 (0.2856)    4.4948 (0.4846)    0.7891 (0.2540)    2.5719 (0.4841)    3.3610 (0.6066)
 87    3.0859 (0.3513)    1.1782 (0.2867)    4.2640 (0.4818)    0.7040 (0.2381)    2.5052 (0.4956)    3.2091 (0.6110)
 88    2.9076 (0.3448)    1.1368 (0.2874)    4.0445 (0.4785)    0.6275 (0.2227)    2.4389 (0.5066)    3.0664 (0.6151)
 89    2.7396 (0.3381)    1.0962 (0.2879)    3.8358 (0.4748)    0.5588 (0.2078)    2.3733 (0.5171)    2.9322 (0.6189)
 90    2.5811 (0.3312)    1.0564 (0.2880)    3.6375 (0.4707)    0.4974 (0.1935)    2.3085 (0.5268)    2.8059 (0.6223)
