
# model  
#****** Result for:******
# EEMadl.txt
#IMaCh version 0.99r45, April 2023,INED-EUROREVES-Institut de longevite-Japan Society for the Promotion of Science (Grant-in-Aid for Scientific Research 25293121), Intel Software 2015-2020, Nihon University 2021-202, INED 2000-2022
#$Revision: 1.353 $ $Date: 2023/05/08 18:48:22 $
# Tue Feb 04 22:03:38 2025
# Total life expectancy with std error and decomposition into time to be expected in each health state
#  (weighted average of eij where weights are the age specific forward period (stable) prevalences in each health state 
# Age popbased mobilav e.. (std) e.1 (std) e.2 (std) 
   50 0 0  22.763 (  0.903)  20.218 (  0.825)   2.545 (  0.284)
   51 0 0  21.975 (  0.872)  19.442 (  0.795)   2.533 (  0.281)
   52 0 0  21.198 (  0.843)  18.679 (  0.767)   2.519 (  0.278)
   53 0 0  20.433 (  0.814)  17.928 (  0.740)   2.505 (  0.275)
   54 0 0  19.682 (  0.786)  17.192 (  0.714)   2.490 (  0.272)
   55 0 0  18.943 (  0.759)  16.469 (  0.689)   2.474 (  0.270)
   56 0 0  18.218 (  0.733)  15.760 (  0.665)   2.458 (  0.267)
   57 0 0  17.507 (  0.708)  15.067 (  0.641)   2.441 (  0.265)
   58 0 0  16.811 (  0.684)  14.388 (  0.619)   2.423 (  0.263)
   59 0 0  16.130 (  0.661)  13.726 (  0.598)   2.404 (  0.261)
   60 0 0  15.464 (  0.640)  13.080 (  0.578)   2.384 (  0.260)
   61 0 0  14.814 (  0.620)  12.450 (  0.560)   2.364 (  0.259)
   62 0 0  14.180 (  0.602)  11.837 (  0.543)   2.343 (  0.258)
   63 0 0  13.563 (  0.585)  11.242 (  0.528)   2.321 (  0.257)
   64 0 0  12.962 (  0.570)  10.664 (  0.515)   2.298 (  0.257)
   65 0 0  12.378 (  0.556)  10.104 (  0.502)   2.274 (  0.258)
   66 0 0  11.812 (  0.544)   9.562 (  0.492)   2.250 (  0.259)
   67 0 0  11.263 (  0.534)   9.038 (  0.482)   2.225 (  0.260)
   68 0 0  10.732 (  0.525)   8.533 (  0.474)   2.199 (  0.262)
   69 0 0  10.219 (  0.518)   8.046 (  0.467)   2.173 (  0.264)
   70 0 0   9.723 (  0.511)   7.577 (  0.460)   2.146 (  0.267)
   71 0 0   9.245 (  0.506)   7.127 (  0.455)   2.119 (  0.271)
   72 0 0   8.785 (  0.501)   6.695 (  0.450)   2.091 (  0.274)
   73 0 0   8.343 (  0.498)   6.281 (  0.445)   2.062 (  0.279)
   74 0 0   7.919 (  0.494)   5.885 (  0.441)   2.034 (  0.284)
   75 0 0   7.512 (  0.492)   5.507 (  0.437)   2.005 (  0.289)
   76 0 0   7.122 (  0.489)   5.147 (  0.432)   1.975 (  0.295)
   77 0 0   6.749 (  0.487)   4.803 (  0.428)   1.946 (  0.302)
   78 0 0   6.393 (  0.484)   4.477 (  0.423)   1.916 (  0.309)
   79 0 0   6.053 (  0.482)   4.167 (  0.419)   1.887 (  0.316)
   80 0 0   5.730 (  0.480)   3.873 (  0.414)   1.857 (  0.324)
   81 0 0   5.422 (  0.477)   3.595 (  0.408)   1.828 (  0.333)
   82 0 0   5.130 (  0.474)   3.331 (  0.403)   1.799 (  0.342)
   83 0 0   4.853 (  0.471)   3.083 (  0.397)   1.770 (  0.352)
   84 0 0   4.590 (  0.477)   2.848 (  0.397)   1.741 (  0.355)
   85 0 0   4.341 (  0.465)   2.627 (  0.385)   1.713 (  0.374)
   86 0 0   4.105 (  0.462)   2.420 (  0.379)   1.686 (  0.385)
   87 0 0   3.883 (  0.459)   2.224 (  0.373)   1.659 (  0.397)
   88 0 0   3.673 (  0.456)   2.041 (  0.367)   1.632 (  0.410)
   89 0 0   3.476 (  0.453)   1.869 (  0.361)   1.607 (  0.424)
   90 0 0   3.290 (  0.450)   1.708 (  0.355)   1.582 (  0.438)
