
#****** ******
# EEMadl.txt
#IMaCh version 0.99r45, April 2023,INED-EUROREVES-Institut de longevite-Japan Society for the Promotion of Science (Grant-in-Aid for Scientific Research 25293121), Intel Software 2015-2020, Nihon University 2021-202, INED 2000-2022
#$Revision: 1.353 $ $Date: 2023/05/08 18:48:22 $
# Tue Feb 04 22:03:38 2025
# Variance and covariance of health expectancies e.j 
#  (weighted average of eij where weights are the age specific period (stable) prevalences in each health state 
# Age Cov(e.1, e.1) Cov(e.1, e.2) Cov(e.2, e.1) Cov(e.2, e.2)
50  0.6814 0.0269 0.0269 0.0805
51  0.6313 0.0246 0.0246 0.0792
52  0.5886 0.0220 0.0220 0.0774
53  0.5482 0.0195 0.0195 0.0758
54  0.5102 0.0170 0.0170 0.0742
55  0.4746 0.0146 0.0146 0.0727
56  0.4416 0.0123 0.0123 0.0714
57  0.4110 0.0101 0.0101 0.0702
58  0.3830 0.0079 0.0079 0.0691
59  0.3574 0.0058 0.0058 0.0682
60  0.3344 0.0039 0.0039 0.0674
61  0.3137 0.0020 0.0020 0.0668
62  0.2953 0.0001 0.0001 0.0665
63  0.2790 -0.0016 -0.0016 0.0663
64  0.2648 -0.0032 -0.0032 0.0663
65  0.2524 -0.0047 -0.0047 0.0665
66  0.2417 -0.0062 -0.0062 0.0670
67  0.2325 -0.0075 -0.0075 0.0677
68  0.2246 -0.0088 -0.0088 0.0687
69  0.2178 -0.0099 -0.0099 0.0699
70  0.2120 -0.0111 -0.0111 0.0714
71  0.2069 -0.0121 -0.0121 0.0732
72  0.2023 -0.0132 -0.0132 0.0753
73  0.1982 -0.0142 -0.0142 0.0778
74  0.1943 -0.0152 -0.0152 0.0805
75  0.1905 -0.0162 -0.0162 0.0836
76  0.1868 -0.0174 -0.0174 0.0871
77  0.1831 -0.0186 -0.0186 0.0910
78  0.1792 -0.0199 -0.0199 0.0953
79  0.1753 -0.0214 -0.0214 0.1000
80  0.1711 -0.0232 -0.0232 0.1052
81  0.1668 -0.0251 -0.0251 0.1109
82  0.1624 -0.0273 -0.0273 0.1171
83  0.1578 -0.0298 -0.0298 0.1240
84  0.1579 -0.0281 -0.0281 0.1263
85  0.1485 -0.0358 -0.0358 0.1395
86  0.1438 -0.0393 -0.0393 0.1483
87  0.1391 -0.0432 -0.0432 0.1579
88  0.1345 -0.0475 -0.0475 0.1682
89  0.1301 -0.0522 -0.0522 0.1794
90  0.1257 -0.0573 -0.0573 0.1915
