# FRMadl.txt
#IMaCh version 0.99r45, April 2023,INED-EUROREVES-Institut de longevite-Japan Society for the Promotion of Science (Grant-in-Aid for Scientific Research 25293121), Intel Software 2015-2020, Nihon University 2021-202, INED 2000-2022
#$Revision: 1.353 $ $Date: 2023/05/08 18:48:22 $
# Tue Feb 04 22:03:38 2025
# Forward period (stable) prevalence. Precision given by ftolpl=0.0006 
#Age 1-1 2-2 
#************
#Age   1-1     2-2   Total Years_to_converge
50  0.99133 0.00867 1.000 20
51  0.99036 0.00964 1.000 20
52  0.98928 0.01072 1.000 20
53  0.98808 0.01192 1.000 20
54  0.98675 0.01325 1.000 20
55  0.98528 0.01473 1.000 20
56  0.98364 0.01637 1.000 20
57  0.98183 0.01818 1.000 21
58  0.97982 0.02019 1.000 21
59  0.97759 0.02242 1.000 21
60  0.97513 0.02489 1.000 21
61  0.97241 0.02761 1.000 21
62  0.96940 0.03061 1.000 21
63  0.96609 0.03393 1.000 21
64  0.96244 0.03758 1.000 21
65  0.95842 0.04159 1.000 22
66  0.95402 0.04600 1.000 22
67  0.94919 0.05084 1.000 22
68  0.94391 0.05612 1.000 22
69  0.93815 0.06189 1.000 22
70  0.93188 0.06815 1.000 22
71  0.92508 0.07495 1.000 22
72  0.91773 0.08231 1.000 22
73  0.90982 0.09023 1.000 22
74  0.90133 0.09872 1.000 22
75  0.89227 0.10779 1.000 22
76  0.88264 0.11742 1.000 22
77  0.87247 0.12759 1.000 22
78  0.86180 0.13829 1.000 22
79  0.85066 0.14943 1.000 22
80  0.83912 0.16096 1.000 22
81  0.82727 0.17282 1.000 22
82  0.81518 0.18492 1.000 21
83  0.80296 0.19714 1.000 21
84  0.79072 0.20940 1.000 21
85  0.77856 0.22157 1.000 20
86  0.76659 0.23352 1.000 20
87  0.75493 0.24519 1.000 20
88  0.74366 0.25647 1.000 19
89  0.73286 0.26727 1.000 19
90  0.72257 0.27759 1.000 18
