# Powell
# iter -2*LL p12 p13 p21 p23
1 1 1194.059893547835 0 -9.887852400000 0.091537100000 -10.946966400000 0.099227900000 0.795177100000 -0.023160400000 -13.400976100000 0.148066200000
2 2 1119.274011559092 1 -10.191782821925 0.091580252010 -11.884599879245 0.098812561982 0.180070026834 -0.022724208198 -14.219799302855 0.147975009441
3 2 1113.754055160025 1 -10.437089158448 0.091632753528 -11.727424974461 0.098667297496 -0.005180592601 -0.022650729887 -14.292911199715 0.147893988985
4 3 1113.457721659074 2 -10.522495129730 0.091659225430 -11.712202593113 0.098511182882 -0.036015501593 -0.022600111617 -14.297838047376 0.147800870895
5 3 1113.449672234737 2 -10.525871551674 0.091708022909 -11.702092300651 0.098374912617 -0.038876547017 -0.022559512906 -14.290547123608 0.147797406218
6 4 1113.153675620426 3 -10.747519985448 0.094922273782 -11.041856400317 0.089357780336 -0.226149416902 -0.019896145562 -13.803163978365 0.142251428844
7 4 1113.151742224513 3 -10.748726109523 0.094948447578 -11.040085657325 0.089251614267 -0.226765987971 -0.019888465149 -13.793543080772 0.142146701912
8 5 1113.141198168527 4 -10.729679607178 0.094705054331 -11.021799356592 0.088779478927 -0.181480592993 -0.020513519431 -13.681437108580 0.140833623208
9 5 1113.132982510084 4 -10.721371035987 0.094576745911 -10.998142070604 0.088524367009 -0.158650530868 -0.020849519445 -13.624979498600 0.140140954151
10 6 1113.126970263724 4 -10.690305548828 0.094119133849 -11.006102680002 0.088752448820 -0.104709267333 -0.021636949095 -13.561277860439 0.139327966004
11 6 1113.126891035625 5 -10.690439577957 0.094121276161 -11.006275814475 0.088755435469 -0.104932005067 -0.021633427020 -13.560623279678 0.139319972045
12 7 1113.115626695683 5 -10.706310871930 0.094324647654 -11.100376943580 0.090091411564 -0.144308664958 -0.021067529912 -13.371716153425 0.137023702571
13 7 1113.115482430323 5 -10.703427816523 0.094293584161 -11.103733965783 0.090113049605 -0.139796057897 -0.021132364851 -13.362397115672 0.136913356909
14 8 1113.115481261795 6 -10.703054029444 0.094288544184 -11.104594479133 0.090123764782 -0.139509968114 -0.021136419553 -13.362608528310 0.136915714753
15 8 1113.115468330489 7 -10.699142713167 0.094234710047 -11.106989134408 0.090155164430 -0.139363266326 -0.021138343777 -13.363098018684 0.136920356669
16 9 1113.115462178523 7 -10.698553791209 0.094227002490 -11.105520312285 0.090136727990 -0.139982906355 -0.021129512880 -13.362048844764 0.136907939075
17 9 1113.115461021541 8 -10.698148086292 0.094221708276 -11.104450373340 0.090123116326 -0.140345802200 -0.021124324898 -13.361536796283 0.136901937970
18 10 1113.115461021537 8 -10.698148428557 0.094221712651 -11.104452481862 0.090123146261 -0.140346684946 -0.021124312211 -13.361532375684 0.136901886551
19 10 1113.115461021536 9 -10.698148424869 0.094221712603 -11.104452462770 0.090123145984 -0.140346675854 -0.021124312341 -13.361532409648 0.136901886965
