# FRMadl.txt
#IMaCh version 0.99r45, April 2023,INED-EUROREVES-Institut de longevite-Japan Society for the Promotion of Science (Grant-in-Aid for Scientific Research 25293121), Intel Software 2015-2020, Nihon University 2021-202, INED 2000-2022
#$Revision: 1.353 $ $Date: 2023/05/08 18:48:22 $
# Tue Feb 04 22:03:38 2025
# probabilities of dying before estepm=6 months for people of exact age and weighted probabilities w1*p1j+w2*p2j+... stand dev in()
# Selected quantitative variables and dummies
# Age cov=1 p.3 SE w1 p13 w2 p23
 50 1   1.356e-003  6.631e-004  9.913e-001  1.357e-003   8.671e-003  1.134e-003 
 51 1   1.483e-003  6.957e-004  9.904e-001  1.485e-003   9.643e-003  1.307e-003 
 52 1   1.623e-003  7.289e-004  9.893e-001  1.624e-003   1.072e-002  1.506e-003 
 53 1   1.776e-003  7.625e-004  9.881e-001  1.777e-003   1.192e-002  1.734e-003 
 54 1   1.944e-003  7.962e-004  9.868e-001  1.943e-003   1.325e-002  1.997e-003 
 55 1   2.128e-003  8.301e-004  9.853e-001  2.125e-003   1.473e-002  2.300e-003 
 56 1   2.330e-003  8.638e-004  9.836e-001  2.324e-003   1.637e-002  2.649e-003 
 57 1   2.551e-003  8.974e-004  9.818e-001  2.542e-003   1.818e-002  3.049e-003 
 58 1   2.794e-003  9.306e-004  9.798e-001  2.780e-003   2.019e-002  3.510e-003 
 59 1   3.062e-003  9.636e-004  9.776e-001  3.039e-003   2.242e-002  4.040e-003 
 60 1   3.356e-003  9.962e-004  9.751e-001  3.323e-003   2.489e-002  4.650e-003 
 61 1   3.681e-003  1.029e-003  9.724e-001  3.633e-003   2.761e-002  5.350e-003 
 62 1   4.039e-003  1.061e-003  9.694e-001  3.972e-003   3.061e-002  6.155e-003 
 63 1   4.434e-003  1.095e-003  9.661e-001  4.341e-003   3.393e-002  7.080e-003 
 64 1   4.873e-003  1.131e-003  9.624e-001  4.745e-003   3.758e-002  8.141e-003 
 65 1   5.359e-003  1.170e-003  9.584e-001  5.185e-003   4.159e-002  9.360e-003 
 66 1   5.900e-003  1.214e-003  9.540e-001  5.666e-003   4.600e-002  1.076e-002 
 67 1   6.504e-003  1.266e-003  9.492e-001  6.190e-003   5.084e-002  1.236e-002 
 68 1   7.180e-003  1.330e-003  9.439e-001  6.762e-003   5.612e-002  1.420e-002 
 69 1   7.938e-003  1.408e-003  9.381e-001  7.385e-003   6.189e-002  1.631e-002 
 70 1   8.791e-003  1.545e-003  9.319e-001  8.064e-003   6.815e-002  1.872e-002 
 71 1   9.755e-003  1.625e-003  9.251e-001  8.804e-003   7.495e-002  2.148e-002 
 72 1   1.085e-002  1.771e-003  9.177e-001  9.610e-003   8.231e-002  2.464e-002 
 73 1   1.209e-002  1.947e-003  9.098e-001  1.049e-002   9.023e-002  2.824e-002 
 74 1   1.351e-002  2.156e-003  9.013e-001  1.144e-002   9.872e-002  3.236e-002 
 75 1   1.513e-002  2.400e-003  8.923e-001  1.248e-002   1.078e-001  3.704e-002 
 76 1   1.698e-002  2.681e-003  8.826e-001  1.360e-002   1.174e-001  4.238e-002 
 77 1   1.912e-002  3.002e-003  8.725e-001  1.483e-002   1.276e-001  4.844e-002 
 78 1   2.157e-002  3.401e-003  8.618e-001  1.615e-002   1.383e-001  5.531e-002 
 79 1   2.439e-002  3.784e-003  8.507e-001  1.759e-002   1.494e-001  6.309e-002 
 80 1   2.764e-002  4.263e-003  8.391e-001  1.915e-002   1.610e-001  7.188e-002 
 81 1   3.137e-002  4.820e-003  8.273e-001  2.084e-002   1.728e-001  8.179e-002 
 82 1   3.565e-002  5.477e-003  8.152e-001  2.266e-002   1.849e-001  9.291e-002 
 83 1   4.055e-002  6.264e-003  8.030e-001  2.463e-002   1.971e-001  1.054e-001 
 84 1   4.613e-002  7.213e-003  7.907e-001  2.675e-002   2.094e-001  1.193e-001 
 85 1   5.246e-002  8.361e-003  7.786e-001  2.904e-002   2.216e-001  1.347e-001 
 86 1   5.961e-002  9.742e-003  7.666e-001  3.150e-002   2.335e-001  1.519e-001 
 87 1   6.763e-002  1.138e-002  7.549e-001  3.414e-002   2.452e-001  1.707e-001 
 88 1   7.657e-002  1.331e-002  7.437e-001  3.697e-002   2.565e-001  1.914e-001 
 89 1   8.648e-002  1.561e-002  7.329e-001  4.001e-002   2.673e-001  2.139e-001 
 90 1   9.738e-002  1.805e-002  7.226e-001  4.325e-002   2.776e-001  2.382e-001 
