# FRMadl.txt
#IMaCh version 0.99r45, April 2023,INED-EUROREVES-Institut de longevite-Japan Society for the Promotion of Science (Grant-in-Aid for Scientific Research 25293121), Intel Software 2015-2020, Nihon University 2021-202, INED 2000-2022
#$Revision: 1.353 $ $Date: 2023/05/08 18:48:22 $
# Tue Feb 04 22:03:38 2025
#One-step probabilities and correlation matrix
# Age p1-1  p1-2  p1-3  p2-1  p2-2  p2-3 
50  9.961e-001  2.501e-003  1.357e-003  2.318e-001  7.670e-001  1.134e-003 
50 1-1  1.000e+000
50 1-2 -8.251e-001  1.000e+000
50 1-3 -4.915e-001 -8.649e-002  1.000e+000
50 2-1 -1.880e-001  2.100e-001  7.737e-003  1.000e+000
50 2-2  1.878e-001 -2.109e-001 -6.100e-003 -9.997e-001  1.000e+000
50 2-3  6.080e-003  3.993e-002 -7.227e-002 -1.675e-002 -5.901e-003  1.000e+000
51  9.958e-001  2.747e-003  1.485e-003  2.280e-001  7.706e-001  1.307e-003 
51 1-1  1.000e+000
51 1-2 -8.272e-001  1.000e+000
51 1-3 -4.910e-001 -8.334e-002  1.000e+000
51 2-1 -1.864e-001  2.087e-001  7.022e-003  1.000e+000
51 2-2  1.862e-001 -2.097e-001 -5.097e-003 -9.996e-001  1.000e+000
51 2-3  5.891e-003  3.978e-002 -7.213e-002 -1.656e-002 -1.014e-002  1.000e+000
52  9.954e-001  3.018e-003  1.624e-003  2.243e-001  7.742e-001  1.506e-003 
52 1-1  1.000e+000
52 1-2 -8.294e-001  1.000e+000
52 1-3 -4.906e-001 -7.999e-002  1.000e+000
52 2-1 -1.847e-001  2.073e-001  6.294e-003  1.000e+000
52 2-2  1.846e-001 -2.085e-001 -4.026e-003 -9.995e-001  1.000e+000
52 2-3  5.743e-003  3.961e-002 -7.203e-002 -1.659e-002 -1.489e-002  1.000e+000
53  9.949e-001  3.314e-003  1.777e-003  2.206e-001  7.777e-001  1.734e-003 
53 1-1  1.000e+000
53 1-2 -8.316e-001  1.000e+000
53 1-3 -4.902e-001 -7.644e-002  1.000e+000
53 2-1 -1.830e-001  2.058e-001  5.559e-003  1.000e+000
53 2-2  1.828e-001 -2.073e-001 -2.885e-003 -9.993e-001  1.000e+000
53 2-3  5.641e-003  3.943e-002 -7.201e-002 -1.686e-002 -2.027e-002  1.000e+000
54  9.944e-001  3.640e-003  1.943e-003  2.169e-001  7.811e-001  1.997e-003 
54 1-1  1.000e+000
54 1-2 -8.338e-001  1.000e+000
54 1-3 -4.900e-001 -7.268e-002  1.000e+000
54 2-1 -1.813e-001  2.044e-001  4.828e-003  1.000e+000
54 2-2  1.810e-001 -2.061e-001 -1.672e-003 -9.990e-001  1.000e+000
54 2-3  5.588e-003  3.925e-002 -7.206e-002 -1.740e-002 -2.638e-002  1.000e+000
55  9.939e-001  3.997e-003  2.125e-003  2.133e-001  7.844e-001  2.300e-003 
55 1-1  1.000e+000
55 1-2 -8.360e-001  1.000e+000
55 1-3 -4.899e-001 -6.871e-002  1.000e+000
55 2-1 -1.796e-001  2.029e-001  4.115e-003  1.000e+000
55 2-2  1.792e-001 -2.048e-001 -3.860e-004 -9.987e-001  1.000e+000
55 2-3  5.591e-003  3.906e-002 -7.222e-002 -1.827e-002 -3.336e-002  1.000e+000
56  9.933e-001  4.390e-003  2.324e-003  2.097e-001  7.876e-001  2.649e-003 
56 1-1  1.000e+000
56 1-2 -8.383e-001  1.000e+000
56 1-3 -4.900e-001 -6.454e-002  1.000e+000
56 2-1 -1.779e-001  2.014e-001  3.442e-003  1.000e+000
56 2-2  1.774e-001 -2.037e-001  9.707e-004 -9.981e-001  1.000e+000
56 2-3  5.657e-003  3.887e-002 -7.250e-002 -1.948e-002 -4.136e-002  1.000e+000
57  9.926e-001  4.820e-003  2.542e-003  2.062e-001  7.908e-001  3.049e-003 
57 1-1  1.000e+000
57 1-2 -8.406e-001  1.000e+000
57 1-3 -4.902e-001 -6.017e-002  1.000e+000
57 2-1 -1.762e-001  2.000e-001  2.836e-003  1.000e+000
57 2-2  1.756e-001 -2.026e-001  2.392e-003 -9.974e-001  1.000e+000
57 2-3  5.792e-003  3.870e-002 -7.294e-002 -2.111e-002 -5.056e-002  1.000e+000
58  9.919e-001  5.293e-003  2.780e-003  2.026e-001  7.939e-001  3.510e-003 
58 1-1  1.000e+000
58 1-2 -8.428e-001  1.000e+000
58 1-3 -4.904e-001 -5.564e-002  1.000e+000
58 2-1 -1.747e-001  1.987e-001  2.335e-003  1.000e+000
58 2-2  1.739e-001 -2.016e-001  3.869e-003 -9.964e-001  1.000e+000
58 2-3  6.006e-003  3.855e-002 -7.356e-002 -2.319e-002 -6.113e-002  1.000e+000
59  9.911e-001  5.811e-003  3.039e-003  1.991e-001  7.968e-001  4.040e-003 
59 1-1  1.000e+000
59 1-2 -8.451e-001  1.000e+000
59 1-3 -4.908e-001 -5.101e-002  1.000e+000
59 2-1 -1.734e-001  1.975e-001  1.987e-003  1.000e+000
59 2-2  1.723e-001 -2.009e-001  5.383e-003 -9.951e-001  1.000e+000
59 2-3  6.307e-003  3.843e-002 -7.441e-002 -2.578e-002 -7.327e-002  1.000e+000
60  9.903e-001  6.380e-003  3.323e-003  1.957e-001  7.997e-001  4.650e-003 
60 1-1  1.000e+000
60 1-2 -8.473e-001  1.000e+000
60 1-3 -4.913e-001 -4.637e-002  1.000e+000
60 2-1 -1.724e-001  1.966e-001  1.855e-003  1.000e+000
60 2-2  1.710e-001 -2.004e-001  6.912e-003 -9.933e-001  1.000e+000
60 2-3  6.707e-003  3.837e-002 -7.553e-002 -2.892e-002 -8.717e-002  1.000e+000
61  9.894e-001  7.004e-003  3.633e-003  1.922e-001  8.024e-001  5.350e-003 
61 1-1  1.000e+000
61 1-2 -8.494e-001  1.000e+000
61 1-3 -4.918e-001 -4.184e-002  1.000e+000
61 2-1 -1.719e-001  1.960e-001  2.020e-003  1.000e+000
61 2-2  1.701e-001 -2.003e-001  8.421e-003 -9.908e-001  1.000e+000
61 2-3  7.217e-003  3.839e-002 -7.699e-002 -3.267e-002 -1.030e-001  1.000e+000
62  9.883e-001  7.688e-003  3.972e-003  1.888e-001  8.050e-001  6.155e-003 
62 1-1  1.000e+000
62 1-2 -8.513e-001  1.000e+000
62 1-3 -4.923e-001 -3.763e-002  1.000e+000
62 2-1 -1.720e-001  1.959e-001  2.576e-003  1.000e+000
62 2-2  1.696e-001 -2.007e-001  9.869e-003 -9.875e-001  1.000e+000
62 2-3  7.850e-003  3.851e-002 -7.884e-002 -3.703e-002 -1.208e-001  1.000e+000
63  9.872e-001  8.438e-003  4.341e-003  1.854e-001  8.075e-001  7.080e-003 
63 1-1  1.000e+000
63 1-2 -8.530e-001  1.000e+000
63 1-3 -4.926e-001 -3.402e-002  1.000e+000
63 2-1 -1.730e-001  1.965e-001  3.635e-003  1.000e+000
63 2-2  1.699e-001 -2.018e-001  1.121e-002 -9.833e-001  1.000e+000
63 2-3  8.618e-003  3.879e-002 -8.118e-002 -4.203e-002 -1.407e-001  1.000e+000
64  9.860e-001  9.260e-003  4.745e-003  1.821e-001  8.098e-001  8.141e-003 
64 1-1  1.000e+000
64 1-2 -8.544e-001  1.000e+000
64 1-3 -4.926e-001 -3.141e-002  1.000e+000
64 2-1 -1.752e-001  1.980e-001  5.314e-003  1.000e+000
64 2-2  1.710e-001 -2.038e-001  1.238e-002 -9.778e-001  1.000e+000
64 2-3  9.534e-003  3.926e-002 -8.409e-002 -4.763e-002 -1.626e-001  1.000e+000
65  9.847e-001  1.016e-002  5.185e-003  1.787e-001  8.119e-001  9.360e-003 
65 1-1  1.000e+000
65 1-2 -8.553e-001  1.000e+000
65 1-3 -4.920e-001 -3.031e-002  1.000e+000
65 2-1 -1.787e-001  2.006e-001  7.730e-003  1.000e+000
65 2-2  1.733e-001 -2.069e-001  1.335e-002 -9.711e-001  1.000e+000
65 2-3  1.061e-002  3.999e-002 -8.765e-002 -5.375e-002 -1.862e-001  1.000e+000
66  9.832e-001  1.115e-002  5.666e-003  1.754e-001  8.138e-001  1.076e-002 
66 1-1  1.000e+000
66 1-2 -8.555e-001  1.000e+000
66 1-3 -4.907e-001 -3.138e-002  1.000e+000
66 2-1 -1.840e-001  2.046e-001  1.097e-002  1.000e+000
66 2-2  1.770e-001 -2.114e-001  1.410e-002 -9.630e-001  1.000e+000
66 2-3  1.185e-002  4.106e-002 -9.197e-002 -6.028e-002 -2.111e-001  1.000e+000
67  9.816e-001  1.223e-002  6.190e-003  1.721e-001  8.155e-001  1.236e-002 
67 1-1  1.000e+000
67 1-2 -8.549e-001  1.000e+000
67 1-3 -4.882e-001 -3.535e-002  1.000e+000
67 2-1 -1.913e-001  2.101e-001  1.507e-002  1.000e+000
67 2-2  1.823e-001 -2.174e-001  1.466e-002 -9.535e-001  1.000e+000
67 2-3  1.325e-002  4.256e-002 -9.713e-002 -6.704e-002 -2.367e-001  1.000e+000
68  9.798e-001  1.341e-002  6.762e-003  1.688e-001  8.170e-001  1.420e-002 
68 1-1  1.000e+000
68 1-2 -8.533e-001  1.000e+000
68 1-3 -4.842e-001 -4.299e-002  1.000e+000
68 2-1 -2.007e-001  2.172e-001  2.000e-002  1.000e+000
68 2-2  1.892e-001 -2.251e-001  1.511e-002 -9.429e-001  1.000e+000
68 2-3  1.480e-002  4.460e-002 -1.032e-001 -7.385e-002 -2.624e-001  1.000e+000
69  9.779e-001  1.471e-002  7.385e-003  1.655e-001  8.182e-001  1.631e-002 
69 1-1  1.000e+000
69 1-2 -8.505e-001  1.000e+000
69 1-3 -4.785e-001 -5.490e-002  1.000e+000
69 2-1 -2.121e-001  2.259e-001  2.560e-002  1.000e+000
69 2-2  1.978e-001 -2.343e-001  1.562e-002 -9.315e-001  1.000e+000
69 2-3  1.648e-002  4.729e-002 -1.102e-001 -8.047e-002 -2.875e-001  1.000e+000
70  9.758e-001  1.613e-002  8.064e-003  1.622e-001  8.190e-001  1.872e-002 
70 1-1  1.000e+000
70 1-2 -8.464e-001  1.000e+000
70 1-3 -4.708e-001 -7.136e-002  1.000e+000
70 2-1 -2.255e-001  2.358e-001  3.165e-002  1.000e+000
70 2-2  2.079e-001 -2.449e-001  1.642e-002 -9.197e-001  1.000e+000
70 2-3  1.824e-002  5.077e-002 -1.183e-001 -8.670e-002 -3.114e-001  1.000e+000
71  9.735e-001  1.768e-002  8.804e-003  1.590e-001  8.196e-001  2.148e-002 
71 1-1  1.000e+000
71 1-2 -8.411e-001  1.000e+000
71 1-3 -4.612e-001 -9.210e-002  1.000e+000
71 2-1 -2.402e-001  2.465e-001  3.782e-002  1.000e+000
71 2-2  2.190e-001 -2.566e-001  1.780e-002 -9.078e-001  1.000e+000
71 2-3  2.000e-002  5.516e-002 -1.273e-001 -9.238e-002 -3.337e-001  1.000e+000
72  9.710e-001  1.938e-002  9.610e-003  1.557e-001  8.197e-001  2.464e-002 
72 1-1  1.000e+000
72 1-2 -8.347e-001  1.000e+000
72 1-3 -4.500e-001 -1.162e-001  1.000e+000
72 2-1 -2.556e-001  2.573e-001  4.378e-002  1.000e+000
72 2-2  2.305e-001 -2.688e-001  2.005e-002 -8.963e-001  1.000e+000
72 2-3  2.169e-002  6.059e-002 -1.374e-001 -9.737e-002 -3.540e-001  1.000e+000
73  9.683e-001  2.123e-002  1.049e-002  1.523e-001  8.194e-001  2.824e-002 
73 1-1  1.000e+000
73 1-2 -8.277e-001  1.000e+000
73 1-3 -4.377e-001 -1.423e-001  1.000e+000
73 2-1 -2.709e-001  2.674e-001  4.927e-002  1.000e+000
73 2-2  2.418e-001 -2.809e-001  2.344e-002 -8.854e-001  1.000e+000
73 2-3  2.319e-002  6.719e-002 -1.486e-001 -1.016e-001 -3.724e-001  1.000e+000
74  9.653e-001  2.326e-002  1.144e-002  1.490e-001  8.186e-001  3.236e-002 
74 1-1  1.000e+000
74 1-2 -8.206e-001  1.000e+000
74 1-3 -4.248e-001 -1.688e-001  1.000e+000
74 2-1 -2.851e-001  2.763e-001  5.409e-002  1.000e+000
74 2-2  2.523e-001 -2.924e-001  2.817e-002 -8.753e-001  1.000e+000
74 2-3  2.440e-002  7.507e-002 -1.610e-001 -1.050e-001 -3.890e-001  1.000e+000
75  9.621e-001  2.547e-002  1.248e-002  1.457e-001  8.173e-001  3.704e-002 
75 1-1  1.000e+000
75 1-2 -8.138e-001  1.000e+000
75 1-3 -4.121e-001 -1.941e-001  1.000e+000
75 2-1 -2.977e-001  2.834e-001  5.818e-002  1.000e+000
75 2-2  2.612e-001 -3.032e-001  3.442e-002 -8.659e-001  1.000e+000
75 2-3  2.522e-002  8.432e-002 -1.748e-001 -1.077e-001 -4.041e-001  1.000e+000
76  9.585e-001  2.788e-002  1.360e-002  1.423e-001  8.153e-001  4.238e-002 
76 1-1  1.000e+000
76 1-2 -8.077e-001  1.000e+000
76 1-3 -4.000e-001 -2.173e-001  1.000e+000
76 2-1 -3.082e-001  2.887e-001  6.155e-002  1.000e+000
76 2-2  2.684e-001 -3.130e-001  4.229e-002 -8.570e-001  1.000e+000
76 2-3  2.556e-002  9.502e-002 -1.900e-001 -1.096e-001 -4.183e-001  1.000e+000
77  9.547e-001  3.052e-002  1.483e-002  1.389e-001  8.127e-001  4.844e-002 
77 1-1  1.000e+000
77 1-2 -8.027e-001  1.000e+000
77 1-3 -3.887e-001 -2.376e-001  1.000e+000
77 2-1 -3.164e-001  2.920e-001  6.431e-002  1.000e+000
77 2-2  2.736e-001 -3.220e-001  5.187e-002 -8.483e-001  1.000e+000
77 2-3  2.535e-002  1.072e-001 -2.069e-001 -1.108e-001 -4.322e-001  1.000e+000
78  9.505e-001  3.338e-002  1.615e-002  1.354e-001  8.093e-001  5.531e-002 
78 1-1  1.000e+000
78 1-2 -7.986e-001  1.000e+000
78 1-3 -3.783e-001 -2.550e-001  1.000e+000
78 2-1 -3.224e-001  2.935e-001  6.658e-002  1.000e+000
78 2-2  2.768e-001 -3.303e-001  6.321e-002 -8.393e-001  1.000e+000
78 2-3  2.450e-002  1.207e-001 -2.251e-001 -1.115e-001 -4.468e-001  1.000e+000
79  9.459e-001  3.651e-002  1.759e-002  1.319e-001  8.050e-001  6.309e-002 
79 1-1  1.000e+000
79 1-2 -7.955e-001  1.000e+000
79 1-3 -3.689e-001 -2.697e-001  1.000e+000
79 2-1 -3.264e-001  2.935e-001  6.853e-002  1.000e+000
79 2-2  2.782e-001 -3.380e-001  7.633e-002 -8.289e-001  1.000e+000
79 2-3  2.296e-002  1.354e-001 -2.442e-001 -1.117e-001 -4.633e-001  1.000e+000
80  9.409e-001  3.990e-002  1.915e-002  1.283e-001  7.998e-001  7.188e-002 
80 1-1  1.000e+000
80 1-2 -7.933e-001  1.000e+000
80 1-3 -3.603e-001 -2.822e-001  1.000e+000
80 2-1 -3.287e-001  2.922e-001  7.027e-002  1.000e+000
80 2-2  2.776e-001 -3.450e-001  9.118e-002 -8.162e-001  1.000e+000
80 2-3  2.069e-002  1.506e-001 -2.633e-001 -1.117e-001 -4.831e-001  1.000e+000
81  9.356e-001  4.360e-002  2.084e-002  1.246e-001  7.936e-001  8.179e-002 
81 1-1  1.000e+000
81 1-2 -7.917e-001  1.000e+000
81 1-3 -3.524e-001 -2.928e-001  1.000e+000
81 2-1 -3.297e-001  2.899e-001  7.193e-002  1.000e+000
81 2-2  2.751e-001 -3.513e-001  1.076e-001 -7.992e-001  1.000e+000
81 2-3  1.767e-002  1.654e-001 -2.810e-001 -1.119e-001 -5.078e-001  1.000e+000
82  9.297e-001  4.760e-002  2.266e-002  1.209e-001  7.862e-001  9.291e-002 
82 1-1  1.000e+000
82 1-2 -7.906e-001  1.000e+000
82 1-3 -3.450e-001 -3.020e-001  1.000e+000
82 2-1 -3.295e-001  2.867e-001  7.361e-002  1.000e+000
82 2-2  2.705e-001 -3.565e-001  1.253e-001 -7.762e-001  1.000e+000
82 2-3  1.397e-002  1.787e-001 -2.958e-001 -1.128e-001 -5.390e-001  1.000e+000
83  9.234e-001  5.195e-002  2.463e-002  1.170e-001  7.776e-001  1.054e-001 
83 1-1  1.000e+000
83 1-2 -7.899e-001  1.000e+000
83 1-3 -3.380e-001 -3.103e-001  1.000e+000
83 2-1 -3.285e-001  2.827e-001  7.538e-002  1.000e+000
83 2-2  2.635e-001 -3.597e-001  1.436e-001 -7.447e-001  1.000e+000
83 2-3  9.777e-003  1.895e-001 -3.060e-001 -1.151e-001 -5.773e-001  1.000e+000
84  9.166e-001  5.666e-002  2.675e-002  1.131e-001  7.676e-001  1.193e-001 
84 1-1  1.000e+000
84 1-2 -7.893e-001  1.000e+000
84 1-3 -3.312e-001 -3.179e-001  1.000e+000
84 2-1 -3.269e-001  2.781e-001  7.733e-002  1.000e+000
84 2-2  2.538e-001 -3.604e-001  1.618e-001 -7.026e-001  1.000e+000
84 2-3  5.333e-003  1.969e-001 -3.109e-001 -1.196e-001 -6.224e-001  1.000e+000
85  9.092e-001  6.176e-002  2.904e-002  1.091e-001  7.562e-001  1.347e-001 
85 1-1  1.000e+000
85 1-2 -7.889e-001  1.000e+000
85 1-3 -3.245e-001 -3.253e-001  1.000e+000
85 2-1 -3.246e-001  2.729e-001  7.948e-002  1.000e+000
85 2-2  2.415e-001 -3.577e-001  1.789e-001 -6.487e-001  1.000e+000
85 2-3  9.161e-004  2.008e-001 -3.104e-001 -1.270e-001 -6.725e-001  1.000e+000
86  9.012e-001  6.727e-002  3.150e-002  1.050e-001  7.432e-001  1.519e-001 
86 1-1  1.000e+000
86 1-2 -7.884e-001  1.000e+000
86 1-3 -3.178e-001 -3.326e-001  1.000e+000
86 2-1 -3.219e-001  2.670e-001  8.187e-002  1.000e+000
86 2-2  2.267e-001 -3.511e-001  1.937e-001 -5.827e-001  1.000e+000
86 2-3 -3.240e-003  2.014e-001 -3.055e-001 -1.381e-001 -7.245e-001  1.000e+000
87  8.927e-001  7.321e-002  3.414e-002  1.008e-001  7.285e-001  1.707e-001 
87 1-1  1.000e+000
87 1-2 -7.879e-001  1.000e+000
87 1-3 -3.111e-001 -3.401e-001  1.000e+000
87 2-1 -3.187e-001  2.606e-001  8.452e-002  1.000e+000
87 2-2  2.099e-001 -3.409e-001  2.056e-001 -5.060e-001  1.000e+000
87 2-3 -6.988e-003  1.997e-001 -2.975e-001 -1.531e-001 -7.749e-001  1.000e+000
88  8.834e-001  7.961e-002  3.697e-002  9.645e-002  7.122e-001  1.914e-001 
88 1-1  1.000e+000
88 1-2 -7.873e-001  1.000e+000
88 1-3 -3.041e-001 -3.478e-001  1.000e+000
88 2-1 -3.150e-001  2.535e-001  8.742e-002  1.000e+000
88 2-2  1.922e-001 -3.277e-001  2.141e-001 -4.215e-001  1.000e+000
88 2-3 -1.027e-002  1.963e-001 -2.876e-001 -1.723e-001 -8.207e-001  1.000e+000
89  8.735e-001  8.650e-002  4.001e-002  9.204e-002  6.941e-001  2.139e-001 
89 1-1  1.000e+000
89 1-2 -7.866e-001  1.000e+000
89 1-3 -2.970e-001 -3.560e-001  1.000e+000
89 2-1 -3.109e-001  2.457e-001  9.055e-002  1.000e+000
89 2-2  1.744e-001 -3.124e-001  2.193e-001 -3.322e-001  1.000e+000
89 2-3 -1.309e-002  1.919e-001 -2.770e-001 -1.956e-001 -8.600e-001  1.000e+000
90  8.629e-001  9.388e-002  4.325e-002  8.754e-002  6.742e-001  2.382e-001 
90 1-1  1.000e+000
90 1-2 -7.856e-001  1.000e+000
90 1-3 -2.895e-001 -3.648e-001  1.000e+000
90 2-1 -3.062e-001  2.371e-001  9.387e-002  1.000e+000
90 2-2  1.573e-001 -2.962e-001  2.216e-001 -2.415e-001  1.000e+000
90 2-3 -1.550e-002  1.872e-001 -2.663e-001 -2.229e-001 -8.922e-001  1.000e+000