
# model  
#****** Result for:******
# FRMadl.txt
#IMaCh version 0.99r45, April 2023,INED-EUROREVES-Institut de longevite-Japan Society for the Promotion of Science (Grant-in-Aid for Scientific Research 25293121), Intel Software 2015-2020, Nihon University 2021-202, INED 2000-2022
#$Revision: 1.353 $ $Date: 2023/05/08 18:48:22 $
# Tue Feb 04 22:03:38 2025
# Total life expectancy with std error and decomposition into time to be expected in each health state
#  (weighted average of eij where weights are the age specific forward period (stable) prevalences in each health state 
# Age popbased mobilav e.. (std) e.1 (std) e.2 (std) 
   50 0 0  31.497 (  1.149)  29.030 (  1.064)   2.466 (  0.359)
   51 0 0  30.583 (  1.130)  28.119 (  1.046)   2.464 (  0.359)
   52 0 0  29.674 (  1.112)  27.213 (  1.028)   2.461 (  0.359)
   53 0 0  28.772 (  1.094)  26.313 (  1.011)   2.458 (  0.359)
   54 0 0  27.875 (  1.077)  25.420 (  0.994)   2.455 (  0.359)
   55 0 0  26.984 (  1.060)  24.533 (  0.978)   2.450 (  0.359)
   56 0 0  26.100 (  1.044)  23.654 (  0.963)   2.446 (  0.359)
   57 0 0  25.222 (  1.029)  22.782 (  0.948)   2.440 (  0.359)
   58 0 0  24.352 (  1.015)  21.918 (  0.934)   2.434 (  0.359)
   59 0 0  23.489 (  1.001)  21.062 (  0.921)   2.426 (  0.359)
   60 0 0  22.633 (  0.989)  20.216 (  0.909)   2.418 (  0.359)
   61 0 0  21.786 (  0.977)  19.378 (  0.898)   2.408 (  0.359)
   62 0 0  20.947 (  0.965)  18.550 (  0.887)   2.397 (  0.359)
   63 0 0  20.118 (  0.955)  17.733 (  0.878)   2.385 (  0.359)
   64 0 0  19.297 (  0.944)  16.926 (  0.868)   2.371 (  0.360)
   65 0 0  18.486 (  0.934)  16.131 (  0.860)   2.355 (  0.360)
   66 0 0  17.685 (  0.925)  15.348 (  0.851)   2.337 (  0.360)
   67 0 0  16.895 (  0.915)  14.578 (  0.843)   2.317 (  0.360)
   68 0 0  16.115 (  0.905)  13.821 (  0.836)   2.294 (  0.360)
   69 0 0  15.348 (  0.895)  13.079 (  0.828)   2.269 (  0.359)
   70 0 0  14.593 (  0.883)  12.352 (  0.820)   2.241 (  0.359)
   71 0 0  13.850 (  0.872)  11.640 (  0.812)   2.210 (  0.358)
   72 0 0  13.122 (  0.860)  10.946 (  0.804)   2.176 (  0.357)
   73 0 0  12.408 (  0.847)  10.270 (  0.796)   2.138 (  0.355)
   74 0 0  11.709 (  0.834)   9.613 (  0.787)   2.096 (  0.353)
   75 0 0  11.027 (  0.819)   8.976 (  0.778)   2.051 (  0.351)
   76 0 0  10.363 (  0.804)   8.361 (  0.768)   2.002 (  0.347)
   77 0 0   9.717 (  0.789)   7.767 (  0.759)   1.950 (  0.344)
   78 0 0   9.091 (  0.778)   7.198 (  0.753)   1.893 (  0.337)
   79 0 0   8.486 (  0.757)   6.653 (  0.737)   1.833 (  0.336)
   80 0 0   7.904 (  0.741)   6.133 (  0.726)   1.770 (  0.331)
   81 0 0   7.345 (  0.725)   5.641 (  0.714)   1.704 (  0.326)
   82 0 0   6.810 (  0.709)   5.175 (  0.702)   1.635 (  0.321)
   83 0 0   6.302 (  0.693)   4.737 (  0.688)   1.564 (  0.316)
   84 0 0   5.820 (  0.676)   4.328 (  0.674)   1.492 (  0.311)
   85 0 0   5.365 (  0.659)   3.947 (  0.659)   1.419 (  0.306)
   86 0 0   4.938 (  0.642)   3.593 (  0.644)   1.345 (  0.301)
   87 0 0   4.539 (  0.624)   3.268 (  0.627)   1.272 (  0.296)
   88 0 0   4.168 (  0.605)   2.969 (  0.611)   1.200 (  0.291)
   89 0 0   3.825 (  0.586)   2.695 (  0.594)   1.129 (  0.285)
   90 0 0   3.508 (  0.565)   2.446 (  0.577)   1.062 (  0.279)
