
#****** ******
# FRMadl.txt
#IMaCh version 0.99r45, April 2023,INED-EUROREVES-Institut de longevite-Japan Society for the Promotion of Science (Grant-in-Aid for Scientific Research 25293121), Intel Software 2015-2020, Nihon University 2021-202, INED 2000-2022
#$Revision: 1.353 $ $Date: 2023/05/08 18:48:22 $
# Tue Feb 04 22:03:38 2025
# Variance and covariance of health expectancies e.j 
#  (weighted average of eij where weights are the age specific period (stable) prevalences in each health state 
# Age Cov(e.1, e.1) Cov(e.1, e.2) Cov(e.2, e.1) Cov(e.2, e.2)
50  1.1327 0.0290 0.0290 0.1290
51  1.0943 0.0269 0.0269 0.1289
52  1.0574 0.0248 0.0248 0.1288
53  1.0221 0.0228 0.0228 0.1287
54  0.9885 0.0209 0.0209 0.1287
55  0.9568 0.0191 0.0191 0.1286
56  0.9270 0.0173 0.0173 0.1286
57  0.8991 0.0156 0.0156 0.1286
58  0.8732 0.0139 0.0139 0.1287
59  0.8491 0.0123 0.0123 0.1287
60  0.8269 0.0107 0.0107 0.1288
61  0.8064 0.0091 0.0091 0.1289
62  0.7876 0.0075 0.0075 0.1291
63  0.7702 0.0059 0.0059 0.1292
64  0.7541 0.0042 0.0042 0.1293
65  0.7391 0.0023 0.0023 0.1294
66  0.7249 0.0002 0.0002 0.1295
67  0.7114 -0.0020 -0.0020 0.1295
68  0.6983 -0.0045 -0.0045 0.1294
69  0.6855 -0.0072 -0.0072 0.1292
70  0.6721 -0.0106 -0.0106 0.1285
71  0.6598 -0.0135 -0.0135 0.1281
72  0.6466 -0.0170 -0.0170 0.1272
73  0.6332 -0.0207 -0.0207 0.1261
74  0.6194 -0.0246 -0.0246 0.1246
75  0.6052 -0.0284 -0.0284 0.1229
76  0.5905 -0.0322 -0.0322 0.1207
77  0.5754 -0.0357 -0.0357 0.1183
78  0.5664 -0.0375 -0.0375 0.1139
79  0.5439 -0.0416 -0.0416 0.1127
80  0.5273 -0.0438 -0.0438 0.1096
81  0.5101 -0.0454 -0.0454 0.1064
82  0.4923 -0.0464 -0.0464 0.1031
83  0.4737 -0.0469 -0.0469 0.0999
84  0.4545 -0.0469 -0.0469 0.0967
85  0.4347 -0.0467 -0.0467 0.0936
86  0.4143 -0.0463 -0.0463 0.0905
87  0.3937 -0.0459 -0.0459 0.0875
88  0.3730 -0.0456 -0.0456 0.0844
89  0.3526 -0.0454 -0.0454 0.0811
90  0.3325 -0.0455 -0.0455 0.0779
