# Powell
# iter -2*LL p12 p13 p21 p23
1 1 16101.021179179636 0 0.000000000000 0.000000000000 0.000000000000 0.000000000000 0.000000000000 0.000000000000 0.000000000000 0.000000000000
2 2 4222.682413786415 1 6.010922547340 -0.003471912812 -0.814290556714 0.003320952907 2.959680213531 -0.001139205455 -0.973750019987 0.002468829681
3 2 4022.437603022359 2 3.875953518297 -0.005974009625 -1.850606276213 0.008093718807 2.794904995000 -0.002306950136 -1.209264199018 -0.011206060832
4 3 3076.825564512471 3 -0.423049712444 -0.021035600843 -5.774408188811 0.028038781992 1.983870769531 0.045327605995 0.502191493170 -0.036802177792
5 3 2983.231206193968 4 -0.206120686104 -0.021160103251 -6.002638485743 0.021616688836 1.945338137360 0.050130877063 0.490137071498 -0.025933252191
6 4 2977.139055145150 5 -0.368906228626 -0.019349316339 -6.122466276885 0.025030833177 1.847073780719 0.054111990794 -0.044010260381 -0.001439244361
7 4 2966.103832241244 6 -0.666940236484 -0.015524652474 -6.462844648879 0.029917784194 1.634192672831 0.068814485453 -1.263428803636 0.039952935558
8 5 2930.932794289602 8 -1.520171370567 -0.003934231749 -7.579276781674 0.043560746712 0.991599384677 0.130602699239 -5.061673899566 0.165427268431
9 5 2890.688431621672 9 -1.832513164170 0.002160310126 -8.220693096611 0.046304294054 0.683715625631 0.164014809937 -7.187687797049 0.228204240993
10 6 2873.371931003785 10 -2.041518143906 0.007228921594 -8.699290180486 0.042542616030 0.480342013205 0.186964404782 -8.734095298302 0.272350352499
11 6 2864.915628670903 11 -2.252066275405 0.009871444780 -8.983869911259 0.042265697535 0.389385758513 0.200446229384 -9.499082381819 0.292647349450
12 7 2837.593309422057 13 -3.025211320606 0.020908157381 -10.059764639616 0.071888780451 -0.078216651413 0.254447898563 -12.490608627166 0.372265815403
13 7 2833.389444298005 15 -3.241591597582 0.023834016039 -10.407356933034 0.077003454426 -0.202069933711 0.270664632004 -13.333836056305 0.394943825214
14 8 2829.381879141147 17 -3.717309946853 0.031779620696 -11.309133910293 0.089476088816 -0.541593110759 0.311972544132 -15.610775819102 0.456459995018
15 8 2829.065798754391 19 -3.813860326823 0.032673296046 -11.428520804290 0.091080901342 -0.581459760267 0.317331952543 -15.889061898437 0.464058982245
16 9 2829.025300895960 22 -3.841801023559 0.032998266842 -11.489526770815 0.092306068519 -0.598162047738 0.319937745312 -16.017409741771 0.467636755914
17 9 2828.985616358380 25 -3.829808501474 0.032726906588 -11.515717927577 0.092873555959 -0.592919712245 0.320550576301 -16.023314622828 0.468201784436
18 10 2828.899328295926 27 -3.806408285214 0.032290444025 -11.612703210596 0.094526400398 -0.598653301293 0.323644150862 -16.112437252679 0.471852852415
19 10 2828.700351488080 -31 -3.726441182453 0.031046737516 -11.811050821486 0.097580130658 -0.601431352500 0.329319233100 -16.211413455080 0.478049347887
20 11 2828.260854071799 -29 -3.503303697308 0.027882038622 -12.142766507577 0.101968841173 -0.588697811550 0.337481339438 -16.201054820985 0.485796702307
21 11 2828.093044945317 -27 -3.428382590511 0.026907032427 -12.127894655806 0.101139354949 -0.570997974918 0.335865798249 -16.018327139978 0.482757586438
22 12 2828.057922458444 -25 -3.387141728251 0.026239943781 -12.131057499465 0.100818994073 -0.558377089654 0.335548454841 -15.807382372182 0.480388869185
23 12 2827.990053701088 -23 -3.362786645500 0.025851760221 -12.192824932909 0.101454065605 -0.554839087185 0.337915562591 -15.579194040804 0.479794449940
24 13 2827.689283163094 -20 -3.339999177077 0.025521854947 -12.662756922793 0.107172847939 -0.591165162992 0.359311228122 -14.451438510299 0.485822166555
25 13 2821.550238505308 -18 -3.072048430353 0.021513195038 -15.787990245932 0.144933385171 -0.776654873738 0.500570733619 -6.119226227410 0.516436899301
26 14 2819.039990822994 -17 -3.037438372379 0.021300759916 -15.923437198809 0.148611774730 -0.774169014856 0.503831521155 -6.364288931497 0.523899219444
27 14 2818.786208205009 -15 -3.144076962543 0.022732936161 -16.001007750169 0.149714542701 -0.811719654663 0.508086242526 -6.369209533013 0.528012915588
28 15 2818.455133967182 -13 -3.415643120338 0.026636794366 -16.400477422620 0.154937105390 -0.940483888143 0.528016368423 -6.276797754434 0.545021247641
29 15 2818.404737910279 -11 -3.413304284861 0.026591528260 -16.446667890557 0.155442477273 -0.948090407276 0.529708786080 -6.299476468187 0.546631683064
30 16 2818.258187763836 -9 -3.389822051321 0.026438271886 -16.889880380154 0.160490504299 -1.012896249109 0.546216361076 -6.066701695497 0.559529478966
31 16 2818.175568223331 -8 -3.399637059323 0.026590726927 -16.987642043910 0.161556145212 -1.036752351858 0.548742872139 -6.213226875877 0.564120666639
32 17 2818.007919266662 -6 -3.392390717987 0.026412646916 -17.385382156222 0.165694236470 -1.121200986484 0.557932485538 -6.780299738942 0.581459520671
33 17 2818.004987993425 -4 -3.385360103209 0.026280518989 -17.390844454280 0.165705264244 -1.120071841258 0.558016544551 -6.770710416161 0.581352743649
34 18 2818.004550887931 -2 -3.382437146749 0.026249166917 -17.417421017588 0.166001480005 -1.123733172898 0.558953036576 -6.761798106461 0.582142707744
35 18 2818.004493948719 0 -3.384810778721 0.026288547684 -17.422365870753 0.166064866530 -1.125203356240 0.559181893203 -6.762814857653 0.582366334314
36 19 2818.004489492875 3 -3.385270914058 0.026296167968 -17.421181706817 0.166052807571 -1.125154540267 0.559146637101 -6.764033612858 0.582346446773
37 19 2818.004489183324 6 -3.385251108437 0.026295854616 -17.420423933117 0.166044141376 -1.125031083252 0.559118104723 -6.764376408797 0.582323555047
38 20 2818.004489164196 9 -3.385213092989 0.026295225886 -17.420256490284 0.166042114014 -1.124994237546 0.559111192690 -6.764412810462 0.582317455444
39 20 2818.004489162098 12 -3.385199212782 0.026295010901 -17.420259486845 0.166042109531 -1.124990977969 0.559111042005 -6.764395767648 0.582317170436
40 21 2818.004489161594 16 -3.385201865519 0.026295042770 -17.420276389993 0.166042319980 -1.124993930232 0.559111755508 -6.764378980107 0.582317651613
41 21 2818.004489161462 21 -3.385199864661 0.026295013863 -17.420267726007 0.166042212164 -1.124992251899 0.559111341499 -6.764386384125 0.582317389375
42 22 2818.004489161455 26 -3.385200012034 0.026295014824 -17.420264942413 0.166042180459 -1.124991844872 0.559111237821 -6.764387846306 0.582317308371
43 22 2818.004489161454 -30 -3.385200012034 0.026295014824 -17.420264942413 0.166042180459 -1.124991844872 0.559111237821 -6.764387846306 0.582317308371
44 23 2818.004489161452 -25 -3.385200114026 0.026295016049 -17.420265586918 0.166042188505 -1.124991957718 0.559111265028 -6.764387214903 0.582317326802
45 23 2818.004489161451 -20 -3.385200114026 0.026295016049 -17.420265586919 0.166042188505 -1.124991957718 0.559111265028 -6.764387214902 0.582317326802
