# Powell
# iter -2*LL p12 p13 p21 p23
1 1 1829.864185216604 1 -4.259050100000 0.031097200000 -8.526238800000 0.044849200000 -0.732454200000 -0.016480200000 -10.168945600000 0.105267500000
2 2 1708.126096827543 2 -4.757877289350 0.031101555502 -10.051533883820 0.045378427415 -1.317865851357 -0.016282711032 -10.978008156883 0.105159994998
3 2 1702.579923704951 3 -4.913017287247 0.031085793522 -9.531811631445 0.045299887756 -1.454405583064 -0.016288864691 -10.995982477947 0.105085652786
4 3 1702.435369325310 4 -4.944078972011 0.031068889462 -9.521812129434 0.045212400626 -1.465376854325 -0.016300176382 -10.991409703794 0.105013519257
5 3 1702.426530045575 5 -4.947935485977 0.031005705942 -9.502059300762 0.044888908130 -1.465298491013 -0.016343357453 -10.970135054352 0.104746288239
6 4 1702.410420176257 6 -4.942775376775 0.030871094024 -9.458946399337 0.044205709406 -1.460435436371 -0.016435959697 -10.924290513475 0.104295261572
7 4 1702.378234258806 7 -4.931629243311 0.030698124417 -9.344665465956 0.042211747489 -1.441151466015 -0.016704622740 -10.812307486679 0.103068337688
8 5 1702.314426771509 7 -4.904058087657 0.030442952576 -9.118780613569 0.038383934579 -1.400381058216 -0.017220693566 -10.628502509368 0.100781153365
9 5 1702.285362193005 8 -4.896750308596 0.030388574907 -9.038402891080 0.037442184095 -1.391884799010 -0.017352098460 -10.598404593109 0.100174052412
10 6 1702.283142704426 9 -4.896089234529 0.030356870028 -9.006646698863 0.037185818184 -1.390953478797 -0.017394735088 -10.582326744273 0.099939064812
11 6 1702.282665044489 10 -4.895696692051 0.030331323203 -9.001377937391 0.037176238692 -1.390583010805 -0.017414409270 -10.571602656507 0.099788620767
12 7 1702.282098099970 11 -4.894952169970 0.030307298022 -9.015028726142 0.037250071647 -1.391062899035 -0.017418147539 -10.562688120221 0.099670407359
13 7 1702.280264397739 12 -4.890208491815 0.030218706957 -9.075850880905 0.037971796663 -1.393562242581 -0.017392331830 -10.532687168528 0.099294266852
14 8 1702.276493036367 12 -4.884151980271 0.030122554902 -9.235793777418 0.040149138588 -1.403964041935 -0.017237775687 -10.504973890471 0.098959274476
15 8 1702.271195063116 13 -4.878763656150 0.030062660331 -9.493494463828 0.043970607131 -1.424400585280 -0.016919106905 -10.504409888887 0.098966002293
16 9 1702.269938500373 14 -4.880104787338 0.030105102403 -9.497742397497 0.044153194312 -1.425196170704 -0.016901741853 -10.514814880482 0.099089682140
17 9 1702.269504652170 15 -4.879393518095 0.030105594813 -9.502410874759 0.044360368443 -1.423771254546 -0.016923379360 -10.507251903471 0.098984435740
18 10 1702.269424383699 16 -4.879480448969 0.030108399377 -9.505081519623 0.044405277030 -1.423340053215 -0.016927413369 -10.509321337035 0.099012637865
19 10 1702.268847662139 17 -4.878909558121 0.030081697062 -9.506595737880 0.044531195359 -1.413003736620 -0.017079940674 -10.520396570020 0.099150298388
20 11 1702.268468828764 17 -4.876933492724 0.030058654143 -9.529526575391 0.044845945780 -1.409230233168 -0.017128973887 -10.519025996382 0.099133242659
21 11 1702.267974598362 18 -4.870534596354 0.029971245445 -9.589362072519 0.045626828533 -1.398437168225 -0.017294013556 -10.510805063198 0.099028752933
22 12 1702.267973805900 19 -4.870550097258 0.029972149453 -9.587813972245 0.045603050987 -1.398360452969 -0.017294458587 -10.510741928684 0.099028372618
23 12 1702.267962228804 20 -4.869759050561 0.029957436350 -9.592522493067 0.045675903826 -1.398855236758 -0.017289486082 -10.508943714308 0.099005127942
24 13 1702.267935945996 21 -4.868201077872 0.029932813052 -9.596786821706 0.045741094923 -1.399046125840 -0.017288006682 -10.507970963568 0.098992524414
25 13 1702.267917250487 22 -4.867862011577 0.029926811468 -9.587975526160 0.045617555230 -1.398289102419 -0.017298416275 -10.508683357433 0.099001551986
26 14 1702.267858246787 23 -4.864849956288 0.029882736805 -9.574587318065 0.045446363689 -1.395744533432 -0.017334813763 -10.514428315638 0.099073583847
27 14 1702.267838066055 24 -4.864538237836 0.029880248121 -9.575880072043 0.045458036654 -1.396114497785 -0.017328368372 -10.514571473012 0.099075710316
28 15 1702.267806421190 -35 -4.862947148001 0.029860361984 -9.575841851013 0.045446041302 -1.398796925882 -0.017287356699 -10.514533474261 0.099076043372
29 15 1702.267806180032 -35 -4.862973495105 0.029860633672 -9.575000572341 0.045433130009 -1.398838565485 -0.017286953039 -10.514319157075 0.099073301988
30 16 1702.267806049064 -33 -4.862961648704 0.029860426983 -9.573169662902 0.045406601992 -1.398809680380 -0.017287444217 -10.514394353879 0.099074242617
31 16 1702.267806048681 -32 -4.862971044590 0.029860564458 -9.573159202207 0.045406405969 -1.398817251738 -0.017287334545 -10.514386151595 0.099074138472
32 17 1702.267806048676 -31 -4.862971220661 0.029860567192 -9.573159467061 0.045406403389 -1.398817164119 -0.017287336344 -10.514385182911 0.099074126270
33 17 1702.267806048676 -29 -4.862971225951 0.029860567264 -9.573159417594 0.045406402744 -1.398817173041 -0.017287336208 -10.514385188479 0.099074126356
34 18 1702.267806048675 -28 -4.862971202041 0.029860566937 -9.573159641283 0.045406405664 -1.398817132624 -0.017287336826 -10.514385157738 0.099074125966
