# FRMsr.txt
#IMaCh version 0.99r45, April 2023,INED-EUROREVES-Institut de longevite-Japan Society for the Promotion of Science (Grant-in-Aid for Scientific Research 25293121), Intel Software 2015-2020, Nihon University 2021-202, INED 2000-2022
#$Revision: 1.353 $ $Date: 2023/05/08 18:48:22 $
# Tue Feb 04 22:13:35 2025
#One-step probabilities and stand. devi in ()
# Age p1-1 (SE) p1-2 (SE) p1-3 (SE) p2-1 (SE) p2-2 (SE) p2-3 (SE)
50  9.661e-001 ( 6.067e-003)  3.323e-002 ( 6.104e-003)  6.508e-004 ( 9.912e-004)  9.389e-002 ( 1.870e-002)  9.026e-001 ( 1.875e-002)  3.472e-003 ( 1.632e-003) 
51  9.651e-001 ( 5.956e-003)  3.420e-002 ( 5.992e-003)  6.803e-004 ( 9.898e-004)  9.240e-002 ( 1.764e-002)  9.038e-001 ( 1.771e-002)  3.838e-003 ( 1.747e-003) 
52  9.641e-001 ( 5.839e-003)  3.520e-002 ( 5.873e-003)  7.112e-004 ( 9.867e-004)  9.092e-002 ( 1.663e-002)  9.048e-001 ( 1.671e-002)  4.243e-003 ( 1.868e-003) 
53  9.630e-001 ( 5.715e-003)  3.622e-002 ( 5.747e-003)  7.434e-004 ( 9.819e-004)  8.946e-002 ( 1.565e-002)  9.058e-001 ( 1.575e-002)  4.690e-003 ( 1.996e-003) 
54  9.619e-001 ( 5.585e-003)  3.728e-002 ( 5.615e-003)  7.770e-004 ( 9.752e-004)  8.802e-002 ( 1.472e-002)  9.068e-001 ( 1.485e-002)  5.184e-003 ( 2.129e-003) 
55  9.608e-001 ( 5.450e-003)  3.837e-002 ( 5.478e-003)  8.122e-004 ( 9.669e-004)  8.660e-002 ( 1.383e-002)  9.077e-001 ( 1.399e-002)  5.729e-003 ( 2.269e-003) 
56  9.597e-001 ( 5.312e-003)  3.948e-002 ( 5.337e-003)  8.489e-004 ( 9.568e-004)  8.519e-002 ( 1.299e-002)  9.085e-001 ( 1.318e-002)  6.332e-003 ( 2.415e-003) 
57  9.585e-001 ( 5.172e-003)  4.063e-002 ( 5.195e-003)  8.872e-004 ( 9.452e-004)  8.380e-002 ( 1.220e-002)  9.092e-001 ( 1.243e-002)  6.997e-003 ( 2.567e-003) 
58  9.573e-001 ( 5.033e-003)  4.181e-002 ( 5.053e-003)  9.273e-004 ( 9.323e-004)  8.242e-002 ( 1.146e-002)  9.099e-001 ( 1.173e-002)  7.731e-003 ( 2.724e-003) 
59  9.560e-001 ( 4.897e-003)  4.302e-002 ( 4.915e-003)  9.691e-004 ( 9.182e-004)  8.105e-002 ( 1.077e-002)  9.104e-001 ( 1.110e-002)  8.541e-003 ( 2.887e-003) 
60  9.547e-001 ( 4.768e-003)  4.426e-002 ( 4.783e-003)  1.013e-003 ( 9.036e-004)  7.970e-002 ( 1.014e-002)  9.109e-001 ( 1.053e-002)  9.435e-003 ( 3.055e-003) 
61  9.534e-001 ( 4.651e-003)  4.554e-002 ( 4.663e-003)  1.058e-003 ( 8.890e-004)  7.837e-002 ( 9.573e-003)  9.112e-001 ( 1.003e-002)  1.042e-002 ( 3.227e-003) 
62  9.520e-001 ( 4.551e-003)  4.685e-002 ( 4.560e-003)  1.106e-003 ( 8.753e-004)  7.705e-002 ( 9.071e-003)  9.114e-001 ( 9.609e-003)  1.151e-002 ( 3.403e-003) 
63  9.506e-001 ( 4.474e-003)  4.820e-002 ( 4.480e-003)  1.156e-003 ( 8.636e-004)  7.573e-002 ( 8.638e-003)  9.116e-001 ( 9.261e-003)  1.271e-002 ( 3.581e-003) 
64  9.492e-001 ( 4.427e-003)  4.959e-002 ( 4.430e-003)  1.207e-003 ( 8.553e-004)  7.443e-002 ( 8.278e-003)  9.115e-001 ( 8.990e-003)  1.403e-002 ( 3.763e-003) 
65  9.477e-001 ( 4.417e-003)  5.101e-002 ( 4.418e-003)  1.262e-003 ( 8.522e-004)  7.315e-002 ( 7.991e-003)  9.114e-001 ( 8.797e-003)  1.549e-002 ( 3.945e-003) 
66  9.462e-001 ( 4.452e-003)  5.247e-002 ( 4.452e-003)  1.318e-003 ( 8.563e-004)  7.187e-002 ( 7.778e-003)  9.110e-001 ( 8.679e-003)  1.710e-002 ( 4.129e-003) 
67  9.446e-001 ( 4.539e-003)  5.397e-002 ( 4.537e-003)  1.377e-003 ( 8.700e-004)  7.060e-002 ( 7.639e-003)  9.105e-001 ( 8.634e-003)  1.887e-002 ( 4.313e-003) 
68  9.430e-001 ( 4.683e-003)  5.552e-002 ( 4.680e-003)  1.438e-003 ( 8.954e-004)  6.933e-002 ( 7.569e-003)  9.098e-001 ( 8.655e-003)  2.082e-002 ( 4.497e-003) 
69  9.414e-001 ( 4.887e-003)  5.710e-002 ( 4.884e-003)  1.503e-003 ( 9.348e-004)  6.808e-002 ( 7.564e-003)  9.090e-001 ( 8.736e-003)  2.297e-002 ( 4.682e-003) 
70  9.397e-001 ( 5.154e-003)  5.872e-002 ( 5.152e-003)  1.570e-003 ( 9.899e-004)  6.683e-002 ( 7.617e-003)  9.078e-001 ( 8.871e-003)  2.533e-002 ( 4.868e-003) 
71  9.380e-001 ( 5.483e-003)  6.039e-002 ( 5.483e-003)  1.640e-003 ( 1.062e-003)  6.559e-002 ( 7.720e-003)  9.065e-001 ( 9.052e-003)  2.792e-002 ( 5.057e-003) 
72  9.362e-001 ( 5.875e-003)  6.210e-002 ( 5.877e-003)  1.712e-003 ( 1.152e-003)  6.435e-002 ( 7.866e-003)  9.049e-001 ( 9.275e-003)  3.078e-002 ( 5.252e-003) 
73  9.344e-001 ( 6.327e-003)  6.386e-002 ( 6.331e-003)  1.788e-003 ( 1.261e-003)  6.311e-002 ( 8.046e-003)  9.030e-001 ( 9.535e-003)  3.391e-002 ( 5.461e-003) 
74  9.325e-001 ( 6.838e-003)  6.566e-002 ( 6.844e-003)  1.868e-003 ( 1.389e-003)  6.188e-002 ( 8.252e-003)  9.008e-001 ( 9.830e-003)  3.735e-002 ( 5.689e-003) 
75  9.305e-001 ( 7.404e-003)  6.751e-002 ( 7.414e-003)  1.950e-003 ( 1.536e-003)  6.065e-002 ( 8.479e-003)  8.982e-001 ( 1.016e-002)  4.112e-002 ( 5.950e-003) 
76  9.286e-001 ( 8.026e-003)  6.941e-002 ( 8.038e-003)  2.037e-003 ( 1.702e-003)  5.941e-002 ( 8.718e-003)  8.953e-001 ( 1.053e-002)  4.526e-002 ( 6.258e-003) 
77  9.265e-001 ( 8.699e-003)  7.136e-002 ( 8.714e-003)  2.127e-003 ( 1.887e-003)  5.818e-002 ( 8.966e-003)  8.920e-001 ( 1.094e-002)  4.979e-002 ( 6.633e-003) 
78  9.244e-001 ( 9.425e-003)  7.336e-002 ( 9.442e-003)  2.220e-003 ( 2.092e-003)  5.695e-002 ( 9.216e-003)  8.883e-001 ( 1.141e-002)  5.475e-002 ( 7.098e-003) 
79  9.223e-001 ( 1.020e-002)  7.540e-002 ( 1.022e-002)  2.318e-003 ( 2.318e-003)  5.571e-002 ( 9.465e-003)  8.841e-001 ( 1.195e-002)  6.016e-002 ( 7.680e-003) 
80  9.201e-001 ( 1.103e-002)  7.750e-002 ( 1.105e-002)  2.420e-003 ( 2.564e-003)  5.446e-002 ( 9.709e-003)  8.795e-001 ( 1.259e-002)  6.608e-002 ( 8.407e-003) 
81  9.178e-001 ( 1.190e-002)  7.966e-002 ( 1.193e-002)  2.526e-003 ( 2.832e-003)  5.321e-002 ( 9.944e-003)  8.743e-001 ( 1.334e-002)  7.253e-002 ( 9.309e-003) 
82  9.155e-001 ( 1.283e-002)  8.186e-002 ( 1.285e-002)  2.637e-003 ( 3.122e-003)  5.195e-002 ( 1.017e-002)  8.685e-001 ( 1.423e-002)  7.956e-002 ( 1.041e-002) 
83  9.131e-001 ( 1.380e-002)  8.413e-002 ( 1.383e-002)  2.752e-003 ( 3.436e-003)  5.069e-002 ( 1.038e-002)  8.621e-001 ( 1.530e-002)  8.720e-002 ( 1.174e-002) 
84  9.107e-001 ( 1.483e-002)  8.645e-002 ( 1.486e-002)  2.872e-003 ( 3.774e-003)  4.942e-002 ( 1.058e-002)  8.551e-001 ( 1.657e-002)  9.549e-002 ( 1.332e-002) 
85  9.082e-001 ( 1.591e-002)  8.882e-002 ( 1.593e-002)  2.998e-003 ( 4.137e-003)  4.813e-002 ( 1.075e-002)  8.474e-001 ( 1.808e-002)  1.045e-001 ( 1.517e-002) 
86  9.056e-001 ( 1.703e-002)  9.125e-002 ( 1.706e-002)  3.128e-003 ( 4.527e-003)  4.683e-002 ( 1.091e-002)  8.389e-001 ( 1.986e-002)  1.142e-001 ( 1.730e-002) 
87  9.030e-001 ( 1.821e-002)  9.375e-002 ( 1.824e-002)  3.264e-003 ( 4.945e-003)  4.553e-002 ( 1.105e-002)  8.297e-001 ( 2.192e-002)  1.247e-001 ( 1.974e-002) 
88  9.003e-001 ( 1.944e-002)  9.630e-002 ( 1.947e-002)  3.405e-003 ( 5.392e-003)  4.421e-002 ( 1.117e-002)  8.197e-001 ( 2.429e-002)  1.361e-001 ( 2.249e-002) 
89  8.975e-001 ( 2.072e-002)  9.892e-002 ( 2.075e-002)  3.553e-003 ( 5.870e-003)  4.287e-002 ( 1.126e-002)  8.089e-001 ( 2.699e-002)  1.482e-001 ( 2.557e-002) 
90  8.947e-001 ( 2.206e-002)  1.016e-001 ( 2.208e-002)  3.706e-003 ( 6.381e-003)  4.153e-002 ( 1.133e-002)  7.972e-001 ( 3.002e-002)  1.613e-001 ( 2.899e-002) 