# FRMsr.txt
#IMaCh version 0.99r45, April 2023,INED-EUROREVES-Institut de longevite-Japan Society for the Promotion of Science (Grant-in-Aid for Scientific Research 25293121), Intel Software 2015-2020, Nihon University 2021-202, INED 2000-2022
#$Revision: 1.353 $ $Date: 2023/05/08 18:48:22 $
# Tue Feb 04 22:13:35 2025
#One-step probabilities and correlation matrix
# Age p1-1  p1-2  p1-3  p2-1  p2-2  p2-3 
50  9.661e-001  3.323e-002  6.508e-004  9.389e-002  9.026e-001  3.472e-003 
50 1-1  1.000e+000
50 1-2 -9.868e-001  1.000e+000
50 1-3 -4.355e-002 -1.191e-001  1.000e+000
50 2-1 -2.233e-001  2.216e-001  2.103e-003  1.000e+000
50 2-2  2.234e-001 -2.255e-001  2.109e-002 -9.962e-001  1.000e+000
50 2-3 -8.669e-003  5.189e-002 -2.665e-001 -1.161e-002 -7.544e-002  1.000e+000
51  9.651e-001  3.420e-002  6.803e-004  9.240e-002  9.038e-001  3.838e-003 
51 1-1  1.000e+000
51 1-2 -9.863e-001  1.000e+000
51 1-3 -4.658e-002 -1.189e-001  1.000e+000
51 2-1 -2.230e-001  2.214e-001  1.849e-003  1.000e+000
51 2-2  2.230e-001 -2.257e-001  2.461e-002 -9.951e-001  1.000e+000
51 2-3 -8.076e-003  5.233e-002 -2.682e-001 -1.167e-002 -8.701e-002  1.000e+000
52  9.641e-001  3.520e-002  7.112e-004  9.092e-002  9.048e-001  4.243e-003 
52 1-1  1.000e+000
52 1-2 -9.858e-001  1.000e+000
52 1-3 -4.971e-002 -1.186e-001  1.000e+000
52 2-1 -2.228e-001  2.212e-001  1.605e-003  1.000e+000
52 2-2  2.225e-001 -2.260e-001  2.859e-002 -9.937e-001  1.000e+000
52 2-3 -7.436e-003  5.276e-002 -2.700e-001 -1.187e-002 -9.998e-002  1.000e+000
53  9.630e-001  3.622e-002  7.434e-004  8.946e-002  9.058e-001  4.690e-003 
53 1-1  1.000e+000
53 1-2 -9.853e-001  1.000e+000
53 1-3 -5.295e-002 -1.182e-001  1.000e+000
53 2-1 -2.225e-001  2.210e-001  1.377e-003  1.000e+000
53 2-2  2.219e-001 -2.263e-001  3.307e-002 -9.919e-001  1.000e+000
53 2-3 -6.745e-003  5.316e-002 -2.719e-001 -1.223e-002 -1.145e-001  1.000e+000
54  9.619e-001  3.728e-002  7.770e-004  8.802e-002  9.068e-001  5.184e-003 
54 1-1  1.000e+000
54 1-2 -9.848e-001  1.000e+000
54 1-3 -5.630e-002 -1.177e-001  1.000e+000
54 2-1 -2.223e-001  2.209e-001  1.173e-003  1.000e+000
54 2-2  2.213e-001 -2.267e-001  3.810e-002 -9.897e-001  1.000e+000
54 2-3 -5.997e-003  5.351e-002 -2.738e-001 -1.276e-002 -1.308e-001  1.000e+000
55  9.608e-001  3.837e-002  8.122e-004  8.660e-002  9.077e-001  5.729e-003 
55 1-1  1.000e+000
55 1-2 -9.844e-001  1.000e+000
55 1-3 -5.978e-002 -1.170e-001  1.000e+000
55 2-1 -2.222e-001  2.208e-001  1.005e-003  1.000e+000
55 2-2  2.205e-001 -2.271e-001  4.373e-002 -9.868e-001  1.000e+000
55 2-3 -5.186e-003  5.381e-002 -2.756e-001 -1.348e-002 -1.489e-001  1.000e+000
56  9.597e-001  3.948e-002  8.489e-004  8.519e-002  9.085e-001  6.332e-003 
56 1-1  1.000e+000
56 1-2 -9.839e-001  1.000e+000
56 1-3 -6.337e-002 -1.162e-001  1.000e+000
56 2-1 -2.221e-001  2.208e-001  8.872e-004  1.000e+000
56 2-2  2.197e-001 -2.276e-001  4.998e-002 -9.831e-001  1.000e+000
56 2-3 -4.307e-003  5.403e-002 -2.775e-001 -1.441e-002 -1.691e-001  1.000e+000
57  9.585e-001  4.063e-002  8.872e-004  8.380e-002  9.092e-001  6.997e-003 
57 1-1  1.000e+000
57 1-2 -9.834e-001  1.000e+000
57 1-3 -6.708e-002 -1.152e-001  1.000e+000
57 2-1 -2.221e-001  2.210e-001  8.396e-004  1.000e+000
57 2-2  2.187e-001 -2.281e-001  5.686e-002 -9.784e-001  1.000e+000
57 2-3 -3.353e-003  5.414e-002 -2.792e-001 -1.556e-002 -1.913e-001  1.000e+000
58  9.573e-001  4.181e-002  9.273e-004  8.242e-002  9.099e-001  7.731e-003 
58 1-1  1.000e+000
58 1-2 -9.829e-001  1.000e+000
58 1-3 -7.088e-002 -1.139e-001  1.000e+000
58 2-1 -2.222e-001  2.212e-001  8.864e-004  1.000e+000
58 2-2  2.176e-001 -2.286e-001  6.434e-002 -9.727e-001  1.000e+000
58 2-3 -2.319e-003  5.411e-002 -2.808e-001 -1.695e-002 -2.157e-001  1.000e+000
59  9.560e-001  4.302e-002  9.691e-004  8.105e-002  9.104e-001  8.541e-003 
59 1-1  1.000e+000
59 1-2 -9.825e-001  1.000e+000
59 1-3 -7.477e-002 -1.123e-001  1.000e+000
59 2-1 -2.226e-001  2.216e-001  1.058e-003  1.000e+000
59 2-2  2.163e-001 -2.291e-001  7.233e-002 -9.656e-001  1.000e+000
59 2-3 -1.203e-003  5.388e-002 -2.820e-001 -1.857e-002 -2.422e-001  1.000e+000
60  9.547e-001  4.426e-002  1.013e-003  7.970e-002  9.109e-001  9.435e-003 
60 1-1  1.000e+000
60 1-2 -9.821e-001  1.000e+000
60 1-3 -7.868e-002 -1.105e-001  1.000e+000
60 2-1 -2.232e-001  2.222e-001  1.390e-003  1.000e+000
60 2-2  2.149e-001 -2.295e-001  8.065e-002 -9.570e-001  1.000e+000
60 2-3 -1.882e-006  5.340e-002 -2.826e-001 -2.044e-002 -2.704e-001  1.000e+000
61  9.534e-001  4.554e-002  1.058e-003  7.837e-002  9.112e-001  1.042e-002 
61 1-1  1.000e+000
61 1-2 -9.818e-001  1.000e+000
61 1-3 -8.256e-002 -1.083e-001  1.000e+000
61 2-1 -2.241e-001  2.232e-001  1.924e-003  1.000e+000
61 2-2  2.134e-001 -2.298e-001  8.903e-002 -9.469e-001  1.000e+000
61 2-3  1.279e-003  5.259e-002 -2.825e-001 -2.254e-002 -3.001e-001  1.000e+000
62  9.520e-001  4.685e-002  1.106e-003  7.705e-002  9.114e-001  1.151e-002 
62 1-1  1.000e+000
62 1-2 -9.815e-001  1.000e+000
62 1-3 -8.630e-002 -1.058e-001  1.000e+000
62 2-1 -2.253e-001  2.244e-001  2.703e-003  1.000e+000
62 2-2  2.118e-001 -2.300e-001  9.706e-002 -9.352e-001  1.000e+000
62 2-3  2.626e-003  5.138e-002 -2.813e-001 -2.482e-002 -3.307e-001  1.000e+000
63  9.506e-001  4.820e-002  1.156e-003  7.573e-002  9.116e-001  1.271e-002 
63 1-1  1.000e+000
63 1-2 -9.814e-001  1.000e+000
63 1-3 -8.979e-002 -1.031e-001  1.000e+000
63 2-1 -2.269e-001  2.259e-001  3.765e-003  1.000e+000
63 2-2  2.101e-001 -2.300e-001  1.042e-001 -9.223e-001  1.000e+000
63 2-3  4.019e-003  4.968e-002 -2.785e-001 -2.725e-002 -3.613e-001  1.000e+000
64  9.492e-001  4.959e-002  1.207e-003  7.443e-002  9.115e-001  1.403e-002 
64 1-1  1.000e+000
64 1-2 -9.813e-001  1.000e+000
64 1-3 -9.285e-002 -1.003e-001  1.000e+000
64 2-1 -2.290e-001  2.278e-001  5.133e-003  1.000e+000
64 2-2  2.085e-001 -2.296e-001  1.098e-001 -9.083e-001  1.000e+000
64 2-3  5.421e-003  4.743e-002 -2.737e-001 -2.974e-002 -3.911e-001  1.000e+000
65  9.477e-001  5.101e-002  1.262e-003  7.315e-002  9.114e-001  1.549e-002 
65 1-1  1.000e+000
65 1-2 -9.814e-001  1.000e+000
65 1-3 -9.535e-002 -9.756e-002  1.000e+000
65 2-1 -2.313e-001  2.299e-001  6.804e-003  1.000e+000
65 2-2  2.071e-001 -2.289e-001  1.133e-001 -8.939e-001  1.000e+000
65 2-3  6.785e-003  4.459e-002 -2.664e-001 -3.220e-002 -4.192e-001  1.000e+000
66  9.462e-001  5.247e-002  1.318e-003  7.187e-002  9.110e-001  1.710e-002 
66 1-1  1.000e+000
66 1-2 -9.815e-001  1.000e+000
66 1-3 -9.713e-002 -9.522e-002  1.000e+000
66 2-1 -2.339e-001  2.322e-001  8.737e-003  1.000e+000
66 2-2  2.057e-001 -2.277e-001  1.139e-001 -8.798e-001  1.000e+000
66 2-3  8.053e-003  4.118e-002 -2.560e-001 -3.453e-002 -4.448e-001  1.000e+000
67  9.446e-001  5.397e-002  1.377e-003  7.060e-002  9.105e-001  1.887e-002 
67 1-1  1.000e+000
67 1-2 -9.816e-001  1.000e+000
67 1-3 -9.815e-002 -9.356e-002  1.000e+000
67 2-1 -2.365e-001  2.345e-001  1.084e-002  1.000e+000
67 2-2  2.047e-001 -2.261e-001  1.114e-001 -8.665e-001  1.000e+000
67 2-3  9.165e-003  3.729e-002 -2.423e-001 -3.662e-002 -4.672e-001  1.000e+000
68  9.430e-001  5.552e-002  1.438e-003  6.933e-002  9.098e-001  2.082e-002 
68 1-1  1.000e+000
68 1-2 -9.817e-001  1.000e+000
68 1-3 -9.844e-002 -9.283e-002  1.000e+000
68 2-1 -2.390e-001  2.366e-001  1.300e-002  1.000e+000
68 2-2  2.038e-001 -2.241e-001  1.058e-001 -8.546e-001  1.000e+000
68 2-3  1.007e-002  3.307e-002 -2.255e-001 -3.839e-002 -4.861e-001  1.000e+000
69  9.414e-001  5.710e-002  1.503e-003  6.808e-002  9.090e-001  2.297e-002 
69 1-1  1.000e+000
69 1-2 -9.817e-001  1.000e+000
69 1-3 -9.817e-002 -9.316e-002  1.000e+000
69 2-1 -2.412e-001  2.385e-001  1.506e-002  1.000e+000
69 2-2  2.031e-001 -2.219e-001  9.746e-002 -8.445e-001  1.000e+000
69 2-3  1.073e-002  2.872e-002 -2.062e-001 -3.977e-002 -5.015e-001  1.000e+000
70  9.397e-001  5.872e-002  1.570e-003  6.683e-002  9.078e-001  2.533e-002 
70 1-1  1.000e+000
70 1-2 -9.815e-001  1.000e+000
70 1-3 -9.759e-002 -9.452e-002  1.000e+000
70 2-1 -2.431e-001  2.399e-001  1.691e-002  1.000e+000
70 2-2  2.026e-001 -2.195e-001  8.721e-002 -8.363e-001  1.000e+000
70 2-3  1.113e-002  2.449e-002 -1.854e-001 -4.073e-002 -5.137e-001  1.000e+000
71  9.380e-001  6.039e-002  1.640e-003  6.559e-002  9.065e-001  2.792e-002 
71 1-1  1.000e+000
71 1-2 -9.812e-001  1.000e+000
71 1-3 -9.696e-002 -9.675e-002  1.000e+000
71 2-1 -2.446e-001  2.410e-001  1.847e-002  1.000e+000
71 2-2  2.023e-001 -2.170e-001  7.610e-002 -8.298e-001  1.000e+000
71 2-3  1.129e-002  2.056e-002 -1.644e-001 -4.129e-002 -5.234e-001  1.000e+000
72  9.362e-001  6.210e-002  1.712e-003  6.435e-002  9.049e-001  3.078e-002 
72 1-1  1.000e+000
72 1-2 -9.808e-001  1.000e+000
72 1-3 -9.653e-002 -9.960e-002  1.000e+000
72 2-1 -2.456e-001  2.417e-001  1.970e-002  1.000e+000
72 2-2  2.019e-001 -2.146e-001  6.515e-002 -8.246e-001  1.000e+000
72 2-3  1.121e-002  1.714e-002 -1.446e-001 -4.146e-002 -5.311e-001  1.000e+000
73  9.344e-001  6.386e-002  1.788e-003  6.311e-002  9.030e-001  3.391e-002 
73 1-1  1.000e+000
73 1-2 -9.801e-001  1.000e+000
73 1-3 -9.645e-002 -1.028e-001  1.000e+000
73 2-1 -2.463e-001  2.420e-001  2.063e-002  1.000e+000
73 2-2  2.015e-001 -2.124e-001  5.523e-002 -8.201e-001  1.000e+000
73 2-3  1.094e-002  1.434e-002 -1.268e-001 -4.130e-002 -5.378e-001  1.000e+000
74  9.325e-001  6.566e-002  1.868e-003  6.188e-002  9.008e-001  3.735e-002 
74 1-1  1.000e+000
74 1-2 -9.794e-001  1.000e+000
74 1-3 -9.682e-002 -1.062e-001  1.000e+000
74 2-1 -2.466e-001  2.420e-001  2.132e-002  1.000e+000
74 2-2  2.010e-001 -2.103e-001  4.696e-002 -8.159e-001  1.000e+000
74 2-3  1.049e-002  1.226e-002 -1.121e-001 -4.089e-002 -5.444e-001  1.000e+000
75  9.305e-001  6.751e-002  1.950e-003  6.065e-002  8.982e-001  4.112e-002 
75 1-1  1.000e+000
75 1-2 -9.785e-001  1.000e+000
75 1-3 -9.766e-002 -1.096e-001  1.000e+000
75 2-1 -2.467e-001  2.419e-001  2.182e-002  1.000e+000
75 2-2  2.001e-001 -2.083e-001  4.073e-002 -8.109e-001  1.000e+000
75 2-3  9.913e-003  1.095e-002 -1.007e-001 -4.031e-002 -5.520e-001  1.000e+000
76  9.286e-001  6.941e-002  2.037e-003  5.941e-002  8.953e-001  4.526e-002 
76 1-1  1.000e+000
76 1-2 -9.776e-001  1.000e+000
76 1-3 -9.895e-002 -1.129e-001  1.000e+000
76 2-1 -2.466e-001  2.416e-001  2.221e-002  1.000e+000
76 2-2  1.988e-001 -2.062e-001  3.675e-002 -8.045e-001  1.000e+000
76 2-3  9.229e-003  1.042e-002 -9.276e-002 -3.968e-002 -5.615e-001  1.000e+000
77  9.265e-001  7.136e-002  2.127e-003  5.818e-002  8.920e-001  4.979e-002 
77 1-1  1.000e+000
77 1-2 -9.765e-001  1.000e+000
77 1-3 -1.006e-001 -1.161e-001  1.000e+000
77 2-1 -2.464e-001  2.411e-001  2.253e-002  1.000e+000
77 2-2  1.968e-001 -2.041e-001  3.506e-002 -7.957e-001  1.000e+000
77 2-3  8.476e-003  1.066e-002 -8.830e-002 -3.913e-002 -5.741e-001  1.000e+000
78  9.244e-001  7.336e-002  2.220e-003  5.695e-002  8.883e-001  5.475e-002 
78 1-1  1.000e+000
78 1-2 -9.754e-001  1.000e+000
78 1-3 -1.027e-001 -1.191e-001  1.000e+000
78 2-1 -2.461e-001  2.406e-001  2.285e-002  1.000e+000
78 2-2  1.940e-001 -2.015e-001  3.564e-002 -7.834e-001  1.000e+000
78 2-3  7.691e-003  1.159e-002 -8.698e-002 -3.883e-002 -5.906e-001  1.000e+000
79  9.223e-001  7.540e-002  2.318e-003  5.571e-002  8.841e-001  6.016e-002 
79 1-1  1.000e+000
79 1-2 -9.742e-001  1.000e+000
79 1-3 -1.050e-001 -1.220e-001  1.000e+000
79 2-1 -2.458e-001  2.400e-001  2.320e-002  1.000e+000
79 2-2  1.901e-001 -1.985e-001  3.836e-002 -7.667e-001  1.000e+000
79 2-3  6.917e-003  1.312e-002 -8.831e-002 -3.893e-002 -6.116e-001  1.000e+000
80  9.201e-001  7.750e-002  2.420e-003  5.446e-002  8.795e-001  6.608e-002 
80 1-1  1.000e+000
80 1-2 -9.730e-001  1.000e+000
80 1-3 -1.076e-001 -1.247e-001  1.000e+000
80 2-1 -2.454e-001  2.394e-001  2.361e-002  1.000e+000
80 2-2  1.851e-001 -1.947e-001  4.304e-002 -7.448e-001  1.000e+000
80 2-3  6.195e-003  1.510e-002 -9.171e-002 -3.964e-002 -6.373e-001  1.000e+000
81  9.178e-001  7.966e-002  2.526e-003  5.321e-002  8.743e-001  7.253e-002 
81 1-1  1.000e+000
81 1-2 -9.718e-001  1.000e+000
81 1-3 -1.104e-001 -1.273e-001  1.000e+000
81 2-1 -2.449e-001  2.387e-001  2.410e-002  1.000e+000
81 2-2  1.787e-001 -1.901e-001  4.942e-002 -7.168e-001  1.000e+000
81 2-3  5.565e-003  1.737e-002 -9.656e-002 -4.112e-002 -6.672e-001  1.000e+000
82  9.155e-001  8.186e-002  2.637e-003  5.195e-002  8.685e-001  7.956e-002 
82 1-1  1.000e+000
82 1-2 -9.704e-001  1.000e+000
82 1-3 -1.134e-001 -1.297e-001  1.000e+000
82 2-1 -2.445e-001  2.380e-001  2.470e-002  1.000e+000
82 2-2  1.710e-001 -1.845e-001  5.715e-002 -6.826e-001  1.000e+000
82 2-3  5.055e-003  1.979e-002 -1.023e-001 -4.351e-002 -7.004e-001  1.000e+000
83  9.131e-001  8.413e-002  2.752e-003  5.069e-002  8.621e-001  8.720e-002 
83 1-1  1.000e+000
83 1-2 -9.691e-001  1.000e+000
83 1-3 -1.165e-001 -1.321e-001  1.000e+000
83 2-1 -2.440e-001  2.372e-001  2.543e-002  1.000e+000
83 2-2  1.620e-001 -1.780e-001  6.585e-002 -6.424e-001  1.000e+000
83 2-3  4.683e-003  2.223e-002 -1.083e-001 -4.691e-002 -7.354e-001  1.000e+000
84  9.107e-001  8.645e-002  2.872e-003  4.942e-002  8.551e-001  9.549e-002 
84 1-1  1.000e+000
84 1-2 -9.677e-001  1.000e+000
84 1-3 -1.198e-001 -1.345e-001  1.000e+000
84 2-1 -2.436e-001  2.364e-001  2.629e-002  1.000e+000
84 2-2  1.518e-001 -1.706e-001  7.512e-002 -5.967e-001  1.000e+000
84 2-3  4.456e-003  2.460e-002 -1.144e-001 -5.141e-002 -7.707e-001  1.000e+000
85  9.082e-001  8.882e-002  2.998e-003  4.813e-002  8.474e-001  1.045e-001 
85 1-1  1.000e+000
85 1-2 -9.662e-001  1.000e+000
85 1-3 -1.231e-001 -1.367e-001  1.000e+000
85 2-1 -2.431e-001  2.356e-001  2.731e-002  1.000e+000
85 2-2  1.409e-001 -1.626e-001  8.456e-002 -5.468e-001  1.000e+000
85 2-3  4.370e-003  2.684e-002 -1.202e-001 -5.704e-002 -8.047e-001  1.000e+000
86  9.056e-001  9.125e-002  3.128e-003  4.683e-002  8.389e-001  1.142e-001 
86 1-1  1.000e+000
86 1-2 -9.647e-001  1.000e+000
86 1-3 -1.266e-001 -1.389e-001  1.000e+000
86 2-1 -2.427e-001  2.347e-001  2.848e-002  1.000e+000
86 2-2  1.295e-001 -1.542e-001  9.383e-002 -4.939e-001  1.000e+000
86 2-3  4.414e-003  2.893e-002 -1.257e-001 -6.383e-002 -8.362e-001  1.000e+000
87  9.030e-001  9.375e-002  3.264e-003  4.553e-002  8.297e-001  1.247e-001 
87 1-1  1.000e+000
87 1-2 -9.632e-001  1.000e+000
87 1-3 -1.302e-001 -1.412e-001  1.000e+000
87 2-1 -2.422e-001  2.337e-001  2.984e-002  1.000e+000
87 2-2  1.180e-001 -1.456e-001  1.027e-001 -4.395e-001  1.000e+000
87 2-3  4.576e-003  3.087e-002 -1.307e-001 -7.179e-002 -8.644e-001  1.000e+000
88  9.003e-001  9.630e-002  3.405e-003  4.421e-002  8.197e-001  1.361e-001 
88 1-1  1.000e+000
88 1-2 -9.616e-001  1.000e+000
88 1-3 -1.338e-001 -1.433e-001  1.000e+000
88 2-1 -2.417e-001  2.327e-001  3.137e-002  1.000e+000
88 2-2  1.066e-001 -1.372e-001  1.109e-001 -3.848e-001  1.000e+000
88 2-3  4.840e-003  3.265e-002 -1.353e-001 -8.092e-002 -8.888e-001  1.000e+000
89  8.975e-001  9.892e-002  3.553e-003  4.287e-002  8.089e-001  1.482e-001 
89 1-1  1.000e+000
89 1-2 -9.599e-001  1.000e+000
89 1-3 -1.375e-001 -1.455e-001  1.000e+000
89 2-1 -2.412e-001  2.315e-001  3.310e-002  1.000e+000
89 2-2  9.574e-002 -1.291e-001  1.184e-001 -3.309e-001  1.000e+000
89 2-3  5.194e-003  3.429e-002 -1.395e-001 -9.122e-002 -9.095e-001  1.000e+000
90  8.947e-001  1.016e-001  3.706e-003  4.153e-002  7.972e-001  1.613e-001 
90 1-1  1.000e+000
90 1-2 -9.582e-001  1.000e+000
90 1-3 -1.413e-001 -1.477e-001  1.000e+000
90 2-1 -2.407e-001  2.303e-001  3.503e-002  1.000e+000
90 2-2  8.544e-002 -1.215e-001  1.252e-001 -2.784e-001  1.000e+000
90 2-3  5.625e-003  3.580e-002 -1.433e-001 -1.027e-001 -9.268e-001  1.000e+000