
# model  
#****** Result for:******
# FRMsr.txt
#IMaCh version 0.99r45, April 2023,INED-EUROREVES-Institut de longevite-Japan Society for the Promotion of Science (Grant-in-Aid for Scientific Research 25293121), Intel Software 2015-2020, Nihon University 2021-202, INED 2000-2022
#$Revision: 1.353 $ $Date: 2023/05/08 18:48:22 $
# Tue Feb 04 22:13:35 2025
# Total life expectancy with std error and decomposition into time to be expected in each health state
#  (weighted average of eij where weights are the age specific forward period (stable) prevalences in each health state 
# Age popbased mobilav e.. (std) e.1 (std) e.2 (std) 
   50 0 0  31.007 (  1.241)  19.932 (  1.200)  11.075 (  0.872)
   51 0 0  30.088 (  1.225)  19.216 (  1.176)  10.872 (  0.845)
   52 0 0  29.175 (  1.210)  18.510 (  1.153)  10.664 (  0.819)
   53 0 0  28.268 (  1.196)  17.816 (  1.132)  10.451 (  0.795)
   54 0 0  27.366 (  2.332)  17.133 (  1.523)  10.233 (  1.240)
   55 0 0  26.472 (  1.168)  16.462 (  1.095)  10.010 (  0.751)
   56 0 0  25.586 (  1.154)  15.804 (  1.078)   9.782 (  0.731)
   57 0 0  24.708 (  1.140)  15.158 (  1.063)   9.550 (  0.712)
   58 0 0  23.839 (  1.127)  14.525 (  1.049)   9.313 (  0.695)
   59 0 0  22.979 (  1.113)  13.906 (  1.036)   9.072 (  0.678)
   60 0 0  22.129 (  1.099)  13.301 (  1.024)   8.828 (  0.663)
   61 0 0  21.290 (  1.086)  12.711 (  1.013)   8.580 (  0.648)
   62 0 0  20.463 (  1.072)  12.135 (  1.004)   8.329 (  0.634)
   63 0 0  19.649 (  1.058)  11.574 (  0.994)   8.075 (  0.621)
   64 0 0  18.848 (  1.045)  11.029 (  0.986)   7.819 (  0.608)
   65 0 0  18.061 (  1.032)  10.500 (  0.979)   7.561 (  0.596)
   66 0 0  17.289 (  1.019)   9.987 (  0.971)   7.301 (  0.584)
   67 0 0  16.533 (  1.007)   9.491 (  0.965)   7.041 (  0.572)
   68 0 0  15.793 (  0.995)   9.012 (  0.958)   6.781 (  0.561)
   69 0 0  15.071 (  0.984)   8.551 (  0.952)   6.521 (  0.550)
   70 0 0  14.367 (  0.974)   8.106 (  0.946)   6.261 (  0.540)
   71 0 0  13.683 (  0.965)   7.679 (  0.940)   6.003 (  0.530)
   72 0 0  13.018 (  0.956)   7.271 (  0.933)   5.747 (  0.521)
   73 0 0  12.374 (  0.948)   6.880 (  0.927)   5.494 (  0.512)
   74 0 0  11.751 (  0.941)   6.507 (  0.921)   5.244 (  0.504)
   75 0 0  11.150 (  0.935)   6.152 (  0.915)   4.998 (  0.496)
   76 0 0  10.571 (  0.929)   5.815 (  0.909)   4.756 (  0.488)
   77 0 0  10.015 (  0.923)   5.496 (  0.902)   4.519 (  0.481)
   78 0 0   9.482 (  0.908)   5.194 (  0.886)   4.287 (  0.487)
   79 0 0   8.973 (  0.912)   4.911 (  0.889)   4.062 (  0.469)
   80 0 0   8.487 (  0.907)   4.644 (  0.883)   3.843 (  0.463)
   81 0 0   8.026 (  0.902)   4.395 (  0.877)   3.631 (  0.457)
   82 0 0   7.589 (  0.896)   4.163 (  0.871)   3.426 (  0.451)
   83 0 0   7.175 (  0.891)   3.946 (  0.866)   3.229 (  0.445)
   84 0 0   6.785 (  0.885)   3.746 (  0.862)   3.039 (  0.439)
   85 0 0   6.419 (  0.878)   3.561 (  0.858)   2.858 (  0.433)
   86 0 0   6.076 (  0.872)   3.391 (  0.856)   2.685 (  0.426)
   87 0 0   5.755 (  0.866)   3.235 (  0.854)   2.520 (  0.419)
   88 0 0   5.457 (  0.860)   3.094 (  0.854)   2.364 (  0.411)
   89 0 0   5.181 (  0.855)   2.965 (  0.856)   2.216 (  0.403)
   90 0 0   4.925 (  0.851)   2.848 (  0.859)   2.076 (  0.394)
