
#****** ******
# FRMsr.txt
#IMaCh version 0.99r45, April 2023,INED-EUROREVES-Institut de longevite-Japan Society for the Promotion of Science (Grant-in-Aid for Scientific Research 25293121), Intel Software 2015-2020, Nihon University 2021-202, INED 2000-2022
#$Revision: 1.353 $ $Date: 2023/05/08 18:48:22 $
# Tue Feb 04 22:13:35 2025
# Standard deviation of period (forward stable) prevalences 
# Age  Result#  1-1 2-2
50 1  0.77180 (0.04618) 0.22832 (0.04633)
51 1  0.76431 (0.04543) 0.23581 (0.04558)
52 1  0.75669 (0.04460) 0.24345 (0.04476)
53 1  0.74892 (0.04370) 0.25122 (0.04386)
54 1  0.74103 (0.03856) 0.25910 (0.09501)
55 1  0.73302 (0.04170) 0.26712 (0.04184)
56 1  0.72490 (0.04060) 0.27525 (0.04074)
57 1  0.71668 (0.03946) 0.28348 (0.03960)
58 1  0.70837 (0.03828) 0.29180 (0.03841)
59 1  0.69999 (0.03706) 0.30019 (0.03720)
60 1  0.69155 (0.03583) 0.30864 (0.03596)
61 1  0.68305 (0.03460) 0.31711 (0.03472)
62 1  0.67454 (0.03339) 0.32563 (0.03350)
63 1  0.66602 (0.03222) 0.33416 (0.03232)
64 1  0.65751 (0.03111) 0.34268 (0.03121)
65 1  0.64903 (0.03010) 0.35116 (0.03020)
66 1  0.64061 (0.02922) 0.35958 (0.02931)
67 1  0.63227 (0.02849) 0.36793 (0.02857)
68 1  0.62405 (0.02795) 0.37616 (0.02803)
69 1  0.61595 (0.02764) 0.38425 (0.02771)
70 1  0.60803 (0.02756) 0.39218 (0.02763)
71 1  0.60031 (0.02775) 0.39991 (0.02781)
72 1  0.59281 (0.02821) 0.40740 (0.02826)
73 1  0.58560 (0.02893) 0.41465 (0.02898)
74 1  0.57868 (0.02992) 0.42157 (0.02996)
75 1  0.57211 (0.03115) 0.42814 (0.03119)
76 1  0.56592 (0.03261) 0.43432 (0.03264)
77 1  0.56017 (0.03427) 0.44007 (0.03430)
78 1  0.55488 (0.03557) 0.44535 (0.03961)
79 1  0.55013 (0.03816) 0.45013 (0.03818)
80 1  0.54594 (0.04035) 0.45431 (0.04038)
81 1  0.54237 (0.04271) 0.45787 (0.04273)
82 1  0.53949 (0.04522) 0.46079 (0.04524)
83 1  0.53732 (0.04790) 0.46294 (0.04792)
84 1  0.53593 (0.05075) 0.46432 (0.05076)
85 1  0.53538 (0.05378) 0.46489 (0.05379)
86 1  0.53571 (0.05700) 0.46455 (0.05701)
87 1  0.53696 (0.06044) 0.46328 (0.06044)
88 1  0.53920 (0.06410) 0.46107 (0.06410)
89 1  0.54243 (0.06798) 0.45782 (0.06798)
90 1  0.54669 (0.07208) 0.45356 (0.07208)
