# CZFsr.txt
#IMaCh version 0.99r45, April 2023,INED-EUROREVES-Institut de longevite-Japan Society for the Promotion of Science (Grant-in-Aid for Scientific Research 25293121), Intel Software 2015-2020, Nihon University 2021-202, INED 2000-2022
#$Revision: 1.353 $ $Date: 2023/05/08 18:48:22 $
# Tue Feb 04 22:13:35 2025

#****** ******
# (a) Life expectancies by health status at initial age and (b) health expectancies by health status at initial age
# Age e11  e12  e1.  e21  e22  e2. 
 50  27.1610   7.5113  34.6723  24.1784  10.0370  34.2154
 51  26.3150   7.3836  33.6986  23.3326   9.8808  33.2134
 52  25.4756   7.2522  32.7278  22.4934   9.7200  32.2134
 53  24.6431   7.1173  31.7604  21.6613   9.5544  31.2157
 54  23.8178   6.9787  30.7965  20.8365   9.3842  30.2207
 55  23.0002   6.8364  29.8366  20.0197   9.2093  29.2290
 56  22.1905   6.6906  28.8811  19.2112   9.0297  28.2408
 57  21.3891   6.5413  27.9304  18.4115   8.8455  27.2570
 58  20.5964   6.3884  26.9849  17.6213   8.6567  26.2780
 59  19.8129   6.2322  26.0451  16.8410   8.4635  25.3045
 60  19.0390   6.0726  25.1115  16.0713   8.2660  24.3373
 61  18.2750   5.9098  24.1848  15.3128   8.0643  23.3771
 62  17.5216   5.7439  23.2654  14.5661   7.8586  22.4248
 63  16.7791   5.5750  22.3541  13.8321   7.6492  21.4813
 64  16.0480   5.4034  21.4514  13.1113   7.4363  20.5476
 65  15.3289   5.2292  20.5581  12.4046   7.2201  19.6247
 66  14.6223   5.0526  19.6749  11.7127   7.0010  18.7137
 67  13.9286   4.8740  18.8026  11.0364   6.7794  17.8158
 68  13.2485   4.6935  17.9419  10.3766   6.5556  16.9322
 69  12.5824   4.5114  17.0937   9.7340   6.3301  16.0640
 70  11.9308   4.3281  16.2589   9.1094   6.1033  15.2127
 71  11.2944   4.1439  15.4383   8.5037   5.8757  14.3794
 72  10.6737   3.9592  14.6329   7.9176   5.6479  13.5655
 73  10.0691   3.7743  13.8435   7.3519   5.4204  12.7723
 74   9.4813   3.5898  13.0711   6.8074   5.1938  12.0012
 75   8.9106   3.4059  12.3165   6.2846   4.9686  11.2533
 76   8.3576   3.2233  11.5809   5.7843   4.7456  10.5299
 77   7.8227   3.0422  10.8650   5.3070   4.5252   9.8322
 78   7.3064   2.8633  10.1697   4.8531   4.3081   9.1612
 79   6.8091   2.6870   9.4961   4.4230   4.0949   8.5179
 80   6.3311   2.5138   8.8449   4.0170   3.8862   7.9032
 81   5.8728   2.3442   8.2170   3.6352   3.6825   7.3178
 82   5.4344   2.1787   7.6131   3.2778   3.4844   6.7622
 83   5.0162   2.0179   7.0340   2.9444   3.2923   6.2368
 84   4.6183   1.8621   6.4804   2.6351   3.1067   5.7418
 85   4.2410   1.7118   5.9528   2.3493   2.9279   5.2772
 86   3.8843   1.5675   5.4517   2.0865   2.7563   4.8428
 87   3.5481   1.4295   4.9776   1.8462   2.5920   4.4382
 88   3.2325   1.2982   4.5307   1.6275   2.4353   4.0629
 89   2.9372   1.1739   4.1111   1.4296   2.2863   3.7159
 90   2.6622   1.0568   3.7190   1.2515   2.1450   3.3965
