# CZFsr.txt
#IMaCh version 0.99r45, April 2023,INED-EUROREVES-Institut de longevite-Japan Society for the Promotion of Science (Grant-in-Aid for Scientific Research 25293121), Intel Software 2015-2020, Nihon University 2021-202, INED 2000-2022
#$Revision: 1.353 $ $Date: 2023/05/08 18:48:22 $
# Tue Feb 04 22:13:35 2025
# Forward period (stable) prevalence. Precision given by ftolpl=0.0006 
#Age 1-1 2-2 
#************
#Age   1-1     2-2   Total Years_to_converge
50  0.87696 0.12311 1.000 28
51  0.87266 0.12741 1.000 28
52  0.86824 0.13184 1.000 27
53  0.86370 0.13637 1.000 27
54  0.85904 0.14104 1.000 27
55  0.85427 0.14581 1.000 27
56  0.84937 0.15071 1.000 26
57  0.84436 0.15572 1.000 26
58  0.83923 0.16086 1.000 26
59  0.83399 0.16610 1.000 26
60  0.82863 0.17146 1.000 25
61  0.82317 0.17693 1.000 25
62  0.81759 0.18251 1.000 25
63  0.81191 0.18819 1.000 25
64  0.80613 0.19398 1.000 24
65  0.80025 0.19987 1.000 24
66  0.79427 0.20584 1.000 24
67  0.78820 0.21192 1.000 23
68  0.78205 0.21806 1.000 23
69  0.77582 0.22431 1.000 23
70  0.76951 0.23061 1.000 23
71  0.76313 0.23700 1.000 22
72  0.75669 0.24346 1.000 22
73  0.75018 0.24995 1.000 22
74  0.74361 0.25653 1.000 21
75  0.73699 0.26316 1.000 21
76  0.73032 0.26982 1.000 21
77  0.72359 0.27656 1.000 20
78  0.71682 0.28335 1.000 20
79  0.70998 0.29018 1.000 20
80  0.70308 0.29709 1.000 19
81  0.69609 0.30406 1.000 19
82  0.68903 0.31114 1.000 19
83  0.68185 0.31833 1.000 18
84  0.67452 0.32563 1.000 18
85  0.66704 0.33314 1.000 18
86  0.65933 0.34086 1.000 17
87  0.65135 0.34882 1.000 17
88  0.64304 0.35714 1.000 17
89  0.63433 0.36588 1.000 16
90  0.62509 0.37509 1.000 16
