# CZFsr.txt
#IMaCh version 0.99r45, April 2023,INED-EUROREVES-Institut de longevite-Japan Society for the Promotion of Science (Grant-in-Aid for Scientific Research 25293121), Intel Software 2015-2020, Nihon University 2021-202, INED 2000-2022
#$Revision: 1.353 $ $Date: 2023/05/08 18:48:22 $
# Tue Feb 04 22:13:35 2025
# probabilities of dying before estepm=6 months for people of exact age and weighted probabilities w1*p1j+w2*p2j+... stand dev in()
# Selected quantitative variables and dummies
# Age cov=1 p.3 SE w1 p13 w2 p23
 50 1   2.927e-004  1.134e-004  8.770e-001  5.529e-005   1.231e-001  1.984e-003 
 51 1   3.382e-004  1.258e-004  8.727e-001  6.644e-005   1.274e-001  2.200e-003 
 52 1   3.909e-004  1.396e-004  8.682e-001  7.984e-005   1.318e-001  2.439e-003 
 53 1   4.516e-004  1.548e-004  8.637e-001  9.594e-005   1.364e-001  2.704e-003 
 54 1   5.219e-004  1.717e-004  8.590e-001  1.153e-004   1.410e-001  2.998e-003 
 55 1   6.030e-004  1.904e-004  8.543e-001  1.385e-004   1.458e-001  3.324e-003 
 56 1   6.967e-004  2.112e-004  8.494e-001  1.664e-004   1.507e-001  3.685e-003 
 57 1   8.049e-004  2.344e-004  8.444e-001  1.999e-004   1.557e-001  4.085e-003 
 58 1   9.299e-004  2.601e-004  8.392e-001  2.402e-004   1.609e-001  4.528e-003 
 59 1   1.074e-003  2.888e-004  8.340e-001  2.885e-004   1.661e-001  5.019e-003 
 60 1   1.241e-003  3.208e-004  8.286e-001  3.465e-004   1.715e-001  5.564e-003 
 61 1   1.434e-003  3.565e-004  8.232e-001  4.162e-004   1.769e-001  6.166e-003 
 62 1   1.656e-003  3.963e-004  8.176e-001  4.998e-004   1.825e-001  6.834e-003 
 63 1   1.913e-003  4.408e-004  8.119e-001  6.002e-004   1.882e-001  7.574e-003 
 64 1   2.209e-003  4.904e-004  8.061e-001  7.208e-004   1.940e-001  8.392e-003 
 65 1   2.551e-003  7.596e-004  8.002e-001  8.654e-004   1.999e-001  9.299e-003 
 66 1   2.946e-003  6.071e-004  7.943e-001  1.039e-003   2.058e-001  1.030e-002 
 67 1   3.402e-003  6.753e-004  7.882e-001  1.247e-003   2.119e-001  1.141e-002 
 68 1   3.927e-003  7.508e-004  7.820e-001  1.497e-003   2.181e-001  1.264e-002 
 69 1   4.534e-003  8.342e-004  7.758e-001  1.797e-003   2.243e-001  1.400e-002 
 70 1   5.234e-003  9.258e-004  7.695e-001  2.156e-003   2.306e-001  1.550e-002 
 71 1   6.042e-003  1.026e-003  7.631e-001  2.587e-003   2.370e-001  1.716e-002 
 72 1   6.974e-003  1.136e-003  7.567e-001  3.104e-003   2.435e-001  1.900e-002 
 73 1   8.049e-003  1.255e-003  7.502e-001  3.723e-003   2.500e-001  2.103e-002 
 74 1   9.288e-003  1.386e-003  7.436e-001  4.464e-003   2.565e-001  2.327e-002 
 75 1   1.072e-002  1.529e-003  7.370e-001  5.352e-003   2.632e-001  2.574e-002 
 76 1   1.236e-002  1.688e-003  7.303e-001  6.414e-003   2.698e-001  2.847e-002 
 77 1   1.426e-002  1.870e-003  7.236e-001  7.685e-003   2.766e-001  3.147e-002 
 78 1   1.645e-002  2.084e-003  7.168e-001  9.205e-003   2.834e-001  3.478e-002 
 79 1   1.898e-002  2.347e-003  7.100e-001  1.102e-002   2.902e-001  3.843e-002 
 80 1   2.188e-002  2.684e-003  7.031e-001  1.319e-002   2.971e-001  4.244e-002 
 81 1   2.523e-002  3.131e-003  6.961e-001  1.577e-002   3.041e-001  4.685e-002 
 82 1   2.908e-002  3.734e-003  6.890e-001  1.885e-002   3.111e-001  5.170e-002 
 83 1   3.350e-002  4.550e-003  6.818e-001  2.252e-002   3.183e-001  5.701e-002 
 84 1   3.859e-002  5.641e-003  6.745e-001  2.688e-002   3.256e-001  6.284e-002 
 85 1   4.443e-002  7.080e-003  6.670e-001  3.204e-002   3.331e-001  6.921e-002 
 86 1   5.113e-002  8.943e-003  6.593e-001  3.816e-002   3.409e-001  7.618e-002 
 87 1   5.879e-002  1.131e-002  6.514e-001  4.538e-002   3.488e-001  8.379e-002 
 88 1   6.754e-002  1.427e-002  6.430e-001  5.388e-002   3.571e-001  9.209e-002 
 89 1   7.751e-002  1.791e-002  6.343e-001  6.387e-002   3.659e-001  1.011e-001 
 90 1   8.882e-002  2.229e-002  6.251e-001  7.554e-002   3.751e-001  1.109e-001 
