
#****** ******
# CZFsr.txt
#IMaCh version 0.99r45, April 2023,INED-EUROREVES-Institut de longevite-Japan Society for the Promotion of Science (Grant-in-Aid for Scientific Research 25293121), Intel Software 2015-2020, Nihon University 2021-202, INED 2000-2022
#$Revision: 1.353 $ $Date: 2023/05/08 18:48:22 $
# Tue Feb 04 22:13:35 2025
# Health expectancies with standard errors
# Age e11 (SE) e12 (SE) e1.  e21 (SE) e22 (SE) e2. 
 50   27.1610 (0.7549)    7.5113 (0.4909)   34.6723 (0.8258)   24.1784 (0.8652)   10.0370 (0.5532)   34.2154 (0.8984)
 51   26.3150 (0.7474)    7.3836 (0.4861)   33.6986 (0.8231)   23.3326 (0.8501)    9.8808 (0.5420)   33.2134 (0.8958)
 52   25.4756 (0.7404)    7.2522 (0.4817)   32.7278 (0.8204)   22.4934 (0.8353)    9.7200 (0.5317)   32.2134 (0.8926)
 53   24.6431 (0.7338)    7.1173 (0.4777)   31.7604 (0.8175)   21.6613 (0.8209)    9.5544 (0.5221)   31.2157 (0.8890)
 54   23.8178 (0.7276)    6.9787 (0.4742)   30.7965 (0.8146)   20.8365 (0.8069)    9.3842 (0.5133)   30.2207 (0.8848)
 55   23.0002 (0.7218)    6.8364 (0.4710)   29.8366 (0.8117)   20.0197 (0.7930)    9.2093 (0.5052)   29.2290 (0.8800)
 56   22.1905 (0.7163)    6.6906 (0.4681)   28.8811 (0.8088)   19.2112 (0.7795)    9.0297 (0.4976)   28.2408 (0.8747)
 57   21.3891 (0.7111)    6.5413 (0.4654)   27.9304 (0.8060)   18.4115 (0.7661)    8.8455 (0.4905)   27.2570 (0.8687)
 58   20.5964 (0.7063)    6.3884 (0.4629)   26.9849 (0.8031)   17.6213 (0.7529)    8.6567 (0.4838)   26.2780 (0.8622)
 59   19.8129 (0.7017)    6.2322 (0.4605)   26.0451 (0.8004)   16.8410 (0.7398)    8.4635 (0.4773)   25.3045 (0.8552)
 60   19.0390 (0.6973)    6.0726 (0.4582)   25.1115 (0.7978)   16.0713 (0.7268)    8.2660 (0.4711)   24.3373 (0.8476)
 61   18.2750 (0.6932)    5.9098 (0.4560)   24.1848 (0.7953)   15.3128 (0.7139)    8.0643 (0.4650)   23.3771 (0.8395)
 62   17.5216 (0.6892)    5.7439 (0.4537)   23.2654 (0.7931)   14.5661 (0.7010)    7.8586 (0.4589)   22.4248 (0.8309)
 63   16.7791 (0.6854)    5.5750 (0.4514)   22.3541 (0.7912)   13.8321 (0.6882)    7.6492 (0.4528)   21.4813 (0.8220)
 64   16.0480 (0.6816)    5.4034 (0.4490)   21.4514 (0.7896)   13.1113 (0.6754)    7.4363 (0.4465)   20.5476 (0.8128)
 65   15.3289 (0.6780)    5.2292 (0.4464)   20.5581 (0.7885)   12.4046 (0.6626)    7.2201 (0.4401)   19.6247 (0.8034)
 66   14.6223 (0.6745)    5.0526 (0.4437)   19.6749 (0.7879)   11.7127 (0.6498)    7.0010 (0.4335)   18.7137 (0.7938)
 67   13.9286 (0.6712)    4.8740 (0.4409)   18.8026 (0.7879)   11.0364 (0.6371)    6.7794 (0.4266)   17.8158 (0.7842)
 68   13.2485 (0.6680)    4.6935 (0.4379)   17.9419 (0.7886)   10.3766 (0.6244)    6.5556 (0.4195)   16.9322 (0.7746)
 69   12.5824 (0.6650)    4.5114 (0.4347)   17.0937 (0.7901)    9.7340 (0.6118)    6.3301 (0.4121)   16.0640 (0.7652)
 70   11.9308 (0.6624)    4.3281 (0.4313)   16.2589 (0.7927)    9.1094 (0.5994)    6.1033 (0.4045)   15.2127 (0.7561)
 71   11.2944 (0.6602)    4.1439 (0.4278)   15.4383 (0.7965)    8.5037 (0.5872)    5.8757 (0.3966)   14.3794 (0.7472)
 72   10.6737 (0.6585)    3.9592 (0.4242)   14.6329 (0.8015)    7.9176 (0.5751)    5.6479 (0.3885)   13.5655 (0.7386)
 73   10.0691 (0.6575)    3.7743 (0.4205)   13.8435 (0.8080)    7.3519 (0.5632)    5.4204 (0.3803)   12.7723 (0.7303)
 74    9.4813 (0.6573)    3.5898 (0.4167)   13.0711 (0.8161)    6.8074 (0.5516)    5.1938 (0.3720)   12.0012 (0.7223)
 75    8.9106 (0.6582)    3.4059 (0.4128)   12.3165 (0.8259)    6.2846 (0.5402)    4.9686 (0.3635)   11.2533 (0.7144)
 76    8.3576 (0.6602)    3.2233 (0.4090)   11.5809 (0.8375)    5.7843 (0.5289)    4.7456 (0.3551)   10.5299 (0.7066)
 77    7.8227 (0.6634)    3.0422 (0.4053)   10.8650 (0.8510)    5.3070 (0.5177)    4.5252 (0.3466)    9.8322 (0.6986)
 78    7.3064 (0.6679)    2.8633 (0.4017)   10.1697 (0.8662)    4.8531 (0.5065)    4.3081 (0.3382)    9.1612 (0.6903)
 79    6.8091 (0.6737)    2.6870 (0.3981)    9.4961 (0.8831)    4.4230 (0.4952)    4.0949 (0.3298)    8.5179 (0.6813)
 80    6.3311 (0.6808)    2.5138 (0.3948)    8.8449 (0.9014)    4.0170 (0.4836)    3.8862 (0.3215)    7.9032 (0.6715)
 81    5.8728 (0.6890)    2.3442 (0.3915)    8.2170 (0.9208)    3.6352 (0.4716)    3.6825 (0.3134)    7.3178 (0.6605)
 82    5.4344 (0.6980)    2.1787 (0.3884)    7.6131 (0.9408)    3.2778 (0.4590)    3.4844 (0.3054)    6.7622 (0.6482)
 83    5.0162 (0.7075)    2.0179 (0.3853)    7.0340 (0.9609)    2.9444 (0.4456)    3.2923 (0.2976)    6.2368 (0.6342)
 84    4.6183 (0.7170)    1.8621 (0.3822)    6.4804 (0.9803)    2.6351 (0.4313)    3.1067 (0.2900)    5.7418 (0.6184)
 85    4.2410 (0.7260)    1.7118 (0.3790)    5.9528 (0.9984)    2.3493 (0.4159)    2.9279 (0.2827)    5.2772 (0.6007)
 86    3.8843 (0.7339)    1.5675 (0.3755)    5.4517 (1.0144)    2.0865 (0.3994)    2.7563 (0.2757)    4.8428 (0.5810)
 87    3.5481 (0.7402)    1.4295 (0.3715)    4.9776 (1.0274)    1.8462 (0.3816)    2.5920 (0.2690)    4.4382 (0.5595)
 88    3.2325 (0.7442)    1.2982 (0.3668)    4.5307 (1.0366)    1.6275 (0.3627)    2.4353 (0.2627)    4.0629 (0.5362)
 89    2.9372 (0.7453)    1.1739 (0.3614)    4.1111 (1.0412)    1.4296 (0.3426)    2.2863 (0.2569)    3.7159 (0.5115)
 90    2.6622 (0.7430)    1.0568 (0.3549)    3.7190 (1.0406)    1.2515 (0.3215)    2.1450 (0.2516)    3.3965 (0.4858)
