
# model  
#****** Result for:******
# CZFsr.txt
#IMaCh version 0.99r45, April 2023,INED-EUROREVES-Institut de longevite-Japan Society for the Promotion of Science (Grant-in-Aid for Scientific Research 25293121), Intel Software 2015-2020, Nihon University 2021-202, INED 2000-2022
#$Revision: 1.353 $ $Date: 2023/05/08 18:48:22 $
# Tue Feb 04 22:13:35 2025
# Total life expectancy with std error and decomposition into time to be expected in each health state
#  (weighted average of eij where weights are the age specific forward period (stable) prevalences in each health state 
# Age popbased mobilav e.. (std) e.1 (std) e.2 (std) 
   50 0 0  34.618 (  0.833)  26.796 (  0.782)   7.823 (  0.509)
   51 0 0  33.639 (  0.830)  25.937 (  0.773)   7.702 (  0.502)
   52 0 0  32.662 (  0.827)  25.084 (  0.764)   7.578 (  0.496)
   53 0 0  31.688 (  0.824)  24.238 (  0.756)   7.450 (  0.490)
   54 0 0  30.718 (  0.821)  23.399 (  0.748)   7.319 (  0.485)
   55 0 0  29.750 (  0.818)  22.567 (  0.740)   7.183 (  0.480)
   56 0 0  28.787 (  0.815)  21.743 (  0.733)   7.044 (  0.476)
   57 0 0  27.828 (  0.811)  20.927 (  0.726)   6.901 (  0.473)
   58 0 0  26.874 (  0.808)  20.120 (  0.719)   6.754 (  0.469)
   59 0 0  25.924 (  0.804)  19.321 (  0.713)   6.603 (  0.466)
   60 0 0  24.981 (  0.801)  18.532 (  0.707)   6.449 (  0.463)
   61 0 0  24.044 (  0.797)  17.753 (  0.701)   6.292 (  0.460)
   62 0 0  23.114 (  0.794)  16.984 (  0.695)   6.130 (  0.458)
   63 0 0  22.192 (  0.790)  16.226 (  0.690)   5.966 (  0.455)
   64 0 0  21.278 (  0.787)  15.480 (  0.685)   5.798 (  0.453)
   65 0 0  20.374 (  1.268)  14.746 (  1.045)   5.628 (  0.452)
   66 0 0  19.479 (  0.782)  14.025 (  0.675)   5.454 (  0.447)
   67 0 0  18.596 (  0.780)  13.317 (  0.670)   5.278 (  0.445)
   68 0 0  17.724 (  0.778)  12.624 (  0.665)   5.100 (  0.442)
   69 0 0  16.865 (  0.777)  11.945 (  0.661)   4.920 (  0.439)
   70 0 0  16.020 (  0.776)  11.282 (  0.657)   4.738 (  0.435)
   71 0 0  15.189 (  0.777)  10.634 (  0.653)   4.555 (  0.432)
   72 0 0  14.375 (  0.778)  10.004 (  0.649)   4.371 (  0.428)
   73 0 0  13.578 (  0.780)   9.391 (  0.645)   4.186 (  0.424)
   74 0 0  12.798 (  0.784)   8.797 (  0.642)   4.002 (  0.420)
   75 0 0  12.039 (  0.788)   8.221 (  0.639)   3.818 (  0.416)
   76 0 0  11.299 (  0.793)   7.664 (  0.637)   3.634 (  0.412)
   77 0 0  10.581 (  0.799)   7.128 (  0.636)   3.453 (  0.407)
   78 0 0   9.886 (  0.806)   6.613 (  0.635)   3.273 (  0.402)
   79 0 0   9.214 (  0.814)   6.118 (  0.634)   3.096 (  0.397)
   80 0 0   8.567 (  0.821)   5.645 (  0.635)   2.922 (  0.392)
   81 0 0   7.945 (  0.829)   5.193 (  0.635)   2.751 (  0.387)
   82 0 0   7.350 (  0.836)   4.764 (  0.636)   2.585 (  0.381)
   83 0 0   6.781 (  0.841)   4.358 (  0.636)   2.424 (  0.374)
   84 0 0   6.241 (  0.846)   3.973 (  0.636)   2.268 (  0.367)
   85 0 0   5.729 (  0.848)   3.612 (  0.636)   2.117 (  0.359)
   86 0 0   5.245 (  0.847)   3.272 (  0.635)   1.973 (  0.350)
   87 0 0   4.790 (  0.842)   2.955 (  0.632)   1.835 (  0.341)
   88 0 0   4.364 (  0.834)   2.660 (  0.628)   1.705 (  0.330)
   89 0 0   3.967 (  0.821)   2.386 (  0.622)   1.581 (  0.317)
   90 0 0   3.599 (  0.803)   2.134 (  0.614)   1.465 (  0.304)
