
#****** ******
# CZFsr.txt
#IMaCh version 0.99r45, April 2023,INED-EUROREVES-Institut de longevite-Japan Society for the Promotion of Science (Grant-in-Aid for Scientific Research 25293121), Intel Software 2015-2020, Nihon University 2021-202, INED 2000-2022
#$Revision: 1.353 $ $Date: 2023/05/08 18:48:22 $
# Tue Feb 04 22:13:35 2025
# Variance and covariance of health expectancies e.j 
#  (weighted average of eij where weights are the age specific period (stable) prevalences in each health state 
# Age Cov(e.1, e.1) Cov(e.1, e.2) Cov(e.2, e.1) Cov(e.2, e.2)
50  0.6119 -0.0886 -0.0886 0.2586
51  0.5975 -0.0803 -0.0803 0.2519
52  0.5839 -0.0727 -0.0727 0.2457
53  0.5711 -0.0659 -0.0659 0.2402
54  0.5590 -0.0599 -0.0599 0.2353
55  0.5476 -0.0546 -0.0546 0.2308
56  0.5368 -0.0500 -0.0500 0.2269
57  0.5267 -0.0459 -0.0459 0.2233
58  0.5171 -0.0423 -0.0423 0.2201
59  0.5081 -0.0392 -0.0392 0.2172
60  0.4996 -0.0364 -0.0364 0.2145
61  0.4914 -0.0339 -0.0339 0.2120
62  0.4837 -0.0316 -0.0316 0.2096
63  0.4762 -0.0294 -0.0294 0.2072
64  0.4691 -0.0271 -0.0271 0.2049
65  1.0911 0.1563 0.1563 0.2046
66  0.4555 -0.0223 -0.0223 0.2002
67  0.4491 -0.0195 -0.0195 0.1977
68  0.4428 -0.0164 -0.0164 0.1950
69  0.4369 -0.0129 -0.0129 0.1923
70  0.4311 -0.0089 -0.0089 0.1894
71  0.4258 -0.0044 -0.0044 0.1864
72  0.4208 0.0007 0.0007 0.1833
73  0.4163 0.0063 0.0063 0.1800
74  0.4123 0.0126 0.0126 0.1766
75  0.4089 0.0194 0.0194 0.1730
76  0.4062 0.0267 0.0267 0.1694
77  0.4043 0.0344 0.0344 0.1657
78  0.4031 0.0425 0.0425 0.1618
79  0.4025 0.0508 0.0508 0.1579
80  0.4026 0.0591 0.0591 0.1537
81  0.4031 0.0671 0.0671 0.1494
82  0.4039 0.0748 0.0748 0.1449
83  0.4046 0.0818 0.0818 0.1400
84  0.4049 0.0877 0.0877 0.1348
85  0.4044 0.0924 0.0924 0.1291
86  0.4028 0.0956 0.0956 0.1228
87  0.3995 0.0969 0.0969 0.1160
88  0.3943 0.0961 0.0961 0.1086
89  0.3868 0.0931 0.0931 0.1006
90  0.3769 0.0877 0.0877 0.0921
