
#****** ******
# CZFsr.txt
#IMaCh version 0.99r45, April 2023,INED-EUROREVES-Institut de longevite-Japan Society for the Promotion of Science (Grant-in-Aid for Scientific Research 25293121), Intel Software 2015-2020, Nihon University 2021-202, INED 2000-2022
#$Revision: 1.353 $ $Date: 2023/05/08 18:48:22 $
# Tue Feb 04 22:13:35 2025
# Standard deviation of period (forward stable) prevalences 
# Age  Result#  1-1 2-2
50 1  0.87696 (0.02184) 0.12311 (0.02185)
51 1  0.87266 (0.02157) 0.12741 (0.02158)
52 1  0.86824 (0.02127) 0.13184 (0.02128)
53 1  0.86370 (0.02093) 0.13637 (0.02094)
54 1  0.85904 (0.02055) 0.14104 (0.02057)
55 1  0.85427 (0.02015) 0.14581 (0.02016)
56 1  0.84937 (0.01971) 0.15072 (0.01972)
57 1  0.84436 (0.01923) 0.15572 (0.01925)
58 1  0.83923 (0.01874) 0.16086 (0.01875)
59 1  0.83399 (0.01822) 0.16610 (0.01823)
60 1  0.82863 (0.01768) 0.17147 (0.01769)
61 1  0.82317 (0.01714) 0.17693 (0.01715)
62 1  0.81759 (0.01659) 0.18251 (0.01660)
63 1  0.81191 (0.01606) 0.18819 (0.01607)
64 1  0.80612 (0.01556) 0.19398 (0.01557)
65 1  0.80024 (0.01301) 0.19988 (0.05770)
66 1  0.79427 (0.01470) 0.20585 (0.01471)
67 1  0.78820 (0.01439) 0.21192 (0.01440)
68 1  0.78205 (0.01419) 0.21807 (0.01419)
69 1  0.77581 (0.01411) 0.22431 (0.01412)
70 1  0.76950 (0.01419) 0.23061 (0.01420)
71 1  0.76312 (0.01444) 0.23700 (0.01444)
72 1  0.75668 (0.01486) 0.24346 (0.01486)
73 1  0.75017 (0.01545) 0.24996 (0.01545)
74 1  0.74360 (0.01621) 0.25654 (0.01621)
75 1  0.73698 (0.01714) 0.26317 (0.01713)
76 1  0.73031 (0.01821) 0.26983 (0.01820)
77 1  0.72358 (0.01941) 0.27657 (0.01940)
78 1  0.71680 (0.02072) 0.28337 (0.02071)
79 1  0.70996 (0.02213) 0.29019 (0.02212)
80 1  0.70306 (0.02363) 0.29711 (0.02362)
81 1  0.69607 (0.02521) 0.30408 (0.02520)
82 1  0.68900 (0.02687) 0.31116 (0.02685)
83 1  0.68182 (0.02860) 0.31836 (0.02857)
84 1  0.67450 (0.03041) 0.32566 (0.03039)
85 1  0.66700 (0.03233) 0.33317 (0.03230)
86 1  0.65930 (0.03440) 0.34090 (0.03436)
87 1  0.65131 (0.03667) 0.34886 (0.03663)
88 1  0.64300 (0.03924) 0.35719 (0.03920)
89 1  0.63428 (0.04226) 0.36593 (0.04220)
90 1  0.62504 (0.04590) 0.37515 (0.04585)
