# BEFadl.txt
#IMaCh version 0.99r45, April 2023,INED-EUROREVES-Institut de longevite-Japan Society for the Promotion of Science (Grant-in-Aid for Scientific Research 25293121), Intel Software 2015-2020, Nihon University 2021-202, INED 2000-2022
#$Revision: 1.353 $ $Date: 2023/05/08 18:48:22 $
# Tue Feb 04 22:03:38 2025

#****** ******
# (a) Life expectancies by health status at initial age and (b) health expectancies by health status at initial age
# Age e11  e12  e1.  e21  e22  e2. 
 50  28.6365   5.6209  34.2574  24.0774   8.9271  33.0046
 51  27.7315   5.5760  33.3076  23.1351   8.8541  31.9891
 52  26.8340   5.5285  32.3624  22.2022   8.7750  30.9772
 53  25.9444   5.4780  31.4225  21.2796   8.6898  29.9693
 54  25.0634   5.4247  30.4880  20.3681   8.5982  28.9663
 55  24.1913   5.3683  29.5596  19.4687   8.5001  27.9688
 56  23.3290   5.3088  28.6378  18.5823   8.3954  26.9777
 57  22.4769   5.2461  27.7230  17.7099   8.2840  25.9939
 58  21.6356   5.1802  26.8158  16.8525   8.1658  25.0183
 59  20.8059   5.1109  25.9169  16.0110   8.0407  24.0518
 60  19.9884   5.0384  25.0268  15.1865   7.9089  23.0954
 61  19.1838   4.9624  24.1461  14.3800   7.7704  22.1503
 62  18.3926   4.8831  23.2757  13.5924   7.6252  21.2176
 63  17.6157   4.8004  22.4160  12.8247   7.4735  20.2982
 64  16.8536   4.7144  21.5679  12.0780   7.3155  19.3935
 65  16.1071   4.6251  20.7321  11.3530   7.1515  18.5044
 66  15.3768   4.5326  19.9093  10.6506   6.9817  17.6323
 67  14.6633   4.4370  19.1003   9.9717   6.8065  16.7782
 68  13.9673   4.3385  18.3058   9.3169   6.6263  15.9432
 69  13.2894   4.2371  17.5265   8.6868   6.4415  15.1284
 70  12.6301   4.1331  16.7633   8.0822   6.2526  14.3348
 71  11.9900   4.0267  16.0167   7.5032   6.0602  13.5634
 72  11.3694   3.9181  15.2875   6.9504   5.8647  12.8152
 73  10.7689   3.8075  14.5764   6.4240   5.6669  12.0909
 74  10.1888   3.6953  13.8840   5.9240   5.4672  11.3912
 75   9.6293   3.5816  13.2109   5.4505   5.2664  10.7169
 76   9.0907   3.4669  12.5576   5.0034   5.0651  10.0684
 77   8.5732   3.3513  11.9245   4.5823   4.8638   9.4462
 78   8.0768   3.2354  11.3122   4.1870   4.6634   8.8504
 79   7.6016   3.1193  10.7209   3.8170   4.4644   8.2814
 80   7.1475   3.0034  10.1509   3.4717   4.2674   7.7391
 81   6.7143   2.8881   9.6024   3.1504   4.0731   7.2235
 82   6.3019   2.7737   9.0756   2.8524   3.8820   6.7343
 83   5.9100   2.6605   8.5705   2.5768   3.6946   6.2714
 84   5.5381   2.5489   8.0871   2.3227   3.5114   5.8341
 85   5.1860   2.4391   7.6252   2.0892   3.3329   5.4221
 86   4.8532   2.3315   7.1847   1.8752   3.1595   5.0347
 87   4.5390   2.2263   6.7653   1.6797   2.9916   4.6713
 88   4.2430   2.1236   6.3667   1.5016   2.8293   4.3309
 89   3.9646   2.0239   5.9885   1.3398   2.6730   4.0128
 90   3.7030   1.9272   5.6302   1.1933   2.5228   3.7161
