# BEFadl.txt
#IMaCh version 0.99r45, April 2023,INED-EUROREVES-Institut de longevite-Japan Society for the Promotion of Science (Grant-in-Aid for Scientific Research 25293121), Intel Software 2015-2020, Nihon University 2021-202, INED 2000-2022
#$Revision: 1.353 $ $Date: 2023/05/08 18:48:22 $
# Tue Feb 04 22:03:38 2025
# Forward period (stable) prevalence. Precision given by ftolpl=0.0006 
#Age 1-1 2-2 
#************
#Age   1-1     2-2   Total Years_to_converge
50  0.95833 0.04169 1.000 36
51  0.95522 0.04481 1.000 36
52  0.95189 0.04813 1.000 36
53  0.94834 0.05169 1.000 36
54  0.94455 0.05548 1.000 36
55  0.94050 0.05953 1.000 36
56  0.93619 0.06384 1.000 36
57  0.93160 0.06844 1.000 35
58  0.92672 0.07332 1.000 35
59  0.92154 0.07850 1.000 35
60  0.91604 0.08400 1.000 35
61  0.91022 0.08983 1.000 35
62  0.90405 0.09600 1.000 35
63  0.89754 0.10252 1.000 35
64  0.89066 0.10940 1.000 34
65  0.88342 0.11664 1.000 34
66  0.87581 0.12426 1.000 34
67  0.86782 0.13225 1.000 34
68  0.85944 0.14064 1.000 33
69  0.85068 0.14940 1.000 33
70  0.84154 0.15855 1.000 33
71  0.83202 0.16808 1.000 32
72  0.82213 0.17797 1.000 32
73  0.81187 0.18824 1.000 32
74  0.80126 0.19886 1.000 31
75  0.79031 0.20982 1.000 31
76  0.77903 0.22108 1.000 31
77  0.76746 0.23266 1.000 30
78  0.75561 0.24452 1.000 30
79  0.74350 0.25664 1.000 29
80  0.73116 0.26898 1.000 29
81  0.71863 0.28152 1.000 28
82  0.70593 0.29424 1.000 27
83  0.69309 0.30708 1.000 27
84  0.68015 0.32003 1.000 26
85  0.66714 0.33304 1.000 26
86  0.65409 0.34611 1.000 25
87  0.64103 0.35917 1.000 24
88  0.62800 0.37220 1.000 24
89  0.61503 0.38520 1.000 23
90  0.60213 0.39809 1.000 22
