# BEFadl.txt
#IMaCh version 0.99r45, April 2023,INED-EUROREVES-Institut de longevite-Japan Society for the Promotion of Science (Grant-in-Aid for Scientific Research 25293121), Intel Software 2015-2020, Nihon University 2021-202, INED 2000-2022
#$Revision: 1.353 $ $Date: 2023/05/08 18:48:22 $
# Tue Feb 04 22:03:38 2025
# probabilities of dying before estepm=6 months for people of exact age and weighted probabilities w1*p1j+w2*p2j+... stand dev in()
# Selected quantitative variables and dummies
# Age cov=1 p.3 SE w1 p13 w2 p23
 50 1   6.240e-004  2.851e-004  9.583e-001  4.577e-004   4.169e-002  4.446e-003 
 51 1   7.005e-004  3.032e-004  9.552e-001  5.056e-004   4.481e-002  4.856e-003 
 52 1   7.869e-004  3.222e-004  9.519e-001  5.585e-004   4.813e-002  5.304e-003 
 53 1   8.844e-004  3.423e-004  9.483e-001  6.168e-004   5.169e-002  5.792e-003 
 54 1   9.944e-004  3.635e-004  9.445e-001  6.812e-004   5.548e-002  6.326e-003 
 55 1   1.119e-003  3.859e-004  9.405e-001  7.523e-004   5.953e-002  6.908e-003 
 56 1   1.259e-003  4.097e-004  9.362e-001  8.308e-004   6.384e-002  7.544e-003 
 57 1   1.418e-003  4.349e-004  9.316e-001  9.174e-004   6.844e-002  8.237e-003 
 58 1   1.598e-003  4.618e-004  9.267e-001  1.013e-003   7.332e-002  8.994e-003 
 59 1   1.801e-003  4.904e-004  9.215e-001  1.118e-003   7.850e-002  9.819e-003 
 60 1   2.031e-003  5.211e-004  9.160e-001  1.235e-003   8.400e-002  1.072e-002 
 61 1   2.292e-003  5.541e-004  9.102e-001  1.363e-003   8.983e-002  1.170e-002 
 62 1   2.586e-003  5.894e-004  9.041e-001  1.504e-003   9.600e-002  1.277e-002 
 63 1   2.919e-003  7.940e-004  8.975e-001  1.660e-003   1.025e-001  1.394e-002 
 64 1   3.296e-003  6.687e-004  8.907e-001  1.832e-003   1.094e-001  1.521e-002 
 65 1   3.722e-003  7.131e-004  8.834e-001  2.022e-003   1.166e-001  1.659e-002 
 66 1   4.203e-003  7.611e-004  8.758e-001  2.231e-003   1.243e-001  1.810e-002 
 67 1   4.747e-003  8.129e-004  8.678e-001  2.461e-003   1.323e-001  1.975e-002 
 68 1   5.362e-003  8.688e-004  8.594e-001  2.714e-003   1.406e-001  2.154e-002 
 69 1   6.055e-003  9.292e-004  8.507e-001  2.994e-003   1.494e-001  2.349e-002 
 70 1   6.838e-003  9.944e-004  8.415e-001  3.301e-003   1.585e-001  2.561e-002 
 71 1   7.719e-003  1.065e-003  8.320e-001  3.639e-003   1.681e-001  2.791e-002 
 72 1   8.711e-003  1.141e-003  8.221e-001  4.011e-003   1.780e-001  3.042e-002 
 73 1   9.827e-003  1.225e-003  8.119e-001  4.421e-003   1.882e-001  3.314e-002 
 74 1   1.108e-002  1.316e-003  8.013e-001  4.871e-003   1.989e-001  3.610e-002 
 75 1   1.249e-002  1.418e-003  7.903e-001  5.366e-003   2.098e-001  3.931e-002 
 76 1   1.406e-002  1.532e-003  7.790e-001  5.909e-003   2.211e-001  4.279e-002 
 77 1   1.583e-002  1.663e-003  7.675e-001  6.506e-003   2.327e-001  4.657e-002 
 78 1   1.780e-002  1.814e-003  7.556e-001  7.161e-003   2.445e-001  5.066e-002 
 79 1   2.000e-002  1.993e-003  7.435e-001  7.879e-003   2.566e-001  5.509e-002 
 80 1   2.244e-002  2.205e-003  7.312e-001  8.667e-003   2.690e-001  5.989e-002 
 81 1   2.517e-002  2.459e-003  7.186e-001  9.530e-003   2.815e-001  6.507e-002 
 82 1   2.819e-002  2.764e-003  7.059e-001  1.047e-002   2.942e-001  7.066e-002 
 83 1   3.153e-002  3.130e-003  6.931e-001  1.151e-002   3.071e-001  7.670e-002 
 84 1   3.523e-002  3.567e-003  6.802e-001  1.264e-002   3.200e-001  8.321e-002 
 85 1   3.930e-002  4.085e-003  6.671e-001  1.387e-002   3.330e-001  9.021e-002 
 86 1   4.379e-002  4.695e-003  6.541e-001  1.522e-002   3.461e-001  9.775e-002 
 87 1   4.871e-002  5.406e-003  6.410e-001  1.669e-002   3.592e-001  1.058e-001 
 88 1   5.411e-002  6.228e-003  6.280e-001  1.830e-002   3.722e-001  1.145e-001 
 89 1   6.001e-002  7.170e-003  6.150e-001  2.004e-002   3.852e-001  1.238e-001 
 90 1   6.644e-002  8.241e-003  6.021e-001  2.194e-002   3.981e-001  1.337e-001 
