# BEFadl.txt
#IMaCh version 0.99r45, April 2023,INED-EUROREVES-Institut de longevite-Japan Society for the Promotion of Science (Grant-in-Aid for Scientific Research 25293121), Intel Software 2015-2020, Nihon University 2021-202, INED 2000-2022
#$Revision: 1.353 $ $Date: 2023/05/08 18:48:22 $
# Tue Feb 04 22:03:38 2025
#One-step probabilities and covariance matrix
# Age p1-1  p1-2  p1-3  p2-1  p2-2  p2-3 
50  9.926e-001  6.960e-003  4.577e-004  1.196e-001  8.760e-001  4.446e-003 
50 1-1  1.917e-006
50 1-2 -1.881e-006  1.941e-006
50 1-3 -3.586e-008 -6.015e-008  9.601e-008
50 2-1 -6.427e-006  6.293e-006  1.342e-007  4.847e-004
50 2-2  6.516e-006 -6.569e-006  5.261e-008 -4.839e-004  4.883e-004
50 2-3 -8.886e-008  2.757e-007 -1.868e-007 -7.957e-007 -4.459e-006  5.255e-006
51  9.920e-001  7.474e-003  5.056e-004  1.188e-001  8.764e-001  4.856e-003 
51 1-1  2.050e-006
51 1-2 -2.007e-006  2.072e-006
51 1-3 -4.340e-008 -6.532e-008  1.087e-007
51 2-1 -6.339e-006  6.207e-006  1.323e-007  4.461e-004
51 2-2  6.430e-006 -6.508e-006  7.851e-008 -4.452e-004  4.503e-004
51 2-3 -9.080e-008  3.016e-007 -2.108e-007 -8.514e-007 -5.054e-006  5.905e-006
52  9.914e-001  8.025e-003  5.585e-004  1.180e-001  8.767e-001  5.304e-003 
52 1-1  2.188e-006
52 1-2 -2.136e-006  2.207e-006
52 1-3 -5.211e-008 -7.070e-008  1.228e-007
52 2-1 -6.237e-006  6.107e-006  1.298e-007  4.098e-004
52 2-2  6.329e-006 -6.437e-006  1.076e-007 -4.089e-004  4.146e-004
52 2-3 -9.187e-008  3.292e-007 -2.374e-007 -9.138e-007 -5.710e-006  6.624e-006
53  9.908e-001  8.617e-003  6.168e-004  1.172e-001  8.770e-001  5.792e-003 
53 1-1  2.330e-006
53 1-2 -2.267e-006  2.344e-006
53 1-3 -6.211e-008 -7.625e-008  1.384e-007
53 2-1 -6.123e-006  5.996e-006  1.268e-007  3.758e-004
53 2-2  6.214e-006 -6.354e-006  1.399e-007 -3.748e-004  3.812e-004
53 2-3 -9.187e-008  3.585e-007 -2.667e-007 -9.834e-007 -6.433e-006  7.416e-006
54  9.901e-001  9.251e-003  6.812e-004  1.164e-001  8.773e-001  6.326e-003 
54 1-1  2.474e-006
54 1-2 -2.401e-006  2.483e-006
54 1-3 -7.352e-008 -8.193e-008  1.555e-007
54 2-1 -5.996e-006  5.873e-006  1.232e-007  3.439e-004
54 2-2  6.087e-006 -6.262e-006  1.757e-007 -3.429e-004  3.501e-004
54 2-3 -9.061e-008  3.895e-007 -2.989e-007 -1.061e-006 -7.225e-006  8.286e-006
55  9.893e-001  9.932e-003  7.523e-004  1.156e-001  8.775e-001  6.908e-003 
55 1-1  2.622e-006
55 1-2 -2.535e-006  2.623e-006
55 1-3 -8.646e-008 -8.769e-008  1.741e-007
55 2-1 -5.859e-006  5.740e-006  1.191e-007  3.142e-004
55 2-2  5.946e-006 -6.162e-006  2.150e-007 -3.131e-004  3.212e-004
55 2-3 -8.786e-008  4.220e-007 -3.341e-007 -1.146e-006 -8.091e-006  9.238e-006
56  9.885e-001  1.066e-002  8.308e-004  1.148e-001  8.776e-001  7.544e-003 
56 1-1  2.771e-006
56 1-2 -2.670e-006  2.763e-006
56 1-3 -1.010e-007 -9.347e-008  1.945e-007
56 2-1 -5.712e-006  5.597e-006  1.147e-007  2.866e-004
56 2-2  5.796e-006 -6.054e-006  2.580e-007 -2.853e-004  2.944e-004
56 2-3 -8.343e-008  4.561e-007 -3.726e-007 -1.240e-006 -9.034e-006  1.027e-005
57  9.876e-001  1.145e-002  9.174e-004  1.140e-001  8.777e-001  8.237e-003 
57 1-1  2.921e-006
57 1-2 -2.804e-006  2.903e-006
57 1-3 -1.173e-007 -9.923e-008  2.166e-007
57 2-1 -5.559e-006  5.449e-006  1.099e-007  2.609e-004
57 2-2  5.636e-006 -5.940e-006  3.045e-007 -2.596e-004  2.697e-004
57 2-3 -7.708e-008  4.915e-007 -4.144e-007 -1.344e-006 -1.006e-005  1.140e-005
58  9.867e-001  1.229e-002  1.013e-003  1.132e-001  8.778e-001  8.994e-003 
58 1-1  3.072e-006
58 1-2 -2.937e-006  3.042e-006
58 1-3 -1.354e-007 -1.049e-007  2.404e-007
58 2-1 -5.401e-006  5.296e-006  1.050e-007  2.373e-004
58 2-2  5.469e-006 -5.824e-006  3.546e-007 -2.358e-004  2.470e-004
58 2-3 -6.861e-008  5.282e-007 -4.596e-007 -1.457e-006 -1.116e-005  1.262e-005
59  9.857e-001  1.319e-002  1.118e-003  1.124e-001  8.778e-001  9.819e-003 
59 1-1  3.224e-006
59 1-2 -3.068e-006  3.179e-006
59 1-3 -1.554e-007 -1.105e-007  2.659e-007
59 2-1 -5.241e-006  5.141e-006  1.002e-007  2.155e-004
59 2-2  5.299e-006 -5.707e-006  4.080e-007 -2.139e-004  2.263e-004
59 2-3 -5.783e-008  5.660e-007 -5.082e-007 -1.580e-006 -1.234e-005  1.392e-005
60  9.846e-001  1.415e-002  1.235e-003  1.116e-001  8.777e-001  1.072e-002 
60 1-1  3.376e-006
60 1-2 -3.198e-006  3.314e-006
60 1-3 -1.772e-007 -1.160e-007  2.932e-007
60 2-1 -5.084e-006  4.988e-006  9.559e-008  1.956e-004
60 2-2  5.129e-006 -5.593e-006  4.646e-007 -1.939e-004  2.075e-004
60 2-3 -4.459e-008  6.048e-007 -5.602e-007 -1.712e-006 -1.361e-005  1.532e-005
61  9.834e-001  1.519e-002  1.363e-003  1.108e-001  8.775e-001  1.170e-002 
61 1-1  3.528e-006
61 1-2 -3.327e-006  3.449e-006
61 1-3 -2.009e-007 -1.214e-007  3.223e-007
61 2-1 -4.934e-006  4.842e-006  9.163e-008  1.775e-004
61 2-2  4.962e-006 -5.486e-006  5.240e-007 -1.756e-004  1.906e-004
61 2-3 -2.877e-008  6.444e-007 -6.156e-007 -1.855e-006 -1.495e-005  1.681e-005
62  9.822e-001  1.630e-002  1.504e-003  1.100e-001  8.772e-001  1.277e-002 
62 1-1  3.683e-006
62 1-2 -3.457e-006  3.583e-006
62 1-3 -2.264e-007 -1.268e-007  3.532e-007
62 2-1 -4.795e-006  4.707e-006  8.867e-008  1.611e-004
62 2-2  4.806e-006 -5.391e-006  5.856e-007 -1.591e-004  1.755e-004
62 2-3 -1.034e-008  6.847e-007 -6.743e-007 -2.006e-006 -1.637e-005  1.837e-005
63  9.809e-001  1.749e-002  1.660e-003  1.092e-001  8.769e-001  1.394e-002 
63 1-1  3.842e-006
63 1-2 -3.588e-006  3.721e-006
63 1-3 -2.537e-007 -1.324e-007  3.860e-007
63 2-1 -4.675e-006  4.588e-006  8.719e-008  1.465e-004
63 2-2  4.665e-006 -5.314e-006  6.491e-007 -1.443e-004  1.621e-004
63 2-3  1.065e-008  7.256e-007 -7.363e-007 -2.167e-006 -1.785e-005  2.002e-005
64  9.794e-001  1.876e-002  1.832e-003  1.083e-001  8.764e-001  1.521e-002 
64 1-1  4.009e-006
64 1-2 -3.726e-006  3.865e-006
64 1-3 -2.825e-007 -1.386e-007  4.211e-007
64 2-1 -4.580e-006  4.492e-006  8.780e-008  1.334e-004
64 2-2  4.546e-006 -5.260e-006  7.136e-007 -1.311e-004  1.505e-004
64 2-3  3.405e-008  7.673e-007 -8.014e-007 -2.335e-006 -1.939e-005  2.173e-005
65  9.779e-001  2.013e-002  2.022e-003  1.075e-001  8.759e-001  1.659e-002 
65 1-1  4.188e-006
65 1-2 -3.876e-006  4.021e-006
65 1-3 -3.128e-007 -1.459e-007  4.586e-007
65 2-1 -4.519e-006  4.427e-006  9.121e-008  1.220e-004
65 2-2  4.459e-006 -5.237e-006  7.784e-007 -1.194e-004  1.404e-004
65 2-3  5.956e-008  8.100e-007 -8.696e-007 -2.510e-006 -2.098e-005  2.349e-005
66  9.762e-001  2.159e-002  2.231e-003  1.067e-001  8.752e-001  1.810e-002 
66 1-1  4.389e-006
66 1-2 -4.044e-006  4.199e-006
66 1-3 -3.444e-007 -1.551e-007  4.995e-007
66 2-1 -4.499e-006  4.401e-006  9.834e-008  1.120e-004
66 2-2  4.413e-006 -5.255e-006  8.427e-007 -1.093e-004  1.319e-004
66 2-3  8.672e-008  8.543e-007 -9.410e-007 -2.691e-006 -2.260e-005  2.529e-005
67  9.744e-001  2.315e-002  2.461e-003  1.058e-001  8.744e-001  1.975e-002 
67 1-1  4.621e-006
67 1-2 -4.243e-006  4.411e-006
67 1-3 -3.773e-007 -1.676e-007  5.449e-007
67 2-1 -4.533e-006  4.423e-006  1.102e-007  1.036e-004
67 2-2  4.418e-006 -5.324e-006  9.057e-007 -1.007e-004  1.249e-004
67 2-3  1.149e-007  9.011e-007 -1.016e-006 -2.876e-006 -2.423e-005  2.711e-005
68  9.725e-001  2.483e-002  2.714e-003  1.050e-001  8.735e-001  2.154e-002 
68 1-1  4.899e-006
68 1-2 -4.487e-006  4.672e-006
68 1-3 -4.117e-007 -1.850e-007  5.967e-007
68 2-1 -4.632e-006  4.503e-006  1.282e-007  9.655e-005
68 2-2  4.488e-006 -5.455e-006  9.669e-007 -9.349e-005  1.193e-004
68 2-3  1.434e-007  9.517e-007 -1.095e-006 -3.062e-006 -2.586e-005  2.892e-005
69  9.704e-001  2.662e-002  2.994e-003  1.041e-001  8.724e-001  2.349e-002 
69 1-1  5.243e-006
69 1-2 -4.795e-006  5.005e-006
69 1-3 -4.479e-007 -2.099e-007  6.577e-007
69 2-1 -4.809e-006  4.655e-006  1.539e-007  9.089e-005
69 2-2  4.638e-006 -5.663e-006  1.026e-006 -8.764e-005  1.151e-004
69 2-3  1.711e-007  1.009e-006 -1.180e-006 -3.248e-006 -2.746e-005  3.071e-005
70  9.682e-001  2.853e-002  3.301e-003  1.032e-001  8.712e-001  2.561e-002 
70 1-1  5.679e-006
70 1-2 -5.192e-006  5.438e-006
70 1-3 -4.868e-007 -2.456e-007  7.323e-007
70 2-1 -5.078e-006  4.889e-006  1.891e-007  8.654e-005
70 2-2  4.882e-006 -5.964e-006  1.082e-006 -8.311e-005  1.121e-004
70 2-3  1.969e-007  1.075e-006 -1.272e-006 -3.432e-006 -2.901e-005  3.245e-005
71  9.658e-001  3.058e-002  3.639e-003  1.023e-001  8.698e-001  2.791e-002 
71 1-1  6.242e-006
71 1-2 -5.712e-006  6.009e-006
71 1-3 -5.300e-007 -2.968e-007  8.268e-007
71 2-1 -5.458e-006  5.222e-006  2.362e-007  8.345e-005
71 2-2  5.238e-006 -6.376e-006  1.138e-006 -7.984e-005  1.103e-004
71 2-3  2.196e-007  1.155e-006 -1.374e-006 -3.612e-006 -3.050e-005  3.412e-005
72  9.632e-001  3.277e-002  4.011e-003  1.014e-001  8.682e-001  3.042e-002 
72 1-1  6.976e-006
72 1-2 -6.395e-006  6.765e-006
72 1-3 -5.803e-007 -3.700e-007  9.503e-007
72 2-1 -5.965e-006  5.667e-006  2.979e-007  8.155e-005
72 2-2  5.727e-006 -6.922e-006  1.195e-006 -7.777e-005  1.097e-004
72 2-3  2.380e-007  1.255e-006 -1.493e-006 -3.786e-006 -3.191e-005  3.570e-005
73  9.605e-001  3.511e-002  4.421e-003  1.005e-001  8.664e-001  3.314e-002 
73 1-1  7.936e-006
73 1-2 -7.294e-006  7.768e-006
73 1-3 -6.420e-007 -4.736e-007  1.116e-006
73 2-1 -6.620e-006  6.243e-006  3.774e-007  8.080e-005
73 2-2  6.369e-006 -7.626e-006  1.257e-006 -7.684e-005  1.101e-004
73 2-3  2.510e-007  1.383e-006 -1.634e-006 -3.953e-006 -3.324e-005  3.719e-005
74  9.575e-001  3.761e-002  4.871e-003  9.955e-002  8.644e-001  3.610e-002 
74 1-1  9.196e-006
74 1-2 -8.474e-006  9.093e-006
74 1-3 -7.218e-007 -6.189e-007  1.341e-006
74 2-1 -7.446e-006  6.967e-006  4.788e-007  8.112e-005
74 2-2  7.187e-006 -8.519e-006  1.331e-006 -7.700e-005  1.115e-004
74 2-3  2.582e-007  1.552e-006 -1.810e-006 -4.116e-006 -3.449e-005  3.860e-005
75  9.544e-001  4.027e-002  5.366e-003  9.859e-002  8.621e-001  3.931e-002 
75 1-1  1.084e-005
75 1-2 -1.002e-005  1.084e-005
75 1-3 -8.296e-007 -8.209e-007  1.651e-006
75 2-1 -8.465e-006  7.858e-006  6.067e-007  8.246e-005
75 2-2  8.205e-006 -9.633e-006  1.428e-006 -7.819e-005  1.139e-004
75 2-3  2.598e-007  1.775e-006 -2.034e-006 -4.276e-006 -3.568e-005  3.996e-005
76  9.510e-001  4.312e-002  5.909e-003  9.761e-002  8.596e-001  4.279e-002 
76 1-1  1.299e-005
76 1-2 -1.202e-005  1.311e-005
76 1-3 -9.799e-007 -1.099e-006  2.079e-006
76 2-1 -9.704e-006  8.937e-006  7.670e-007  8.476e-005
76 2-2  9.447e-006 -1.101e-005  1.562e-006 -8.032e-005  1.172e-004
76 2-3  2.573e-007  2.071e-006 -2.329e-006 -4.439e-006 -3.690e-005  4.134e-005
77  9.473e-001  4.615e-002  6.506e-003  9.661e-002  8.568e-001  4.657e-002 
77 1-1  1.579e-005
77 1-2 -1.459e-005  1.607e-005
77 1-3 -1.193e-006 -1.480e-006  2.673e-006
77 2-1 -1.119e-005  1.022e-005  9.664e-007  8.795e-005
77 2-2  1.094e-005 -1.269e-005  1.755e-006 -8.333e-005  1.216e-004
77 2-3  2.546e-007  2.467e-006 -2.722e-006 -4.618e-006 -3.823e-005  4.284e-005
78  9.435e-001  4.938e-002  7.161e-003  9.558e-002  8.538e-001  5.066e-002 
78 1-1  1.939e-005
78 1-2 -1.789e-005  1.989e-005
78 1-3 -1.498e-006 -1.997e-006  3.495e-006
78 2-1 -1.296e-005  1.174e-005  1.213e-006  9.197e-005
78 2-2  1.270e-005 -1.474e-005  2.039e-006 -8.714e-005  1.270e-004
78 2-3  2.583e-007  2.994e-006 -3.252e-006 -4.826e-006 -3.983e-005  4.466e-005
79  9.393e-001  5.282e-002  7.879e-003  9.454e-002  8.504e-001  5.509e-002 
79 1-1  2.402e-005
79 1-2 -2.208e-005  2.478e-005
79 1-3 -1.934e-006 -2.693e-006  4.627e-006
79 2-1 -1.503e-005  1.351e-005  1.517e-006  9.674e-005
79 2-2  1.475e-005 -1.721e-005  2.456e-006 -9.165e-005  1.336e-004
79 2-3  2.795e-007  3.693e-006 -3.972e-006 -5.090e-006 -4.195e-005  4.704e-005
80  9.349e-001  5.648e-002  8.667e-003  9.346e-002  8.467e-001  5.989e-002 
80 1-1  2.992e-005
80 1-2 -2.737e-005  3.099e-005
80 1-3 -2.556e-006 -3.625e-006  6.181e-006
80 2-1 -1.745e-005  1.556e-005  1.890e-006  1.022e-004
80 2-2  1.711e-005 -2.017e-005  3.061e-006 -9.675e-005  1.417e-004
80 2-3  3.352e-007  4.615e-006 -4.950e-006 -5.441e-006 -4.493e-005  5.037e-005
81  9.301e-001  6.038e-002  9.530e-003  9.235e-002  8.426e-001  6.507e-002 
81 1-1  3.742e-005
81 1-2 -3.398e-005  3.884e-005
81 1-3 -3.437e-006 -4.865e-006  8.302e-006
81 2-1 -2.025e-005  1.790e-005  2.345e-006  1.083e-004
81 2-2  1.980e-005 -2.373e-005  3.930e-006 -1.023e-004  1.516e-004
81 2-3  4.505e-007  5.825e-006 -6.276e-006 -5.927e-006 -4.922e-005  5.514e-005
82  9.250e-001  6.452e-002  1.047e-002  9.122e-002  8.381e-001  7.066e-002 
82 1-1  4.687e-005
82 1-2 -4.220e-005  4.870e-005
82 1-3 -4.673e-006 -6.507e-006  1.118e-005
82 2-1 -2.346e-005  2.056e-005  2.901e-006  1.149e-004
82 2-2  2.280e-005 -2.796e-005  5.163e-006 -1.083e-004  1.637e-004
82 2-3  6.611e-007  7.403e-006 -8.064e-006 -6.608e-006 -5.545e-005  6.206e-005
83  9.196e-001  6.891e-002  1.151e-002  9.005e-002  8.333e-001  7.670e-002 
83 1-1  5.873e-005
83 1-2 -5.233e-005  6.100e-005
83 1-3 -6.393e-006 -8.670e-006  1.506e-005
83 2-1 -2.713e-005  2.355e-005  3.577e-006  1.220e-004
83 2-2  2.611e-005 -3.300e-005  6.888e-006 -1.144e-004  1.788e-004
83 2-3  1.016e-006  9.448e-006 -1.046e-005 -7.565e-006 -6.444e-005  7.201e-005
84  9.138e-001  7.357e-002  1.264e-002  8.884e-002  8.279e-001  8.321e-002 
84 1-1  7.352e-005
84 1-2 -6.475e-005  7.626e-005
84 1-3 -8.764e-006 -1.151e-005  2.027e-005
84 2-1 -3.129e-005  2.689e-005  4.396e-006  1.294e-004
84 2-2  2.971e-005 -3.898e-005  9.270e-006 -1.205e-004  1.978e-004
84 2-3  1.584e-006  1.208e-005 -1.367e-005 -8.900e-006 -7.725e-005  8.615e-005
85  9.076e-001  7.852e-002  1.387e-002  8.760e-002  8.222e-001  9.021e-002 
85 1-1  9.186e-005
85 1-2 -7.985e-005  9.506e-005
85 1-3 -1.200e-005 -1.521e-005  2.722e-005
85 2-1 -3.598e-005  3.060e-005  5.387e-006  1.372e-004
85 2-2  3.353e-005 -4.605e-005  1.252e-005 -1.265e-004  2.217e-004
85 2-3  2.452e-006  1.545e-005 -1.791e-005 -1.074e-005 -9.522e-005  1.060e-004
86  9.010e-001  8.375e-002  1.522e-002  8.632e-002  8.159e-001  9.775e-002 
86 1-1  1.145e-004
86 1-2 -9.808e-005  1.181e-004
86 1-3 -1.639e-005 -2.003e-005  3.642e-005
86 2-1 -4.125e-005  3.467e-005  6.583e-006  1.452e-004
86 2-2  3.751e-005 -5.441e-005  1.690e-005 -1.320e-004  2.520e-004
86 2-3  3.739e-006  1.974e-005 -2.348e-005 -1.325e-005 -1.200e-004  1.333e-004
87  8.940e-001  8.928e-002  1.669e-002  8.500e-002  8.092e-001  1.058e-001 
87 1-1  1.422e-004
87 1-2 -1.199e-004  1.462e-004
87 1-3 -2.229e-005 -2.627e-005  4.856e-005
87 2-1 -4.713e-005  3.911e-005  8.024e-006  1.534e-004
87 2-2  4.154e-005 -6.428e-005  2.274e-005 -1.368e-004  2.905e-004
87 2-3  5.594e-006  2.517e-005 -3.076e-005 -1.662e-005 -1.537e-004  1.703e-004
88  8.866e-001  9.513e-002  1.830e-002  8.364e-002  8.019e-001  1.145e-001 
88 1-1  1.761e-004
88 1-2 -1.459e-004  1.803e-004
88 1-3 -3.013e-005 -3.433e-005  6.447e-005
88 2-1 -5.366e-005  4.391e-005  9.755e-006  1.617e-004
88 2-2  4.546e-005 -7.590e-005  3.044e-005 -1.406e-004  3.393e-004
88 2-3  8.208e-006  3.199e-005 -4.019e-005 -2.108e-005 -1.987e-004  2.198e-004
89  8.787e-001  1.013e-001  2.004e-002  8.224e-002  7.940e-001  1.238e-001 
89 1-1  2.171e-004
89 1-2 -1.766e-004  2.214e-004
89 1-3 -4.050e-005 -4.471e-005  8.521e-005
89 2-1 -6.088e-005  4.905e-005  1.183e-005  1.699e-004
89 2-2  4.906e-005 -8.956e-005  4.050e-005 -1.430e-004  4.011e-004
89 2-3  1.182e-005  4.051e-005 -5.233e-005 -2.691e-005 -2.580e-004  2.849e-004
90  8.703e-001  1.078e-001  2.194e-002  8.079e-002  7.855e-001  1.337e-001 
90 1-1  2.667e-004
90 1-2 -2.126e-004  2.707e-004
90 1-3 -5.408e-005 -5.802e-005  1.121e-004
90 2-1 -6.882e-005  5.451e-005  1.431e-005  1.781e-004
90 2-2  5.211e-005 -1.056e-004  5.352e-005 -1.437e-004  4.788e-004
90 2-3  1.672e-005  5.111e-005 -6.782e-005 -3.442e-005 -3.351e-004  3.695e-004