# BEFadl.txt
#IMaCh version 0.99r45, April 2023,INED-EUROREVES-Institut de longevite-Japan Society for the Promotion of Science (Grant-in-Aid for Scientific Research 25293121), Intel Software 2015-2020, Nihon University 2021-202, INED 2000-2022
#$Revision: 1.353 $ $Date: 2023/05/08 18:48:22 $
# Tue Feb 04 22:03:38 2025
#One-step probabilities and stand. devi in ()
# Age p1-1 (SE) p1-2 (SE) p1-3 (SE) p2-1 (SE) p2-2 (SE) p2-3 (SE)
50  9.926e-001 ( 1.384e-003)  6.960e-003 ( 1.393e-003)  4.577e-004 ( 3.098e-004)  1.196e-001 ( 2.202e-002)  8.760e-001 ( 2.210e-002)  4.446e-003 ( 2.292e-003) 
51  9.920e-001 ( 1.432e-003)  7.474e-003 ( 1.440e-003)  5.056e-004 ( 3.297e-004)  1.188e-001 ( 2.112e-002)  8.764e-001 ( 2.122e-002)  4.856e-003 ( 2.430e-003) 
52  9.914e-001 ( 1.479e-003)  8.025e-003 ( 1.485e-003)  5.585e-004 ( 3.504e-004)  1.180e-001 ( 2.024e-002)  8.767e-001 ( 2.036e-002)  5.304e-003 ( 2.574e-003) 
53  9.908e-001 ( 1.526e-003)  8.617e-003 ( 1.531e-003)  6.168e-004 ( 3.720e-004)  1.172e-001 ( 1.939e-002)  8.770e-001 ( 1.953e-002)  5.792e-003 ( 2.723e-003) 
54  9.901e-001 ( 1.573e-003)  9.251e-003 ( 1.576e-003)  6.812e-004 ( 3.943e-004)  1.164e-001 ( 1.855e-002)  8.773e-001 ( 1.871e-002)  6.326e-003 ( 2.879e-003) 
55  9.893e-001 ( 1.619e-003)  9.932e-003 ( 1.619e-003)  7.523e-004 ( 4.173e-004)  1.156e-001 ( 1.773e-002)  8.775e-001 ( 1.792e-002)  6.908e-003 ( 3.039e-003) 
56  9.885e-001 ( 1.665e-003)  1.066e-002 ( 1.662e-003)  8.308e-004 ( 4.410e-004)  1.148e-001 ( 1.693e-002)  8.776e-001 ( 1.716e-002)  7.544e-003 ( 3.205e-003) 
57  9.876e-001 ( 1.709e-003)  1.145e-002 ( 1.704e-003)  9.174e-004 ( 4.654e-004)  1.140e-001 ( 1.615e-002)  8.777e-001 ( 1.642e-002)  8.237e-003 ( 3.376e-003) 
58  9.867e-001 ( 1.753e-003)  1.229e-002 ( 1.744e-003)  1.013e-003 ( 4.903e-004)  1.132e-001 ( 1.540e-002)  8.778e-001 ( 1.572e-002)  8.994e-003 ( 3.552e-003) 
59  9.857e-001 ( 1.795e-003)  1.319e-002 ( 1.783e-003)  1.118e-003 ( 5.157e-004)  1.124e-001 ( 1.468e-002)  8.778e-001 ( 1.504e-002)  9.819e-003 ( 3.731e-003) 
60  9.846e-001 ( 1.837e-003)  1.415e-002 ( 1.821e-003)  1.235e-003 ( 5.415e-004)  1.116e-001 ( 1.399e-002)  8.777e-001 ( 1.441e-002)  1.072e-002 ( 3.914e-003) 
61  9.834e-001 ( 1.878e-003)  1.519e-002 ( 1.857e-003)  1.363e-003 ( 5.677e-004)  1.108e-001 ( 1.332e-002)  8.775e-001 ( 1.381e-002)  1.170e-002 ( 4.099e-003) 
62  9.822e-001 ( 1.919e-003)  1.630e-002 ( 1.893e-003)  1.504e-003 ( 5.943e-004)  1.100e-001 ( 1.269e-002)  8.772e-001 ( 1.325e-002)  1.277e-002 ( 4.286e-003) 
63  9.809e-001 ( 1.960e-003)  1.749e-002 ( 1.929e-003)  1.660e-003 ( 6.213e-004)  1.092e-001 ( 1.210e-002)  8.769e-001 ( 1.273e-002)  1.394e-002 ( 4.474e-003) 
64  9.794e-001 ( 2.002e-003)  1.876e-002 ( 1.966e-003)  1.832e-003 ( 6.489e-004)  1.083e-001 ( 1.155e-002)  8.764e-001 ( 1.227e-002)  1.521e-002 ( 4.661e-003) 
65  9.779e-001 ( 2.047e-003)  2.013e-002 ( 2.005e-003)  2.022e-003 ( 6.772e-004)  1.075e-001 ( 1.104e-002)  8.759e-001 ( 1.185e-002)  1.659e-002 ( 4.847e-003) 
66  9.762e-001 ( 2.095e-003)  2.159e-002 ( 2.049e-003)  2.231e-003 ( 7.068e-004)  1.067e-001 ( 1.058e-002)  8.752e-001 ( 1.149e-002)  1.810e-002 ( 5.029e-003) 
67  9.744e-001 ( 2.150e-003)  2.315e-002 ( 2.100e-003)  2.461e-003 ( 7.382e-004)  1.058e-001 ( 1.018e-002)  8.744e-001 ( 1.118e-002)  1.975e-002 ( 5.206e-003) 
68  9.725e-001 ( 2.213e-003)  2.483e-002 ( 2.161e-003)  2.714e-003 ( 7.725e-004)  1.050e-001 ( 9.826e-003)  8.735e-001 ( 1.092e-002)  2.154e-002 ( 5.378e-003) 
69  9.704e-001 ( 2.290e-003)  2.662e-002 ( 2.237e-003)  2.994e-003 ( 8.110e-004)  1.041e-001 ( 9.534e-003)  8.724e-001 ( 1.073e-002)  2.349e-002 ( 5.541e-003) 
70  9.682e-001 ( 2.383e-003)  2.853e-002 ( 2.332e-003)  3.301e-003 ( 8.558e-004)  1.032e-001 ( 9.303e-003)  8.712e-001 ( 1.059e-002)  2.561e-002 ( 5.696e-003) 
71  9.658e-001 ( 2.498e-003)  3.058e-002 ( 2.451e-003)  3.639e-003 ( 9.093e-004)  1.023e-001 ( 9.135e-003)  8.698e-001 ( 1.050e-002)  2.791e-002 ( 5.841e-003) 
72  9.632e-001 ( 2.641e-003)  3.277e-002 ( 2.601e-003)  4.011e-003 ( 9.748e-004)  1.014e-001 ( 9.031e-003)  8.682e-001 ( 1.047e-002)  3.042e-002 ( 5.975e-003) 
73  9.605e-001 ( 2.817e-003)  3.511e-002 ( 2.787e-003)  4.421e-003 ( 1.056e-003)  1.005e-001 ( 8.989e-003)  8.664e-001 ( 1.049e-002)  3.314e-002 ( 6.099e-003) 
74  9.575e-001 ( 3.033e-003)  3.761e-002 ( 3.016e-003)  4.871e-003 ( 1.158e-003)  9.955e-002 ( 9.007e-003)  8.644e-001 ( 1.056e-002)  3.610e-002 ( 6.213e-003) 
75  9.544e-001 ( 3.293e-003)  4.027e-002 ( 3.292e-003)  5.366e-003 ( 1.285e-003)  9.859e-002 ( 9.081e-003)  8.621e-001 ( 1.067e-002)  3.931e-002 ( 6.321e-003) 
76  9.510e-001 ( 3.605e-003)  4.312e-002 ( 3.621e-003)  5.909e-003 ( 1.442e-003)  9.761e-002 ( 9.207e-003)  8.596e-001 ( 1.083e-002)  4.279e-002 ( 6.429e-003) 
77  9.473e-001 ( 3.973e-003)  4.615e-002 ( 4.009e-003)  6.506e-003 ( 1.635e-003)  9.661e-002 ( 9.378e-003)  8.568e-001 ( 1.103e-002)  4.657e-002 ( 6.545e-003) 
78  9.435e-001 ( 4.403e-003)  4.938e-002 ( 4.460e-003)  7.161e-003 ( 1.869e-003)  9.558e-002 ( 9.590e-003)  8.538e-001 ( 1.127e-002)  5.066e-002 ( 6.683e-003) 
79  9.393e-001 ( 4.901e-003)  5.282e-002 ( 4.977e-003)  7.879e-003 ( 2.151e-003)  9.454e-002 ( 9.836e-003)  8.504e-001 ( 1.156e-002)  5.509e-002 ( 6.859e-003) 
80  9.349e-001 ( 5.470e-003)  5.648e-002 ( 5.567e-003)  8.667e-003 ( 2.486e-003)  9.346e-002 ( 1.011e-002)  8.467e-001 ( 1.190e-002)  5.989e-002 ( 7.097e-003) 
81  9.301e-001 ( 6.117e-003)  6.038e-002 ( 6.233e-003)  9.530e-003 ( 2.881e-003)  9.235e-002 ( 1.041e-002)  8.426e-001 ( 1.231e-002)  6.507e-002 ( 7.426e-003) 
82  9.250e-001 ( 6.846e-003)  6.452e-002 ( 6.979e-003)  1.047e-002 ( 3.344e-003)  9.122e-002 ( 1.072e-002)  8.381e-001 ( 1.280e-002)  7.066e-002 ( 7.878e-003) 
83  9.196e-001 ( 7.663e-003)  6.891e-002 ( 7.811e-003)  1.151e-002 ( 3.881e-003)  9.005e-002 ( 1.104e-002)  8.333e-001 ( 1.337e-002)  7.670e-002 ( 8.486e-003) 
84  9.138e-001 ( 8.574e-003)  7.357e-002 ( 8.733e-003)  1.264e-002 ( 4.502e-003)  8.884e-002 ( 1.138e-002)  8.279e-001 ( 1.406e-002)  8.321e-002 ( 9.282e-003) 
85  9.076e-001 ( 9.584e-003)  7.852e-002 ( 9.750e-003)  1.387e-002 ( 5.217e-003)  8.760e-002 ( 1.171e-002)  8.222e-001 ( 1.489e-002)  9.021e-002 ( 1.029e-002) 
86  9.010e-001 ( 1.070e-002)  8.375e-002 ( 1.087e-002)  1.522e-002 ( 6.035e-003)  8.632e-002 ( 1.205e-002)  8.159e-001 ( 1.587e-002)  9.775e-002 ( 1.154e-002) 
87  8.940e-001 ( 1.193e-002)  8.928e-002 ( 1.209e-002)  1.669e-002 ( 6.968e-003)  8.500e-002 ( 1.239e-002)  8.092e-001 ( 1.704e-002)  1.058e-001 ( 1.305e-002) 
88  8.866e-001 ( 1.327e-002)  9.513e-002 ( 1.343e-002)  1.830e-002 ( 8.029e-003)  8.364e-002 ( 1.271e-002)  8.019e-001 ( 1.842e-002)  1.145e-001 ( 1.483e-002) 
89  8.787e-001 ( 1.474e-002)  1.013e-001 ( 1.488e-002)  2.004e-002 ( 9.231e-003)  8.224e-002 ( 1.304e-002)  7.940e-001 ( 2.003e-002)  1.238e-001 ( 1.688e-002) 
90  8.703e-001 ( 1.633e-002)  1.078e-001 ( 1.645e-002)  2.194e-002 ( 1.059e-002)  8.079e-002 ( 1.335e-002)  7.855e-001 ( 2.188e-002)  1.337e-001 ( 1.922e-002) 