
#****** ******
# BEFadl.txt
#IMaCh version 0.99r45, April 2023,INED-EUROREVES-Institut de longevite-Japan Society for the Promotion of Science (Grant-in-Aid for Scientific Research 25293121), Intel Software 2015-2020, Nihon University 2021-202, INED 2000-2022
#$Revision: 1.353 $ $Date: 2023/05/08 18:48:22 $
# Tue Feb 04 22:03:38 2025
# Variance and covariance of health expectancies e.j 
#  (weighted average of eij where weights are the age specific period (stable) prevalences in each health state 
# Age Cov(e.1, e.1) Cov(e.1, e.2) Cov(e.2, e.1) Cov(e.2, e.2)
50  0.6043 -0.0527 -0.0527 0.1840
51  0.5905 -0.0501 -0.0501 0.1804
52  0.5765 -0.0476 -0.0476 0.1769
53  0.5625 -0.0451 -0.0451 0.1734
54  0.5485 -0.0426 -0.0426 0.1699
55  0.5346 -0.0401 -0.0401 0.1665
56  0.5208 -0.0378 -0.0378 0.1632
57  0.5070 -0.0355 -0.0355 0.1600
58  0.4935 -0.0333 -0.0333 0.1568
59  0.4803 -0.0313 -0.0313 0.1538
60  0.4672 -0.0294 -0.0294 0.1508
61  0.4545 -0.0276 -0.0276 0.1480
62  0.4422 -0.0260 -0.0260 0.1452
63  0.6729 0.1008 0.1008 0.2057
64  0.4187 -0.0233 -0.0233 0.1400
65  0.4076 -0.0221 -0.0221 0.1376
66  0.3969 -0.0212 -0.0212 0.1353
67  0.3867 -0.0203 -0.0203 0.1330
68  0.3769 -0.0196 -0.0196 0.1308
69  0.3675 -0.0190 -0.0190 0.1287
70  0.3586 -0.0184 -0.0184 0.1267
71  0.3500 -0.0179 -0.0179 0.1248
72  0.3417 -0.0174 -0.0174 0.1229
73  0.3336 -0.0168 -0.0168 0.1210
74  0.3256 -0.0161 -0.0161 0.1193
75  0.3177 -0.0154 -0.0154 0.1176
76  0.3098 -0.0146 -0.0146 0.1160
77  0.3018 -0.0136 -0.0136 0.1146
78  0.2936 -0.0125 -0.0125 0.1132
79  0.2851 -0.0113 -0.0113 0.1119
80  0.2762 -0.0100 -0.0100 0.1108
81  0.2670 -0.0087 -0.0087 0.1098
82  0.2573 -0.0073 -0.0073 0.1088
83  0.2473 -0.0060 -0.0060 0.1080
84  0.2368 -0.0048 -0.0048 0.1073
85  0.2260 -0.0037 -0.0037 0.1066
86  0.2149 -0.0027 -0.0027 0.1059
87  0.2036 -0.0020 -0.0020 0.1051
88  0.1921 -0.0015 -0.0015 0.1043
89  0.1807 -0.0012 -0.0012 0.1034
90  0.1693 -0.0012 -0.0012 0.1024
