
#****** ******
# BEFadl.txt
#IMaCh version 0.99r45, April 2023,INED-EUROREVES-Institut de longevite-Japan Society for the Promotion of Science (Grant-in-Aid for Scientific Research 25293121), Intel Software 2015-2020, Nihon University 2021-202, INED 2000-2022
#$Revision: 1.353 $ $Date: 2023/05/08 18:48:22 $
# Tue Feb 04 22:03:38 2025
# Standard deviation of period (forward stable) prevalences 
# Age  Result#  1-1 2-2
50 1  0.95833 (0.00978) 0.04169 (0.00982)
51 1  0.95522 (0.01013) 0.04481 (0.01017)
52 1  0.95189 (0.01048) 0.04813 (0.01051)
53 1  0.94834 (0.01082) 0.05169 (0.01086)
54 1  0.94455 (0.01115) 0.05548 (0.01119)
55 1  0.94050 (0.01147) 0.05953 (0.01151)
56 1  0.93619 (0.01178) 0.06384 (0.01182)
57 1  0.93160 (0.01207) 0.06844 (0.01211)
58 1  0.92672 (0.01235) 0.07332 (0.01239)
59 1  0.92154 (0.01260) 0.07850 (0.01265)
60 1  0.91604 (0.01284) 0.08400 (0.01288)
61 1  0.91021 (0.01305) 0.08984 (0.01310)
62 1  0.90405 (0.01324) 0.09600 (0.01329)
63 1  0.89753 (0.01334) 0.10252 (0.03951)
64 1  0.89066 (0.01356) 0.10940 (0.01360)
65 1  0.88342 (0.01368) 0.11664 (0.01373)
66 1  0.87580 (0.01379) 0.12427 (0.01384)
67 1  0.86781 (0.01389) 0.13226 (0.01394)
68 1  0.85943 (0.01398) 0.14065 (0.01403)
69 1  0.85067 (0.01408) 0.14941 (0.01413)
70 1  0.84153 (0.01420) 0.15856 (0.01425)
71 1  0.83201 (0.01436) 0.16809 (0.01441)
72 1  0.82211 (0.01456) 0.17798 (0.01460)
73 1  0.81185 (0.01483) 0.18825 (0.01487)
74 1  0.80124 (0.01518) 0.19887 (0.01523)
75 1  0.79029 (0.01564) 0.20984 (0.01568)
76 1  0.77901 (0.01622) 0.22110 (0.01625)
77 1  0.76744 (0.01693) 0.23269 (0.01696)
78 1  0.75558 (0.01778) 0.24455 (0.01782)
79 1  0.74347 (0.01879) 0.25667 (0.01882)
80 1  0.73113 (0.01995) 0.26901 (0.01997)
81 1  0.71859 (0.02126) 0.28155 (0.02128)
82 1  0.70589 (0.02272) 0.29429 (0.02275)
83 1  0.69305 (0.02434) 0.30713 (0.02436)
84 1  0.68010 (0.02611) 0.32008 (0.02613)
85 1  0.66708 (0.02802) 0.33310 (0.02804)
86 1  0.65403 (0.03008) 0.34618 (0.03010)
87 1  0.64097 (0.03229) 0.35924 (0.03231)
88 1  0.62793 (0.03465) 0.37227 (0.03466)
89 1  0.61495 (0.03716) 0.38528 (0.03717)
90 1  0.60205 (0.03982) 0.39817 (0.03983)
