# GRFsr.txt
#IMaCh version 0.99r45, April 2023,INED-EUROREVES-Institut de longevite-Japan Society for the Promotion of Science (Grant-in-Aid for Scientific Research 25293121), Intel Software 2015-2020, Nihon University 2021-202, INED 2000-2022
#$Revision: 1.353 $ $Date: 2023/05/08 18:48:22 $
# Tue Feb 04 22:13:35 2025
# Forward period (stable) prevalence. Precision given by ftolpl=0.0006 
#Age 1-1 2-2 
#************
#Age   1-1     2-2   Total Years_to_converge
50  0.97674 0.02327 1.000 21
51  0.97349 0.02652 1.000 21
52  0.96981 0.03021 1.000 22
53  0.96563 0.03439 1.000 22
54  0.96090 0.03912 1.000 22
55  0.95556 0.04446 1.000 23
56  0.94953 0.05049 1.000 23
57  0.94273 0.05729 1.000 24
58  0.93509 0.06494 1.000 24
59  0.92651 0.07352 1.000 24
60  0.91691 0.08313 1.000 25
61  0.90618 0.09386 1.000 25
62  0.89423 0.10581 1.000 26
63  0.88097 0.11910 1.000 26
64  0.86628 0.13379 1.000 26
65  0.85009 0.14998 1.000 27
66  0.83232 0.16776 1.000 27
67  0.81288 0.18722 1.000 27
68  0.79173 0.20838 1.000 28
69  0.76884 0.23127 1.000 28
70  0.74418 0.25596 1.000 28
71  0.71779 0.28235 1.000 29
72  0.68973 0.31045 1.000 29
73  0.66006 0.34011 1.000 29
74  0.62893 0.37128 1.000 29
75  0.59649 0.40371 1.000 30
76  0.56293 0.43731 1.000 30
77  0.52847 0.47179 1.000 30
78  0.49337 0.50692 1.000 30
79  0.45787 0.54238 1.000 30
80  0.42225 0.57797 1.000 31
81  0.38678 0.61344 1.000 31
82  0.35172 0.64847 1.000 31
83  0.31733 0.68286 1.000 31
84  0.28385 0.71630 1.000 32
85  0.25153 0.74860 1.000 32
86  0.22062 0.77951 1.000 31
87  0.19139 0.80872 1.000 31
88  0.16412 0.83598 1.000 31
89  0.13909 0.86098 1.000 30
90  0.11661 0.88346 1.000 29
