# GRFsr.txt
#IMaCh version 0.99r45, April 2023,INED-EUROREVES-Institut de longevite-Japan Society for the Promotion of Science (Grant-in-Aid for Scientific Research 25293121), Intel Software 2015-2020, Nihon University 2021-202, INED 2000-2022
#$Revision: 1.353 $ $Date: 2023/05/08 18:48:22 $
# Tue Feb 04 22:13:35 2025
# probabilities of dying before estepm=6 months for people of exact age and weighted probabilities w1*p1j+w2*p2j+... stand dev in()
# Selected quantitative variables and dummies
# Age cov=1 p.3 SE w1 p13 w2 p23
 50 1   2.112e-005  1.337e-005  9.767e-001  1.906e-006   2.327e-002  8.274e-004 
 51 1   2.756e-005  1.685e-005  9.735e-001  2.558e-006   2.652e-002  9.452e-004 
 52 1   3.594e-005  2.119e-005  9.698e-001  3.434e-006   3.021e-002  1.079e-003 
 53 1   4.683e-005  2.662e-005  9.656e-001  4.610e-006   3.439e-002  1.232e-003 
 54 1   6.096e-005  3.336e-005  9.609e-001  6.187e-006   3.912e-002  1.406e-003 
 55 1   7.928e-005  4.172e-005  9.556e-001  8.304e-006   4.446e-002  1.605e-003 
 56 1   1.030e-004  5.206e-005  9.495e-001  1.114e-005   5.049e-002  1.830e-003 
 57 1   1.337e-004  6.480e-005  9.427e-001  1.495e-005   5.729e-002  2.087e-003 
 58 1   1.733e-004  8.047e-005  9.351e-001  2.006e-005   6.494e-002  2.380e-003 
 59 1   2.243e-004  9.963e-005  9.265e-001  2.691e-005   7.352e-002  2.712e-003 
 60 1   2.900e-004  1.230e-004  9.169e-001  3.609e-005   8.313e-002  3.090e-003 
 61 1   3.743e-004  1.513e-004  9.062e-001  4.839e-005   9.386e-002  3.520e-003 
 62 1   4.823e-004  1.869e-004  8.942e-001  6.488e-005   1.058e-001  4.009e-003 
 63 1   6.203e-004  2.268e-004  8.810e-001  8.697e-005   1.191e-001  4.565e-003 
 64 1   7.961e-004  2.761e-004  8.663e-001  1.165e-004   1.338e-001  5.196e-003 
 65 1   1.019e-003  3.347e-004  8.501e-001  1.561e-004   1.500e-001  5.913e-003 
 66 1   1.302e-003  4.034e-004  8.323e-001  2.091e-004   1.678e-001  6.726e-003 
 67 1   1.660e-003  4.853e-004  8.129e-001  2.800e-004   1.872e-001  7.650e-003 
 68 1   2.109e-003  5.802e-004  7.917e-001  3.748e-004   2.084e-001  8.698e-003 
 69 1   2.672e-003  6.899e-004  7.688e-001  5.014e-004   2.313e-001  9.886e-003 
 70 1   3.374e-003  8.160e-004  7.442e-001  6.705e-004   2.560e-001  1.123e-002 
 71 1   4.246e-003  9.596e-004  7.178e-001  8.961e-004   2.823e-001  1.276e-002 
 72 1   5.324e-003  1.122e-003  6.897e-001  1.197e-003   3.105e-001  1.449e-002 
 73 1   6.649e-003  1.303e-003  6.601e-001  1.598e-003   3.401e-001  1.645e-002 
 74 1   8.270e-003  1.504e-003  6.289e-001  2.132e-003   3.713e-001  1.866e-002 
 75 1   1.024e-002  1.725e-003  5.965e-001  2.841e-003   4.037e-001  2.117e-002 
 76 1   1.262e-002  1.966e-003  5.629e-001  3.783e-003   4.373e-001  2.400e-002 
 77 1   1.549e-002  2.227e-003  5.285e-001  5.031e-003   4.718e-001  2.719e-002 
 78 1   1.891e-002  2.508e-003  4.934e-001  6.682e-003   5.069e-001  3.080e-002 
 79 1   2.296e-002  2.813e-003  4.579e-001  8.863e-003   5.424e-001  3.486e-002 
 80 1   2.774e-002  3.147e-003  4.223e-001  1.173e-002   5.780e-001  3.943e-002 
 81 1   3.334e-002  3.528e-003  3.868e-001  1.550e-002   6.134e-001  4.457e-002 
 82 1   3.983e-002  3.984e-003  3.517e-001  2.043e-002   6.485e-001  5.033e-002 
 83 1   4.731e-002  4.560e-003  3.173e-001  2.685e-002   6.829e-001  5.680e-002 
 84 1   5.585e-002  5.493e-003  2.838e-001  3.517e-002   7.163e-001  6.404e-002 
 85 1   6.553e-002  6.349e-003  2.515e-001  4.588e-002   7.486e-001  7.212e-002 
 86 1   7.638e-002  7.717e-003  2.206e-001  5.954e-002   7.795e-001  8.113e-002 
 87 1   8.841e-002  9.489e-003  1.914e-001  7.683e-002   8.087e-001  9.114e-002 
 88 1   1.016e-001  1.171e-002  1.641e-001  9.844e-002   8.360e-001  1.023e-001 
 89 1   1.160e-001  1.442e-002  1.391e-001  1.251e-001   8.610e-001  1.145e-001 
 90 1   1.315e-001  1.763e-002  1.166e-001  1.574e-001   8.835e-001  1.281e-001 
