# GRFsr.txt
#IMaCh version 0.99r45, April 2023,INED-EUROREVES-Institut de longevite-Japan Society for the Promotion of Science (Grant-in-Aid for Scientific Research 25293121), Intel Software 2015-2020, Nihon University 2021-202, INED 2000-2022
#$Revision: 1.353 $ $Date: 2023/05/08 18:48:22 $
# Tue Feb 04 22:13:35 2025
#One-step probabilities and covariance matrix
# Age p1-1  p1-2  p1-3  p2-1  p2-2  p2-3 
50  9.946e-001  5.369e-003  1.906e-006  1.570e-001  8.421e-001  8.274e-004 
50 1-1  2.044e-006
50 1-2 -2.044e-006  2.045e-006
50 1-3  3.511e-010 -3.729e-010  2.176e-011
50 2-1 -7.925e-006  7.922e-006  2.774e-009  1.041e-003
50 2-2  7.959e-006 -7.957e-006 -2.055e-009 -1.040e-003  1.040e-003
50 2-3 -3.493e-008  3.565e-008 -7.193e-010 -9.247e-007  6.455e-007  2.792e-007
51  9.940e-001  5.965e-003  2.558e-006  1.508e-001  8.482e-001  9.452e-004 
51 1-1  2.332e-006
51 1-2 -2.333e-006  2.333e-006
51 1-3  4.935e-010 -5.306e-010  3.703e-011
51 2-1 -7.805e-006  7.802e-006  3.272e-009  8.970e-004
51 2-2  7.847e-006 -7.844e-006 -2.232e-009 -8.961e-004  8.956e-004
51 2-3 -4.139e-008  4.243e-008 -1.040e-009 -8.960e-007  5.532e-007  3.428e-007
52  9.934e-001  6.627e-003  3.434e-006  1.448e-001  8.541e-001  1.079e-003 
52 1-1  2.653e-006
52 1-2 -2.654e-006  2.655e-006
52 1-3  6.913e-010 -7.542e-010  6.291e-011
52 2-1 -7.659e-006  7.655e-006  3.839e-009  7.699e-004
52 2-2  7.708e-006 -7.705e-006 -2.339e-009 -7.690e-004  7.685e-004
52 2-3 -4.883e-008  5.033e-008 -1.500e-009 -8.644e-007  4.444e-007  4.200e-007
53  9.926e-001  7.361e-003  4.610e-006  1.390e-001  8.598e-001  1.232e-003 
53 1-1  3.009e-006
53 1-2 -3.010e-006  3.011e-006
53 1-3  9.643e-010 -1.071e-009  1.067e-010
53 2-1 -7.487e-006  7.482e-006  4.480e-009  6.581e-004
53 2-2  7.544e-006 -7.542e-006 -2.321e-009 -6.573e-004  6.570e-004
53 2-3 -5.733e-008  5.949e-008 -2.159e-009 -8.301e-007  3.169e-007  5.132e-007
54  9.918e-001  8.177e-003  6.187e-006  1.334e-001  8.652e-001  1.406e-003 
54 1-1  3.403e-006
54 1-2 -3.404e-006  3.405e-006
54 1-3  1.339e-009 -1.519e-009  1.805e-010
54 2-1 -7.290e-006  7.285e-006  5.198e-009  5.604e-004
54 2-2  7.357e-006 -7.355e-006 -2.098e-009 -5.596e-004  5.594e-004
54 2-3 -6.697e-008  7.007e-008 -3.100e-009 -7.937e-007  1.682e-007  6.255e-007
55  9.909e-001  9.082e-003  8.304e-006  1.280e-001  8.704e-001  1.605e-003 
55 1-1  3.834e-006
55 1-2 -3.836e-006  3.838e-006
55 1-3  1.848e-009 -2.153e-009  3.049e-010
55 2-1 -7.070e-006  7.064e-006  5.993e-009  4.753e-004
55 2-2  7.148e-006 -7.146e-006 -1.552e-009 -4.746e-004  4.746e-004
55 2-3 -7.779e-008  8.223e-008 -4.441e-009 -7.555e-007 -4.670e-009  7.602e-007
56  9.899e-001  1.009e-002  1.114e-005  1.227e-001  8.755e-001  1.830e-003 
56 1-1  4.306e-006
56 1-2 -4.308e-006  4.311e-006
56 1-3  2.534e-009 -3.048e-009  5.137e-010
56 2-1 -6.830e-006  6.823e-006  6.862e-009  4.016e-004
56 2-2  6.920e-006 -6.919e-006 -5.177e-010 -4.009e-004  4.011e-004
56 2-3 -8.978e-008  9.613e-008 -6.345e-009 -7.163e-007 -2.051e-007  9.213e-007
57  9.888e-001  1.120e-002  1.495e-005  1.177e-001  8.803e-001  2.087e-003 
57 1-1  4.818e-006
57 1-2 -4.821e-006  4.826e-006
57 1-3  3.446e-009 -4.309e-009  8.634e-010
57 2-1 -6.573e-006  6.565e-006  7.800e-009  3.381e-004
57 2-2  6.676e-006 -6.677e-006  1.240e-009 -3.374e-004  3.378e-004
57 2-3 -1.029e-007  1.119e-007 -9.040e-009 -6.764e-007 -4.368e-007  1.113e-006
58  9.875e-001  1.244e-002  2.006e-005  1.128e-001  8.848e-001  2.380e-003 
58 1-1  5.371e-006
58 1-2 -5.376e-006  5.382e-006
58 1-3  4.639e-009 -6.087e-009  1.447e-009
58 2-1 -6.303e-006  6.294e-006  8.796e-009  2.836e-004
58 2-2  6.420e-006 -6.424e-006  4.047e-009 -2.830e-004  2.837e-004
58 2-3 -1.170e-007  1.298e-007 -1.284e-008 -6.368e-007 -7.041e-007  1.341e-006
59  9.862e-001  1.381e-002  2.691e-005  1.081e-001  8.892e-001  2.712e-003 
59 1-1  5.965e-006
59 1-2 -5.971e-006  5.980e-006
59 1-3  6.168e-009 -8.588e-009  2.419e-009
59 2-1 -6.024e-006  6.015e-006  9.834e-009  2.372e-004
59 2-2  6.156e-006 -6.165e-006  8.355e-009 -2.366e-004  2.376e-004
59 2-3 -1.318e-007  1.500e-007 -1.819e-008 -5.980e-007 -1.012e-006  1.610e-006
60  9.846e-001  1.532e-002  3.609e-005  1.035e-001  8.934e-001  3.090e-003 
60 1-1  6.600e-006
60 1-2 -6.608e-006  6.620e-006
60 1-3  8.072e-009 -1.210e-008  4.032e-009
60 2-1 -5.743e-006  5.732e-006  1.089e-008  1.979e-004
60 2-2  5.890e-006 -5.905e-006  1.478e-008 -1.973e-004  1.987e-004
60 2-3 -1.469e-007  1.726e-007 -2.568e-008 -5.608e-007 -1.365e-006  1.925e-006
61  9.829e-001  1.701e-002  4.839e-005  9.916e-002  8.973e-001  3.520e-003 
61 1-1  7.276e-006
61 1-2 -7.286e-006  7.303e-006
61 1-3  1.034e-008 -1.704e-008  6.697e-009
61 2-1 -5.467e-006  5.455e-006  1.194e-008  1.648e-004
61 2-2  5.628e-006 -5.652e-006  2.417e-008 -1.643e-004  1.660e-004
61 2-3 -1.617e-007  1.978e-007 -3.611e-008 -5.262e-007 -1.768e-006  2.294e-006
62  9.811e-001  1.887e-002  6.488e-005  9.494e-002  9.010e-001  4.009e-003 
62 1-1  7.994e-006
62 1-2 -8.007e-006  8.031e-006
62 1-3  1.289e-008 -2.397e-008  1.109e-008
62 2-1 -5.202e-006  5.189e-006  1.296e-008  1.372e-004
62 2-2  5.377e-006 -5.415e-006  3.764e-008 -1.367e-004  1.389e-004
62 2-3 -1.752e-007  2.258e-007 -5.060e-008 -4.948e-007 -2.228e-006  2.723e-006
63  9.790e-001  2.093e-002  8.697e-005  9.088e-002  9.046e-001  4.565e-003 
63 1-1  8.759e-006
63 1-2 -8.774e-006  8.808e-006
63 1-3  1.542e-008 -3.370e-008  1.828e-008
63 2-1 -4.958e-006  4.944e-006  1.391e-008  1.143e-004
63 2-2  5.145e-006 -5.201e-006  5.671e-008 -1.138e-004  1.166e-004
63 2-3 -1.864e-007  2.570e-007 -7.061e-008 -4.676e-007 -2.750e-006  3.218e-006
64  9.767e-001  2.322e-002  1.165e-004  8.698e-002  9.078e-001  5.196e-003 
64 1-1  9.577e-006
64 1-2 -9.594e-006  9.641e-006
64 1-3  1.732e-008 -4.734e-008  3.002e-008
64 2-1 -4.746e-006  4.731e-006  1.477e-008  9.552e-005
64 2-2  4.939e-006 -5.023e-006  8.334e-008 -9.507e-005  9.841e-005
64 2-3 -1.935e-007  2.916e-007 -9.810e-008 -4.454e-007 -3.340e-006  3.786e-006
65  9.741e-001  2.574e-002  1.561e-004  8.321e-002  9.109e-001  5.913e-003 
65 1-1  1.046e-005
65 1-2 -1.048e-005  1.055e-005
65 1-3  1.741e-008 -6.648e-008  4.907e-008
65 2-1 -4.576e-006  4.561e-006  1.553e-008  8.028e-005
65 2-2  4.771e-006 -4.891e-006  1.201e-007 -7.985e-005  8.385e-005
65 2-3 -1.947e-007  3.303e-007 -1.356e-007 -4.291e-007 -4.002e-006  4.431e-006
66  9.713e-001  2.854e-002  2.091e-004  7.959e-002  9.137e-001  6.726e-003 
66 1-1  1.144e-005
66 1-2 -1.145e-005  1.155e-005
66 1-3  1.352e-008 -9.334e-008  7.981e-008
66 2-1 -4.463e-006  4.447e-006  1.622e-008  6.806e-005
66 2-2  4.650e-006 -4.820e-006  1.704e-007 -6.764e-005  7.238e-005
66 2-3 -1.873e-007  3.739e-007 -1.866e-007 -4.194e-007 -4.741e-006  5.160e-006
67  9.681e-001  3.162e-002  2.800e-004  7.611e-002  9.162e-001  7.650e-003 
67 1-1  1.255e-005
67 1-2 -1.255e-005  1.268e-005
67 1-3  1.954e-009 -1.311e-007  1.291e-007
67 2-1 -4.419e-006  4.402e-006  1.694e-008  5.840e-005
67 2-2  4.588e-006 -4.826e-006  2.383e-007 -5.799e-005  6.354e-005
67 2-3 -1.685e-007  4.237e-007 -2.552e-007 -4.171e-007 -5.557e-006  5.975e-006
68  9.646e-001  3.502e-002  3.748e-004  7.276e-002  9.185e-001  8.698e-003 
68 1-1  1.385e-005
68 1-2 -1.383e-005  1.401e-005
68 1-3 -2.346e-008 -1.842e-007  2.077e-007
68 2-1 -4.461e-006  4.443e-006  1.786e-008  5.090e-005
68 2-2  4.596e-006 -4.925e-006  3.290e-007 -5.047e-005  5.693e-005
68 2-3 -1.349e-007  4.818e-007 -3.469e-007 -4.229e-007 -6.453e-006  6.876e-006
69  9.607e-001  3.878e-002  5.014e-004  6.953e-002  9.206e-001  9.886e-003 
69 1-1  1.544e-005
69 1-2 -1.537e-005  1.563e-005
69 1-3 -7.264e-008 -2.592e-007  3.319e-007
69 2-1 -4.607e-006  4.587e-006  1.936e-008  4.518e-005
69 2-2  4.689e-006 -5.139e-006  4.491e-007 -4.475e-005  5.217e-005
69 2-3 -8.290e-008  5.513e-007 -4.684e-007 -4.374e-007 -7.424e-006  7.862e-006
70  9.564e-001  4.292e-002  6.705e-004  6.643e-002  9.223e-001  1.123e-002 
70 1-1  1.746e-005
70 1-2 -1.730e-005  1.767e-005
70 1-3 -1.611e-007 -3.654e-007  5.265e-007
70 2-1 -4.873e-006  4.851e-006  2.202e-008  4.095e-005
70 2-2  4.883e-006 -5.488e-006  6.059e-007 -4.049e-005  4.896e-005
70 2-3 -9.257e-009  6.372e-007 -6.279e-007 -4.610e-007 -8.465e-006  8.926e-006
71  9.516e-001  4.748e-002  8.961e-004  6.344e-002  9.238e-001  1.276e-002 
71 1-1  2.011e-005
71 1-2 -1.980e-005  2.031e-005
71 1-3 -3.123e-007 -5.163e-007  8.287e-007
71 2-1 -5.281e-006  5.255e-006  2.681e-008  3.793e-005
71 2-2  5.193e-006 -6.001e-006  8.082e-007 -3.743e-005  4.700e-005
71 2-3  8.855e-008  7.464e-007 -8.350e-007 -4.942e-007 -9.567e-006  1.006e-005
72  9.463e-001  5.248e-002  1.197e-003  6.057e-002  9.249e-001  1.449e-002 
72 1-1  2.367e-005
72 1-2 -2.310e-005  2.384e-005
72 1-3 -5.610e-007 -7.319e-007  1.293e-006
72 2-1 -5.852e-006  5.817e-006  3.525e-008  3.587e-005
72 2-2  5.641e-006 -6.706e-006  1.066e-006 -3.533e-005  4.605e-005
72 2-3  2.111e-007  8.897e-007 -1.101e-006 -5.374e-007 -1.072e-005  1.125e-005
73  9.404e-001  5.798e-002  1.598e-003  5.781e-002  9.257e-001  1.645e-002 
73 1-1  2.851e-005
73 1-2 -2.756e-005  2.860e-005
73 1-3 -9.564e-007 -1.041e-006  1.998e-006
73 2-1 -6.606e-006  6.557e-006  4.962e-008  3.458e-005
73 2-2  6.251e-006 -7.639e-006  1.388e-006 -3.398e-005  4.588e-005
73 2-3  3.557e-007  1.082e-006 -1.438e-006 -5.912e-007 -1.190e-005  1.249e-005
74  9.339e-001  6.401e-002  2.132e-003  5.515e-002  9.262e-001  1.866e-002 
74 1-1  3.517e-005
74 1-2 -3.360e-005  3.509e-005
74 1-3 -1.566e-006 -1.488e-006  3.054e-006
74 2-1 -7.568e-006  7.494e-006  7.332e-008  3.387e-005
74 2-2  7.054e-006 -8.839e-006  1.785e-006 -3.321e-005  4.630e-005
74 2-3  5.141e-007  1.345e-006 -1.859e-006 -6.561e-007 -1.309e-005  1.375e-005
75  9.266e-001  7.061e-002  2.841e-003  5.259e-002  9.262e-001  2.117e-002 
75 1-1  4.430e-005
75 1-2 -4.183e-005  4.396e-005
75 1-3 -2.477e-006 -2.136e-006  4.613e-006
75 2-1 -8.759e-006  8.648e-006  1.113e-007  3.359e-005
75 2-2  8.089e-006 -1.036e-005  2.266e-006 -3.286e-005  4.715e-005
75 2-3  6.701e-007  1.707e-006 -2.377e-006 -7.334e-007 -1.429e-005  1.503e-005
76  9.184e-001  7.780e-002  3.783e-003  5.013e-002  9.259e-001  2.400e-002 
76 1-1  5.677e-005
76 1-2 -5.297e-005  5.605e-005
76 1-3 -3.798e-006 -3.080e-006  6.878e-006
76 2-1 -1.020e-005  1.003e-005  1.708e-007  3.363e-005
76 2-2  9.406e-006 -1.224e-005  2.837e-006 -3.280e-005  4.830e-005
76 2-3  7.970e-007  2.211e-006 -3.008e-006 -8.250e-007 -1.550e-005  1.632e-005
77  9.093e-001  8.564e-002  5.031e-003  4.775e-002  9.251e-001  2.719e-002 
77 1-1  7.361e-005
77 1-2 -6.796e-005  7.242e-005
77 1-3 -5.649e-006 -4.464e-006  1.011e-005
77 2-1 -1.192e-005  1.166e-005  2.621e-007  3.386e-005
77 2-2  1.107e-005 -1.457e-005  3.505e-006 -3.293e-005  4.966e-005
77 2-3  8.552e-007  2.911e-006 -3.767e-006 -9.339e-007 -1.674e-005  1.767e-005
78  8.992e-001  9.414e-002  6.682e-003  4.547e-002  9.237e-001  3.080e-002 
78 1-1  9.608e-005
78 1-2 -8.792e-005  9.442e-005
78 1-3 -8.158e-006 -6.496e-006  1.465e-005
78 2-1 -1.394e-005  1.354e-005  3.996e-007  3.421e-005
78 2-2  1.315e-005 -1.742e-005  4.275e-006 -3.314e-005  5.122e-005
78 2-3  7.920e-007  3.883e-006 -4.675e-006 -1.065e-006 -1.808e-005  1.914e-005
79  8.878e-001  1.033e-001  8.863e-003  4.327e-002  9.219e-001  3.486e-002 
79 1-1  1.256e-004
79 1-2 -1.142e-004  1.237e-004
79 1-3 -1.144e-005 -9.493e-006  2.093e-005
79 2-1 -1.627e-005  1.567e-005  6.037e-007  3.459e-005
79 2-2  1.573e-005 -2.089e-005  5.168e-006 -3.336e-005  5.304e-005
79 2-3  5.473e-007  5.224e-006 -5.771e-006 -1.227e-006 -1.968e-005  2.090e-005
80  8.750e-001  1.132e-001  1.173e-002  4.115e-002  9.194e-001  3.943e-002 
80 1-1  1.638e-004
80 1-2 -1.482e-004  1.621e-004
80 1-3 -1.562e-005 -1.393e-005  2.955e-005
80 2-1 -1.894e-005  1.804e-005  9.029e-007  3.495e-005
80 2-2  1.887e-005 -2.511e-005  6.235e-006 -3.352e-005  5.532e-005
80 2-3  6.863e-008  7.069e-006 -7.138e-006 -1.430e-006 -2.180e-005  2.322e-005
81  8.607e-001  1.238e-001  1.550e-002  3.911e-002  9.163e-001  4.457e-002 
81 1-1  2.124e-004
81 1-2 -1.915e-004  2.120e-004
81 1-3 -2.090e-005 -2.054e-005  4.144e-005
81 2-1 -2.196e-005  2.062e-005  1.337e-006  3.524e-005
81 2-2  2.261e-005 -3.022e-005  7.608e-006 -3.355e-005  5.843e-005
81 2-3 -6.530e-007  9.597e-006 -8.944e-006 -1.691e-006 -2.488e-005  2.657e-005
82  8.445e-001  1.351e-001  2.043e-002  3.714e-002  9.125e-001  5.033e-002 
82 1-1  2.733e-004
82 1-2 -2.454e-004  2.759e-004
82 1-3 -2.792e-005 -3.048e-005  5.840e-005
82 2-1 -2.534e-005  2.338e-005  1.959e-006  3.543e-005
82 2-2  2.686e-005 -3.644e-005  9.583e-006 -3.339e-005  6.303e-005
82 2-3 -1.516e-006  1.306e-005 -1.154e-005 -2.035e-006 -2.964e-005  3.167e-005
83  8.263e-001  1.469e-001  2.685e-002  3.524e-002  9.080e-001  5.680e-002 
83 1-1  3.493e-004
83 1-2 -3.108e-004  3.565e-004
83 1-3 -3.854e-005 -4.574e-005  8.428e-005
83 2-1 -2.910e-005  2.625e-005  2.844e-006  3.548e-005
83 2-2  3.129e-005 -4.406e-005  1.278e-005 -3.298e-005  7.012e-005
83 2-3 -2.192e-006  1.781e-005 -1.562e-005 -2.495e-006 -3.714e-005  3.963e-005
84  8.056e-001  1.592e-001  3.517e-002  3.340e-002  9.026e-001  6.404e-002 
84 1-1  4.448e-004
84 1-2 -3.870e-004  4.568e-004
84 1-3 -5.779e-005 -6.983e-005  1.276e-004
84 2-1 -3.323e-005  2.914e-005  4.090e-006  3.538e-005
84 2-2  3.516e-005 -5.353e-005  1.837e-005 -3.227e-005  8.123e-005
84 2-3 -1.929e-006  2.439e-005 -2.246e-005 -3.113e-006 -4.896e-005  5.207e-005
85  7.822e-001  1.719e-001  4.588e-002  3.162e-002  8.963e-001  7.212e-002 
85 1-1  5.682e-004
85 1-2 -4.706e-004  5.799e-004
85 1-3 -9.760e-005 -1.093e-004  2.069e-004
85 2-1 -3.775e-005  3.193e-005  5.827e-006  3.511e-005
85 2-2  3.703e-005 -6.554e-005  2.851e-005 -3.116e-005  9.853e-005
85 2-3  7.244e-007  3.361e-005 -3.434e-005 -3.948e-006 -6.736e-005  7.131e-005
86  7.558e-001  1.846e-001  5.954e-002  2.991e-002  8.890e-001  8.113e-002 
86 1-1  7.365e-004
86 1-2 -5.528e-004  7.297e-004
86 1-3 -1.837e-004 -1.769e-004  3.606e-004
86 2-1 -4.266e-005  3.444e-005  8.222e-006  3.468e-005
86 2-2  3.434e-005 -8.123e-005  4.689e-005 -2.960e-005  1.251e-004
86 2-3  8.317e-006  4.679e-005 -5.511e-005 -5.075e-006 -9.549e-005  1.006e-004
87  7.260e-001  1.972e-001  7.683e-002  2.825e-002  8.806e-001  9.114e-002 
87 1-1  9.818e-004
87 1-2 -6.154e-004  9.120e-004
87 1-3 -3.665e-004 -2.966e-004  6.631e-004
87 2-1 -4.794e-005  3.646e-005  1.148e-005  3.407e-005
87 2-2  2.299e-005 -1.025e-004  7.948e-005 -2.748e-005  1.651e-004
87 2-3  2.495e-005  6.601e-005 -9.096e-005 -6.583e-006 -1.376e-004  1.442e-004
88  6.925e-001  2.091e-001  9.844e-002  2.665e-002  8.711e-001  1.023e-001 
88 1-1  1.359e-003
88 1-2 -6.240e-004  1.137e-003
88 1-3 -7.353e-004 -5.128e-004  1.248e-003
88 2-1 -5.358e-005  3.774e-005  1.584e-005  3.329e-005
88 2-2 -3.153e-006 -1.323e-004  1.354e-004 -2.471e-005  2.239e-004
88 2-3  5.674e-005  9.451e-005 -1.512e-004 -8.586e-006 -1.992e-004  2.078e-004
89  6.551e-001  2.198e-001  1.251e-001  2.510e-002  8.604e-001  1.145e-001 
89 1-1  1.954e-003
89 1-2 -5.211e-004  1.424e-003
89 1-3 -1.433e-003 -9.028e-004  2.335e-003
89 2-1 -5.954e-005  3.798e-005  2.156e-005  3.236e-005
89 2-2 -5.246e-005 -1.752e-004  2.277e-004 -2.114e-005  3.088e-004
89 2-3  1.120e-004  1.372e-004 -2.492e-004 -1.121e-005 -2.877e-004  2.989e-004
90  6.136e-001  2.290e-001  1.574e-001  2.360e-002  8.483e-001  1.281e-001 
90 1-1  2.876e-003
90 1-2 -2.193e-004  1.809e-003
90 1-3 -2.657e-003 -1.590e-003  4.246e-003
90 2-1 -6.572e-005  3.685e-005  2.886e-005  3.127e-005
90 2-2 -1.353e-004 -2.380e-004  3.733e-004 -1.666e-005  4.286e-004
90 2-3  2.010e-004  2.012e-004 -4.022e-004 -1.461e-005 -4.119e-004  4.265e-004