# GRFsr.txt
#IMaCh version 0.99r45, April 2023,INED-EUROREVES-Institut de longevite-Japan Society for the Promotion of Science (Grant-in-Aid for Scientific Research 25293121), Intel Software 2015-2020, Nihon University 2021-202, INED 2000-2022
#$Revision: 1.353 $ $Date: 2023/05/08 18:48:22 $
# Tue Feb 04 22:13:35 2025
#One-step probabilities and correlation matrix
# Age p1-1  p1-2  p1-3  p2-1  p2-2  p2-3 
50  9.946e-001  5.369e-003  1.906e-006  1.570e-001  8.421e-001  8.274e-004 
50 1-1  1.000e+000
50 1-2 -1.000e+000  1.000e+000
50 1-3  5.265e-002 -5.590e-002  1.000e+000
50 2-1 -1.718e-001  1.717e-001  1.843e-002  1.000e+000
50 2-2  1.727e-001 -1.726e-001 -1.366e-002 -9.999e-001  1.000e+000
50 2-3 -4.624e-002  4.718e-002 -2.919e-001 -5.424e-002  3.789e-002  1.000e+000
51  9.940e-001  5.965e-003  2.558e-006  1.508e-001  8.482e-001  9.452e-004 
51 1-1  1.000e+000
51 1-2 -1.000e+000  1.000e+000
51 1-3  5.311e-002 -5.708e-002  1.000e+000
51 2-1 -1.706e-001  1.705e-001  1.795e-002  1.000e+000
51 2-2  1.717e-001 -1.716e-001 -1.226e-002 -9.998e-001  1.000e+000
51 2-3 -4.629e-002  4.744e-002 -2.918e-001 -5.109e-002  3.157e-002  1.000e+000
52  9.934e-001  6.627e-003  3.434e-006  1.448e-001  8.541e-001  1.079e-003 
52 1-1  1.000e+000
52 1-2 -1.000e+000  1.000e+000
52 1-3  5.351e-002 -5.836e-002  1.000e+000
52 2-1 -1.695e-001  1.693e-001  1.744e-002  1.000e+000
52 2-2  1.707e-001 -1.706e-001 -1.064e-002 -9.997e-001  1.000e+000
52 2-3 -4.626e-002  4.766e-002 -2.918e-001 -4.807e-002  2.474e-002  1.000e+000
53  9.926e-001  7.361e-003  4.610e-006  1.390e-001  8.598e-001  1.232e-003 
53 1-1  1.000e+000
53 1-2 -1.000e+000  1.000e+000
53 1-3  5.382e-002 -5.975e-002  1.000e+000
53 2-1 -1.682e-001  1.681e-001  1.691e-002  1.000e+000
53 2-2  1.697e-001 -1.696e-001 -8.768e-003 -9.996e-001  1.000e+000
53 2-3 -4.613e-002  4.785e-002 -2.918e-001 -4.517e-002  1.726e-002  1.000e+000
54  9.918e-001  8.177e-003  6.187e-006  1.334e-001  8.652e-001  1.406e-003 
54 1-1  1.000e+000
54 1-2 -1.000e+000  1.000e+000
54 1-3  5.401e-002 -6.127e-002  1.000e+000
54 2-1 -1.669e-001  1.667e-001  1.634e-002  1.000e+000
54 2-2  1.686e-001 -1.685e-001 -6.601e-003 -9.994e-001  1.000e+000
54 2-3 -4.591e-002  4.801e-002 -2.917e-001 -4.239e-002  8.993e-003  1.000e+000
55  9.909e-001  9.082e-003  8.304e-006  1.280e-001  8.704e-001  1.605e-003 
55 1-1  1.000e+000
55 1-2 -1.000e+000  1.000e+000
55 1-3  5.405e-002 -6.293e-002  1.000e+000
55 2-1 -1.656e-001  1.654e-001  1.574e-002  1.000e+000
55 2-2  1.676e-001 -1.674e-001 -4.080e-003 -9.992e-001  1.000e+000
55 2-3 -4.556e-002  4.814e-002 -2.917e-001 -3.975e-002 -2.459e-004  1.000e+000
56  9.899e-001  1.009e-002  1.114e-005  1.227e-001  8.755e-001  1.830e-003 
56 1-1  1.000e+000
56 1-2 -9.999e-001  1.000e+000
56 1-3  5.388e-002 -6.476e-002  1.000e+000
56 2-1 -1.642e-001  1.640e-001  1.511e-002  1.000e+000
56 2-2  1.665e-001 -1.664e-001 -1.141e-003 -9.989e-001  1.000e+000
56 2-3 -4.508e-002  4.823e-002 -2.916e-001 -3.724e-002 -1.067e-002  1.000e+000
57  9.888e-001  1.120e-002  1.495e-005  1.177e-001  8.803e-001  2.087e-003 
57 1-1  1.000e+000
57 1-2 -9.999e-001  1.000e+000
57 1-3  5.343e-002 -6.676e-002  1.000e+000
57 2-1 -1.629e-001  1.625e-001  1.444e-002  1.000e+000
57 2-2  1.655e-001 -1.654e-001  2.295e-003 -9.984e-001  1.000e+000
57 2-3 -4.443e-002  4.830e-002 -2.916e-001 -3.487e-002 -2.252e-002  1.000e+000
58  9.875e-001  1.244e-002  2.006e-005  1.128e-001  8.848e-001  2.380e-003 
58 1-1  1.000e+000
58 1-2 -9.999e-001  1.000e+000
58 1-3  5.262e-002 -6.896e-002  1.000e+000
58 2-1 -1.615e-001  1.611e-001  1.373e-002  1.000e+000
58 2-2  1.645e-001 -1.644e-001  6.316e-003 -9.976e-001  1.000e+000
58 2-3 -4.360e-002  4.833e-002 -2.915e-001 -3.265e-002 -3.610e-002  1.000e+000
59  9.862e-001  1.381e-002  2.691e-005  1.081e-001  8.892e-001  2.712e-003 
59 1-1  1.000e+000
59 1-2 -9.998e-001  1.000e+000
59 1-3  5.135e-002 -7.140e-002  1.000e+000
59 2-1 -1.602e-001  1.597e-001  1.298e-002  1.000e+000
59 2-2  1.635e-001 -1.635e-001  1.102e-002 -9.966e-001  1.000e+000
59 2-3 -4.253e-002  4.835e-002 -2.915e-001 -3.060e-002 -5.173e-002  1.000e+000
60  9.846e-001  1.532e-002  3.609e-005  1.035e-001  8.934e-001  3.090e-003 
60 1-1  1.000e+000
60 1-2 -9.997e-001  1.000e+000
60 1-3  4.948e-002 -7.408e-002  1.000e+000
60 2-1 -1.589e-001  1.584e-001  1.219e-002  1.000e+000
60 2-2  1.627e-001 -1.628e-001  1.652e-002 -9.951e-001  1.000e+000
60 2-3 -4.121e-002  4.834e-002 -2.914e-001 -2.873e-002 -6.977e-002  1.000e+000
61  9.829e-001  1.701e-002  4.839e-005  9.916e-002  8.973e-001  3.520e-003 
61 1-1  1.000e+000
61 1-2 -9.995e-001  1.000e+000
61 1-3  4.686e-002 -7.706e-002  1.000e+000
61 2-1 -1.579e-001  1.572e-001  1.137e-002  1.000e+000
61 2-2  1.619e-001 -1.623e-001  2.292e-002 -9.931e-001  1.000e+000
61 2-3 -3.957e-002  4.832e-002 -2.913e-001 -2.706e-002 -9.060e-002  1.000e+000
62  9.811e-001  1.887e-002  6.488e-005  9.494e-002  9.010e-001  4.009e-003 
62 1-1  1.000e+000
62 1-2 -9.993e-001  1.000e+000
62 1-3  4.329e-002 -8.035e-002  1.000e+000
62 2-1 -1.571e-001  1.563e-001  1.051e-002  1.000e+000
62 2-2  1.614e-001 -1.621e-001  3.034e-002 -9.902e-001  1.000e+000
62 2-3 -3.756e-002  4.829e-002 -2.912e-001 -2.560e-002 -1.146e-001  1.000e+000
63  9.790e-001  2.093e-002  8.697e-005  9.088e-002  9.046e-001  4.565e-003 
63 1-1  1.000e+000
63 1-2 -9.990e-001  1.000e+000
63 1-3  3.854e-002 -8.399e-002  1.000e+000
63 2-1 -1.567e-001  1.558e-001  9.623e-003  1.000e+000
63 2-2  1.610e-001 -1.623e-001  3.885e-002 -9.861e-001  1.000e+000
63 2-3 -3.511e-002  4.827e-002 -2.911e-001 -2.438e-002 -1.420e-001  1.000e+000
64  9.767e-001  2.322e-002  1.165e-004  8.698e-002  9.078e-001  5.196e-003 
64 1-1  1.000e+000
64 1-2 -9.984e-001  1.000e+000
64 1-3  3.231e-002 -8.800e-002  1.000e+000
64 2-1 -1.569e-001  1.559e-001  8.721e-003  1.000e+000
64 2-2  1.609e-001 -1.631e-001  4.849e-002 -9.806e-001  1.000e+000
64 2-3 -3.214e-002  4.827e-002 -2.910e-001 -2.342e-002 -1.731e-001  1.000e+000
65  9.741e-001  2.574e-002  1.561e-004  8.321e-002  9.109e-001  5.913e-003 
65 1-1  1.000e+000
65 1-2 -9.977e-001  1.000e+000
65 1-3  2.430e-002 -9.241e-002  1.000e+000
65 2-1 -1.579e-001  1.568e-001  7.824e-003  1.000e+000
65 2-2  1.611e-001 -1.645e-001  5.922e-002 -9.732e-001  1.000e+000
65 2-3 -2.859e-002  4.832e-002 -2.909e-001 -2.275e-002 -2.076e-001  1.000e+000
66  9.713e-001  2.854e-002  2.091e-004  7.959e-002  9.137e-001  6.726e-003 
66 1-1  1.000e+000
66 1-2 -9.965e-001  1.000e+000
66 1-3  1.415e-002 -9.723e-002  1.000e+000
66 2-1 -1.599e-001  1.586e-001  6.960e-003  1.000e+000
66 2-2  1.616e-001 -1.667e-001  7.088e-002 -9.637e-001  1.000e+000
66 2-3 -2.438e-002  4.844e-002 -2.907e-001 -2.238e-002 -2.453e-001  1.000e+000
67  9.681e-001  3.162e-002  2.800e-004  7.611e-002  9.162e-001  7.650e-003 
67 1-1  1.000e+000
67 1-2 -9.949e-001  1.000e+000
67 1-3  1.535e-003 -1.024e-001  1.000e+000
67 2-1 -1.632e-001  1.618e-001  6.167e-003  1.000e+000
67 2-2  1.625e-001 -1.700e-001  8.318e-002 -9.519e-001  1.000e+000
67 2-3 -1.946e-002  4.868e-002 -2.905e-001 -2.233e-002 -2.852e-001  1.000e+000
68  9.646e-001  3.502e-002  3.748e-004  7.276e-002  9.185e-001  8.698e-003 
68 1-1  1.000e+000
68 1-2 -9.926e-001  1.000e+000
68 1-3 -1.383e-002 -1.080e-001  1.000e+000
68 2-1 -1.680e-001  1.664e-001  5.494e-003  1.000e+000
68 2-2  1.637e-001 -1.744e-001  9.570e-002 -9.377e-001  1.000e+000
68 2-3 -1.382e-002  4.909e-002 -2.903e-001 -2.261e-002 -3.262e-001  1.000e+000
69  9.607e-001  3.878e-002  5.014e-004  6.953e-002  9.206e-001  9.886e-003 
69 1-1  1.000e+000
69 1-2 -9.893e-001  1.000e+000
69 1-3 -3.209e-002 -1.138e-001  1.000e+000
69 2-1 -1.744e-001  1.726e-001  4.999e-003  1.000e+000
69 2-2  1.652e-001 -1.800e-001  1.079e-001 -9.216e-001  1.000e+000
69 2-3 -7.525e-003  4.974e-002 -2.900e-001 -2.321e-002 -3.666e-001  1.000e+000
70  9.564e-001  4.292e-002  6.705e-004  6.643e-002  9.223e-001  1.123e-002 
70 1-1  1.000e+000
70 1-2 -9.850e-001  1.000e+000
70 1-3 -5.313e-002 -1.198e-001  1.000e+000
70 2-1 -1.822e-001  1.804e-001  4.742e-003  1.000e+000
70 2-2  1.670e-001 -1.866e-001  1.193e-001 -9.043e-001  1.000e+000
70 2-3 -7.415e-004  5.074e-002 -2.896e-001 -2.411e-002 -4.050e-001  1.000e+000
71  9.516e-001  4.748e-002  8.961e-004  6.344e-002  9.238e-001  1.276e-002 
71 1-1  1.000e+000
71 1-2 -9.795e-001  1.000e+000
71 1-3 -7.652e-002 -1.259e-001  1.000e+000
71 2-1 -1.912e-001  1.893e-001  4.783e-003  1.000e+000
71 2-2  1.689e-001 -1.942e-001  1.295e-001 -8.866e-001  1.000e+000
71 2-3  6.226e-003  5.221e-002 -2.892e-001 -2.530e-002 -4.400e-001  1.000e+000
72  9.463e-001  5.248e-002  1.197e-003  6.057e-002  9.249e-001  1.449e-002 
72 1-1  1.000e+000
72 1-2 -9.728e-001  1.000e+000
72 1-3 -1.014e-001 -1.318e-001  1.000e+000
72 2-1 -2.008e-001  1.989e-001  5.176e-003  1.000e+000
72 2-2  1.709e-001 -2.024e-001  1.381e-001 -8.694e-001  1.000e+000
72 2-3  1.294e-002  5.432e-002 -2.886e-001 -2.675e-002 -4.707e-001  1.000e+000
73  9.404e-001  5.798e-002  1.598e-003  5.781e-002  9.257e-001  1.645e-002 
73 1-1  1.000e+000
73 1-2 -9.650e-001  1.000e+000
73 1-3 -1.267e-001 -1.378e-001  1.000e+000
73 2-1 -2.104e-001  2.085e-001  5.970e-003  1.000e+000
73 2-2  1.728e-001 -2.109e-001  1.450e-001 -8.533e-001  1.000e+000
73 2-3  1.885e-002  5.725e-002 -2.878e-001 -2.845e-002 -4.970e-001  1.000e+000
74  9.339e-001  6.401e-002  2.132e-003  5.515e-002  9.262e-001  1.866e-002 
74 1-1  1.000e+000
74 1-2 -9.565e-001  1.000e+000
74 1-3 -1.511e-001 -1.437e-001  1.000e+000
74 2-1 -2.193e-001  2.174e-001  7.210e-003  1.000e+000
74 2-2  1.748e-001 -2.193e-001  1.501e-001 -8.387e-001  1.000e+000
74 2-3  2.338e-002  6.121e-002 -2.868e-001 -3.041e-002 -5.189e-001  1.000e+000
75  9.266e-001  7.061e-002  2.841e-003  5.259e-002  9.262e-001  2.117e-002 
75 1-1  1.000e+000
75 1-2 -9.477e-001  1.000e+000
75 1-3 -1.733e-001 -1.500e-001  1.000e+000
75 2-1 -2.270e-001  2.250e-001  8.944e-003  1.000e+000
75 2-2  1.770e-001 -2.274e-001  1.537e-001 -8.256e-001  1.000e+000
75 2-3  2.597e-002  6.643e-002 -2.856e-001 -3.265e-002 -5.369e-001  1.000e+000
76  9.184e-001  7.780e-002  3.783e-003  5.013e-002  9.259e-001  2.400e-002 
76 1-1  1.000e+000
76 1-2 -9.391e-001  1.000e+000
76 1-3 -1.922e-001 -1.569e-001  1.000e+000
76 2-1 -2.335e-001  2.311e-001  1.123e-002  1.000e+000
76 2-2  1.796e-001 -2.353e-001  1.557e-001 -8.139e-001  1.000e+000
76 2-3  2.618e-002  7.310e-002 -2.839e-001 -3.521e-002 -5.519e-001  1.000e+000
77  9.093e-001  8.564e-002  5.031e-003  4.775e-002  9.251e-001  2.719e-002 
77 1-1  1.000e+000
77 1-2 -9.308e-001  1.000e+000
77 1-3 -2.071e-001 -1.649e-001  1.000e+000
77 2-1 -2.388e-001  2.355e-001  1.416e-002  1.000e+000
77 2-2  1.830e-001 -2.430e-001  1.564e-001 -8.029e-001  1.000e+000
77 2-3  2.371e-002  8.139e-002 -2.818e-001 -3.818e-002 -5.650e-001  1.000e+000
78  8.992e-001  9.414e-002  6.682e-003  4.547e-002  9.237e-001  3.080e-002 
78 1-1  1.000e+000
78 1-2 -9.231e-001  1.000e+000
78 1-3 -2.174e-001 -1.746e-001  1.000e+000
78 2-1 -2.431e-001  2.382e-001  1.785e-002  1.000e+000
78 2-2  1.874e-001 -2.505e-001  1.560e-001 -7.918e-001  1.000e+000
78 2-3  1.847e-002  9.132e-002 -2.791e-001 -4.162e-002 -5.774e-001  1.000e+000
79  8.878e-001  1.033e-001  8.863e-003  4.327e-002  9.219e-001  3.486e-002 
79 1-1  1.000e+000
79 1-2 -9.161e-001  1.000e+000
79 1-3 -2.231e-001 -1.866e-001  1.000e+000
79 2-1 -2.469e-001  2.396e-001  2.244e-002  1.000e+000
79 2-2  1.926e-001 -2.580e-001  1.551e-001 -7.789e-001  1.000e+000
79 2-3  1.068e-002  1.027e-001 -2.759e-001 -4.561e-002 -5.910e-001  1.000e+000
80  8.750e-001  1.132e-001  1.173e-002  4.115e-002  9.194e-001  3.943e-002 
80 1-1  1.000e+000
80 1-2 -9.094e-001  1.000e+000
80 1-3 -2.245e-001 -2.013e-001  1.000e+000
80 2-1 -2.503e-001  2.396e-001  2.810e-002  1.000e+000
80 2-2  1.983e-001 -2.651e-001  1.542e-001 -7.624e-001  1.000e+000
80 2-3  1.113e-003  1.152e-001 -2.725e-001 -5.018e-002 -6.081e-001  1.000e+000
81  8.607e-001  1.238e-001  1.550e-002  3.911e-002  9.163e-001  4.457e-002 
81 1-1  1.000e+000
81 1-2 -9.024e-001  1.000e+000
81 1-3 -2.228e-001 -2.191e-001  1.000e+000
81 2-1 -2.538e-001  2.386e-001  3.498e-002  1.000e+000
81 2-2  2.030e-001 -2.715e-001  1.546e-001 -7.393e-001  1.000e+000
81 2-3 -8.693e-003  1.279e-001 -2.696e-001 -5.527e-002 -6.314e-001  1.000e+000
82  8.445e-001  1.351e-001  2.043e-002  3.714e-002  9.125e-001  5.033e-002 
82 1-1  1.000e+000
82 1-2 -8.937e-001  1.000e+000
82 1-3 -2.210e-001 -2.401e-001  1.000e+000
82 2-1 -2.575e-001  2.365e-001  4.307e-002  1.000e+000
82 2-2  2.046e-001 -2.763e-001  1.580e-001 -7.067e-001  1.000e+000
82 2-3 -1.630e-002  1.397e-001 -2.684e-001 -6.076e-002 -6.633e-001  1.000e+000
83  8.263e-001  1.469e-001  2.685e-002  3.524e-002  9.080e-001  5.680e-002 
83 1-1  1.000e+000
83 1-2 -8.806e-001  1.000e+000
83 1-3 -2.246e-001 -2.639e-001  1.000e+000
83 2-1 -2.614e-001  2.334e-001  5.200e-002  1.000e+000
83 2-2  1.999e-001 -2.787e-001  1.662e-001 -6.613e-001  1.000e+000
83 2-3 -1.863e-002  1.498e-001 -2.703e-001 -6.653e-002 -7.045e-001  1.000e+000
84  8.056e-001  1.592e-001  3.517e-002  3.340e-002  9.026e-001  6.404e-002 
84 1-1  1.000e+000
84 1-2 -8.585e-001  1.000e+000
84 1-3 -2.426e-001 -2.892e-001  1.000e+000
84 2-1 -2.649e-001  2.292e-001  6.086e-002  1.000e+000
84 2-2  1.850e-001 -2.779e-001  1.804e-001 -6.019e-001  1.000e+000
84 2-3 -1.268e-002  1.581e-001 -2.755e-001 -7.253e-002 -7.528e-001  1.000e+000
85  7.822e-001  1.719e-001  4.588e-002  3.162e-002  8.963e-001  7.212e-002 
85 1-1  1.000e+000
85 1-2 -8.198e-001  1.000e+000
85 1-3 -2.846e-001 -3.156e-001  1.000e+000
85 2-1 -2.673e-001  2.237e-001  6.835e-002  1.000e+000
85 2-2  1.565e-001 -2.742e-001  1.997e-001 -5.298e-001  1.000e+000
85 2-3  3.599e-003  1.653e-001 -2.827e-001 -7.890e-002 -8.036e-001  1.000e+000
86  7.558e-001  1.846e-001  5.954e-002  2.991e-002  8.890e-001  8.113e-002 
86 1-1  1.000e+000
86 1-2 -7.541e-001  1.000e+000
86 1-3 -3.565e-001 -3.449e-001  1.000e+000
86 2-1 -2.669e-001  2.165e-001  7.352e-002  1.000e+000
86 2-2  1.131e-001 -2.689e-001  2.208e-001 -4.495e-001  1.000e+000
86 2-3  3.056e-002  1.727e-001 -2.894e-001 -8.593e-002 -8.514e-001  1.000e+000
87  7.260e-001  1.972e-001  7.683e-002  2.825e-002  8.806e-001  9.114e-002 
87 1-1  1.000e+000
87 1-2 -6.503e-001  1.000e+000
87 1-3 -4.542e-001 -3.814e-001  1.000e+000
87 2-1 -2.621e-001  2.069e-001  7.638e-002  1.000e+000
87 2-2  5.711e-002 -2.641e-001  2.402e-001 -3.665e-001  1.000e+000
87 2-3  6.632e-002  1.820e-001 -2.942e-001 -9.394e-002 -8.919e-001  1.000e+000
88  6.925e-001  2.091e-001  9.844e-002  2.665e-002  8.711e-001  1.023e-001 
88 1-1  1.000e+000
88 1-2 -5.020e-001  1.000e+000
88 1-3 -5.645e-001 -4.305e-001  1.000e+000
88 2-1 -2.519e-001  1.940e-001  7.771e-002  1.000e+000
88 2-2 -5.715e-003 -2.621e-001  2.561e-001 -2.861e-001  1.000e+000
88 2-3  1.067e-001  1.944e-001 -2.970e-001 -1.032e-001 -9.235e-001  1.000e+000
89  6.551e-001  2.198e-001  1.251e-001  2.510e-002  8.604e-001  1.145e-001 
89 1-1  1.000e+000
89 1-2 -3.124e-001  1.000e+000
89 1-3 -6.707e-001 -4.951e-001  1.000e+000
89 2-1 -2.368e-001  1.769e-001  7.843e-002  1.000e+000
89 2-2 -6.754e-002 -2.642e-001  2.681e-001 -2.115e-001  1.000e+000
89 2-3  1.466e-001  2.103e-001 -2.983e-001 -1.140e-001 -9.469e-001  1.000e+000
90  6.136e-001  2.290e-001  1.574e-001  2.360e-002  8.483e-001  1.281e-001 
90 1-1  1.000e+000
90 1-2 -9.616e-002  1.000e+000
90 1-3 -7.602e-001 -5.736e-001  1.000e+000
90 2-1 -2.191e-001  1.549e-001  7.920e-002  1.000e+000
90 2-2 -1.218e-001 -2.703e-001  2.767e-001 -1.439e-001  1.000e+000
90 2-3  1.815e-001  2.290e-001 -2.988e-001 -1.265e-001 -9.634e-001  1.000e+000