
#****** ******
# GRFsr.txt
#IMaCh version 0.99r45, April 2023,INED-EUROREVES-Institut de longevite-Japan Society for the Promotion of Science (Grant-in-Aid for Scientific Research 25293121), Intel Software 2015-2020, Nihon University 2021-202, INED 2000-2022
#$Revision: 1.353 $ $Date: 2023/05/08 18:48:22 $
# Tue Feb 04 22:13:35 2025
# Health expectancies with standard errors
# Age e11 (SE) e12 (SE) e1.  e21 (SE) e22 (SE) e2. 
 50   24.8283 (0.6397)    9.5599 (0.6389)   34.3882 (0.6010)   21.5364 (0.9947)   12.5761 (0.9261)   34.1124 (0.6691)
 51   23.8686 (0.6330)    9.5231 (0.6340)   33.3917 (0.6002)   20.4384 (0.9781)   12.6363 (0.9089)   33.0746 (0.6768)
 52   22.9151 (0.6257)    9.4811 (0.6286)   32.3962 (0.5992)   19.3470 (0.9580)   12.6865 (0.8894)   32.0335 (0.6847)
 53   21.9687 (0.6178)    9.4333 (0.6229)   31.4019 (0.5980)   18.2645 (0.9343)   12.7246 (0.8680)   30.9891 (0.6927)
 54   21.0302 (0.6091)    9.3789 (0.6167)   30.4091 (0.5966)   17.1937 (0.9073)   12.7484 (0.8453)   29.9421 (0.7004)
 55   20.1007 (0.5998)    9.3174 (0.6101)   29.4181 (0.5949)   16.1373 (0.8773)   12.7556 (0.8217)   28.8929 (0.7076)
 56   19.1813 (0.5897)    9.2479 (0.6030)   28.4292 (0.5928)   15.0983 (0.8448)   12.7439 (0.7976)   27.8423 (0.7141)
 57   18.2733 (0.5790)    9.1698 (0.5956)   27.4431 (0.5905)   14.0800 (0.8102)   12.7113 (0.7738)   26.7913 (0.7196)
 58   17.3778 (0.5676)    9.0823 (0.5879)   26.4601 (0.5877)   13.0855 (0.7740)   12.6557 (0.7506)   25.7412 (0.7236)
 59   16.4962 (0.5557)    8.9847 (0.5797)   25.4809 (0.5845)   12.1181 (0.7369)   12.5752 (0.7283)   24.6933 (0.7261)
 60   15.6299 (0.5432)    8.8763 (0.5713)   24.5062 (0.5809)   11.1808 (0.6994)   12.4684 (0.7073)   23.6492 (0.7266)
 61   14.7803 (0.5302)    8.7563 (0.5626)   23.5367 (0.5768)   10.2766 (0.6620)   12.3341 (0.6876)   22.6107 (0.7249)
 62   13.9489 (0.5168)    8.6244 (0.5536)   22.5732 (0.5722)    9.4084 (0.6251)   12.1715 (0.6690)   21.5798 (0.7207)
 63   13.1369 (0.5031)    8.4798 (0.5445)   21.6167 (0.5672)    8.5785 (0.5891)   11.9801 (0.6516)   20.5586 (0.7140)
 64   12.3460 (0.4891)    8.3221 (0.5352)   20.6681 (0.5617)    7.7893 (0.5542)   11.7600 (0.6348)   19.5493 (0.7047)
 65   11.5774 (0.4750)    8.1511 (0.5258)   19.7286 (0.5558)    7.0424 (0.5205)   11.5117 (0.6184)   18.5540 (0.6926)
 66   10.8325 (0.4608)    7.9666 (0.5164)   18.7991 (0.5494)    6.3392 (0.4881)   11.2361 (0.6020)   17.5753 (0.6780)
 67   10.1124 (0.4466)    7.7685 (0.5069)   17.8809 (0.5427)    5.6806 (0.4568)   10.9346 (0.5853)   16.6152 (0.6608)
 68    9.4183 (0.4325)    7.5570 (0.4976)   16.9753 (0.5358)    5.0672 (0.4267)   10.6090 (0.5682)   15.6762 (0.6414)
 69    8.7511 (0.4184)    7.3323 (0.4883)   16.0834 (0.5285)    4.4989 (0.3976)   10.2614 (0.5504)   14.7603 (0.6202)
 70    8.1117 (0.4043)    7.0948 (0.4792)   15.2065 (0.5210)    3.9754 (0.3694)    9.8943 (0.5321)   13.8697 (0.5975)
 71    7.5007 (0.3903)    6.8451 (0.4703)   14.3459 (0.5134)    3.4958 (0.3421)    9.5103 (0.5133)   13.0062 (0.5738)
 72    6.9186 (0.3763)    6.5841 (0.4617)   13.5027 (0.5055)    3.0590 (0.3155)    9.1125 (0.4944)   12.1715 (0.5498)
 73    6.3657 (0.3622)    6.3126 (0.4534)   12.6783 (0.4974)    2.6634 (0.2897)    8.7039 (0.4757)   11.3673 (0.5260)
 74    5.8421 (0.3479)    6.0317 (0.4453)   11.8738 (0.4890)    2.3072 (0.2648)    8.2876 (0.4578)   10.5949 (0.5032)
 75    5.3477 (0.3335)    5.7426 (0.4375)   11.0903 (0.4803)    1.9884 (0.2408)    7.8668 (0.4409)    9.8552 (0.4819)
 76    4.8823 (0.3187)    5.4466 (0.4298)   10.3289 (0.4711)    1.7048 (0.2178)    7.4445 (0.4258)    9.1493 (0.4628)
 77    4.4454 (0.3036)    5.1451 (0.4223)    9.5906 (0.4615)    1.4540 (0.1959)    7.0237 (0.4126)    8.4777 (0.4462)
 78    4.0366 (0.2881)    4.8397 (0.4148)    8.8763 (0.4516)    1.2336 (0.1752)    6.6073 (0.4018)    7.8408 (0.4325)
 79    3.6551 (0.2725)    4.5319 (0.4073)    8.1869 (0.4414)    1.0410 (0.1559)    6.1977 (0.3935)    7.2387 (0.4217)
 80    3.3001 (0.2567)    4.2232 (0.3997)    7.5233 (0.4314)    0.8739 (0.1380)    5.7975 (0.3876)    6.6714 (0.4136)
 81    2.9707 (0.2411)    3.9155 (0.3921)    6.8862 (0.4221)    0.7297 (0.1215)    5.4088 (0.3838)    6.1385 (0.4081)
 82    2.6661 (0.2260)    3.6105 (0.3847)    6.2765 (0.4145)    0.6062 (0.1066)    5.0333 (0.3819)    5.6395 (0.4045)
 83    2.3852 (0.2120)    3.3097 (0.3778)    5.6949 (0.4096)    0.5011 (0.0931)    4.6726 (0.3813)    5.1736 (0.4023)
 84    2.1271 (0.1995)    3.0152 (0.3717)    5.1423 (0.4084)    0.4121 (0.0810)    4.3279 (0.3815)    4.7401 (0.4011)
 85    1.8908 (0.1891)    2.7286 (0.3670)    4.6193 (0.4117)    0.3375 (0.0703)    4.0003 (0.3821)    4.3377 (0.4002)
 86    1.6754 (0.1811)    2.4516 (0.3640)    4.1271 (0.4198)    0.2752 (0.0608)    3.6903 (0.3826)    3.9654 (0.3992)
 87    1.4801 (0.1755)    2.1862 (0.3628)    3.6662 (0.4320)    0.2235 (0.0525)    3.3983 (0.3825)    3.6218 (0.3976)
 88    1.3038 (0.1720)    1.9339 (0.3632)    3.2377 (0.4469)    0.1811 (0.0452)    3.1244 (0.3815)    3.3055 (0.3953)
 89    1.1459 (0.1698)    1.6963 (0.3644)    2.8422 (0.4624)    0.1463 (0.0388)    2.8687 (0.3795)    3.0150 (0.3919)
 90    1.0054 (0.1681)    1.4749 (0.3654)    2.4803 (0.4759)    0.1181 (0.0332)    2.6307 (0.3761)    2.7488 (0.3874)
