
# model  
#****** Result for:******
# GRFsr.txt
#IMaCh version 0.99r45, April 2023,INED-EUROREVES-Institut de longevite-Japan Society for the Promotion of Science (Grant-in-Aid for Scientific Research 25293121), Intel Software 2015-2020, Nihon University 2021-202, INED 2000-2022
#$Revision: 1.353 $ $Date: 2023/05/08 18:48:22 $
# Tue Feb 04 22:13:35 2025
# Total life expectancy with std error and decomposition into time to be expected in each health state
#  (weighted average of eij where weights are the age specific forward period (stable) prevalences in each health state 
# Age popbased mobilav e.. (std) e.1 (std) e.2 (std) 
   50 0 0  34.382 (  0.602)  24.752 (  0.656)   9.630 (  0.651)
   51 0 0  33.384 (  0.602)  23.778 (  0.651)   9.606 (  0.648)
   52 0 0  32.386 (  0.601)  22.808 (  0.646)   9.578 (  0.644)
   53 0 0  31.388 (  0.601)  21.842 (  0.641)   9.547 (  0.640)
   54 0 0  30.391 (  0.600)  20.881 (  0.635)   9.511 (  0.635)
   55 0 0  29.395 (  0.599)  19.925 (  0.628)   9.470 (  0.630)
   56 0 0  28.400 (  0.597)  18.976 (  0.621)   9.425 (  0.625)
   57 0 0  27.406 (  0.596)  18.034 (  0.613)   9.373 (  0.619)
   58 0 0  26.414 (  0.594)  17.100 (  0.604)   9.315 (  0.613)
   59 0 0  25.424 (  0.592)  16.175 (  0.595)   9.249 (  0.607)
   60 0 0  24.436 (  0.589)  15.261 (  0.585)   9.175 (  0.600)
   61 0 0  23.451 (  0.586)  14.358 (  0.574)   9.093 (  0.592)
   62 0 0  22.469 (  0.588)  13.469 (  0.567)   9.000 (  0.581)
   63 0 0  21.492 (  0.577)  12.595 (  0.550)   8.897 (  0.576)
   64 0 0  20.520 (  0.572)  11.737 (  0.536)   8.783 (  0.567)
   65 0 0  19.554 (  0.566)  10.898 (  0.522)   8.656 (  0.557)
   66 0 0  18.595 (  0.582)  10.080 (  0.507)   8.516 (  0.562)
   67 0 0  17.646 (  0.551)   9.284 (  0.491)   8.362 (  0.537)
   68 0 0  16.706 (  0.542)   8.513 (  0.475)   8.194 (  0.527)
   69 0 0  15.779 (  0.532)   7.769 (  0.458)   8.010 (  0.515)
   70 0 0  14.866 (  0.521)   7.054 (  0.441)   7.812 (  0.504)
   71 0 0  13.970 (  0.509)   6.371 (  0.423)   7.599 (  0.492)
   72 0 0  13.092 (  0.497)   5.722 (  0.404)   7.370 (  0.480)
   73 0 0  12.235 (  0.483)   5.108 (  0.385)   7.127 (  0.467)
   74 0 0  11.401 (  0.470)   4.531 (  0.366)   6.871 (  0.455)
   75 0 0  10.594 (  0.456)   3.993 (  0.346)   6.601 (  0.442)
   76 0 0   9.815 (  0.442)   3.494 (  0.325)   6.322 (  0.430)
   77 0 0   9.068 (  0.429)   3.035 (  0.305)   6.033 (  0.419)
   78 0 0   8.354 (  0.417)   2.617 (  0.283)   5.737 (  0.408)
   79 0 0   7.675 (  0.407)   2.238 (  0.262)   5.437 (  0.399)
   80 0 0   7.033 (  0.397)   1.899 (  0.240)   5.134 (  0.391)
   81 0 0   6.429 (  0.390)   1.597 (  0.219)   4.832 (  0.384)
   82 0 0   5.865 (  0.384)   1.331 (  0.198)   4.534 (  0.379)
   83 0 0   5.340 (  0.379)   1.099 (  0.177)   4.241 (  0.375)
   84 0 0   4.855 (  0.380)   0.899 (  0.155)   3.956 (  0.384)
   85 0 0   4.409 (  0.373)   0.728 (  0.138)   3.681 (  0.370)
   86 0 0   4.002 (  0.372)   0.584 (  0.121)   3.417 (  0.369)
   87 0 0   3.631 (  0.370)   0.464 (  0.105)   3.167 (  0.367)
   88 0 0   3.295 (  0.368)   0.365 (  0.091)   2.929 (  0.366)
   89 0 0   2.991 (  0.366)   0.285 (  0.079)   2.706 (  0.365)
   90 0 0   2.718 (  0.363)   0.222 (  0.068)   2.496 (  0.363)
