
#****** ******
# GRFsr.txt
#IMaCh version 0.99r45, April 2023,INED-EUROREVES-Institut de longevite-Japan Society for the Promotion of Science (Grant-in-Aid for Scientific Research 25293121), Intel Software 2015-2020, Nihon University 2021-202, INED 2000-2022
#$Revision: 1.353 $ $Date: 2023/05/08 18:48:22 $
# Tue Feb 04 22:13:35 2025
# Variance and covariance of health expectancies e.j 
#  (weighted average of eij where weights are the age specific period (stable) prevalences in each health state 
# Age Cov(e.1, e.1) Cov(e.1, e.2) Cov(e.2, e.1) Cov(e.2, e.2)
50  0.4301 -0.2457 -0.2457 0.4241
51  0.4243 -0.2408 -0.2408 0.4196
52  0.4178 -0.2355 -0.2355 0.4147
53  0.4108 -0.2297 -0.2297 0.4094
54  0.4031 -0.2235 -0.2235 0.4037
55  0.3947 -0.2169 -0.2169 0.3975
56  0.3857 -0.2098 -0.2098 0.3908
57  0.3759 -0.2022 -0.2022 0.3837
58  0.3653 -0.1943 -0.1943 0.3761
59  0.3540 -0.1860 -0.1860 0.3681
60  0.3420 -0.1773 -0.1773 0.3596
61  0.3293 -0.1684 -0.1684 0.3506
62  0.3215 -0.1569 -0.1569 0.3379
63  0.3020 -0.1500 -0.1500 0.3315
64  0.2875 -0.1407 -0.1407 0.3213
65  0.2725 -0.1314 -0.1314 0.3108
66  0.2574 -0.1176 -0.1176 0.3161
67  0.2415 -0.1133 -0.1133 0.2888
68  0.2258 -0.1046 -0.1046 0.2774
69  0.2100 -0.0963 -0.0963 0.2657
70  0.1943 -0.0883 -0.0883 0.2539
71  0.1787 -0.0806 -0.0806 0.2420
72  0.1634 -0.0734 -0.0734 0.2301
73  0.1483 -0.0665 -0.0665 0.2183
74  0.1337 -0.0599 -0.0599 0.2068
75  0.1195 -0.0536 -0.0536 0.1956
76  0.1058 -0.0476 -0.0476 0.1851
77  0.0928 -0.0419 -0.0419 0.1755
78  0.0803 -0.0364 -0.0364 0.1667
79  0.0686 -0.0312 -0.0312 0.1591
80  0.0578 -0.0263 -0.0263 0.1527
81  0.0479 -0.0218 -0.0218 0.1475
82  0.0390 -0.0177 -0.0177 0.1435
83  0.0313 -0.0140 -0.0140 0.1405
84  0.0239 -0.0136 -0.0136 0.1477
85  0.0191 -0.0083 -0.0083 0.1369
86  0.0146 -0.0062 -0.0062 0.1358
87  0.0111 -0.0046 -0.0046 0.1350
88  0.0083 -0.0035 -0.0035 0.1341
89  0.0062 -0.0027 -0.0027 0.1331
90  0.0046 -0.0022 -0.0022 0.1316
