# Powell
# iter -2*LL p12 p13 p21 p23
1 1 6765.420306606150 0 0.000000000000 0.000000000000 0.000000000000 0.000000000000 0.000000000000 0.000000000000 0.000000000000 0.000000000000
2 2 1953.857403845165 0 6.007833578752 -0.000457617553 -0.608839187748 0.000522842847 2.694569466172 -0.001083573956 -0.932322288475 0.002346589356
3 2 1703.672496703316 1 -1.709277939936 -0.005262838496 -3.810512922006 0.015166921992 1.599393244627 -0.007160957663 -1.443781197436 -0.027419027985
4 3 1382.162566347197 1 -1.812250916782 -0.003857433666 -5.294773181910 0.017981039191 1.093152798960 -0.005671202861 -1.896546002786 -0.028366353923
5 3 1249.086890187331 1 -3.853180283404 0.005839044866 -8.642846421831 0.034529150570 0.290543451213 -0.038517751714 -0.901740245024 -0.034154466957
6 4 1211.238751810840 1 -4.522327186233 0.007477574927 -8.688594826243 0.050322832769 0.197555625345 -0.036090810409 -0.800090570888 -0.034267569965
7 4 1192.047211430358 2 -6.846037015719 0.043632817598 -11.276532132721 0.089702667727 -0.379539158726 -0.028796929231 -0.282188945204 -0.042563978342
8 5 1184.254343875844 2 -7.770632558981 0.055755256734 -12.130537371731 0.099854992484 -0.538143789477 -0.024578687876 -0.091929546285 -0.045313344128
9 5 1182.110475722129 2 -8.664863904341 0.067303871025 -12.995286640479 0.109790861680 -0.700728679439 -0.021316052649 0.082777016626 -0.047941500875
10 6 1182.072598996683 2 -8.682936336525 0.067562465074 -13.023655046677 0.110270528151 -0.707353468391 -0.021209902384 0.080425879302 -0.047985788984
11 6 1178.778640493531 2 -8.589076399890 0.065581422476 -14.497029126186 0.132103044536 -1.052310962528 -0.016024574124 -0.292701682032 -0.044579786789
12 7 1176.130286801302 3 -8.171593184525 0.060149530037 -14.949021930789 0.136929911881 -1.151903696490 -0.014849974075 -0.482197578979 -0.041469953823
13 7 1172.342934401416 3 -7.423144518186 0.050534000414 -17.217410735809 0.161974593321 -1.643328042889 -0.008885277469 -0.984628541233 -0.032733165398
14 8 1172.055582260381 3 -7.716580395642 0.054590187157 -17.737336628429 0.167949837090 -1.750399461807 -0.007429325379 -0.948998046625 -0.033117531235
15 8 1172.010553612195 3 -7.867774088065 0.056686055480 -18.060911603329 0.171835009212 -1.820699012479 -0.006443780461 -0.946948322528 -0.033124891988
16 9 1171.970938526292 3 -7.948549210883 0.057821807719 -18.237879725052 0.174002205827 -1.863128432894 -0.005842361741 -0.957909458652 -0.032965761142
17 9 1171.843062174728 3 -8.121119712462 0.060273448242 -18.667577582205 0.179279191816 -1.951039579780 -0.004584759185 -1.006683839064 -0.032235667805
18 10 1171.445732633997 3 -8.389376729441 0.064115931103 -19.389326458919 0.188052819329 -2.085022490593 -0.002695044682 -1.166792956485 -0.029799307817
19 10 1168.738309822062 4 -9.110660926979 0.074570354477 -21.496846945224 0.213121491172 -2.344017774072 0.000804631725 -2.230341325100 -0.013626359436
20 11 1159.750420828591 4 -9.052196753107 0.074106226998 -21.288609414381 0.208336757728 -1.799414042784 -0.007354085873 -4.409608912624 0.019102140689
21 11 1152.439546131040 4 -8.241372822265 0.062728108635 -17.919493566631 0.165699022658 -0.870860469723 -0.020479375558 -5.059135770448 0.027625442109
22 12 1146.489080857564 4 -8.530508557112 0.066904985532 -12.768440891876 0.100364237265 0.762900179518 -0.042788891331 -6.626501295604 0.046472839593
23 12 1146.110251833443 5 -8.608721036701 0.067846872365 -12.838723052548 0.100541227451 0.771712837708 -0.042919339979 -6.857827194711 0.048393731262
24 13 1145.523633769895 5 -8.326622106299 0.063122288443 -13.011164364994 0.105158451411 0.757999221765 -0.043172828859 -7.476705441868 0.055356989771
25 13 1145.403596416454 5 -8.370052770751 0.063909932971 -13.077392003117 0.105807176765 0.797663261918 -0.043559081466 -7.750664428371 0.058897639351
26 14 1145.384370110101 5 -8.378657637713 0.064060411848 -13.090483128093 0.105838389606 0.814297521372 -0.043776292746 -7.862564706731 0.060276943924
27 14 1145.376460912230 5 -8.386527282945 0.064181095716 -13.099792135656 0.105863228141 0.828270728137 -0.043963366623 -7.965656392958 0.061439338426
28 15 1145.375787188030 6 -8.385198719612 0.064159233001 -13.097493413641 0.105863682263 0.826405885453 -0.043935252739 -7.955607010809 0.061273874206
29 15 1145.375689491890 6 -8.384648894663 0.064148023989 -13.097352097620 0.105874897747 0.825551233920 -0.043924449372 -7.952944966149 0.061225992122
30 16 1145.375481841405 6 -8.385384264111 0.064150760196 -13.097221433795 0.105895787284 0.823426134488 -0.043897487691 -7.946117938629 0.061112061903
31 16 1145.375052135670 6 -8.385372125402 0.064146223722 -13.095409050163 0.105894456917 0.820295786257 -0.043854992711 -7.931186263762 0.060916433334
32 17 1145.374527931963 7 -8.383739427940 0.064116212981 -13.092367529386 0.105867707992 0.817873339851 -0.043825350071 -7.924775164970 0.060807233706
33 17 1145.371502791886 7 -8.373114372393 0.063952491779 -13.075959980522 0.105649806620 0.811120990923 -0.043743754449 -7.917153019466 0.060630118759
34 18 1145.360402108001 7 -8.341360582581 0.063513454521 -13.028752176468 0.104887920814 0.802246305337 -0.043634144747 -7.944298916220 0.060895481290
35 18 1145.342370016148 7 -8.314223828168 0.063153853722 -12.965928765740 0.103873904624 0.783923960036 -0.043385499360 -7.992930234813 0.061455954264
36 19 1145.288497061208 8 -8.280990968809 0.062787186655 -12.832854665831 0.101681494150 0.738032738512 -0.042727141980 -8.142362486948 0.063522781273
37 19 1145.236166406786 8 -8.318873714742 0.063344761990 -12.826850924928 0.101631661383 0.717440386061 -0.042419773836 -8.172342981170 0.064115297764
38 20 1144.772810171531 8 -8.790318479658 0.069722277264 -12.293673966648 0.095391003908 0.070971115163 -0.033515342937 -8.465324820539 0.067556145667
39 20 1144.770429812171 8 -8.803441609984 0.069950678319 -12.337883594519 0.095858838473 0.047453970804 -0.033166795733 -8.432565192404 0.067233297712
40 21 1144.770393959954 9 -8.801449726230 0.069926708944 -12.341142298370 0.095914360243 0.047117902678 -0.033159322919 -8.429993849621 0.067202244819
41 21 1144.770389783934 9 -8.800042226917 0.069906619345 -12.341623640634 0.095927324714 0.047116393835 -0.033159355297 -8.430605500748 0.067207352059
42 22 1144.770389762924 9 -8.800015107758 0.069906268098 -12.341512977799 0.095925746640 0.047102329484 -0.033159164847 -8.430536659228 0.067206720535
43 22 1144.770389760663 10 -8.800002130844 0.069906101250 -12.341487940218 0.095925372069 0.047098769739 -0.033159116994 -8.430471483829 0.067205959785
44 23 1144.770389760635 10 -8.800003093361 0.069906115962 -12.341488794124 0.095925385468 0.047098897409 -0.033159118117 -8.430470841595 0.067205943327
45 23 1144.770389760632 10 -8.800002879493 0.069906112562 -12.341488444727 0.095925381166 0.047098721976 -0.033159115965 -8.430470533938 0.067205937488
46 24 1144.770389760631 11 -8.800002757101 0.069906110616 -12.341488244893 0.095925378705 0.047098621674 -0.033159114735 -8.430470357906 0.067205934147
