# DEMgali.txt
#IMaCh version 0.99r45, April 2023,INED-EUROREVES-Institut de longevite-Japan Society for the Promotion of Science (Grant-in-Aid for Scientific Research 25293121), Intel Software 2015-2020, Nihon University 2021-202, INED 2000-2022
#$Revision: 1.353 $ $Date: 2023/05/08 18:48:22 $
# Tue Feb 04 20:24:32 2025

#****** ******
# (a) Life expectancies by health status at initial age and (b) health expectancies by health status at initial age
# Age e11  e12  e1.  e21  e22  e2. 
 50  23.8700   5.5838  29.4538  19.8185   8.5085  28.3269
 51  23.2596   5.5063  28.7659  19.1290   8.3777  27.5067
 52  22.6512   5.4253  28.0765  18.4424   8.2409  26.6833
 53  22.0454   5.3408  27.3862  17.7596   8.0983  25.8578
 54  21.4428   5.2529  26.6958  17.0812   7.9500  25.0312
 55  20.8441   5.1618  26.0059  16.4083   7.7962  24.2045
 56  20.2497   5.0676  25.3173  15.7417   7.6372  23.3788
 57  19.6604   4.9704  24.6308  15.0822   7.4731  22.5553
 58  19.0766   4.8705  23.9471  14.4308   7.3042  21.7350
 59  18.4991   4.7680  23.2671  13.7883   7.1309  20.9192
 60  17.9284   4.6630  22.5914  13.1557   6.9534  20.1091
 61  17.3651   4.5559  21.9209  12.5338   6.7722  19.3060
 62  16.8097   4.4468  21.2564  11.9235   6.5875  18.5110
 63  16.2628   4.3359  20.5987  11.3257   6.3998  17.7255
 64  15.7249   4.2236  19.9485  10.7411   6.2096  16.9507
 65  15.1966   4.1100  19.3066  10.1706   6.0172  16.1878
 66  14.6783   3.9955  18.6737   9.6149   5.8232  15.4381
 67  14.1704   3.8802  18.0507   9.0746   5.6280  14.7026
 68  13.6735   3.7645  17.4380   8.5505   5.4321  13.9826
 69  13.1878   3.6487  16.8365   8.0431   5.2361  13.2791
 70  12.7138   3.5329  16.2467   7.5529   5.0404  12.5932
 71  12.2517   3.4175  15.6693   7.0804   4.8455  11.9258
 72  11.8019   3.3028  15.1047   6.6259   4.6519  11.2778
 73  11.3644   3.1890  14.5535   6.1898   4.4601  10.6499
 74  10.9397   3.0764  14.0161   5.7723   4.2706  10.0429
 75  10.5276   2.9652  13.4928   5.3735   4.0838   9.4573
 76  10.1285   2.8557  12.9841   4.9934   3.9002   8.8937
 77   9.7422   2.7480  12.4902   4.6321   3.7202   8.3523
 78   9.3689   2.6425  12.0113   4.2894   3.5442   7.8336
 79   9.0084   2.5392  11.5476   3.9652   3.3725   7.3377
 80   8.6608   2.4384  11.0992   3.6591   3.2054   6.8645
 81   8.3258   2.3402  10.6660   3.3709   3.0432   6.4142
 82   8.0033   2.2448  10.2482   3.1002   2.8862   5.9865
 83   7.6932   2.1523   9.8455   2.8465   2.7346   5.5811
 84   7.3952   2.0628   9.4580   2.6093   2.5885   5.1978
 85   7.1090   1.9764   9.0854   2.3881   2.4480   4.8361
 86   6.8345   1.8931   8.7276   2.1822   2.3133   4.4955
 87   6.5712   1.8130   8.3842   1.9910   2.1844   4.1754
 88   6.3188   1.7362   8.0550   1.8139   2.0614   3.8753
 89   6.0771   1.6625   7.7396   1.6502   1.9442   3.5943
 90   5.8456   1.5921   7.4377   1.4991   1.8327   3.3319
