# Powell
# iter -2*LL p12 p13 p21 p23
1 1 2189.869770187658 0 -5.013055000000 0.035938600000 -5.318307500000 0.010306100000 -1.152406400000 -0.002828100000 -8.531720500000 0.090994200000
2 2 2057.682931713619 0 -5.484400197629 0.035965589494 -6.468759485585 0.009682390006 -1.734865905608 -0.002568881076 -9.335020748818 0.090844081697
3 2 2050.605991855967 0 -5.622508625232 0.035980663781 -6.110175812204 0.009414224319 -1.909188530633 -0.002591781344 -9.385505591966 0.090753397823
4 3 2050.186420019898 1 -5.678304736554 0.035986292319 -6.080904324603 0.009151903626 -1.931874278044 -0.002632741780 -9.384508344546 0.090659285814
5 3 2050.176720035136 1 -5.678700606332 0.035993545496 -6.066972254928 0.008920770705 -1.929196738243 -0.002670474441 -9.377701488618 0.090658541380
6 4 2049.749791771500 2 -5.709277610227 0.036539075219 -5.033764179329 -0.007443782662 -1.744787116091 -0.005321480338 -8.902078230337 0.084704607974
7 4 2049.748639894405 2 -5.709265360904 0.036536625520 -5.033191096156 -0.007560872783 -1.744523214111 -0.005325967156 -8.898425509581 0.084634399053
8 5 2049.746771801290 2 -5.709519971354 0.036546682552 -5.011659721499 -0.008059159991 -1.759759029967 -0.005095661045 -8.890863271917 0.084549622501
9 5 2049.744815758908 3 -5.709881056568 0.036551883323 -4.998188990520 -0.008234006996 -1.771689365820 -0.004937734768 -8.891263599487 0.084556743136
10 6 2049.743175707809 3 -5.710138634917 0.036559140678 -4.967825639079 -0.008620904270 -1.794734221073 -0.004604196458 -8.892139019690 0.084573740064
11 6 2049.743137852584 3 -5.710113799218 0.036557105302 -4.967010249735 -0.008634780450 -1.794887909348 -0.004601915013 -8.892420961305 0.084576937259
12 7 2049.740258655866 4 -5.706289955801 0.036503670396 -4.872811478160 -0.010106571310 -1.785853559831 -0.004730329079 -8.942783468665 0.085228405774
13 7 2049.740250361582 4 -5.706428797942 0.036505613704 -4.872452549621 -0.010112065292 -1.785862396278 -0.004733327841 -8.942609916176 0.085228352442
14 8 2049.740240433959 5 -5.707103085503 0.036517328605 -4.870495770699 -0.010151451548 -1.786842672853 -0.004719150818 -8.942622220373 0.085227248714
15 8 2049.740223856340 5 -5.708483276511 0.036538343282 -4.868709392954 -0.010183445271 -1.787539870475 -0.004708878504 -8.943138682225 0.085234210382
16 9 2049.740203183415 6 -5.709680430253 0.036554885343 -4.868483305408 -0.010182358896 -1.787408424719 -0.004710581086 -8.943855605653 0.085244541176
17 9 2049.740194466208 6 -5.711117537871 0.036574559741 -4.868418576162 -0.010177026869 -1.787224206790 -0.004713120870 -8.944690905808 0.085255554402
18 10 2049.740194465860 7 -5.711116052751 0.036574527372 -4.868428016781 -0.010176863979 -1.787222836511 -0.004713139444 -8.944687243021 0.085255479697
19 10 2049.740194465851 9 -5.711117182402 0.036574545319 -4.868425837255 -0.010176904848 -1.787223694708 -0.004713126890 -8.944687461531 0.085255482077
20 11 2049.740194465850 9 -5.711117182219 0.036574545316 -4.868425832736 -0.010176904918 -1.787223694275 -0.004713126896 -8.944687463947 0.085255482109
