# DEMgali.txt
#IMaCh version 0.99r45, April 2023,INED-EUROREVES-Institut de longevite-Japan Society for the Promotion of Science (Grant-in-Aid for Scientific Research 25293121), Intel Software 2015-2020, Nihon University 2021-202, INED 2000-2022
#$Revision: 1.353 $ $Date: 2023/05/08 18:48:22 $
# Tue Feb 04 20:24:32 2025
#One-step probabilities and correlation matrix
# Age p1-1  p1-2  p1-3  p2-1  p2-2  p2-3 
50  9.754e-001  2.009e-002  4.507e-003  1.159e-001  8.760e-001  8.113e-003 
50 1-1  1.000e+000
50 1-2 -7.895e-001  1.000e+000
50 1-3 -4.925e-001 -1.454e-001  1.000e+000
50 2-1 -2.162e-001  2.236e-001  3.136e-002  1.000e+000
50 2-2  2.060e-001 -2.354e-001  1.702e-003 -9.881e-001  1.000e+000
50 2-3  5.917e-002  8.340e-002 -2.136e-001 -4.553e-002 -1.087e-001  1.000e+000
51  9.747e-001  2.083e-002  4.458e-003  1.153e-001  8.759e-001  8.833e-003 
51 1-1  1.000e+000
51 1-2 -8.107e-001  1.000e+000
51 1-3 -4.646e-001 -1.418e-001  1.000e+000
51 2-1 -2.188e-001  2.232e-001  3.229e-002  1.000e+000
51 2-2  2.082e-001 -2.360e-001  4.911e-003 -9.856e-001  1.000e+000
51 2-3  5.419e-002  8.369e-002 -2.182e-001 -4.745e-002 -1.224e-001  1.000e+000
52  9.740e-001  2.159e-002  4.410e-003  1.147e-001  8.756e-001  9.617e-003 
52 1-1  1.000e+000
52 1-2 -8.306e-001  1.000e+000
52 1-3 -4.369e-001 -1.380e-001  1.000e+000
52 2-1 -2.212e-001  2.229e-001  3.330e-002  1.000e+000
52 2-2  2.101e-001 -2.367e-001  8.622e-003 -9.825e-001  1.000e+000
52 2-3  4.928e-002  8.399e-002 -2.233e-001 -4.957e-002 -1.374e-001  1.000e+000
53  9.733e-001  2.238e-002  4.362e-003  1.142e-001  8.754e-001  1.047e-002 
53 1-1  1.000e+000
53 1-2 -8.492e-001  1.000e+000
53 1-3 -4.097e-001 -1.339e-001  1.000e+000
53 2-1 -2.232e-001  2.226e-001  3.442e-002  1.000e+000
53 2-2  2.117e-001 -2.375e-001  1.292e-002 -9.788e-001  1.000e+000
53 2-3  4.446e-002  8.430e-002 -2.290e-001 -5.189e-002 -1.538e-001  1.000e+000
54  9.725e-001  2.319e-002  4.314e-003  1.136e-001  8.750e-001  1.140e-002 
54 1-1  1.000e+000
54 1-2 -8.663e-001  1.000e+000
54 1-3 -3.831e-001 -1.296e-001  1.000e+000
54 2-1 -2.250e-001  2.223e-001  3.563e-002  1.000e+000
54 2-2  2.130e-001 -2.384e-001  1.790e-002 -9.743e-001  1.000e+000
54 2-3  3.978e-002  8.461e-002 -2.354e-001 -5.442e-002 -1.717e-001  1.000e+000
55  9.717e-001  2.404e-002  4.267e-003  1.130e-001  8.746e-001  1.241e-002 
55 1-1  1.000e+000
55 1-2 -8.818e-001  1.000e+000
55 1-3 -3.576e-001 -1.251e-001  1.000e+000
55 2-1 -2.266e-001  2.220e-001  3.692e-002  1.000e+000
55 2-2  2.140e-001 -2.393e-001  2.366e-002 -9.690e-001  1.000e+000
55 2-3  3.528e-002  8.491e-002 -2.423e-001 -5.718e-002 -1.912e-001  1.000e+000
56  9.709e-001  2.491e-002  4.220e-003  1.124e-001  8.741e-001  1.350e-002 
56 1-1  1.000e+000
56 1-2 -8.957e-001  1.000e+000
56 1-3 -3.335e-001 -1.205e-001  1.000e+000
56 2-1 -2.279e-001  2.219e-001  3.827e-002  1.000e+000
56 2-2  2.147e-001 -2.403e-001  3.029e-002 -9.626e-001  1.000e+000
56 2-3  3.097e-002  8.521e-002 -2.498e-001 -6.016e-002 -2.124e-001  1.000e+000
57  9.700e-001  2.581e-002  4.174e-003  1.118e-001  8.735e-001  1.469e-002 
57 1-1  1.000e+000
57 1-2 -9.079e-001  1.000e+000
57 1-3 -3.112e-001 -1.160e-001  1.000e+000
57 2-1 -2.290e-001  2.219e-001  3.963e-002  1.000e+000
57 2-2  2.150e-001 -2.415e-001  3.785e-002 -9.551e-001  1.000e+000
57 2-3  2.692e-002  8.548e-002 -2.575e-001 -6.336e-002 -2.351e-001  1.000e+000
58  9.691e-001  2.675e-002  4.128e-003  1.112e-001  8.728e-001  1.599e-002 
58 1-1  1.000e+000
58 1-2 -9.182e-001  1.000e+000
58 1-3 -2.911e-001 -1.117e-001  1.000e+000
58 2-1 -2.300e-001  2.220e-001  4.090e-002  1.000e+000
58 2-2  2.151e-001 -2.426e-001  4.633e-002 -9.463e-001  1.000e+000
58 2-3  2.316e-002  8.570e-002 -2.651e-001 -6.677e-002 -2.595e-001  1.000e+000
59  9.682e-001  2.772e-002  4.082e-003  1.106e-001  8.720e-001  1.740e-002 
59 1-1  1.000e+000
59 1-2 -9.266e-001  1.000e+000
59 1-3 -2.737e-001 -1.081e-001  1.000e+000
59 2-1 -2.310e-001  2.223e-001  4.195e-002  1.000e+000
59 2-2  2.150e-001 -2.439e-001  5.560e-002 -9.360e-001  1.000e+000
59 2-3  1.972e-002  8.585e-002 -2.717e-001 -7.037e-002 -2.853e-001  1.000e+000
60  9.672e-001  2.873e-002  4.037e-003  1.099e-001  8.712e-001  1.892e-002 
60 1-1  1.000e+000
60 1-2 -9.330e-001  1.000e+000
60 1-3 -2.594e-001 -1.056e-001  1.000e+000
60 2-1 -2.319e-001  2.229e-001  4.261e-002  1.000e+000
60 2-2  2.146e-001 -2.453e-001  6.530e-002 -9.242e-001  1.000e+000
60 2-3  1.667e-002  8.589e-002 -2.766e-001 -7.410e-002 -3.123e-001  1.000e+000
61  9.662e-001  2.977e-002  3.992e-003  1.093e-001  8.701e-001  2.058e-002 
61 1-1  1.000e+000
61 1-2 -9.372e-001  1.000e+000
61 1-3 -2.485e-001 -1.049e-001  1.000e+000
61 2-1 -2.330e-001  2.239e-001  4.267e-002  1.000e+000
61 2-2  2.140e-001 -2.467e-001  7.490e-002 -9.110e-001  1.000e+000
61 2-3  1.406e-002  8.579e-002 -2.784e-001 -7.790e-002 -3.401e-001  1.000e+000
62  9.652e-001  3.084e-002  3.947e-003  1.086e-001  8.690e-001  2.239e-002 
62 1-1  1.000e+000
62 1-2 -9.393e-001  1.000e+000
62 1-3 -2.410e-001 -1.066e-001  1.000e+000
62 2-1 -2.344e-001  2.253e-001  4.197e-002  1.000e+000
62 2-2  2.133e-001 -2.481e-001  8.365e-002 -8.966e-001  1.000e+000
62 2-3  1.192e-002  8.548e-002 -2.763e-001 -8.167e-002 -3.682e-001  1.000e+000
63  9.641e-001  3.195e-002  3.903e-003  1.080e-001  8.677e-001  2.434e-002 
63 1-1  1.000e+000
63 1-2 -9.391e-001  1.000e+000
63 1-3 -2.367e-001 -1.114e-001  1.000e+000
63 2-1 -2.360e-001  2.271e-001  4.049e-002  1.000e+000
63 2-2  2.126e-001 -2.496e-001  9.086e-002 -8.811e-001  1.000e+000
63 2-3  1.033e-002  8.491e-002 -2.700e-001 -8.528e-002 -3.961e-001  1.000e+000
64  9.630e-001  3.311e-002  3.859e-003  1.073e-001  8.663e-001  2.647e-002 
64 1-1  1.000e+000
64 1-2 -9.369e-001  1.000e+000
64 1-3 -2.349e-001 -1.196e-001  1.000e+000
64 2-1 -2.381e-001  2.294e-001  3.833e-002  1.000e+000
64 2-2  2.119e-001 -2.510e-001  9.608e-002 -8.652e-001  1.000e+000
64 2-3  9.302e-003  8.402e-002 -2.601e-001 -8.857e-002 -4.229e-001  1.000e+000
65  9.619e-001  3.430e-002  3.815e-003  1.066e-001  8.647e-001  2.877e-002 
65 1-1  1.000e+000
65 1-2 -9.330e-001  1.000e+000
65 1-3 -2.346e-001 -1.310e-001  1.000e+000
65 2-1 -2.407e-001  2.323e-001  3.575e-002  1.000e+000
65 2-2  2.114e-001 -2.524e-001  9.930e-002 -8.494e-001  1.000e+000
65 2-3  8.876e-003  8.275e-002 -2.480e-001 -9.134e-002 -4.479e-001  1.000e+000
66  9.607e-001  3.553e-002  3.772e-003  1.058e-001  8.629e-001  3.126e-002 
66 1-1  1.000e+000
66 1-2 -9.278e-001  1.000e+000
66 1-3 -2.347e-001 -1.450e-001  1.000e+000
66 2-1 -2.438e-001  2.355e-001  3.306e-002  1.000e+000
66 2-2  2.111e-001 -2.536e-001  1.009e-001 -8.347e-001  1.000e+000
66 2-3  9.041e-003  8.111e-002 -2.353e-001 -9.342e-002 -4.704e-001  1.000e+000
67  9.595e-001  3.681e-002  3.729e-003  1.051e-001  8.609e-001  3.397e-002 
67 1-1  1.000e+000
67 1-2 -9.221e-001  1.000e+000
67 1-3 -2.338e-001 -1.607e-001  1.000e+000
67 2-1 -2.474e-001  2.390e-001  3.050e-002  1.000e+000
67 2-2  2.111e-001 -2.546e-001  1.013e-001 -8.216e-001  1.000e+000
67 2-3  9.749e-003  7.911e-002 -2.236e-001 -9.463e-002 -4.898e-001  1.000e+000
68  9.582e-001  3.813e-002  3.686e-003  1.044e-001  8.588e-001  3.690e-002 
68 1-1  1.000e+000
68 1-2 -9.166e-001  1.000e+000
68 1-3 -2.312e-001 -1.771e-001  1.000e+000
68 2-1 -2.513e-001  2.426e-001  2.826e-002  1.000e+000
68 2-2  2.114e-001 -2.554e-001  1.012e-001 -8.109e-001  1.000e+000
68 2-3  1.091e-002  7.686e-002 -2.139e-001 -9.484e-002 -5.057e-001  1.000e+000
69  9.569e-001  3.950e-002  3.644e-003  1.036e-001  8.564e-001  4.007e-002 
69 1-1  1.000e+000
69 1-2 -9.122e-001  1.000e+000
69 1-3 -2.259e-001 -1.931e-001  1.000e+000
69 2-1 -2.553e-001  2.460e-001  2.644e-002  1.000e+000
69 2-2  2.120e-001 -2.560e-001  1.011e-001 -8.029e-001  1.000e+000
69 2-3  1.237e-002  7.455e-002 -2.068e-001 -9.400e-002 -5.180e-001  1.000e+000
70  9.555e-001  4.091e-002  3.602e-003  1.028e-001  8.537e-001  4.350e-002 
70 1-1  1.000e+000
70 1-2 -9.094e-001  1.000e+000
70 1-3 -2.178e-001 -2.079e-001  1.000e+000
70 2-1 -2.592e-001  2.491e-001  2.506e-002  1.000e+000
70 2-2  2.128e-001 -2.564e-001  1.013e-001 -7.978e-001  1.000e+000
70 2-3  1.395e-002  7.238e-002 -2.026e-001 -9.214e-002 -5.269e-001  1.000e+000
71  9.541e-001  4.237e-002  3.560e-003  1.019e-001  8.508e-001  4.721e-002 
71 1-1  1.000e+000
71 1-2 -9.086e-001  1.000e+000
71 1-3 -2.068e-001 -2.208e-001  1.000e+000
71 2-1 -2.627e-001  2.516e-001  2.412e-002  1.000e+000
71 2-2  2.138e-001 -2.567e-001  1.021e-001 -7.952e-001  1.000e+000
71 2-3  1.544e-002  7.059e-002 -2.014e-001 -8.939e-002 -5.329e-001  1.000e+000
72  9.526e-001  4.388e-002  3.518e-003  1.011e-001  8.477e-001  5.122e-002 
72 1-1  1.000e+000
72 1-2 -9.096e-001  1.000e+000
72 1-3 -1.934e-001 -2.316e-001  1.000e+000
72 2-1 -2.657e-001  2.535e-001  2.358e-002  1.000e+000
72 2-2  2.149e-001 -2.570e-001  1.036e-001 -7.945e-001  1.000e+000
72 2-3  1.663e-002  6.938e-002 -2.028e-001 -8.596e-002 -5.367e-001  1.000e+000
73  9.511e-001  4.544e-002  3.477e-003  1.002e-001  8.442e-001  5.556e-002 
73 1-1  1.000e+000
73 1-2 -9.124e-001  1.000e+000
73 1-3 -1.781e-001 -2.403e-001  1.000e+000
73 2-1 -2.681e-001  2.548e-001  2.339e-002  1.000e+000
73 2-2  2.160e-001 -2.572e-001  1.060e-001 -7.950e-001  1.000e+000
73 2-3  1.729e-002  6.891e-002 -2.066e-001 -8.211e-002 -5.393e-001  1.000e+000
74  9.495e-001  4.706e-002  3.436e-003  9.928e-002  8.405e-001  6.023e-002 
74 1-1  1.000e+000
74 1-2 -9.164e-001  1.000e+000
74 1-3 -1.615e-001 -2.471e-001  1.000e+000
74 2-1 -2.699e-001  2.555e-001  2.353e-002  1.000e+000
74 2-2  2.171e-001 -2.575e-001  1.093e-001 -7.955e-001  1.000e+000
74 2-3  1.724e-002  6.923e-002 -2.124e-001 -7.816e-002 -5.419e-001  1.000e+000
75  9.479e-001  4.873e-002  3.396e-003  9.834e-002  8.364e-001  6.527e-002 
75 1-1  1.000e+000
75 1-2 -9.213e-001  1.000e+000
75 1-3 -1.441e-001 -2.521e-001  1.000e+000
75 2-1 -2.711e-001  2.557e-001  2.393e-002  1.000e+000
75 2-2  2.179e-001 -2.576e-001  1.134e-001 -7.952e-001  1.000e+000
75 2-3  1.635e-002  7.030e-002 -2.195e-001 -7.443e-002 -5.455e-001  1.000e+000
76  9.462e-001  5.045e-002  3.355e-003  9.735e-002  8.319e-001  7.070e-002 
76 1-1  1.000e+000
76 1-2 -9.266e-001  1.000e+000
76 1-3 -1.264e-001 -2.558e-001  1.000e+000
76 2-1 -2.717e-001  2.555e-001  2.458e-002  1.000e+000
76 2-2  2.184e-001 -2.577e-001  1.183e-001 -7.929e-001  1.000e+000
76 2-3  1.450e-002  7.199e-002 -2.272e-001 -7.127e-002 -5.514e-001  1.000e+000
77  9.445e-001  5.223e-002  3.315e-003  9.633e-002  8.271e-001  7.655e-002 
77 1-1  1.000e+000
77 1-2 -9.322e-001  1.000e+000
77 1-3 -1.089e-001 -2.584e-001  1.000e+000
77 2-1 -2.719e-001  2.550e-001  2.544e-002  1.000e+000
77 2-2  2.185e-001 -2.574e-001  1.238e-001 -7.876e-001  1.000e+000
77 2-3  1.171e-002  7.409e-002 -2.347e-001 -6.901e-002 -5.603e-001  1.000e+000
78  9.426e-001  5.408e-002  3.275e-003  9.527e-002  8.219e-001  8.283e-002 
78 1-1  1.000e+000
78 1-2 -9.377e-001  1.000e+000
78 1-3 -9.166e-002 -2.601e-001  1.000e+000
78 2-1 -2.716e-001  2.541e-001  2.649e-002  1.000e+000
78 2-2  2.180e-001 -2.568e-001  1.299e-001 -7.787e-001  1.000e+000
78 2-3  8.053e-003  7.636e-002 -2.412e-001 -6.796e-002 -5.731e-001  1.000e+000
79  9.408e-001  5.598e-002  3.236e-003  9.417e-002  8.162e-001  8.959e-002 
79 1-1  1.000e+000
79 1-2 -9.430e-001  1.000e+000
79 1-3 -7.497e-002 -2.612e-001  1.000e+000
79 2-1 -2.710e-001  2.531e-001  2.771e-002  1.000e+000
79 2-2  2.169e-001 -2.555e-001  1.364e-001 -7.652e-001  1.000e+000
79 2-3  3.697e-003  7.857e-002 -2.461e-001 -6.835e-002 -5.900e-001  1.000e+000
80  9.389e-001  5.795e-002  3.197e-003  9.303e-002  8.101e-001  9.683e-002 
80 1-1  1.000e+000
80 1-2 -9.480e-001  1.000e+000
80 1-3 -5.892e-002 -2.617e-001  1.000e+000
80 2-1 -2.701e-001  2.519e-001  2.909e-002  1.000e+000
80 2-2  2.151e-001 -2.536e-001  1.431e-001 -7.467e-001  1.000e+000
80 2-3 -1.131e-003  8.052e-002 -2.492e-001 -7.034e-002 -6.110e-001  1.000e+000
81  9.369e-001  5.998e-002  3.158e-003  9.184e-002  8.036e-001  1.046e-001 
81 1-1  1.000e+000
81 1-2 -9.528e-001  1.000e+000
81 1-3 -4.357e-002 -2.619e-001  1.000e+000
81 2-1 -2.690e-001  2.505e-001  3.063e-002  1.000e+000
81 2-2  2.125e-001 -2.508e-001  1.498e-001 -7.229e-001  1.000e+000
81 2-3 -6.192e-003  8.211e-002 -2.504e-001 -7.399e-002 -6.356e-001  1.000e+000
82  9.348e-001  6.207e-002  3.119e-003  9.061e-002  7.965e-001  1.129e-001 
82 1-1  1.000e+000
82 1-2 -9.571e-001  1.000e+000
82 1-3 -2.896e-002 -2.619e-001  1.000e+000
82 2-1 -2.677e-001  2.491e-001  3.232e-002  1.000e+000
82 2-2  2.092e-001 -2.472e-001  1.563e-001 -6.938e-001  1.000e+000
82 2-3 -1.127e-002  8.332e-002 -2.499e-001 -7.929e-002 -6.629e-001  1.000e+000
83  9.327e-001  6.424e-002  3.080e-003  8.932e-002  7.889e-001  1.218e-001 
83 1-1  1.000e+000
83 1-2 -9.611e-001  1.000e+000
83 1-3 -1.508e-002 -2.617e-001  1.000e+000
83 2-1 -2.661e-001  2.475e-001  3.415e-002  1.000e+000
83 2-2  2.050e-001 -2.428e-001  1.624e-001 -6.595e-001  1.000e+000
83 2-3 -1.619e-002  8.415e-002 -2.481e-001 -8.619e-002 -6.920e-001  1.000e+000
84  9.305e-001  6.648e-002  3.042e-003  8.798e-002  7.808e-001  1.312e-001 
84 1-1  1.000e+000
84 1-2 -9.647e-001  1.000e+000
84 1-3 -1.920e-003 -2.613e-001  1.000e+000
84 2-1 -2.644e-001  2.457e-001  3.612e-002  1.000e+000
84 2-2  2.003e-001 -2.375e-001  1.680e-001 -6.207e-001  1.000e+000
84 2-3 -2.086e-002  8.467e-002 -2.452e-001 -9.457e-002 -7.218e-001  1.000e+000
85  9.282e-001  6.878e-002  3.004e-003  8.659e-002  7.721e-001  1.413e-001 
85 1-1  1.000e+000
85 1-2 -9.681e-001  1.000e+000
85 1-3  1.054e-002 -2.609e-001  1.000e+000
85 2-1 -2.626e-001  2.439e-001  3.823e-002  1.000e+000
85 2-2  1.949e-001 -2.316e-001  1.731e-001 -5.779e-001  1.000e+000
85 2-3 -2.520e-002  8.495e-002 -2.418e-001 -1.044e-001 -7.513e-001  1.000e+000
86  9.259e-001  7.117e-002  2.966e-003  8.515e-002  7.628e-001  1.521e-001 
86 1-1  1.000e+000
86 1-2 -9.711e-001  1.000e+000
86 1-3  2.234e-002 -2.604e-001  1.000e+000
86 2-1 -2.606e-001  2.420e-001  4.048e-002  1.000e+000
86 2-2  1.892e-001 -2.251e-001  1.774e-001 -5.319e-001  1.000e+000
86 2-3 -2.920e-002  8.506e-002 -2.381e-001 -1.154e-001 -7.797e-001  1.000e+000
87  9.234e-001  7.362e-002  2.928e-003  8.365e-002  7.529e-001  1.634e-001 
87 1-1  1.000e+000
87 1-2 -9.738e-001  1.000e+000
87 1-3  3.350e-002 -2.599e-001  1.000e+000
87 2-1 -2.585e-001  2.400e-001  4.287e-002  1.000e+000
87 2-2  1.831e-001 -2.181e-001  1.811e-001 -4.836e-001  1.000e+000
87 2-3 -3.285e-002  8.503e-002 -2.342e-001 -1.277e-001 -8.064e-001  1.000e+000
88  9.209e-001  7.616e-002  2.890e-003  8.210e-002  7.424e-001  1.755e-001 
88 1-1  1.000e+000
88 1-2 -9.763e-001  1.000e+000
88 1-3  4.406e-002 -2.594e-001  1.000e+000
88 2-1 -2.562e-001  2.378e-001  4.539e-002  1.000e+000
88 2-2  1.769e-001 -2.110e-001  1.841e-001 -4.337e-001  1.000e+000
88 2-3 -3.619e-002  8.492e-002 -2.303e-001 -1.411e-001 -8.308e-001  1.000e+000
89  9.184e-001  7.878e-002  2.853e-003  8.049e-002  7.313e-001  1.883e-001 
89 1-1  1.000e+000
89 1-2 -9.785e-001  1.000e+000
89 1-3  5.406e-002 -2.589e-001  1.000e+000
89 2-1 -2.537e-001  2.355e-001  4.805e-002  1.000e+000
89 2-2  1.708e-001 -2.037e-001  1.865e-001 -3.830e-001  1.000e+000
89 2-3 -3.922e-002  8.477e-002 -2.266e-001 -1.556e-001 -8.529e-001  1.000e+000
90  9.157e-001  8.147e-002  2.816e-003  7.882e-002  7.195e-001  2.017e-001 
90 1-1  1.000e+000
90 1-2 -9.805e-001  1.000e+000
90 1-3  6.354e-002 -2.585e-001  1.000e+000
90 2-1 -2.511e-001  2.331e-001  5.083e-002  1.000e+000
90 2-2  1.647e-001 -1.965e-001  1.884e-001 -3.320e-001  1.000e+000
90 2-3 -4.199e-002  8.458e-002 -2.231e-001 -1.711e-001 -8.725e-001  1.000e+000