# DEMgali.txt
#IMaCh version 0.99r45, April 2023,INED-EUROREVES-Institut de longevite-Japan Society for the Promotion of Science (Grant-in-Aid for Scientific Research 25293121), Intel Software 2015-2020, Nihon University 2021-202, INED 2000-2022
#$Revision: 1.353 $ $Date: 2023/05/08 18:48:22 $
# Tue Feb 04 20:24:32 2025
#One-step probabilities and stand. devi in ()
# Age p1-1 (SE) p1-2 (SE) p1-3 (SE) p2-1 (SE) p2-2 (SE) p2-3 (SE)
50  9.754e-001 ( 4.257e-003)  2.009e-002 ( 3.744e-003)  4.507e-003 ( 2.641e-003)  1.159e-001 ( 2.418e-002)  8.760e-001 ( 2.430e-002)  8.113e-003 ( 3.744e-003) 
51  9.747e-001 ( 4.147e-003)  2.083e-002 ( 3.710e-003)  4.458e-003 ( 2.453e-003)  1.153e-001 ( 2.310e-002)  8.759e-001 ( 2.325e-002)  8.833e-003 ( 3.941e-003) 
52  9.740e-001 ( 4.041e-003)  2.159e-002 ( 3.670e-003)  4.410e-003 ( 2.272e-003)  1.147e-001 ( 2.204e-002)  8.756e-001 ( 2.222e-002)  9.617e-003 ( 4.144e-003) 
53  9.733e-001 ( 3.938e-003)  2.238e-002 ( 3.625e-003)  4.362e-003 ( 2.098e-003)  1.142e-001 ( 2.100e-002)  8.754e-001 ( 2.122e-002)  1.047e-002 ( 4.353e-003) 
54  9.725e-001 ( 3.838e-003)  2.319e-002 ( 3.575e-003)  4.314e-003 ( 1.934e-003)  1.136e-001 ( 1.999e-002)  8.750e-001 ( 2.026e-002)  1.140e-002 ( 4.566e-003) 
55  9.717e-001 ( 3.740e-003)  2.404e-002 ( 3.521e-003)  4.267e-003 ( 1.778e-003)  1.130e-001 ( 1.901e-002)  8.746e-001 ( 1.933e-002)  1.241e-002 ( 4.783e-003) 
56  9.709e-001 ( 3.646e-003)  2.491e-002 ( 3.463e-003)  4.220e-003 ( 1.633e-003)  1.124e-001 ( 1.806e-002)  8.741e-001 ( 1.845e-002)  1.350e-002 ( 5.004e-003) 
57  9.700e-001 ( 3.556e-003)  2.581e-002 ( 3.402e-003)  4.174e-003 ( 1.501e-003)  1.118e-001 ( 1.715e-002)  8.735e-001 ( 1.761e-002)  1.469e-002 ( 5.227e-003) 
58  9.691e-001 ( 3.469e-003)  2.675e-002 ( 3.339e-003)  4.128e-003 ( 1.383e-003)  1.112e-001 ( 1.628e-002)  8.728e-001 ( 1.682e-002)  1.599e-002 ( 5.451e-003) 
59  9.682e-001 ( 3.386e-003)  2.772e-002 ( 3.276e-003)  4.082e-003 ( 1.281e-003)  1.106e-001 ( 1.545e-002)  8.720e-001 ( 1.608e-002)  1.740e-002 ( 5.676e-003) 
60  9.672e-001 ( 3.310e-003)  2.873e-002 ( 3.215e-003)  4.037e-003 ( 1.198e-003)  1.099e-001 ( 1.468e-002)  8.712e-001 ( 1.541e-002)  1.892e-002 ( 5.900e-003) 
61  9.662e-001 ( 3.241e-003)  2.977e-002 ( 3.157e-003)  3.992e-003 ( 1.136e-003)  1.093e-001 ( 1.396e-002)  8.701e-001 ( 1.480e-002)  2.058e-002 ( 6.122e-003) 
62  9.652e-001 ( 3.182e-003)  3.084e-002 ( 3.106e-003)  3.947e-003 ( 1.098e-003)  1.086e-001 ( 1.331e-002)  8.690e-001 ( 1.427e-002)  2.239e-002 ( 6.340e-003) 
63  9.641e-001 ( 3.136e-003)  3.195e-002 ( 3.066e-003)  3.903e-003 ( 1.084e-003)  1.080e-001 ( 1.272e-002)  8.677e-001 ( 1.381e-002)  2.434e-002 ( 6.553e-003) 
64  9.630e-001 ( 3.106e-003)  3.311e-002 ( 3.041e-003)  3.859e-003 ( 1.093e-003)  1.073e-001 ( 1.222e-002)  8.663e-001 ( 1.343e-002)  2.647e-002 ( 6.760e-003) 
65  9.619e-001 ( 3.095e-003)  3.430e-002 ( 3.035e-003)  3.815e-003 ( 1.124e-003)  1.066e-001 ( 1.179e-002)  8.647e-001 ( 1.314e-002)  2.877e-002 ( 6.960e-003) 
66  9.607e-001 ( 3.109e-003)  3.553e-002 ( 3.055e-003)  3.772e-003 ( 1.172e-003)  1.058e-001 ( 1.146e-002)  8.629e-001 ( 1.293e-002)  3.126e-002 ( 7.153e-003) 
67  9.595e-001 ( 3.152e-003)  3.681e-002 ( 3.105e-003)  3.729e-003 ( 1.236e-003)  1.051e-001 ( 1.122e-002)  8.609e-001 ( 1.281e-002)  3.397e-002 ( 7.337e-003) 
68  9.582e-001 ( 3.227e-003)  3.813e-002 ( 3.190e-003)  3.686e-003 ( 1.311e-003)  1.044e-001 ( 1.108e-002)  8.588e-001 ( 1.278e-002)  3.690e-002 ( 7.514e-003) 
69  9.569e-001 ( 3.340e-003)  3.950e-002 ( 3.316e-003)  3.644e-003 ( 1.395e-003)  1.036e-001 ( 1.103e-002)  8.564e-001 ( 1.284e-002)  4.007e-002 ( 7.687e-003) 
70  9.555e-001 ( 3.492e-003)  4.091e-002 ( 3.484e-003)  3.602e-003 ( 1.485e-003)  1.028e-001 ( 1.108e-002)  8.537e-001 ( 1.298e-002)  4.350e-002 ( 7.857e-003) 
71  9.541e-001 ( 3.687e-003)  4.237e-002 ( 3.699e-003)  3.560e-003 ( 1.579e-003)  1.019e-001 ( 1.121e-002)  8.508e-001 ( 1.319e-002)  4.721e-002 ( 8.032e-003) 
72  9.526e-001 ( 3.926e-003)  4.388e-002 ( 3.959e-003)  3.518e-003 ( 1.676e-003)  1.011e-001 ( 1.142e-002)  8.477e-001 ( 1.349e-002)  5.122e-002 ( 8.220e-003) 
73  9.511e-001 ( 4.209e-003)  4.544e-002 ( 4.267e-003)  3.477e-003 ( 1.775e-003)  1.002e-001 ( 1.170e-002)  8.442e-001 ( 1.385e-002)  5.556e-002 ( 8.433e-003) 
74  9.495e-001 ( 4.538e-003)  4.706e-002 ( 4.622e-003)  3.436e-003 ( 1.875e-003)  9.928e-002 ( 1.205e-002)  8.405e-001 ( 1.429e-002)  6.023e-002 ( 8.687e-003) 
75  9.479e-001 ( 4.912e-003)  4.873e-002 ( 5.023e-003)  3.396e-003 ( 1.974e-003)  9.834e-002 ( 1.244e-002)  8.364e-001 ( 1.481e-002)  6.527e-002 ( 9.004e-003) 
76  9.462e-001 ( 5.331e-003)  5.045e-002 ( 5.470e-003)  3.355e-003 ( 2.073e-003)  9.735e-002 ( 1.288e-002)  8.319e-001 ( 1.540e-002)  7.070e-002 ( 9.409e-003) 
77  9.445e-001 ( 5.795e-003)  5.223e-002 ( 5.963e-003)  3.315e-003 ( 2.172e-003)  9.633e-002 ( 1.335e-002)  8.271e-001 ( 1.608e-002)  7.655e-002 ( 9.931e-003) 
78  9.426e-001 ( 6.303e-003)  5.408e-002 ( 6.501e-003)  3.275e-003 ( 2.269e-003)  9.527e-002 ( 1.384e-002)  8.219e-001 ( 1.685e-002)  8.283e-002 ( 1.060e-002) 
79  9.408e-001 ( 6.857e-003)  5.598e-002 ( 7.084e-003)  3.236e-003 ( 2.364e-003)  9.417e-002 ( 1.435e-002)  8.162e-001 ( 1.774e-002)  8.959e-002 ( 1.145e-002) 
80  9.389e-001 ( 7.456e-003)  5.795e-002 ( 7.712e-003)  3.197e-003 ( 2.458e-003)  9.303e-002 ( 1.487e-002)  8.101e-001 ( 1.874e-002)  9.683e-002 ( 1.250e-002) 
81  9.369e-001 ( 8.101e-003)  5.998e-002 ( 8.386e-003)  3.158e-003 ( 2.550e-003)  9.184e-002 ( 1.540e-002)  8.036e-001 ( 1.989e-002)  1.046e-001 ( 1.378e-002) 
82  9.348e-001 ( 8.793e-003)  6.207e-002 ( 9.107e-003)  3.119e-003 ( 2.640e-003)  9.061e-002 ( 1.592e-002)  7.965e-001 ( 2.120e-002)  1.129e-001 ( 1.532e-002) 
83  9.327e-001 ( 9.531e-003)  6.424e-002 ( 9.874e-003)  3.080e-003 ( 2.728e-003)  8.932e-002 ( 1.644e-002)  7.889e-001 ( 2.269e-002)  1.218e-001 ( 1.712e-002) 
84  9.305e-001 ( 1.032e-002)  6.648e-002 ( 1.069e-002)  3.042e-003 ( 2.813e-003)  8.798e-002 ( 1.695e-002)  7.808e-001 ( 2.438e-002)  1.312e-001 ( 1.920e-002) 
85  9.282e-001 ( 1.115e-002)  6.878e-002 ( 1.155e-002)  3.004e-003 ( 2.897e-003)  8.659e-002 ( 1.744e-002)  7.721e-001 ( 2.629e-002)  1.413e-001 ( 2.157e-002) 
86  9.259e-001 ( 1.204e-002)  7.117e-002 ( 1.247e-002)  2.966e-003 ( 2.978e-003)  8.515e-002 ( 1.792e-002)  7.628e-001 ( 2.843e-002)  1.521e-001 ( 2.424e-002) 
87  9.234e-001 ( 1.298e-002)  7.362e-002 ( 1.343e-002)  2.928e-003 ( 3.056e-003)  8.365e-002 ( 1.838e-002)  7.529e-001 ( 3.082e-002)  1.634e-001 ( 2.720e-002) 
88  9.209e-001 ( 1.397e-002)  7.616e-002 ( 1.445e-002)  2.890e-003 ( 3.133e-003)  8.210e-002 ( 1.881e-002)  7.424e-001 ( 3.347e-002)  1.755e-001 ( 3.046e-002) 
89  9.184e-001 ( 1.501e-002)  7.878e-002 ( 1.552e-002)  2.853e-003 ( 3.207e-003)  8.049e-002 ( 1.923e-002)  7.313e-001 ( 3.638e-002)  1.883e-001 ( 3.402e-002) 
90  9.157e-001 ( 1.611e-002)  8.147e-002 ( 1.664e-002)  2.816e-003 ( 3.278e-003)  7.882e-002 ( 1.961e-002)  7.195e-001 ( 3.955e-002)  2.017e-001 ( 3.786e-002) 