# DEMgali.txt
#IMaCh version 0.99r45, April 2023,INED-EUROREVES-Institut de longevite-Japan Society for the Promotion of Science (Grant-in-Aid for Scientific Research 25293121), Intel Software 2015-2020, Nihon University 2021-202, INED 2000-2022
#$Revision: 1.353 $ $Date: 2023/05/08 18:48:22 $
# Tue Feb 04 20:24:32 2025
#One-step probabilities and covariance matrix
# Age p1-1  p1-2  p1-3  p2-1  p2-2  p2-3 
50  9.754e-001  2.009e-002  4.507e-003  1.159e-001  8.760e-001  8.113e-003 
50 1-1  1.812e-005
50 1-2 -1.258e-005  1.402e-005
50 1-3 -5.536e-006 -1.437e-006  6.974e-006
50 2-1 -2.225e-005  2.025e-005  2.003e-006  5.849e-004
50 2-2  2.131e-005 -2.142e-005  1.093e-007 -5.808e-004  5.907e-004
50 2-3  9.429e-007  1.169e-006 -2.112e-006 -4.122e-006 -9.892e-006  1.401e-005
51  9.747e-001  2.083e-002  4.458e-003  1.153e-001  8.759e-001  8.833e-003 
51 1-1  1.720e-005
51 1-2 -1.247e-005  1.376e-005
51 1-3 -4.725e-006 -1.290e-006  6.016e-006
51 2-1 -2.096e-005  1.913e-005  1.829e-006  5.336e-004
51 2-2  2.007e-005 -2.035e-005  2.800e-007 -5.292e-004  5.404e-004
51 2-3  8.856e-007  1.223e-006 -2.109e-006 -4.320e-006 -1.121e-005  1.553e-005
52  9.740e-001  2.159e-002  4.410e-003  1.147e-001  8.756e-001  9.617e-003 
52 1-1  1.633e-005
52 1-2 -1.232e-005  1.347e-005
52 1-3 -4.010e-006 -1.150e-006  5.161e-006
52 2-1 -1.969e-005  1.802e-005  1.667e-006  4.856e-004
52 2-2  1.887e-005 -1.930e-005  4.352e-007 -4.811e-004  4.937e-004
52 2-3  8.251e-007  1.277e-006 -2.102e-006 -4.527e-006 -1.265e-005  1.717e-005
53  9.733e-001  2.238e-002  4.362e-003  1.142e-001  8.754e-001  1.047e-002 
53 1-1  1.550e-005
53 1-2 -1.212e-005  1.314e-005
53 1-3 -3.385e-006 -1.019e-006  4.403e-006
53 2-1 -1.846e-005  1.694e-005  1.517e-006  4.409e-004
53 2-2  1.769e-005 -1.827e-005  5.754e-007 -4.362e-004  4.504e-004
53 2-3  7.621e-007  1.330e-006 -2.092e-006 -4.743e-006 -1.420e-005  1.895e-005
54  9.725e-001  2.319e-002  4.314e-003  1.136e-001  8.750e-001  1.140e-002 
54 1-1  1.473e-005
54 1-2 -1.188e-005  1.278e-005
54 1-3 -2.843e-006 -8.959e-007  3.739e-006
54 2-1 -1.726e-005  1.588e-005  1.377e-006  3.995e-004
54 2-2  1.656e-005 -1.726e-005  7.012e-007 -3.945e-004  4.104e-004
54 2-3  6.971e-007  1.381e-006 -2.078e-006 -4.967e-006 -1.588e-005  2.085e-005
55  9.717e-001  2.404e-002  4.267e-003  1.130e-001  8.746e-001  1.241e-002 
55 1-1  1.399e-005
55 1-2 -1.161e-005  1.240e-005
55 1-3 -2.378e-006 -7.834e-007  3.162e-006
55 2-1 -1.611e-005  1.486e-005  1.248e-006  3.613e-004
55 2-2  1.548e-005 -1.629e-005  8.133e-007 -3.561e-004  3.738e-004
55 2-3  6.311e-007  1.430e-006 -2.061e-006 -5.198e-006 -1.768e-005  2.288e-005
56  9.709e-001  2.491e-002  4.220e-003  1.124e-001  8.741e-001  1.350e-002 
56 1-1  1.330e-005
56 1-2 -1.131e-005  1.199e-005
56 1-3 -1.986e-006 -6.818e-007  2.668e-006
56 2-1 -1.501e-005  1.388e-005  1.129e-006  3.261e-004
56 2-2  1.444e-005 -1.535e-005  9.127e-007 -3.207e-004  3.403e-004
56 2-3  5.652e-007  1.477e-006 -2.042e-006 -5.436e-006 -1.960e-005  2.504e-005
57  9.700e-001  2.581e-002  4.174e-003  1.118e-001  8.735e-001  1.469e-002 
57 1-1  1.264e-005
57 1-2 -1.098e-005  1.157e-005
57 1-3 -1.661e-006 -5.922e-007  2.253e-006
57 2-1 -1.396e-005  1.294e-005  1.020e-006  2.941e-004
57 2-2  1.346e-005 -1.446e-005  1.000e-006 -2.884e-004  3.100e-004
57 2-3  5.003e-007  1.520e-006 -2.020e-006 -5.679e-006 -2.164e-005  2.732e-005
58  9.691e-001  2.675e-002  4.128e-003  1.112e-001  8.728e-001  1.599e-002 
58 1-1  1.203e-005
58 1-2 -1.064e-005  1.115e-005
58 1-3 -1.396e-006 -5.158e-007  1.912e-006
58 2-1 -1.299e-005  1.207e-005  9.205e-007  2.650e-004
58 2-2  1.255e-005 -1.363e-005  1.077e-006 -2.590e-004  2.828e-004
58 2-3  4.378e-007  1.560e-006 -1.998e-006 -5.925e-006 -2.379e-005  2.972e-005
59  9.682e-001  2.772e-002  4.082e-003  1.106e-001  8.720e-001  1.740e-002 
59 1-1  1.147e-005
59 1-2 -1.028e-005  1.073e-005
59 1-3 -1.187e-006 -4.535e-007  1.640e-006
59 2-1 -1.209e-005  1.126e-005  8.303e-007  2.388e-004
59 2-2  1.171e-005 -1.285e-005  1.145e-006 -2.326e-004  2.587e-004
59 2-3  3.791e-007  1.596e-006 -1.976e-006 -6.172e-006 -2.605e-005  3.222e-005
60  9.672e-001  2.873e-002  4.037e-003  1.099e-001  8.712e-001  1.892e-002 
60 1-1  1.096e-005
60 1-2 -9.927e-006  1.033e-005
60 1-3 -1.028e-006 -4.065e-007  1.435e-006
60 2-1 -1.127e-005  1.052e-005  7.492e-007  2.155e-004
60 2-2  1.094e-005 -1.215e-005  1.205e-006 -2.091e-004  2.374e-004
60 2-3  3.256e-007  1.629e-006 -1.955e-006 -6.417e-006 -2.839e-005  3.481e-005
61  9.662e-001  2.977e-002  3.992e-003  1.093e-001  8.701e-001  2.058e-002 
61 1-1  1.051e-005
61 1-2 -9.590e-006  9.966e-006
61 1-3 -9.152e-007 -3.762e-007  1.291e-006
61 2-1 -1.055e-005  9.868e-006  6.770e-007  1.949e-004
61 2-2  1.027e-005 -1.153e-005  1.260e-006 -1.883e-004  2.191e-004
61 2-3  2.789e-007  1.658e-006 -1.937e-006 -6.658e-006 -3.082e-005  3.747e-005
62  9.652e-001  3.084e-002  3.947e-003  1.086e-001  8.690e-001  2.239e-002 
62 1-1  1.013e-005
62 1-2 -9.284e-006  9.648e-006
62 1-3 -8.423e-007 -3.637e-007  1.206e-006
62 2-1 -9.924e-006  9.311e-006  6.134e-007  1.771e-004
62 2-2  9.684e-006 -1.099e-005  1.310e-006 -1.702e-004  2.035e-004
62 2-3  2.405e-007  1.683e-006 -1.924e-006 -6.890e-006 -3.330e-005  4.019e-005
63  9.641e-001  3.195e-002  3.903e-003  1.080e-001  8.677e-001  2.434e-002 
63 1-1  9.834e-006
63 1-2 -9.029e-006  9.400e-006
63 1-3 -8.048e-007 -3.703e-007  1.175e-006
63 2-1 -9.417e-006  8.858e-006  5.584e-007  1.619e-004
63 2-2  9.205e-006 -1.056e-005  1.360e-006 -1.548e-004  1.906e-004
63 2-3  2.122e-007  1.706e-006 -1.918e-006 -7.110e-006 -3.583e-005  4.294e-005
64  9.630e-001  3.311e-002  3.859e-003  1.073e-001  8.663e-001  2.647e-002 
64 1-1  9.645e-006
64 1-2 -8.848e-006  9.245e-006
64 1-3 -7.976e-007 -3.975e-007  1.195e-006
64 2-1 -9.034e-006  8.522e-006  5.119e-007  1.492e-004
64 2-2  8.839e-006 -1.025e-005  1.410e-006 -1.419e-004  1.803e-004
64 2-3  1.953e-007  1.727e-006 -1.922e-006 -7.314e-006 -3.839e-005  4.570e-005
65  9.619e-001  3.430e-002  3.815e-003  1.066e-001  8.647e-001  2.877e-002 
65 1-1  9.581e-006
65 1-2 -8.765e-006  9.212e-006
65 1-3 -8.161e-007 -4.466e-007  1.263e-006
65 2-1 -8.787e-006  8.314e-006  4.738e-007  1.391e-004
65 2-2  8.596e-006 -1.006e-005  1.466e-006 -1.316e-004  1.725e-004
65 2-3  1.912e-007  1.748e-006 -1.939e-006 -7.498e-006 -4.095e-005  4.844e-005
66  9.607e-001  3.553e-002  3.772e-003  1.058e-001  8.629e-001  3.126e-002 
66 1-1  9.668e-006
66 1-2 -8.812e-006  9.331e-006
66 1-3 -8.554e-007 -5.192e-007  1.375e-006
66 2-1 -8.689e-006  8.244e-006  4.442e-007  1.313e-004
66 2-2  8.487e-006 -1.002e-005  1.529e-006 -1.237e-004  1.672e-004
66 2-3  2.011e-007  1.772e-006 -1.973e-006 -7.658e-006 -4.350e-005  5.116e-005
67  9.595e-001  3.681e-002  3.729e-003  1.051e-001  8.609e-001  3.397e-002 
67 1-1  9.934e-006
67 1-2 -9.023e-006  9.640e-006
67 1-3 -9.110e-007 -6.168e-007  1.528e-006
67 2-1 -8.750e-006  8.327e-006  4.230e-007  1.259e-004
67 2-2  8.525e-006 -1.013e-005  1.604e-006 -1.181e-004  1.642e-004
67 2-3  2.255e-007  1.802e-006 -2.028e-006 -7.791e-006 -4.604e-005  5.383e-005
68  9.582e-001  3.813e-002  3.686e-003  1.044e-001  8.588e-001  3.690e-002 
68 1-1  1.042e-005
68 1-2 -9.437e-006  1.018e-005
68 1-3 -9.782e-007 -7.409e-007  1.719e-006
68 2-1 -8.985e-006  8.574e-006  4.105e-007  1.227e-004
68 2-2  8.720e-006 -1.042e-005  1.697e-006 -1.148e-004  1.634e-004
68 2-3  2.645e-007  1.843e-006 -2.107e-006 -7.895e-006 -4.857e-005  5.647e-005
69  9.569e-001  3.950e-002  3.644e-003  1.036e-001  8.564e-001  4.007e-002 
69 1-1  1.115e-005
69 1-2 -1.010e-005  1.099e-005
69 1-3 -1.052e-006 -8.933e-007  1.946e-006
69 2-1 -9.405e-006  8.998e-006  4.068e-007  1.217e-004
69 2-2  9.088e-006 -1.090e-005  1.811e-006 -1.137e-004  1.648e-004
69 2-3  3.175e-007  1.900e-006 -2.217e-006 -7.970e-006 -5.111e-005  5.908e-005
70  9.555e-001  4.091e-002  3.602e-003  1.028e-001  8.537e-001  4.350e-002 
70 1-1  1.219e-005
70 1-2 -1.107e-005  1.214e-005
70 1-3 -1.129e-006 -1.076e-006  2.205e-006
70 2-1 -1.002e-005  9.612e-006  4.122e-007  1.227e-004
70 2-2  9.642e-006 -1.159e-005  1.952e-006 -1.147e-004  1.684e-004
70 2-3  3.828e-007  1.981e-006 -2.364e-006 -8.018e-006 -5.372e-005  6.173e-005
71  9.541e-001  4.237e-002  3.560e-003  1.019e-001  8.508e-001  4.721e-002 
71 1-1  1.359e-005
71 1-2 -1.239e-005  1.368e-005
71 1-3 -1.204e-006 -1.290e-006  2.494e-006
71 2-1 -1.086e-005  1.043e-005  4.270e-007  1.256e-004
71 2-2  1.040e-005 -1.253e-005  2.127e-006 -1.176e-004  1.741e-004
71 2-3  4.573e-007  2.097e-006 -2.554e-006 -8.048e-006 -5.646e-005  6.451e-005
72  9.526e-001  4.388e-002  3.518e-003  1.011e-001  8.477e-001  5.122e-002 
72 1-1  1.541e-005
72 1-2 -1.414e-005  1.568e-005
72 1-3 -1.273e-006 -1.537e-006  2.810e-006
72 2-1 -1.191e-005  1.146e-005  4.514e-007  1.305e-004
72 2-2  1.138e-005 -1.372e-005  2.343e-006 -1.224e-004  1.819e-004
72 2-3  5.365e-007  2.258e-006 -2.794e-006 -8.070e-006 -5.949e-005  6.756e-005
73  9.511e-001  4.544e-002  3.477e-003  1.002e-001  8.442e-001  5.556e-002 
73 1-1  1.772e-005
73 1-2 -1.639e-005  1.821e-005
73 1-3 -1.331e-006 -1.820e-006  3.151e-006
73 2-1 -1.321e-005  1.272e-005  4.861e-007  1.370e-004
73 2-2  1.260e-005 -1.520e-005  2.607e-006 -1.289e-004  1.919e-004
73 2-3  6.137e-007  2.480e-006 -3.093e-006 -8.105e-006 -6.300e-005  7.111e-005
74  9.495e-001  4.706e-002  3.436e-003  9.928e-002  8.405e-001  6.023e-002 
74 1-1  2.059e-005
74 1-2 -1.922e-005  2.136e-005
74 1-3 -1.374e-006 -2.141e-006  3.514e-006
74 2-1 -1.476e-005  1.423e-005  5.314e-007  1.452e-004
74 2-2  1.408e-005 -1.701e-005  2.928e-006 -1.370e-004  2.043e-004
74 2-3  6.798e-007  2.780e-006 -3.459e-006 -8.181e-006 -6.729e-005  7.547e-005
75  9.479e-001  4.873e-002  3.396e-003  9.834e-002  8.364e-001  6.527e-002 
75 1-1  2.413e-005
75 1-2 -2.273e-005  2.523e-005
75 1-3 -1.397e-006 -2.500e-006  3.898e-006
75 2-1 -1.657e-005  1.598e-005  5.880e-007  1.549e-004
75 2-2  1.585e-005 -1.916e-005  3.314e-006 -1.465e-004  2.193e-004
75 2-3  7.229e-007  3.180e-006 -3.902e-006 -8.340e-006 -7.274e-005  8.108e-005
76  9.462e-001  5.045e-002  3.355e-003  9.735e-002  8.319e-001  7.070e-002 
76 1-1  2.842e-005
76 1-2 -2.702e-005  2.992e-005
76 1-3 -1.398e-006 -2.901e-006  4.299e-006
76 2-1 -1.866e-005  1.800e-005  6.564e-007  1.659e-004
76 2-2  1.793e-005 -2.171e-005  3.776e-006 -1.573e-004  2.372e-004
76 2-3  7.275e-007  3.705e-006 -4.433e-006 -8.638e-006 -7.990e-005  8.854e-005
77  9.445e-001  5.223e-002  3.315e-003  9.633e-002  8.271e-001  7.655e-002 
77 1-1  3.358e-005
77 1-2 -3.221e-005  3.555e-005
77 1-3 -1.370e-006 -3.346e-006  4.716e-006
77 2-1 -2.103e-005  2.030e-005  7.375e-007  1.782e-004
77 2-2  2.036e-005 -2.468e-005  4.324e-006 -1.691e-004  2.586e-004
77 2-3  6.740e-007  4.387e-006 -5.061e-006 -9.150e-006 -8.947e-005  9.862e-005
78  9.426e-001  5.408e-002  3.275e-003  9.527e-002  8.219e-001  8.283e-002 
78 1-1  3.973e-005
78 1-2 -3.842e-005  4.226e-005
78 1-3 -1.311e-006 -3.836e-006  5.146e-006
78 2-1 -2.370e-005  2.287e-005  8.318e-007  1.917e-004
78 2-2  2.316e-005 -2.813e-005  4.968e-006 -1.817e-004  2.841e-004
78 2-3  5.381e-007  5.262e-006 -5.800e-006 -9.973e-006 -1.024e-004  1.124e-004
79  9.408e-001  5.598e-002  3.236e-003  9.417e-002  8.162e-001  8.959e-002 
79 1-1  4.702e-005
79 1-2 -4.580e-005  5.018e-005
79 1-3 -1.215e-006 -4.373e-006  5.589e-006
79 2-1 -2.668e-005  2.574e-005  9.403e-007  2.060e-004
79 2-2  2.639e-005 -3.211e-005  5.721e-006 -1.948e-004  3.146e-004
79 2-3  2.902e-007  6.371e-006 -6.661e-006 -1.123e-005 -1.198e-004  1.310e-004
80  9.389e-001  5.795e-002  3.197e-003  9.303e-002  8.101e-001  9.683e-002 
80 1-1  5.560e-005
80 1-2 -5.452e-005  5.948e-005
80 1-3 -1.080e-006 -4.961e-006  6.041e-006
80 2-1 -2.996e-005  2.890e-005  1.064e-006  2.213e-004
80 2-2  3.007e-005 -3.666e-005  6.593e-006 -2.082e-004  3.513e-004
80 2-3 -1.054e-007  7.762e-006 -7.657e-006 -1.308e-005 -1.432e-004  1.562e-004
81  9.369e-001  5.998e-002  3.158e-003  9.184e-002  8.036e-001  1.046e-001 
81 1-1  6.563e-005
81 1-2 -6.473e-005  7.033e-005
81 1-3 -9.000e-007 -5.601e-006  6.501e-006
81 2-1 -3.356e-005  3.236e-005  1.203e-006  2.371e-004
81 2-2  3.425e-005 -4.185e-005  7.597e-006 -2.214e-004  3.957e-004
81 2-3 -6.914e-007  9.492e-006 -8.800e-006 -1.570e-005 -1.743e-004  1.900e-004
82  9.348e-001  6.207e-002  3.119e-003  9.061e-002  7.965e-001  1.129e-001 
82 1-1  7.731e-005
82 1-2 -7.664e-005  8.293e-005
82 1-3 -6.721e-007 -6.296e-006  6.968e-006
82 2-1 -3.747e-005  3.612e-005  1.358e-006  2.535e-004
82 2-2  3.899e-005 -4.774e-005  8.746e-006 -2.342e-004  4.495e-004
82 2-3 -1.518e-006  1.162e-005 -1.010e-005 -1.934e-005 -2.153e-004  2.346e-004
83  9.327e-001  6.424e-002  3.080e-003  8.932e-002  7.889e-001  1.218e-001 
83 1-1  9.085e-005
83 1-2 -9.045e-005  9.750e-005
83 1-3 -3.920e-007 -7.047e-006  7.439e-006
83 2-1 -4.170e-005  4.017e-005  1.531e-006  2.703e-004
83 2-2  4.435e-005 -5.440e-005  1.005e-005 -2.460e-004  5.149e-004
83 2-3 -2.642e-006  1.423e-005 -1.158e-005 -2.426e-005 -2.688e-004  2.931e-004
84  9.305e-001  6.648e-002  3.042e-003  8.798e-002  7.808e-001  1.312e-001 
84 1-1  1.065e-004
84 1-2 -1.064e-004  1.143e-004
84 1-3 -5.574e-008 -7.858e-006  7.914e-006
84 2-1 -4.625e-005  4.452e-005  1.722e-006  2.873e-004
84 2-2  5.038e-005 -6.190e-005  1.153e-005 -2.565e-004  5.944e-004
84 2-3 -4.132e-006  1.738e-005 -1.325e-005 -3.078e-005 -3.379e-004  3.687e-004
85  9.282e-001  6.878e-002  3.004e-003  8.659e-002  7.721e-001  1.413e-001 
85 1-1  1.244e-004
85 1-2 -1.247e-004  1.335e-004
85 1-3  3.406e-007 -8.730e-006  8.390e-006
85 2-1 -5.109e-005  4.916e-005  1.931e-006  3.043e-004
85 2-2  5.715e-005 -7.033e-005  1.318e-005 -2.650e-004  6.911e-004
85 2-3 -6.063e-006  2.117e-005 -1.511e-005 -3.927e-005 -4.261e-004  4.653e-004
86  9.259e-001  7.117e-002  2.966e-003  8.515e-002  7.628e-001  1.521e-001 
86 1-1  1.450e-004
86 1-2 -1.458e-004  1.554e-004
86 1-3  8.007e-007 -9.667e-006  8.866e-006
86 2-1 -5.623e-005  5.407e-005  2.160e-006  3.212e-004
86 2-2  6.475e-005 -7.977e-005  1.502e-005 -2.710e-004  8.083e-004
86 2-3 -8.520e-006  2.570e-005 -1.718e-005 -5.014e-005 -5.373e-004  5.874e-004
87  9.234e-001  7.362e-002  2.928e-003  8.365e-002  7.529e-001  1.634e-001 
87 1-1  1.684e-004
87 1-2 -1.697e-004  1.804e-004
87 1-3  1.329e-006 -1.067e-005  9.341e-006
87 2-1 -6.164e-005  5.923e-005  2.408e-006  3.378e-004
87 2-2  7.324e-005 -9.030e-005  1.706e-005 -2.739e-004  9.499e-004
87 2-3 -1.160e-005  3.106e-005 -1.947e-005 -6.385e-005 -6.759e-004  7.398e-004
88  9.209e-001  7.616e-002  2.890e-003  8.210e-002  7.424e-001  1.755e-001 
88 1-1  1.951e-004
88 1-2 -1.970e-004  2.088e-004
88 1-3  1.928e-006 -1.174e-005  9.813e-006
88 2-1 -6.732e-005  6.464e-005  2.675e-006  3.540e-004
88 2-2  8.271e-005 -1.020e-004  1.930e-005 -2.731e-004  1.120e-003
88 2-3 -1.540e-005  3.738e-005 -2.198e-005 -8.089e-005 -8.469e-004  9.278e-004
89  9.184e-001  7.878e-002  2.853e-003  8.049e-002  7.313e-001  1.883e-001 
89 1-1  2.253e-004
89 1-2 -2.279e-004  2.408e-004
89 1-3  2.602e-006 -1.288e-005  1.028e-005
89 2-1 -7.322e-005  7.026e-005  2.962e-006  3.696e-004
89 2-2  9.325e-005 -1.150e-004  2.176e-005 -2.678e-004  1.323e-003
89 2-3 -2.003e-005  4.475e-005 -2.472e-005 -1.018e-004 -1.055e-003  1.157e-003
90  9.157e-001  8.147e-002  2.816e-003  7.882e-002  7.195e-001  2.017e-001 
90 1-1  2.596e-004
90 1-2 -2.629e-004  2.770e-004
90 1-3  3.355e-006 -1.410e-005  1.075e-005
90 2-1 -7.933e-005  7.606e-005  3.267e-006  3.845e-004
90 2-2  1.049e-004 -1.294e-004  2.442e-005 -2.575e-004  1.564e-003
90 2-3 -2.561e-005  5.330e-005 -2.769e-005 -1.270e-004 -1.306e-003  1.434e-003