
# model  
#****** Result for:******
# DEMgali.txt
#IMaCh version 0.99r45, April 2023,INED-EUROREVES-Institut de longevite-Japan Society for the Promotion of Science (Grant-in-Aid for Scientific Research 25293121), Intel Software 2015-2020, Nihon University 2021-202, INED 2000-2022
#$Revision: 1.353 $ $Date: 2023/05/08 18:48:22 $
# Tue Feb 04 20:24:32 2025
# Total life expectancy with std error and decomposition into time to be expected in each health state
#  (weighted average of eij where weights are the age specific forward period (stable) prevalences in each health state 
# Age popbased mobilav e.. (std) e.1 (std) e.2 (std) 
   50 0 0  29.310 (  1.354)  23.347 (  1.258)   5.963 (  0.537)
   51 0 0  28.600 (  1.302)  22.709 (  1.218)   5.891 (  0.519)
   52 0 0  27.886 (  1.262)  22.072 (  1.187)   5.814 (  0.502)
   53 0 0  27.171 (  1.231)  21.437 (  1.162)   5.734 (  0.488)
   54 0 0  26.454 (  1.207)  20.804 (  1.143)   5.649 (  0.475)
   55 0 0  25.735 (  1.188)  20.174 (  1.128)   5.561 (  0.463)
   56 0 0  25.017 (  1.174)  19.548 (  1.117)   5.469 (  0.452)
   57 0 0  24.300 (  1.163)  18.927 (  1.108)   5.373 (  0.443)
   58 0 0  23.584 (  1.153)  18.311 (  1.101)   5.273 (  0.434)
   59 0 0  22.870 (  1.153)  17.700 (  1.101)   5.170 (  0.426)
   60 0 0  22.160 (  1.138)  17.096 (  1.091)   5.064 (  0.420)
   61 0 0  21.454 (  1.131)  16.500 (  1.087)   4.954 (  0.413)
   62 0 0  20.753 (  1.124)  15.911 (  1.085)   4.842 (  0.407)
   63 0 0  20.058 (  1.118)  15.331 (  1.083)   4.727 (  0.402)
   64 0 0  19.370 (  1.112)  14.760 (  1.082)   4.609 (  0.397)
   65 0 0  18.689 (  1.107)  14.200 (  1.081)   4.489 (  0.392)
   66 0 0  18.018 (  1.103)  13.650 (  1.082)   4.368 (  0.387)
   67 0 0  17.356 (  1.099)  13.111 (  1.082)   4.244 (  0.383)
   68 0 0  16.705 (  1.097)  12.585 (  1.084)   4.120 (  0.379)
   69 0 0  16.066 (  1.104)  12.071 (  1.093)   3.994 (  0.373)
   70 0 0  15.438 (  1.095)  11.571 (  1.088)   3.868 (  0.373)
   71 0 0  14.825 (  1.095)  11.084 (  1.091)   3.741 (  0.370)
   72 0 0  14.225 (  1.097)  10.611 (  1.094)   3.614 (  0.367)
   73 0 0  13.640 (  1.100)  10.152 (  1.097)   3.488 (  0.365)
   74 0 0  13.071 (  1.103)   9.709 (  1.100)   3.362 (  0.363)
   75 0 0  12.517 (  1.106)   9.281 (  1.103)   3.237 (  0.362)
   76 0 0  11.981 (  1.110)   8.868 (  1.105)   3.113 (  0.360)
   77 0 0  11.461 (  1.114)   8.471 (  1.107)   2.991 (  0.359)
   78 0 0  10.959 (  1.118)   8.089 (  1.109)   2.870 (  0.357)
   79 0 0  10.475 (  1.121)   7.723 (  1.110)   2.752 (  0.356)
   80 0 0  10.010 (  1.124)   7.373 (  1.110)   2.636 (  0.355)
   81 0 0   9.562 (  1.126)   7.039 (  1.110)   2.523 (  0.353)
   82 0 0   9.133 (  1.121)   6.720 (  1.104)   2.413 (  0.355)
   83 0 0   8.722 (  1.125)   6.416 (  1.090)   2.306 (  0.386)
   84 0 0   8.330 (  1.130)   6.127 (  1.108)   2.202 (  0.347)
   85 0 0   7.955 (  1.127)   5.853 (  1.105)   2.102 (  0.344)
   86 0 0   7.599 (  1.121)   5.593 (  1.099)   2.006 (  0.342)
   87 0 0   7.260 (  1.117)   5.347 (  1.095)   1.913 (  0.338)
   88 0 0   6.937 (  1.112)   5.114 (  1.091)   1.823 (  0.334)
   89 0 0   6.631 (  1.106)   4.893 (  1.087)   1.738 (  0.329)
   90 0 0   6.342 (  1.100)   4.685 (  1.082)   1.657 (  0.324)
