
#****** ******
# DEMgali.txt
#IMaCh version 0.99r45, April 2023,INED-EUROREVES-Institut de longevite-Japan Society for the Promotion of Science (Grant-in-Aid for Scientific Research 25293121), Intel Software 2015-2020, Nihon University 2021-202, INED 2000-2022
#$Revision: 1.353 $ $Date: 2023/05/08 18:48:22 $
# Tue Feb 04 20:24:32 2025
# Variance and covariance of health expectancies e.j 
#  (weighted average of eij where weights are the age specific period (stable) prevalences in each health state 
# Age Cov(e.1, e.1) Cov(e.1, e.2) Cov(e.2, e.1) Cov(e.2, e.2)
50  1.5823 -0.0193 -0.0193 0.2887
51  1.4840 -0.0291 -0.0291 0.2693
52  1.4086 -0.0347 -0.0347 0.2524
53  1.3509 -0.0372 -0.0372 0.2378
54  1.3067 -0.0378 -0.0378 0.2252
55  1.2730 -0.0374 -0.0374 0.2142
56  1.2471 -0.0364 -0.0364 0.2046
57  1.2270 -0.0356 -0.0356 0.1962
58  1.2115 -0.0351 -0.0351 0.1887
59  1.2126 -0.0322 -0.0322 0.1816
60  1.1897 -0.0359 -0.0359 0.1761
61  1.1822 -0.0374 -0.0374 0.1707
62  1.1766 -0.0395 -0.0395 0.1659
63  1.1727 -0.0422 -0.0422 0.1614
64  1.1702 -0.0453 -0.0453 0.1573
65  1.1692 -0.0486 -0.0486 0.1535
66  1.1697 -0.0519 -0.0519 0.1501
67  1.1715 -0.0550 -0.0550 0.1469
68  1.1745 -0.0579 -0.0579 0.1440
69  1.1944 -0.0570 -0.0570 0.1395
70  1.1839 -0.0621 -0.0621 0.1389
71  1.1898 -0.0633 -0.0633 0.1368
72  1.1962 -0.0638 -0.0638 0.1349
73  1.2028 -0.0635 -0.0635 0.1333
74  1.2093 -0.0626 -0.0626 0.1319
75  1.2155 -0.0611 -0.0611 0.1307
76  1.2211 -0.0590 -0.0590 0.1296
77  1.2258 -0.0565 -0.0565 0.1287
78  1.2293 -0.0537 -0.0537 0.1278
79  1.2316 -0.0507 -0.0507 0.1269
80  1.2324 -0.0477 -0.0477 0.1260
81  1.2317 -0.0447 -0.0447 0.1250
82  1.2193 -0.0444 -0.0444 0.1260
83  1.1892 -0.0365 -0.0365 0.1491
84  1.2270 -0.0353 -0.0353 0.1202
85  1.2201 -0.0338 -0.0338 0.1184
86  1.2074 -0.0343 -0.0343 0.1168
87  1.1991 -0.0334 -0.0334 0.1143
88  1.1901 -0.0329 -0.0329 0.1114
89  1.1806 -0.0327 -0.0327 0.1082
90  1.1706 -0.0329 -0.0329 0.1047
