
#****** ******
# DEMgali.txt
#IMaCh version 0.99r45, April 2023,INED-EUROREVES-Institut de longevite-Japan Society for the Promotion of Science (Grant-in-Aid for Scientific Research 25293121), Intel Software 2015-2020, Nihon University 2021-202, INED 2000-2022
#$Revision: 1.353 $ $Date: 2023/05/08 18:48:22 $
# Tue Feb 04 20:24:32 2025
# Standard deviation of period (forward stable) prevalences 
# Age  Result#  1-1 2-2
50 1  0.87047 (0.02962) 0.12960 (0.02975)
51 1  0.86627 (0.02925) 0.13380 (0.02939)
52 1  0.86200 (0.02883) 0.13808 (0.02896)
53 1  0.85765 (0.02837) 0.14243 (0.02849)
54 1  0.85322 (0.02786) 0.14687 (0.02799)
55 1  0.84872 (0.02731) 0.15136 (0.02743)
56 1  0.84416 (0.02672) 0.15592 (0.02683)
57 1  0.83954 (0.02609) 0.16056 (0.02621)
58 1  0.83486 (0.02543) 0.16523 (0.02554)
59 1  0.83015 (0.02469) 0.16994 (0.02570)
60 1  0.82540 (0.02403) 0.17470 (0.02414)
61 1  0.82061 (0.02332) 0.17948 (0.02342)
62 1  0.81582 (0.02260) 0.18429 (0.02271)
63 1  0.81101 (0.02190) 0.18909 (0.02200)
64 1  0.80622 (0.02123) 0.19389 (0.02133)
65 1  0.80144 (0.02060) 0.19867 (0.02069)
66 1  0.79669 (0.02004) 0.20343 (0.02013)
67 1  0.79198 (0.01957) 0.20813 (0.01964)
68 1  0.78734 (0.01920) 0.21278 (0.01927)
69 1  0.78277 (0.01898) 0.21736 (0.01911)
70 1  0.77829 (0.01887) 0.22183 (0.01893)
71 1  0.77393 (0.01894) 0.22620 (0.01900)
72 1  0.76968 (0.01919) 0.23044 (0.01924)
73 1  0.76559 (0.01962) 0.23454 (0.01967)
74 1  0.76165 (0.02023) 0.23848 (0.02027)
75 1  0.75790 (0.02101) 0.24225 (0.02105)
76 1  0.75434 (0.02196) 0.24579 (0.02200)
77 1  0.75100 (0.02307) 0.24914 (0.02310)
78 1  0.74789 (0.02431) 0.25225 (0.02434)
79 1  0.74503 (0.02569) 0.25512 (0.02572)
80 1  0.74243 (0.02718) 0.25772 (0.02721)
81 1  0.74012 (0.02879) 0.26004 (0.02882)
82 1  0.73809 (0.03019) 0.26206 (0.03316)
83 1  0.73636 (0.03144) 0.26377 (0.04028)
84 1  0.73494 (0.03445) 0.26520 (0.03317)
85 1  0.73383 (0.03643) 0.26633 (0.03519)
86 1  0.73303 (0.03824) 0.26712 (0.03827)
87 1  0.73254 (0.04038) 0.26761 (0.04041)
88 1  0.73236 (0.04259) 0.26780 (0.04262)
89 1  0.73246 (0.04486) 0.26769 (0.04490)
90 1  0.73284 (0.04719) 0.26731 (0.04722)
