# Powell
# iter -2*LL p12 p13 p21 p23
1 1 13560.181215884446 0 0.000000000000 0.000000000000 0.000000000000 0.000000000000 0.000000000000 0.000000000000 0.000000000000 0.000000000000
2 2 3385.936948265587 2 6.370932700900 -0.004199102343 -0.752347755379 0.004158644078 2.788434132031 -0.000947723146 -1.194742188874 0.002580860447
3 2 3188.432590210559 3 4.311556939778 -0.007169162641 -1.941930342571 0.010676480242 2.623336334870 -0.007492040810 -1.759407195094 -0.015099140397
4 3 3120.016233430782 4 2.939482496673 -0.012917664732 -3.113330492441 0.018648676439 2.410398968773 -0.000807933251 -1.960946673075 -0.035913933453
5 3 3059.272035979820 5 2.365475654527 -0.020770323057 -4.293932103398 0.024483190616 2.329350987635 0.014652545441 -2.180197863723 -0.045565437048
6 4 2969.540745628069 5 2.301865731380 -0.027716122873 -5.357599541850 0.028129095400 2.256932155082 0.043495710138 -1.657525356987 -0.029936961525
7 4 2943.363930162881 6 2.320592987036 -0.029843005188 -5.779690062843 0.028609556918 2.206438632697 0.053694521775 -1.702160769413 -0.006957737304
8 5 2933.480241273519 7 2.155429160689 -0.029422401876 -6.155510965756 0.028945295695 2.078649702510 0.065581043281 -2.179402838659 0.031530280560
9 5 2928.317402612462 9 2.008865006516 -0.028179546176 -6.331741163827 0.030925216551 1.986895725106 0.076535197293 -2.629540641309 0.047813231127
10 6 2827.906809179337 10 -0.380924555560 0.001294186678 -9.938664840957 0.075666026837 -0.050571014143 0.299581936602 -12.983931587956 0.411858567181
11 6 2807.618607551325 12 -0.467017850174 0.005264817173 -10.383188180767 0.073298684090 -0.263370953968 0.321430022389 -14.081762391415 0.446962728857
12 7 2797.200745230472 13 -1.173394363504 0.011943111874 -11.099196479286 0.074701618495 -0.614562022543 0.359035830744 -15.783927016591 0.501430510264
13 7 2790.544285338652 15 -1.292538743225 0.013974616919 -11.318630417999 0.079787617523 -0.708290056506 0.369185764543 -16.159168464259 0.511814576424
14 8 2767.723965055362 16 -2.381802265958 0.029484602772 -12.493995377385 0.109263574110 -1.453418901784 0.435399780642 -18.777343747516 0.592459858223
15 8 2755.825776431266 16 -2.997092565256 0.039623686457 -13.234572907627 0.119732611285 -1.914085158622 0.479017996758 -20.601520082795 0.650911987593
16 9 2742.854563621558 17 -5.110548854160 0.070047461043 -15.552084704228 0.151129486898 -3.312018163017 0.613879158328 -26.158287537345 0.829094425892
17 9 2741.668052817816 17 -5.205818280856 0.072212458553 -15.740683291687 0.154851140480 -3.419459974922 0.625972824116 -26.523991147849 0.841637312933
18 10 2741.260302482479 18 -5.353994230757 0.075106535094 -15.994760830449 0.159812702337 -3.564705044917 0.641730844357 -26.978253132944 0.859125593226
19 10 2741.152635348717 19 -5.383324399069 0.075433769160 -16.062417800370 0.160758866779 -3.590237914700 0.644833419197 -27.021485811901 0.862156851194
20 11 2738.083896531477 19 -5.343033943158 0.074609722906 -17.849188071050 0.183611957806 -4.003167986441 0.707283468011 -26.198636490112 0.906885793387
21 11 2737.306611246666 20 -5.270898702716 0.073899048726 -18.160740952887 0.186694489141 -4.057808551438 0.716025211185 -25.878374890749 0.912359991000
22 12 2737.065770929764 20 -5.253210123747 0.073891961381 -18.507812003290 0.190282357003 -4.141422845628 0.728160756728 -25.548260620716 0.920876674944
23 12 2736.989074960522 21 -5.253891932017 0.073905398573 -18.561438680403 0.190957481716 -4.157881351919 0.731120552308 -25.415014250275 0.922147956438
24 13 2732.556669687432 22 -5.466615063046 0.077407598044 -19.214370386489 0.198503161613 -4.624600361916 0.833291480593 -17.854242887111 0.938238972983
25 13 2730.918352206226 22 -5.599223521557 0.079752215049 -20.388142967511 0.211847092879 -4.983423306321 0.886759817820 -16.679813287866 0.973655792757
26 14 2729.562084696034 23 -5.664536790210 0.080411214718 -22.436429280448 0.235675056262 -5.514348081101 0.967682694015 -15.035969914609 1.027257638385
27 14 2729.466915899933 23 -5.720474390122 0.081159350202 -22.675449755932 0.238277938341 -5.587233864504 0.975755700484 -15.206423891970 1.036241658591
28 15 2729.444450682284 24 -5.800518116476 0.082341094324 -22.837226403151 0.240122087118 -5.659639763708 0.983839739741 -15.272537083661 1.044494381119
29 15 2729.441530089090 25 -5.814702350488 0.082578428571 -22.850457032309 0.240386663179 -5.670359538648 0.984954710346 -15.294438238050 1.045725910319
30 16 2729.440382184392 26 -5.828529984002 0.082785038686 -22.841077774738 0.240374137289 -5.675332791451 0.985345706845 -15.315390199921 1.046270927881
31 16 2729.439064327087 27 -5.833210849480 0.082852881490 -22.801851431398 0.239990179137 -5.669557686454 0.984734726621 -15.296613833446 1.045417720987
32 17 2729.438314150350 27 -5.834364364734 0.082867724226 -22.800573129342 0.239971693222 -5.670033777888 0.984909603170 -15.278846704506 1.045355566516
33 17 2729.437303148984 28 -5.831111830972 0.082813228311 -22.761649391086 0.239498444307 -5.659997153045 0.983929235387 -15.235691110333 1.043923961114
34 18 2729.437290801913 29 -5.831090515446 0.082808737219 -22.759024283649 0.239467406419 -5.659368663100 0.983847980825 -15.235736779270 1.043847993298
35 18 2729.437288934592 30 -5.830770925850 0.082802880627 -22.759354634069 0.239468291206 -5.659261835223 0.983834857634 -15.235861844839 1.043839372376
36 19 2729.437288797812 31 -5.830675511420 0.082801177189 -22.759403613257 0.239468060675 -5.659219290453 0.983829515241 -15.235909714362 1.043835581144
37 19 2729.437288787375 32 -5.830649717603 0.082800714936 -22.759417711160 0.239468002794 -5.659207939716 0.983828083152 -15.235923211569 1.043834574076
38 20 2729.437288786575 33 -5.830642623978 0.082800587550 -22.759421949297 0.239467993039 -5.659204909705 0.983827694488 -15.235927192052 1.043834312564
39 20 2729.437288786510 34 -5.830640650807 0.082800552503 -22.759426005198 0.239468022713 -5.659204749894 0.983827688543 -15.235927266145 1.043834311458
40 21 2729.437288786505 36 -5.830640732581 0.082800552216 -22.759424891187 0.239468009839 -5.659204515901 0.983827645082 -15.235928125148 1.043834282583
