# Powell
# iter -2*LL p12 p13 p21 p23
1 1 13345.338940880350 0 0.000000000000 0.000000000000 0.000000000000 0.000000000000 0.000000000000 0.000000000000 0.000000000000 0.000000000000
2 2 3176.069266079826 1 5.884780755624 -0.001462589267 -0.678521875117 0.001528372791 3.035452552810 -0.000634618870 -1.146904579283 0.002840437048
3 2 2156.902412903961 1 -2.337570611021 -0.005182244357 -5.501067935378 0.020812098105 1.268076053829 -0.011466491850 -1.943305772716 -0.035239312987
4 3 1952.731355338243 2 -3.056276055531 -0.003465029077 -7.038833554424 0.025036986267 0.876012101923 -0.020188209603 -2.037954067615 -0.038804841840
5 3 1767.765336250212 2 -4.575545372949 -0.001239822483 -6.778051866794 0.026962534231 -0.065289345166 -0.031514489364 -1.003558449559 -0.039098921690
6 4 1718.924602149187 3 -4.390190329291 0.000277343678 -8.169105403339 0.031193328338 -0.113238762093 -0.031729099328 -0.841082991324 -0.039261909063
7 4 1713.021782618447 3 -4.505209570948 0.003574417312 -9.057500100612 0.040923660301 -0.167846994768 -0.030786278200 -0.779195217042 -0.039713237869
8 5 1702.086209068602 4 -5.310951917665 0.015529597428 -11.616286871511 0.066879567247 -0.324169804060 -0.028857681152 -0.541994629410 -0.041215079165
9 5 1672.759135948770 4 -8.024108667382 0.052920160696 -17.545052318860 0.139829394556 -0.652807228779 -0.024187391852 -0.171911500150 -0.045596546795
10 6 1644.719134585718 5 -8.797959933231 0.062402917379 -17.079975664068 0.147095631443 -0.574595271362 -0.023885820404 -0.511834144747 -0.046016695874
11 6 1642.141016228516 5 -9.075113904088 0.065835357712 -17.254066888323 0.152046478589 -0.568995137727 -0.023377215526 -0.628892831885 -0.046190534844
12 7 1641.757683576801 6 -9.155841012049 0.066711554601 -17.374726638609 0.154192531516 -0.571172881758 -0.023176773899 -0.667196146516 -0.046184540614
13 7 1640.516788038399 6 -9.254842779465 0.067364564604 -18.006244417989 0.163375232457 -0.588470924346 -0.022514049650 -0.818113507870 -0.045439455904
14 8 1638.119826795147 7 -9.176221152295 0.065883115907 -19.232801929078 0.178388885460 -0.615354594833 -0.021972419494 -0.963684181557 -0.043860173032
15 8 1633.150238172413 7 -8.558059921669 0.057544496682 -21.860043304448 0.209496257594 -0.645958589095 -0.021565469001 -1.323159967002 -0.038702175140
16 9 1628.230003325287 7 -7.747758140998 0.047436764566 -22.549496000881 0.215622887528 -0.615489253233 -0.022556664900 -1.451145503967 -0.035326040244
17 9 1627.503476857672 8 -7.337925151038 0.042233344623 -23.036433998309 0.219998663102 -0.611447653966 -0.022918017817 -1.529161611596 -0.033514097060
18 10 1627.474022159063 8 -7.380396414689 0.042781950834 -23.178776121376 0.221493827587 -0.624463702461 -0.022749321777 -1.524399050082 -0.033542008236
19 10 1627.418333415050 9 -7.449827001576 0.043621141590 -23.669285788267 0.226924068710 -0.677691000376 -0.022051903636 -1.545469603433 -0.033163188351
20 11 1627.353819512868 9 -7.458491811960 0.043757895836 -23.654573808714 0.226765988405 -0.697822479915 -0.021791265629 -1.553268334891 -0.033065745943
21 11 1626.382255528772 10 -7.631067099647 0.046098854096 -22.830720016705 0.217757959500 -1.309156947484 -0.013885658865 -1.819614473176 -0.029926833558
22 12 1626.378658794240 10 -7.647511714104 0.046388726385 -22.806456684989 0.217411207928 -1.309347226113 -0.013875304341 -1.810237089432 -0.030029264852
23 12 1626.362115453095 11 -7.638520293668 0.046220049268 -23.084797503634 0.220568794832 -1.332940079695 -0.013599137649 -1.840370174724 -0.029564355163
24 13 1626.346400040622 11 -7.651929447883 0.046362965513 -23.073175690546 0.220403681038 -1.337396688399 -0.013556907319 -1.839501780580 -0.029565539803
25 13 1625.787145635953 12 -7.951591787709 0.049768685748 -22.945428320308 0.217834979102 -1.408922132676 -0.012942633112 -1.932799154834 -0.027721165504
26 14 1624.795380480999 12 -8.179730325939 0.052508107141 -22.864701902381 0.215899180175 -1.421304758201 -0.013035483720 -2.186299914210 -0.023548782226
27 14 1623.965773389806 12 -7.984464210997 0.049339695198 -23.448833689909 0.222534159175 -1.406183229761 -0.013514753662 -2.474898712945 -0.019403179133
28 15 1622.147465857727 13 -7.740531521151 0.044918629563 -24.819695533046 0.238502600008 -1.338392097140 -0.015016494602 -3.486075270576 -0.005109641058
29 15 1620.044526164124 13 -7.526213788007 0.042494418092 -24.364570200650 0.233936598997 -1.202167022162 -0.016636143751 -3.686235825798 -0.002746159821
30 16 1609.439872580297 14 -7.641898349832 0.045165890639 -19.869330961686 0.180370151792 -0.348606720321 -0.028313013587 -6.232607913218 0.033645782173
31 16 1606.892252400498 14 -7.899233053268 0.049697295225 -18.311733604255 0.162367486018 -0.159534141827 -0.030544221747 -6.685216895245 0.037566129621
32 17 1605.553862376677 15 -7.920660165293 0.050058264893 -17.479405727179 0.152210519836 -0.002591816712 -0.032667626368 -8.353006183534 0.056009272438
33 17 1605.370441046312 15 -7.918242024185 0.049736497613 -17.776042620237 0.155409901036 -0.126057576736 -0.031117265052 -8.582654146501 0.059083943250
34 18 1605.358717679854 15 -7.935394297927 0.050001360548 -17.808613010708 0.155649047339 -0.156462693307 -0.030726297177 -8.595501609530 0.059301193892
35 18 1605.353946841330 17 -7.954699699268 0.050343091788 -17.792470039355 0.155363922345 -0.166223322561 -0.030576800267 -8.575576067195 0.059080501571
36 19 1605.353870418067 19 -7.953647563095 0.050334492369 -17.790614480391 0.155357204137 -0.164077420848 -0.030599681393 -8.575011667769 0.059065327434
37 19 1605.353866364117 21 -7.953185864673 0.050328481441 -17.790162758906 0.155352672732 -0.163815857149 -0.030602790050 -8.572743041662 0.059038998711
38 20 1605.353865424170 24 -7.953139258411 0.050327315292 -17.788754582678 0.155335069988 -0.163611695781 -0.030605731033 -8.572167746444 0.059032245730
39 20 1605.353865404040 26 -7.953159646815 0.050327549346 -17.788616705093 0.155333288872 -0.163598037005 -0.030605957152 -8.572373039183 0.059034570805
40 21 1605.353865403876 28 -7.953157581479 0.050327522616 -17.788602579673 0.155333122463 -0.163597199573 -0.030605969491 -8.572389501488 0.059034750003
41 21 1605.353865403871 29 -7.953156784361 0.050327511188 -17.788603190843 0.155333129095 -0.163597012209 -0.030605972669 -8.572390354534 0.059034760715
42 22 1605.353865403870 30 -7.953156784361 0.050327511188 -17.788603190849 0.155333129095 -0.163597012210 -0.030605972669 -8.572390354537 0.059034760715
