# ATFchr.txt
#IMaCh version 0.99r45, April 2023,INED-EUROREVES-Institut de longevite-Japan Society for the Promotion of Science (Grant-in-Aid for Scientific Research 25293121), Intel Software 2015-2020, Nihon University 2021-202, INED 2000-2022
#$Revision: 1.353 $ $Date: 2023/05/08 18:48:22 $
# Tue Feb 04 22:21:36 2025

#****** ******
# (a) Life expectancies by health status at initial age and (b) health expectancies by health status at initial age
# Age e11  e12  e1.  e21  e22  e2. 
 50   9.4692  26.6070  36.0762   6.6676  29.2772  35.9448
 51   9.0822  26.0200  35.1023   6.2616  28.6943  34.9559
 52   8.7096  25.4223  34.1319   5.8724  28.0969  33.9693
 53   8.3512  24.8142  33.1654   5.5000  27.4853  32.9853
 54   8.0067  24.1965  32.2032   5.1440  26.8602  32.0043
 55   7.6758  23.5698  31.2457   4.8043  26.2224  31.0267
 56   7.3584  22.9350  30.2934   4.4806  25.5724  30.0529
 57   7.0541  22.2927  29.3468   4.1724  24.9111  29.0836
 58   6.7627  21.6437  28.4064   3.8796  24.2395  28.1191
 59   6.4837  20.9890  27.4727   3.6016  23.5585  27.1601
 60   6.2169  20.3295  26.5464   3.3383  22.8690  26.2073
 61   5.9619  19.6660  25.6279   3.0890  22.1722  25.2612
 62   5.7183  18.9996  24.7179   2.8535  21.4692  24.3228
 63   5.4858  18.3313  23.8171   2.6313  20.7613  23.3926
 64   5.2640  17.6619  22.9259   2.4220  20.0496  22.4716
 65   5.0525  16.9927  22.0452   2.2251  19.3355  21.5606
 66   4.8509  16.3245  21.1754   2.0403  18.6203  20.6606
 67   4.6588  15.6585  20.3173   1.8669  17.9055  19.7724
 68   4.4757  14.9957  19.4714   1.7047  17.1924  18.8971
 69   4.3013  14.3371  18.6383   1.5532  16.4825  18.0357
 70   4.1351  13.6836  17.8187   1.4119  15.7773  17.1892
 71   3.9767  13.0364  17.0130   1.2804  15.0783  16.3587
 72   3.8256  12.3963  16.2218   1.1583  14.3870  15.5452
 73   3.6813  11.7642  15.4455   1.0451  13.7049  14.7500
 74   3.5435  11.1411  14.6846   0.9405  13.0334  13.9739
 75   3.4115  10.5278  13.9393   0.8440  12.3742  13.2182
 76   3.2851   9.9250  13.2101   0.7552  11.7285  12.4837
 77   3.1636   9.3336  12.4972   0.6737  11.0979  11.7716
 78   3.0466   8.7542  11.8009   0.5992  10.4835  11.0827
 79   2.9337   8.1876  11.1213   0.5312   9.8868  10.4180
 80   2.8244   7.6343  10.4587   0.4694   9.3087   9.7782
 81   2.7182   7.0952   9.8134   0.4134   8.7505   9.1639
 82   2.6149   6.5708   9.1856   0.3629   8.2130   8.5759
 83   2.5139   6.0619   8.5758   0.3174   7.6972   8.0146
 84   2.4151   5.5693   7.9844   0.2767   7.2036   7.4803
 85   2.3182   5.0938   7.4120   0.2404   6.7329   6.9732
 86   2.2231   4.6365   6.8596   0.2081   6.2854   6.4935
 87   2.1298   4.1983   6.3281   0.1796   5.8614   6.0409
 88   2.0383   3.7804   5.8187   0.1544   5.4610   5.6154
 89   1.9489   3.3840   5.3329   0.1324   5.0841   5.2165
 90   1.8619   3.0102   4.8722   0.1132   4.7306   4.8438
