# ATFchr.txt
#IMaCh version 0.99r45, April 2023,INED-EUROREVES-Institut de longevite-Japan Society for the Promotion of Science (Grant-in-Aid for Scientific Research 25293121), Intel Software 2015-2020, Nihon University 2021-202, INED 2000-2022
#$Revision: 1.353 $ $Date: 2023/05/08 18:48:22 $
# Tue Feb 04 22:21:36 2025
# Forward period (stable) prevalence. Precision given by ftolpl=0.0006 
#Age 1-1 2-2 
#************
#Age   1-1     2-2   Total Years_to_converge
50  0.45031 0.54980 1.000 20
51  0.43543 0.56470 1.000 20
52  0.42056 0.57959 1.000 20
53  0.40573 0.59445 1.000 20
54  0.39096 0.60924 1.000 20
55  0.37624 0.62384 1.000 22
56  0.36170 0.63839 1.000 22
57  0.34732 0.65279 1.000 22
58  0.33314 0.66699 1.000 22
59  0.31917 0.68098 1.000 22
60  0.30544 0.69472 1.000 22
61  0.29194 0.70813 1.000 24
62  0.27878 0.72130 1.000 24
63  0.26593 0.73416 1.000 24
64  0.25341 0.74668 1.000 24
65  0.24124 0.75886 1.000 24
66  0.22944 0.77066 1.000 24
67  0.21802 0.78209 1.000 24
68  0.20699 0.79313 1.000 24
69  0.19631 0.80374 1.000 26
70  0.18607 0.81398 1.000 26
71  0.17623 0.82382 1.000 26
72  0.16680 0.83326 1.000 26
73  0.15776 0.84230 1.000 26
74  0.14913 0.85094 1.000 26
75  0.14088 0.85918 1.000 26
76  0.13302 0.86705 1.000 26
77  0.12553 0.87453 1.000 26
78  0.11840 0.88166 1.000 26
79  0.11163 0.88843 1.000 26
80  0.10519 0.89487 1.000 26
81  0.09907 0.90099 1.000 26
82  0.09326 0.90680 1.000 26
83  0.08774 0.91232 1.000 26
84  0.08248 0.91756 1.000 26
85  0.07749 0.92256 1.000 26
86  0.07273 0.92732 1.000 26
87  0.06818 0.93186 1.000 26
88  0.06384 0.93619 1.000 26
89  0.05969 0.94035 1.000 26
90  0.05571 0.94432 1.000 26
