# Powell
# iter -2*LL p12 p13 p21 p23
1 1 3419.908864116502 0 0.000000000000 0.000000000000 0.000000000000 0.000000000000 0.000000000000 0.000000000000 0.000000000000 0.000000000000
2 2 1862.993182318612 0 0.843644228059 0.000942909790 -4.381375198445 0.003757504165 -1.573407155016 -0.001444886359 -3.201487795887 0.002674194552
3 2 1702.817445331625 0 -0.380091932903 0.001409342951 -4.695064362113 0.007609694755 -2.156732476666 -0.002667393005 -3.251125538650 0.005702231502
4 3 1683.419915208988 1 -1.103582772090 0.006347930655 -8.672114355994 0.048786715632 -1.156261808900 -0.016700025017 -3.969959778647 0.014161706434
5 3 1662.150578516280 1 -1.297279162998 0.010126172662 -10.353677109944 0.080344880552 -0.435830057947 -0.026784855254 -4.439560733520 0.021851559471
6 4 1616.566712322428 1 -2.091579145568 0.027756038111 -20.273830940314 0.226327222066 2.756720779449 -0.073767512619 -6.970374164624 0.057485734819
7 4 1613.153227457499 1 -2.125924361525 0.029139372965 -21.469520083765 0.237449784667 2.914526481365 -0.078040867588 -7.326999583820 0.061593746216
8 5 1610.742299947827 1 -2.417119339616 0.031409707363 -22.784456406854 0.256354221196 3.218476741895 -0.083098087249 -7.882711610175 0.068591282441
9 5 1609.545242496918 1 -2.525233883047 0.033362426364 -23.462941262270 0.264017067455 3.318393087332 -0.084757310033 -8.166227112849 0.072212574856
10 6 1600.680766631968 1 -3.695819100929 0.053558961832 -25.242201794026 0.288337789380 2.868534011454 -0.077454688817 -10.870587447466 0.107656101553
11 6 1597.150547135645 1 -3.800018077134 0.054272864853 -22.888202797651 0.259032283209 1.976158581845 -0.063716351888 -10.955706031113 0.108289281094
12 7 1596.643885357484 1 -3.835311770294 0.054448572594 -21.646183856531 0.243462008698 1.502420862977 -0.056520571321 -10.999217276590 0.108520239700
13 7 1596.597664516490 1 -3.830855482765 0.054395873664 -21.636107400840 0.243456397971 1.495823007496 -0.056419147197 -11.014546962590 0.108749994724
14 8 1593.932531995905 1 -2.535543515088 0.035364420875 -21.422075844633 0.236378209552 1.259579059579 -0.052665570568 -11.092980877183 0.109982820185
15 8 1592.950609831372 1 -2.282972623379 0.030619618925 -21.705068739342 0.241171489953 1.327903537608 -0.053801319214 -11.270532716226 0.112037700311
16 9 1592.100999273907 1 -2.220827085496 0.029384411643 -23.150842986702 0.259827089753 1.381564979686 -0.054701910324 -12.455086523263 0.126804984623
17 9 1592.093348981671 1 -2.217955521529 0.029298938635 -23.225783543045 0.260583784170 1.417194553363 -0.055252105825 -12.443644260267 0.126616928608
18 10 1592.084486216371 1 -2.166736980373 0.028415985899 -23.222653322443 0.260410672527 1.458143039848 -0.055890970529 -12.415812734224 0.126266339317
19 10 1592.081398693974 2 -2.153380012510 0.028213881596 -23.172475730556 0.259765246638 1.449206228276 -0.055751498046 -12.416505855649 0.126276266975
20 11 1591.938717666724 2 -2.016182701645 0.026341800564 -20.648760763208 0.228367647050 1.467516108131 -0.056027869781 -12.518863215235 0.127545543232
21 11 1591.887435740860 2 -2.114575746578 0.027748739787 -20.066772735333 0.220988601979 1.491488451424 -0.056393989641 -12.529956350569 0.127679455943
22 12 1591.880130107063 2 -2.150576442913 0.028213912991 -19.773030975059 0.217151891580 1.508875640739 -0.056661234168 -12.549815847833 0.127923376197
23 12 1591.880126497447 2 -2.149521300825 0.028195867916 -19.774946717201 0.217175109284 1.509495390176 -0.056671020459 -12.549278307510 0.127916646582
24 13 1591.880126471582 2 -2.149451757160 0.028194662331 -19.775066823114 0.217176051751 1.509482941823 -0.056670823064 -12.549277215074 0.127916631962
25 13 1591.880126468882 2 -2.149423315722 0.028194186791 -19.775022806224 0.217175380635 1.509481748928 -0.056670806260 -12.549285371898 0.127916734139
26 14 1591.880126468609 2 -2.149412089200 0.028193994216 -19.775010843632 0.217175171691 1.509481432271 -0.056670798232 -12.549287911903 0.127916766672
27 14 1591.880126468606 2 -2.149412113733 0.028193994699 -19.775010301130 0.217175164685 1.509481411582 -0.056670799335 -12.549287456700 0.127916760998
