# ATFchr.txt
#IMaCh version 0.99r45, April 2023,INED-EUROREVES-Institut de longevite-Japan Society for the Promotion of Science (Grant-in-Aid for Scientific Research 25293121), Intel Software 2015-2020, Nihon University 2021-202, INED 2000-2022
#$Revision: 1.353 $ $Date: 2023/05/08 18:48:22 $
# Tue Feb 04 22:21:36 2025
# probabilities of dying before estepm=24 months for people of exact age and weighted probabilities w1*p1j+w2*p2j+... stand dev in()
# Selected quantitative variables and dummies
# Age cov=1 p.3 SE w1 p13 w2 p23
 50 1   9.627e-004  5.193e-004  4.503e-001  9.083e-005   5.498e-001  1.677e-003 
 51 1   1.137e-003  5.923e-004  4.354e-001  1.118e-004   5.647e-001  1.927e-003 
 52 1   1.341e-003  6.741e-004  4.206e-001  1.377e-004   5.796e-001  2.214e-003 
 53 1   1.580e-003  7.656e-004  4.057e-001  1.694e-004   5.945e-001  2.542e-003 
 54 1   1.859e-003  8.676e-004  3.910e-001  2.085e-004   6.092e-001  2.917e-003 
 55 1   2.184e-003  9.808e-004  3.762e-001  2.565e-004   6.238e-001  3.346e-003 
 56 1   2.563e-003  1.106e-003  3.617e-001  3.154e-004   6.384e-001  3.836e-003 
 57 1   3.004e-003  1.245e-003  3.473e-001  3.879e-004   6.528e-001  4.396e-003 
 58 1   3.517e-003  1.397e-003  3.331e-001  4.770e-004   6.670e-001  5.035e-003 
 59 1   4.112e-003  1.564e-003  3.192e-001  5.863e-004   6.810e-001  5.764e-003 
 60 1   4.802e-003  1.746e-003  3.054e-001  7.206e-004   6.947e-001  6.595e-003 
 61 1   5.599e-003  1.969e-003  2.919e-001  8.854e-004   7.081e-001  7.542e-003 
 62 1   6.522e-003  2.158e-003  2.788e-001  1.088e-003   7.213e-001  8.621e-003 
 63 1   7.587e-003  2.389e-003  2.659e-001  1.336e-003   7.342e-001  9.850e-003 
 64 1   8.814e-003  2.636e-003  2.534e-001  1.640e-003   7.467e-001  1.125e-002 
 65 1   1.023e-002  2.899e-003  2.412e-001  2.014e-003   7.589e-001  1.284e-002 
 66 1   1.185e-002  3.179e-003  2.294e-001  2.471e-003   7.707e-001  1.465e-002 
 67 1   1.372e-002  3.474e-003  2.180e-001  3.031e-003   7.821e-001  1.670e-002 
 68 1   1.586e-002  3.784e-003  2.070e-001  3.718e-003   7.931e-001  1.903e-002 
 69 1   1.831e-002  4.108e-003  1.963e-001  4.558e-003   8.037e-001  2.167e-002 
 70 1   2.112e-002  4.447e-003  1.861e-001  5.586e-003   8.140e-001  2.467e-002 
 71 1   2.432e-002  4.800e-003  1.762e-001  6.843e-003   8.238e-001  2.806e-002 
 72 1   2.797e-002  5.171e-003  1.668e-001  8.379e-003   8.333e-001  3.189e-002 
 73 1   3.213e-002  5.564e-003  1.578e-001  1.025e-002   8.423e-001  3.622e-002 
 74 1   3.685e-002  5.986e-003  1.491e-001  1.254e-002   8.509e-001  4.111e-002 
 75 1   4.221e-002  6.451e-003  1.409e-001  1.533e-002   8.592e-001  4.662e-002 
 76 1   4.828e-002  6.978e-003  1.330e-001  1.872e-002   8.670e-001  5.281e-002 
 77 1   5.513e-002  7.594e-003  1.255e-001  2.283e-002   8.745e-001  5.977e-002 
 78 1   6.286e-002  8.336e-003  1.184e-001  2.782e-002   8.817e-001  6.756e-002 
 79 1   7.155e-002  9.251e-003  1.116e-001  3.386e-002   8.884e-001  7.628e-002 
 80 1   8.129e-002  1.039e-002  1.052e-001  4.115e-002   8.949e-001  8.601e-002 
 81 1   9.219e-002  1.181e-002  9.907e-002  4.991e-002   9.010e-001  9.683e-002 
 82 1   1.043e-001  1.356e-002  9.326e-002  6.041e-002   9.068e-001  1.088e-001 
 83 1   1.178e-001  1.569e-002  8.774e-002  7.293e-002   9.123e-001  1.221e-001 
 84 1   1.327e-001  1.825e-002  8.248e-002  8.779e-002   9.176e-001  1.368e-001 
 85 1   1.492e-001  2.127e-002  7.749e-002  1.053e-001   9.226e-001  1.529e-001 
 86 1   1.672e-001  2.476e-002  7.273e-002  1.258e-001   9.273e-001  1.704e-001 
 87 1   1.869e-001  2.872e-002  6.818e-002  1.497e-001   9.319e-001  1.896e-001 
 88 1   2.082e-001  3.314e-002  6.384e-002  1.771e-001   9.362e-001  2.103e-001 
 89 1   2.312e-001  3.798e-002  5.969e-002  2.082e-001   9.403e-001  2.326e-001 
 90 1   2.558e-001  4.317e-002  5.571e-002  2.432e-001   9.443e-001  2.565e-001 
