# ATFchr.txt
#IMaCh version 0.99r45, April 2023,INED-EUROREVES-Institut de longevite-Japan Society for the Promotion of Science (Grant-in-Aid for Scientific Research 25293121), Intel Software 2015-2020, Nihon University 2021-202, INED 2000-2022
#$Revision: 1.353 $ $Date: 2023/05/08 18:48:22 $
# Tue Feb 04 22:21:36 2025
#One-step probabilities and correlation matrix
# Age p1-1  p1-2  p1-3  p2-1  p2-2  p2-3 
50  6.769e-001  3.230e-001  9.083e-005  2.098e-001  7.885e-001  1.677e-003 
50 1-1  1.000e+000
50 1-2 -1.000e+000  1.000e+000
50 1-3 -2.217e-002  1.699e-002  1.000e+000
50 2-1 -3.691e-002  3.689e-002  3.919e-003  1.000e+000
50 2-2  3.688e-002 -3.687e-002 -3.278e-003 -9.996e-001  1.000e+000
50 2-3  2.412e-003 -2.295e-003 -2.266e-002 -5.720e-002  2.876e-002  1.000e+000
51  6.707e-001  3.292e-001  1.118e-004  2.005e-001  7.976e-001  1.927e-003 
51 1-1  1.000e+000
51 1-2 -1.000e+000  1.000e+000
51 1-3 -2.175e-002  1.528e-002  1.000e+000
51 2-1 -3.703e-002  3.701e-002  4.086e-003  1.000e+000
51 2-2  3.700e-002 -3.698e-002 -3.305e-003 -9.994e-001  1.000e+000
51 2-3  2.262e-003 -2.115e-003 -2.273e-002 -5.307e-002  1.854e-002  1.000e+000
52  6.644e-001  3.355e-001  1.377e-004  1.915e-001  8.063e-001  2.214e-003 
52 1-1  1.000e+000
52 1-2 -1.000e+000  1.000e+000
52 1-3 -2.150e-002  1.342e-002  1.000e+000
52 2-1 -3.717e-002  3.714e-002  4.282e-003  1.000e+000
52 2-2  3.713e-002 -3.711e-002 -3.329e-003 -9.991e-001  1.000e+000
52 2-3  2.123e-003 -1.939e-003 -2.281e-002 -4.926e-002  7.302e-003  1.000e+000
53  6.581e-001  3.418e-001  1.694e-004  1.828e-001  8.146e-001  2.542e-003 
53 1-1  1.000e+000
53 1-2 -9.999e-001  1.000e+000
53 1-3 -2.146e-002  1.138e-002  1.000e+000
53 2-1 -3.734e-002  3.730e-002  4.510e-003  1.000e+000
53 2-2  3.727e-002 -3.725e-002 -3.347e-003 -9.987e-001  1.000e+000
53 2-3  1.998e-003 -1.767e-003 -2.288e-002 -4.580e-002 -5.217e-003  1.000e+000
54  6.517e-001  3.481e-001  2.085e-004  1.745e-001  8.226e-001  2.917e-003 
54 1-1  1.000e+000
54 1-2 -9.999e-001  1.000e+000
54 1-3 -2.171e-002  9.108e-003  1.000e+000
54 2-1 -3.752e-002  3.747e-002  4.777e-003  1.000e+000
54 2-2  3.743e-002 -3.740e-002 -3.354e-003 -9.981e-001  1.000e+000
54 2-3  1.887e-003 -1.597e-003 -2.297e-002 -4.272e-002 -1.933e-002  1.000e+000
55  6.452e-001  3.545e-001  2.565e-004  1.664e-001  8.303e-001  3.346e-003 
55 1-1  1.000e+000
55 1-2 -9.999e-001  1.000e+000
55 1-3 -2.231e-002  6.559e-003  1.000e+000
55 2-1 -3.774e-002  3.767e-002  5.086e-003  1.000e+000
55 2-2  3.761e-002 -3.756e-002 -3.346e-003 -9.972e-001  1.000e+000
55 2-3  1.792e-003 -1.429e-003 -2.305e-002 -4.006e-002 -3.541e-002  1.000e+000
56  6.387e-001  3.610e-001  3.154e-004  1.586e-001  8.376e-001  3.836e-003 
56 1-1  1.000e+000
56 1-2 -9.998e-001  1.000e+000
56 1-3 -2.334e-002  3.675e-003  1.000e+000
56 2-1 -3.798e-002  3.788e-002  5.442e-003  1.000e+000
56 2-2  3.779e-002 -3.774e-002 -3.316e-003 -9.958e-001  1.000e+000
56 2-3  1.716e-003 -1.261e-003 -2.315e-002 -3.786e-002 -5.385e-002  1.000e+000
57  6.321e-001  3.675e-001  3.879e-004  1.511e-001  8.445e-001  4.396e-003 
57 1-1  1.000e+000
57 1-2 -9.997e-001  1.000e+000
57 1-3 -2.490e-002  3.953e-004  1.000e+000
57 2-1 -3.824e-002  3.811e-002  5.849e-003  1.000e+000
57 2-2  3.797e-002 -3.790e-002 -3.253e-003 -9.938e-001  1.000e+000
57 2-3  1.661e-003 -1.092e-003 -2.324e-002 -3.616e-002 -7.505e-002  1.000e+000
58  6.255e-001  3.740e-001  4.770e-004  1.439e-001  8.511e-001  5.035e-003 
58 1-1  1.000e+000
58 1-2 -9.995e-001  1.000e+000
58 1-3 -2.709e-002 -3.340e-003  1.000e+000
58 2-1 -3.852e-002  3.834e-002  6.309e-003  1.000e+000
58 2-2  3.814e-002 -3.805e-002 -3.148e-003 -9.910e-001  1.000e+000
58 2-3  1.630e-003 -9.199e-004 -2.335e-002 -3.499e-002 -9.940e-002  1.000e+000
59  6.188e-001  3.806e-001  5.863e-004  1.370e-001  8.573e-001  5.764e-003 
59 1-1  1.000e+000
59 1-2 -9.993e-001  1.000e+000
59 1-3 -3.000e-002 -7.574e-003  1.000e+000
59 2-1 -3.881e-002  3.857e-002  6.822e-003  1.000e+000
59 2-2  3.826e-002 -3.816e-002 -2.987e-003 -9.869e-001  1.000e+000
59 2-3  1.625e-003 -7.442e-004 -2.345e-002 -3.441e-002 -1.272e-001  1.000e+000
60  6.120e-001  3.872e-001  7.206e-004  1.303e-001  8.631e-001  6.595e-003 
60 1-1  1.000e+000
60 1-2 -9.989e-001  1.000e+000
60 1-3 -3.369e-002 -1.232e-002  1.000e+000
60 2-1 -3.909e-002  3.877e-002  7.380e-003  1.000e+000
60 2-2  3.831e-002 -3.820e-002 -2.758e-003 -9.814e-001  1.000e+000
60 2-3  1.648e-003 -5.643e-004 -2.357e-002 -3.442e-002 -1.583e-001  1.000e+000
61  6.052e-001  3.939e-001  8.854e-004  1.239e-001  8.686e-001  7.542e-003 
61 1-1  1.000e+000
61 1-2 -9.984e-001  1.000e+000
61 1-3 -3.816e-002 -1.755e-002  1.000e+000
61 2-1 -3.934e-002  3.892e-002  7.973e-003  1.000e+000
61 2-2  3.824e-002 -3.812e-002 -2.450e-003 -9.739e-001  1.000e+000
61 2-3  1.700e-003 -3.808e-004 -2.369e-002 -3.502e-002 -1.927e-001  1.000e+000
62  5.984e-001  4.005e-001  1.088e-003  1.177e-001  8.736e-001  8.621e-003 
62 1-1  1.000e+000
62 1-2 -9.978e-001  1.000e+000
62 1-3 -4.337e-002 -2.315e-002  1.000e+000
62 2-1 -3.952e-002  3.898e-002  8.582e-003  1.000e+000
62 2-2  3.802e-002 -3.791e-002 -2.058e-003 -9.644e-001  1.000e+000
62 2-3  1.779e-003 -1.961e-004 -2.381e-002 -3.617e-002 -2.294e-001  1.000e+000
63  5.914e-001  4.072e-001  1.336e-003  1.119e-001  8.783e-001  9.850e-003 
63 1-1  1.000e+000
63 1-2 -9.969e-001  1.000e+000
63 1-3 -4.916e-002 -2.895e-002  1.000e+000
63 2-1 -3.961e-002  3.893e-002  9.187e-003  1.000e+000
63 2-2  3.763e-002 -3.753e-002 -1.584e-003 -9.528e-001  1.000e+000
63 2-3  1.883e-003 -1.374e-005 -2.394e-002 -3.780e-002 -2.674e-001  1.000e+000
64  5.844e-001  4.139e-001  1.640e-003  1.062e-001  8.825e-001  1.125e-002 
64 1-1  1.000e+000
64 1-2 -9.959e-001  1.000e+000
64 1-3 -5.534e-002 -3.477e-002  1.000e+000
64 2-1 -3.961e-002  3.876e-002  9.764e-003  1.000e+000
64 2-2  3.706e-002 -3.700e-002 -1.041e-003 -9.393e-001  1.000e+000
64 2-3  2.006e-003  1.619e-004 -2.407e-002 -3.979e-002 -3.054e-001  1.000e+000
65  5.774e-001  4.206e-001  2.014e-003  1.008e-001  8.864e-001  1.284e-002 
65 1-1  1.000e+000
65 1-2 -9.948e-001  1.000e+000
65 1-3 -6.170e-002 -4.042e-002  1.000e+000
65 2-1 -3.950e-002  3.850e-002  1.030e-002  1.000e+000
65 2-2  3.634e-002 -3.633e-002 -4.516e-004 -9.245e-001  1.000e+000
65 2-3  2.144e-003  3.269e-004 -2.420e-002 -4.200e-002 -3.421e-001  1.000e+000
66  5.702e-001  4.273e-001  2.471e-003  9.560e-002  8.898e-001  1.465e-002 
66 1-1  1.000e+000
66 1-2 -9.935e-001  1.000e+000
66 1-3 -6.810e-002 -4.580e-002  1.000e+000
66 2-1 -3.933e-002  3.815e-002  1.078e-002  1.000e+000
66 2-2  3.551e-002 -3.558e-002  1.589e-004 -9.088e-001  1.000e+000
66 2-3  2.291e-003  4.789e-004 -2.432e-002 -4.430e-002 -3.766e-001  1.000e+000
67  5.630e-001  4.339e-001  3.031e-003  9.063e-002  8.927e-001  1.670e-002 
67 1-1  1.000e+000
67 1-2 -9.921e-001  1.000e+000
67 1-3 -7.443e-002 -5.087e-002  1.000e+000
67 2-1 -3.911e-002  3.776e-002  1.122e-002  1.000e+000
67 2-2  3.463e-002 -3.478e-002  7.638e-004 -8.928e-001  1.000e+000
67 2-3  2.443e-003  6.177e-004 -2.444e-002 -4.659e-002 -4.083e-001  1.000e+000
68  5.557e-001  4.406e-001  3.718e-003  8.587e-002  8.951e-001  1.903e-002 
68 1-1  1.000e+000
68 1-2 -9.907e-001  1.000e+000
68 1-3 -8.067e-002 -5.567e-002  1.000e+000
68 2-1 -3.887e-002  3.735e-002  1.163e-002  1.000e+000
68 2-2  3.374e-002 -3.399e-002  1.340e-003 -8.769e-001  1.000e+000
68 2-3  2.599e-003  7.449e-004 -2.453e-002 -4.878e-002 -4.373e-001  1.000e+000
69  5.483e-001  4.471e-001  4.558e-003  8.131e-002  8.970e-001  2.167e-002 
69 1-1  1.000e+000
69 1-2 -9.892e-001  1.000e+000
69 1-3 -8.688e-002 -6.032e-002  1.000e+000
69 2-1 -3.864e-002  3.694e-002  1.201e-002  1.000e+000
69 2-2  3.287e-002 -3.321e-002  1.870e-003 -8.611e-001  1.000e+000
69 2-3  2.757e-003  8.633e-004 -2.460e-002 -5.083e-002 -4.640e-001  1.000e+000
70  5.408e-001  4.536e-001  5.586e-003  7.695e-002  8.984e-001  2.467e-002 
70 1-1  1.000e+000
70 1-2 -9.875e-001  1.000e+000
70 1-3 -9.312e-002 -6.497e-002  1.000e+000
70 2-1 -3.843e-002  3.655e-002  1.239e-002  1.000e+000
70 2-2  3.201e-002 -3.246e-002  2.341e-003 -8.454e-001  1.000e+000
70 2-3  2.915e-003  9.760e-004 -2.462e-002 -5.271e-002 -4.888e-001  1.000e+000
71  5.332e-001  4.600e-001  6.843e-003  7.277e-002  8.992e-001  2.806e-002 
71 1-1  1.000e+000
71 1-2 -9.857e-001  1.000e+000
71 1-3 -9.951e-002 -6.980e-002  1.000e+000
71 2-1 -3.825e-002  3.618e-002  1.278e-002  1.000e+000
71 2-2  3.118e-002 -3.173e-002  2.743e-003 -8.296e-001  1.000e+000
71 2-3  3.071e-003  1.086e-003 -2.456e-002 -5.442e-002 -5.124e-001  1.000e+000
72  5.254e-001  4.662e-001  8.379e-003  6.877e-002  8.993e-001  3.189e-002 
72 1-1  1.000e+000
72 1-2 -9.836e-001  1.000e+000
72 1-3 -1.062e-001 -7.504e-002  1.000e+000
72 2-1 -3.812e-002  3.583e-002  1.318e-002  1.000e+000
72 2-2  3.036e-002 -3.101e-002  3.070e-003 -8.133e-001  1.000e+000
72 2-3  3.224e-003  1.197e-003 -2.441e-002 -5.596e-002 -5.354e-001  1.000e+000
73  5.174e-001  4.723e-001  1.025e-002  6.495e-002  8.988e-001  3.622e-002 
73 1-1  1.000e+000
73 1-2 -9.811e-001  1.000e+000
73 1-3 -1.133e-001 -8.103e-002  1.000e+000
73 2-1 -3.801e-002  3.549e-002  1.358e-002  1.000e+000
73 2-2  2.954e-002 -3.028e-002  3.321e-003 -7.961e-001  1.000e+000
73 2-3  3.371e-003  1.310e-003 -2.410e-002 -5.735e-002 -5.585e-001  1.000e+000
74  5.093e-001  4.782e-001  1.254e-002  6.129e-002  8.976e-001  4.111e-002 
74 1-1  1.000e+000
74 1-2 -9.781e-001  1.000e+000
74 1-3 -1.211e-001 -8.822e-002  1.000e+000
74 2-1 -3.795e-002  3.515e-002  1.397e-002  1.000e+000
74 2-2  2.869e-002 -2.952e-002  3.499e-003 -7.774e-001  1.000e+000
74 2-3  3.509e-003  1.430e-003 -2.360e-002 -5.860e-002 -5.824e-001  1.000e+000
75  5.009e-001  4.838e-001  1.533e-002  5.778e-002  8.956e-001  4.662e-002 
75 1-1  1.000e+000
75 1-2 -9.741e-001  1.000e+000
75 1-3 -1.301e-001 -9.727e-002  1.000e+000
75 2-1 -3.791e-002  3.480e-002  1.429e-002  1.000e+000
75 2-2  2.778e-002 -2.871e-002  3.619e-003 -7.563e-001  1.000e+000
75 2-3  3.636e-003  1.561e-003 -2.287e-002 -5.975e-002 -6.078e-001  1.000e+000
76  4.923e-001  4.890e-001  1.872e-002  5.442e-002  8.928e-001  5.281e-002 
76 1-1  1.000e+000
76 1-2 -9.688e-001  1.000e+000
76 1-3 -1.407e-001 -1.091e-001  1.000e+000
76 2-1 -3.791e-002  3.443e-002  1.450e-002  1.000e+000
76 2-2  2.676e-002 -2.780e-002  3.709e-003 -7.319e-001  1.000e+000
76 2-3  3.750e-003  1.709e-003 -2.187e-002 -6.086e-002 -6.356e-001  1.000e+000
77  4.833e-001  4.938e-001  2.283e-002  5.121e-002  8.890e-001  5.977e-002 
77 1-1  1.000e+000
77 1-2 -9.612e-001  1.000e+000
77 1-3 -1.536e-001 -1.249e-001  1.000e+000
77 2-1 -3.792e-002  3.402e-002  1.455e-002  1.000e+000
77 2-2  2.558e-002 -2.675e-002  3.816e-003 -7.028e-001  1.000e+000
77 2-3  3.852e-003  1.885e-003 -2.061e-002 -6.200e-002 -6.664e-001  1.000e+000
78  4.740e-001  4.982e-001  2.782e-002  4.813e-002  8.843e-001  6.756e-002 
78 1-1  1.000e+000
78 1-2 -9.500e-001  1.000e+000
78 1-3 -1.700e-001 -1.462e-001  1.000e+000
78 2-1 -3.795e-002  3.354e-002  1.440e-002  1.000e+000
78 2-2  2.419e-002 -2.555e-002  4.000e-003 -6.677e-001  1.000e+000
78 2-3  3.951e-003  2.104e-003 -1.916e-002 -6.332e-002 -7.007e-001  1.000e+000
79  4.643e-001  5.019e-001  3.386e-002  4.518e-002  8.785e-001  7.628e-002 
79 1-1  1.000e+000
79 1-2 -9.332e-001  1.000e+000
79 1-3 -1.909e-001 -1.747e-001  1.000e+000
79 2-1 -3.798e-002  3.297e-002  1.402e-002  1.000e+000
79 2-2  2.250e-002 -2.415e-002  4.326e-003 -6.251e-001  1.000e+000
79 2-3  4.060e-003  2.390e-003 -1.765e-002 -6.498e-002 -7.382e-001  1.000e+000
80  4.540e-001  5.048e-001  4.115e-002  4.236e-002  8.716e-001  8.601e-002 
80 1-1  1.000e+000
80 1-2 -9.076e-001  1.000e+000
80 1-3 -2.177e-001 -2.122e-001  1.000e+000
80 2-1 -3.799e-002  3.225e-002  1.346e-002  1.000e+000
80 2-2  2.047e-002 -2.258e-002  4.838e-003 -5.745e-001  1.000e+000
80 2-3  4.205e-003  2.772e-003 -1.623e-002 -6.724e-002 -7.780e-001  1.000e+000
81  4.432e-001  5.069e-001  4.991e-002  3.965e-002  8.635e-001  9.683e-002 
81 1-1  1.000e+000
81 1-2 -8.689e-001  1.000e+000
81 1-3 -2.518e-001 -2.603e-001  1.000e+000
81 2-1 -3.795e-002  3.133e-002  1.277e-002  1.000e+000
81 2-2  1.808e-002 -2.088e-002  5.545e-003 -5.160e-001  1.000e+000
81 2-3  4.417e-003  3.283e-003 -1.503e-002 -7.037e-002 -8.181e-001  1.000e+000
82  4.317e-001  5.079e-001  6.041e-002  3.706e-002  8.541e-001  1.088e-001 
82 1-1  1.000e+000
82 1-2 -8.112e-001  1.000e+000
82 1-3 -2.942e-001 -3.201e-001  1.000e+000
82 2-1 -3.781e-002  3.012e-002  1.202e-002  1.000e+000
82 2-2  1.535e-002 -1.914e-002  6.415e-003 -4.512e-001  1.000e+000
82 2-3  4.731e-003  3.954e-003 -1.413e-002 -7.468e-002 -8.562e-001  1.000e+000
83  4.195e-001  5.076e-001  7.293e-002  3.457e-002  8.433e-001  1.221e-001 
83 1-1  1.000e+000
83 1-2 -7.281e-001  1.000e+000
83 1-3 -3.456e-001 -3.916e-001  1.000e+000
83 2-1 -3.752e-002  2.855e-002  1.128e-002  1.000e+000
83 2-2  1.235e-002 -1.751e-002  7.383e-003 -3.826e-001  1.000e+000
83 2-3  5.178e-003  4.806e-003 -1.353e-002 -8.043e-002 -8.901e-001  1.000e+000
84  4.064e-001  5.058e-001  8.779e-002  3.219e-002  8.310e-001  1.368e-001 
84 1-1  1.000e+000
84 1-2 -6.136e-001  1.000e+000
84 1-3 -4.056e-001 -4.729e-001  1.000e+000
84 2-1 -3.702e-002  2.654e-002  1.059e-002  1.000e+000
84 2-2  9.190e-003 -1.610e-002  8.380e-003 -3.133e-001  1.000e+000
84 2-3  5.778e-003  5.834e-003 -1.320e-002 -8.786e-002 -9.185e-001  1.000e+000
85  3.924e-001  5.023e-001  1.053e-001  2.992e-002  8.172e-001  1.529e-001 
85 1-1  1.000e+000
85 1-2 -4.653e-001  1.000e+000
85 1-3 -4.728e-001 -5.599e-001  1.000e+000
85 2-1 -3.623e-002  2.404e-002  9.979e-003  1.000e+000
85 2-2  5.974e-003 -1.501e-002  9.347e-003 -2.458e-001  1.000e+000
85 2-3  6.530e-003  7.004e-003 -1.309e-002 -9.715e-002 -9.408e-001  1.000e+000
86  3.773e-001  4.969e-001  1.258e-001  2.773e-002  8.018e-001  1.704e-001 
86 1-1  1.000e+000
86 1-2 -2.876e-001  1.000e+000
86 1-3 -5.444e-001 -6.468e-001  1.000e+000
86 2-1 -3.510e-002  2.111e-002  9.466e-003  1.000e+000
86 2-2  2.822e-003 -1.426e-002  1.024e-002 -1.820e-001  1.000e+000
86 2-3  7.412e-003  8.245e-003 -1.312e-002 -1.084e-001 -9.578e-001  1.000e+000
87  3.611e-001  4.892e-001  1.497e-001  2.565e-002  7.848e-001  1.896e-001 
87 1-1  1.000e+000
87 1-2 -9.211e-002  1.000e+000
87 1-3 -6.166e-001 -7.271e-001  1.000e+000
87 2-1 -3.364e-002  1.789e-002  9.053e-003  1.000e+000
87 2-2 -1.608e-004 -1.384e-002  1.105e-002 -1.226e-001  1.000e+000
87 2-3  8.380e-003  9.470e-003 -1.326e-002 -1.217e-001 -9.702e-001  1.000e+000
88  3.438e-001  4.791e-001  1.771e-001  2.366e-002  7.660e-001  2.103e-001 
88 1-1  1.000e+000
88 1-2  1.047e-001  1.000e+000
88 1-3 -6.855e-001 -7.958e-001  1.000e+000
88 2-1 -3.188e-002  1.457e-002  8.739e-003  1.000e+000
88 2-2 -2.883e-003 -1.368e-002  1.177e-002 -6.770e-002  1.000e+000
88 2-3  9.375e-003  1.060e-002 -1.347e-002 -1.371e-001 -9.790e-001  1.000e+000
89  3.254e-001  4.664e-001  2.082e-001  2.176e-002  7.456e-001  2.326e-001 
89 1-1  1.000e+000
89 1-2  2.869e-001  1.000e+000
89 1-3 -7.474e-001 -8.509e-001  1.000e+000
89 2-1 -2.992e-002  1.138e-002  8.519e-003  1.000e+000
89 2-2 -5.282e-003 -1.370e-002  1.240e-002 -1.690e-002  1.000e+000
89 2-3  1.034e-002  1.159e-002 -1.371e-002 -1.545e-001 -9.852e-001  1.000e+000
90  3.059e-001  4.509e-001  2.432e-001  1.995e-002  7.235e-001  2.565e-001 
90 1-1  1.000e+000
90 1-2  4.440e-001  1.000e+000
90 1-3 -8.003e-001 -8.925e-001  1.000e+000
90 2-1 -2.789e-002  8.443e-003  8.386e-003  1.000e+000
90 2-2 -7.329e-003 -1.384e-002  1.295e-002  3.042e-002  1.000e+000
90 2-3  1.123e-002  1.242e-002 -1.396e-002 -1.739e-001 -9.896e-001  1.000e+000