# ATFchr.txt
#IMaCh version 0.99r45, April 2023,INED-EUROREVES-Institut de longevite-Japan Society for the Promotion of Science (Grant-in-Aid for Scientific Research 25293121), Intel Software 2015-2020, Nihon University 2021-202, INED 2000-2022
#$Revision: 1.353 $ $Date: 2023/05/08 18:48:22 $
# Tue Feb 04 22:21:36 2025
#One-step probabilities and covariance matrix
# Age p1-1  p1-2  p1-3  p2-1  p2-2  p2-3 
50  6.769e-001  3.230e-001  9.083e-005  2.098e-001  7.885e-001  1.677e-003 
50 1-1  2.288e-003
50 1-2 -2.288e-003  2.288e-003
50 1-3 -2.631e-007  2.016e-007  6.154e-008
50 2-1 -5.600e-005  5.597e-005  3.084e-008  1.006e-003
50 2-2  5.589e-005 -5.587e-005 -2.576e-008 -1.005e-003  1.004e-003
50 2-3  1.043e-007 -9.917e-008 -5.080e-009 -1.639e-006  8.231e-007  8.163e-007
51  6.707e-001  3.292e-001  1.118e-004  2.005e-001  7.976e-001  1.927e-003 
51 1-1  2.085e-003
51 1-2 -2.084e-003  2.084e-003
51 1-3 -2.932e-007  2.060e-007  8.720e-008
51 2-1 -4.921e-005  4.917e-005  3.512e-008  8.470e-004
51 2-2  4.910e-005 -4.907e-005 -2.837e-008 -8.455e-004  8.449e-004
51 2-3  1.038e-007 -9.709e-008 -6.750e-009 -1.553e-006  5.418e-007  1.011e-006
52  6.644e-001  3.355e-001  1.377e-004  1.915e-001  8.063e-001  2.214e-003 
52 1-1  1.891e-003
52 1-2 -1.890e-003  1.890e-003
52 1-3 -3.281e-007  2.049e-007  1.232e-007
52 2-1 -4.305e-005  4.301e-005  4.003e-008  7.092e-004
52 2-2  4.294e-005 -4.291e-005 -3.108e-008 -7.077e-004  7.075e-004
52 2-3  1.032e-007 -9.422e-008 -8.946e-009 -1.466e-006  2.171e-007  1.249e-006
53  6.581e-001  3.418e-001  1.694e-004  1.828e-001  8.146e-001  2.542e-003 
53 1-1  1.707e-003
53 1-2 -1.707e-003  1.707e-003
53 1-3 -3.696e-007  1.959e-007  1.737e-007
53 2-1 -3.750e-005  3.746e-005  4.569e-008  5.909e-004
53 2-2  3.740e-005 -3.737e-005 -3.387e-008 -5.895e-004  5.897e-004
53 2-3  1.023e-007 -9.052e-008 -1.182e-008 -1.380e-006 -1.571e-007  1.537e-006
54  6.517e-001  3.481e-001  2.085e-004  1.745e-001  8.226e-001  2.917e-003 
54 1-1  1.536e-003
54 1-2 -1.536e-003  1.536e-003
54 1-3 -4.204e-007  1.763e-007  2.441e-007
54 2-1 -3.256e-005  3.251e-005  5.225e-008  4.902e-004
54 2-2  3.246e-005 -3.242e-005 -3.666e-008 -4.889e-004  4.894e-004
54 2-3  1.016e-007 -8.598e-008 -1.558e-008 -1.299e-006 -5.875e-007  1.887e-006
55  6.452e-001  3.545e-001  2.565e-004  1.664e-001  8.303e-001  3.346e-003 
55 1-1  1.378e-003
55 1-2 -1.378e-003  1.378e-003
55 1-3 -4.844e-007  1.424e-007  3.420e-007
55 2-1 -2.820e-005  2.814e-005  5.986e-008  4.052e-004
55 2-2  2.810e-005 -2.806e-005 -3.939e-008 -4.039e-004  4.050e-004
55 2-3  1.011e-007 -8.058e-008 -2.048e-008 -1.225e-006 -1.083e-006  2.307e-006
56  6.387e-001  3.610e-001  3.154e-004  1.586e-001  8.376e-001  3.836e-003 
56 1-1  1.235e-003
56 1-2 -1.234e-003  1.234e-003
56 1-3 -5.669e-007  8.923e-008  4.777e-007
56 2-1 -2.439e-005  2.432e-005  6.875e-008  3.341e-004
56 2-2  2.429e-005 -2.425e-005 -4.192e-008 -3.329e-004  3.346e-004
56 2-3  1.011e-007 -7.430e-008 -2.683e-008 -1.161e-006 -1.652e-006  2.812e-006
57  6.321e-001  3.675e-001  3.879e-004  1.511e-001  8.445e-001  4.396e-003 
57 1-1  1.107e-003
57 1-2 -1.106e-003  1.106e-003
57 1-3 -6.757e-007  1.072e-008  6.650e-007
57 2-1 -2.111e-005  2.103e-005  7.915e-008  2.753e-004
57 2-2  2.101e-005 -2.096e-005 -4.412e-008 -2.742e-004  2.765e-004
57 2-3  1.021e-007 -6.711e-008 -3.503e-008 -1.109e-006 -2.307e-006  3.415e-006
58  6.255e-001  3.740e-001  4.770e-004  1.439e-001  8.511e-001  5.035e-003 
58 1-1  9.959e-004
58 1-2 -9.951e-004  9.952e-004
58 1-3 -8.212e-007 -1.012e-007  9.223e-007
58 2-1 -1.833e-005  1.824e-005  9.136e-008  2.273e-004
58 2-2  1.822e-005 -1.818e-005 -4.578e-008 -2.262e-004  2.293e-004
58 2-3  1.046e-007 -5.899e-008 -4.558e-008 -1.072e-006 -3.060e-006  4.132e-006
59  6.188e-001  3.806e-001  5.863e-004  1.370e-001  8.573e-001  5.764e-003 
59 1-1  9.029e-004
59 1-2 -9.019e-004  9.021e-004
59 1-3 -1.018e-006 -2.568e-007  1.274e-006
59 2-1 -1.601e-005  1.591e-005  1.057e-007  1.885e-004
59 2-2  1.590e-005 -1.586e-005 -4.665e-008 -1.875e-004  1.914e-004
59 2-3  1.090e-007 -4.988e-008 -5.909e-008 -1.054e-006 -3.926e-006  4.980e-006
60  6.120e-001  3.872e-001  7.206e-004  1.303e-001  8.631e-001  6.595e-003 
60 1-1  8.288e-004
60 1-2 -8.275e-004  8.280e-004
60 1-3 -1.284e-006 -4.696e-007  1.754e-006
60 2-1 -1.413e-005  1.401e-005  1.227e-007  1.577e-004
60 2-2  1.402e-005 -1.397e-005 -4.643e-008 -1.566e-004  1.615e-004
60 2-3  1.160e-007 -3.969e-008 -7.631e-008 -1.057e-006 -4.920e-006  5.977e-006
61  6.052e-001  3.939e-001  8.854e-004  1.239e-001  8.686e-001  7.542e-003 
61 1-1  7.747e-004
61 1-2 -7.731e-004  7.738e-004
61 1-3 -1.647e-006 -7.568e-007  2.404e-006
61 2-1 -1.265e-005  1.251e-005  1.429e-007  1.336e-004
61 2-2  1.253e-005 -1.248e-005 -4.471e-008 -1.325e-004  1.386e-004
61 2-3  1.265e-007 -2.831e-008 -9.815e-008 -1.082e-006 -6.061e-006  7.142e-006
62  5.984e-001  4.005e-001  1.088e-003  1.177e-001  8.736e-001  8.621e-003 
62 1-1  7.415e-004
62 1-2 -7.394e-004  7.406e-004
62 1-3 -2.138e-006 -1.141e-006  3.279e-006
62 2-1 -1.155e-005  1.138e-005  1.667e-007  1.151e-004
62 2-2  1.140e-005 -1.136e-005 -4.104e-008 -1.140e-004  1.213e-004
62 2-3  1.412e-007 -1.556e-008 -1.257e-007 -1.131e-006 -7.365e-006  8.497e-006
63  5.914e-001  4.072e-001  1.336e-003  1.119e-001  8.783e-001  9.850e-003 
63 1-1  7.301e-004
63 1-2 -7.273e-004  7.290e-004
63 1-3 -2.803e-006 -1.649e-006  4.452e-006
63 2-1 -1.077e-005  1.058e-005  1.951e-007  1.013e-004
63 2-2  1.061e-005 -1.058e-005 -3.488e-008 -1.001e-004  1.090e-004
63 2-3  1.614e-007 -1.177e-009 -1.602e-007 -1.207e-006 -8.854e-006  1.006e-005
64  5.844e-001  4.139e-001  1.640e-003  1.062e-001  8.825e-001  1.125e-002 
64 1-1  7.412e-004
64 1-2 -7.375e-004  7.398e-004
64 1-3 -3.694e-006 -2.319e-006  6.013e-006
64 2-1 -1.030e-005  1.008e-005  2.288e-007  9.133e-005
64 2-2  1.012e-005 -1.009e-005 -2.561e-008 -9.002e-005  1.006e-004
64 2-3  1.881e-007  1.516e-008 -2.032e-007 -1.309e-006 -1.055e-005  1.185e-005
65  5.774e-001  4.206e-001  2.014e-003  1.008e-001  8.864e-001  1.284e-002 
65 1-1  7.754e-004
65 1-2 -7.705e-004  7.737e-004
65 1-3 -4.884e-006 -3.196e-006  8.080e-006
65 2-1 -1.011e-005  9.838e-006  2.690e-007  8.441e-005
65 2-2  9.884e-006 -9.872e-006 -1.254e-008 -8.298e-005  9.544e-005
65 2-3  2.225e-007  3.390e-008 -2.564e-007 -1.439e-006 -1.246e-005  1.390e-005
66  5.702e-001  4.273e-001  2.471e-003  9.560e-002  8.898e-001  1.465e-002 
66 1-1  8.332e-004
66 1-2 -8.268e-004  8.311e-004
66 1-3 -6.459e-006 -4.339e-006  1.080e-005
66 2-1 -1.015e-005  9.831e-006  3.168e-007  7.990e-005
66 2-2  9.882e-006 -9.887e-006  5.033e-009 -7.831e-005  9.292e-005
66 2-3  2.662e-007  5.558e-008 -3.218e-007 -1.594e-006 -1.461e-005  1.621e-005
67  5.630e-001  4.339e-001  3.031e-003  9.063e-002  8.927e-001  1.670e-002 
67 1-1  9.152e-004
67 1-2 -9.067e-004  9.125e-004
67 1-3 -8.529e-006 -5.820e-006  1.435e-005
67 2-1 -1.040e-005  1.002e-005  3.736e-007  7.724e-005
67 2-2  1.008e-005 -1.010e-005  2.783e-008 -7.546e-005  9.249e-005
67 2-3  3.205e-007  8.091e-008 -4.014e-007 -1.775e-006 -1.703e-005  1.880e-005
68  5.557e-001  4.406e-001  3.718e-003  8.587e-002  8.951e-001  1.903e-002 
68 1-1  1.021e-003
68 1-2 -1.010e-003  1.018e-003
68 1-3 -1.123e-005 -7.735e-006  1.896e-005
68 2-1 -1.083e-005  1.038e-005  4.412e-007  7.594e-005
68 2-2  1.044e-005 -1.049e-005  5.648e-008 -7.396e-005  9.367e-005
68 2-3  3.869e-007  1.107e-007 -4.976e-007 -1.980e-006 -1.971e-005  2.169e-005
69  5.483e-001  4.471e-001  4.558e-003  8.131e-002  8.970e-001  2.167e-002 
69 1-1  1.152e-003
69 1-2 -1.138e-003  1.148e-003
69 1-3 -1.472e-005 -1.020e-005  2.493e-005
69 2-1 -1.140e-005  1.088e-005  5.214e-007  7.560e-005
69 2-2  1.094e-005 -1.103e-005  9.153e-008 -7.339e-005  9.609e-005
69 2-3  4.670e-007  1.459e-007 -6.129e-007 -2.205e-006 -2.270e-005  2.490e-005
70  5.408e-001  4.536e-001  5.586e-003  7.695e-002  8.984e-001  2.467e-002 
70 1-1  1.307e-003
70 1-2 -1.288e-003  1.302e-003
70 1-3 -1.923e-005 -1.339e-005  3.262e-005
70 2-1 -1.210e-005  1.149e-005  6.165e-007  7.588e-005
70 2-2  1.154e-005 -1.168e-005  1.333e-007 -7.343e-005  9.943e-005
70 2-3  5.620e-007  1.878e-007 -7.498e-007 -2.449e-006 -2.599e-005  2.844e-005
71  5.332e-001  4.600e-001  6.843e-003  7.277e-002  8.992e-001  2.806e-002 
71 1-1  1.487e-003
71 1-2 -1.462e-003  1.479e-003
71 1-3 -2.502e-005 -1.750e-005  4.252e-005
71 2-1 -1.290e-005  1.217e-005  7.291e-007  7.651e-005
71 2-2  1.223e-005 -1.241e-005  1.819e-007 -7.380e-005  1.034e-004
71 2-3  6.734e-007  2.376e-007 -9.110e-007 -2.707e-006 -2.964e-005  3.234e-005
72  5.254e-001  4.662e-001  8.379e-003  6.877e-002  8.993e-001  3.189e-002 
72 1-1  1.690e-003
72 1-2 -1.657e-003  1.680e-003
72 1-3 -3.247e-005 -2.288e-005  5.535e-005
72 2-1 -1.377e-005  1.291e-005  8.621e-007  7.726e-005
72 2-2  1.297e-005 -1.321e-005  2.373e-007 -7.429e-005  1.080e-004
72 2-3  8.024e-007  2.970e-007 -1.099e-006 -2.978e-006 -3.369e-005  3.666e-005
73  5.174e-001  4.723e-001  1.025e-002  6.495e-002  8.988e-001  3.622e-002 
73 1-1  1.915e-003
73 1-2 -1.873e-003  1.903e-003
73 1-3 -4.211e-005 -3.002e-005  7.214e-005
73 2-1 -1.469e-005  1.367e-005  1.019e-006  7.796e-005
73 2-2  1.374e-005 -1.404e-005  2.997e-007 -7.470e-005  1.129e-004
73 2-3  9.503e-007  3.682e-007 -1.319e-006 -3.262e-006 -3.823e-005  4.149e-005
74  5.093e-001  4.782e-001  1.254e-002  6.129e-002  8.976e-001  4.111e-002 
74 1-1  2.163e-003
74 1-2 -2.108e-003  2.148e-003
74 1-3 -5.478e-005 -3.975e-005  9.454e-005
74 2-1 -1.563e-005  1.443e-005  1.203e-006  7.847e-005
74 2-2  1.451e-005 -1.489e-005  3.701e-007 -7.491e-005  1.183e-004
74 2-3  1.119e-006  4.544e-007 -1.573e-006 -3.558e-006 -4.343e-005  4.698e-005
75  5.009e-001  4.838e-001  1.533e-002  5.778e-002  8.956e-001  4.662e-002 
75 1-1  2.431e-003
75 1-2 -2.360e-003  2.413e-003
75 1-3 -7.181e-005 -5.348e-005  1.253e-004
75 2-1 -1.658e-005  1.516e-005  1.419e-006  7.869e-005
75 2-2  1.527e-005 -1.572e-005  4.518e-007 -7.481e-005  1.243e-004
75 2-3  1.310e-006  5.604e-007 -1.871e-006 -3.873e-006 -4.953e-005  5.341e-005
76  4.923e-001  4.890e-001  1.872e-002  5.442e-002  8.928e-001  5.281e-002 
76 1-1  2.719e-003
76 1-2 -2.624e-003  2.698e-003
76 1-3 -9.539e-005 -7.366e-005  1.691e-004
76 2-1 -1.752e-005  1.585e-005  1.671e-006  7.854e-005
76 2-2  1.599e-005 -1.654e-005  5.526e-007 -7.432e-005  1.313e-004
76 2-3  1.530e-006  6.943e-007 -2.224e-006 -4.219e-006 -5.697e-005  6.119e-005
77  4.833e-001  4.938e-001  2.283e-002  5.121e-002  8.890e-001  5.977e-002 
77 1-1  3.026e-003
77 1-2 -2.896e-003  3.001e-003
77 1-3 -1.292e-004 -1.046e-004  2.339e-004
77 2-1 -1.842e-005  1.646e-005  1.965e-006  7.798e-005
77 2-2  1.664e-005 -1.733e-005  6.898e-007 -7.336e-005  1.397e-004
77 2-3  1.785e-006  8.699e-007 -2.655e-006 -4.613e-006 -6.637e-005  7.099e-005
78  4.740e-001  4.982e-001  2.782e-002  4.813e-002  8.843e-001  6.756e-002 
78 1-1  3.350e-003
78 1-2 -3.170e-003  3.324e-003
78 1-3 -1.797e-004 -1.539e-004  3.336e-004
78 2-1 -1.927e-005  1.697e-005  2.307e-006  7.698e-005
78 2-2  1.718e-005 -1.808e-005  8.966e-007 -7.189e-005  1.506e-004
78 2-3  2.093e-006  1.111e-006 -3.204e-006 -5.086e-006 -7.873e-005  8.381e-005
79  4.643e-001  5.019e-001  3.386e-002  4.518e-002  8.785e-001  7.628e-002 
79 1-1  3.691e-003
79 1-2 -3.434e-003  3.669e-003
79 1-3 -2.572e-004 -2.346e-004  4.918e-004
79 2-1 -2.006e-005  1.735e-005  2.703e-006  7.554e-005
79 2-2  1.758e-005 -1.881e-005  1.233e-006 -6.986e-005  1.653e-004
79 2-3  2.481e-006  1.456e-006 -3.937e-006 -5.680e-006 -9.546e-005  1.011e-004
80  4.540e-001  5.048e-001  4.115e-002  4.236e-002  8.716e-001  8.601e-002 
80 1-1  4.053e-003
80 1-2 -3.674e-003  4.043e-003
80 1-3 -3.791e-004 -3.690e-004  7.481e-004
80 2-1 -2.076e-005  1.760e-005  3.160e-006  7.367e-005
80 2-2  1.777e-005 -1.957e-005  1.804e-006 -6.721e-005  1.858e-004
80 2-3  2.993e-006  1.971e-006 -4.964e-006 -6.453e-006 -1.186e-004  1.250e-004
81  4.432e-001  5.069e-001  4.991e-002  3.965e-002  8.635e-001  9.683e-002 
81 1-1  4.440e-003
81 1-2 -3.867e-003  4.461e-003
81 1-3 -5.732e-004 -5.940e-004  1.167e-003
81 2-1 -2.136e-005  1.768e-005  3.687e-006  7.138e-005
81 2-2  1.766e-005 -2.044e-005  2.777e-006 -6.390e-005  2.148e-004
81 2-3  3.704e-006  2.760e-006 -6.464e-006 -7.483e-006 -1.509e-004  1.584e-004
82  4.317e-001  5.079e-001  6.041e-002  3.706e-002  8.541e-001  1.088e-001 
82 1-1  4.864e-003
82 1-2 -3.981e-003  4.951e-003
82 1-3 -8.834e-004 -9.696e-004  1.853e-003
82 2-1 -2.186e-005  1.757e-005  4.290e-006  6.872e-005
82 2-2  1.714e-005 -2.155e-005  4.419e-006 -5.985e-005  2.561e-004
82 2-3  4.725e-006  3.984e-006 -8.709e-006 -8.866e-006 -1.962e-004  2.051e-004
83  4.195e-001  5.076e-001  7.293e-002  3.457e-002  8.433e-001  1.221e-001 
83 1-1  5.344e-003
83 1-2 -3.968e-003  5.558e-003
83 1-3 -1.376e-003 -1.590e-003  2.966e-003
83 2-1 -2.224e-005  1.726e-005  4.980e-006  6.572e-005
83 2-2  1.601e-005 -2.314e-005  7.130e-006 -5.500e-005  3.144e-004
83 2-3  6.221e-006  5.888e-006 -1.211e-005 -1.072e-005 -2.594e-004  2.701e-004
84  4.064e-001  5.058e-001  8.779e-002  3.219e-002  8.310e-001  1.368e-001 
84 1-1  5.908e-003
84 1-2 -3.761e-003  6.358e-003
84 1-3 -2.148e-003 -2.597e-003  4.745e-003
84 2-1 -2.248e-005  1.672e-005  5.763e-006  6.242e-005
84 2-2  1.406e-005 -2.554e-005  1.149e-005 -4.926e-005  3.959e-004
84 2-3  8.425e-006  8.825e-006 -1.725e-005 -1.317e-005 -3.467e-004  3.598e-004
85  3.924e-001  5.023e-001  1.053e-001  2.992e-002  8.172e-001  1.529e-001 
85 1-1  6.600e-003
85 1-2 -3.267e-003  7.466e-003
85 1-3 -3.334e-003 -4.199e-003  7.533e-003
85 2-1 -2.259e-005  1.594e-005  6.647e-006  5.889e-005
85 2-2  1.094e-005 -2.922e-005  1.829e-005 -4.252e-005  5.081e-004
85 2-3  1.165e-005  1.329e-005 -2.493e-005 -1.637e-005 -4.655e-004  4.819e-004
86  3.773e-001  4.969e-001  1.258e-001  2.773e-002  8.018e-001  1.704e-001 
86 1-1  7.478e-003
86 1-2 -2.366e-003  9.046e-003
86 1-3 -5.112e-003 -6.681e-003  1.179e-002
86 2-1 -2.255e-005  1.491e-005  7.635e-006  5.517e-005
86 2-2  6.266e-006 -3.483e-005  2.857e-005 -3.472e-005  6.595e-004
86 2-3  1.628e-005  1.992e-005 -3.620e-005 -2.046e-005 -6.248e-004  6.453e-004
87  3.611e-001  4.892e-001  1.497e-001  2.565e-002  7.848e-001  1.896e-001 
87 1-1  8.609e-003
87 1-2 -9.093e-004  1.132e-002
87 1-3 -7.700e-003 -1.041e-002  1.811e-002
87 2-1 -2.236e-005  1.363e-005  8.728e-006  5.133e-005
87 2-2 -4.376e-007 -4.318e-005  4.362e-005 -2.576e-005  8.601e-004
87 2-3  2.280e-005  2.955e-005 -5.234e-005 -2.557e-005 -8.343e-004  8.599e-004
88  3.438e-001  4.791e-001  1.771e-001  2.366e-002  7.660e-001  2.103e-001 
88 1-1  1.007e-002
88 1-2  1.267e-003  1.456e-002
88 1-3 -1.134e-002 -1.582e-002  2.716e-002
88 2-1 -2.203e-005  1.211e-005  9.917e-006  4.742e-005
88 2-2 -9.682e-006 -5.522e-005  6.490e-005 -1.560e-005  1.120e-003
88 2-3  3.171e-005  4.311e-005 -7.482e-005 -3.182e-005 -1.104e-003  1.136e-003
89  3.254e-001  4.664e-001  2.082e-001  2.176e-002  7.456e-001  2.326e-001 
89 1-1  1.192e-002
89 1-2  4.324e-003  1.905e-002
89 1-3 -1.624e-002 -2.338e-002  3.962e-002
89 2-1 -2.154e-005  1.036e-005  1.118e-005  4.349e-005
89 2-2 -2.195e-005 -7.198e-005  9.393e-005 -4.243e-006  1.449e-003
89 2-3  4.349e-005  6.162e-005 -1.051e-004 -3.925e-005 -1.445e-003  1.484e-003
90  3.059e-001  4.509e-001  2.432e-001  1.995e-002  7.235e-001  2.565e-001 
90 1-1  1.419e-002
90 1-2  8.376e-003  2.508e-002
90 1-3 -2.257e-002 -3.346e-002  5.602e-002
90 2-1 -2.091e-005  8.416e-006  1.249e-005  3.961e-005
90 2-2 -3.761e-005 -9.441e-005  1.320e-004  8.247e-006  1.856e-003
90 2-3  5.852e-005  8.600e-005 -1.445e-004 -4.786e-005 -1.864e-003  1.912e-003