
#****** ******
# ATFchr.txt
#IMaCh version 0.99r45, April 2023,INED-EUROREVES-Institut de longevite-Japan Society for the Promotion of Science (Grant-in-Aid for Scientific Research 25293121), Intel Software 2015-2020, Nihon University 2021-202, INED 2000-2022
#$Revision: 1.353 $ $Date: 2023/05/08 18:48:22 $
# Tue Feb 04 22:21:36 2025
# Health expectancies with standard errors
# Age e11 (SE) e12 (SE) e1.  e21 (SE) e22 (SE) e2. 
 50    9.4692 (0.6554)   26.6070 (1.0757)   36.0762 (0.9731)    6.6676 (0.5763)   29.2772 (1.0475)   35.9448 (0.9970)
 51    9.0822 (0.6217)   26.0200 (1.0545)   35.1023 (0.9691)    6.2616 (0.5447)   28.6943 (1.0311)   34.9559 (0.9945)
 52    8.7096 (0.5916)   25.4223 (1.0358)   34.1319 (0.9647)    5.8724 (0.5169)   28.0969 (1.0169)   33.9693 (0.9917)
 53    8.3512 (0.5650)   24.8142 (1.0191)   33.1654 (0.9600)    5.5000 (0.4925)   27.4853 (1.0045)   32.9853 (0.9885)
 54    8.0067 (0.5417)   24.1965 (1.0042)   32.2032 (0.9551)    5.1440 (0.4712)   26.8602 (0.9936)   32.0043 (0.9849)
 55    7.6758 (0.5214)   23.5698 (0.9910)   31.2457 (0.9499)    4.8043 (0.4524)   26.2224 (0.9837)   31.0267 (0.9809)
 56    7.3584 (0.5039)   22.9350 (0.9792)   30.2934 (0.9445)    4.4806 (0.4357)   25.5724 (0.9747)   30.0529 (0.9765)
 57    7.0541 (0.4891)   22.2927 (0.9685)   29.3468 (0.9389)    4.1724 (0.4207)   24.9111 (0.9662)   29.0836 (0.9716)
 58    6.7627 (0.4765)   21.6437 (0.9590)   28.4064 (0.9333)    3.8796 (0.4069)   24.2395 (0.9580)   28.1191 (0.9663)
 59    6.4837 (0.4661)   20.9890 (0.9503)   27.4727 (0.9276)    3.6016 (0.3940)   23.5585 (0.9499)   27.1601 (0.9606)
 60    6.2169 (0.4575)   20.3295 (0.9424)   26.5464 (0.9219)    3.3383 (0.3817)   22.8690 (0.9419)   26.2073 (0.9545)
 61    5.9619 (0.4505)   19.6660 (0.9352)   25.6279 (0.9164)    3.0890 (0.3696)   22.1722 (0.9338)   25.2612 (0.9481)
 62    5.7183 (0.4448)   18.9996 (0.9287)   24.7179 (0.9111)    2.8535 (0.3576)   21.4692 (0.9255)   24.3228 (0.9414)
 63    5.4858 (0.4404)   18.3313 (0.9229)   23.8171 (0.9061)    2.6313 (0.3455)   20.7613 (0.9172)   23.3926 (0.9344)
 64    5.2640 (0.4369)   17.6619 (0.9176)   22.9259 (0.9016)    2.4220 (0.3333)   20.0496 (0.9088)   22.4716 (0.9273)
 65    5.0525 (0.4343)   16.9927 (0.9129)   22.0452 (0.8976)    2.2251 (0.3208)   19.3355 (0.9004)   21.5606 (0.9200)
 66    4.8509 (0.4323)   16.3245 (0.9089)   21.1754 (0.8942)    2.0403 (0.3081)   18.6203 (0.8921)   20.6606 (0.9128)
 67    4.6588 (0.4309)   15.6585 (0.9055)   20.3173 (0.8916)    1.8669 (0.2951)   17.9055 (0.8838)   19.7724 (0.9057)
 68    4.4757 (0.4300)   14.9957 (0.9027)   19.4714 (0.8899)    1.7047 (0.2818)   17.1924 (0.8758)   18.8971 (0.8988)
 69    4.3013 (0.4293)   14.3371 (0.9006)   18.6383 (0.8891)    1.5532 (0.2684)   16.4825 (0.8681)   18.0357 (0.8921)
 70    4.1351 (0.4289)   13.6836 (0.8993)   17.8187 (0.8894)    1.4119 (0.2548)   15.7773 (0.8608)   17.1892 (0.8858)
 71    3.9767 (0.4287)   13.0364 (0.8987)   17.0130 (0.8910)    1.2804 (0.2411)   15.0783 (0.8541)   16.3587 (0.8800)
 72    3.8256 (0.4285)   12.3963 (0.8990)   16.2218 (0.8940)    1.1583 (0.2275)   14.3870 (0.8478)   15.5452 (0.8745)
 73    3.6813 (0.4282)   11.7642 (0.9003)   15.4455 (0.8987)    1.0451 (0.2140)   13.7049 (0.8421)   14.7500 (0.8696)
 74    3.5435 (0.4279)   11.1411 (0.9028)   14.6846 (0.9056)    0.9405 (0.2006)   13.0334 (0.8370)   13.9739 (0.8651)
 75    3.4115 (0.4274)   10.5278 (0.9069)   13.9393 (0.9151)    0.8440 (0.1874)   12.3742 (0.8324)   13.2182 (0.8610)
 76    3.2851 (0.4267)    9.9250 (0.9130)   13.2101 (0.9281)    0.7552 (0.1746)   11.7285 (0.8282)   12.4837 (0.8572)
 77    3.1636 (0.4259)    9.3336 (0.9218)   12.4972 (0.9455)    0.6737 (0.1621)   11.0979 (0.8244)   11.7716 (0.8536)
 78    3.0466 (0.4250)    8.7542 (0.9340)   11.8009 (0.9686)    0.5992 (0.1500)   10.4835 (0.8207)   11.0827 (0.8499)
 79    2.9337 (0.4241)    8.1876 (0.9506)   11.1213 (0.9990)    0.5312 (0.1384)    9.8868 (0.8170)   10.4180 (0.8461)
 80    2.8244 (0.4234)    7.6343 (0.9728)   10.4587 (1.0380)    0.4694 (0.1273)    9.3087 (0.8131)    9.7782 (0.8418)
 81    2.7182 (0.4231)    7.0952 (1.0015)    9.8134 (1.0871)    0.4134 (0.1168)    8.7505 (0.8086)    9.1639 (0.8368)
 82    2.6149 (0.4237)    6.5708 (1.0378)    9.1856 (1.1474)    0.3629 (0.1067)    8.2130 (0.8035)    8.5759 (0.8310)
 83    2.5139 (0.4256)    6.0619 (1.0820)    8.5758 (1.2192)    0.3174 (0.0972)    7.6972 (0.7975)    8.0146 (0.8241)
 84    2.4151 (0.4290)    5.5693 (1.1339)    7.9844 (1.3022)    0.2767 (0.0883)    7.2036 (0.7902)    7.4803 (0.8158)
 85    2.3182 (0.4344)    5.0938 (1.1928)    7.4120 (1.3949)    0.2404 (0.0799)    6.7329 (0.7817)    6.9732 (0.8061)
 86    2.2231 (0.4419)    4.6365 (1.2567)    6.8596 (1.4945)    0.2081 (0.0720)    6.2854 (0.7715)    6.4935 (0.7947)
 87    2.1298 (0.4515)    4.1983 (1.3230)    6.3281 (1.5975)    0.1796 (0.0647)    5.8614 (0.7598)    6.0409 (0.7816)
 88    2.0383 (0.4626)    3.7804 (1.3882)    5.8187 (1.6992)    0.1544 (0.0578)    5.4610 (0.7462)    5.6154 (0.7667)
 89    1.9489 (0.4744)    3.3840 (1.4484)    5.3329 (1.7944)    0.1324 (0.0515)    5.0841 (0.7309)    5.2165 (0.7499)
 90    1.8619 (0.4859)    3.0102 (1.4995)    4.8722 (1.8776)    0.1132 (0.0457)    4.7306 (0.7137)    4.8438 (0.7313)
