# EEFgali.txt
#IMaCh version 0.99r45, April 2023,INED-EUROREVES-Institut de longevite-Japan Society for the Promotion of Science (Grant-in-Aid for Scientific Research 25293121), Intel Software 2015-2020, Nihon University 2021-202, INED 2000-2022
#$Revision: 1.353 $ $Date: 2023/05/08 18:48:22 $
# Tue Feb 04 20:24:32 2025
# Forward period (stable) prevalence. Precision given by ftolpl=0.0006 
#Age 1-1 2-2 
#************
#Age   1-1     2-2   Total Years_to_converge
50  0.88072 0.11935 1.000 21
51  0.87491 0.12515 1.000 21
52  0.86887 0.13120 1.000 21
53  0.86259 0.13748 1.000 21
54  0.85607 0.14401 1.000 21
55  0.84930 0.15078 1.000 21
56  0.84230 0.15779 1.000 21
57  0.83505 0.16505 1.000 21
58  0.82755 0.17255 1.000 21
59  0.81980 0.18030 1.000 21
60  0.81181 0.18829 1.000 21
61  0.80358 0.19653 1.000 21
62  0.79511 0.20500 1.000 21
63  0.78641 0.21371 1.000 21
64  0.77748 0.22265 1.000 21
65  0.76832 0.23181 1.000 21
66  0.75895 0.24118 1.000 21
67  0.74938 0.25075 1.000 21
68  0.73961 0.26052 1.000 21
69  0.72966 0.27047 1.000 21
70  0.71955 0.28059 1.000 21
71  0.70928 0.29089 1.000 21
72  0.69887 0.30130 1.000 21
73  0.68833 0.31183 1.000 21
74  0.67770 0.32247 1.000 21
75  0.66698 0.33322 1.000 20
76  0.65619 0.34400 1.000 20
77  0.64535 0.35483 1.000 20
78  0.63449 0.36569 1.000 20
79  0.62364 0.37658 1.000 20
80  0.61279 0.38742 1.000 20
81  0.60198 0.39822 1.000 20
82  0.59123 0.40899 1.000 19
83  0.58056 0.41965 1.000 19
84  0.57000 0.43024 1.000 19
85  0.55956 0.44067 1.000 19
86  0.54926 0.45100 1.000 18
87  0.53911 0.46113 1.000 18
88  0.52915 0.47112 1.000 18
89  0.51937 0.48088 1.000 18
90  0.50982 0.49047 1.000 17
