# Powell
# iter -2*LL p12 p13 p21 p23
1 1 4321.186925976802 0 -5.211726000000 0.044843600000 -12.456049500000 0.114595800000 0.017515200000 -0.017106200000 -8.520641900000 0.082187200000
2 2 4083.395705134567 0 -5.588445472293 0.044896936012 -13.876004657146 0.114100630362 -0.549450496474 -0.016910796278 -9.224498080357 0.082165780358
3 2 4058.315281398239 0 -5.803183233197 0.044914909335 -13.378902426345 0.113963092046 -0.711695819818 -0.016853833343 -9.322077610335 0.082163510779
4 3 4056.727514660874 1 -5.879905800006 0.044888300451 -13.325762300459 0.113835683135 -0.746771868257 -0.016802870183 -9.338278401268 0.082163550451
5 3 4056.720539486655 1 -5.879454986374 0.044881749227 -13.319058176744 0.113729251379 -0.749605099121 -0.016761485843 -9.338018325606 0.082163469277
6 4 4056.532422972094 1 -5.861752573755 0.044651696977 -12.908234407216 0.108408929313 -0.897136675122 -0.014718639440 -9.337773008066 0.082192658794
7 4 4056.531296074890 2 -5.861374121355 0.044648156181 -12.904821355068 0.108392779454 -0.896547144057 -0.014727967731 -9.339123606936 0.082205690760
8 5 4056.495219943271 2 -5.813269771484 0.043969435801 -12.724333718060 0.106251143504 -0.853170717895 -0.015346628650 -9.439587557700 0.083422315326
9 5 4056.489751196982 2 -5.806536607496 0.043869461019 -12.702321941026 0.105817346696 -0.846614507466 -0.015434638651 -9.451204948251 0.083587464137
10 6 4056.489392963043 2 -5.804766948941 0.043843169936 -12.694067682220 0.105663440952 -0.844721044156 -0.015459891043 -9.455501443271 0.083647454235
11 6 4056.489069691285 3 -5.804815745197 0.043843245075 -12.685958746062 0.105524641496 -0.843852999880 -0.015471526757 -9.459889088380 0.083707090219
12 7 4056.488592175471 3 -5.805725528902 0.043855454204 -12.674597928226 0.105346073742 -0.842983960458 -0.015483633500 -9.466744193524 0.083797340761
13 7 4056.488135914655 3 -5.806997538217 0.043873366501 -12.661233780043 0.105144204419 -0.842174260367 -0.015498389745 -9.475204900123 0.083907384133
14 8 4056.485924581623 4 -5.817011506627 0.044017693669 -12.615517034020 0.104497546463 -0.842392032602 -0.015503686262 -9.506886728697 0.084313027240
15 8 4056.483930505180 4 -5.827483479130 0.044169132014 -12.591034402623 0.104189150464 -0.845269135885 -0.015461426382 -9.526093706704 0.084553775906
16 9 4056.483178020500 4 -5.833677811081 0.044257426895 -12.579945126293 0.104059394317 -0.847287004584 -0.015425473257 -9.534984751274 0.084663699725
17 9 4056.482831246056 4 -5.836988095087 0.044303698477 -12.574300448314 0.104003312946 -0.848202454715 -0.015408168096 -9.539305053553 0.084715489780
18 10 4056.482578962875 5 -5.839688510217 0.044342023964 -12.569851970761 0.103965150693 -0.848770378434 -0.015399983101 -9.542339276923 0.084751022444
19 10 4056.481942097312 5 -5.840482859214 0.044354102963 -12.579781765634 0.104148185368 -0.849511984493 -0.015390404656 -9.533983327152 0.084639313642
20 11 4056.481763869414 5 -5.838374599446 0.044324986928 -12.588414271242 0.104262781033 -0.849476231303 -0.015391088913 -9.527104441429 0.084552934249
21 11 4056.481684301863 6 -5.835583827360 0.044285167883 -12.597906578803 0.104390973246 -0.849116952911 -0.015395390018 -9.519206760986 0.084453148885
22 12 4056.481679882285 6 -5.835547995541 0.044284541612 -12.597715546667 0.104388755569 -0.849022514915 -0.015396853961 -9.519246432179 0.084453574138
23 12 4056.481230265265 6 -5.837194948198 0.044309407628 -12.576215612224 0.104078887484 -0.844176362442 -0.015465879907 -9.510914179839 0.084355801330
24 13 4056.481187705137 7 -5.838042312306 0.044320788417 -12.573647289991 0.104057748916 -0.844573832907 -0.015458946076 -9.509424941563 0.084335302805
25 13 4056.481187053842 7 -5.838175728885 0.044322524780 -12.573069064118 0.104051760247 -0.844570651440 -0.015458917739 -9.509495832541 0.084335951943
26 14 4056.481187048166 9 -5.838182286340 0.044322601498 -12.573028855305 0.104051395109 -0.844568189837 -0.015458940906 -9.509492883002 0.084335889358
27 14 4056.481187048115 10 -5.838182844056 0.044322606599 -12.573028159927 0.104051403127 -0.844568195981 -0.015458941973 -9.509492773771 0.084335886487
