# EEFgali.txt
#IMaCh version 0.99r45, April 2023,INED-EUROREVES-Institut de longevite-Japan Society for the Promotion of Science (Grant-in-Aid for Scientific Research 25293121), Intel Software 2015-2020, Nihon University 2021-202, INED 2000-2022
#$Revision: 1.353 $ $Date: 2023/05/08 18:48:22 $
# Tue Feb 04 20:24:32 2025
# probabilities of dying before estepm=6 months for people of exact age and weighted probabilities w1*p1j+w2*p2j+... stand dev in()
# Selected quantitative variables and dummies
# Age cov=1 p.3 SE w1 p13 w2 p23
 50 1   1.038e-003  3.518e-004  8.807e-001  6.128e-004   1.193e-001  4.178e-003 
 51 1   1.164e-003  3.758e-004  8.749e-001  6.792e-004   1.251e-001  4.556e-003 
 52 1   1.306e-003  4.013e-004  8.689e-001  7.527e-004   1.312e-001  4.967e-003 
 53 1   1.464e-003  4.283e-004  8.626e-001  8.341e-004   1.375e-001  5.415e-003 
 54 1   1.641e-003  4.568e-004  8.561e-001  9.242e-004   1.440e-001  5.903e-003 
 55 1   1.840e-003  4.869e-004  8.493e-001  1.024e-003   1.508e-001  6.435e-003 
 56 1   2.062e-003  5.187e-004  8.423e-001  1.135e-003   1.578e-001  7.013e-003 
 57 1   2.311e-003  5.522e-004  8.350e-001  1.257e-003   1.650e-001  7.644e-003 
 58 1   2.589e-003  5.874e-004  8.275e-001  1.392e-003   1.725e-001  8.330e-003 
 59 1   2.901e-003  6.245e-004  8.198e-001  1.542e-003   1.803e-001  9.077e-003 
 60 1   3.249e-003  6.634e-004  8.118e-001  1.708e-003   1.883e-001  9.890e-003 
 61 1   3.637e-003  7.041e-004  8.036e-001  1.891e-003   1.965e-001  1.077e-002 
 62 1   4.071e-003  7.467e-004  7.951e-001  2.095e-003   2.050e-001  1.174e-002 
 63 1   4.556e-003  7.911e-004  7.864e-001  2.319e-003   2.137e-001  1.278e-002 
 64 1   5.096e-003  8.373e-004  7.775e-001  2.567e-003   2.226e-001  1.392e-002 
 65 1   5.698e-003  8.853e-004  7.683e-001  2.842e-003   2.318e-001  1.516e-002 
 66 1   6.369e-003  9.351e-004  7.590e-001  3.146e-003   2.412e-001  1.651e-002 
 67 1   7.115e-003  9.868e-004  7.494e-001  3.481e-003   2.508e-001  1.797e-002 
 68 1   7.945e-003  1.040e-003  7.396e-001  3.852e-003   2.605e-001  1.956e-002 
 69 1   8.867e-003  1.096e-003  7.297e-001  4.262e-003   2.705e-001  2.128e-002 
 70 1   9.891e-003  1.155e-003  7.195e-001  4.715e-003   2.806e-001  2.316e-002 
 71 1   1.103e-002  1.216e-003  7.093e-001  5.215e-003   2.909e-001  2.519e-002 
 72 1   1.229e-002  1.282e-003  6.989e-001  5.767e-003   3.013e-001  2.740e-002 
 73 1   1.368e-002  1.354e-003  6.883e-001  6.377e-003   3.118e-001  2.980e-002 
 74 1   1.522e-002  1.434e-003  6.777e-001  7.049e-003   3.225e-001  3.239e-002 
 75 1   1.693e-002  1.526e-003  6.670e-001  7.791e-003   3.332e-001  3.520e-002 
 76 1   1.881e-002  1.632e-003  6.562e-001  8.609e-003   3.440e-001  3.825e-002 
 77 1   2.088e-002  1.759e-003  6.454e-001  9.510e-003   3.548e-001  4.155e-002 
 78 1   2.316e-002  1.913e-003  6.345e-001  1.050e-002   3.657e-001  4.512e-002 
 79 1   2.568e-002  2.100e-003  6.236e-001  1.160e-002   3.766e-001  4.897e-002 
 80 1   2.843e-002  2.328e-003  6.128e-001  1.280e-002   3.874e-001  5.314e-002 
 81 1   3.146e-002  2.606e-003  6.020e-001  1.413e-002   3.982e-001  5.764e-002 
 82 1   3.478e-002  2.942e-003  5.912e-001  1.559e-002   4.090e-001  6.249e-002 
 83 1   3.840e-002  3.345e-003  5.806e-001  1.719e-002   4.197e-001  6.773e-002 
 84 1   4.237e-002  3.822e-003  5.700e-001  1.895e-002   4.302e-001  7.336e-002 
 85 1   4.669e-002  4.382e-003  5.596e-001  2.089e-002   4.407e-001  7.942e-002 
 86 1   5.140e-002  5.034e-003  5.493e-001  2.301e-002   4.510e-001  8.594e-002 
 87 1   5.651e-002  5.786e-003  5.391e-001  2.534e-002   4.611e-001  9.293e-002 
 88 1   6.207e-002  6.645e-003  5.292e-001  2.789e-002   4.711e-001  1.004e-001 
 89 1   6.809e-002  7.621e-003  5.194e-001  3.069e-002   4.809e-001  1.085e-001 
 90 1   7.461e-002  8.720e-003  5.098e-001  3.375e-002   4.905e-001  1.170e-001 
