# EEFgali.txt
#IMaCh version 0.99r45, April 2023,INED-EUROREVES-Institut de longevite-Japan Society for the Promotion of Science (Grant-in-Aid for Scientific Research 25293121), Intel Software 2015-2020, Nihon University 2021-202, INED 2000-2022
#$Revision: 1.353 $ $Date: 2023/05/08 18:48:22 $
# Tue Feb 04 20:24:32 2025
#One-step probabilities and stand. devi in ()
# Age p1-1 (SE) p1-2 (SE) p1-3 (SE) p2-1 (SE) p2-2 (SE) p2-3 (SE)
50  9.734e-001 ( 3.639e-003)  2.602e-002 ( 3.680e-003)  6.128e-004 ( 4.301e-004)  1.649e-001 ( 2.089e-002)  8.310e-001 ( 2.086e-002)  4.178e-003 ( 1.799e-003) 
51  9.722e-001 ( 3.642e-003)  2.716e-002 ( 3.682e-003)  6.792e-004 ( 4.593e-004)  1.627e-001 ( 1.988e-002)  8.328e-001 ( 1.985e-002)  4.556e-003 ( 1.900e-003) 
52  9.709e-001 ( 3.640e-003)  2.836e-002 ( 3.679e-003)  7.527e-004 ( 4.898e-004)  1.605e-001 ( 1.890e-002)  8.345e-001 ( 1.888e-002)  4.967e-003 ( 2.004e-003) 
53  9.696e-001 ( 3.633e-003)  2.960e-002 ( 3.671e-003)  8.341e-004 ( 5.216e-004)  1.584e-001 ( 1.794e-002)  8.362e-001 ( 1.793e-002)  5.415e-003 ( 2.111e-003) 
54  9.682e-001 ( 3.621e-003)  3.090e-002 ( 3.657e-003)  9.242e-004 ( 5.546e-004)  1.563e-001 ( 1.701e-002)  8.378e-001 ( 1.702e-002)  5.903e-003 ( 2.221e-003) 
55  9.667e-001 ( 3.605e-003)  3.225e-002 ( 3.639e-003)  1.024e-003 ( 5.888e-004)  1.541e-001 ( 1.612e-002)  8.394e-001 ( 1.613e-002)  6.435e-003 ( 2.335e-003) 
56  9.652e-001 ( 3.585e-003)  3.366e-002 ( 3.615e-003)  1.135e-003 ( 6.240e-004)  1.521e-001 ( 1.525e-002)  8.409e-001 ( 1.529e-002)  7.013e-003 ( 2.451e-003) 
57  9.636e-001 ( 3.561e-003)  3.512e-002 ( 3.586e-003)  1.257e-003 ( 6.602e-004)  1.500e-001 ( 1.442e-002)  8.424e-001 ( 1.448e-002)  7.644e-003 ( 2.569e-003) 
58  9.620e-001 ( 3.534e-003)  3.665e-002 ( 3.553e-003)  1.392e-003 ( 6.972e-004)  1.479e-001 ( 1.362e-002)  8.438e-001 ( 1.370e-002)  8.330e-003 ( 2.688e-003) 
59  9.602e-001 ( 3.504e-003)  3.824e-002 ( 3.517e-003)  1.542e-003 ( 7.348e-004)  1.459e-001 ( 1.286e-002)  8.450e-001 ( 1.297e-002)  9.077e-003 ( 2.809e-003) 
60  9.584e-001 ( 3.474e-003)  3.990e-002 ( 3.479e-003)  1.708e-003 ( 7.729e-004)  1.438e-001 ( 1.213e-002)  8.463e-001 ( 1.228e-002)  9.890e-003 ( 2.930e-003) 
61  9.565e-001 ( 3.444e-003)  4.163e-002 ( 3.439e-003)  1.891e-003 ( 8.113e-004)  1.418e-001 ( 1.145e-002)  8.474e-001 ( 1.164e-002)  1.077e-002 ( 3.051e-003) 
62  9.545e-001 ( 3.417e-003)  4.342e-002 ( 3.402e-003)  2.095e-003 ( 8.498e-004)  1.398e-001 ( 1.082e-002)  8.484e-001 ( 1.105e-002)  1.174e-002 ( 3.171e-003) 
63  9.524e-001 ( 3.394e-003)  4.529e-002 ( 3.368e-003)  2.319e-003 ( 8.883e-004)  1.378e-001 ( 1.023e-002)  8.494e-001 ( 1.051e-002)  1.278e-002 ( 3.289e-003) 
64  9.502e-001 ( 3.379e-003)  4.723e-002 ( 3.341e-003)  2.567e-003 ( 9.266e-004)  1.359e-001 ( 9.694e-003)  8.502e-001 ( 1.003e-002)  1.392e-002 ( 3.405e-003) 
65  9.479e-001 ( 3.376e-003)  4.926e-002 ( 3.325e-003)  2.842e-003 ( 9.649e-004)  1.339e-001 ( 9.214e-003)  8.510e-001 ( 9.603e-003)  1.516e-002 ( 3.516e-003) 
66  9.455e-001 ( 3.387e-003)  5.136e-002 ( 3.326e-003)  3.146e-003 ( 1.003e-003)  1.319e-001 ( 8.793e-003)  8.516e-001 ( 9.241e-003)  1.651e-002 ( 3.623e-003) 
67  9.430e-001 ( 3.419e-003)  5.354e-002 ( 3.347e-003)  3.481e-003 ( 1.042e-003)  1.300e-001 ( 8.436e-003)  8.521e-001 ( 8.942e-003)  1.797e-002 ( 3.725e-003) 
68  9.403e-001 ( 3.474e-003)  5.581e-002 ( 3.396e-003)  3.852e-003 ( 1.083e-003)  1.280e-001 ( 8.143e-003)  8.524e-001 ( 8.707e-003)  1.956e-002 ( 3.820e-003) 
69  9.376e-001 ( 3.558e-003)  5.817e-002 ( 3.477e-003)  4.262e-003 ( 1.126e-003)  1.261e-001 ( 7.918e-003)  8.526e-001 ( 8.536e-003)  2.128e-002 ( 3.909e-003) 
70  9.347e-001 ( 3.675e-003)  6.062e-002 ( 3.598e-003)  4.715e-003 ( 1.175e-003)  1.242e-001 ( 7.761e-003)  8.527e-001 ( 8.426e-003)  2.316e-002 ( 3.991e-003) 
71  9.316e-001 ( 3.830e-003)  6.316e-002 ( 3.762e-003)  5.215e-003 ( 1.232e-003)  1.223e-001 ( 7.669e-003)  8.526e-001 ( 8.375e-003)  2.519e-002 ( 4.066e-003) 
72  9.284e-001 ( 4.025e-003)  6.580e-002 ( 3.973e-003)  5.767e-003 ( 1.302e-003)  1.203e-001 ( 7.641e-003)  8.523e-001 ( 8.380e-003)  2.740e-002 ( 4.138e-003) 
73  9.251e-001 ( 4.265e-003)  6.853e-002 ( 4.236e-003)  6.377e-003 ( 1.391e-003)  1.184e-001 ( 7.672e-003)  8.518e-001 ( 8.435e-003)  2.980e-002 ( 4.207e-003) 
74  9.216e-001 ( 4.550e-003)  7.136e-002 ( 4.551e-003)  7.049e-003 ( 1.506e-003)  1.165e-001 ( 7.755e-003)  8.511e-001 ( 8.537e-003)  3.239e-002 ( 4.279e-003) 
75  9.179e-001 ( 4.884e-003)  7.430e-002 ( 4.920e-003)  7.791e-003 ( 1.655e-003)  1.146e-001 ( 7.884e-003)  8.502e-001 ( 8.683e-003)  3.520e-002 ( 4.362e-003) 
76  9.141e-001 ( 5.267e-003)  7.734e-002 ( 5.343e-003)  8.609e-003 ( 1.847e-003)  1.127e-001 ( 8.053e-003)  8.491e-001 ( 8.869e-003)  3.825e-002 ( 4.466e-003) 
77  9.100e-001 ( 5.702e-003)  8.049e-002 ( 5.821e-003)  9.510e-003 ( 2.092e-003)  1.108e-001 ( 8.255e-003)  8.477e-001 ( 9.095e-003)  4.155e-002 ( 4.604e-003) 
78  9.058e-001 ( 6.190e-003)  8.374e-002 ( 6.354e-003)  1.050e-002 ( 2.399e-003)  1.089e-001 ( 8.482e-003)  8.460e-001 ( 9.362e-003)  4.512e-002 ( 4.794e-003) 
79  9.013e-001 ( 6.734e-003)  8.711e-002 ( 6.942e-003)  1.160e-002 ( 2.778e-003)  1.070e-001 ( 8.730e-003)  8.441e-001 ( 9.674e-003)  4.897e-002 ( 5.057e-003) 
80  8.966e-001 ( 7.336e-003)  9.058e-002 ( 7.585e-003)  1.280e-002 ( 3.238e-003)  1.050e-001 ( 8.992e-003)  8.418e-001 ( 1.004e-002)  5.314e-002 ( 5.415e-003) 
81  8.917e-001 ( 8.000e-003)  9.417e-002 ( 8.284e-003)  1.413e-002 ( 3.789e-003)  1.031e-001 ( 9.264e-003)  8.393e-001 ( 1.046e-002)  5.764e-002 ( 5.892e-003) 
82  8.865e-001 ( 8.731e-003)  9.787e-002 ( 9.039e-003)  1.559e-002 ( 4.443e-003)  1.012e-001 ( 9.541e-003)  8.363e-001 ( 1.095e-002)  6.249e-002 ( 6.507e-003) 
83  8.811e-001 ( 9.535e-003)  1.017e-001 ( 9.851e-003)  1.719e-002 ( 5.213e-003)  9.923e-002 ( 9.820e-003)  8.330e-001 ( 1.154e-002)  6.773e-002 ( 7.280e-003) 
84  8.754e-001 ( 1.042e-002)  1.056e-001 ( 1.072e-002)  1.895e-002 ( 6.111e-003)  9.727e-002 ( 1.010e-002)  8.294e-001 ( 1.223e-002)  7.336e-002 ( 8.225e-003) 
85  8.695e-001 ( 1.139e-002)  1.096e-001 ( 1.165e-002)  2.089e-002 ( 7.153e-003)  9.531e-002 ( 1.037e-002)  8.253e-001 ( 1.304e-002)  7.942e-002 ( 9.356e-003) 
86  8.632e-001 ( 1.245e-002)  1.138e-001 ( 1.264e-002)  2.301e-002 ( 8.355e-003)  9.333e-002 ( 1.064e-002)  8.207e-001 ( 1.400e-002)  8.594e-002 ( 1.068e-002) 
87  8.566e-001 ( 1.362e-002)  1.180e-001 ( 1.370e-002)  2.534e-002 ( 9.737e-003)  9.134e-002 ( 1.090e-002)  8.157e-001 ( 1.512e-002)  9.293e-002 ( 1.222e-002) 
88  8.497e-001 ( 1.491e-002)  1.224e-001 ( 1.481e-002)  2.789e-002 ( 1.132e-002)  8.933e-002 ( 1.115e-002)  8.102e-001 ( 1.643e-002)  1.004e-001 ( 1.397e-002) 
89  8.425e-001 ( 1.634e-002)  1.268e-001 ( 1.600e-002)  3.069e-002 ( 1.312e-002)  8.731e-002 ( 1.139e-002)  8.042e-001 ( 1.794e-002)  1.085e-001 ( 1.594e-002) 
90  8.349e-001 ( 1.791e-002)  1.314e-001 ( 1.726e-002)  3.375e-002 ( 1.517e-002)  8.527e-002 ( 1.162e-002)  7.977e-001 ( 1.967e-002)  1.170e-001 ( 1.815e-002) 