# EEFgali.txt
#IMaCh version 0.99r45, April 2023,INED-EUROREVES-Institut de longevite-Japan Society for the Promotion of Science (Grant-in-Aid for Scientific Research 25293121), Intel Software 2015-2020, Nihon University 2021-202, INED 2000-2022
#$Revision: 1.353 $ $Date: 2023/05/08 18:48:22 $
# Tue Feb 04 20:24:32 2025
#One-step probabilities and covariance matrix
# Age p1-1  p1-2  p1-3  p2-1  p2-2  p2-3 
50  9.734e-001  2.602e-002  6.128e-004  1.649e-001  8.310e-001  4.178e-003 
50 1-1  1.324e-005
50 1-2 -1.330e-005  1.354e-005
50 1-3  5.518e-008 -2.402e-007  1.850e-007
50 2-1 -1.982e-005  1.924e-005  5.808e-007  4.365e-004
50 2-2  2.015e-005 -1.987e-005 -2.740e-007 -4.341e-004  4.350e-004
50 2-3 -3.221e-007  6.289e-007 -3.068e-007 -2.380e-006 -8.572e-007  3.237e-006
51  9.722e-001  2.716e-002  6.792e-004  1.627e-001  8.328e-001  4.556e-003 
51 1-1  1.326e-005
51 1-2 -1.330e-005  1.356e-005
51 1-3  4.168e-008 -2.526e-007  2.109e-007
51 2-1 -1.888e-005  1.830e-005  5.860e-007  3.953e-004
51 2-2  1.919e-005 -1.895e-005 -2.411e-007 -3.929e-004  3.941e-004
51 2-3 -3.123e-007  6.572e-007 -3.449e-007 -2.393e-006 -1.215e-006  3.609e-006
52  9.709e-001  2.836e-002  7.527e-004  1.605e-001  8.345e-001  4.967e-003 
52 1-1  1.325e-005
52 1-2 -1.327e-005  1.354e-005
52 1-3  2.468e-008 -2.646e-007  2.399e-007
52 2-1 -1.794e-005  1.735e-005  5.894e-007  3.571e-004
52 2-2  1.824e-005 -1.804e-005 -2.027e-007 -3.547e-004  3.563e-004
52 2-3 -2.975e-007  6.843e-007 -3.867e-007 -2.406e-006 -1.608e-006  4.015e-006
53  9.696e-001  2.960e-002  8.341e-004  1.584e-001  8.362e-001  5.415e-003 
53 1-1  1.320e-005
53 1-2 -1.320e-005  1.348e-005
53 1-3  3.776e-009 -2.758e-007  2.720e-007
53 2-1 -1.701e-005  1.642e-005  5.910e-007  3.219e-004
53 2-2  1.728e-005 -1.713e-005 -1.586e-007 -3.195e-004  3.215e-004
53 2-3 -2.772e-007  7.096e-007 -4.324e-007 -2.418e-006 -2.038e-006  4.456e-006
54  9.682e-001  3.090e-002  9.242e-004  1.563e-001  8.378e-001  5.903e-003 
54 1-1  1.311e-005
54 1-2 -1.309e-005  1.338e-005
54 1-3 -2.146e-008 -2.861e-007  3.076e-007
54 2-1 -1.608e-005  1.549e-005  5.907e-007  2.895e-004
54 2-2  1.633e-005 -1.623e-005 -1.086e-007 -2.871e-004  2.896e-004
54 2-3 -2.507e-007  7.328e-007 -4.821e-007 -2.429e-006 -2.506e-006  4.935e-006
55  9.667e-001  3.225e-002  1.024e-003  1.541e-001  8.394e-001  6.435e-003 
55 1-1  1.300e-005
55 1-2 -1.294e-005  1.324e-005
55 1-3 -5.143e-008 -2.952e-007  3.466e-007
55 2-1 -1.517e-005  1.459e-005  5.884e-007  2.598e-004
55 2-2  1.539e-005 -1.534e-005 -5.261e-008 -2.573e-004  2.603e-004
55 2-3 -2.176e-007  7.534e-007 -5.358e-007 -2.439e-006 -3.012e-006  5.451e-006
56  9.652e-001  3.366e-002  1.135e-003  1.521e-001  8.409e-001  7.013e-003 
56 1-1  1.285e-005
56 1-2 -1.276e-005  1.307e-005
56 1-3 -8.648e-008 -3.029e-007  3.894e-007
56 2-1 -1.429e-005  1.370e-005  5.840e-007  2.326e-004
56 2-2  1.446e-005 -1.447e-005  9.403e-009 -2.301e-004  2.337e-004
56 2-3 -1.774e-007  7.708e-007 -5.934e-007 -2.449e-006 -3.556e-006  6.005e-006
57  9.636e-001  3.512e-002  1.257e-003  1.500e-001  8.424e-001  7.644e-003 
57 1-1  1.268e-005
57 1-2 -1.255e-005  1.286e-005
57 1-3 -1.269e-007 -3.089e-007  4.358e-007
57 2-1 -1.342e-005  1.285e-005  5.776e-007  2.079e-004
57 2-2  1.355e-005 -1.363e-005  7.730e-008 -2.054e-004  2.095e-004
57 2-3 -1.297e-007  7.846e-007 -6.549e-007 -2.459e-006 -4.139e-006  6.597e-006
58  9.620e-001  3.665e-002  1.392e-003  1.479e-001  8.438e-001  8.330e-003 
58 1-1  1.249e-005
58 1-2 -1.231e-005  1.263e-005
58 1-3 -1.730e-007 -3.130e-007  4.860e-007
58 2-1 -1.260e-005  1.203e-005  5.692e-007  1.855e-004
58 2-2  1.267e-005 -1.282e-005  1.508e-007 -1.830e-004  1.878e-004
58 2-3 -7.422e-008  7.942e-007 -7.200e-007 -2.467e-006 -4.759e-006  7.226e-006
59  9.602e-001  3.824e-002  1.542e-003  1.459e-001  8.450e-001  9.077e-003 
59 1-1  1.228e-005
59 1-2 -1.205e-005  1.237e-005
59 1-3 -2.248e-007 -3.151e-007  5.399e-007
59 2-1 -1.181e-005  1.125e-005  5.589e-007  1.653e-004
59 2-2  1.182e-005 -1.205e-005  2.294e-007 -1.628e-004  1.682e-004
59 2-3 -1.104e-008  7.994e-007 -7.883e-007 -2.476e-006 -5.414e-006  7.889e-006
60  9.584e-001  3.990e-002  1.708e-003  1.438e-001  8.463e-001  9.890e-003 
60 1-1  1.207e-005
60 1-2 -1.179e-005  1.210e-005
60 1-3 -2.822e-007 -3.152e-007  5.974e-007
60 2-1 -1.107e-005  1.052e-005  5.469e-007  1.472e-004
60 2-2  1.101e-005 -1.132e-005  3.124e-007 -1.448e-004  1.509e-004
60 2-3  5.968e-008  7.997e-007 -8.594e-007 -2.484e-006 -6.101e-006  8.585e-006
61  9.565e-001  4.163e-002  1.891e-003  1.418e-001  8.474e-001  1.077e-002 
61 1-1  1.186e-005
61 1-2 -1.152e-005  1.183e-005
61 1-3 -3.449e-007 -3.133e-007  6.582e-007
61 2-1 -1.038e-005  9.848e-006  5.335e-007  1.312e-004
61 2-2  1.024e-005 -1.064e-005  3.989e-007 -1.287e-004  1.355e-004
61 2-3  1.374e-007  7.950e-007 -9.324e-007 -2.492e-006 -6.817e-006  9.309e-006
62  9.545e-001  4.342e-002  2.095e-003  1.398e-001  8.484e-001  1.174e-002 
62 1-1  1.167e-005
62 1-2 -1.126e-005  1.157e-005
62 1-3 -4.126e-007 -3.096e-007  7.222e-007
62 2-1 -9.759e-006  9.239e-006  5.191e-007  1.170e-004
62 2-2  9.537e-006 -1.002e-005  4.876e-007 -1.145e-004  1.221e-004
62 2-3  2.214e-007  7.854e-007 -1.007e-006 -2.499e-006 -7.556e-006  1.006e-005
63  9.524e-001  4.529e-002  2.319e-003  1.378e-001  8.494e-001  1.278e-002 
63 1-1  1.152e-005
63 1-2 -1.104e-005  1.134e-005
63 1-3 -4.842e-007 -3.048e-007  7.890e-007
63 2-1 -9.207e-006  8.703e-006  5.043e-007  1.046e-004
63 2-2  8.897e-006 -9.474e-006  5.771e-007 -1.021e-004  1.105e-004
63 2-3  3.102e-007  7.712e-007 -1.081e-006 -2.507e-006 -8.311e-006  1.082e-005
64  9.502e-001  4.723e-002  2.567e-003  1.359e-001  8.502e-001  1.392e-002 
64 1-1  1.142e-005
64 1-2 -1.086e-005  1.116e-005
64 1-3 -5.589e-007 -2.998e-007  8.586e-007
64 2-1 -8.737e-006  8.247e-006  4.898e-007  9.398e-005
64 2-2  8.335e-006 -9.000e-006  6.654e-007 -9.146e-005  1.005e-004
64 2-3  4.020e-007  7.533e-007 -1.155e-006 -2.514e-006 -9.076e-006  1.159e-005
65  9.479e-001  4.926e-002  2.842e-003  1.339e-001  8.510e-001  1.516e-002 
65 1-1  1.140e-005
65 1-2 -1.076e-005  1.106e-005
65 1-3 -6.350e-007 -2.960e-007  9.310e-007
65 2-1 -8.356e-006  7.879e-006  4.767e-007  8.490e-005
65 2-2  7.861e-006 -8.612e-006  7.506e-007 -8.238e-005  9.222e-005
65 2-3  4.945e-007  7.328e-007 -1.227e-006 -2.522e-006 -9.842e-006  1.236e-005
66  9.455e-001  5.136e-002  3.146e-003  1.319e-001  8.516e-001  1.651e-002 
66 1-1  1.147e-005
66 1-2 -1.076e-005  1.106e-005
66 1-3 -7.109e-007 -2.957e-007  1.007e-006
66 2-1 -8.076e-006  7.610e-006  4.661e-007  7.732e-005
66 2-2  7.491e-006 -8.321e-006  8.304e-007 -7.479e-005  8.539e-005
66 2-3  5.847e-007  7.119e-007 -1.297e-006 -2.529e-006 -1.060e-005  1.313e-005
67  9.430e-001  5.354e-002  3.481e-003  1.300e-001  8.521e-001  1.797e-002 
67 1-1  1.169e-005
67 1-2 -1.090e-005  1.120e-005
67 1-3 -7.846e-007 -3.017e-007  1.086e-006
67 2-1 -7.906e-006  7.446e-006  4.597e-007  7.116e-005
67 2-2  7.237e-006 -8.140e-006  9.024e-007 -6.862e-005  7.996e-005
67 2-3  6.689e-007  6.933e-007 -1.362e-006 -2.538e-006 -1.134e-005  1.387e-005
68  9.403e-001  5.581e-002  3.852e-003  1.280e-001  8.524e-001  1.956e-002 
68 1-1  1.207e-005
68 1-2 -1.121e-005  1.153e-005
68 1-3 -8.539e-007 -3.184e-007  1.172e-006
68 2-1 -7.858e-006  7.399e-006  4.596e-007  6.631e-005
68 2-2  7.115e-006 -8.080e-006  9.645e-007 -6.377e-005  7.581e-005
68 2-3  7.430e-007  6.811e-007 -1.424e-006 -2.548e-006 -1.205e-005  1.459e-005
69  9.376e-001  5.817e-002  4.262e-003  1.261e-001  8.526e-001  2.128e-002 
69 1-1  1.266e-005
69 1-2 -1.174e-005  1.209e-005
69 1-3 -9.167e-007 -3.514e-007  1.268e-006
69 2-1 -7.944e-006  7.476e-006  4.681e-007  6.270e-005
69 2-2  7.142e-006 -8.156e-006  1.015e-006 -6.014e-005  7.286e-005
69 2-3  8.021e-007  6.807e-007 -1.483e-006 -2.561e-006 -1.272e-005  1.528e-005
70  9.347e-001  6.062e-002  4.715e-003  1.242e-001  8.527e-001  2.316e-002 
70 1-1  1.351e-005
70 1-2 -1.253e-005  1.294e-005
70 1-3 -9.714e-007 -4.085e-007  1.380e-006
70 2-1 -8.175e-006  7.686e-006  4.885e-007  6.023e-005
70 2-2  7.334e-006 -8.386e-006  1.052e-006 -5.765e-005  7.100e-005
70 2-3  8.412e-007  6.994e-007 -1.541e-006 -2.580e-006 -1.335e-005  1.593e-005
71  9.316e-001  6.316e-002  5.215e-003  1.223e-001  8.526e-001  2.519e-002 
71 1-1  1.467e-005
71 1-2 -1.365e-005  1.415e-005
71 1-3 -1.017e-006 -4.998e-007  1.517e-006
71 2-1 -8.564e-006  8.040e-006  5.246e-007  5.882e-005
71 2-2  7.709e-006 -8.786e-006  1.077e-006 -5.621e-005  7.014e-005
71 2-3  8.551e-007  7.464e-007 -1.602e-006 -2.606e-006 -1.393e-005  1.654e-005
72  9.284e-001  6.580e-002  5.767e-003  1.203e-001  8.523e-001  2.740e-002 
72 1-1  1.620e-005
72 1-2 -1.515e-005  1.579e-005
72 1-3 -1.056e-006 -6.388e-007  1.695e-006
72 2-1 -9.125e-006  8.544e-006  5.813e-007  5.839e-005
72 2-2  8.286e-006 -9.378e-006  1.092e-006 -5.574e-005  7.022e-005
72 2-3  8.388e-007  8.340e-007 -1.673e-006 -2.644e-006 -1.448e-005  1.712e-005
73  9.251e-001  6.853e-002  6.377e-003  1.184e-001  8.518e-001  2.980e-002 
73 1-1  1.819e-005
73 1-2 -1.710e-005  1.794e-005
73 1-3 -1.091e-006 -8.430e-007  1.934e-006
73 2-1 -9.871e-006  9.207e-006  6.643e-007  5.885e-005
73 2-2  9.082e-006 -1.018e-005  1.102e-006 -5.615e-005  7.115e-005
73 2-3  7.887e-007  9.776e-007 -1.766e-006 -2.699e-006 -1.500e-005  1.770e-005
74  9.216e-001  7.136e-002  7.049e-003  1.165e-001  8.511e-001  3.239e-002 
74 1-1  2.071e-005
74 1-2 -1.957e-005  2.071e-005
74 1-3 -1.132e-006 -1.135e-006  2.267e-006
74 2-1 -1.082e-005  1.004e-005  7.811e-007  6.014e-005
74 2-2  1.011e-005 -1.123e-005  1.119e-006 -5.736e-005  7.289e-005
74 2-3  7.029e-007  1.197e-006 -1.900e-006 -2.781e-006 -1.553e-005  1.831e-005
75  9.179e-001  7.430e-002  7.791e-003  1.146e-001  8.502e-001  3.520e-002 
75 1-1  2.385e-005
75 1-2 -2.266e-005  2.420e-005
75 1-3 -1.194e-006 -1.544e-006  2.738e-006
75 2-1 -1.198e-005  1.104e-005  9.403e-007  6.216e-005
75 2-2  1.140e-005 -1.255e-005  1.159e-006 -5.926e-005  7.539e-005
75 2-3  5.829e-007  1.516e-006 -2.099e-006 -2.899e-006 -1.613e-005  1.903e-005
76  9.141e-001  7.734e-002  8.609e-003  1.127e-001  8.491e-001  3.825e-002 
76 1-1  2.774e-005
76 1-2 -2.644e-005  2.855e-005
76 1-3 -1.304e-006 -2.109e-006  3.412e-006
76 2-1 -1.337e-005  1.222e-005  1.153e-006  6.486e-005
76 2-2  1.294e-005 -1.419e-005  1.248e-006 -6.179e-005  7.866e-005
76 2-3  4.355e-007  1.966e-006 -2.401e-006 -3.069e-006 -1.687e-005  1.994e-005
77  9.100e-001  8.049e-002  9.510e-003  1.108e-001  8.477e-001  4.155e-002 
77 1-1  3.251e-005
77 1-2 -3.101e-005  3.389e-005
77 1-3 -1.502e-006 -2.876e-006  4.378e-006
77 2-1 -1.501e-005  1.358e-005  1.432e-006  6.814e-005
77 2-2  1.474e-005 -1.617e-005  1.427e-006 -6.483e-005  8.272e-005
77 2-3  2.748e-007  2.584e-006 -2.859e-006 -3.308e-006 -1.789e-005  2.120e-005
78  9.058e-001  8.374e-002  1.050e-002  1.089e-001  8.460e-001  4.512e-002 
78 1-1  3.832e-005
78 1-2 -3.647e-005  4.038e-005
78 1-3 -1.849e-006 -3.908e-006  5.757e-006
78 2-1 -1.693e-005  1.513e-005  1.794e-006  7.195e-005
78 2-2  1.680e-005 -1.855e-005  1.751e-006 -6.831e-005  8.765e-005
78 2-3  1.256e-007  3.419e-006 -3.544e-006 -3.641e-006 -1.934e-005  2.298e-005
79  9.013e-001  8.711e-002  1.160e-002  1.070e-001  8.441e-001  4.897e-002 
79 1-1  4.535e-005
79 1-2 -4.291e-005  4.819e-005
79 1-3 -2.434e-006 -5.283e-006  7.717e-006
79 2-1 -1.912e-005  1.687e-005  2.257e-006  7.621e-005
79 2-2  1.910e-005 -2.139e-005  2.296e-006 -7.211e-005  9.358e-005
79 2-3  2.747e-008  4.526e-006 -4.554e-006 -4.101e-006 -2.147e-005  2.557e-005
80  8.966e-001  9.058e-002  1.280e-002  1.050e-001  8.418e-001  5.314e-002 
80 1-1  5.382e-005
80 1-2 -5.044e-005  5.754e-005
80 1-3 -3.382e-006 -7.102e-006  1.048e-005
80 2-1 -2.163e-005  1.878e-005  2.847e-006  8.085e-005
80 2-2  2.159e-005 -2.476e-005  3.171e-006 -7.613e-005  1.007e-004
80 2-3  3.967e-008  5.978e-006 -6.017e-006 -4.726e-006 -2.460e-005  2.933e-005
81  8.917e-001  9.417e-002  1.413e-002  1.031e-001  8.393e-001  5.764e-002 
81 1-1  6.401e-005
81 1-2 -5.914e-005  6.863e-005
81 1-3 -4.869e-006 -9.489e-006  1.436e-005
81 2-1 -2.447e-005  2.088e-005  3.591e-006  8.581e-005
81 2-2  2.423e-005 -2.874e-005  4.517e-006 -8.025e-005  1.094e-004
81 2-3  2.477e-007  7.860e-006 -8.108e-006 -5.567e-006 -2.915e-005  3.471e-005
82  8.865e-001  9.787e-002  1.559e-002  1.012e-001  8.363e-001  6.249e-002 
82 1-1  7.624e-005
82 1-2 -6.910e-005  8.171e-005
82 1-3 -7.138e-006 -1.261e-005  1.974e-005
82 2-1 -2.768e-005  2.315e-005  4.524e-006  9.103e-005
82 2-2  2.690e-005 -3.343e-005  6.526e-006 -8.434e-005  1.200e-004
82 2-3  7.710e-007  1.028e-005 -1.105e-005 -6.686e-006 -3.566e-005  4.234e-005
83  8.811e-001  1.017e-001  1.719e-002  9.923e-002  8.330e-001  6.773e-002 
83 1-1  9.091e-005
83 1-2 -8.039e-005  9.705e-005
83 1-3 -1.052e-005 -1.666e-005  2.717e-005
83 2-1 -3.127e-005  2.558e-005  5.686e-006  9.644e-005
83 2-2  2.949e-005 -3.894e-005  9.446e-006 -8.828e-005  1.331e-004
83 2-3  1.773e-006  1.336e-005 -1.513e-005 -8.161e-006 -4.484e-005  5.300e-005
84  8.754e-001  1.056e-001  1.895e-002  9.727e-002  8.294e-001  7.336e-002 
84 1-1  1.085e-004
84 1-2 -9.306e-005  1.150e-004
84 1-3 -1.545e-005 -2.190e-005  3.734e-005
84 2-1 -3.528e-005  2.815e-005  7.129e-006  1.020e-004
84 2-2  3.181e-005 -4.541e-005  1.360e-005 -9.189e-005  1.495e-004
84 2-3  3.472e-006  1.726e-005 -2.073e-005 -1.008e-005 -5.757e-005  6.765e-005
85  8.695e-001  1.096e-001  2.089e-002  9.531e-002  8.253e-001  7.942e-002 
85 1-1  1.296e-004
85 1-2 -1.071e-004  1.358e-004
85 1-3 -2.252e-005 -2.865e-005  5.117e-005
85 2-1 -3.976e-005  3.085e-005  8.910e-006  1.076e-004
85 2-2  3.360e-005 -5.301e-005  1.941e-005 -9.503e-005  1.700e-004
85 2-3  6.155e-006  2.217e-005 -2.832e-005 -1.256e-005 -7.497e-005  8.753e-005
86  8.632e-001  1.138e-001  2.301e-002  9.333e-002  8.207e-001  8.594e-002 
86 1-1  1.550e-004
86 1-2 -1.225e-004  1.598e-004
86 1-3 -3.250e-005 -3.731e-005  6.981e-005
86 2-1 -4.473e-005  3.364e-005  1.110e-005  1.132e-004
86 2-2  3.454e-005 -6.194e-005  2.740e-005 -9.749e-005  1.959e-004
86 2-3  1.020e-005  2.830e-005 -3.850e-005 -1.574e-005 -9.839e-005  1.141e-004
87  8.566e-001  1.180e-001  2.534e-002  9.134e-002  8.157e-001  9.293e-002 
87 1-1  1.856e-004
87 1-2 -1.392e-004  1.876e-004
87 1-3 -4.640e-005 -4.841e-005  9.481e-005
87 2-1 -5.027e-005  3.648e-005  1.378e-005  1.188e-004
87 2-2  3.420e-005 -7.243e-005  3.823e-005 -9.908e-005  2.286e-004
87 2-3  1.607e-005  3.594e-005 -5.201e-005 -1.976e-005 -1.295e-004  1.493e-004
88  8.497e-001  1.224e-001  2.789e-002  8.933e-002  8.102e-001  1.004e-001 
88 1-1  2.224e-004
88 1-2 -1.569e-004  2.195e-004
88 1-3 -6.550e-005 -6.258e-005  1.281e-004
88 2-1 -5.640e-005  3.935e-005  1.705e-005  1.244e-004
88 2-2  3.203e-005 -8.476e-005  5.273e-005 -9.955e-005  2.698e-004
88 2-3  2.437e-005  4.541e-005 -6.978e-005 -2.482e-005 -1.703e-004  1.951e-004
89  8.425e-001  1.268e-001  3.069e-002  8.731e-002  8.042e-001  1.085e-001 
89 1-1  2.669e-004
89 1-2 -1.754e-004  2.560e-004
89 1-3 -9.148e-005 -8.062e-005  1.721e-004
89 2-1 -6.321e-005  4.219e-005  2.102e-005  1.298e-004
89 2-2  2.736e-005 -9.928e-005  7.193e-005 -9.867e-005  3.217e-004
89 2-3  3.586e-005  5.709e-005 -9.295e-005 -3.111e-005 -2.231e-004  2.542e-004
90  8.349e-001  1.314e-001  3.375e-002  8.527e-002  7.977e-001  1.170e-001 
90 1-1  3.207e-004
90 1-2 -1.942e-004  2.978e-004
90 1-3 -1.264e-004 -1.036e-004  2.300e-004
90 2-1 -7.076e-005  4.494e-005  2.582e-005  1.350e-004
90 2-2  1.933e-005 -1.164e-004  9.706e-005 -9.615e-005  3.868e-004
90 2-3  5.143e-005  7.145e-005 -1.229e-004 -3.888e-005 -2.907e-004  3.296e-004