
#****** ******
# EEFgali.txt
#IMaCh version 0.99r45, April 2023,INED-EUROREVES-Institut de longevite-Japan Society for the Promotion of Science (Grant-in-Aid for Scientific Research 25293121), Intel Software 2015-2020, Nihon University 2021-202, INED 2000-2022
#$Revision: 1.353 $ $Date: 2023/05/08 18:48:22 $
# Tue Feb 04 20:24:32 2025
# Health expectancies with standard errors
# Age e11 (SE) e12 (SE) e1.  e21 (SE) e22 (SE) e2. 
 50   23.6249 (0.6699)    8.1850 (0.4534)   31.8099 (0.7911)   20.8206 (0.8288)   10.3370 (0.5609)   31.1576 (0.9260)
 51   22.8160 (0.6553)    8.0691 (0.4448)   30.8851 (0.7787)   19.9820 (0.8087)   10.2143 (0.5472)   30.1963 (0.9183)
 52   22.0178 (0.6409)    7.9491 (0.4365)   29.9669 (0.7660)   19.1552 (0.7886)   10.0855 (0.5342)   29.2407 (0.9099)
 53   21.2309 (0.6266)    7.8249 (0.4286)   29.0558 (0.7532)   18.3410 (0.7683)    9.9504 (0.5218)   28.2914 (0.9007)
 54   20.4558 (0.6126)    7.6965 (0.4210)   28.1523 (0.7401)   17.5398 (0.7481)    9.8091 (0.5101)   27.3489 (0.8906)
 55   19.6929 (0.5988)    7.5641 (0.4138)   27.2569 (0.7271)   16.7525 (0.7279)    9.6614 (0.4990)   26.4140 (0.8797)
 56   18.9427 (0.5854)    7.4275 (0.4070)   26.3702 (0.7140)   15.9797 (0.7078)    9.5075 (0.4885)   25.4872 (0.8678)
 57   18.2058 (0.5724)    7.2871 (0.4005)   25.4928 (0.7010)   15.2221 (0.6878)    9.3474 (0.4785)   24.5695 (0.8550)
 58   17.4826 (0.5598)    7.1427 (0.3944)   24.6253 (0.6881)   14.4802 (0.6679)    9.1812 (0.4690)   23.6614 (0.8412)
 59   16.7736 (0.5476)    6.9945 (0.3887)   23.7682 (0.6755)   13.7549 (0.6483)    9.0089 (0.4598)   22.7639 (0.8265)
 60   16.0794 (0.5360)    6.8428 (0.3833)   22.9221 (0.6633)   13.0468 (0.6289)    8.8309 (0.4510)   21.8776 (0.8109)
 61   15.4003 (0.5249)    6.6876 (0.3783)   22.0878 (0.6515)   12.3564 (0.6098)    8.6471 (0.4423)   21.0035 (0.7945)
 62   14.7368 (0.5144)    6.5291 (0.3736)   21.2658 (0.6402)   11.6844 (0.5910)    8.4580 (0.4339)   20.1424 (0.7772)
 63   14.0893 (0.5044)    6.3675 (0.3693)   20.4568 (0.6296)   11.0314 (0.5725)    8.2637 (0.4255)   19.2952 (0.7592)
 64   13.4583 (0.4951)    6.2031 (0.3653)   19.6614 (0.6197)   10.3979 (0.5545)    8.0647 (0.4171)   18.4626 (0.7407)
 65   12.8441 (0.4864)    6.0362 (0.3616)   18.8802 (0.6107)    9.7845 (0.5369)    7.8611 (0.4088)   17.6456 (0.7217)
 66   12.2470 (0.4782)    5.8669 (0.3583)   18.1139 (0.6025)    9.1915 (0.5197)    7.6534 (0.4004)   16.8449 (0.7025)
 67   11.6674 (0.4707)    5.6957 (0.3553)   17.3631 (0.5953)    8.6194 (0.5030)    7.4421 (0.3921)   16.0615 (0.6832)
 68   11.1055 (0.4637)    5.5228 (0.3526)   16.6283 (0.5892)    8.0686 (0.4868)    7.2275 (0.3838)   15.2961 (0.6640)
 69   10.5615 (0.4572)    5.3486 (0.3503)   15.9101 (0.5840)    7.5392 (0.4710)    7.0102 (0.3755)   14.5495 (0.6451)
 70   10.0356 (0.4511)    5.1734 (0.3483)   15.2090 (0.5798)    7.0316 (0.4557)    6.7907 (0.3675)   13.8224 (0.6268)
 71    9.5280 (0.4455)    4.9976 (0.3466)   14.5256 (0.5767)    6.5459 (0.4409)    6.5695 (0.3597)   13.1154 (0.6093)
 72    9.0387 (0.4403)    4.8216 (0.3452)   13.8603 (0.5745)    6.0822 (0.4265)    6.3471 (0.3523)   12.4293 (0.5928)
 73    8.5678 (0.4354)    4.6457 (0.3440)   13.2135 (0.5731)    5.6405 (0.4125)    6.1241 (0.3455)   11.7646 (0.5774)
 74    8.1152 (0.4309)    4.4704 (0.3432)   12.5856 (0.5725)    5.2206 (0.3988)    5.9011 (0.3392)   11.1217 (0.5634)
 75    7.6809 (0.4265)    4.2960 (0.3425)   11.9769 (0.5727)    4.8225 (0.3856)    5.6786 (0.3338)   10.5011 (0.5508)
 76    7.2647 (0.4223)    4.1230 (0.3421)   11.3877 (0.5734)    4.4459 (0.3726)    5.4573 (0.3292)    9.9032 (0.5397)
 77    6.8665 (0.4184)    3.9516 (0.3417)   10.8181 (0.5745)    4.0906 (0.3598)    5.2376 (0.3255)    9.3282 (0.5302)
 78    6.4861 (0.4145)    3.7824 (0.3415)   10.2685 (0.5760)    3.7561 (0.3473)    5.0202 (0.3229)    8.7763 (0.5221)
 79    6.1232 (0.4108)    3.6155 (0.3414)    9.7387 (0.5777)    3.4421 (0.3349)    4.8055 (0.3212)    8.2475 (0.5154)
 80    5.7774 (0.4071)    3.4515 (0.3412)    9.2289 (0.5795)    3.1479 (0.3227)    4.5940 (0.3206)    7.7420 (0.5099)
 81    5.4484 (0.4036)    3.2907 (0.3410)    8.7391 (0.5814)    2.8731 (0.3106)    4.3864 (0.3208)    7.2595 (0.5054)
 82    5.1358 (0.4001)    3.1332 (0.3406)    8.2691 (0.5831)    2.6171 (0.2985)    4.1829 (0.3218)    6.8000 (0.5017)
 83    4.8392 (0.3967)    2.9795 (0.3402)    7.8187 (0.5847)    2.3792 (0.2865)    3.9841 (0.3234)    6.3632 (0.4985)
 84    4.5581 (0.3934)    2.8298 (0.3395)    7.3879 (0.5862)    2.1586 (0.2745)    3.7902 (0.3255)    5.9488 (0.4957)
 85    4.2921 (0.3902)    2.6843 (0.3386)    6.9763 (0.5874)    1.9546 (0.2625)    3.6018 (0.3279)    5.5564 (0.4930)
 86    4.0405 (0.3871)    2.5432 (0.3374)    6.5836 (0.5883)    1.7665 (0.2506)    3.4189 (0.3304)    5.1854 (0.4902)
 87    3.8028 (0.3841)    2.4067 (0.3359)    6.2095 (0.5890)    1.5935 (0.2388)    3.2420 (0.3329)    4.8355 (0.4870)
 88    3.5785 (0.3812)    2.2750 (0.3341)    5.8536 (0.5893)    1.4347 (0.2270)    3.0712 (0.3351)    4.5059 (0.4835)
 89    3.3671 (0.3785)    2.1482 (0.3320)    5.5153 (0.5894)    1.2894 (0.2154)    2.9067 (0.3369)    4.1961 (0.4793)
 90    3.1679 (0.3758)    2.0263 (0.3296)    5.1942 (0.5893)    1.1567 (0.2039)    2.7487 (0.3383)    3.9054 (0.4745)
