
# model  
#****** Result for:******
# EEFgali.txt
#IMaCh version 0.99r45, April 2023,INED-EUROREVES-Institut de longevite-Japan Society for the Promotion of Science (Grant-in-Aid for Scientific Research 25293121), Intel Software 2015-2020, Nihon University 2021-202, INED 2000-2022
#$Revision: 1.353 $ $Date: 2023/05/08 18:48:22 $
# Tue Feb 04 20:24:32 2025
# Total life expectancy with std error and decomposition into time to be expected in each health state
#  (weighted average of eij where weights are the age specific forward period (stable) prevalences in each health state 
# Age popbased mobilav e.. (std) e.1 (std) e.2 (std) 
   50 0 0  31.734 (  0.801)  23.292 (  0.700)   8.442 (  0.480)
   51 0 0  30.801 (  0.790)  22.463 (  0.686)   8.338 (  0.471)
   52 0 0  29.874 (  0.778)  21.644 (  0.671)   8.230 (  0.462)
   53 0 0  28.953 (  0.766)  20.835 (  0.656)   8.118 (  0.453)
   54 0 0  28.039 (  0.754)  20.037 (  0.642)   8.001 (  0.445)
   55 0 0  27.132 (  0.741)  19.251 (  0.627)   7.881 (  0.437)
   56 0 0  26.233 (  0.729)  18.477 (  0.613)   7.756 (  0.429)
   57 0 0  25.343 (  0.717)  17.715 (  0.599)   7.628 (  0.422)
   58 0 0  24.461 (  0.704)  16.966 (  0.586)   7.495 (  0.415)
   59 0 0  23.590 (  0.692)  16.231 (  0.573)   7.358 (  0.408)
   60 0 0  22.728 (  0.680)  15.510 (  0.560)   7.218 (  0.402)
   61 0 0  21.877 (  0.668)  14.804 (  0.548)   7.073 (  0.396)
   62 0 0  21.038 (  0.656)  14.113 (  0.536)   6.925 (  0.391)
   63 0 0  20.211 (  0.645)  13.438 (  0.525)   6.774 (  0.385)
   64 0 0  19.397 (  0.634)  12.779 (  0.514)   6.618 (  0.381)
   65 0 0  18.596 (  0.624)  12.136 (  0.505)   6.460 (  0.376)
   66 0 0  17.810 (  0.614)  11.512 (  0.495)   6.299 (  0.372)
   67 0 0  17.039 (  0.605)  10.905 (  0.486)   6.134 (  0.368)
   68 0 0  16.283 (  0.596)  10.316 (  0.478)   5.968 (  0.364)
   69 0 0  15.544 (  0.588)   9.745 (  0.471)   5.799 (  0.361)
   70 0 0  14.822 (  0.581)   9.194 (  0.463)   5.628 (  0.358)
   71 0 0  14.118 (  0.575)   8.662 (  0.456)   5.456 (  0.355)
   72 0 0  13.431 (  0.569)   8.149 (  0.450)   5.282 (  0.352)
   73 0 0  12.764 (  0.564)   7.656 (  0.443)   5.108 (  0.349)
   74 0 0  12.116 (  0.559)   7.183 (  0.437)   4.932 (  0.347)
   75 0 0  11.488 (  0.556)   6.730 (  0.431)   4.758 (  0.345)
   76 0 0  10.879 (  0.552)   6.296 (  0.425)   4.583 (  0.343)
   77 0 0  10.291 (  0.549)   5.883 (  0.419)   4.409 (  0.341)
   78 0 0   9.725 (  0.546)   5.489 (  0.412)   4.236 (  0.340)
   79 0 0   9.179 (  0.543)   5.115 (  0.406)   4.064 (  0.339)
   80 0 0   8.655 (  0.540)   4.760 (  0.399)   3.895 (  0.337)
   81 0 0   8.152 (  0.536)   4.424 (  0.392)   3.728 (  0.336)
   82 0 0   7.670 (  0.533)   4.107 (  0.385)   3.563 (  0.335)
   83 0 0   7.210 (  0.529)   3.808 (  0.377)   3.402 (  0.334)
   84 0 0   6.771 (  0.524)   3.527 (  0.369)   3.244 (  0.333)
   85 0 0   6.352 (  0.519)   3.263 (  0.361)   3.089 (  0.332)
   86 0 0   5.955 (  0.514)   3.016 (  0.353)   2.939 (  0.331)
   87 0 0   5.577 (  0.507)   2.785 (  0.345)   2.793 (  0.330)
   88 0 0   5.220 (  0.500)   2.570 (  0.336)   2.651 (  0.329)
   89 0 0   4.882 (  0.492)   2.369 (  0.328)   2.514 (  0.327)
   90 0 0   4.564 (  0.484)   2.182 (  0.320)   2.381 (  0.325)
