
#****** ******
# EEFgali.txt
#IMaCh version 0.99r45, April 2023,INED-EUROREVES-Institut de longevite-Japan Society for the Promotion of Science (Grant-in-Aid for Scientific Research 25293121), Intel Software 2015-2020, Nihon University 2021-202, INED 2000-2022
#$Revision: 1.353 $ $Date: 2023/05/08 18:48:22 $
# Tue Feb 04 20:24:32 2025
# Variance and covariance of health expectancies e.j 
#  (weighted average of eij where weights are the age specific period (stable) prevalences in each health state 
# Age Cov(e.1, e.1) Cov(e.1, e.2) Cov(e.2, e.1) Cov(e.2, e.2)
50  0.4906 -0.0394 -0.0394 0.2306
51  0.4702 -0.0340 -0.0340 0.2217
52  0.4502 -0.0290 -0.0290 0.2132
53  0.4306 -0.0246 -0.0246 0.2052
54  0.4117 -0.0206 -0.0206 0.1977
55  0.3935 -0.0171 -0.0171 0.1906
56  0.3759 -0.0142 -0.0142 0.1839
57  0.3591 -0.0116 -0.0116 0.1777
58  0.3430 -0.0095 -0.0095 0.1719
59  0.3278 -0.0078 -0.0078 0.1665
60  0.3135 -0.0065 -0.0065 0.1615
61  0.3000 -0.0055 -0.0055 0.1568
62  0.2873 -0.0047 -0.0047 0.1525
63  0.2756 -0.0042 -0.0042 0.1486
64  0.2646 -0.0038 -0.0038 0.1449
65  0.2545 -0.0036 -0.0036 0.1415
66  0.2452 -0.0034 -0.0034 0.1384
67  0.2366 -0.0033 -0.0033 0.1354
68  0.2287 -0.0031 -0.0031 0.1328
69  0.2214 -0.0028 -0.0028 0.1303
70  0.2146 -0.0024 -0.0024 0.1280
71  0.2083 -0.0019 -0.0019 0.1259
72  0.2023 -0.0012 -0.0012 0.1239
73  0.1966 -0.0003 -0.0003 0.1221
74  0.1912 0.0007 0.0007 0.1205
75  0.1859 0.0018 0.0018 0.1191
76  0.1806 0.0032 0.0032 0.1177
77  0.1754 0.0046 0.0046 0.1166
78  0.1701 0.0060 0.0060 0.1155
79  0.1648 0.0075 0.0075 0.1146
80  0.1593 0.0090 0.0090 0.1138
81  0.1537 0.0104 0.0104 0.1131
82  0.1480 0.0117 0.0117 0.1124
83  0.1423 0.0128 0.0128 0.1118
84  0.1364 0.0137 0.0137 0.1112
85  0.1305 0.0143 0.0143 0.1105
86  0.1247 0.0147 0.0147 0.1098
87  0.1189 0.0147 0.0147 0.1089
88  0.1132 0.0144 0.0144 0.1080
89  0.1077 0.0139 0.0139 0.1068
90  0.1024 0.0130 0.0130 0.1055
