# ATMchr.txt
#IMaCh version 0.99r45, April 2023,INED-EUROREVES-Institut de longevite-Japan Society for the Promotion of Science (Grant-in-Aid for Scientific Research 25293121), Intel Software 2015-2020, Nihon University 2021-202, INED 2000-2022
#$Revision: 1.353 $ $Date: 2023/05/08 18:48:22 $
# Tue Feb 04 22:21:36 2025
# probabilities of dying before estepm=24 months for people of exact age and weighted probabilities w1*p1j+w2*p2j+... stand dev in()
# Selected quantitative variables and dummies
# Age cov=1 p.3 SE w1 p13 w2 p23
 50 1   3.001e-003  1.507e-003  5.535e-001  1.117e-003   4.468e-001  5.333e-003 
 51 1   3.484e-003  1.646e-003  5.347e-001  1.265e-003   4.656e-001  6.029e-003 
 52 1   4.040e-003  1.798e-003  5.157e-001  1.432e-003   4.846e-001  6.814e-003 
 53 1   4.681e-003  1.963e-003  4.967e-001  1.619e-003   5.035e-001  7.698e-003 
 54 1   5.416e-003  2.142e-003  4.778e-001  1.830e-003   5.224e-001  8.693e-003 
 55 1   6.260e-003  2.336e-003  4.588e-001  2.067e-003   5.413e-001  9.813e-003 
 56 1   7.228e-003  2.546e-003  4.401e-001  2.333e-003   5.601e-001  1.107e-002 
 57 1   8.336e-003  2.773e-003  4.215e-001  2.631e-003   5.786e-001  1.249e-002 
 58 1   9.601e-003  3.017e-003  4.032e-001  2.966e-003   5.970e-001  1.408e-002 
 59 1   1.104e-002  3.278e-003  3.852e-001  3.340e-003   6.150e-001  1.587e-002 
 60 1   1.269e-002  3.558e-003  3.676e-001  3.758e-003   6.326e-001  1.787e-002 
 61 1   1.456e-002  3.855e-003  3.503e-001  4.226e-003   6.498e-001  2.012e-002 
 62 1   1.668e-002  4.171e-003  3.336e-001  4.748e-003   6.666e-001  2.265e-002 
 63 1   1.908e-002  4.504e-003  3.173e-001  5.330e-003   6.828e-001  2.547e-002 
 64 1   2.180e-002  4.855e-003  3.016e-001  5.978e-003   6.986e-001  2.863e-002 
 65 1   2.488e-002  5.223e-003  2.864e-001  6.700e-003   7.137e-001  3.217e-002 
 66 1   2.834e-002  5.610e-003  2.718e-001  7.502e-003   7.283e-001  3.611e-002 
 67 1   3.224e-002  6.016e-003  2.578e-001  8.392e-003   7.423e-001  4.052e-002 
 68 1   3.662e-002  6.445e-003  2.443e-001  9.380e-003   7.557e-001  4.542e-002 
 69 1   4.153e-002  6.902e-003  2.316e-001  1.047e-002   7.686e-001  5.088e-002 
 70 1   4.703e-002  7.394e-003  2.194e-001  1.169e-002   7.808e-001  5.695e-002 
 71 1   5.317e-002  7.935e-003  2.078e-001  1.303e-002   7.923e-001  6.369e-002 
 72 1   6.001e-002  8.540e-003  1.968e-001  1.450e-002   8.033e-001  7.115e-002 
 73 1   6.762e-002  9.233e-003  1.864e-001  1.614e-002   8.137e-001  7.940e-002 
 74 1   7.605e-002  1.004e-002  1.765e-001  1.794e-002   8.236e-001  8.850e-002 
 75 1   8.539e-002  1.100e-002  1.672e-001  1.991e-002   8.329e-001  9.852e-002 
 76 1   9.569e-002  1.215e-002  1.584e-001  2.209e-002   8.416e-001  1.095e-001 
 77 1   1.070e-001  1.352e-002  1.502e-001  2.448e-002   8.499e-001  1.216e-001 
 78 1   1.194e-001  1.515e-002  1.424e-001  2.710e-002   8.577e-001  1.348e-001 
 79 1   1.330e-001  1.709e-002  1.351e-001  2.997e-002   8.650e-001  1.491e-001 
 80 1   1.478e-001  1.934e-002  1.282e-001  3.310e-002   8.719e-001  1.646e-001 
 81 1   1.638e-001  2.194e-002  1.217e-001  3.653e-002   8.784e-001  1.814e-001 
 82 1   1.811e-001  2.489e-002  1.156e-001  4.027e-002   8.844e-001  1.995e-001 
 83 1   1.998e-001  2.819e-002  1.099e-001  4.435e-002   8.901e-001  2.189e-001 
 84 1   2.197e-001  3.183e-002  1.045e-001  4.878e-002   8.955e-001  2.397e-001 
 85 1   2.409e-001  3.577e-002  9.951e-002  5.360e-002   9.005e-001  2.616e-001 
 86 1   2.635e-001  3.998e-002  9.477e-002  5.883e-002   9.053e-001  2.849e-001 
 87 1   2.872e-001  4.441e-002  9.033e-002  6.449e-002   9.097e-001  3.093e-001 
 88 1   3.120e-001  4.898e-002  8.617e-002  7.061e-002   9.139e-001  3.348e-001 
 89 1   3.379e-001  5.363e-002  8.224e-002  7.723e-002   9.178e-001  3.612e-001 
 90 1   3.647e-001  5.826e-002  7.855e-002  8.436e-002   9.215e-001  3.886e-001 
