# ATMchr.txt
#IMaCh version 0.99r45, April 2023,INED-EUROREVES-Institut de longevite-Japan Society for the Promotion of Science (Grant-in-Aid for Scientific Research 25293121), Intel Software 2015-2020, Nihon University 2021-202, INED 2000-2022
#$Revision: 1.353 $ $Date: 2023/05/08 18:48:22 $
# Tue Feb 04 22:21:36 2025
#One-step probabilities and correlation matrix
# Age p1-1  p1-2  p1-3  p2-1  p2-2  p2-3 
50  7.545e-001  2.443e-001  1.117e-003  2.162e-001  7.785e-001  5.333e-003 
50 1-1  1.000e+000
50 1-2 -9.991e-001  1.000e+000
50 1-3 -7.649e-002  3.527e-002  1.000e+000
50 2-1 -3.488e-002  3.428e-002  1.643e-002  1.000e+000
50 2-2  3.475e-002 -3.423e-002 -1.450e-002 -9.979e-001  1.000e+000
50 2-3  3.392e-003 -2.131e-003 -3.067e-002 -7.166e-002  7.348e-003  1.000e+000
51  7.438e-001  2.549e-001  1.265e-003  2.091e-001  7.849e-001  6.029e-003 
51 1-1  1.000e+000
51 1-2 -9.989e-001  1.000e+000
51 1-3 -7.586e-002  2.959e-002  1.000e+000
51 2-1 -3.495e-002  3.428e-002  1.630e-002  1.000e+000
51 2-2  3.478e-002 -3.422e-002 -1.399e-002 -9.971e-001  1.000e+000
51 2-3  3.315e-003 -1.892e-003 -3.081e-002 -6.805e-002 -7.901e-003  1.000e+000
52  7.328e-001  2.658e-001  1.432e-003  2.022e-001  7.910e-001  6.814e-003 
52 1-1  1.000e+000
52 1-2 -9.986e-001  1.000e+000
52 1-3 -7.550e-002  2.350e-002  1.000e+000
52 2-1 -3.506e-002  3.430e-002  1.616e-002  1.000e+000
52 2-2  3.483e-002 -3.422e-002 -1.341e-002 -9.960e-001  1.000e+000
52 2-3  3.258e-003 -1.650e-003 -3.097e-002 -6.484e-002 -2.492e-002  1.000e+000
53  7.215e-001  2.769e-001  1.619e-003  1.954e-001  7.969e-001  7.698e-003 
53 1-1  1.000e+000
53 1-2 -9.983e-001  1.000e+000
53 1-3 -7.547e-002  1.695e-002  1.000e+000
53 2-1 -3.520e-002  3.435e-002  1.604e-002  1.000e+000
53 2-2  3.489e-002 -3.424e-002 -1.275e-002 -9.944e-001  1.000e+000
53 2-3  3.224e-003 -1.404e-003 -3.114e-002 -6.208e-002 -4.404e-002  1.000e+000
54  7.098e-001  2.883e-001  1.830e-003  1.887e-001  8.026e-001  8.693e-003 
54 1-1  1.000e+000
54 1-2 -9.978e-001  1.000e+000
54 1-3 -7.582e-002  9.906e-003  1.000e+000
54 2-1 -3.540e-002  3.445e-002  1.594e-002  1.000e+000
54 2-2  3.498e-002 -3.429e-002 -1.200e-002 -9.921e-001  1.000e+000
54 2-3  3.215e-003 -1.153e-003 -3.133e-002 -5.982e-002 -6.563e-002  1.000e+000
55  6.979e-001  3.000e-001  2.067e-003  1.823e-001  8.079e-001  9.813e-003 
55 1-1  1.000e+000
55 1-2 -9.972e-001  1.000e+000
55 1-3 -7.661e-002  2.353e-003  1.000e+000
55 2-1 -3.566e-002  3.459e-002  1.585e-002  1.000e+000
55 2-2  3.510e-002 -3.437e-002 -1.114e-002 -9.890e-001  1.000e+000
55 2-3  3.234e-003 -8.951e-004 -3.153e-002 -5.810e-002 -9.007e-002  1.000e+000
56  6.857e-001  3.120e-001  2.333e-003  1.759e-001  8.130e-001  1.107e-002 
56 1-1  1.000e+000
56 1-2 -9.965e-001  1.000e+000
56 1-3 -7.791e-002 -5.709e-003  1.000e+000
56 2-1 -3.601e-002  3.480e-002  1.578e-002  1.000e+000
56 2-2  3.525e-002 -3.450e-002 -1.016e-002 -9.847e-001  1.000e+000
56 2-3  3.283e-003 -6.311e-004 -3.175e-002 -5.701e-002 -1.177e-001  1.000e+000
57  6.732e-001  3.241e-001  2.631e-003  1.698e-001  8.177e-001  1.249e-002 
57 1-1  1.000e+000
57 1-2 -9.956e-001  1.000e+000
57 1-3 -7.978e-002 -1.423e-002  1.000e+000
57 2-1 -3.647e-002  3.510e-002  1.574e-002  1.000e+000
57 2-2  3.543e-002 -3.469e-002 -9.038e-003 -9.789e-001  1.000e+000
57 2-3  3.365e-003 -3.611e-004 -3.198e-002 -5.658e-002 -1.488e-001  1.000e+000
58  6.605e-001  3.366e-001  2.966e-003  1.637e-001  8.222e-001  1.408e-002 
58 1-1  1.000e+000
58 1-2 -9.944e-001  1.000e+000
58 1-3 -8.223e-002 -2.311e-002  1.000e+000
58 2-1 -3.704e-002  3.550e-002  1.573e-002  1.000e+000
58 2-2  3.564e-002 -3.493e-002 -7.773e-003 -9.710e-001  1.000e+000
58 2-3  3.478e-003 -8.705e-005 -3.221e-002 -5.688e-002 -1.834e-001  1.000e+000
59  6.475e-001  3.492e-001  3.340e-003  1.578e-001  8.263e-001  1.587e-002 
59 1-1  1.000e+000
59 1-2 -9.931e-001  1.000e+000
59 1-3 -8.526e-002 -3.213e-002  1.000e+000
59 2-1 -3.775e-002  3.601e-002  1.575e-002  1.000e+000
59 2-2  3.587e-002 -3.523e-002 -6.369e-003 -9.607e-001  1.000e+000
59 2-3  3.621e-003  1.867e-004 -3.246e-002 -5.792e-002 -2.213e-001  1.000e+000
60  6.343e-001  3.620e-001  3.758e-003  1.521e-001  8.300e-001  1.787e-002 
60 1-1  1.000e+000
60 1-2 -9.916e-001  1.000e+000
60 1-3 -8.879e-002 -4.096e-002  1.000e+000
60 2-1 -3.858e-002  3.665e-002  1.582e-002  1.000e+000
60 2-2  3.609e-002 -3.558e-002 -4.849e-003 -9.478e-001  1.000e+000
60 2-3  3.787e-003  4.531e-004 -3.270e-002 -5.969e-002 -2.618e-001  1.000e+000
61  6.208e-001  3.750e-001  4.226e-003  1.465e-001  8.334e-001  2.012e-002 
61 1-1  1.000e+000
61 1-2 -9.899e-001  1.000e+000
61 1-3 -9.270e-002 -4.915e-002  1.000e+000
61 2-1 -3.952e-002  3.738e-002  1.594e-002  1.000e+000
61 2-2  3.629e-002 -3.594e-002 -3.263e-003 -9.321e-001  1.000e+000
61 2-3  3.968e-003  7.018e-004 -3.294e-002 -6.213e-002 -3.036e-001  1.000e+000
62  6.072e-001  3.881e-001  4.748e-003  1.410e-001  8.363e-001  2.265e-002 
62 1-1  1.000e+000
62 1-2 -9.883e-001  1.000e+000
62 1-3 -9.679e-002 -5.620e-002  1.000e+000
62 2-1 -4.051e-002  3.817e-002  1.611e-002  1.000e+000
62 2-2  3.642e-002 -3.627e-002 -1.684e-003 -9.142e-001  1.000e+000
62 2-3  4.149e-003  9.201e-004 -3.316e-002 -6.508e-002 -3.450e-001  1.000e+000
63  5.933e-001  4.014e-001  5.330e-003  1.357e-001  8.388e-001  2.547e-002 
63 1-1  1.000e+000
63 1-2 -9.868e-001  1.000e+000
63 1-3 -1.008e-001 -6.163e-002  1.000e+000
63 2-1 -4.147e-002  3.894e-002  1.635e-002  1.000e+000
63 2-2  3.644e-002 -3.652e-002 -2.080e-004 -8.948e-001  1.000e+000
63 2-3  4.318e-003  1.096e-003 -3.334e-002 -6.837e-002 -3.843e-001  1.000e+000
64  5.793e-001  4.147e-001  5.978e-003  1.305e-001  8.409e-001  2.863e-002 
64 1-1  1.000e+000
64 1-2 -9.856e-001  1.000e+000
64 1-3 -1.047e-001 -6.514e-002  1.000e+000
64 2-1 -4.231e-002  3.962e-002  1.667e-002  1.000e+000
64 2-2  3.634e-002 -3.664e-002  1.064e-003 -8.752e-001  1.000e+000
64 2-3  4.462e-003  1.219e-003 -3.346e-002 -7.176e-002 -4.197e-001  1.000e+000
65  5.651e-001  4.282e-001  6.700e-003  1.254e-001  8.424e-001  3.217e-002 
65 1-1  1.000e+000
65 1-2 -9.847e-001  1.000e+000
65 1-3 -1.084e-001 -6.675e-002  1.000e+000
65 2-1 -4.298e-002  4.014e-002  1.709e-002  1.000e+000
65 2-2  3.611e-002 -3.660e-002  2.045e-003 -8.565e-001  1.000e+000
65 2-3  4.576e-003  1.288e-003 -3.351e-002 -7.505e-002 -4.505e-001  1.000e+000
66  5.508e-001  4.417e-001  7.502e-003  1.204e-001  8.434e-001  3.611e-002 
66 1-1  1.000e+000
66 1-2 -9.841e-001  1.000e+000
66 1-3 -1.118e-001 -6.672e-002  1.000e+000
66 2-1 -4.344e-002  4.046e-002  1.763e-002  1.000e+000
66 2-2  3.578e-002 -3.640e-002  2.675e-003 -8.394e-001  1.000e+000
66 2-3  4.661e-003  1.303e-003 -3.343e-002 -7.811e-002 -4.762e-001  1.000e+000
67  5.364e-001  4.552e-001  8.392e-003  1.156e-001  8.439e-001  4.052e-002 
67 1-1  1.000e+000
67 1-2 -9.837e-001  1.000e+000
67 1-3 -1.151e-001 -6.560e-002  1.000e+000
67 2-1 -4.370e-002  4.058e-002  1.829e-002  1.000e+000
67 2-2  3.535e-002 -3.604e-002  2.927e-003 -8.244e-001  1.000e+000
67 2-3  4.720e-003  1.274e-003 -3.319e-002 -8.085e-002 -4.975e-001  1.000e+000
68  5.219e-001  4.687e-001  9.380e-003  1.109e-001  8.437e-001  4.542e-002 
68 1-1  1.000e+000
68 1-2 -9.833e-001  1.000e+000
68 1-3 -1.184e-001 -6.405e-002  1.000e+000
68 2-1 -4.380e-002  4.052e-002  1.908e-002  1.000e+000
68 2-2  3.487e-002 -3.556e-002  2.809e-003 -8.111e-001  1.000e+000
68 2-3  4.760e-003  1.210e-003 -3.274e-002 -8.328e-002 -5.153e-001  1.000e+000
69  5.073e-001  4.822e-001  1.047e-002  1.062e-001  8.429e-001  5.088e-002 
69 1-1  1.000e+000
69 1-2 -9.829e-001  1.000e+000
69 1-3 -1.218e-001 -6.280e-002  1.000e+000
69 2-1 -4.377e-002  4.031e-002  1.996e-002  1.000e+000
69 2-2  3.434e-002 -3.497e-002  2.357e-003 -7.990e-001  1.000e+000
69 2-3  4.786e-003  1.124e-003 -3.205e-002 -8.545e-002 -5.308e-001  1.000e+000
70  4.927e-001  4.956e-001  1.169e-002  1.017e-001  8.413e-001  5.695e-002 
70 1-1  1.000e+000
70 1-2 -9.824e-001  1.000e+000
70 1-3 -1.252e-001 -6.257e-002  1.000e+000
70 2-1 -4.366e-002  3.998e-002  2.091e-002  1.000e+000
70 2-2  3.377e-002 -3.428e-002  1.633e-003 -7.873e-001  1.000e+000
70 2-3  4.801e-003  1.027e-003 -3.107e-002 -8.740e-002 -5.454e-001  1.000e+000
71  4.781e-001  5.089e-001  1.303e-002  9.732e-002  8.390e-001  6.369e-002 
71 1-1  1.000e+000
71 1-2 -9.814e-001  1.000e+000
71 1-3 -1.286e-001 -6.405e-002  1.000e+000
71 2-1 -4.352e-002  3.956e-002  2.186e-002  1.000e+000
71 2-2  3.314e-002 -3.349e-002  7.233e-004 -7.750e-001  1.000e+000
71 2-3  4.804e-003  9.298e-004 -2.979e-002 -8.922e-002 -5.603e-001  1.000e+000
72  4.634e-001  5.221e-001  1.450e-002  9.300e-002  8.358e-001  7.115e-002 
72 1-1  1.000e+000
72 1-2 -9.800e-001  1.000e+000
72 1-3 -1.320e-001 -6.786e-002  1.000e+000
72 2-1 -4.335e-002  3.907e-002  2.276e-002  1.000e+000
72 2-2  3.244e-002 -3.260e-002 -2.696e-004 -7.611e-001  1.000e+000
72 2-3  4.793e-003  8.454e-004 -2.824e-002 -9.097e-002 -5.767e-001  1.000e+000
73  4.488e-001  5.351e-001  1.614e-002  8.879e-002  8.318e-001  7.940e-002 
73 1-1  1.000e+000
73 1-2 -9.779e-001  1.000e+000
73 1-3 -1.354e-001 -7.454e-002  1.000e+000
73 2-1 -4.320e-002  3.851e-002  2.354e-002  1.000e+000
73 2-2  3.164e-002 -3.159e-002 -1.231e-003 -7.443e-001  1.000e+000
73 2-3  4.764e-003  7.859e-004 -2.647e-002 -9.274e-002 -5.959e-001  1.000e+000
74  4.342e-001  5.478e-001  1.794e-002  8.466e-002  8.268e-001  8.850e-002 
74 1-1  1.000e+000
74 1-2 -9.750e-001  1.000e+000
74 1-3 -1.388e-001 -8.452e-002  1.000e+000
74 2-1 -4.305e-002  3.790e-002  2.418e-002  1.000e+000
74 2-2  3.071e-002 -3.044e-002 -2.048e-003 -7.236e-001  1.000e+000
74 2-3  4.713e-003  7.649e-004 -2.457e-002 -9.462e-002 -6.187e-001  1.000e+000
75  4.197e-001  5.604e-001  1.991e-002  8.063e-002  8.208e-001  9.852e-002 
75 1-1  1.000e+000
75 1-2 -9.711e-001  1.000e+000
75 1-3 -1.423e-001 -9.810e-002  1.000e+000
75 2-1 -4.293e-002  3.722e-002  2.465e-002  1.000e+000
75 2-2  2.960e-002 -2.913e-002 -2.620e-003 -6.976e-001  1.000e+000
75 2-3  4.639e-003  7.957e-004 -2.264e-002 -9.674e-002 -6.456e-001  1.000e+000
76  4.053e-001  5.727e-001  2.209e-002  7.668e-002  8.138e-001  1.095e-001 
76 1-1  1.000e+000
76 1-2 -9.658e-001  1.000e+000
76 1-3 -1.461e-001 -1.155e-001  1.000e+000
76 2-1 -4.283e-002  3.646e-002  2.496e-002  1.000e+000
76 2-2  2.828e-002 -2.765e-002 -2.873e-003 -6.654e-001  1.000e+000
76 2-3  4.542e-003  8.912e-004 -2.079e-002 -9.927e-002 -6.767e-001  1.000e+000
77  3.909e-001  5.846e-001  2.448e-002  7.281e-002  8.056e-001  1.216e-001 
77 1-1  1.000e+000
77 1-2 -9.587e-001  1.000e+000
77 1-3 -1.505e-001 -1.369e-001  1.000e+000
77 2-1 -4.276e-002  3.562e-002  2.513e-002  1.000e+000
77 2-2  2.674e-002 -2.599e-002 -2.768e-003 -6.262e-001  1.000e+000
77 2-3  4.428e-003  1.062e-003 -1.912e-002 -1.024e-001 -7.115e-001  1.000e+000
78  3.767e-001  5.962e-001  2.710e-002  6.904e-002  7.962e-001  1.348e-001 
78 1-1  1.000e+000
78 1-2 -9.495e-001  1.000e+000
78 1-3 -1.554e-001 -1.625e-001  1.000e+000
78 2-1 -4.272e-002  3.467e-002  2.518e-002  1.000e+000
78 2-2  2.496e-002 -2.420e-002 -2.303e-003 -5.798e-001  1.000e+000
78 2-3  4.306e-003  1.317e-003 -1.768e-002 -1.063e-001 -7.485e-001  1.000e+000
79  3.626e-001  6.074e-001  2.997e-002  6.534e-002  7.856e-001  1.491e-001 
79 1-1  1.000e+000
79 1-2 -9.375e-001  1.000e+000
79 1-3 -1.613e-001 -1.923e-001  1.000e+000
79 2-1 -4.270e-002  3.359e-002  2.514e-002  1.000e+000
79 2-2  2.298e-002 -2.231e-002 -1.517e-003 -5.268e-001  1.000e+000
79 2-3  4.186e-003  1.660e-003 -1.651e-002 -1.114e-001 -7.861e-001  1.000e+000
80  3.487e-001  6.182e-001  3.310e-002  6.173e-002  7.736e-001  1.646e-001 
80 1-1  1.000e+000
80 1-2 -9.221e-001  1.000e+000
80 1-3 -1.681e-001 -2.264e-001  1.000e+000
80 2-1 -4.270e-002  3.236e-002  2.505e-002  1.000e+000
80 2-2  2.084e-002 -2.041e-002 -4.725e-004 -4.685e-001  1.000e+000
80 2-3  4.079e-003  2.095e-003 -1.561e-002 -1.176e-001 -8.222e-001  1.000e+000
81  3.350e-001  6.285e-001  3.653e-002  5.820e-002  7.604e-001  1.814e-001 
81 1-1  1.000e+000
81 1-2 -9.025e-001  1.000e+000
81 1-3 -1.761e-001 -2.650e-001  1.000e+000
81 2-1 -4.272e-002  3.094e-002  2.492e-002  1.000e+000
81 2-2  1.862e-002 -1.857e-002  7.475e-004 -4.067e-001  1.000e+000
81 2-3  3.997e-003  2.622e-003 -1.494e-002 -1.253e-001 -8.554e-001  1.000e+000
82  3.215e-001  6.382e-001  4.027e-002  5.475e-002  7.457e-001  1.995e-001 
82 1-1  1.000e+000
82 1-2 -8.779e-001  1.000e+000
82 1-3 -1.853e-001 -3.079e-001  1.000e+000
82 2-1 -4.276e-002  2.932e-002  2.478e-002  1.000e+000
82 2-2  1.639e-002 -1.688e-002  2.061e-003 -3.433e-001  1.000e+000
82 2-3  3.946e-003  3.238e-003 -1.449e-002 -1.346e-001 -8.845e-001  1.000e+000
83  3.082e-001  6.475e-001  4.435e-002  5.139e-002  7.297e-001  2.189e-001 
83 1-1  1.000e+000
83 1-2 -8.472e-001  1.000e+000
83 1-3 -1.959e-001 -3.550e-001  1.000e+000
83 2-1 -4.281e-002  2.746e-002  2.464e-002  1.000e+000
83 2-2  1.422e-002 -1.539e-002  3.394e-003 -2.802e-001  1.000e+000
83 2-3  3.933e-003  3.942e-003 -1.420e-002 -1.454e-001 -9.090e-001  1.000e+000
84  2.951e-001  6.561e-001  4.878e-002  4.812e-002  7.122e-001  2.397e-001 
84 1-1  1.000e+000
84 1-2 -8.096e-001  1.000e+000
84 1-3 -2.078e-001 -4.059e-001  1.000e+000
84 2-1 -4.288e-002  2.535e-002  2.452e-002  1.000e+000
84 2-2  1.215e-002 -1.417e-002  4.693e-003 -2.186e-001  1.000e+000
84 2-3  3.960e-003  4.726e-003 -1.404e-002 -1.578e-001 -9.291e-001  1.000e+000
85  2.822e-001  6.642e-001  5.360e-002  4.494e-002  6.934e-001  2.616e-001 
85 1-1  1.000e+000
85 1-2 -7.643e-001  1.000e+000
85 1-3 -2.212e-001 -4.598e-001  1.000e+000
85 2-1 -4.295e-002  2.297e-002  2.440e-002  1.000e+000
85 2-2  1.021e-002 -1.322e-002  5.920e-003 -1.596e-001  1.000e+000
85 2-3  4.030e-003  5.581e-003 -1.399e-002 -1.719e-001 -9.450e-001  1.000e+000
86  2.696e-001  6.715e-001  5.883e-002  4.186e-002  6.733e-001  2.849e-001 
86 1-1  1.000e+000
86 1-2 -7.108e-001  1.000e+000
86 1-3 -2.361e-001 -5.157e-001  1.000e+000
86 2-1 -4.302e-002  2.033e-002  2.432e-002  1.000e+000
86 2-2  8.428e-003 -1.254e-002  7.055e-003 -1.036e-001  1.000e+000
86 2-3  4.143e-003  6.491e-003 -1.401e-002 -1.874e-001 -9.576e-001  1.000e+000
87  2.573e-001  6.782e-001  6.449e-002  3.888e-002  6.519e-001  3.093e-001 
87 1-1  1.000e+000
87 1-2 -6.489e-001  1.000e+000
87 1-3 -2.525e-001 -5.724e-001  1.000e+000
87 2-1 -4.309e-002  1.745e-002  2.425e-002  1.000e+000
87 2-2  6.788e-003 -1.211e-002  8.089e-003 -5.079e-002  1.000e+000
87 2-3  4.299e-003  7.438e-003 -1.409e-002 -2.044e-001 -9.672e-001  1.000e+000
88  2.453e-001  6.841e-001  7.061e-002  3.600e-002  6.292e-001  3.348e-001 
88 1-1  1.000e+000
88 1-2 -5.789e-001  1.000e+000
88 1-3 -2.704e-001 -6.285e-001  1.000e+000
88 2-1 -4.316e-002  1.437e-002  2.421e-002  1.000e+000
88 2-2  5.286e-003 -1.191e-002  9.022e-003 -1.019e-003  1.000e+000
88 2-3  4.498e-003  8.399e-003 -1.421e-002 -2.226e-001 -9.747e-001  1.000e+000
89  2.335e-001  6.893e-001  7.723e-002  3.323e-002  6.055e-001  3.612e-001 
89 1-1  1.000e+000
89 1-2 -5.020e-001  1.000e+000
89 1-3 -2.898e-001 -6.823e-001  1.000e+000
89 2-1 -4.322e-002  1.115e-002  2.419e-002  1.000e+000
89 2-2  3.907e-003 -1.189e-002  9.859e-003  4.585e-002  1.000e+000
89 2-3  4.737e-003  9.350e-003 -1.435e-002 -2.420e-001 -9.804e-001  1.000e+000
90  2.220e-001  6.936e-001  8.436e-002  3.058e-002  5.808e-001  3.886e-001 
90 1-1  1.000e+000
90 1-2 -4.196e-001  1.000e+000
90 1-3 -3.106e-001 -7.325e-001  1.000e+000
90 2-1 -4.326e-002  7.883e-003  2.419e-002  1.000e+000
90 2-2  2.636e-003 -1.202e-002  1.061e-002  9.003e-002  1.000e+000
90 2-3  5.016e-003  1.027e-002 -1.451e-002 -2.622e-001 -9.847e-001  1.000e+000