
#****** ******
# ATMchr.txt
#IMaCh version 0.99r45, April 2023,INED-EUROREVES-Institut de longevite-Japan Society for the Promotion of Science (Grant-in-Aid for Scientific Research 25293121), Intel Software 2015-2020, Nihon University 2021-202, INED 2000-2022
#$Revision: 1.353 $ $Date: 2023/05/08 18:48:22 $
# Tue Feb 04 22:21:36 2025
# Health expectancies with standard errors
# Age e11 (SE) e12 (SE) e1.  e21 (SE) e22 (SE) e2. 
 50   10.4027 (0.7543)   20.3935 (1.1068)   30.7962 (1.0703)    7.1011 (0.6536)   23.3667 (1.0884)   30.4678 (1.1166)
 51    9.9161 (0.7107)   19.9397 (1.0757)   29.8558 (1.0594)    6.6505 (0.6124)   22.8523 (1.0634)   29.5028 (1.1077)
 52    9.4471 (0.6712)   19.4750 (1.0474)   28.9222 (1.0481)    6.2204 (0.5762)   22.3230 (1.0413)   28.5434 (1.0982)
 53    8.9957 (0.6359)   19.0002 (1.0216)   27.9959 (1.0364)    5.8104 (0.5445)   21.7799 (1.0214)   27.5904 (1.0879)
 54    8.5615 (0.6046)   18.5160 (0.9981)   27.0775 (1.0243)    5.4202 (0.5169)   21.2240 (1.0034)   26.6442 (1.0769)
 55    8.1446 (0.5771)   18.0233 (0.9767)   26.1679 (1.0119)    5.0492 (0.4928)   20.6565 (0.9867)   25.7056 (1.0652)
 56    7.7446 (0.5532)   17.5229 (0.9571)   25.2675 (0.9994)    4.6970 (0.4717)   20.0783 (0.9711)   24.7754 (1.0528)
 57    7.3614 (0.5326)   17.0159 (0.9391)   24.3773 (0.9866)    4.3633 (0.4530)   19.4909 (0.9561)   23.8542 (1.0398)
 58    6.9947 (0.5149)   16.5031 (0.9225)   23.4978 (0.9738)    4.0474 (0.4362)   18.8955 (0.9417)   22.9428 (1.0263)
 59    6.6442 (0.4998)   15.9858 (0.9071)   22.6300 (0.9611)    3.7488 (0.4208)   18.2934 (0.9276)   22.0422 (1.0122)
 60    6.3096 (0.4868)   15.4649 (0.8928)   21.7746 (0.9486)    3.4670 (0.4064)   17.6860 (0.9136)   21.1530 (0.9978)
 61    5.9906 (0.4757)   14.9417 (0.8794)   20.9324 (0.9363)    3.2015 (0.3927)   17.0747 (0.8998)   20.2762 (0.9830)
 62    5.6868 (0.4660)   14.4174 (0.8669)   20.1042 (0.9243)    2.9516 (0.3793)   16.4610 (0.8861)   19.4127 (0.9681)
 63    5.3979 (0.4575)   13.8931 (0.8552)   19.2910 (0.9129)    2.7169 (0.3662)   15.8464 (0.8726)   18.5633 (0.9532)
 64    5.1234 (0.4499)   13.3700 (0.8441)   18.4934 (0.9021)    2.4967 (0.3530)   15.2323 (0.8593)   17.7290 (0.9384)
 65    4.8630 (0.4428)   12.8495 (0.8338)   17.7125 (0.8919)    2.2905 (0.3397)   14.6202 (0.8463)   16.9107 (0.9238)
 66    4.6162 (0.4362)   12.3328 (0.8242)   16.9490 (0.8824)    2.0977 (0.3263)   14.0117 (0.8337)   16.1093 (0.9096)
 67    4.3826 (0.4298)   11.8210 (0.8152)   16.2036 (0.8737)    1.9176 (0.3128)   13.4081 (0.8216)   15.3257 (0.8959)
 68    4.1618 (0.4235)   11.3155 (0.8068)   15.4773 (0.8658)    1.7499 (0.2991)   12.8110 (0.8101)   14.5609 (0.8828)
 69    3.9534 (0.4173)   10.8174 (0.7991)   14.7708 (0.8586)    1.5939 (0.2853)   12.2217 (0.7993)   13.8156 (0.8704)
 70    3.7568 (0.4110)   10.3279 (0.7918)   14.0847 (0.8522)    1.4490 (0.2715)   11.6417 (0.7892)   13.0907 (0.8587)
 71    3.5717 (0.4047)    9.8481 (0.7851)   13.4198 (0.8465)    1.3147 (0.2577)   11.0723 (0.7798)   12.3870 (0.8477)
 72    3.3976 (0.3982)    9.3790 (0.7789)   12.7766 (0.8415)    1.1906 (0.2439)   10.5148 (0.7712)   11.7053 (0.8373)
 73    3.2340 (0.3916)    8.9217 (0.7730)   12.1557 (0.8369)    1.0759 (0.2302)    9.9704 (0.7631)   11.0463 (0.8276)
 74    3.0805 (0.3848)    8.4771 (0.7674)   11.5576 (0.8328)    0.9703 (0.2167)    9.4402 (0.7555)   10.4105 (0.8184)
 75    2.9365 (0.3779)    8.0461 (0.7621)   10.9826 (0.8291)    0.8733 (0.2035)    8.9253 (0.7483)    9.7986 (0.8094)
 76    2.8018 (0.3709)    7.6293 (0.7569)   10.4311 (0.8256)    0.7843 (0.1906)    8.4266 (0.7413)    9.2109 (0.8006)
 77    2.6757 (0.3637)    7.2275 (0.7518)    9.9032 (0.8223)    0.7028 (0.1780)    7.9451 (0.7343)    8.6479 (0.7917)
 78    2.5579 (0.3565)    6.8412 (0.7469)    9.3991 (0.8192)    0.6285 (0.1659)    7.4814 (0.7270)    8.1099 (0.7826)
 79    2.4479 (0.3492)    6.4708 (0.7420)    8.9187 (0.8162)    0.5608 (0.1541)    7.0361 (0.7193)    7.5969 (0.7729)
 80    2.3453 (0.3418)    6.1167 (0.7372)    8.4620 (0.8135)    0.4993 (0.1429)    6.6099 (0.7110)    7.1092 (0.7625)
 81    2.2497 (0.3344)    5.7791 (0.7327)    8.0288 (0.8110)    0.4436 (0.1321)    6.2030 (0.7018)    6.6466 (0.7511)
 82    2.1606 (0.3270)    5.4581 (0.7285)    7.6187 (0.8090)    0.3932 (0.1219)    5.8159 (0.6916)    6.2091 (0.7388)
 83    2.0777 (0.3196)    5.1537 (0.7248)    7.2314 (0.8076)    0.3478 (0.1122)    5.4485 (0.6802)    5.7963 (0.7252)
 84    2.0005 (0.3122)    4.8658 (0.7218)    6.8663 (0.8070)    0.3070 (0.1030)    5.1009 (0.6676)    5.4079 (0.7103)
 85    1.9288 (0.3048)    4.5941 (0.7198)    6.5229 (0.8076)    0.2704 (0.0943)    4.7730 (0.6536)    5.0435 (0.6940)
 86    1.8621 (0.2975)    4.3384 (0.7191)    6.2005 (0.8095)    0.2377 (0.0862)    4.4647 (0.6383)    4.7024 (0.6764)
 87    1.8001 (0.2903)    4.0982 (0.7200)    5.8983 (0.8132)    0.2085 (0.0786)    4.1756 (0.6217)    4.3841 (0.6575)
 88    1.7425 (0.2832)    3.8731 (0.7229)    5.6156 (0.8190)    0.1826 (0.0715)    3.9053 (0.6038)    4.0878 (0.6373)
 89    1.6890 (0.2762)    3.6625 (0.7280)    5.3514 (0.8271)    0.1595 (0.0649)    3.6533 (0.5848)    3.8128 (0.6160)
 90    1.6392 (0.2693)    3.4657 (0.7358)    5.1049 (0.8379)    0.1391 (0.0588)    3.4189 (0.5646)    3.5581 (0.5936)
