
# model  
#****** Result for:******
# ATMchr.txt
#IMaCh version 0.99r45, April 2023,INED-EUROREVES-Institut de longevite-Japan Society for the Promotion of Science (Grant-in-Aid for Scientific Research 25293121), Intel Software 2015-2020, Nihon University 2021-202, INED 2000-2022
#$Revision: 1.353 $ $Date: 2023/05/08 18:48:22 $
# Tue Feb 04 22:21:36 2025
# Total life expectancy with std error and decomposition into time to be expected in each health state
#  (weighted average of eij where weights are the age specific forward period (stable) prevalences in each health state 
# Age popbased mobilav e.. (std) e.1 (std) e.2 (std) 
   50 0 0  30.657 (  1.087)   8.930 (  0.915)  21.727 (  1.225)
   51 0 0  29.699 (  1.078)   8.398 (  0.851)  21.301 (  1.179)
   52 0 0  28.747 (  1.068)   7.886 (  0.792)  20.861 (  1.137)
   53 0 0  27.800 (  1.057)   7.394 (  0.737)  20.406 (  1.099)
   54 0 0  26.855 (  1.046)   6.922 (  0.686)  19.933 (  1.065)
   55 0 0  25.922 (  1.034)   6.470 (  0.641)  19.451 (  1.034)
   56 0 0  24.996 (  1.023)   6.039 (  0.601)  18.957 (  1.007)
   57 0 0  24.078 (  1.011)   5.628 (  0.566)  18.451 (  0.982)
   58 0 0  23.170 (  0.998)   5.236 (  0.535)  17.934 (  0.960)
   59 0 0  22.272 (  0.985)   4.865 (  0.509)  17.407 (  0.940)
   60 0 0  21.385 (  0.972)   4.512 (  0.486)  16.872 (  0.921)
   61 0 0  20.509 (  0.959)   4.179 (  0.466)  16.330 (  0.905)
   62 0 0  19.646 (  0.946)   3.864 (  0.449)  15.782 (  0.889)
   63 0 0  18.797 (  0.933)   3.568 (  0.434)  15.229 (  0.875)
   64 0 0  17.962 (  0.921)   3.289 (  0.421)  14.673 (  0.861)
   65 0 0  17.142 (  0.908)   3.027 (  0.408)  14.115 (  0.848)
   66 0 0  16.339 (  0.896)   2.782 (  0.396)  13.557 (  0.836)
   67 0 0  15.553 (  0.885)   2.553 (  0.384)  13.000 (  0.825)
   68 0 0  14.786 (  0.873)   2.339 (  0.373)  12.447 (  0.814)
   69 0 0  14.039 (  0.863)   2.140 (  0.361)  11.898 (  0.803)
   70 0 0  13.310 (  0.853)   1.955 (  0.349)  11.355 (  0.794)
   71 0 0  12.603 (  0.843)   1.784 (  0.336)  10.819 (  0.784)
   72 0 0  11.917 (  0.834)   1.625 (  0.324)  10.292 (  0.776)
   73 0 0  11.254 (  0.825)   1.478 (  0.311)   9.776 (  0.768)
   74 0 0  10.614 (  0.817)   1.343 (  0.298)   9.271 (  0.760)
   75 0 0   9.997 (  0.808)   1.218 (  0.285)   8.779 (  0.752)
   76 0 0   9.405 (  0.800)   1.104 (  0.272)   8.301 (  0.745)
   77 0 0   8.837 (  0.791)   0.999 (  0.259)   7.838 (  0.737)
   78 0 0   8.294 (  0.782)   0.903 (  0.246)   7.391 (  0.729)
   79 0 0   7.776 (  0.772)   0.816 (  0.233)   6.960 (  0.721)
   80 0 0   7.283 (  0.761)   0.736 (  0.221)   6.547 (  0.712)
   81 0 0   6.815 (  0.750)   0.663 (  0.209)   6.152 (  0.703)
   82 0 0   6.372 (  0.737)   0.598 (  0.197)   5.775 (  0.692)
   83 0 0   5.954 (  0.723)   0.538 (  0.186)   5.416 (  0.680)
   84 0 0   5.561 (  0.708)   0.484 (  0.175)   5.077 (  0.667)
   85 0 0   5.191 (  0.691)   0.435 (  0.165)   4.755 (  0.653)
   86 0 0   4.845 (  0.673)   0.392 (  0.155)   4.453 (  0.637)
   87 0 0   4.521 (  0.654)   0.352 (  0.146)   4.169 (  0.621)
   88 0 0   4.220 (  0.633)   0.317 (  0.137)   3.903 (  0.603)
   89 0 0   3.939 (  0.612)   0.285 (  0.129)   3.654 (  0.584)
   90 0 0   3.680 (  0.589)   0.257 (  0.122)   3.423 (  0.564)
