
#****** ******
# ATMchr.txt
#IMaCh version 0.99r45, April 2023,INED-EUROREVES-Institut de longevite-Japan Society for the Promotion of Science (Grant-in-Aid for Scientific Research 25293121), Intel Software 2015-2020, Nihon University 2021-202, INED 2000-2022
#$Revision: 1.353 $ $Date: 2023/05/08 18:48:22 $
# Tue Feb 04 22:21:36 2025
# Standard deviation of period (forward stable) prevalences 
# Age  Result#  1-1 2-2
50 1  0.55349 (0.07864) 0.44676 (0.07863)
51 1  0.53466 (0.07541) 0.46560 (0.07539)
52 1  0.51573 (0.07194) 0.48455 (0.07192)
53 1  0.49675 (0.06828) 0.50355 (0.06825)
54 1  0.47775 (0.06448) 0.52240 (0.06446)
55 1  0.45885 (0.06055) 0.54131 (0.06054)
56 1  0.44008 (0.05657) 0.56007 (0.05655)
57 1  0.42152 (0.05257) 0.57864 (0.05255)
58 1  0.40320 (0.04862) 0.59696 (0.04859)
59 1  0.38520 (0.04476) 0.61496 (0.04474)
60 1  0.36756 (0.04106) 0.63259 (0.04104)
61 1  0.35034 (0.03758) 0.64981 (0.03755)
62 1  0.33357 (0.03436) 0.66657 (0.03433)
63 1  0.31730 (0.03146) 0.68283 (0.03143)
64 1  0.30156 (0.02893) 0.69856 (0.02891)
65 1  0.28637 (0.02680) 0.71374 (0.02678)
66 1  0.27177 (0.02511) 0.72834 (0.02509)
67 1  0.25775 (0.02384) 0.74234 (0.02383)
68 1  0.24434 (0.02298) 0.75574 (0.02297)
69 1  0.23156 (0.02249) 0.76857 (0.02247)
70 1  0.21936 (0.02229) 0.78075 (0.02227)
71 1  0.20777 (0.02231) 0.79233 (0.02230)
72 1  0.19677 (0.02250) 0.80332 (0.02249)
73 1  0.18635 (0.02279) 0.81373 (0.02278)
74 1  0.17649 (0.02314) 0.82357 (0.02313)
75 1  0.16721 (0.02351) 0.83288 (0.02349)
76 1  0.15843 (0.02386) 0.84165 (0.02384)
77 1  0.15015 (0.02419) 0.84991 (0.02417)
78 1  0.14236 (0.02448) 0.85769 (0.02446)
79 1  0.13506 (0.02473) 0.86502 (0.02471)
80 1  0.12816 (0.02493) 0.87190 (0.02491)
81 1  0.12169 (0.02509) 0.87836 (0.02507)
82 1  0.11560 (0.02520) 0.88444 (0.02518)
83 1  0.10991 (0.02528) 0.89015 (0.02525)
84 1  0.10454 (0.02532) 0.89551 (0.02529)
85 1  0.09950 (0.02532) 0.90054 (0.02530)
86 1  0.09476 (0.02530) 0.90527 (0.02528)
87 1  0.09032 (0.02525) 0.90971 (0.02523)
88 1  0.08616 (0.02520) 0.91389 (0.02517)
89 1  0.08224 (0.02511) 0.91781 (0.02509)
90 1  0.07854 (0.02502) 0.92149 (0.02499)
