# DEFchr.txt
#IMaCh version 0.99r45, April 2023,INED-EUROREVES-Institut de longevite-Japan Society for the Promotion of Science (Grant-in-Aid for Scientific Research 25293121), Intel Software 2015-2020, Nihon University 2021-202, INED 2000-2022
#$Revision: 1.353 $ $Date: 2023/05/08 18:48:22 $
# Tue Feb 04 22:21:37 2025
#One-step probabilities and correlation matrix
# Age p1-1  p1-2  p1-3  p2-1  p2-2  p2-3 
50  5.793e-001  4.117e-001  8.960e-003  1.602e-001  8.362e-001  3.558e-003 
50 1-1  1.000e+000
50 1-2 -9.716e-001  1.000e+000
50 1-3 -1.421e-001 -9.631e-002  1.000e+000
50 2-1 -1.652e-002  1.362e-002  1.248e-002  1.000e+000
50 2-2  1.623e-002 -1.380e-002 -1.053e-002 -9.979e-001  1.000e+000
50 2-3  4.775e-003  2.531e-003 -3.065e-002 -5.310e-002 -1.106e-002  1.000e+000
51  5.735e-001  4.179e-001  8.607e-003  1.537e-001  8.423e-001  3.973e-003 
51 1-1  1.000e+000
51 1-2 -9.747e-001  1.000e+000
51 1-3 -1.328e-001 -9.200e-002  1.000e+000
51 2-1 -1.648e-002  1.368e-002  1.279e-002  1.000e+000
51 2-2  1.615e-002 -1.388e-002 -1.044e-002 -9.972e-001  1.000e+000
51 2-3  4.548e-003  2.471e-003 -3.123e-002 -5.036e-002 -2.501e-002  1.000e+000
52  5.677e-001  4.241e-001  8.266e-003  1.473e-001  8.482e-001  4.435e-003 
52 1-1  1.000e+000
52 1-2 -9.776e-001  1.000e+000
52 1-3 -1.241e-001 -8.773e-002  1.000e+000
52 2-1 -1.646e-002  1.375e-002  1.310e-002  1.000e+000
52 2-2  1.608e-002 -1.396e-002 -1.028e-002 -9.961e-001  1.000e+000
52 2-3  4.334e-003  2.406e-003 -3.182e-002 -4.792e-002 -4.065e-002  1.000e+000
53  5.618e-001  4.303e-001  7.938e-003  1.412e-001  8.538e-001  4.949e-003 
53 1-1  1.000e+000
53 1-2 -9.801e-001  1.000e+000
53 1-3 -1.161e-001 -8.355e-002  1.000e+000
53 2-1 -1.646e-002  1.384e-002  1.341e-002  1.000e+000
53 2-2  1.602e-002 -1.407e-002 -1.003e-002 -9.946e-001  1.000e+000
53 2-3  4.130e-003  2.333e-003 -3.239e-002 -4.578e-002 -5.829e-002  1.000e+000
54  5.559e-001  4.365e-001  7.621e-003  1.353e-001  8.592e-001  5.520e-003 
54 1-1  1.000e+000
54 1-2 -9.823e-001  1.000e+000
54 1-3 -1.087e-001 -7.952e-002  1.000e+000
54 2-1 -1.648e-002  1.395e-002  1.369e-002  1.000e+000
54 2-2  1.597e-002 -1.419e-002 -9.641e-003 -9.925e-001  1.000e+000
54 2-3  3.937e-003  2.252e-003 -3.288e-002 -4.398e-002 -7.824e-002  1.000e+000
55  5.499e-001  4.428e-001  7.316e-003  1.296e-001  8.643e-001  6.155e-003 
55 1-1  1.000e+000
55 1-2 -9.842e-001  1.000e+000
55 1-3 -1.022e-001 -7.577e-002  1.000e+000
55 2-1 -1.653e-002  1.409e-002  1.391e-002  1.000e+000
55 2-2  1.593e-002 -1.434e-002 -9.089e-003 -9.897e-001  1.000e+000
55 2-3  3.753e-003  2.161e-003 -3.324e-002 -4.253e-002 -1.008e-001  1.000e+000
56  5.440e-001  4.490e-001  7.022e-003  1.240e-001  8.691e-001  6.861e-003 
56 1-1  1.000e+000
56 1-2 -9.857e-001  1.000e+000
56 1-3 -9.646e-002 -7.244e-002  1.000e+000
56 2-1 -1.662e-002  1.428e-002  1.402e-002  1.000e+000
56 2-2  1.590e-002 -1.452e-002 -8.334e-003 -9.859e-001  1.000e+000
56 2-3  3.574e-003  2.056e-003 -3.334e-002 -4.145e-002 -1.264e-001  1.000e+000
57  5.380e-001  4.553e-001  6.738e-003  1.187e-001  8.736e-001  7.645e-003 
57 1-1  1.000e+000
57 1-2 -9.870e-001  1.000e+000
57 1-3 -9.166e-002 -6.976e-002  1.000e+000
57 2-1 -1.674e-002  1.451e-002  1.397e-002  1.000e+000
57 2-2  1.588e-002 -1.473e-002 -7.350e-003 -9.808e-001  1.000e+000
57 2-3  3.398e-003  1.937e-003 -3.305e-002 -4.076e-002 -1.551e-001  1.000e+000
58  5.320e-001  4.616e-001  6.465e-003  1.136e-001  8.779e-001  8.516e-003 
58 1-1  1.000e+000
58 1-2 -9.879e-001  1.000e+000
58 1-3 -8.779e-002 -6.800e-002  1.000e+000
58 2-1 -1.690e-002  1.480e-002  1.368e-002  1.000e+000
58 2-2  1.589e-002 -1.496e-002 -6.136e-003 -9.740e-001  1.000e+000
58 2-3  3.222e-003  1.802e-003 -3.225e-002 -4.046e-002 -1.870e-001  1.000e+000
59  5.259e-001  4.679e-001  6.202e-003  1.086e-001  8.819e-001  9.483e-003 
59 1-1  1.000e+000
59 1-2 -9.884e-001  1.000e+000
59 1-3 -8.479e-002 -6.739e-002  1.000e+000
59 2-1 -1.712e-002  1.514e-002  1.312e-002  1.000e+000
59 2-2  1.591e-002 -1.521e-002 -4.740e-003 -9.652e-001  1.000e+000
59 2-3  3.042e-003  1.649e-003 -3.083e-002 -4.055e-002 -2.220e-001  1.000e+000
60  5.199e-001  4.742e-001  5.949e-003  1.039e-001  8.856e-001  1.056e-002 
60 1-1  1.000e+000
60 1-2 -9.887e-001  1.000e+000
60 1-3 -8.250e-002 -6.809e-002  1.000e+000
60 2-1 -1.737e-002  1.554e-002  1.228e-002  1.000e+000
60 2-2  1.594e-002 -1.546e-002 -3.262e-003 -9.543e-001  1.000e+000
60 2-3  2.855e-003  1.480e-003 -2.879e-002 -4.100e-002 -2.595e-001  1.000e+000
61  5.138e-001  4.805e-001  5.705e-003  9.926e-002  8.890e-001  1.175e-002 
61 1-1  1.000e+000
61 1-2 -9.886e-001  1.000e+000
61 1-3 -8.067e-002 -7.006e-002  1.000e+000
61 2-1 -1.766e-002  1.598e-002  1.122e-002  1.000e+000
61 2-2  1.597e-002 -1.571e-002 -1.837e-003 -9.411e-001  1.000e+000
61 2-3  2.660e-003  1.297e-003 -2.625e-002 -4.178e-002 -2.985e-001  1.000e+000
62  5.077e-001  4.868e-001  5.470e-003  9.483e-002  8.921e-001  1.307e-002 
62 1-1  1.000e+000
62 1-2 -9.884e-001  1.000e+000
62 1-3 -7.898e-002 -7.304e-002  1.000e+000
62 2-1 -1.797e-002  1.645e-002  1.004e-002  1.000e+000
62 2-2  1.600e-002 -1.591e-002 -5.963e-004 -9.258e-001  1.000e+000
62 2-3  2.455e-003  1.107e-003 -2.343e-002 -4.280e-002 -3.379e-001  1.000e+000
63  5.017e-001  4.931e-001  5.244e-003  9.057e-002  8.949e-001  1.453e-002 
63 1-1  1.000e+000
63 1-2 -9.882e-001  1.000e+000
63 1-3 -7.711e-002 -7.661e-002  1.000e+000
63 2-1 -1.827e-002  1.691e-002  8.848e-003  1.000e+000
63 2-2  1.601e-002 -1.607e-002  3.697e-004 -9.091e-001  1.000e+000
63 2-3  2.244e-003  9.170e-004 -2.056e-002 -4.397e-002 -3.763e-001  1.000e+000
64  4.956e-001  4.994e-001  5.027e-003  8.647e-002  8.974e-001  1.615e-002 
64 1-1  1.000e+000
64 1-2 -9.880e-001  1.000e+000
64 1-3 -7.484e-002 -8.028e-002  1.000e+000
64 2-1 -1.855e-002  1.734e-002  7.740e-003  1.000e+000
64 2-2  1.599e-002 -1.615e-002  1.032e-003 -8.915e-001  1.000e+000
64 2-3  2.030e-003  7.382e-004 -1.784e-002 -4.520e-002 -4.123e-001  1.000e+000
65  4.895e-001  5.057e-001  4.817e-003  8.252e-002  8.995e-001  1.795e-002 
65 1-1  1.000e+000
65 1-2 -9.879e-001  1.000e+000
65 1-3 -7.204e-002 -8.364e-002  1.000e+000
65 2-1 -1.877e-002  1.770e-002  6.778e-003  1.000e+000
65 2-2  1.595e-002 -1.615e-002  1.417e-003 -8.740e-001  1.000e+000
65 2-3  1.819e-003  5.798e-004 -1.541e-002 -4.639e-002 -4.448e-001  1.000e+000
66  4.834e-001  5.120e-001  4.616e-003  7.872e-002  9.013e-001  1.993e-002 
66 1-1  1.000e+000
66 1-2 -9.880e-001  1.000e+000
66 1-3 -6.869e-002 -8.642e-002  1.000e+000
66 2-1 -1.893e-002  1.798e-002  5.988e-003  1.000e+000
66 2-2  1.586e-002 -1.609e-002  1.581e-003 -8.574e-001  1.000e+000
66 2-3  1.616e-003  4.501e-004 -1.332e-002 -4.746e-002 -4.734e-001  1.000e+000
67  4.773e-001  5.183e-001  4.422e-003  7.507e-002  9.028e-001  2.213e-002 
67 1-1  1.000e+000
67 1-2 -9.882e-001  1.000e+000
67 1-3 -6.488e-002 -8.851e-002  1.000e+000
67 2-1 -1.903e-002  1.817e-002  5.371e-003  1.000e+000
67 2-2  1.575e-002 -1.597e-002  1.597e-003 -8.420e-001  1.000e+000
67 2-3  1.424e-003  3.547e-004 -1.159e-002 -4.838e-002 -4.981e-001  1.000e+000
68  4.711e-001  5.246e-001  4.236e-003  7.156e-002  9.039e-001  2.456e-002 
68 1-1  1.000e+000
68 1-2 -9.887e-001  1.000e+000
68 1-3 -6.073e-002 -8.990e-002  1.000e+000
68 2-1 -1.907e-002  1.828e-002  4.912e-003  1.000e+000
68 2-2  1.561e-002 -1.581e-002  1.537e-003 -8.280e-001  1.000e+000
68 2-3  1.245e-003  2.969e-004 -1.023e-002 -4.913e-002 -5.193e-001  1.000e+000
69  4.650e-001  5.309e-001  4.057e-003  6.818e-002  9.046e-001  2.725e-002 
69 1-1  1.000e+000
69 1-2 -9.892e-001  1.000e+000
69 1-3 -5.637e-002 -9.067e-002  1.000e+000
69 2-1 -1.905e-002  1.833e-002  4.588e-003  1.000e+000
69 2-2  1.545e-002 -1.563e-002  1.463e-003 -8.153e-001  1.000e+000
69 2-3  1.077e-003  2.778e-004 -9.203e-003 -4.972e-002 -5.378e-001  1.000e+000
70  4.589e-001  5.372e-001  3.885e-003  6.493e-002  9.049e-001  3.021e-002 
70 1-1  1.000e+000
70 1-2 -9.898e-001  1.000e+000
70 1-3 -5.193e-002 -9.093e-002  1.000e+000
70 2-1 -1.899e-002  1.831e-002  4.375e-003  1.000e+000
70 2-2  1.528e-002 -1.544e-002  1.425e-003 -8.034e-001  1.000e+000
70 2-3  9.186e-004  2.976e-004 -8.504e-003 -5.018e-002 -5.544e-001  1.000e+000
71  4.529e-001  5.434e-001  3.720e-003  6.181e-002  9.047e-001  3.349e-002 
71 1-1  1.000e+000
71 1-2 -9.904e-001  1.000e+000
71 1-3 -4.750e-002 -9.078e-002  1.000e+000
71 2-1 -1.890e-002  1.826e-002  4.250e-003  1.000e+000
71 2-2  1.508e-002 -1.524e-002  1.463e-003 -7.917e-001  1.000e+000
71 2-3  7.669e-004  3.553e-004 -8.107e-003 -5.054e-002 -5.701e-001  1.000e+000
72  4.468e-001  5.497e-001  3.561e-003  5.881e-002  9.041e-001  3.710e-002 
72 1-1  1.000e+000
72 1-2 -9.911e-001  1.000e+000
72 1-3 -4.314e-002 -9.033e-002  1.000e+000
72 2-1 -1.880e-002  1.818e-002  4.193e-003  1.000e+000
72 2-2  1.487e-002 -1.503e-002  1.610e-003 -7.796e-001  1.000e+000
72 2-3  6.183e-004  4.492e-004 -7.991e-003 -5.085e-002 -5.859e-001  1.000e+000
73  4.407e-001  5.559e-001  3.408e-003  5.592e-002  9.030e-001  4.107e-002 
73 1-1  1.000e+000
73 1-2 -9.917e-001  1.000e+000
73 1-3 -3.889e-002 -8.966e-002  1.000e+000
73 2-1 -1.868e-002  1.808e-002  4.188e-003  1.000e+000
73 2-2  1.462e-002 -1.482e-002  1.890e-003 -7.660e-001  1.000e+000
73 2-3  4.697e-004  5.766e-004 -8.135e-003 -5.114e-002 -6.028e-001  1.000e+000
74  4.346e-001  5.621e-001  3.262e-003  5.315e-002  9.014e-001  4.545e-002 
74 1-1  1.000e+000
74 1-2 -9.924e-001  1.000e+000
74 1-3 -3.479e-002 -8.884e-002  1.000e+000
74 2-1 -1.856e-002  1.798e-002  4.224e-003  1.000e+000
74 2-2  1.434e-002 -1.458e-002  2.323e-003 -7.502e-001  1.000e+000
74 2-3  3.189e-004  7.335e-004 -8.511e-003 -5.147e-002 -6.218e-001  1.000e+000
75  4.286e-001  5.683e-001  3.121e-003  5.048e-002  8.993e-001  5.026e-002 
75 1-1  1.000e+000
75 1-2 -9.929e-001  1.000e+000
75 1-3 -3.085e-002 -8.792e-002  1.000e+000
75 2-1 -1.844e-002  1.787e-002  4.292e-003  1.000e+000
75 2-2  1.402e-002 -1.431e-002  2.920e-003 -7.308e-001  1.000e+000
75 2-3  1.648e-004  9.137e-004 -9.083e-003 -5.189e-002 -6.438e-001  1.000e+000
76  4.226e-001  5.744e-001  2.986e-003  4.792e-002  8.965e-001  5.554e-002 
76 1-1  1.000e+000
76 1-2 -9.935e-001  1.000e+000
76 1-3 -2.708e-002 -8.694e-002  1.000e+000
76 2-1 -1.832e-002  1.775e-002  4.385e-003  1.000e+000
76 2-2  1.362e-002 -1.399e-002  3.686e-003 -7.067e-001  1.000e+000
76 2-3  8.146e-006  1.109e-003 -9.806e-003 -5.251e-002 -6.695e-001  1.000e+000
77  4.166e-001  5.806e-001  2.856e-003  4.545e-002  8.932e-001  6.134e-002 
77 1-1  1.000e+000
77 1-2 -9.940e-001  1.000e+000
77 1-3 -2.348e-002 -8.593e-002  1.000e+000
77 2-1 -1.820e-002  1.764e-002  4.498e-003  1.000e+000
77 2-2  1.314e-002 -1.360e-002  4.612e-003 -6.766e-001  1.000e+000
77 2-3 -1.486e-004  1.309e-003 -1.062e-002 -5.342e-002 -6.991e-001  1.000e+000
78  4.106e-001  5.867e-001  2.731e-003  4.308e-002  8.892e-001  6.769e-002 
78 1-1  1.000e+000
78 1-2 -9.945e-001  1.000e+000
78 1-3 -2.004e-002 -8.491e-002  1.000e+000
78 2-1 -1.808e-002  1.754e-002  4.628e-003  1.000e+000
78 2-2  1.256e-002 -1.312e-002  5.674e-003 -6.398e-001  1.000e+000
78 2-3 -3.019e-004  1.504e-003 -1.147e-002 -5.476e-002 -7.324e-001  1.000e+000
79  4.046e-001  5.928e-001  2.612e-003  4.080e-002  8.846e-001  7.464e-002 
79 1-1  1.000e+000
79 1-2 -9.949e-001  1.000e+000
79 1-3 -1.675e-002 -8.389e-002  1.000e+000
79 2-1 -1.797e-002  1.743e-002  4.774e-003  1.000e+000
79 2-2  1.189e-002 -1.254e-002  6.834e-003 -5.959e-001  1.000e+000
79 2-3 -4.474e-004  1.683e-003 -1.230e-002 -5.668e-002 -7.680e-001  1.000e+000
80  3.987e-001  5.988e-001  2.497e-003  3.861e-002  8.792e-001  8.224e-002 
80 1-1  1.000e+000
80 1-2 -9.953e-001  1.000e+000
80 1-3 -1.363e-002 -8.288e-002  1.000e+000
80 2-1 -1.787e-002  1.733e-002  4.933e-003  1.000e+000
80 2-2  1.112e-002 -1.186e-002  8.039e-003 -5.452e-001  1.000e+000
80 2-3 -5.816e-004  1.840e-003 -1.307e-002 -5.933e-002 -8.044e-001  1.000e+000
81  3.928e-001  6.048e-001  2.387e-003  3.650e-002  8.730e-001  9.052e-002 
81 1-1  1.000e+000
81 1-2 -9.957e-001  1.000e+000
81 1-3 -1.064e-002 -8.191e-002  1.000e+000
81 2-1 -1.776e-002  1.723e-002  5.106e-003  1.000e+000
81 2-2  1.028e-002 -1.110e-002  9.234e-003 -4.893e-001  1.000e+000
81 2-3 -7.020e-004  1.972e-003 -1.375e-002 -6.286e-002 -8.396e-001  1.000e+000
82  3.869e-001  6.108e-001  2.281e-003  3.447e-002  8.660e-001  9.954e-002 
82 1-1  1.000e+000
82 1-2 -9.961e-001  1.000e+000
82 1-3 -7.800e-003 -8.096e-002  1.000e+000
82 2-1 -1.766e-002  1.714e-002  5.292e-003  1.000e+000
82 2-2  9.403e-003 -1.029e-002  1.037e-002 -4.300e-001  1.000e+000
82 2-3 -8.077e-004  2.076e-003 -1.433e-002 -6.738e-002 -8.718e-001  1.000e+000
83  3.810e-001  6.168e-001  2.180e-003  3.252e-002  8.581e-001  1.093e-001 
83 1-1  1.000e+000
83 1-2 -9.964e-001  1.000e+000
83 1-3 -5.086e-003 -8.005e-002  1.000e+000
83 2-1 -1.756e-002  1.704e-002  5.491e-003  1.000e+000
83 2-2  8.522e-003 -9.465e-003  1.140e-002 -3.695e-001  1.000e+000
83 2-3 -8.991e-004  2.157e-003 -1.481e-002 -7.299e-002 -8.998e-001  1.000e+000
84  3.752e-001  6.227e-001  2.083e-003  3.065e-002  8.494e-001  1.200e-001 
84 1-1  1.000e+000
84 1-2 -9.967e-001  1.000e+000
84 1-3 -2.495e-003 -7.917e-002  1.000e+000
84 2-1 -1.747e-002  1.695e-002  5.705e-003  1.000e+000
84 2-2  7.673e-003 -8.654e-003  1.230e-002 -3.098e-001  1.000e+000
84 2-3 -9.772e-004  2.216e-003 -1.521e-002 -7.975e-002 -9.231e-001  1.000e+000
85  3.694e-001  6.286e-001  1.990e-003  2.884e-002  8.397e-001  1.315e-001 
85 1-1  1.000e+000
85 1-2 -9.969e-001  1.000e+000
85 1-3 -2.073e-005 -7.833e-002  1.000e+000
85 2-1 -1.737e-002  1.685e-002  5.932e-003  1.000e+000
85 2-2  6.880e-003 -7.884e-003  1.308e-002 -2.525e-001  1.000e+000
85 2-3 -1.044e-003  2.257e-003 -1.553e-002 -8.773e-002 -9.417e-001  1.000e+000
86  3.637e-001  6.344e-001  1.901e-003  2.711e-002  8.290e-001  1.439e-001 
86 1-1  1.000e+000
86 1-2 -9.972e-001  1.000e+000
86 1-3  2.345e-003 -7.752e-002  1.000e+000
86 2-1 -1.728e-002  1.676e-002  6.174e-003  1.000e+000
86 2-2  6.160e-003 -7.174e-003  1.374e-002 -1.984e-001  1.000e+000
86 2-3 -1.100e-003  2.285e-003 -1.580e-002 -9.694e-002 -9.563e-001  1.000e+000
87  3.580e-001  6.402e-001  1.815e-003  2.545e-002  8.173e-001  1.572e-001 
87 1-1  1.000e+000
87 1-2 -9.974e-001  1.000e+000
87 1-3  4.607e-003 -7.676e-002  1.000e+000
87 2-1 -1.718e-002  1.666e-002  6.431e-003  1.000e+000
87 2-2  5.519e-003 -6.534e-003  1.429e-002 -1.479e-001  1.000e+000
87 2-3 -1.149e-003  2.301e-003 -1.601e-002 -1.074e-001 -9.674e-001  1.000e+000
88  3.523e-001  6.460e-001  1.734e-003  2.385e-002  8.046e-001  1.716e-001 
88 1-1  1.000e+000
88 1-2 -9.976e-001  1.000e+000
88 1-3  6.772e-003 -7.603e-002  1.000e+000
88 2-1 -1.708e-002  1.657e-002  6.704e-003  1.000e+000
88 2-2  4.957e-003 -5.964e-003  1.475e-002 -1.010e-001  1.000e+000
88 2-3 -1.190e-003  2.308e-003 -1.619e-002 -1.192e-001 -9.758e-001  1.000e+000
89  3.466e-001  6.517e-001  1.655e-003  2.232e-002  7.908e-001  1.869e-001 
89 1-1  1.000e+000
89 1-2 -9.978e-001  1.000e+000
89 1-3  8.846e-003 -7.534e-002  1.000e+000
89 2-1 -1.698e-002  1.646e-002  6.992e-003  1.000e+000
89 2-2  4.471e-003 -5.464e-003  1.513e-002 -5.748e-002  1.000e+000
89 2-3 -1.226e-003  2.310e-003 -1.634e-002 -1.322e-001 -9.820e-001  1.000e+000
90  3.410e-001  6.574e-001  1.580e-003  2.085e-002  7.759e-001  2.033e-001 
90 1-1  1.000e+000
90 1-2 -9.980e-001  1.000e+000
90 1-3  1.083e-002 -7.469e-002  1.000e+000
90 2-1 -1.687e-002  1.635e-002  7.296e-003  1.000e+000
90 2-2  4.053e-003 -5.028e-003  1.544e-002 -1.687e-002  1.000e+000
90 2-3 -1.257e-003  2.306e-003 -1.647e-002 -1.465e-001 -9.866e-001  1.000e+000