# DEFchr.txt
#IMaCh version 0.99r45, April 2023,INED-EUROREVES-Institut de longevite-Japan Society for the Promotion of Science (Grant-in-Aid for Scientific Research 25293121), Intel Software 2015-2020, Nihon University 2021-202, INED 2000-2022
#$Revision: 1.353 $ $Date: 2023/05/08 18:48:22 $
# Tue Feb 04 22:21:37 2025
#One-step probabilities and covariance matrix
# Age p1-1  p1-2  p1-3  p2-1  p2-2  p2-3 
50  5.793e-001  4.117e-001  8.960e-003  1.602e-001  8.362e-001  3.558e-003 
50 1-1  2.421e-003
50 1-2 -2.340e-003  2.395e-003
50 1-3 -8.187e-005 -5.517e-005  1.370e-004
50 2-1 -2.014e-005  1.652e-005  3.621e-006  6.141e-004
50 2-2  1.977e-005 -1.671e-005 -3.051e-006 -6.120e-004  6.124e-004
50 2-3  3.735e-007  1.969e-007 -5.704e-007 -2.092e-006 -4.351e-007  2.527e-006
51  5.735e-001  4.179e-001  8.607e-003  1.537e-001  8.423e-001  3.973e-003 
51 1-1  2.184e-003
51 1-2 -2.119e-003  2.164e-003
51 1-3 -6.508e-005 -4.487e-005  1.100e-004
51 2-1 -1.754e-005  1.449e-005  3.053e-006  5.184e-004
51 2-2  1.717e-005 -1.468e-005 -2.491e-006 -5.165e-004  5.174e-004
51 2-3  3.646e-007  1.972e-007 -5.619e-007 -1.967e-006 -9.760e-007  2.943e-006
52  5.677e-001  4.241e-001  8.266e-003  1.473e-001  8.482e-001  4.435e-003 
52 1-1  1.964e-003
52 1-2 -1.912e-003  1.948e-003
52 1-3 -5.155e-005 -3.629e-005  8.784e-005
52 2-1 -1.523e-005  1.267e-005  2.563e-006  4.360e-004
52 2-2  1.488e-005 -1.287e-005 -2.012e-006 -4.341e-004  4.357e-004
52 2-3  3.551e-007  1.964e-007 -5.514e-007 -1.850e-006 -1.569e-006  3.419e-006
53  5.618e-001  4.303e-001  7.938e-003  1.412e-001  8.538e-001  4.949e-003 
53 1-1  1.761e-003
53 1-2 -1.720e-003  1.749e-003
53 1-3 -4.075e-005 -2.923e-005  6.998e-005
53 2-1 -1.320e-005  1.106e-005  2.143e-006  3.653e-004
53 2-2  1.286e-005 -1.125e-005 -1.604e-006 -3.635e-004  3.658e-004
53 2-3  3.449e-007  1.942e-007 -5.391e-007 -1.741e-006 -2.218e-006  3.959e-006
54  5.559e-001  4.365e-001  7.621e-003  1.353e-001  8.592e-001  5.520e-003 
54 1-1  1.577e-003
54 1-2 -1.544e-003  1.568e-003
54 1-3 -3.223e-005 -2.351e-005  5.574e-005
54 2-1 -1.143e-005  9.648e-006  1.785e-006  3.052e-004
54 2-2  1.110e-005 -9.839e-006 -1.260e-006 -3.035e-004  3.065e-004
54 2-3  3.343e-007  1.907e-007 -5.249e-007 -1.643e-006 -2.928e-006  4.571e-006
55  5.499e-001  4.428e-001  7.316e-003  1.296e-001  8.643e-001  6.155e-003 
55 1-1  1.411e-003
55 1-2 -1.385e-003  1.404e-003
55 1-3 -2.562e-005 -1.896e-005  4.458e-005
55 2-1 -9.904e-006  8.423e-006  1.481e-006  2.544e-004
55 2-2  9.581e-006 -8.609e-006 -9.720e-007 -2.528e-004  2.565e-004
55 2-3  3.233e-007  1.857e-007 -5.090e-007 -1.556e-006 -3.705e-006  5.261e-006
56  5.440e-001  4.490e-001  7.022e-003  1.240e-001  8.691e-001  6.861e-003 
56 1-1  1.264e-003
56 1-2 -1.243e-003  1.259e-003
56 1-3 -2.058e-005 -1.542e-005  3.600e-005
56 2-1 -8.599e-006  7.374e-006  1.224e-006  2.119e-004
56 2-2  8.287e-006 -7.553e-006 -7.331e-007 -2.104e-004  2.149e-004
56 2-3  3.121e-007  1.792e-007 -4.913e-007 -1.482e-006 -4.552e-006  6.034e-006
57  5.380e-001  4.553e-001  6.738e-003  1.187e-001  8.736e-001  7.645e-003 
57 1-1  1.137e-003
57 1-2 -1.120e-003  1.133e-003
57 1-3 -1.681e-005 -1.277e-005  2.958e-005
57 2-1 -7.499e-006  6.490e-006  1.009e-006  1.766e-004
57 2-2  7.198e-006 -6.661e-006 -5.372e-007 -1.752e-004  1.806e-004
57 2-3  3.009e-007  1.712e-007 -4.721e-007 -1.423e-006 -5.475e-006  6.898e-006
58  5.320e-001  4.616e-001  6.465e-003  1.136e-001  8.779e-001  8.516e-003 
58 1-1  1.029e-003
58 1-2 -1.015e-003  1.026e-003
58 1-3 -1.407e-005 -1.088e-005  2.495e-005
58 2-1 -6.589e-006  5.759e-006  8.303e-007  1.476e-004
58 2-2  6.300e-006 -5.921e-006 -3.788e-007 -1.462e-004  1.527e-004
58 2-3  2.897e-007  1.618e-007 -4.515e-007 -1.378e-006 -6.478e-006  7.856e-006
59  5.259e-001  4.679e-001  6.202e-003  1.086e-001  8.819e-001  9.483e-003 
59 1-1  9.424e-004
59 1-2 -9.303e-004  9.399e-004
59 1-3 -1.215e-005 -9.646e-006  2.180e-005
59 2-1 -5.853e-006  5.170e-006  6.824e-007  1.241e-004
59 2-2  5.574e-006 -5.321e-006 -2.526e-007 -1.227e-004  1.303e-004
59 2-3  2.788e-007  1.509e-007 -4.297e-007 -1.349e-006 -7.565e-006  8.914e-006
60  5.199e-001  4.742e-001  5.949e-003  1.039e-001  8.856e-001  1.056e-002 
60 1-1  8.759e-004
60 1-2 -8.650e-004  8.740e-004
60 1-3 -1.088e-005 -8.966e-006  1.984e-005
60 2-1 -5.274e-006  4.712e-006  5.613e-007  1.052e-004
60 2-2  5.006e-006 -4.851e-006 -1.542e-007 -1.039e-004  1.126e-004
60 2-3  2.682e-007  1.388e-007 -4.071e-007 -1.335e-006 -8.740e-006  1.007e-005
61  5.138e-001  4.805e-001  5.705e-003  9.926e-002  8.890e-001  1.175e-002 
61 1-1  8.301e-004
61 1-2 -8.201e-004  8.288e-004
61 1-3 -1.009e-005 -8.755e-006  1.884e-005
61 2-1 -4.837e-006  4.374e-006  4.631e-007  9.036e-005
61 2-2  4.579e-006 -4.500e-006 -7.934e-008 -8.902e-005  9.903e-005
61 2-3  2.581e-007  1.257e-007 -3.838e-007 -1.337e-006 -1.000e-005  1.134e-005
62  5.077e-001  4.868e-001  5.470e-003  9.483e-002  8.921e-001  1.307e-002 
62 1-1  8.053e-004
62 1-2 -7.957e-004  8.046e-004
62 1-3 -9.666e-006 -8.936e-006  1.860e-005
62 2-1 -4.528e-006  4.143e-006  3.846e-007  7.886e-005
62 2-2  4.280e-006 -4.255e-006 -2.424e-008 -7.750e-005  8.886e-005
62 2-3  2.484e-007  1.119e-007 -3.603e-007 -1.355e-006 -1.136e-005  1.271e-005
63  5.017e-001  4.931e-001  5.244e-003  9.057e-002  8.949e-001  1.453e-002 
63 1-1  8.016e-004
63 1-2 -7.920e-004  8.015e-004
63 1-3 -9.502e-006 -9.439e-006  1.894e-005
63 2-1 -4.333e-006  4.011e-006  3.226e-007  7.016e-005
63 2-2  4.094e-006 -4.108e-006  1.453e-008 -6.878e-005  8.158e-005
63 2-3  2.393e-007  9.780e-008 -3.371e-007 -1.388e-006 -1.280e-005  1.419e-005
64  4.956e-001  4.994e-001  5.027e-003  8.647e-002  8.974e-001  1.615e-002 
64 1-1  8.189e-004
64 1-2 -8.093e-004  8.195e-004
64 1-3 -9.509e-006 -1.020e-005  1.971e-005
64 2-1 -4.239e-006  3.964e-006  2.745e-007  6.380e-005
64 2-2  4.008e-006 -4.048e-006  4.015e-008 -6.236e-005  7.670e-005
64 2-3  2.307e-007  8.393e-008 -3.146e-007 -1.434e-006 -1.434e-005  1.577e-005
65  4.895e-001  5.057e-001  4.817e-003  8.252e-002  8.995e-001  1.795e-002 
65 1-1  8.572e-004
65 1-2 -8.476e-004  8.588e-004
65 1-3 -9.618e-006 -1.118e-005  2.079e-005
65 2-1 -4.233e-006  3.995e-006  2.381e-007  5.932e-005
65 2-2  4.010e-006 -4.066e-006  5.549e-008 -5.783e-005  7.379e-005
65 2-3  2.225e-007  7.099e-008 -2.935e-007 -1.493e-006 -1.596e-005  1.746e-005
66  4.834e-001  5.120e-001  4.616e-003  7.872e-002  9.013e-001  1.993e-002 
66 1-1  9.165e-004
66 1-2 -9.067e-004  9.190e-004
66 1-3 -9.772e-006 -1.231e-005  2.208e-005
66 2-1 -4.303e-006  4.092e-006  2.112e-007  5.636e-005
66 2-2  4.088e-006 -4.152e-006  6.324e-008 -5.479e-005  7.247e-005
66 2-3  2.146e-007  5.986e-008 -2.745e-007 -1.563e-006 -1.768e-005  1.924e-005
67  4.773e-001  5.183e-001  4.422e-003  7.507e-002  9.028e-001  2.213e-002 
67 1-1  9.965e-004
67 1-2 -9.866e-004  1.000e-003
67 1-3 -9.927e-006 -1.357e-005  2.349e-005
67 2-1 -4.438e-006  4.246e-006  1.923e-007  5.458e-005
67 2-2  4.232e-006 -4.298e-006  6.589e-008 -5.294e-005  7.243e-005
67 2-3  2.067e-007  5.156e-008 -2.582e-007 -1.643e-006 -1.949e-005  2.113e-005
68  4.711e-001  5.246e-001  4.236e-003  7.156e-002  9.039e-001  2.456e-002 
68 1-1  1.097e-003
68 1-2 -1.087e-003  1.102e-003
68 1-3 -1.005e-005 -1.491e-005  2.496e-005
68 2-1 -4.628e-006  4.448e-006  1.798e-007  5.372e-005
68 2-2  4.430e-006 -4.496e-006  6.579e-008 -5.199e-005  7.338e-005
68 2-3  1.983e-007  4.739e-008 -2.456e-007 -1.731e-006 -2.139e-005  2.313e-005
69  4.650e-001  5.309e-001  4.057e-003  6.818e-002  9.046e-001  2.725e-002 
69 1-1  1.218e-003
69 1-2 -1.208e-003  1.224e-003
69 1-3 -1.011e-005 -1.630e-005  2.641e-005
69 2-1 -4.863e-006  4.690e-006  1.725e-007  5.352e-005
69 2-2  4.674e-006 -4.739e-006  6.516e-008 -5.169e-005  7.511e-005
69 2-3  1.888e-007  4.884e-008 -2.377e-007 -1.828e-006 -2.342e-005  2.525e-005
70  4.589e-001  5.372e-001  3.885e-003  6.493e-002  9.049e-001  3.021e-002 
70 1-1  1.358e-003
70 1-2 -1.348e-003  1.366e-003
70 1-3 -1.010e-005 -1.772e-005  2.782e-005
70 2-1 -5.133e-006  4.963e-006  1.692e-007  5.379e-005
70 2-2  4.955e-006 -5.021e-006  6.614e-008 -5.186e-005  7.746e-005
70 2-3  1.777e-007  5.772e-008 -2.354e-007 -1.931e-006 -2.561e-005  2.754e-005
71  4.529e-001  5.434e-001  3.720e-003  6.181e-002  9.047e-001  3.349e-002 
71 1-1  1.518e-003
71 1-2 -1.508e-003  1.527e-003
71 1-3 -9.990e-006 -1.915e-005  2.914e-005
71 2-1 -5.430e-006  5.261e-006  1.691e-007  5.435e-005
71 2-2  5.266e-006 -5.337e-006  7.078e-008 -5.231e-005  8.032e-005
71 2-3  1.638e-007  7.611e-008 -2.399e-007 -2.043e-006 -2.801e-005  3.005e-005
72  4.468e-001  5.497e-001  3.561e-003  5.881e-002  9.041e-001  3.710e-002 
72 1-1  1.697e-003
72 1-2 -1.687e-003  1.707e-003
72 1-3 -9.789e-006 -2.056e-005  3.035e-005
72 2-1 -5.746e-006  5.574e-006  1.714e-007  5.507e-005
72 2-2  5.600e-006 -5.681e-006  8.110e-008 -5.291e-005  8.364e-005
72 2-3  1.461e-007  1.065e-007 -2.525e-007 -2.164e-006 -3.073e-005  3.289e-005
73  4.407e-001  5.559e-001  3.408e-003  5.592e-002  9.030e-001  4.107e-002 
73 1-1  1.893e-003
73 1-2 -1.884e-003  1.906e-003
73 1-3 -9.487e-006 -2.194e-005  3.143e-005
73 2-1 -6.073e-006  5.898e-006  1.754e-007  5.583e-005
73 2-2  5.950e-006 -6.049e-006  9.908e-008 -5.353e-005  8.745e-005
73 2-3  1.230e-007  1.515e-007 -2.745e-007 -2.300e-006 -3.393e-005  3.623e-005
74  4.346e-001  5.621e-001  3.262e-003  5.315e-002  9.014e-001  4.545e-002 
74 1-1  2.107e-003
74 1-2 -2.098e-003  2.122e-003
74 1-3 -9.087e-006 -2.328e-005  3.237e-005
74 2-1 -6.406e-006  6.225e-006  1.807e-007  5.653e-005
74 2-2  6.313e-006 -6.440e-006  1.267e-007 -5.407e-005  9.191e-005
74 2-3  9.291e-008  2.145e-007 -3.074e-007 -2.456e-006 -3.784e-005  4.029e-005
75  4.286e-001  5.683e-001  3.121e-003  5.048e-002  8.993e-001  5.026e-002 
75 1-1  2.338e-003
75 1-2 -2.330e-003  2.354e-003
75 1-3 -8.591e-006 -2.456e-005  3.315e-005
75 2-1 -6.737e-006  6.551e-006  1.868e-007  5.711e-005
75 2-2  6.684e-006 -6.849e-006  1.658e-007 -5.446e-005  9.726e-005
75 2-3  5.371e-008  2.989e-007 -3.526e-007 -2.643e-006 -4.280e-005  4.544e-005
76  4.226e-001  5.744e-001  2.986e-003  4.792e-002  8.965e-001  5.554e-002 
76 1-1  2.585e-003
76 1-2 -2.577e-003  2.603e-003
76 1-3 -8.003e-006 -2.578e-005  3.379e-005
76 2-1 -7.062e-006  6.869e-006  1.933e-007  5.750e-005
76 2-2  7.059e-006 -7.277e-006  2.184e-007 -5.463e-005  1.039e-004
76 2-3  2.992e-009  4.087e-007 -4.117e-007 -2.876e-006 -4.929e-005  5.217e-005
77  4.166e-001  5.806e-001  2.856e-003  4.545e-002  8.932e-001  6.134e-002 
77 1-1  2.847e-003
77 1-2 -2.840e-003  2.867e-003
77 1-3 -7.332e-006 -2.693e-005  3.426e-005
77 2-1 -7.375e-006  7.175e-006  2.000e-007  5.768e-005
77 2-2  7.437e-006 -7.723e-006  2.863e-007 -5.451e-005  1.125e-004
77 2-3 -6.203e-008  5.483e-007 -4.863e-007 -3.173e-006 -5.800e-005  6.117e-005
78  4.106e-001  5.867e-001  2.731e-003  4.308e-002  8.892e-001  6.769e-002 
78 1-1  3.123e-003
78 1-2 -3.117e-003  3.145e-003
78 1-3 -6.585e-006 -2.800e-005  3.459e-005
78 2-1 -7.671e-006  7.464e-006  2.066e-007  5.761e-005
78 2-2  7.815e-006 -8.187e-006  3.714e-007 -5.405e-005  1.239e-004
78 2-3 -1.445e-007  7.225e-007 -5.780e-007 -3.561e-006 -6.983e-005  7.339e-005
79  4.046e-001  5.928e-001  2.612e-003  4.080e-002  8.846e-001  7.464e-002 
79 1-1  3.413e-003
79 1-2 -3.407e-003  3.436e-003
79 1-3 -5.771e-006 -2.899e-005  3.476e-005
79 2-1 -7.946e-006  7.733e-006  2.130e-007  5.728e-005
79 2-2  8.194e-006 -8.670e-006  4.754e-007 -5.321e-005  1.392e-004
79 2-3 -2.481e-007  9.365e-007 -6.884e-007 -4.071e-006 -8.601e-005  9.008e-005
80  3.987e-001  5.988e-001  2.497e-003  3.861e-002  8.792e-001  8.224e-002 
80 1-1  3.715e-003
80 1-2 -3.710e-003  3.740e-003
80 1-3 -4.899e-006 -2.990e-005  3.480e-005
80 2-1 -8.198e-006  7.979e-006  2.191e-007  5.668e-005
80 2-2  8.574e-006 -9.174e-006  6.000e-007 -5.193e-005  1.601e-004
80 2-3 -3.766e-007  1.196e-006 -8.191e-007 -4.746e-006 -1.081e-004  1.129e-004
81  3.928e-001  6.048e-001  2.387e-003  3.650e-002  8.730e-001  9.052e-002 
81 1-1  4.028e-003
81 1-2 -4.024e-003  4.054e-003
81 1-3 -3.980e-006 -3.072e-005  3.470e-005
81 2-1 -8.422e-006  8.197e-006  2.247e-007  5.581e-005
81 2-2  8.956e-006 -9.703e-006  7.467e-007 -5.018e-005  1.884e-004
81 2-3 -5.344e-007  1.506e-006 -9.714e-007 -5.633e-006 -1.383e-004  1.439e-004
82  3.869e-001  6.108e-001  2.281e-003  3.447e-002  8.660e-001  9.954e-002 
82 1-1  4.351e-003
82 1-2 -4.348e-003  4.379e-003
82 1-3 -3.021e-006 -3.146e-005  3.448e-005
82 2-1 -8.616e-006  8.386e-006  2.298e-007  5.469e-005
82 2-2  9.342e-006 -1.026e-005  9.168e-007 -4.790e-005  2.269e-004
82 2-3 -7.262e-007  1.873e-006 -1.147e-006 -6.792e-006 -1.790e-004  1.858e-004
83  3.810e-001  6.168e-001  2.180e-003  3.252e-002  8.581e-001  1.093e-001 
83 1-1  4.683e-003
83 1-2 -4.681e-003  4.713e-003
83 1-3 -2.034e-006 -3.211e-005  3.415e-005
83 2-1 -8.778e-006  8.543e-006  2.343e-007  5.332e-005
83 2-2  9.734e-006 -1.085e-005  1.111e-006 -4.503e-005  2.786e-004
83 2-3 -9.568e-007  2.303e-006 -1.346e-006 -8.288e-006 -2.335e-004  2.418e-004
84  3.752e-001  6.227e-001  2.083e-003  3.065e-002  8.494e-001  1.200e-001 
84 1-1  5.024e-003
84 1-2 -5.023e-003  5.056e-003
84 1-3 -1.027e-006 -3.268e-005  3.371e-005
84 2-1 -8.905e-006  8.667e-006  2.382e-007  5.173e-005
84 2-2  1.014e-005 -1.147e-005  1.331e-006 -4.153e-005  3.474e-004
84 2-3 -1.231e-006  2.801e-006 -1.570e-006 -1.020e-005 -3.058e-004  3.160e-004
85  3.694e-001  6.286e-001  1.990e-003  2.884e-002  8.397e-001  1.315e-001 
85 1-1  5.371e-003
85 1-2 -5.371e-003  5.405e-003
85 1-3 -8.751e-009 -3.317e-005  3.317e-005
85 2-1 -8.997e-006  8.756e-006  2.414e-007  4.993e-005
85 2-2  1.055e-005 -1.213e-005  1.577e-006 -3.733e-005  4.379e-004
85 2-3 -1.555e-006  3.373e-006 -1.818e-006 -1.260e-005 -4.006e-004  4.132e-004
86  3.637e-001  6.344e-001  1.901e-003  2.711e-002  8.290e-001  1.439e-001 
86 1-1  5.725e-003
86 1-2 -5.726e-003  5.759e-003
86 1-3  1.012e-006 -3.357e-005  3.256e-005
86 2-1 -9.052e-006  8.808e-006  2.440e-007  4.796e-005
86 2-2  1.098e-005 -1.283e-005  1.848e-006 -3.238e-005  5.555e-004
86 2-3 -1.932e-006  4.024e-006 -2.092e-006 -1.558e-005 -5.231e-004  5.387e-004
87  3.580e-001  6.402e-001  1.815e-003  2.545e-002  8.173e-001  1.572e-001 
87 1-1  6.083e-003
87 1-2 -6.085e-003  6.119e-003
87 1-3  2.028e-006 -3.389e-005  3.187e-005
87 2-1 -9.071e-006  8.825e-006  2.458e-007  4.583e-005
87 2-2  1.144e-005 -1.358e-005  2.144e-006 -2.661e-005  7.063e-004
87 2-3 -2.368e-006  4.758e-006 -2.390e-006 -1.923e-005 -6.797e-004  6.989e-004
88  3.523e-001  6.460e-001  1.734e-003  2.385e-002  8.046e-001  1.716e-001 
88 1-1  6.445e-003
88 1-2 -6.448e-003  6.482e-003
88 1-3  3.032e-006 -3.414e-005  3.111e-005
88 2-1 -9.051e-006  8.805e-006  2.468e-007  4.358e-005
88 2-2  1.192e-005 -1.438e-005  2.464e-006 -1.997e-005  8.971e-004
88 2-3 -2.867e-006  5.578e-006 -2.710e-006 -2.361e-005 -8.771e-004  9.007e-004
89  3.466e-001  6.517e-001  1.655e-003  2.232e-002  7.908e-001  1.869e-001 
89 1-1  6.809e-003
89 1-2 -6.813e-003  6.847e-003
89 1-3  4.018e-006 -3.432e-005  3.030e-005
89 2-1 -8.995e-006  8.748e-006  2.472e-007  4.124e-005
89 2-2  1.243e-005 -1.523e-005  2.805e-006 -1.243e-005  1.135e-003
89 2-3 -3.432e-006  6.484e-006 -3.052e-006 -2.880e-005 -1.122e-003  1.151e-003
90  3.410e-001  6.574e-001  1.580e-003  2.085e-002  7.759e-001  2.033e-001 
90 1-1  7.174e-003
90 1-2 -7.179e-003  7.214e-003
90 1-3  4.979e-006 -3.442e-005  2.944e-005
90 2-1 -8.902e-006  8.656e-006  2.467e-007  3.883e-005
90 2-2  1.297e-005 -1.613e-005  3.166e-006 -3.972e-006  1.427e-003
90 2-3 -4.066e-006  7.478e-006 -3.412e-006 -3.486e-005 -1.423e-003  1.458e-003