
# model  
#****** Result for:******
# DEFchr.txt
#IMaCh version 0.99r45, April 2023,INED-EUROREVES-Institut de longevite-Japan Society for the Promotion of Science (Grant-in-Aid for Scientific Research 25293121), Intel Software 2015-2020, Nihon University 2021-202, INED 2000-2022
#$Revision: 1.353 $ $Date: 2023/05/08 18:48:22 $
# Tue Feb 04 22:21:37 2025
# Total life expectancy with std error and decomposition into time to be expected in each health state
#  (weighted average of eij where weights are the age specific forward period (stable) prevalences in each health state 
# Age popbased mobilav e.. (std) e.1 (std) e.2 (std) 
   50 0 0  35.589 (  1.204)   5.546 (  0.558)  30.042 (  1.234)
   51 0 0  34.681 (  1.185)   5.248 (  0.522)  29.433 (  1.203)
   52 0 0  33.773 (  1.171)   4.961 (  0.490)  28.812 (  1.179)
   53 0 0  32.864 (  1.161)   4.684 (  0.462)  28.180 (  1.159)
   54 0 0  31.956 (  1.152)   4.419 (  0.438)  27.537 (  1.143)
   55 0 0  31.050 (  1.145)   4.164 (  0.416)  26.886 (  1.129)
   56 0 0  30.146 (  1.140)   3.920 (  0.398)  26.226 (  1.118)
   57 0 0  29.243 (  1.134)   3.686 (  0.382)  25.557 (  1.109)
   58 0 0  28.346 (  1.130)   3.462 (  0.368)  24.884 (  1.101)
   59 0 0  27.454 (  1.126)   3.248 (  0.356)  24.206 (  1.094)
   60 0 0  26.568 (  1.122)   3.045 (  0.346)  23.523 (  1.089)
   61 0 0  25.688 (  1.118)   2.851 (  0.337)  22.837 (  1.084)
   62 0 0  24.815 (  1.115)   2.666 (  0.328)  22.149 (  1.080)
   63 0 0  23.950 (  1.113)   2.491 (  0.321)  21.460 (  1.077)
   64 0 0  23.094 (  1.111)   2.324 (  0.313)  20.770 (  1.074)
   65 0 0  22.248 (  1.110)   2.166 (  0.306)  20.082 (  1.072)
   66 0 0  21.412 (  1.109)   2.017 (  0.299)  19.395 (  1.071)
   67 0 0  20.587 (  1.109)   1.876 (  0.292)  18.712 (  1.071)
   68 0 0  19.775 (  1.109)   1.742 (  0.285)  18.032 (  1.071)
   69 0 0  18.975 (  1.110)   1.617 (  0.277)  17.358 (  1.072)
   70 0 0  18.189 (  1.112)   1.498 (  0.270)  16.691 (  1.073)
   71 0 0  17.417 (  1.114)   1.387 (  0.262)  16.030 (  1.075)
   72 0 0  16.660 (  1.116)   1.282 (  0.254)  15.378 (  1.077)
   73 0 0  15.920 (  1.119)   1.184 (  0.246)  14.736 (  1.079)
   74 0 0  15.195 (  1.122)   1.092 (  0.237)  14.103 (  1.082)
   75 0 0  14.489 (  1.124)   1.006 (  0.229)  13.483 (  1.085)
   76 0 0  13.800 (  1.127)   0.926 (  0.220)  12.874 (  1.088)
   77 0 0  13.129 (  1.129)   0.851 (  0.212)  12.278 (  1.090)
   78 0 0  12.478 (  1.130)   0.781 (  0.203)  11.697 (  1.092)
   79 0 0  11.847 (  1.131)   0.717 (  0.194)  11.130 (  1.093)
   80 0 0  11.235 (  1.130)   0.657 (  0.186)  10.578 (  1.093)
   81 0 0  10.644 (  1.129)   0.601 (  0.177)  10.043 (  1.092)
   82 0 0  10.074 (  1.126)   0.550 (  0.169)   9.525 (  1.090)
   83 0 0   9.525 (  1.121)   0.502 (  0.161)   9.023 (  1.086)
   84 0 0   8.998 (  1.115)   0.458 (  0.153)   8.540 (  1.081)
   85 0 0   8.492 (  1.107)   0.418 (  0.145)   8.074 (  1.074)
   86 0 0   8.008 (  1.097)   0.381 (  0.138)   7.627 (  1.065)
   87 0 0   7.545 (  1.084)   0.347 (  0.131)   7.198 (  1.055)
   88 0 0   7.104 (  1.070)   0.316 (  0.124)   6.788 (  1.042)
   89 0 0   6.685 (  1.054)   0.288 (  0.117)   6.397 (  1.027)
   90 0 0   6.287 (  1.070)   0.262 (  0.117)   6.025 (  1.033)
