# ATMadl.txt
#IMaCh version 0.99r45, April 2023,INED-EUROREVES-Institut de longevite-Japan Society for the Promotion of Science (Grant-in-Aid for Scientific Research 25293121), Intel Software 2015-2020, Nihon University 2021-202, INED 2000-2022
#$Revision: 1.353 $ $Date: 2023/05/08 18:48:22 $
# Tue Feb 04 22:03:38 2025

#****** ******
# (a) Life expectancies by health status at initial age and (b) health expectancies by health status at initial age
# Age e11  e12  e1.  e21  e22  e2. 
 50  28.2783   2.6789  30.9572  25.9973   3.9995  29.9969
 51  27.3613   2.6709  30.0321  24.9436   4.0352  28.9787
 52  26.4510   2.6618  29.1128  23.8896   4.0700  27.9595
 53  25.5479   2.6518  28.1997  22.8362   4.1034  26.9396
 54  24.6527   2.6405  27.2933  21.7845   4.1351  25.9197
 55  23.7661   2.6280  26.3941  20.7360   4.1645  24.9004
 56  22.8888   2.6141  25.5028  19.6920   4.1909  23.8829
 57  22.0214   2.5987  24.6201  18.6545   4.2138  22.8684
 58  21.1648   2.5816  23.7464  17.6257   4.2325  21.8582
 59  20.3199   2.5628  22.8827  16.6078   4.2463  20.8541
 60  19.4875   2.5421  22.0296  15.6036   4.2545  19.8581
 61  18.6685   2.5195  21.1880  14.6157   4.2565  18.8722
 62  17.8639   2.4947  20.3586  13.6473   4.2515  17.8988
 63  17.0746   2.4678  19.5424  12.7014   4.2391  16.9405
 64  16.3015   2.4387  18.7401  11.7811   4.2188  15.9998
 65  15.5455   2.4072  17.9528  10.8894   4.1901  15.0795
 66  14.8076   2.3735  17.1811  10.0293   4.1528  14.1820
 67  14.0887   2.3374  16.4261   9.2035   4.1067  13.3102
 68  13.3895   2.2989  15.6884   8.4145   4.0518  12.4663
 69  12.7108   2.2582  14.9690   7.6643   3.9884  11.6527
 70  12.0534   2.2152  14.2686   6.9547   3.9165  10.8712
 71  11.4176   2.1701  13.5878   6.2870   3.8367  10.1237
 72  10.8042   2.1230  12.9272   5.6619   3.7494   9.4114
 73  10.2133   2.0741  12.2874   5.0799   3.6554   8.7353
 74   9.6454   2.0234  11.6689   4.5408   3.5553   8.0960
 75   9.1006   1.9713  11.0719   4.0439   3.4499   7.4939
 76   8.5789   1.9178  10.4968   3.5885   3.3402   6.9287
 77   8.0803   1.8633   9.9437   3.1731   3.2268   6.4000
 78   7.6047   1.8079   9.4126   2.7961   3.1109   5.9070
 79   7.1516   1.7519   8.9035   2.4557   2.9931   5.4488
 80   6.7209   1.6955   8.4164   2.1498   2.8743   5.0241
 81   6.3120   1.6390   7.9510   1.8760   2.7554   4.6314
 82   5.9245   1.5825   7.5070   1.6322   2.6370   4.2692
 83   5.5577   1.5263   7.0840   1.4160   2.5198   3.9359
 84   5.2111   1.4706   6.6817   1.2251   2.4045   3.6296
 85   4.8839   1.4157   6.2996   1.0572   2.2915   3.3487
 86   4.5755   1.3616   5.9371   0.9100   2.1813   3.0913
 87   4.2851   1.3085   5.5936   0.7815   2.0743   2.8558
 88   4.0119   1.2566   5.2686   0.6697   1.9707   2.6405
 89   3.7553   1.2061   4.9614   0.5728   1.8710   2.4437
 90   3.5143   1.1570   4.6713   0.4889   1.7751   2.2640
