# ATMadl.txt
#IMaCh version 0.99r45, April 2023,INED-EUROREVES-Institut de longevite-Japan Society for the Promotion of Science (Grant-in-Aid for Scientific Research 25293121), Intel Software 2015-2020, Nihon University 2021-202, INED 2000-2022
#$Revision: 1.353 $ $Date: 2023/05/08 18:48:22 $
# Tue Feb 04 22:03:38 2025
# Forward period (stable) prevalence. Precision given by ftolpl=0.0006 
#Age 1-1 2-2 
#************
#Age   1-1     2-2   Total Years_to_converge
50  0.98838 0.01163 1.000 13
51  0.98712 0.01288 1.000 13
52  0.98573 0.01428 1.000 13
53  0.98419 0.01581 1.000 14
54  0.98250 0.01752 1.000 14
55  0.98062 0.01939 1.000 14
56  0.97855 0.02146 1.000 15
57  0.97627 0.02375 1.000 15
58  0.97376 0.02626 1.000 15
59  0.97100 0.02901 1.000 16
60  0.96797 0.03205 1.000 16
61  0.96465 0.03537 1.000 16
62  0.96102 0.03899 1.000 17
63  0.95706 0.04296 1.000 17
64  0.95275 0.04727 1.000 17
65  0.94806 0.05196 1.000 18
66  0.94298 0.05705 1.000 18
67  0.93749 0.06254 1.000 18
68  0.93157 0.06846 1.000 19
69  0.92520 0.07484 1.000 19
70  0.91838 0.08166 1.000 19
71  0.91109 0.08894 1.000 20
72  0.90334 0.09671 1.000 20
73  0.89511 0.10494 1.000 20
74  0.88641 0.11366 1.000 20
75  0.87725 0.12281 1.000 21
76  0.86764 0.13244 1.000 21
77  0.85759 0.14247 1.000 21
78  0.84714 0.15294 1.000 21
79  0.83630 0.16377 1.000 22
80  0.82511 0.17498 1.000 22
81  0.81359 0.18651 1.000 22
82  0.80179 0.19831 1.000 22
83  0.78973 0.21037 1.000 22
84  0.77746 0.22265 1.000 22
85  0.76502 0.23510 1.000 22
86  0.75244 0.24770 1.000 22
87  0.73976 0.26039 1.000 22
88  0.72700 0.27315 1.000 22
89  0.71419 0.28595 1.000 22
90  0.70137 0.29878 1.000 22
