# ATMadl.txt
#IMaCh version 0.99r45, April 2023,INED-EUROREVES-Institut de longevite-Japan Society for the Promotion of Science (Grant-in-Aid for Scientific Research 25293121), Intel Software 2015-2020, Nihon University 2021-202, INED 2000-2022
#$Revision: 1.353 $ $Date: 2023/05/08 18:48:22 $
# Tue Feb 04 22:03:38 2025
# probabilities of dying before estepm=6 months for people of exact age and weighted probabilities w1*p1j+w2*p2j+... stand dev in()
# Selected quantitative variables and dummies
# Age cov=1 p.3 SE w1 p13 w2 p23
 50 1   1.159e-003  6.151e-004  9.884e-001  1.057e-003   1.163e-002  9.814e-003 
 51 1   1.282e-003  6.473e-004  9.871e-001  1.159e-003   1.288e-002  1.073e-002 
 52 1   1.419e-003  6.804e-004  9.857e-001  1.269e-003   1.428e-002  1.172e-002 
 53 1   1.571e-003  7.143e-004  9.842e-001  1.391e-003   1.581e-002  1.280e-002 
 54 1   1.742e-003  7.486e-004  9.825e-001  1.524e-003   1.752e-002  1.396e-002 
 55 1   1.932e-003  7.846e-004  9.806e-001  1.670e-003   1.939e-002  1.523e-002 
 56 1   2.146e-003  8.211e-004  9.785e-001  1.829e-003   2.146e-002  1.660e-002 
 57 1   2.385e-003  8.586e-004  9.763e-001  2.004e-003   2.375e-002  1.808e-002 
 58 1   2.654e-003  8.973e-004  9.738e-001  2.195e-003   2.626e-002  1.968e-002 
 59 1   2.955e-003  9.374e-004  9.710e-001  2.404e-003   2.901e-002  2.141e-002 
 60 1   3.295e-003  9.793e-004  9.680e-001  2.633e-003   3.205e-002  2.327e-002 
 61 1   3.676e-003  1.023e-003  9.647e-001  2.884e-003   3.537e-002  2.529e-002 
 62 1   4.106e-003  1.071e-003  9.610e-001  3.158e-003   3.899e-002  2.747e-002 
 63 1   4.590e-003  1.121e-003  9.571e-001  3.458e-003   4.296e-002  2.981e-002 
 64 1   5.136e-003  1.177e-003  9.527e-001  3.786e-003   4.727e-002  3.234e-002 
 65 1   5.751e-003  1.238e-003  9.481e-001  4.145e-003   5.196e-002  3.506e-002 
 66 1   6.446e-003  1.306e-003  9.430e-001  4.537e-003   5.705e-002  3.798e-002 
 67 1   7.228e-003  1.383e-003  9.375e-001  4.966e-003   6.254e-002  4.113e-002 
 68 1   8.110e-003  1.469e-003  9.316e-001  5.435e-003   6.846e-002  4.451e-002 
 69 1   9.105e-003  1.568e-003  9.252e-001  5.948e-003   7.484e-002  4.813e-002 
 70 1   1.022e-002  1.682e-003  9.184e-001  6.507e-003   8.166e-002  5.203e-002 
 71 1   1.148e-002  1.816e-003  9.111e-001  7.118e-003   8.894e-002  5.620e-002 
 72 1   1.290e-002  1.963e-003  9.033e-001  7.786e-003   9.671e-002  6.067e-002 
 73 1   1.449e-002  2.137e-003  8.951e-001  8.514e-003   1.049e-001  6.545e-002 
 74 1   1.627e-002  2.341e-003  8.864e-001  9.308e-003   1.137e-001  7.056e-002 
 75 1   1.826e-002  2.581e-003  8.772e-001  1.017e-002   1.228e-001  7.602e-002 
 76 1   2.049e-002  2.863e-003  8.676e-001  1.112e-002   1.324e-001  8.185e-002 
 77 1   2.297e-002  3.196e-003  8.576e-001  1.215e-002   1.425e-001  8.806e-002 
 78 1   2.572e-002  3.590e-003  8.471e-001  1.327e-002   1.529e-001  9.468e-002 
 79 1   2.878e-002  4.057e-003  8.363e-001  1.449e-002   1.638e-001  1.017e-001 
 80 1   3.216e-002  4.608e-003  8.251e-001  1.582e-002   1.750e-001  1.092e-001 
 81 1   3.589e-002  5.256e-003  8.136e-001  1.726e-002   1.865e-001  1.171e-001 
 82 1   3.999e-002  6.012e-003  8.018e-001  1.883e-002   1.983e-001  1.255e-001 
 83 1   4.449e-002  6.891e-003  7.897e-001  2.053e-002   2.104e-001  1.344e-001 
 84 1   4.942e-002  7.904e-003  7.775e-001  2.237e-002   2.227e-001  1.438e-001 
 85 1   5.479e-002  9.064e-003  7.650e-001  2.437e-002   2.351e-001  1.537e-001 
 86 1   6.064e-002  1.038e-002  7.524e-001  2.654e-002   2.477e-001  1.642e-001 
 87 1   6.699e-002  1.187e-002  7.398e-001  2.889e-002   2.604e-001  1.752e-001 
 88 1   7.385e-002  1.354e-002  7.270e-001  3.142e-002   2.732e-001  1.867e-001 
 89 1   8.125e-002  1.539e-002  7.142e-001  3.416e-002   2.860e-001  1.988e-001 
 90 1   8.921e-002  1.745e-002  7.014e-001  3.711e-002   2.988e-001  2.115e-001 
