# ATMadl.txt
#IMaCh version 0.99r45, April 2023,INED-EUROREVES-Institut de longevite-Japan Society for the Promotion of Science (Grant-in-Aid for Scientific Research 25293121), Intel Software 2015-2020, Nihon University 2021-202, INED 2000-2022
#$Revision: 1.353 $ $Date: 2023/05/08 18:48:22 $
# Tue Feb 04 22:03:38 2025
#One-step probabilities and correlation matrix
# Age p1-1  p1-2  p1-3  p2-1  p2-2  p2-3 
50  9.947e-001  4.236e-003  1.057e-003  2.989e-001  6.913e-001  9.814e-003 
50 1-1  1.000e+000
50 1-2 -9.259e-001  1.000e+000
50 1-3 -2.451e-001 -1.394e-001  1.000e+000
50 2-1 -2.553e-001  2.573e-001  8.677e-003  1.000e+000
50 2-2  2.577e-001 -2.682e-001  1.285e-002 -9.959e-001  1.000e+000
50 2-3 -1.285e-002  1.054e-001 -2.367e-001 -9.904e-002  8.383e-003  1.000e+000
51  9.943e-001  4.567e-003  1.159e-003  2.881e-001  7.012e-001  1.073e-002 
51 1-1  1.000e+000
51 1-2 -9.234e-001  1.000e+000
51 1-3 -2.508e-001 -1.401e-001  1.000e+000
51 2-1 -2.555e-001  2.578e-001  8.856e-003  1.000e+000
51 2-2  2.580e-001 -2.702e-001  1.582e-002 -9.947e-001  1.000e+000
51 2-3 -1.370e-002  1.092e-001 -2.400e-001 -9.417e-002 -8.382e-003  1.000e+000
52  9.938e-001  4.924e-003  1.269e-003  2.775e-001  7.108e-001  1.172e-002 
52 1-1  1.000e+000
52 1-2 -9.207e-001  1.000e+000
52 1-3 -2.566e-001 -1.408e-001  1.000e+000
52 2-1 -2.557e-001  2.582e-001  9.106e-003  1.000e+000
52 2-2  2.583e-001 -2.724e-001  1.923e-002 -9.933e-001  1.000e+000
52 2-3 -1.448e-002  1.132e-001 -2.437e-001 -8.976e-002 -2.632e-002  1.000e+000
53  9.933e-001  5.309e-003  1.391e-003  2.670e-001  7.202e-001  1.280e-002 
53 1-1  1.000e+000
53 1-2 -9.180e-001  1.000e+000
53 1-3 -2.624e-001 -1.417e-001  1.000e+000
53 2-1 -2.559e-001  2.587e-001  9.444e-003  1.000e+000
53 2-2  2.586e-001 -2.748e-001  2.313e-002 -9.914e-001  1.000e+000
53 2-3 -1.517e-002  1.173e-001 -2.476e-001 -8.584e-002 -4.560e-002  1.000e+000
54  9.928e-001  5.724e-003  1.524e-003  2.569e-001  7.292e-001  1.396e-002 
54 1-1  1.000e+000
54 1-2 -9.152e-001  1.000e+000
54 1-3 -2.682e-001 -1.428e-001  1.000e+000
54 2-1 -2.562e-001  2.590e-001  9.888e-003  1.000e+000
54 2-2  2.588e-001 -2.775e-001  2.760e-002 -9.889e-001  1.000e+000
54 2-3 -1.578e-002  1.215e-001 -2.518e-001 -8.247e-002 -6.640e-002  1.000e+000
55  9.922e-001  6.171e-003  1.670e-003  2.469e-001  7.378e-001  1.523e-002 
55 1-1  1.000e+000
55 1-2 -9.122e-001  1.000e+000
55 1-3 -2.740e-001 -1.441e-001  1.000e+000
55 2-1 -2.564e-001  2.594e-001  1.046e-002  1.000e+000
55 2-2  2.590e-001 -2.804e-001  3.274e-002 -9.858e-001  1.000e+000
55 2-3 -1.630e-002  1.259e-001 -2.563e-001 -7.968e-002 -8.893e-002  1.000e+000
56  9.915e-001  6.653e-003  1.829e-003  2.373e-001  7.462e-001  1.660e-002 
56 1-1  1.000e+000
56 1-2 -9.091e-001  1.000e+000
56 1-3 -2.797e-001 -1.457e-001  1.000e+000
56 2-1 -2.567e-001  2.596e-001  1.119e-002  1.000e+000
56 2-2  2.590e-001 -2.836e-001  3.862e-002 -9.818e-001  1.000e+000
56 2-3 -1.672e-002  1.305e-001 -2.611e-001 -7.752e-002 -1.134e-001  1.000e+000
57  9.908e-001  7.172e-003  2.004e-003  2.278e-001  7.541e-001  1.808e-002 
57 1-1  1.000e+000
57 1-2 -9.058e-001  1.000e+000
57 1-3 -2.854e-001 -1.476e-001  1.000e+000
57 2-1 -2.569e-001  2.598e-001  1.211e-002  1.000e+000
57 2-2  2.588e-001 -2.871e-001  4.535e-002 -9.767e-001  1.000e+000
57 2-3 -1.703e-002  1.353e-001 -2.663e-001 -7.605e-002 -1.399e-001  1.000e+000
58  9.901e-001  7.730e-003  2.195e-003  2.186e-001  7.617e-001  1.968e-002 
58 1-1  1.000e+000
58 1-2 -9.024e-001  1.000e+000
58 1-3 -2.909e-001 -1.498e-001  1.000e+000
58 2-1 -2.571e-001  2.597e-001  1.325e-002  1.000e+000
58 2-2  2.583e-001 -2.908e-001  5.301e-002 -9.702e-001  1.000e+000
58 2-3 -1.724e-002  1.403e-001 -2.719e-001 -7.531e-002 -1.687e-001  1.000e+000
59  9.893e-001  8.332e-003  2.404e-003  2.096e-001  7.689e-001  2.141e-002 
59 1-1  1.000e+000
59 1-2 -8.988e-001  1.000e+000
59 1-3 -2.963e-001 -1.524e-001  1.000e+000
59 2-1 -2.572e-001  2.595e-001  1.465e-002  1.000e+000
59 2-2  2.575e-001 -2.948e-001  6.168e-002 -9.620e-001  1.000e+000
59 2-3 -1.732e-002  1.455e-001 -2.779e-001 -7.534e-002 -1.997e-001  1.000e+000
60  9.884e-001  8.980e-003  2.633e-003  2.009e-001  7.758e-001  2.327e-002 
60 1-1  1.000e+000
60 1-2 -8.950e-001  1.000e+000
60 1-3 -3.015e-001 -1.555e-001  1.000e+000
60 2-1 -2.573e-001  2.589e-001  1.637e-002  1.000e+000
60 2-2  2.563e-001 -2.989e-001  7.142e-002 -9.519e-001  1.000e+000
60 2-3 -1.727e-002  1.509e-001 -2.843e-001 -7.619e-002 -2.330e-001  1.000e+000
61  9.874e-001  9.678e-003  2.884e-003  1.925e-001  7.822e-001  2.529e-002 
61 1-1  1.000e+000
61 1-2 -8.909e-001  1.000e+000
61 1-3 -3.065e-001 -1.592e-001  1.000e+000
61 2-1 -2.573e-001  2.580e-001  1.844e-002  1.000e+000
61 2-2  2.545e-001 -3.031e-001  8.222e-002 -9.395e-001  1.000e+000
61 2-3 -1.708e-002  1.567e-001 -2.912e-001 -7.787e-002 -2.683e-001  1.000e+000
62  9.864e-001  1.043e-002  3.158e-003  1.843e-001  7.883e-001  2.747e-002 
62 1-1  1.000e+000
62 1-2 -8.866e-001  1.000e+000
62 1-3 -3.111e-001 -1.636e-001  1.000e+000
62 2-1 -2.571e-001  2.567e-001  2.091e-002  1.000e+000
62 2-2  2.520e-001 -3.073e-001  9.403e-002 -9.247e-001  1.000e+000
62 2-3 -1.672e-002  1.626e-001 -2.985e-001 -8.039e-002 -3.051e-001  1.000e+000
63  9.853e-001  1.124e-002  3.458e-003  1.763e-001  7.939e-001  2.981e-002 
63 1-1  1.000e+000
63 1-2 -8.821e-001  1.000e+000
63 1-3 -3.154e-001 -1.688e-001  1.000e+000
63 2-1 -2.567e-001  2.548e-001  2.380e-002  1.000e+000
63 2-2  2.488e-001 -3.114e-001  1.067e-001 -9.074e-001  1.000e+000
63 2-3 -1.618e-002  1.688e-001 -3.061e-001 -8.369e-002 -3.429e-001  1.000e+000
64  9.841e-001  1.211e-002  3.786e-003  1.686e-001  7.991e-001  3.234e-002 
64 1-1  1.000e+000
64 1-2 -8.773e-001  1.000e+000
64 1-3 -3.191e-001 -1.750e-001  1.000e+000
64 2-1 -2.561e-001  2.523e-001  2.714e-002  1.000e+000
64 2-2  2.448e-001 -3.151e-001  1.200e-001 -8.877e-001  1.000e+000
64 2-3 -1.544e-002  1.751e-001 -3.141e-001 -8.769e-002 -3.808e-001  1.000e+000
65  9.828e-001  1.304e-002  4.145e-003  1.611e-001  8.038e-001  3.506e-002 
65 1-1  1.000e+000
65 1-2 -8.721e-001  1.000e+000
65 1-3 -3.223e-001 -1.821e-001  1.000e+000
65 2-1 -2.553e-001  2.492e-001  3.091e-002  1.000e+000
65 2-2  2.402e-001 -3.185e-001  1.335e-001 -8.662e-001  1.000e+000
65 2-3 -1.448e-002  1.816e-001 -3.222e-001 -9.224e-002 -4.176e-001  1.000e+000
66  9.814e-001  1.405e-002  4.537e-003  1.539e-001  8.081e-001  3.798e-002 
66 1-1  1.000e+000
66 1-2 -8.667e-001  1.000e+000
66 1-3 -3.248e-001 -1.903e-001  1.000e+000
66 2-1 -2.543e-001  2.455e-001  3.503e-002  1.000e+000
66 2-2  2.351e-001 -3.214e-001  1.468e-001 -8.437e-001  1.000e+000
66 2-3 -1.326e-002  1.880e-001 -3.303e-001 -9.716e-002 -4.523e-001  1.000e+000
67  9.799e-001  1.513e-002  4.966e-003  1.469e-001  8.120e-001  4.113e-002 
67 1-1  1.000e+000
67 1-2 -8.610e-001  1.000e+000
67 1-3 -3.265e-001 -1.996e-001  1.000e+000
67 2-1 -2.533e-001  2.414e-001  3.940e-002  1.000e+000
67 2-2  2.296e-001 -3.238e-001  1.594e-001 -8.210e-001  1.000e+000
67 2-3 -1.178e-002  1.942e-001 -3.382e-001 -1.022e-001 -4.840e-001  1.000e+000
68  9.783e-001  1.630e-002  5.435e-003  1.401e-001  8.153e-001  4.451e-002 
68 1-1  1.000e+000
68 1-2 -8.551e-001  1.000e+000
68 1-3 -3.275e-001 -2.098e-001  1.000e+000
68 2-1 -2.524e-001  2.371e-001  4.388e-002  1.000e+000
68 2-2  2.241e-001 -3.257e-001  1.709e-001 -7.993e-001  1.000e+000
68 2-3 -1.001e-002  1.999e-001 -3.455e-001 -1.071e-001 -5.119e-001  1.000e+000
69  9.765e-001  1.755e-002  5.948e-003  1.336e-001  8.182e-001  4.813e-002 
69 1-1  1.000e+000
69 1-2 -8.491e-001  1.000e+000
69 1-3 -3.277e-001 -2.208e-001  1.000e+000
69 2-1 -2.516e-001  2.328e-001  4.825e-002  1.000e+000
69 2-2  2.188e-001 -3.270e-001  1.808e-001 -7.795e-001  1.000e+000
69 2-3 -7.944e-003  2.049e-001 -3.518e-001 -1.116e-001 -5.355e-001  1.000e+000
70  9.746e-001  1.889e-002  6.507e-003  1.273e-001  8.207e-001  5.203e-002 
70 1-1  1.000e+000
70 1-2 -8.430e-001  1.000e+000
70 1-3 -3.274e-001 -2.322e-001  1.000e+000
70 2-1 -2.512e-001  2.288e-001  5.233e-002  1.000e+000
70 2-2  2.140e-001 -3.277e-001  1.887e-001 -7.622e-001  1.000e+000
70 2-3 -5.605e-003  2.089e-001 -3.568e-001 -1.156e-001 -5.550e-001  1.000e+000
71  9.725e-001  2.034e-002  7.118e-003  1.212e-001  8.226e-001  5.620e-002 
71 1-1  1.000e+000
71 1-2 -8.370e-001  1.000e+000
71 1-3 -3.268e-001 -2.435e-001  1.000e+000
71 2-1 -2.510e-001  2.253e-001  5.591e-002  1.000e+000
71 2-2  2.097e-001 -3.279e-001  1.946e-001 -7.477e-001  1.000e+000
71 2-3 -3.027e-003  2.116e-001 -3.601e-001 -1.188e-001 -5.705e-001  1.000e+000
72  9.703e-001  2.189e-002  7.786e-003  1.154e-001  8.240e-001  6.067e-002 
72 1-1  1.000e+000
72 1-2 -8.313e-001  1.000e+000
72 1-3 -3.263e-001 -2.541e-001  1.000e+000
72 2-1 -2.512e-001  2.224e-001  5.885e-002  1.000e+000
72 2-2  2.059e-001 -3.273e-001  1.984e-001 -7.360e-001  1.000e+000
72 2-3 -2.773e-004  2.128e-001 -3.615e-001 -1.214e-001 -5.827e-001  1.000e+000
73  9.679e-001  2.356e-002  8.514e-003  1.097e-001  8.248e-001  6.545e-002 
73 1-1  1.000e+000
73 1-2 -8.260e-001  1.000e+000
73 1-3 -3.262e-001 -2.635e-001  1.000e+000
73 2-1 -2.515e-001  2.202e-001  6.105e-002  1.000e+000
73 2-2  2.024e-001 -3.259e-001  2.001e-001 -7.266e-001  1.000e+000
73 2-3  2.554e-003  2.125e-001 -3.607e-001 -1.231e-001 -5.924e-001  1.000e+000
74  9.653e-001  2.534e-002  9.308e-003  1.043e-001  8.252e-001  7.056e-002 
74 1-1  1.000e+000
74 1-2 -8.210e-001  1.000e+000
74 1-3 -3.269e-001 -2.712e-001  1.000e+000
74 2-1 -2.517e-001  2.186e-001  6.247e-002  1.000e+000
74 2-2  1.991e-001 -3.238e-001  2.002e-001 -7.190e-001  1.000e+000
74 2-3  5.362e-003  2.106e-001 -3.577e-001 -1.242e-001 -6.003e-001  1.000e+000
75  9.626e-001  2.726e-002  1.017e-002  9.905e-002  8.249e-001  7.602e-002 
75 1-1  1.000e+000
75 1-2 -8.164e-001  1.000e+000
75 1-3 -3.287e-001 -2.771e-001  1.000e+000
75 2-1 -2.518e-001  2.175e-001  6.317e-002  1.000e+000
75 2-2  1.959e-001 -3.209e-001  1.989e-001 -7.125e-001  1.000e+000
75 2-3  8.044e-003  2.075e-001 -3.528e-001 -1.245e-001 -6.075e-001  1.000e+000
76  9.596e-001  2.931e-002  1.112e-002  9.401e-002  8.241e-001  8.185e-002 
76 1-1  1.000e+000
76 1-2 -8.120e-001  1.000e+000
76 1-3 -3.317e-001 -2.812e-001  1.000e+000
76 2-1 -2.515e-001  2.168e-001  6.322e-002  1.000e+000
76 2-2  1.924e-001 -3.174e-001  1.968e-001 -7.061e-001  1.000e+000
76 2-3  1.051e-002  2.034e-001 -3.461e-001 -1.242e-001 -6.149e-001  1.000e+000
77  9.563e-001  3.151e-002  1.215e-002  8.916e-002  8.228e-001  8.806e-002 
77 1-1  1.000e+000
77 1-2 -8.078e-001  1.000e+000
77 1-3 -3.359e-001 -2.838e-001  1.000e+000
77 2-1 -2.510e-001  2.162e-001  6.275e-002  1.000e+000
77 2-2  1.886e-001 -3.135e-001  1.942e-001 -6.989e-001  1.000e+000
77 2-3  1.268e-002  1.986e-001 -3.380e-001 -1.232e-001 -6.236e-001  1.000e+000
78  9.529e-001  3.387e-002  1.327e-002  8.451e-002  8.208e-001  9.468e-002 
78 1-1  1.000e+000
78 1-2 -8.036e-001  1.000e+000
78 1-3 -3.412e-001 -2.853e-001  1.000e+000
78 2-1 -2.501e-001  2.158e-001  6.190e-002  1.000e+000
78 2-2  1.842e-001 -3.090e-001  1.915e-001 -6.899e-001  1.000e+000
78 2-3  1.450e-002  1.933e-001 -3.287e-001 -1.217e-001 -6.345e-001  1.000e+000
79  9.491e-001  3.640e-002  1.449e-002  8.003e-002  8.182e-001  1.017e-001 
79 1-1  1.000e+000
79 1-2 -7.993e-001  1.000e+000
79 1-3 -3.473e-001 -2.859e-001  1.000e+000
79 2-1 -2.490e-001  2.155e-001  6.078e-002  1.000e+000
79 2-2  1.790e-001 -3.041e-001  1.890e-001 -6.780e-001  1.000e+000
79 2-3  1.596e-002  1.876e-001 -3.182e-001 -1.196e-001 -6.487e-001  1.000e+000
80  9.451e-001  3.910e-002  1.582e-002  7.574e-002  8.151e-001  1.092e-001 
80 1-1  1.000e+000
80 1-2 -7.948e-001  1.000e+000
80 1-3 -3.541e-001 -2.861e-001  1.000e+000
80 2-1 -2.477e-001  2.151e-001  5.952e-002  1.000e+000
80 2-2  1.730e-001 -2.985e-001  1.868e-001 -6.621e-001  1.000e+000
80 2-3  1.703e-002  1.816e-001 -3.068e-001 -1.171e-001 -6.667e-001  1.000e+000
81  9.408e-001  4.198e-002  1.726e-002  7.162e-002  8.113e-001  1.171e-001 
81 1-1  1.000e+000
81 1-2 -7.900e-001  1.000e+000
81 1-3 -3.613e-001 -2.862e-001  1.000e+000
81 2-1 -2.462e-001  2.148e-001  5.819e-002  1.000e+000
81 2-2  1.659e-001 -2.921e-001  1.849e-001 -6.413e-001  1.000e+000
81 2-3  1.774e-002  1.753e-001 -2.944e-001 -1.142e-001 -6.890e-001  1.000e+000
82  9.361e-001  4.506e-002  1.883e-002  6.767e-002  8.068e-001  1.255e-001 
82 1-1  1.000e+000
82 1-2 -7.849e-001  1.000e+000
82 1-3 -3.687e-001 -2.865e-001  1.000e+000
82 2-1 -2.447e-001  2.144e-001  5.686e-002  1.000e+000
82 2-2  1.577e-001 -2.848e-001  1.833e-001 -6.148e-001  1.000e+000
82 2-3  1.812e-002  1.689e-001 -2.814e-001 -1.113e-001 -7.154e-001  1.000e+000
83  9.311e-001  4.835e-002  2.053e-002  6.388e-002  8.017e-001  1.344e-001 
83 1-1  1.000e+000
83 1-2 -7.794e-001  1.000e+000
83 1-3 -3.763e-001 -2.871e-001  1.000e+000
83 2-1 -2.432e-001  2.139e-001  5.559e-002  1.000e+000
83 2-2  1.483e-001 -2.763e-001  1.818e-001 -5.823e-001  1.000e+000
83 2-3  1.822e-002  1.623e-001 -2.680e-001 -1.086e-001 -7.449e-001  1.000e+000
84  9.258e-001  5.186e-002  2.237e-002  6.025e-002  7.959e-001  1.438e-001 
84 1-1  1.000e+000
84 1-2 -7.736e-001  1.000e+000
84 1-3 -3.839e-001 -2.882e-001  1.000e+000
84 2-1 -2.417e-001  2.133e-001  5.441e-002  1.000e+000
84 2-2  1.379e-001 -2.667e-001  1.803e-001 -5.440e-001  1.000e+000
84 2-3  1.812e-002  1.559e-001 -2.545e-001 -1.064e-001 -7.764e-001  1.000e+000
85  9.200e-001  5.559e-002  2.437e-002  5.678e-002  7.895e-001  1.537e-001 
85 1-1  1.000e+000
85 1-2 -7.673e-001  1.000e+000
85 1-3 -3.913e-001 -2.899e-001  1.000e+000
85 2-1 -2.402e-001  2.126e-001  5.333e-002  1.000e+000
85 2-2  1.266e-001 -2.561e-001  1.786e-001 -5.007e-001  1.000e+000
85 2-3  1.791e-002  1.496e-001 -2.415e-001 -1.050e-001 -8.083e-001  1.000e+000
86  9.139e-001  5.957e-002  2.654e-002  5.345e-002  7.824e-001  1.642e-001 
86 1-1  1.000e+000
86 1-2 -7.606e-001  1.000e+000
86 1-3 -3.987e-001 -2.922e-001  1.000e+000
86 2-1 -2.387e-001  2.119e-001  5.238e-002  1.000e+000
86 2-2  1.149e-001 -2.448e-001  1.767e-001 -4.535e-001  1.000e+000
86 2-3  1.764e-002  1.438e-001 -2.291e-001 -1.047e-001 -8.389e-001  1.000e+000
87  9.073e-001  6.380e-002  2.889e-002  5.027e-002  7.745e-001  1.752e-001 
87 1-1  1.000e+000
87 1-2 -7.535e-001  1.000e+000
87 1-3 -4.058e-001 -2.952e-001  1.000e+000
87 2-1 -2.373e-001  2.109e-001  5.155e-002  1.000e+000
87 2-2  1.029e-001 -2.331e-001  1.745e-001 -4.040e-001  1.000e+000
87 2-3  1.739e-002  1.385e-001 -2.178e-001 -1.057e-001 -8.670e-001  1.000e+000
88  9.003e-001  6.829e-002  3.142e-002  4.724e-002  7.660e-001  1.867e-001 
88 1-1  1.000e+000
88 1-2 -7.459e-001  1.000e+000
88 1-3 -4.127e-001 -2.989e-001  1.000e+000
88 2-1 -2.358e-001  2.099e-001  5.085e-002  1.000e+000
88 2-2  9.114e-002 -2.214e-001  1.722e-001 -3.536e-001  1.000e+000
88 2-3  1.721e-002  1.338e-001 -2.076e-001 -1.079e-001 -8.918e-001  1.000e+000
89  8.928e-001  7.305e-002  3.416e-002  4.434e-002  7.568e-001  1.988e-001 
89 1-1  1.000e+000
89 1-2 -7.378e-001  1.000e+000
89 1-3 -4.194e-001 -3.034e-001  1.000e+000
89 2-1 -2.344e-001  2.087e-001  5.028e-002  1.000e+000
89 2-2  7.984e-002 -2.101e-001  1.698e-001 -3.036e-001  1.000e+000
89 2-3  1.711e-002  1.298e-001 -1.987e-001 -1.114e-001 -9.130e-001  1.000e+000
90  8.848e-001  7.810e-002  3.711e-002  4.157e-002  7.470e-001  2.115e-001 
90 1-1  1.000e+000
90 1-2 -7.292e-001  1.000e+000
90 1-3 -4.258e-001 -3.087e-001  1.000e+000
90 2-1 -2.331e-001  2.073e-001  4.983e-002  1.000e+000
90 2-2  6.918e-002 -1.993e-001  1.674e-001 -2.551e-001  1.000e+000
90 2-3  1.712e-002  1.263e-001 -1.908e-001 -1.163e-001 -9.307e-001  1.000e+000