
#****** ******
# ATMadl.txt
#IMaCh version 0.99r45, April 2023,INED-EUROREVES-Institut de longevite-Japan Society for the Promotion of Science (Grant-in-Aid for Scientific Research 25293121), Intel Software 2015-2020, Nihon University 2021-202, INED 2000-2022
#$Revision: 1.353 $ $Date: 2023/05/08 18:48:22 $
# Tue Feb 04 22:03:38 2025
# Health expectancies with standard errors
# Age e11 (SE) e12 (SE) e1.  e21 (SE) e22 (SE) e2. 
 50   28.2783 (1.1054)    2.6789 (0.3834)   30.9572 (1.1732)   25.9973 (1.5338)    3.9995 (0.5863)   29.9969 (1.4892)
 51   27.3613 (1.0904)    2.6709 (0.3825)   30.0321 (1.1568)   24.9436 (1.5451)    4.0352 (0.5847)   28.9787 (1.5083)
 52   26.4510 (1.0756)    2.6618 (0.3816)   29.1128 (1.1408)   23.8896 (1.5549)    4.0700 (0.5825)   27.9595 (1.5280)
 53   25.5479 (1.0611)    2.6518 (0.3807)   28.1997 (1.1250)   22.8362 (1.5627)    4.1034 (0.5799)   26.9396 (1.5478)
 54   24.6527 (1.0470)    2.6405 (0.3798)   27.2933 (1.1096)   21.7845 (1.5680)    4.1351 (0.5769)   25.9197 (1.5669)
 55   23.7661 (1.0332)    2.6280 (0.3789)   26.3941 (1.0946)   20.7360 (1.5699)    4.1645 (0.5738)   24.9004 (1.5844)
 56   22.8888 (1.0199)    2.6141 (0.3781)   25.5028 (1.0801)   19.6920 (1.5681)    4.1909 (0.5705)   23.8829 (1.5996)
 57   22.0214 (1.0070)    2.5987 (0.3772)   24.6201 (1.0661)   18.6545 (1.5621)    4.2138 (0.5674)   22.8684 (1.6116)
 58   21.1648 (0.9946)    2.5816 (0.3764)   23.7464 (1.0526)   17.6257 (1.5514)    4.2325 (0.5645)   21.8582 (1.6195)
 59   20.3199 (0.9827)    2.5628 (0.3756)   22.8827 (1.0397)   16.6078 (1.5358)    4.2463 (0.5620)   20.8541 (1.6227)
 60   19.4875 (0.9714)    2.5421 (0.3749)   22.0296 (1.0274)   15.6036 (1.5153)    4.2545 (0.5598)   19.8581 (1.6204)
 61   18.6685 (0.9606)    2.5195 (0.3742)   21.1880 (1.0157)   14.6157 (1.4899)    4.2565 (0.5579)   18.8722 (1.6123)
 62   17.8639 (0.9503)    2.4947 (0.3735)   20.3586 (1.0046)   13.6473 (1.4598)    4.2515 (0.5562)   17.8988 (1.5979)
 63   17.0746 (0.9406)    2.4678 (0.3729)   19.5424 (0.9942)   12.7014 (1.4255)    4.2391 (0.5546)   16.9405 (1.5772)
 64   16.3015 (0.9315)    2.4387 (0.3723)   18.7401 (0.9844)   11.7811 (1.3873)    4.2188 (0.5527)   15.9998 (1.5502)
 65   15.5455 (0.9228)    2.4072 (0.3718)   17.9528 (0.9752)   10.8894 (1.3459)    4.1901 (0.5503)   15.0795 (1.5172)
 66   14.8076 (0.9147)    2.3735 (0.3713)   17.1811 (0.9666)   10.0293 (1.3017)    4.1528 (0.5470)   14.1820 (1.4785)
 67   14.0887 (0.9070)    2.3374 (0.3709)   16.4261 (0.9586)    9.2035 (1.2553)    4.1067 (0.5427)   13.3102 (1.4347)
 68   13.3895 (0.8997)    2.2989 (0.3706)   15.6884 (0.9511)    8.4145 (1.2073)    4.0518 (0.5371)   12.4663 (1.3865)
 69   12.7108 (0.8927)    2.2582 (0.3704)   14.9690 (0.9442)    7.6643 (1.1581)    3.9884 (0.5301)   11.6527 (1.3348)
 70   12.0534 (0.8861)    2.2152 (0.3703)   14.2686 (0.9378)    6.9547 (1.1080)    3.9165 (0.5217)   10.8712 (1.2804)
 71   11.4176 (0.8796)    2.1701 (0.3702)   13.5878 (0.9318)    6.2870 (1.0573)    3.8367 (0.5120)   10.1237 (1.2241)
 72   10.8042 (0.8733)    2.1230 (0.3703)   12.9272 (0.9262)    5.6619 (1.0064)    3.7494 (0.5011)    9.4114 (1.1670)
 73   10.2133 (0.8671)    2.0741 (0.3704)   12.2874 (0.9208)    5.0799 (0.9554)    3.6554 (0.4894)    8.7353 (1.1099)
 74    9.6454 (0.8609)    2.0234 (0.3706)   11.6689 (0.9156)    4.5408 (0.9044)    3.5553 (0.4773)    8.0960 (1.0537)
 75    9.1006 (0.8545)    1.9713 (0.3709)   11.0719 (0.9106)    4.0439 (0.8537)    3.4499 (0.4651)    7.4939 (0.9990)
 76    8.5789 (0.8480)    1.9178 (0.3713)   10.4968 (0.9055)    3.5885 (0.8033)    3.3402 (0.4534)    6.9287 (0.9466)
 77    8.0803 (0.8411)    1.8633 (0.3717)    9.9437 (0.9003)    3.1731 (0.7534)    3.2268 (0.4425)    6.4000 (0.8971)
 78    7.6047 (0.8339)    1.8079 (0.3721)    9.4126 (0.8949)    2.7961 (0.7041)    3.1109 (0.4328)    5.9070 (0.8507)
 79    7.1516 (0.8262)    1.7519 (0.3725)    8.9035 (0.8892)    2.4557 (0.6558)    2.9931 (0.4247)    5.4488 (0.8079)
 80    6.7209 (0.8179)    1.6955 (0.3728)    8.4164 (0.8830)    2.1498 (0.6086)    2.8743 (0.4182)    5.0241 (0.7688)
 81    6.3120 (0.8090)    1.6390 (0.3729)    7.9510 (0.8763)    1.8760 (0.5627)    2.7554 (0.4135)    4.6314 (0.7334)
 82    5.9245 (0.7995)    1.5825 (0.3729)    7.5070 (0.8690)    1.6322 (0.5183)    2.6370 (0.4104)    4.2692 (0.7015)
 83    5.5577 (0.7892)    1.5263 (0.3727)    7.0840 (0.8609)    1.4160 (0.4756)    2.5198 (0.4088)    3.9359 (0.6731)
 84    5.2111 (0.7781)    1.4706 (0.3722)    6.6817 (0.8522)    1.2251 (0.4349)    2.4045 (0.4083)    3.6296 (0.6476)
 85    4.8839 (0.7662)    1.4157 (0.3714)    6.2996 (0.8426)    1.0572 (0.3961)    2.2915 (0.4087)    3.3487 (0.6249)
 86    4.5755 (0.7535)    1.3616 (0.3703)    5.9371 (0.8322)    0.9100 (0.3595)    2.1813 (0.4095)    3.0913 (0.6045)
 87    4.2851 (0.7400)    1.3085 (0.3688)    5.5936 (0.8209)    0.7815 (0.3252)    2.0743 (0.4106)    2.8558 (0.5860)
 88    4.0119 (0.7257)    1.2566 (0.3670)    5.2686 (0.8088)    0.6697 (0.2931)    1.9707 (0.4115)    2.6405 (0.5691)
 89    3.7553 (0.7107)    1.2061 (0.3648)    4.9614 (0.7959)    0.5728 (0.2633)    1.8710 (0.4121)    2.4437 (0.5534)
 90    3.5143 (0.6949)    1.1570 (0.3622)    4.6713 (0.7823)    0.4889 (0.2359)    1.7751 (0.4121)    2.2640 (0.5386)
