
#****** ******
# ATMadl.txt
#IMaCh version 0.99r45, April 2023,INED-EUROREVES-Institut de longevite-Japan Society for the Promotion of Science (Grant-in-Aid for Scientific Research 25293121), Intel Software 2015-2020, Nihon University 2021-202, INED 2000-2022
#$Revision: 1.353 $ $Date: 2023/05/08 18:48:22 $
# Tue Feb 04 22:03:38 2025
# Variance and covariance of health expectancies e.j 
#  (weighted average of eij where weights are the age specific period (stable) prevalences in each health state 
# Age Cov(e.1, e.1) Cov(e.1, e.2) Cov(e.2, e.1) Cov(e.2, e.2)
50  1.2255 0.0018 0.0018 0.1486
51  1.1933 -0.0006 -0.0006 0.1481
52  1.1622 -0.0030 -0.0030 0.1476
53  1.1322 -0.0053 -0.0053 0.1470
54  1.1052 -0.0077 -0.0077 0.1464
55  1.0760 -0.0096 -0.0096 0.1460
56  1.0499 -0.0117 -0.0117 0.1456
57  1.0252 -0.0137 -0.0137 0.1452
58  1.0019 -0.0156 -0.0156 0.1448
59  0.9800 -0.0174 -0.0174 0.1444
60  0.9594 -0.0192 -0.0192 0.1441
61  0.9402 -0.0210 -0.0210 0.1439
62  0.9222 -0.0227 -0.0227 0.1437
63  0.9054 -0.0244 -0.0244 0.1436
64  0.8897 -0.0262 -0.0262 0.1435
65  0.8749 -0.0280 -0.0280 0.1435
66  0.8611 -0.0298 -0.0298 0.1435
67  0.8480 -0.0317 -0.0317 0.1436
68  0.8356 -0.0337 -0.0337 0.1437
69  0.8237 -0.0357 -0.0357 0.1439
70  0.8121 -0.0378 -0.0378 0.1440
71  0.7994 -0.0400 -0.0400 0.1447
72  0.7896 -0.0420 -0.0420 0.1445
73  0.7783 -0.0442 -0.0442 0.1447
74  0.7667 -0.0463 -0.0463 0.1450
75  0.7548 -0.0483 -0.0483 0.1453
76  0.7423 -0.0504 -0.0504 0.1457
77  0.7292 -0.0523 -0.0523 0.1461
78  0.7153 -0.0542 -0.0542 0.1466
79  0.7004 -0.0561 -0.0561 0.1472
80  0.6847 -0.0580 -0.0580 0.1478
81  0.6680 -0.0600 -0.0600 0.1486
82  0.6505 -0.0620 -0.0620 0.1493
83  0.6321 -0.0641 -0.0641 0.1502
84  0.6130 -0.0664 -0.0664 0.1510
85  0.5934 -0.0689 -0.0689 0.1519
86  0.5734 -0.0716 -0.0716 0.1527
87  0.5533 -0.0745 -0.0745 0.1535
88  0.5331 -0.0777 -0.0777 0.1541
89  0.5131 -0.0810 -0.0810 0.1545
90  0.4933 -0.0844 -0.0844 0.1547
