
#****** ******
# ATMadl.txt
#IMaCh version 0.99r45, April 2023,INED-EUROREVES-Institut de longevite-Japan Society for the Promotion of Science (Grant-in-Aid for Scientific Research 25293121), Intel Software 2015-2020, Nihon University 2021-202, INED 2000-2022
#$Revision: 1.353 $ $Date: 2023/05/08 18:48:22 $
# Tue Feb 04 22:03:38 2025
# Standard deviation of period (forward stable) prevalences 
# Age  Result#  1-1 2-2
50 1  0.98838 (0.00478) 0.01163 (0.00479)
51 1  0.98712 (0.00511) 0.01288 (0.00511)
52 1  0.98573 (0.00545) 0.01428 (0.00546)
53 1  0.98419 (0.00580) 0.01581 (0.00581)
54 1  0.98249 (0.00617) 0.01752 (0.00594)
55 1  0.98062 (0.00654) 0.01939 (0.00655)
56 1  0.97855 (0.00693) 0.02146 (0.00694)
57 1  0.97627 (0.00732) 0.02375 (0.00734)
58 1  0.97376 (0.00773) 0.02626 (0.00774)
59 1  0.97100 (0.00813) 0.02902 (0.00815)
60 1  0.96797 (0.00855) 0.03205 (0.00856)
61 1  0.96465 (0.00896) 0.03537 (0.00898)
62 1  0.96102 (0.00938) 0.03900 (0.00939)
63 1  0.95706 (0.00980) 0.04297 (0.00982)
64 1  0.95275 (0.01023) 0.04728 (0.01025)
65 1  0.94806 (0.01066) 0.05196 (0.01068)
66 1  0.94298 (0.01111) 0.05706 (0.01114)
67 1  0.93748 (0.01159) 0.06255 (0.01161)
68 1  0.93156 (0.01210) 0.06847 (0.01211)
69 1  0.92519 (0.01266) 0.07485 (0.01268)
70 1  0.91837 (0.01328) 0.08167 (0.01330)
71 1  0.91107 (0.01400) 0.08896 (0.01400)
72 1  0.90331 (0.01482) 0.09674 (0.01485)
73 1  0.89508 (0.01579) 0.10497 (0.01581)
74 1  0.88637 (0.01691) 0.11369 (0.01694)
75 1  0.87721 (0.01821) 0.12285 (0.01824)
76 1  0.86759 (0.01973) 0.13248 (0.01976)
77 1  0.85754 (0.02147) 0.14253 (0.02149)
78 1  0.84708 (0.02345) 0.15300 (0.02348)
79 1  0.83623 (0.02570) 0.16384 (0.02573)
80 1  0.82503 (0.02823) 0.17506 (0.02826)
81 1  0.81350 (0.03106) 0.18661 (0.03110)
82 1  0.80168 (0.03421) 0.19841 (0.03425)
83 1  0.78961 (0.03771) 0.21049 (0.03775)
84 1  0.77733 (0.04158) 0.22279 (0.04162)
85 1  0.76487 (0.04585) 0.23526 (0.04589)
86 1  0.75227 (0.05054) 0.24787 (0.05059)
87 1  0.73957 (0.05569) 0.26058 (0.05574)
88 1  0.72679 (0.06132) 0.27336 (0.06137)
89 1  0.71396 (0.06745) 0.28619 (0.06750)
90 1  0.70112 (0.07410) 0.29903 (0.07415)
