# ATMgali.txt
#IMaCh version 0.99r45, April 2023,INED-EUROREVES-Institut de longevite-Japan Society for the Promotion of Science (Grant-in-Aid for Scientific Research 25293121), Intel Software 2015-2020, Nihon University 2021-202, INED 2000-2022
#$Revision: 1.353 $ $Date: 2023/05/08 18:48:22 $
# Tue Feb 04 20:24:32 2025

#****** ******
# (a) Life expectancies by health status at initial age and (b) health expectancies by health status at initial age
# Age e11  e12  e1.  e21  e22  e2. 
 50  27.0964   4.2529  31.3493  22.4341   6.5749  29.0091
 51  26.2364   4.1863  30.4227  21.4645   6.4996  27.9641
 52  25.3859   4.1172  29.5031  20.5062   6.4189  26.9251
 53  24.5453   4.0459  28.5912  19.5603   6.3329  25.8932
 54  23.7153   3.9722  27.6874  18.6281   6.2415  24.8696
 55  22.8963   3.8961  26.7924  17.7108   6.1447  23.8555
 56  22.0889   3.8179  25.9067  16.8096   6.0427  22.8523
 57  21.2935   3.7374  25.0309  15.9258   5.9355  21.8613
 58  20.5108   3.6548  24.1656  15.0607   5.8232  20.8838
 59  19.7412   3.5702  23.3114  14.2155   5.7060  19.9214
 60  18.9851   3.4837  22.4688  13.3914   5.5841  18.9755
 61  18.2432   3.3954  21.6386  12.5897   5.4578  18.0475
 62  17.5158   3.3054  20.8212  11.8114   5.3273  17.1387
 63  16.8033   3.2139  20.0172  11.0577   5.1930  16.2507
 64  16.1062   3.1210  19.2272  10.3295   5.0552  15.3847
 65  15.4249   3.0269  18.4517   9.6277   4.9143  14.5420
 66  14.7595   2.9318  17.6913   8.9530   4.7707  13.7238
 67  14.1105   2.8358  16.9463   8.3062   4.6250  12.9312
 68  13.4780   2.7392  16.2172   7.6878   4.4774  12.1652
 69  12.8623   2.6421  15.5044   7.0981   4.3286  11.4267
 70  12.2636   2.5448  14.8083   6.5374   4.1789  10.7164
 71  11.6819   2.4474  14.1293   6.0059   4.0290  10.0349
 72  11.1173   2.3502  13.4674   5.5035   3.8792   9.3827
 73  10.5698   2.2533  12.8231   5.0301   3.7300   8.7601
 74  10.0395   2.1571  12.1966   4.5854   3.5819   8.1673
 75   9.5262   2.0616  11.5878   4.1689   3.4354   7.6042
 76   9.0299   1.9671  10.9971   3.7800   3.2908   7.0708
 77   8.5505   1.8738  10.4244   3.4182   3.1486   6.5668
 78   8.0878   1.7819   9.8698   3.0825   3.0092   6.0917
 79   7.6417   1.6916   9.3332   2.7722   2.8728   5.6451
 80   7.2119   1.6029   8.8148   2.4863   2.7399   5.2262
 81   6.7982   1.5162   8.3144   2.2236   2.6106   4.8342
 82   6.4004   1.4315   7.8319   1.9832   2.4852   4.4684
 83   6.0183   1.3490   7.3673   1.7639   2.3639   4.1278
 84   5.6517   1.2688   6.9205   1.5644   2.2469   3.8113
 85   5.3003   1.1910   6.4913   1.3837   2.1342   3.5179
 86   4.9638   1.1158   6.0796   1.2205   2.0260   3.2465
 87   4.6421   1.0433   5.6854   1.0736   1.9222   2.9959
 88   4.3349   0.9734   5.3083   0.9419   1.8231   2.7650
 89   4.0420   0.9064   4.9483   0.8242   1.7284   2.5526
 90   3.7631   0.8421   4.6053   0.7193   1.6383   2.3576
