# Powell
# iter -2*LL p12 p13 p21 p23
1 1 1287.176294226754 0 -5.817461100000 0.042543100000 -14.763141100000 0.139669400000 -0.128733900000 -0.017026600000 -7.487971600000 0.079847300000
2 2 1202.098954187529 0 -6.275140468889 0.042499340763 -16.129238416267 0.140023467984 -0.738255815800 -0.016834180638 -8.284277845344 0.079788494708
3 2 1198.593647909625 0 -6.396473771326 0.042523024316 -15.741439884836 0.140097840383 -0.899095324332 -0.016862776363 -8.347074559874 0.079735100934
4 3 1198.276911939088 0 -6.463911322770 0.042522152794 -15.708841559717 0.140143862807 -0.923037344274 -0.016910082132 -8.354262264484 0.079677906737
5 3 1198.275429793829 0 -6.462761865364 0.042505573398 -15.711210002621 0.140179339657 -0.920142963525 -0.016953033511 -8.350478628264 0.079678630861
6 4 1198.210285157385 0 -6.389317440727 0.041440639974 -15.891033495015 0.142400945069 -0.739525698127 -0.019611012329 -8.111932036448 0.076573590203
7 4 1198.210100200195 0 -6.389295274520 0.041443739922 -15.895395979869 0.142427633189 -0.739687646230 -0.019608564923 -8.111828430218 0.076572303363
8 5 1198.208656895361 0 -6.395485423110 0.041588155161 -15.968613862572 0.143314878210 -0.743330365290 -0.019540479281 -8.106190782882 0.076514389761
9 5 1198.207173987936 1 -6.402941553965 0.041676600261 -16.011652115074 0.143854015909 -0.746517334926 -0.019498837566 -8.102974588293 0.076474982233
10 6 1198.206369476171 1 -6.413918444682 0.041807203790 -16.074277513436 0.144639165396 -0.751648895241 -0.019430509323 -8.098693458557 0.076422786103
11 6 1198.206365539704 1 -6.413802654677 0.041805188190 -16.073940932703 0.144634738774 -0.751730643624 -0.019429390923 -8.098613816432 0.076421672702
12 7 1198.206244391338 1 -6.409890121541 0.041751339167 -16.084821128851 0.144773788757 -0.759037513796 -0.019320684062 -8.092234880357 0.076339879568
13 7 1198.206243110209 1 -6.409728023257 0.041747689858 -16.083078030432 0.144753497550 -0.759076698782 -0.019320585782 -8.092364907494 0.076340982438
14 8 1198.206242731373 1 -6.409717779231 0.041746741417 -16.081834282182 0.144739403082 -0.759120107199 -0.019320332115 -8.092324755711 0.076340077778
15 8 1198.206242375927 1 -6.409787961024 0.041747773826 -16.081688234316 0.144737225057 -0.759168123410 -0.019319576083 -8.092243725380 0.076339082478
16 9 1198.206240608925 2 -6.410646514680 0.041760667216 -16.080388521530 0.144719761773 -0.759518314475 -0.019314159264 -8.091530450205 0.076330023624
17 9 1198.206240608027 2 -6.410648790940 0.041760700580 -16.080380964091 0.144719785314 -0.759510828936 -0.019314285811 -8.091527551129 0.076329984348
18 10 1198.206240607923 2 -6.410649283112 0.041760721783 -16.080402105580 0.144720038109 -0.759510203916 -0.019314291854 -8.091528264008 0.076329996737
19 10 1198.206240607922 3 -6.410649284434 0.041760721801 -16.080402101903 0.144720038062 -0.759510201446 -0.019314291891 -8.091528266164 0.076329996765
20 11 1198.206240607922 3 -6.410649284434 0.041760721801 -16.080402101903 0.144720038062 -0.759510201446 -0.019314291891 -8.091528266164 0.076329996765
