# ATMgali.txt
#IMaCh version 0.99r45, April 2023,INED-EUROREVES-Institut de longevite-Japan Society for the Promotion of Science (Grant-in-Aid for Scientific Research 25293121), Intel Software 2015-2020, Nihon University 2021-202, INED 2000-2022
#$Revision: 1.353 $ $Date: 2023/05/08 18:48:22 $
# Tue Feb 04 20:24:32 2025
#One-step probabilities and stand. devi in ()
# Age p1-1 (SE) p1-2 (SE) p1-3 (SE) p2-1 (SE) p2-2 (SE) p2-3 (SE)
50  9.868e-001 ( 3.448e-003)  1.309e-002 ( 3.461e-003)  1.423e-004 ( 1.895e-004)  1.494e-001 ( 3.720e-002)  8.389e-001 ( 3.733e-002)  1.167e-002 ( 5.346e-003) 
51  9.862e-001 ( 3.439e-003)  1.364e-002 ( 3.454e-003)  1.643e-004 ( 2.121e-004)  1.469e-001 ( 3.503e-002)  8.405e-001 ( 3.522e-002)  1.262e-002 ( 5.592e-003) 
52  9.856e-001 ( 3.426e-003)  1.421e-002 ( 3.442e-003)  1.898e-004 ( 2.371e-004)  1.443e-001 ( 3.294e-002)  8.420e-001 ( 3.319e-002)  1.365e-002 ( 5.842e-003) 
53  9.850e-001 ( 3.408e-003)  1.481e-002 ( 3.425e-003)  2.192e-004 ( 2.649e-004)  1.418e-001 ( 3.094e-002)  8.435e-001 ( 3.125e-002)  1.475e-002 ( 6.098e-003) 
54  9.843e-001 ( 3.385e-003)  1.543e-002 ( 3.404e-003)  2.532e-004 ( 2.956e-004)  1.393e-001 ( 2.901e-002)  8.448e-001 ( 2.941e-002)  1.595e-002 ( 6.357e-003) 
55  9.836e-001 ( 3.358e-003)  1.608e-002 ( 3.378e-003)  2.924e-004 ( 3.295e-004)  1.368e-001 ( 2.718e-002)  8.459e-001 ( 2.768e-002)  1.724e-002 ( 6.619e-003) 
56  9.829e-001 ( 3.326e-003)  1.675e-002 ( 3.349e-003)  3.377e-004 ( 3.668e-004)  1.344e-001 ( 2.544e-002)  8.470e-001 ( 2.604e-002)  1.863e-002 ( 6.883e-003) 
57  9.822e-001 ( 3.291e-003)  1.745e-002 ( 3.315e-003)  3.900e-004 ( 4.079e-004)  1.319e-001 ( 2.381e-002)  8.479e-001 ( 2.453e-002)  2.013e-002 ( 7.148e-003) 
58  9.814e-001 ( 3.254e-003)  1.818e-002 ( 3.279e-003)  4.504e-004 ( 4.529e-004)  1.295e-001 ( 2.227e-002)  8.487e-001 ( 2.313e-002)  2.174e-002 ( 7.414e-003) 
59  9.805e-001 ( 3.215e-003)  1.894e-002 ( 3.242e-003)  5.201e-004 ( 5.023e-004)  1.272e-001 ( 2.086e-002)  8.494e-001 ( 2.185e-002)  2.349e-002 ( 7.679e-003) 
60  9.797e-001 ( 3.176e-003)  1.973e-002 ( 3.204e-003)  6.005e-004 ( 5.563e-004)  1.248e-001 ( 1.956e-002)  8.498e-001 ( 2.072e-002)  2.536e-002 ( 7.943e-003) 
61  9.788e-001 ( 3.140e-003)  2.055e-002 ( 3.168e-003)  6.934e-004 ( 6.152e-004)  1.225e-001 ( 1.840e-002)  8.502e-001 ( 1.972e-002)  2.739e-002 ( 8.204e-003) 
62  9.778e-001 ( 3.108e-003)  2.141e-002 ( 3.137e-003)  8.005e-004 ( 6.793e-004)  1.201e-001 ( 1.737e-002)  8.503e-001 ( 1.887e-002)  2.956e-002 ( 8.463e-003) 
63  9.768e-001 ( 3.084e-003)  2.230e-002 ( 3.113e-003)  9.242e-004 ( 7.489e-004)  1.178e-001 ( 1.650e-002)  8.503e-001 ( 1.818e-002)  3.191e-002 ( 8.718e-003) 
64  9.757e-001 ( 3.072e-003)  2.322e-002 ( 3.100e-003)  1.067e-003 ( 8.242e-004)  1.155e-001 ( 1.577e-002)  8.500e-001 ( 1.764e-002)  3.443e-002 ( 8.970e-003) 
65  9.746e-001 ( 3.076e-003)  2.419e-002 ( 3.102e-003)  1.232e-003 ( 9.057e-004)  1.133e-001 ( 1.521e-002)  8.496e-001 ( 1.724e-002)  3.714e-002 ( 9.219e-003) 
66  9.734e-001 ( 3.101e-003)  2.519e-002 ( 3.125e-003)  1.422e-003 ( 9.936e-004)  1.110e-001 ( 1.481e-002)  8.489e-001 ( 1.700e-002)  4.005e-002 ( 9.468e-003) 
67  9.721e-001 ( 3.153e-003)  2.623e-002 ( 3.175e-003)  1.641e-003 ( 1.088e-003)  1.088e-001 ( 1.456e-002)  8.480e-001 ( 1.690e-002)  4.319e-002 ( 9.717e-003) 
68  9.708e-001 ( 3.235e-003)  2.731e-002 ( 3.255e-003)  1.894e-003 ( 1.190e-003)  1.066e-001 ( 1.446e-002)  8.469e-001 ( 1.692e-002)  4.655e-002 ( 9.971e-003) 
69  9.694e-001 ( 3.355e-003)  2.843e-002 ( 3.373e-003)  2.186e-003 ( 1.300e-003)  1.043e-001 ( 1.450e-002)  8.455e-001 ( 1.707e-002)  5.016e-002 ( 1.023e-002) 
70  9.679e-001 ( 3.514e-003)  2.960e-002 ( 3.531e-003)  2.522e-003 ( 1.419e-003)  1.021e-001 ( 1.465e-002)  8.438e-001 ( 1.732e-002)  5.403e-002 ( 1.052e-002) 
71  9.663e-001 ( 3.717e-003)  3.081e-002 ( 3.735e-003)  2.910e-003 ( 1.548e-003)  9.996e-002 ( 1.490e-002)  8.419e-001 ( 1.766e-002)  5.818e-002 ( 1.082e-002) 
72  9.646e-001 ( 3.967e-003)  3.207e-002 ( 3.987e-003)  3.357e-003 ( 1.689e-003)  9.779e-002 ( 1.523e-002)  8.396e-001 ( 1.809e-002)  6.262e-002 ( 1.117e-002) 
73  9.628e-001 ( 4.264e-003)  3.337e-002 ( 4.288e-003)  3.873e-003 ( 1.844e-003)  9.562e-002 ( 1.562e-002)  8.370e-001 ( 1.860e-002)  6.738e-002 ( 1.157e-002) 
74  9.608e-001 ( 4.612e-003)  3.472e-002 ( 4.641e-003)  4.467e-003 ( 2.019e-003)  9.346e-002 ( 1.606e-002)  8.341e-001 ( 1.919e-002)  7.247e-002 ( 1.204e-002) 
75  9.587e-001 ( 5.010e-003)  3.613e-002 ( 5.045e-003)  5.151e-003 ( 2.220e-003)  9.131e-002 ( 1.654e-002)  8.308e-001 ( 1.985e-002)  7.791e-002 ( 1.261e-002) 
76  9.565e-001 ( 5.463e-003)  3.758e-002 ( 5.501e-003)  5.939e-003 ( 2.454e-003)  8.917e-002 ( 1.703e-002)  8.271e-001 ( 2.058e-002)  8.372e-002 ( 1.329e-002) 
77  9.541e-001 ( 5.973e-003)  3.908e-002 ( 6.009e-003)  6.847e-003 ( 2.734e-003)  8.703e-002 ( 1.752e-002)  8.230e-001 ( 2.141e-002)  8.992e-002 ( 1.411e-002) 
78  9.515e-001 ( 6.545e-003)  4.064e-002 ( 6.570e-003)  7.891e-003 ( 3.075e-003)  8.491e-002 ( 1.802e-002)  8.186e-001 ( 2.233e-002)  9.652e-002 ( 1.509e-002) 
79  9.487e-001 ( 7.187e-003)  4.225e-002 ( 7.183e-003)  9.093e-003 ( 3.497e-003)  8.278e-002 ( 1.851e-002)  8.137e-001 ( 2.336e-002)  1.036e-001 ( 1.625e-002) 
80  9.456e-001 ( 7.910e-003)  4.391e-002 ( 7.850e-003)  1.048e-002 ( 4.024e-003)  8.066e-002 ( 1.898e-002)  8.083e-001 ( 2.452e-002)  1.110e-001 ( 1.762e-002) 
81  9.423e-001 ( 8.728e-003)  4.562e-002 ( 8.571e-003)  1.206e-002 ( 4.686e-003)  7.855e-002 ( 1.942e-002)  8.025e-001 ( 2.582e-002)  1.190e-001 ( 1.921e-002) 
82  9.387e-001 ( 9.661e-003)  4.738e-002 ( 9.347e-003)  1.389e-002 ( 5.516e-003)  7.644e-002 ( 1.984e-002)  7.962e-001 ( 2.729e-002)  1.274e-001 ( 2.104e-002) 
83  9.348e-001 ( 1.074e-002)  4.920e-002 ( 1.018e-002)  1.599e-002 ( 6.553e-003)  7.434e-002 ( 2.024e-002)  7.893e-001 ( 2.894e-002)  1.363e-001 ( 2.312e-002) 
84  9.305e-001 ( 1.198e-002)  5.106e-002 ( 1.106e-002)  1.839e-002 ( 7.841e-003)  7.224e-002 ( 2.059e-002)  7.820e-001 ( 3.079e-002)  1.458e-001 ( 2.546e-002) 
85  9.259e-001 ( 1.345e-002)  5.297e-002 ( 1.201e-002)  2.115e-002 ( 9.430e-003)  7.014e-002 ( 2.092e-002)  7.741e-001 ( 3.287e-002)  1.557e-001 ( 2.806e-002) 
86  9.208e-001 ( 1.518e-002)  5.493e-002 ( 1.301e-002)  2.431e-002 ( 1.138e-002)  6.805e-002 ( 2.120e-002)  7.657e-001 ( 3.518e-002)  1.663e-001 ( 3.093e-002) 
87  9.152e-001 ( 1.725e-002)  5.692e-002 ( 1.407e-002)  2.792e-002 ( 1.375e-002)  6.596e-002 ( 2.145e-002)  7.567e-001 ( 3.773e-002)  1.774e-001 ( 3.407e-002) 
88  9.090e-001 ( 1.971e-002)  5.895e-002 ( 1.520e-002)  3.205e-002 ( 1.661e-002)  6.388e-002 ( 2.165e-002)  7.471e-001 ( 4.054e-002)  1.890e-001 ( 3.748e-002) 
89  9.022e-001 ( 2.264e-002)  6.100e-002 ( 1.638e-002)  3.677e-002 ( 2.005e-002)  6.181e-002 ( 2.181e-002)  7.370e-001 ( 4.360e-002)  2.012e-001 ( 4.116e-002) 
90  8.948e-001 ( 2.615e-002)  6.308e-002 ( 1.763e-002)  4.214e-002 ( 2.416e-002)  5.974e-002 ( 2.193e-002)  7.262e-001 ( 4.692e-002)  2.140e-001 ( 4.508e-002) 