# ATMgali.txt
#IMaCh version 0.99r45, April 2023,INED-EUROREVES-Institut de longevite-Japan Society for the Promotion of Science (Grant-in-Aid for Scientific Research 25293121), Intel Software 2015-2020, Nihon University 2021-202, INED 2000-2022
#$Revision: 1.353 $ $Date: 2023/05/08 18:48:22 $
# Tue Feb 04 20:24:32 2025
#One-step probabilities and correlation matrix
# Age p1-1  p1-2  p1-3  p2-1  p2-2  p2-3 
50  9.868e-001  1.309e-002  1.423e-004  1.494e-001  8.389e-001  1.167e-002 
50 1-1  1.000e+000
50 1-2 -9.985e-001  1.000e+000
50 1-3  4.277e-002 -9.735e-002  1.000e+000
50 2-1 -2.296e-001  2.271e-001  2.890e-002  1.000e+000
50 2-2  2.310e-001 -2.305e-001  6.774e-003 -9.897e-001  1.000e+000
50 2-3 -1.553e-002  2.907e-002 -2.484e-001 -4.770e-002 -9.567e-002  1.000e+000
51  9.862e-001  1.364e-002  1.643e-004  1.469e-001  8.405e-001  1.262e-002 
51 1-1  1.000e+000
51 1-2 -9.981e-001  1.000e+000
51 1-3  3.845e-002 -9.969e-002  1.000e+000
51 2-1 -2.301e-001  2.274e-001  2.820e-002  1.000e+000
51 2-2  2.313e-001 -2.310e-001  1.165e-002 -9.873e-001  1.000e+000
51 2-3 -1.524e-002  3.053e-002 -2.500e-001 -4.698e-002 -1.120e-001  1.000e+000
52  9.856e-001  1.421e-002  1.898e-004  1.443e-001  8.420e-001  1.365e-002 
52 1-1  1.000e+000
52 1-2 -9.976e-001  1.000e+000
52 1-3  3.354e-002 -1.023e-001  1.000e+000
52 2-1 -2.306e-001  2.276e-001  2.747e-002  1.000e+000
52 2-2  2.315e-001 -2.316e-001  1.705e-002 -9.844e-001  1.000e+000
52 2-3 -1.485e-002  3.212e-002 -2.518e-001 -4.647e-002 -1.299e-001  1.000e+000
53  9.850e-001  1.481e-002  2.192e-004  1.418e-001  8.435e-001  1.475e-002 
53 1-1  1.000e+000
53 1-2 -9.970e-001  1.000e+000
53 1-3  2.796e-002 -1.051e-001  1.000e+000
53 2-1 -2.311e-001  2.278e-001  2.671e-002  1.000e+000
53 2-2  2.316e-001 -2.321e-001  2.305e-002 -9.808e-001  1.000e+000
53 2-3 -1.433e-002  3.387e-002 -2.536e-001 -4.620e-002 -1.494e-001  1.000e+000
54  9.843e-001  1.543e-002  2.532e-004  1.393e-001  8.448e-001  1.595e-002 
54 1-1  1.000e+000
54 1-2 -9.962e-001  1.000e+000
54 1-3  2.163e-002 -1.083e-001  1.000e+000
54 2-1 -2.317e-001  2.281e-001  2.591e-002  1.000e+000
54 2-2  2.315e-001 -2.328e-001  2.969e-002 -9.764e-001  1.000e+000
54 2-3 -1.367e-002  3.579e-002 -2.556e-001 -4.620e-002 -1.705e-001  1.000e+000
55  9.836e-001  1.608e-002  2.924e-004  1.368e-001  8.459e-001  1.724e-002 
55 1-1  1.000e+000
55 1-2 -9.952e-001  1.000e+000
55 1-3  1.445e-002 -1.119e-001  1.000e+000
55 2-1 -2.323e-001  2.285e-001  2.508e-002  1.000e+000
55 2-2  2.313e-001 -2.335e-001  3.701e-002 -9.710e-001  1.000e+000
55 2-3 -1.286e-002  3.792e-002 -2.578e-001 -4.648e-002 -1.935e-001  1.000e+000
56  9.829e-001  1.675e-002  3.377e-004  1.344e-001  8.470e-001  1.863e-002 
56 1-1  1.000e+000
56 1-2 -9.940e-001  1.000e+000
56 1-3  6.340e-003 -1.158e-001  1.000e+000
56 2-1 -2.330e-001  2.288e-001  2.423e-002  1.000e+000
56 2-2  2.308e-001 -2.342e-001  4.507e-002 -9.645e-001  1.000e+000
56 2-3 -1.188e-002  4.029e-002 -2.601e-001 -4.708e-002 -2.183e-001  1.000e+000
57  9.822e-001  1.745e-002  3.900e-004  1.319e-001  8.479e-001  2.013e-002 
57 1-1  1.000e+000
57 1-2 -9.924e-001  1.000e+000
57 1-3 -2.813e-003 -1.202e-001  1.000e+000
57 2-1 -2.338e-001  2.292e-001  2.334e-002  1.000e+000
57 2-2  2.300e-001 -2.350e-001  5.386e-002 -9.567e-001  1.000e+000
57 2-3 -1.072e-002  4.294e-002 -2.625e-001 -4.802e-002 -2.449e-001  1.000e+000
58  9.814e-001  1.818e-002  4.504e-004  1.295e-001  8.487e-001  2.174e-002 
58 1-1  1.000e+000
58 1-2 -9.904e-001  1.000e+000
58 1-3 -1.310e-002 -1.251e-001  1.000e+000
58 2-1 -2.345e-001  2.296e-001  2.244e-002  1.000e+000
58 2-2  2.289e-001 -2.359e-001  6.340e-002 -9.474e-001  1.000e+000
58 2-3 -9.347e-003  4.590e-002 -2.652e-001 -4.932e-002 -2.731e-001  1.000e+000
59  9.805e-001  1.894e-002  5.201e-004  1.272e-001  8.494e-001  2.349e-002 
59 1-1  1.000e+000
59 1-2 -9.879e-001  1.000e+000
59 1-3 -2.461e-002 -1.305e-001  1.000e+000
59 2-1 -2.353e-001  2.301e-001  2.153e-002  1.000e+000
59 2-2  2.273e-001 -2.368e-001  7.362e-002 -9.364e-001  1.000e+000
59 2-3 -7.758e-003  4.922e-002 -2.680e-001 -5.100e-002 -3.027e-001  1.000e+000
60  9.797e-001  1.973e-002  6.005e-004  1.248e-001  8.498e-001  2.536e-002 
60 1-1  1.000e+000
60 1-2 -9.848e-001  1.000e+000
60 1-3 -3.741e-002 -1.365e-001  1.000e+000
60 2-1 -2.361e-001  2.305e-001  2.064e-002  1.000e+000
60 2-2  2.252e-001 -2.379e-001  8.442e-002 -9.238e-001  1.000e+000
60 2-3 -5.939e-003  5.295e-002 -2.710e-001 -5.306e-002 -3.333e-001  1.000e+000
61  9.788e-001  2.055e-002  6.934e-004  1.225e-001  8.502e-001  2.739e-002 
61 1-1  1.000e+000
61 1-2 -9.810e-001  1.000e+000
61 1-3 -5.151e-002 -1.431e-001  1.000e+000
61 2-1 -2.369e-001  2.310e-001  1.978e-002  1.000e+000
61 2-2  2.226e-001 -2.392e-001  9.564e-002 -9.097e-001  1.000e+000
61 2-3 -3.886e-003  5.711e-002 -2.743e-001 -5.550e-002 -3.642e-001  1.000e+000
62  9.778e-001  2.141e-002  8.005e-004  1.201e-001  8.503e-001  2.956e-002 
62 1-1  1.000e+000
62 1-2 -9.764e-001  1.000e+000
62 1-3 -6.687e-002 -1.503e-001  1.000e+000
62 2-1 -2.377e-001  2.314e-001  1.901e-002  1.000e+000
62 2-2  2.195e-001 -2.406e-001  1.070e-001 -8.942e-001  1.000e+000
62 2-3 -1.608e-003  6.174e-002 -2.777e-001 -5.828e-002 -3.947e-001  1.000e+000
63  9.768e-001  2.230e-002  9.242e-004  1.178e-001  8.503e-001  3.191e-002 
63 1-1  1.000e+000
63 1-2 -9.708e-001  1.000e+000
63 1-3 -8.334e-002 -1.580e-001  1.000e+000
63 2-1 -2.384e-001  2.318e-001  1.838e-002  1.000e+000
63 2-2  2.159e-001 -2.424e-001  1.183e-001 -8.780e-001  1.000e+000
63 2-3  8.684e-004  6.685e-002 -2.814e-001 -6.133e-002 -4.239e-001  1.000e+000
64  9.757e-001  2.322e-002  1.067e-003  1.155e-001  8.500e-001  3.443e-002 
64 1-1  1.000e+000
64 1-2 -9.644e-001  1.000e+000
64 1-3 -1.006e-001 -1.662e-001  1.000e+000
64 2-1 -2.390e-001  2.321e-001  1.794e-002  1.000e+000
64 2-2  2.120e-001 -2.445e-001  1.291e-001 -8.616e-001  1.000e+000
64 2-3  3.492e-003  7.241e-002 -2.853e-001 -6.456e-002 -4.509e-001  1.000e+000
65  9.746e-001  2.419e-002  1.232e-003  1.133e-001  8.496e-001  3.714e-002 
65 1-1  1.000e+000
65 1-2 -9.571e-001  1.000e+000
65 1-3 -1.183e-001 -1.746e-001  1.000e+000
65 2-1 -2.397e-001  2.325e-001  1.778e-002  1.000e+000
65 2-2  2.081e-001 -2.470e-001  1.390e-001 -8.459e-001  1.000e+000
65 2-3  6.183e-003  7.836e-002 -2.894e-001 -6.787e-002 -4.747e-001  1.000e+000
66  9.734e-001  2.519e-002  1.422e-003  1.110e-001  8.489e-001  4.005e-002 
66 1-1  1.000e+000
66 1-2 -9.491e-001  1.000e+000
66 1-3 -1.358e-001 -1.831e-001  1.000e+000
66 2-1 -2.403e-001  2.327e-001  1.798e-002  1.000e+000
66 2-2  2.044e-001 -2.498e-001  1.479e-001 -8.315e-001  1.000e+000
66 2-3  8.832e-003  8.460e-002 -2.937e-001 -7.114e-002 -4.949e-001  1.000e+000
67  9.721e-001  2.623e-002  1.641e-003  1.088e-001  8.480e-001  4.319e-002 
67 1-1  1.000e+000
67 1-2 -9.409e-001  1.000e+000
67 1-3 -1.524e-001 -1.915e-001  1.000e+000
67 2-1 -2.410e-001  2.329e-001  1.863e-002  1.000e+000
67 2-2  2.012e-001 -2.530e-001  1.553e-001 -8.192e-001  1.000e+000
67 2-3  1.130e-002  9.096e-002 -2.981e-001 -7.426e-002 -5.110e-001  1.000e+000
68  9.708e-001  2.731e-002  1.894e-003  1.066e-001  8.469e-001  4.655e-002 
68 1-1  1.000e+000
68 1-2 -9.328e-001  1.000e+000
68 1-3 -1.673e-001 -1.994e-001  1.000e+000
68 2-1 -2.417e-001  2.330e-001  1.981e-002  1.000e+000
68 2-2  1.987e-001 -2.565e-001  1.613e-001 -8.093e-001  1.000e+000
68 2-3  1.344e-002  9.724e-002 -3.025e-001 -7.716e-002 -5.232e-001  1.000e+000
69  9.694e-001  2.843e-002  2.186e-003  1.043e-001  8.455e-001  5.016e-002 
69 1-1  1.000e+000
69 1-2 -9.253e-001  1.000e+000
69 1-3 -1.799e-001 -2.066e-001  1.000e+000
69 2-1 -2.426e-001  2.330e-001  2.160e-002  1.000e+000
69 2-2  1.971e-001 -2.599e-001  1.656e-001 -8.017e-001  1.000e+000
69 2-3  1.513e-002  1.032e-001 -3.068e-001 -7.981e-002 -5.319e-001  1.000e+000
70  9.679e-001  2.960e-002  2.522e-003  1.021e-001  8.438e-001  5.403e-002 
70 1-1  1.000e+000
70 1-2 -9.189e-001  1.000e+000
70 1-3 -1.897e-001 -2.131e-001  1.000e+000
70 2-1 -2.437e-001  2.329e-001  2.404e-002  1.000e+000
70 2-2  1.963e-001 -2.630e-001  1.684e-001 -7.961e-001  1.000e+000
70 2-3  1.625e-002  1.087e-001 -3.108e-001 -8.222e-002 -5.377e-001  1.000e+000
71  9.663e-001  3.081e-002  2.910e-003  9.996e-002  8.419e-001  5.818e-002 
71 1-1  1.000e+000
71 1-2 -9.137e-001  1.000e+000
71 1-3 -1.966e-001 -2.187e-001  1.000e+000
71 2-1 -2.450e-001  2.326e-001  2.719e-002  1.000e+000
71 2-2  1.964e-001 -2.658e-001  1.697e-001 -7.919e-001  1.000e+000
71 2-3  1.678e-002  1.136e-001 -3.144e-001 -8.444e-002 -5.416e-001  1.000e+000
72  9.646e-001  3.207e-002  3.357e-003  9.779e-002  8.396e-001  6.262e-002 
72 1-1  1.000e+000
72 1-2 -9.099e-001  1.000e+000
72 1-3 -2.009e-001 -2.237e-001  1.000e+000
72 2-1 -2.465e-001  2.321e-001  3.107e-002  1.000e+000
72 2-2  1.972e-001 -2.680e-001  1.696e-001 -7.885e-001  1.000e+000
72 2-3  1.675e-002  1.177e-001 -3.171e-001 -8.651e-002 -5.445e-001  1.000e+000
73  9.628e-001  3.337e-002  3.873e-003  9.562e-002  8.370e-001  6.738e-002 
73 1-1  1.000e+000
73 1-2 -9.070e-001  1.000e+000
73 1-3 -2.032e-001 -2.281e-001  1.000e+000
73 2-1 -2.482e-001  2.314e-001  3.567e-002  1.000e+000
73 2-2  1.983e-001 -2.696e-001  1.683e-001 -7.849e-001  1.000e+000
73 2-3  1.628e-002  1.209e-001 -3.187e-001 -8.850e-002 -5.477e-001  1.000e+000
74  9.608e-001  3.472e-002  4.467e-003  9.346e-002  8.341e-001  7.247e-002 
74 1-1  1.000e+000
74 1-2 -9.047e-001  1.000e+000
74 1-3 -2.045e-001 -2.320e-001  1.000e+000
74 2-1 -2.500e-001  2.306e-001  4.097e-002  1.000e+000
74 2-2  1.996e-001 -2.705e-001  1.658e-001 -7.805e-001  1.000e+000
74 2-3  1.555e-002  1.233e-001 -3.188e-001 -9.044e-002 -5.519e-001  1.000e+000
75  9.587e-001  3.613e-002  5.151e-003  9.131e-002  8.308e-001  7.791e-002 
75 1-1  1.000e+000
75 1-2 -9.026e-001  1.000e+000
75 1-3 -2.060e-001 -2.354e-001  1.000e+000
75 2-1 -2.520e-001  2.296e-001  4.690e-002  1.000e+000
75 2-2  2.006e-001 -2.706e-001  1.623e-001 -7.745e-001  1.000e+000
75 2-3  1.479e-002  1.248e-001 -3.169e-001 -9.240e-002 -5.583e-001  1.000e+000
76  9.565e-001  3.758e-002  5.939e-003  8.917e-002  8.271e-001  8.372e-002 
76 1-1  1.000e+000
76 1-2 -8.998e-001  1.000e+000
76 1-3 -2.092e-001 -2.384e-001  1.000e+000
76 2-1 -2.541e-001  2.285e-001  5.331e-002  1.000e+000
76 2-2  2.009e-001 -2.699e-001  1.578e-001 -7.662e-001  1.000e+000
76 2-3  1.428e-002  1.254e-001 -3.128e-001 -9.439e-002 -5.674e-001  1.000e+000
77  9.541e-001  3.908e-002  6.847e-003  8.703e-002  8.230e-001  8.992e-002 
77 1-1  1.000e+000
77 1-2 -8.959e-001  1.000e+000
77 1-3 -2.156e-001 -2.406e-001  1.000e+000
77 2-1 -2.562e-001  2.274e-001  6.003e-002  1.000e+000
77 2-2  2.003e-001 -2.685e-001  1.526e-001 -7.550e-001  1.000e+000
77 2-3  1.430e-002  1.251e-001 -3.062e-001 -9.647e-002 -5.799e-001  1.000e+000
78  9.515e-001  4.064e-002  7.891e-003  8.491e-002  8.186e-001  9.652e-002 
78 1-1  1.000e+000
78 1-2 -8.901e-001  1.000e+000
78 1-3 -2.269e-001 -2.420e-001  1.000e+000
78 2-1 -2.583e-001  2.261e-001  6.677e-002  1.000e+000
78 2-2  1.983e-001 -2.663e-001  1.469e-001 -7.403e-001  1.000e+000
78 2-3  1.513e-002  1.241e-001 -2.973e-001 -9.867e-002 -5.960e-001  1.000e+000
79  9.487e-001  4.225e-002  9.093e-003  8.278e-002  8.137e-001  1.036e-001 
79 1-1  1.000e+000
79 1-2 -8.816e-001  1.000e+000
79 1-3 -2.444e-001 -2.423e-001  1.000e+000
79 2-1 -2.604e-001  2.248e-001  7.325e-002  1.000e+000
79 2-2  1.944e-001 -2.632e-001  1.411e-001 -7.219e-001  1.000e+000
79 2-3  1.700e-002  1.223e-001 -2.862e-001 -1.010e-001 -6.156e-001  1.000e+000
80  9.456e-001  4.391e-002  1.048e-002  8.066e-002  8.083e-001  1.110e-001 
80 1-1  1.000e+000
80 1-2 -8.696e-001  1.000e+000
80 1-3 -2.692e-001 -2.414e-001  1.000e+000
80 2-1 -2.621e-001  2.235e-001  7.920e-002  1.000e+000
80 2-2  1.884e-001 -2.592e-001  1.354e-001 -6.994e-001  1.000e+000
80 2-3  2.008e-002  1.201e-001 -2.737e-001 -1.037e-001 -6.384e-001  1.000e+000
81  9.423e-001  4.562e-002  1.206e-002  7.855e-002  8.025e-001  1.190e-001 
81 1-1  1.000e+000
81 1-2 -8.534e-001  1.000e+000
81 1-3 -3.016e-001 -2.396e-001  1.000e+000
81 2-1 -2.634e-001  2.221e-001  8.438e-002  1.000e+000
81 2-2  1.799e-001 -2.544e-001  1.303e-001 -6.729e-001  1.000e+000
81 2-3  2.447e-002  1.175e-001 -2.604e-001 -1.066e-001 -6.638e-001  1.000e+000
82  9.387e-001  4.738e-002  1.389e-002  7.644e-002  7.962e-001  1.274e-001 
82 1-1  1.000e+000
82 1-2 -8.321e-001  1.000e+000
82 1-3 -3.416e-001 -2.371e-001  1.000e+000
82 2-1 -2.640e-001  2.206e-001  8.871e-002  1.000e+000
82 2-2  1.687e-001 -2.488e-001  1.260e-001 -6.424e-001  1.000e+000
82 2-3  3.018e-002  1.146e-001 -2.471e-001 -1.100e-001 -6.910e-001  1.000e+000
83  9.348e-001  4.920e-002  1.599e-002  7.434e-002  7.893e-001  1.363e-001 
83 1-1  1.000e+000
83 1-2 -8.049e-001  1.000e+000
83 1-3 -3.881e-001 -2.345e-001  1.000e+000
83 2-1 -2.638e-001  2.190e-001  9.216e-002  1.000e+000
83 2-2  1.548e-001 -2.424e-001  1.228e-001 -6.083e-001  1.000e+000
83 2-3  3.715e-002  1.118e-001 -2.344e-001 -1.139e-001 -7.193e-001  1.000e+000
84  9.305e-001  5.106e-002  1.839e-002  7.224e-002  7.820e-001  1.458e-001 
84 1-1  1.000e+000
84 1-2 -7.714e-001  1.000e+000
84 1-3 -4.399e-001 -2.321e-001  1.000e+000
84 2-1 -2.626e-001  2.173e-001  9.482e-002  1.000e+000
84 2-2  1.383e-001 -2.354e-001  1.208e-001 -5.711e-001  1.000e+000
84 2-3  4.522e-002  1.090e-001 -2.229e-001 -1.182e-001 -7.476e-001  1.000e+000
85  9.259e-001  5.297e-002  2.115e-002  7.014e-002  7.741e-001  1.557e-001 
85 1-1  1.000e+000
85 1-2 -7.312e-001  1.000e+000
85 1-3 -4.952e-001 -2.306e-001  1.000e+000
85 2-1 -2.602e-001  2.154e-001  9.684e-002  1.000e+000
85 2-2  1.194e-001 -2.279e-001  1.200e-001 -5.312e-001  1.000e+000
85 2-3  5.415e-002  1.064e-001 -2.127e-001 -1.232e-001 -7.753e-001  1.000e+000
86  9.208e-001  5.493e-002  2.431e-002  6.805e-002  7.657e-001  1.663e-001 
86 1-1  1.000e+000
86 1-2 -6.844e-001  1.000e+000
86 1-3 -5.519e-001 -2.303e-001  1.000e+000
86 2-1 -2.566e-001  2.134e-001  9.835e-002  1.000e+000
86 2-2  9.865e-002 -2.202e-001  1.201e-001 -4.895e-001  1.000e+000
86 2-3  6.367e-002  1.041e-001 -2.040e-001 -1.288e-001 -8.017e-001  1.000e+000
87  9.152e-001  5.692e-002  2.792e-002  6.596e-002  7.567e-001  1.774e-001 
87 1-1  1.000e+000
87 1-2 -6.315e-001  1.000e+000
87 1-3 -6.081e-001 -2.316e-001  1.000e+000
87 2-1 -2.517e-001  2.112e-001  9.952e-002  1.000e+000
87 2-2  7.670e-002 -2.123e-001  1.211e-001 -4.465e-001  1.000e+000
87 2-3  7.347e-002  1.022e-001 -1.968e-001 -1.350e-001 -8.263e-001  1.000e+000
88  9.090e-001  5.895e-002  3.205e-002  6.388e-002  7.471e-001  1.890e-001 
88 1-1  1.000e+000
88 1-2 -5.733e-001  1.000e+000
88 1-3 -6.619e-001 -2.347e-001  1.000e+000
88 2-1 -2.456e-001  2.087e-001  1.004e-001  1.000e+000
88 2-2  5.422e-002 -2.045e-001  1.228e-001 -4.029e-001  1.000e+000
88 2-3  8.323e-002  1.006e-001 -1.908e-001 -1.419e-001 -8.488e-001  1.000e+000
89  9.022e-001  6.100e-002  3.677e-002  6.181e-002  7.370e-001  2.012e-001 
89 1-1  1.000e+000
89 1-2 -5.110e-001  1.000e+000
89 1-3 -7.119e-001 -2.398e-001  1.000e+000
89 2-1 -2.387e-001  2.060e-001  1.012e-001  1.000e+000
89 2-2  3.191e-002 -1.970e-001  1.249e-001 -3.592e-001  1.000e+000
89 2-3  9.268e-002  9.954e-002 -1.860e-001 -1.494e-001 -8.691e-001  1.000e+000
90  8.948e-001  6.308e-002  4.214e-002  5.974e-002  7.262e-001  2.140e-001 
90 1-1  1.000e+000
90 1-2 -4.456e-001  1.000e+000
90 1-3 -7.572e-001 -2.473e-001  1.000e+000
90 2-1 -2.310e-001  2.030e-001  1.020e-001  1.000e+000
90 2-2  1.037e-002 -1.899e-001  1.273e-001 -3.159e-001  1.000e+000
90 2-3  1.016e-001  9.893e-002 -1.821e-001 -1.576e-001 -8.871e-001  1.000e+000