# ATMgali.txt
#IMaCh version 0.99r45, April 2023,INED-EUROREVES-Institut de longevite-Japan Society for the Promotion of Science (Grant-in-Aid for Scientific Research 25293121), Intel Software 2015-2020, Nihon University 2021-202, INED 2000-2022
#$Revision: 1.353 $ $Date: 2023/05/08 18:48:22 $
# Tue Feb 04 20:24:32 2025
#One-step probabilities and covariance matrix
# Age p1-1  p1-2  p1-3  p2-1  p2-2  p2-3 
50  9.868e-001  1.309e-002  1.423e-004  1.494e-001  8.389e-001  1.167e-002 
50 1-1  1.189e-005
50 1-2 -1.191e-005  1.198e-005
50 1-3  2.794e-008 -6.384e-008  3.590e-008
50 2-1 -2.945e-005  2.924e-005  2.037e-007  1.384e-003
50 2-2  2.973e-005 -2.978e-005  4.791e-008 -1.374e-003  1.394e-003
50 2-3 -2.862e-007  5.378e-007 -2.516e-007 -9.485e-006 -1.909e-005  2.858e-005
51  9.862e-001  1.364e-002  1.643e-004  1.469e-001  8.405e-001  1.262e-002 
51 1-1  1.183e-005
51 1-2 -1.186e-005  1.193e-005
51 1-3  2.804e-008 -7.302e-008  4.497e-008
51 2-1 -2.772e-005  2.751e-005  2.095e-007  1.227e-003
51 2-2  2.801e-005 -2.810e-005  8.698e-008 -1.218e-003  1.240e-003
51 2-3 -2.931e-007  5.896e-007 -2.965e-007 -9.202e-006 -2.206e-005  3.127e-005
52  9.856e-001  1.421e-002  1.898e-004  1.443e-001  8.420e-001  1.365e-002 
52 1-1  1.174e-005
52 1-2 -1.176e-005  1.185e-005
52 1-3  2.725e-008 -8.347e-008  5.623e-008
52 2-1 -2.602e-005  2.581e-005  2.146e-007  1.085e-003
52 2-2  2.632e-005 -2.645e-005  1.342e-007 -1.076e-003  1.102e-003
52 2-3 -2.972e-007  6.460e-007 -3.488e-007 -8.944e-006 -2.519e-005  3.413e-005
53  9.850e-001  1.481e-002  2.192e-004  1.418e-001  8.435e-001  1.475e-002 
53 1-1  1.161e-005
53 1-2 -1.164e-005  1.173e-005
53 1-3  2.524e-008 -9.540e-008  7.016e-008
53 2-1 -2.436e-005  2.414e-005  2.189e-007  9.571e-004
53 2-2  2.466e-005 -2.485e-005  1.908e-007 -9.484e-004  9.768e-004
53 2-3 -2.977e-007  7.074e-007 -4.097e-007 -8.716e-006 -2.847e-005  3.718e-005
54  9.843e-001  1.543e-002  2.532e-004  1.393e-001  8.448e-001  1.595e-002 
54 1-1  1.146e-005
54 1-2 -1.148e-005  1.159e-005
54 1-3  2.164e-008 -1.090e-007  8.736e-008
54 2-1 -2.276e-005  2.253e-005  2.222e-007  8.419e-004
54 2-2  2.305e-005 -2.331e-005  2.581e-007 -8.333e-004  8.652e-004
54 2-3 -2.942e-007  7.745e-007 -4.803e-007 -8.521e-006 -3.189e-005  4.041e-005
55  9.836e-001  1.608e-002  2.924e-004  1.368e-001  8.459e-001  1.724e-002 
55 1-1  1.127e-005
55 1-2 -1.129e-005  1.141e-005
55 1-3  1.599e-008 -1.245e-007  1.085e-007
55 2-1 -2.121e-005  2.098e-005  2.246e-007  7.389e-004
55 2-2  2.149e-005 -2.183e-005  3.375e-007 -7.305e-004  7.660e-004
55 2-3 -2.858e-007  8.479e-007 -5.621e-007 -8.363e-006 -3.544e-005  4.381e-005
56  9.829e-001  1.675e-002  3.377e-004  1.344e-001  8.470e-001  1.863e-002 
56 1-1  1.106e-005
56 1-2 -1.107e-005  1.121e-005
56 1-3  7.735e-009 -1.423e-007  1.345e-007
56 2-1 -1.972e-005  1.950e-005  2.261e-007  6.474e-004
56 2-2  1.999e-005 -2.043e-005  4.305e-007 -6.392e-004  6.783e-004
56 2-3 -2.721e-007  9.286e-007 -6.566e-007 -8.245e-006 -3.913e-005  4.737e-005
57  9.822e-001  1.745e-002  3.900e-004  1.319e-001  8.479e-001  2.013e-002 
57 1-1  1.083e-005
57 1-2 -1.083e-005  1.099e-005
57 1-3 -3.777e-009 -1.626e-007  1.664e-007
57 2-1 -1.832e-005  1.809e-005  2.266e-007  5.667e-004
57 2-2  1.857e-005 -1.911e-005  5.388e-007 -5.586e-004  6.015e-004
57 2-3 -2.522e-007  1.018e-006 -7.654e-007 -8.171e-006 -4.292e-005  5.110e-005
58  9.814e-001  1.818e-002  4.504e-004  1.295e-001  8.487e-001  2.174e-002 
58 1-1  1.059e-005
58 1-2 -1.057e-005  1.075e-005
58 1-3 -1.931e-008 -1.858e-007  2.052e-007
58 2-1 -1.700e-005  1.677e-005  2.264e-007  4.961e-004
58 2-2  1.723e-005 -1.789e-005  6.641e-007 -4.880e-004  5.348e-004
58 2-3 -2.255e-007  1.116e-006 -8.905e-007 -8.144e-006 -4.682e-005  5.496e-005
59  9.805e-001  1.894e-002  5.201e-004  1.272e-001  8.494e-001  2.349e-002 
59 1-1  1.034e-005
59 1-2 -1.030e-005  1.051e-005
59 1-3 -3.975e-008 -2.126e-007  2.523e-007
59 2-1 -1.578e-005  1.556e-005  2.256e-007  4.350e-004
59 2-2  1.597e-005 -1.678e-005  8.083e-007 -4.268e-004  4.776e-004
59 2-3 -1.915e-007  1.225e-006 -1.034e-006 -8.168e-006 -5.080e-005  5.897e-005
60  9.797e-001  1.973e-002  6.005e-004  1.248e-001  8.498e-001  2.536e-002 
60 1-1  1.009e-005
60 1-2 -1.002e-005  1.027e-005
60 1-3 -6.611e-008 -2.434e-007  3.095e-007
60 2-1 -1.467e-005  1.445e-005  2.246e-007  3.826e-004
60 2-2  1.482e-005 -1.580e-005  9.731e-007 -3.744e-004  4.292e-004
60 2-3 -1.498e-007  1.347e-006 -1.198e-006 -8.244e-006 -5.484e-005  6.308e-005
61  9.788e-001  2.055e-002  6.934e-004  1.225e-001  8.502e-001  2.739e-002 
61 1-1  9.859e-006
61 1-2 -9.759e-006  1.004e-005
61 1-3 -9.951e-008 -2.790e-007  3.785e-007
61 2-1 -1.369e-005  1.346e-005  2.239e-007  3.384e-004
61 2-2  1.379e-005 -1.495e-005  1.160e-006 -3.301e-004  3.890e-004
61 2-3 -1.001e-007  1.484e-006 -1.384e-006 -8.377e-006 -5.893e-005  6.730e-005
62  9.778e-001  2.141e-002  8.005e-004  1.201e-001  8.503e-001  2.956e-002 
62 1-1  9.660e-006
62 1-2 -9.519e-006  9.839e-006
62 1-3 -1.412e-007 -3.203e-007  4.615e-007
62 2-1 -1.283e-005  1.261e-005  2.244e-007  3.018e-004
62 2-2  1.288e-005 -1.425e-005  1.372e-006 -2.932e-004  3.563e-004
62 2-3 -4.229e-008  1.639e-006 -1.597e-006 -8.567e-006 -6.305e-005  7.161e-005
63  9.768e-001  2.230e-002  9.242e-004  1.178e-001  8.503e-001  3.191e-002 
63 1-1  9.512e-006
63 1-2 -9.320e-006  9.688e-006
63 1-3 -1.925e-007 -3.683e-007  5.608e-007
63 2-1 -1.213e-005  1.190e-005  2.270e-007  2.721e-004
63 2-2  1.210e-005 -1.371e-005  1.610e-006 -2.633e-004  3.305e-004
63 2-3  2.335e-008  1.814e-006 -1.837e-006 -8.819e-006 -6.718e-005  7.600e-005
64  9.757e-001  2.322e-002  1.067e-003  1.155e-001  8.500e-001  3.443e-002 
64 1-1  9.438e-006
64 1-2 -9.183e-006  9.607e-006
64 1-3 -2.548e-007 -4.245e-007  6.794e-007
64 2-1 -1.158e-005  1.135e-005  2.332e-007  2.488e-004
64 2-2  1.149e-005 -1.336e-005  1.876e-006 -2.397e-004  3.110e-004
64 2-3  9.623e-008  2.013e-006 -2.109e-006 -9.135e-006 -7.132e-005  8.046e-005
65  9.746e-001  2.419e-002  1.232e-003  1.133e-001  8.496e-001  3.714e-002 
65 1-1  9.462e-006
65 1-2 -9.133e-006  9.623e-006
65 1-3 -3.297e-007 -4.906e-007  8.203e-007
65 2-1 -1.121e-005  1.097e-005  2.450e-007  2.314e-004
65 2-2  1.104e-005 -1.321e-005  2.172e-006 -2.219e-004  2.974e-004
65 2-3  1.754e-007  2.241e-006 -2.417e-006 -9.519e-006 -7.548e-005  8.500e-005
66  9.734e-001  2.519e-002  1.422e-003  1.110e-001  8.489e-001  4.005e-002 
66 1-1  9.618e-006
66 1-2 -9.199e-006  9.768e-006
66 1-3 -4.185e-007 -5.687e-007  9.872e-007
66 2-1 -1.104e-005  1.077e-005  2.646e-007  2.194e-004
66 2-2  1.078e-005 -1.327e-005  2.498e-006 -2.094e-004  2.890e-004
66 2-3  2.593e-007  2.503e-006 -2.763e-006 -9.975e-006 -7.966e-005  8.964e-005
67  9.721e-001  2.623e-002  1.641e-003  1.088e-001  8.480e-001  4.319e-002 
67 1-1  9.939e-006
67 1-2 -9.416e-006  1.008e-005
67 1-3 -5.229e-007 -6.615e-007  1.184e-006
67 2-1 -1.106e-005  1.077e-005  2.953e-007  2.121e-004
67 2-2  1.072e-005 -1.357e-005  2.857e-006 -2.016e-004  2.855e-004
67 2-3  3.462e-007  2.806e-006 -3.152e-006 -1.051e-005 -8.391e-005  9.442e-005
68  9.708e-001  2.731e-002  1.894e-003  1.066e-001  8.469e-001  4.655e-002 
68 1-1  1.047e-005
68 1-2 -9.824e-006  1.060e-005
68 1-3 -6.443e-007 -7.724e-007  1.417e-006
68 2-1 -1.131e-005  1.097e-005  3.411e-007  2.092e-004
68 2-2  1.088e-005 -1.413e-005  3.249e-006 -1.981e-004  2.864e-004
68 2-3  4.337e-007  3.156e-006 -3.590e-006 -1.113e-005 -8.829e-005  9.941e-005
69  9.694e-001  2.843e-002  2.186e-003  1.043e-001  8.455e-001  5.016e-002 
69 1-1  1.125e-005
69 1-2 -1.047e-005  1.137e-005
69 1-3 -7.846e-007 -9.059e-007  1.690e-006
69 2-1 -1.180e-005  1.139e-005  4.072e-007  2.102e-004
69 2-2  1.128e-005 -1.496e-005  3.675e-006 -1.984e-004  2.913e-004
69 2-3  5.193e-007  3.563e-006 -4.082e-006 -1.184e-005 -9.290e-005  1.047e-004
70  9.679e-001  2.960e-002  2.522e-003  1.021e-001  8.438e-001  5.403e-002 
70 1-1  1.235e-005
70 1-2 -1.140e-005  1.247e-005
70 1-3 -9.457e-007 -1.068e-006  2.013e-006
70 2-1 -1.255e-005  1.205e-005  4.998e-007  2.146e-004
70 2-2  1.195e-005 -1.609e-005  4.138e-006 -2.019e-004  2.999e-004
70 2-3  6.005e-007  4.037e-006 -4.638e-006 -1.267e-005 -9.791e-005  1.106e-004
71  9.663e-001  3.081e-002  2.910e-003  9.996e-002  8.419e-001  5.818e-002 
71 1-1  1.382e-005
71 1-2 -1.269e-005  1.395e-005
71 1-3 -1.131e-006 -1.264e-006  2.395e-006
71 2-1 -1.357e-005  1.294e-005  6.271e-007  2.220e-004
71 2-2  1.290e-005 -1.754e-005  4.639e-006 -2.084e-004  3.119e-004
71 2-3  6.750e-007  4.591e-006 -5.266e-006 -1.362e-005 -1.035e-004  1.171e-004
72  9.646e-001  3.207e-002  3.357e-003  9.779e-002  8.396e-001  6.262e-002 
72 1-1  1.573e-005
72 1-2 -1.439e-005  1.589e-005
72 1-3 -1.345e-006 -1.506e-006  2.851e-006
72 2-1 -1.489e-005  1.409e-005  7.990e-007  2.320e-004
72 2-2  1.415e-005 -1.933e-005  5.183e-006 -2.173e-004  3.273e-004
72 2-3  7.422e-007  5.239e-006 -5.982e-006 -1.472e-005 -1.100e-004  1.248e-004
73  9.628e-001  3.337e-002  3.873e-003  9.562e-002  8.370e-001  6.738e-002 
73 1-1  1.818e-005
73 1-2 -1.659e-005  1.839e-005
73 1-3 -1.598e-006 -1.804e-006  3.402e-006
73 2-1 -1.653e-005  1.551e-005  1.028e-006  2.441e-004
73 2-2  1.573e-005 -2.151e-005  5.774e-006 -2.281e-004  3.460e-004
73 2-3  8.032e-007  5.999e-006 -6.802e-006 -1.600e-005 -1.179e-004  1.339e-004
74  9.608e-001  3.472e-002  4.467e-003  9.346e-002  8.341e-001  7.247e-002 
74 1-1  2.127e-005
74 1-2 -1.936e-005  2.154e-005
74 1-3 -1.904e-006 -2.174e-006  4.078e-006
74 2-1 -1.852e-005  1.719e-005  1.329e-006  2.581e-004
74 2-2  1.766e-005 -2.408e-005  6.424e-006 -2.406e-004  3.681e-004
74 2-3  8.634e-007  6.890e-006 -7.753e-006 -1.750e-005 -1.275e-004  1.450e-004
75  9.587e-001  3.613e-002  5.151e-003  9.131e-002  8.308e-001  7.791e-002 
75 1-1  2.510e-005
75 1-2 -2.281e-005  2.545e-005
75 1-3 -2.291e-006 -2.637e-006  4.927e-006
75 2-1 -2.088e-005  1.915e-005  1.721e-006  2.734e-004
75 2-2  1.994e-005 -2.709e-005  7.148e-006 -2.542e-004  3.939e-004
75 2-3  9.342e-007  7.935e-006 -8.869e-006 -1.926e-005 -1.397e-004  1.589e-004
76  9.565e-001  3.758e-002  5.939e-003  8.917e-002  8.271e-001  8.372e-002 
76 1-1  2.984e-005
76 1-2 -2.704e-005  3.026e-005
76 1-3 -2.804e-006 -3.218e-006  6.022e-006
76 2-1 -2.363e-005  2.140e-005  2.228e-006  2.899e-004
76 2-2  2.259e-005 -3.057e-005  7.972e-006 -2.685e-004  4.237e-004
76 2-3  1.037e-006  9.163e-006 -1.020e-005 -2.135e-005 -1.552e-004  1.766e-004
77  9.541e-001  3.908e-002  6.847e-003  8.703e-002  8.230e-001  8.992e-002 
77 1-1  3.568e-005
77 1-2 -3.215e-005  3.611e-005
77 1-3 -3.521e-006 -3.953e-006  7.474e-006
77 2-1 -2.682e-005  2.394e-005  2.876e-006  3.071e-004
77 2-2  2.561e-005 -3.455e-005  8.933e-006 -2.832e-004  4.584e-004
77 2-3  1.205e-006  1.060e-005 -1.181e-005 -2.384e-005 -1.751e-004  1.990e-004
78  9.515e-001  4.064e-002  7.891e-003  8.491e-002  8.186e-001  9.652e-002 
78 1-1  4.284e-005
78 1-2 -3.827e-005  4.316e-005
78 1-3 -4.567e-006 -4.888e-006  9.455e-006
78 2-1 -3.047e-005  2.677e-005  3.700e-006  3.247e-004
78 2-2  2.898e-005 -3.907e-005  1.009e-005 -2.979e-004  4.986e-004
78 2-3  1.494e-006  1.230e-005 -1.379e-005 -2.682e-005 -2.008e-004  2.276e-004
79  9.487e-001  4.225e-002  9.093e-003  8.278e-002  8.137e-001  1.036e-001 
79 1-1  5.166e-005
79 1-2 -4.551e-005  5.160e-005
79 1-3 -6.143e-006 -6.086e-006  1.223e-005
79 2-1 -3.463e-005  2.989e-005  4.740e-006  3.425e-004
79 2-2  3.264e-005 -4.417e-005  1.153e-005 -3.121e-004  5.457e-004
79 2-3  1.985e-006  1.428e-005 -1.627e-005 -3.039e-005 -2.337e-004  2.641e-004
80  9.456e-001  4.391e-002  1.048e-002  8.066e-002  8.083e-001  1.110e-001 
80 1-1  6.257e-005
80 1-2 -5.400e-005  6.163e-005
80 1-3 -8.569e-006 -7.627e-006  1.620e-005
80 2-1 -3.934e-005  3.329e-005  6.048e-006  3.601e-004
80 2-2  3.654e-005 -4.990e-005  1.336e-005 -3.254e-004  6.012e-004
80 2-3  2.798e-006  1.661e-005 -1.941e-005 -3.466e-005 -2.758e-004  3.104e-004
81  9.423e-001  4.562e-002  1.206e-002  7.855e-002  8.025e-001  1.190e-001 
81 1-1  7.618e-005
81 1-2 -6.384e-005  7.346e-005
81 1-3 -1.234e-005 -9.623e-006  2.196e-005
81 2-1 -4.465e-005  3.697e-005  7.681e-006  3.773e-004
81 2-2  4.055e-005 -5.631e-005  1.576e-005 -3.375e-004  6.667e-004
81 2-3  4.103e-006  1.934e-005 -2.344e-005 -3.979e-005 -3.293e-004  3.691e-004
82  9.387e-001  4.738e-002  1.389e-002  7.644e-002  7.962e-001  1.274e-001 
82 1-1  9.333e-005
82 1-2 -7.513e-005  8.736e-005
82 1-3 -1.820e-005 -1.223e-005  3.043e-005
82 2-1 -5.062e-005  4.091e-005  9.711e-006  3.938e-004
82 2-2  4.448e-005 -6.345e-005  1.897e-005 -3.479e-004  7.446e-004
82 2-3  6.135e-006  2.254e-005 -2.868e-005 -4.594e-005 -3.968e-004  4.427e-004
83  9.348e-001  4.920e-002  1.599e-002  7.434e-002  7.893e-001  1.363e-001 
83 1-1  1.152e-004
83 1-2 -8.794e-005  1.036e-004
83 1-3 -2.730e-005 -1.564e-005  4.294e-005
83 2-1 -5.732e-005  4.510e-005  1.222e-005  4.095e-004
83 2-2  4.810e-005 -7.139e-005  2.330e-005 -3.562e-004  8.375e-004
83 2-3  9.221e-006  2.630e-005 -3.552e-005 -5.327e-005 -4.812e-004  5.345e-004
84  9.305e-001  5.106e-002  1.839e-002  7.224e-002  7.820e-001  1.458e-001 
84 1-1  1.436e-004
84 1-2 -1.023e-004  1.224e-004
84 1-3 -4.134e-005 -2.014e-005  6.148e-005
84 2-1 -6.482e-005  4.951e-005  1.531e-005  4.241e-004
84 2-2  5.103e-005 -8.020e-005  2.918e-005 -3.621e-004  9.482e-004
84 2-3  1.379e-005  3.069e-005 -4.449e-005 -6.199e-005 -5.861e-004  6.481e-004
85  9.259e-001  5.297e-002  2.115e-002  7.014e-002  7.741e-001  1.557e-001 
85 1-1  1.809e-004
85 1-2 -1.181e-004  1.442e-004
85 1-3 -6.281e-005 -2.612e-005  8.892e-005
85 2-1 -7.321e-005  5.411e-005  1.910e-005  4.375e-004
85 2-2  5.278e-005 -8.996e-005  3.719e-005 -3.652e-004  1.080e-003
85 2-3  2.044e-005  3.585e-005 -5.629e-005 -7.231e-005 -7.151e-004  7.874e-004
86  9.208e-001  5.493e-002  2.431e-002  6.805e-002  7.657e-001  1.663e-001 
86 1-1  2.306e-004
86 1-2 -1.352e-004  1.693e-004
86 1-3 -9.533e-005 -3.409e-005  1.294e-004
86 2-1 -8.260e-005  5.887e-005  2.372e-005  4.495e-004
86 2-2  5.269e-005 -1.008e-004  4.808e-005 -3.650e-004  1.237e-003
86 2-3  2.991e-005  4.190e-005 -7.180e-005 -8.445e-005 -8.723e-004  9.568e-004
87  9.152e-001  5.692e-002  2.792e-002  6.596e-002  7.567e-001  1.774e-001 
87 1-1  2.974e-004
87 1-2 -1.533e-004  1.981e-004
87 1-3 -1.441e-004 -4.479e-005  1.889e-004
87 2-1 -9.308e-005  6.374e-005  2.934e-005  4.599e-004
87 2-2  4.991e-005 -1.127e-004  6.283e-005 -3.613e-004  1.424e-003
87 2-3  4.317e-005  4.899e-005 -9.216e-005 -9.865e-005 -1.062e-003  1.161e-003
88  9.090e-001  5.895e-002  3.205e-002  6.388e-002  7.471e-001  1.890e-001 
88 1-1  3.883e-004
88 1-2 -1.717e-004  2.309e-004
88 1-3 -2.166e-004 -5.923e-005  2.759e-004
88 2-1 -1.048e-004  6.868e-005  3.612e-005  4.687e-004
88 2-2  4.332e-005 -1.260e-004  8.268e-005 -3.536e-004  1.643e-003
88 2-3  6.148e-005  5.732e-005 -1.188e-004 -1.151e-004 -1.290e-003  1.405e-003
89  9.022e-001  6.100e-002  3.677e-002  6.181e-002  7.370e-001  2.012e-001 
89 1-1  5.127e-004
89 1-2 -1.895e-004  2.683e-004
89 1-3 -3.232e-004 -7.876e-005  4.020e-004
89 2-1 -1.179e-004  7.360e-005  4.428e-005  4.758e-004
89 2-2  3.151e-005 -1.407e-004  1.092e-004 -3.416e-004  1.901e-003
89 2-3  8.637e-005  6.710e-005 -1.535e-004 -1.341e-004 -1.560e-003  1.694e-003
90  8.948e-001  6.308e-002  4.214e-002  5.974e-002  7.262e-001  2.140e-001 
90 1-1  6.836e-004
90 1-2 -2.054e-004  3.107e-004
90 1-3 -4.783e-004 -1.053e-004  5.836e-004
90 2-1 -1.325e-004  7.845e-005  5.403e-005  4.810e-004
90 2-2  1.273e-005 -1.571e-004  1.443e-004 -3.251e-004  2.202e-003
90 2-3  1.198e-004  7.861e-005 -1.984e-004 -1.559e-004 -1.877e-003  2.033e-003