
#****** ******
# ATMgali.txt
#IMaCh version 0.99r45, April 2023,INED-EUROREVES-Institut de longevite-Japan Society for the Promotion of Science (Grant-in-Aid for Scientific Research 25293121), Intel Software 2015-2020, Nihon University 2021-202, INED 2000-2022
#$Revision: 1.353 $ $Date: 2023/05/08 18:48:22 $
# Tue Feb 04 20:24:32 2025
# Health expectancies with standard errors
# Age e11 (SE) e12 (SE) e1.  e21 (SE) e22 (SE) e2. 
 50   27.0964 (1.1635)    4.2529 (0.4623)   31.3493 (1.1490)   22.4341 (1.8288)    6.5749 (0.7470)   29.0091 (1.7686)
 51   26.2364 (1.1487)    4.1863 (0.4551)   30.4227 (1.1372)   21.4645 (1.7833)    6.4996 (0.7210)   27.9641 (1.7509)
 52   25.3859 (1.1343)    4.1172 (0.4483)   29.5031 (1.1253)   20.5062 (1.7364)    6.4189 (0.6963)   26.9251 (1.7299)
 53   24.5453 (1.1203)    4.0459 (0.4419)   28.5912 (1.1133)   19.5603 (1.6883)    6.3329 (0.6730)   25.8932 (1.7058)
 54   23.7153 (1.1068)    3.9722 (0.4358)   27.6874 (1.1013)   18.6281 (1.6393)    6.2415 (0.6512)   24.8696 (1.6786)
 55   22.8963 (1.0938)    3.8961 (0.4301)   26.7924 (1.0895)   17.7108 (1.5897)    6.1447 (0.6309)   23.8555 (1.6484)
 56   22.0889 (1.0813)    3.8179 (0.4247)   25.9067 (1.0778)   16.8096 (1.5399)    6.0427 (0.6119)   22.8523 (1.6155)
 57   21.2935 (1.0695)    3.7374 (0.4197)   25.0309 (1.0664)   15.9258 (1.4902)    5.9355 (0.5942)   21.8613 (1.5801)
 58   20.5108 (1.0583)    3.6548 (0.4149)   24.1656 (1.0554)   15.0607 (1.4409)    5.8232 (0.5777)   20.8838 (1.5426)
 59   19.7412 (1.0477)    3.5702 (0.4105)   23.3114 (1.0448)   14.2155 (1.3923)    5.7060 (0.5622)   19.9214 (1.5031)
 60   18.9851 (1.0377)    3.4837 (0.4063)   22.4688 (1.0348)   13.3914 (1.3447)    5.5841 (0.5476)   18.9755 (1.4622)
 61   18.2432 (1.0283)    3.3954 (0.4023)   21.6386 (1.0254)   12.5897 (1.2983)    5.4578 (0.5338)   18.0475 (1.4201)
 62   17.5158 (1.0196)    3.3054 (0.3986)   20.8212 (1.0167)   11.8114 (1.2535)    5.3273 (0.5206)   17.1387 (1.3773)
 63   16.8033 (1.0114)    3.2139 (0.3951)   20.0172 (1.0087)   11.0577 (1.2102)    5.1930 (0.5079)   16.2507 (1.3342)
 64   16.1062 (1.0038)    3.1210 (0.3918)   19.2272 (1.0016)   10.3295 (1.1685)    5.0552 (0.4957)   15.3847 (1.2911)
 65   15.4249 (0.9966)    3.0269 (0.3886)   18.4517 (0.9954)    9.6277 (1.1285)    4.9143 (0.4837)   14.5420 (1.2484)
 66   14.7595 (0.9900)    2.9318 (0.3856)   17.6913 (0.9901)    8.9530 (1.0900)    4.7707 (0.4721)   13.7238 (1.2064)
 67   14.1105 (0.9839)    2.8358 (0.3827)   16.9463 (0.9858)    8.3062 (1.0530)    4.6250 (0.4608)   12.9312 (1.1654)
 68   13.4780 (0.9782)    2.7392 (0.3800)   16.2172 (0.9825)    7.6878 (1.0173)    4.4774 (0.4497)   12.1652 (1.1257)
 69   12.8623 (0.9730)    2.6421 (0.3773)   15.5044 (0.9803)    7.0981 (0.9827)    4.3286 (0.4390)   11.4267 (1.0872)
 70   12.2636 (0.9683)    2.5448 (0.3747)   14.8083 (0.9793)    6.5374 (0.9490)    4.1789 (0.4288)   10.7164 (1.0503)
 71   11.6819 (0.9640)    2.4474 (0.3722)   14.1293 (0.9795)    6.0059 (0.9158)    4.0290 (0.4189)   10.0349 (1.0149)
 72   11.1173 (0.9602)    2.3502 (0.3697)   13.4674 (0.9809)    5.5035 (0.8831)    3.8792 (0.4097)    9.3827 (0.9810)
 73   10.5698 (0.9570)    2.2533 (0.3672)   12.8231 (0.9837)    5.0301 (0.8507)    3.7300 (0.4010)    8.7601 (0.9485)
 74   10.0395 (0.9545)    2.1571 (0.3648)   12.1966 (0.9878)    4.5854 (0.8183)    3.5819 (0.3930)    8.1673 (0.9174)
 75    9.5262 (0.9525)    2.0616 (0.3623)   11.5878 (0.9933)    4.1689 (0.7858)    3.4354 (0.3856)    7.6042 (0.8874)
 76    9.0299 (0.9514)    1.9671 (0.3599)   10.9971 (1.0003)    3.7800 (0.7532)    3.2908 (0.3790)    7.0708 (0.8586)
 77    8.5505 (0.9510)    1.8738 (0.3575)   10.4244 (1.0087)    3.4182 (0.7204)    3.1486 (0.3730)    6.5668 (0.8306)
 78    8.0878 (0.9515)    1.7819 (0.3550)    9.8698 (1.0186)    3.0825 (0.6874)    3.0092 (0.3677)    6.0917 (0.8034)
 79    7.6417 (0.9528)    1.6916 (0.3525)    9.3332 (1.0299)    2.7722 (0.6543)    2.8728 (0.3630)    5.6451 (0.7768)
 80    7.2119 (0.9551)    1.6029 (0.3499)    8.8148 (1.0426)    2.4863 (0.6210)    2.7399 (0.3588)    5.2262 (0.7507)
 81    6.7982 (0.9582)    1.5162 (0.3473)    8.3144 (1.0565)    2.2236 (0.5879)    2.6106 (0.3551)    4.8342 (0.7250)
 82    6.4004 (0.9621)    1.4315 (0.3447)    7.8319 (1.0714)    1.9832 (0.5548)    2.4852 (0.3516)    4.4684 (0.6997)
 83    6.0183 (0.9668)    1.3490 (0.3420)    7.3673 (1.0872)    1.7639 (0.5221)    2.3639 (0.3483)    4.1278 (0.6746)
 84    5.6517 (0.9720)    1.2688 (0.3391)    6.9205 (1.1034)    1.5644 (0.4897)    2.2469 (0.3452)    3.8113 (0.6497)
 85    5.3003 (0.9775)    1.1910 (0.3362)    6.4913 (1.1199)    1.3837 (0.4579)    2.1342 (0.3420)    3.5179 (0.6251)
 86    4.9638 (0.9831)    1.1158 (0.3332)    6.0796 (1.1362)    1.2205 (0.4268)    2.0260 (0.3387)    3.2465 (0.6008)
 87    4.6421 (0.9886)    1.0433 (0.3300)    5.6854 (1.1519)    1.0736 (0.3966)    1.9222 (0.3353)    2.9959 (0.5768)
 88    4.3349 (0.9935)    0.9734 (0.3267)    5.3083 (1.1664)    0.9419 (0.3672)    1.8231 (0.3316)    2.7650 (0.5531)
 89    4.0420 (0.9975)    0.9064 (0.3231)    4.9483 (1.1794)    0.8242 (0.3389)    1.7284 (0.3277)    2.5526 (0.5299)
 90    3.7631 (1.0002)    0.8421 (0.3192)    4.6053 (1.1903)    0.7193 (0.3118)    1.6383 (0.3234)    2.3576 (0.5071)
