
# model  
#****** Result for:******
# ATMgali.txt
#IMaCh version 0.99r45, April 2023,INED-EUROREVES-Institut de longevite-Japan Society for the Promotion of Science (Grant-in-Aid for Scientific Research 25293121), Intel Software 2015-2020, Nihon University 2021-202, INED 2000-2022
#$Revision: 1.353 $ $Date: 2023/05/08 18:48:22 $
# Tue Feb 04 20:24:32 2025
# Total life expectancy with std error and decomposition into time to be expected in each health state
#  (weighted average of eij where weights are the age specific forward period (stable) prevalences in each health state 
# Age popbased mobilav e.. (std) e.1 (std) e.2 (std) 
   50 0 0  31.195 (  1.179)  26.789 (  1.212)   4.407 (  0.490)
   51 0 0  30.253 (  1.168)  25.906 (  1.196)   4.347 (  0.482)
   52 0 0  29.316 (  1.156)  25.031 (  1.180)   4.285 (  0.474)
   53 0 0  28.386 (  1.144)  24.165 (  1.165)   4.221 (  0.466)
   54 0 0  27.463 (  1.132)  23.309 (  1.150)   4.154 (  0.459)
   55 0 0  26.547 (  1.123)  22.462 (  1.139)   4.085 (  0.451)
   56 0 0  25.639 (  1.107)  21.626 (  1.120)   4.014 (  0.446)
   57 0 0  24.741 (  1.094)  20.801 (  1.106)   3.940 (  0.440)
   58 0 0  23.851 (  1.082)  19.988 (  1.092)   3.863 (  0.434)
   59 0 0  22.972 (  1.072)  19.187 (  1.082)   3.785 (  0.428)
   60 0 0  22.104 (  1.058)  18.399 (  1.067)   3.704 (  0.423)
   61 0 0  21.247 (  1.046)  17.625 (  1.056)   3.621 (  0.419)
   62 0 0  20.402 (  1.035)  16.866 (  1.045)   3.536 (  0.414)
   63 0 0  19.571 (  1.025)  16.121 (  1.035)   3.449 (  0.410)
   64 0 0  18.753 (  1.034)  15.393 (  1.042)   3.361 (  0.401)
   65 0 0  17.950 (  1.006)  14.680 (  1.016)   3.270 (  0.403)
   66 0 0  17.162 (  0.997)  13.984 (  1.008)   3.178 (  0.399)
   67 0 0  16.390 (  0.990)  13.306 (  1.001)   3.084 (  0.396)
   68 0 0  15.635 (  0.983)  12.646 (  0.993)   2.990 (  0.393)
   69 0 0  14.898 (  0.977)  12.004 (  0.987)   2.894 (  0.390)
   70 0 0  14.178 (  0.973)  11.381 (  0.981)   2.797 (  0.387)
   71 0 0  13.478 (  0.969)  10.778 (  0.975)   2.700 (  0.385)
   72 0 0  12.796 (  0.965)  10.194 (  0.969)   2.602 (  0.382)
   73 0 0  12.134 (  0.963)   9.630 (  0.964)   2.504 (  0.380)
   74 0 0  11.493 (  0.961)   9.086 (  0.958)   2.407 (  0.378)
   75 0 0  10.872 (  0.960)   8.563 (  0.953)   2.309 (  0.375)
   76 0 0  10.272 (  0.960)   8.060 (  0.948)   2.212 (  0.373)
   77 0 0   9.693 (  0.961)   7.577 (  0.943)   2.116 (  0.371)
   78 0 0   9.135 (  0.962)   7.114 (  0.938)   2.021 (  0.369)
   79 0 0   8.599 (  0.963)   6.671 (  0.934)   1.927 (  0.367)
   80 0 0   8.084 (  0.966)   6.248 (  0.930)   1.835 (  0.364)
   81 0 0   7.590 (  0.968)   5.845 (  0.926)   1.745 (  0.362)
   82 0 0   7.117 (  0.972)   5.461 (  0.922)   1.656 (  0.359)
   83 0 0   6.665 (  0.975)   5.096 (  0.919)   1.569 (  0.356)
   84 0 0   6.234 (  0.979)   4.749 (  0.916)   1.485 (  0.354)
   85 0 0   5.823 (  0.983)   4.420 (  0.913)   1.403 (  0.350)
   86 0 0   5.432 (  0.987)   4.108 (  0.911)   1.324 (  0.347)
   87 0 0   5.061 (  0.990)   3.813 (  0.908)   1.248 (  0.343)
   88 0 0   4.708 (  0.993)   3.534 (  0.906)   1.174 (  0.339)
   89 0 0   4.375 (  0.995)   3.271 (  0.904)   1.104 (  0.335)
   90 0 0   4.059 (  0.996)   3.023 (  0.901)   1.036 (  0.330)
