
#****** ******
# ATMgali.txt
#IMaCh version 0.99r45, April 2023,INED-EUROREVES-Institut de longevite-Japan Society for the Promotion of Science (Grant-in-Aid for Scientific Research 25293121), Intel Software 2015-2020, Nihon University 2021-202, INED 2000-2022
#$Revision: 1.353 $ $Date: 2023/05/08 18:48:22 $
# Tue Feb 04 20:24:32 2025
# Variance and covariance of health expectancies e.j 
#  (weighted average of eij where weights are the age specific period (stable) prevalences in each health state 
# Age Cov(e.1, e.1) Cov(e.1, e.2) Cov(e.2, e.1) Cov(e.2, e.2)
50  1.4680 -0.1590 -0.1590 0.2402
51  1.4301 -0.1493 -0.1493 0.2322
52  1.3930 -0.1405 -0.1405 0.2246
53  1.3567 -0.1325 -0.1325 0.2174
54  1.3214 -0.1255 -0.1255 0.2107
55  1.2974 -0.1193 -0.1193 0.2032
56  1.2546 -0.1139 -0.1139 0.1986
57  1.2233 -0.1093 -0.1093 0.1932
58  1.1935 -0.1054 -0.1054 0.1882
59  1.1713 -0.1019 -0.1019 0.1828
60  1.1390 -0.0996 -0.0996 0.1792
61  1.1144 -0.0975 -0.0975 0.1752
62  1.0914 -0.0957 -0.0957 0.1715
63  1.0703 -0.0943 -0.0943 0.1681
64  1.0849 -0.0884 -0.0884 0.1612
65  1.0327 -0.0917 -0.0917 0.1620
66  1.0162 -0.0904 -0.0904 0.1593
67  1.0010 -0.0890 -0.0890 0.1568
68  0.9870 -0.0873 -0.0873 0.1544
69  0.9739 -0.0853 -0.0853 0.1522
70  0.9617 -0.0829 -0.0829 0.1501
71  0.9501 -0.0801 -0.0801 0.1481
72  0.9391 -0.0767 -0.0767 0.1462
73  0.9286 -0.0728 -0.0728 0.1444
74  0.9183 -0.0684 -0.0684 0.1427
75  0.9084 -0.0635 -0.0635 0.1410
76  0.8988 -0.0581 -0.0581 0.1393
77  0.8895 -0.0521 -0.0521 0.1377
78  0.8805 -0.0458 -0.0458 0.1360
79  0.8720 -0.0391 -0.0391 0.1344
80  0.8640 -0.0321 -0.0321 0.1327
81  0.8566 -0.0248 -0.0248 0.1309
82  0.8499 -0.0174 -0.0174 0.1290
83  0.8439 -0.0099 -0.0099 0.1271
84  0.8385 -0.0025 -0.0025 0.1250
85  0.8337 0.0049 0.0049 0.1228
86  0.8294 0.0120 0.0120 0.1204
87  0.8253 0.0188 0.0188 0.1178
88  0.8211 0.0251 0.0251 0.1150
89  0.8166 0.0308 0.0308 0.1120
90  0.8113 0.0357 0.0357 0.1087
