
#****** ******
# ATMgali.txt
#IMaCh version 0.99r45, April 2023,INED-EUROREVES-Institut de longevite-Japan Society for the Promotion of Science (Grant-in-Aid for Scientific Research 25293121), Intel Software 2015-2020, Nihon University 2021-202, INED 2000-2022
#$Revision: 1.353 $ $Date: 2023/05/08 18:48:22 $
# Tue Feb 04 20:24:32 2025
# Standard deviation of period (forward stable) prevalences 
# Age  Result#  1-1 2-2
50 1  0.93383 (0.02043) 0.06620 (0.02049)
51 1  0.93055 (0.02053) 0.06949 (0.02060)
52 1  0.92714 (0.02060) 0.07290 (0.02066)
53 1  0.92359 (0.02062) 0.07645 (0.02069)
54 1  0.91992 (0.02061) 0.08013 (0.02068)
55 1  0.91611 (0.02057) 0.08394 (0.01994)
56 1  0.91217 (0.02046) 0.08788 (0.02052)
57 1  0.90810 (0.02033) 0.09195 (0.02039)
58 1  0.90391 (0.02016) 0.09615 (0.02022)
59 1  0.89959 (0.01998) 0.10046 (0.01929)
60 1  0.89515 (0.01972) 0.10490 (0.01978)
61 1  0.89060 (0.01947) 0.10946 (0.01952)
62 1  0.88593 (0.01920) 0.11413 (0.01926)
63 1  0.88117 (0.01893) 0.11890 (0.01899)
64 1  0.87631 (0.01857) 0.12376 (0.02224)
65 1  0.87137 (0.01845) 0.12869 (0.01849)
66 1  0.86636 (0.01827) 0.13371 (0.01831)
67 1  0.86128 (0.01816) 0.13880 (0.01820)
68 1  0.85615 (0.01814) 0.14393 (0.01817)
69 1  0.85098 (0.01823) 0.14910 (0.01826)
70 1  0.84579 (0.01845) 0.15429 (0.01849)
71 1  0.84060 (0.01883) 0.15949 (0.01886)
72 1  0.83541 (0.01938) 0.16468 (0.01941)
73 1  0.83024 (0.02010) 0.16985 (0.02013)
74 1  0.82511 (0.02101) 0.17498 (0.02104)
75 1  0.82004 (0.02211) 0.18006 (0.02213)
76 1  0.81503 (0.02338) 0.18508 (0.02341)
77 1  0.81011 (0.02483) 0.19000 (0.02486)
78 1  0.80528 (0.02646) 0.19482 (0.02649)
79 1  0.80057 (0.02825) 0.19953 (0.02828)
80 1  0.79597 (0.03021) 0.20415 (0.03024)
81 1  0.79150 (0.03232) 0.20861 (0.03236)
82 1  0.78717 (0.03460) 0.21294 (0.03463)
83 1  0.78297 (0.03705) 0.21715 (0.03708)
84 1  0.77890 (0.03966) 0.22121 (0.03969)
85 1  0.77496 (0.04245) 0.22516 (0.04248)
86 1  0.77114 (0.04542) 0.22899 (0.04546)
87 1  0.76743 (0.04859) 0.23269 (0.04863)
88 1  0.76381 (0.05198) 0.23633 (0.05203)
89 1  0.76025 (0.05561) 0.23989 (0.05566)
90 1  0.75673 (0.05949) 0.24339 (0.05954)
