# SEMgali.txt
#IMaCh version 0.99r45, April 2023,INED-EUROREVES-Institut de longevite-Japan Society for the Promotion of Science (Grant-in-Aid for Scientific Research 25293121), Intel Software 2015-2020, Nihon University 2021-202, INED 2000-2022
#$Revision: 1.353 $ $Date: 2023/05/08 18:48:22 $
# Tue Feb 04 20:24:32 2025
# Forward period (stable) prevalence. Precision given by ftolpl=0.0006 
#Age 1-1 2-2 
#************
#Age   1-1     2-2   Total Years_to_converge
50  0.97181 0.02820 1.000 23
51  0.96954 0.03048 1.000 23
52  0.96709 0.03293 1.000 23
53  0.96446 0.03557 1.000 23
54  0.96163 0.03839 1.000 24
55  0.95859 0.04143 1.000 24
56  0.95533 0.04469 1.000 24
57  0.95184 0.04818 1.000 24
58  0.94810 0.05192 1.000 24
59  0.94410 0.05592 1.000 24
60  0.93983 0.06020 1.000 24
61  0.93527 0.06476 1.000 24
62  0.93041 0.06962 1.000 24
63  0.92524 0.07480 1.000 24
64  0.91974 0.08030 1.000 24
65  0.91390 0.08615 1.000 23
66  0.90770 0.09235 1.000 23
67  0.90115 0.09891 1.000 23
68  0.89422 0.10584 1.000 23
69  0.88690 0.11316 1.000 23
70  0.87920 0.12086 1.000 23
71  0.87109 0.12899 1.000 23
72  0.86257 0.13750 1.000 23
73  0.85364 0.14644 1.000 23
74  0.84429 0.15578 1.000 23
75  0.83452 0.16558 1.000 22
76  0.82431 0.17578 1.000 22
77  0.81368 0.18643 1.000 22
78  0.80261 0.19750 1.000 22
79  0.79109 0.20903 1.000 21
80  0.77913 0.22098 1.000 21
81  0.76672 0.23341 1.000 21
82  0.75384 0.24629 1.000 21
83  0.74049 0.25966 1.000 20
84  0.72664 0.27353 1.000 20
85  0.71228 0.28787 1.000 20
86  0.69738 0.30279 1.000 19
87  0.68191 0.31828 1.000 19
88  0.66584 0.33433 1.000 19
89  0.64913 0.35106 1.000 18
90  0.63172 0.36849 1.000 18
