# SEMgali.txt
#IMaCh version 0.99r45, April 2023,INED-EUROREVES-Institut de longevite-Japan Society for the Promotion of Science (Grant-in-Aid for Scientific Research 25293121), Intel Software 2015-2020, Nihon University 2021-202, INED 2000-2022
#$Revision: 1.353 $ $Date: 2023/05/08 18:48:22 $
# Tue Feb 04 20:24:32 2025
# probabilities of dying before estepm=6 months for people of exact age and weighted probabilities w1*p1j+w2*p2j+... stand dev in()
# Selected quantitative variables and dummies
# Age cov=1 p.3 SE w1 p13 w2 p23
 50 1   3.052e-004  1.506e-004  9.718e-001  1.291e-004   2.820e-002  6.375e-003 
 51 1   3.586e-004  1.708e-004  9.695e-001  1.518e-004   3.048e-002  6.936e-003 
 52 1   4.212e-004  1.935e-004  9.671e-001  1.786e-004   3.293e-002  7.545e-003 
 53 1   4.945e-004  2.163e-004  9.645e-001  2.101e-004   3.557e-002  8.207e-003 
 54 1   5.803e-004  2.470e-004  9.616e-001  2.471e-004   3.839e-002  8.926e-003 
 55 1   6.808e-004  2.783e-004  9.586e-001  2.906e-004   4.143e-002  9.708e-003 
 56 1   7.983e-004  3.131e-004  9.553e-001  3.418e-004   4.469e-002  1.056e-002 
 57 1   9.357e-004  3.515e-004  9.518e-001  4.020e-004   4.818e-002  1.148e-002 
 58 1   1.096e-003  3.938e-004  9.481e-001  4.727e-004   5.192e-002  1.248e-002 
 59 1   1.284e-003  4.403e-004  9.441e-001  5.558e-004   5.592e-002  1.357e-002 
 60 1   1.502e-003  4.912e-004  9.398e-001  6.535e-004   6.020e-002  1.475e-002 
 61 1   1.757e-003  5.468e-004  9.353e-001  7.683e-004   6.476e-002  1.603e-002 
 62 1   2.053e-003  6.072e-004  9.304e-001  9.031e-004   6.962e-002  1.742e-002 
 63 1   2.398e-003  6.727e-004  9.252e-001  1.062e-003   7.480e-002  1.893e-002 
 64 1   2.799e-003  7.436e-004  9.197e-001  1.248e-003   8.030e-002  2.056e-002 
 65 1   3.264e-003  8.200e-004  9.139e-001  1.466e-003   8.615e-002  2.233e-002 
 66 1   3.803e-003  9.021e-004  9.077e-001  1.723e-003   9.235e-002  2.425e-002 
 67 1   4.428e-003  9.904e-004  9.011e-001  2.024e-003   9.891e-002  2.633e-002 
 68 1   5.151e-003  1.085e-003  8.942e-001  2.377e-003   1.058e-001  2.859e-002 
 69 1   5.987e-003  1.187e-003  8.869e-001  2.792e-003   1.132e-001  3.103e-002 
 70 1   6.951e-003  1.298e-003  8.792e-001  3.278e-003   1.209e-001  3.367e-002 
 71 1   8.062e-003  1.418e-003  8.711e-001  3.847e-003   1.290e-001  3.652e-002 
 72 1   9.341e-003  1.549e-003  8.626e-001  4.515e-003   1.375e-001  3.961e-002 
 73 1   1.081e-002  1.696e-003  8.536e-001  5.297e-003   1.464e-001  4.294e-002 
 74 1   1.250e-002  1.865e-003  8.443e-001  6.213e-003   1.558e-001  4.654e-002 
 75 1   1.443e-002  2.052e-003  8.345e-001  7.285e-003   1.656e-001  5.043e-002 
 76 1   1.664e-002  2.275e-003  8.243e-001  8.538e-003   1.758e-001  5.462e-002 
 77 1   1.916e-002  2.540e-003  8.137e-001  1.000e-002   1.864e-001  5.913e-002 
 78 1   2.204e-002  2.859e-003  8.026e-001  1.171e-002   1.975e-001  6.399e-002 
 79 1   2.531e-002  3.246e-003  7.911e-001  1.371e-002   2.090e-001  6.922e-002 
 80 1   2.903e-002  3.717e-003  7.791e-001  1.603e-002   2.210e-001  7.485e-002 
 81 1   3.325e-002  4.293e-003  7.667e-001  1.874e-002   2.334e-001  8.088e-002 
 82 1   3.801e-002  4.992e-003  7.538e-001  2.189e-002   2.463e-001  8.736e-002 
 83 1   4.340e-002  5.841e-003  7.405e-001  2.554e-002   2.597e-001  9.430e-002 
 84 1   4.946e-002  7.627e-003  7.266e-001  2.978e-002   2.735e-001  1.017e-001 
 85 1   5.627e-002  8.091e-003  7.123e-001  3.468e-002   2.879e-001  1.097e-001 
 86 1   6.391e-002  9.554e-003  6.974e-001  4.034e-002   3.028e-001  1.182e-001 
 87 1   7.243e-002  1.129e-002  6.819e-001  4.686e-002   3.183e-001  1.272e-001 
 88 1   8.193e-002  1.332e-002  6.658e-001  5.435e-002   3.343e-001  1.368e-001 
 89 1   9.247e-002  1.570e-002  6.491e-001  6.293e-002   3.511e-001  1.470e-001 
 90 1   1.041e-001  1.846e-002  6.317e-001  7.273e-002   3.685e-001  1.579e-001 
