# SEMgali.txt
#IMaCh version 0.99r45, April 2023,INED-EUROREVES-Institut de longevite-Japan Society for the Promotion of Science (Grant-in-Aid for Scientific Research 25293121), Intel Software 2015-2020, Nihon University 2021-202, INED 2000-2022
#$Revision: 1.353 $ $Date: 2023/05/08 18:48:22 $
# Tue Feb 04 20:24:32 2025
#One-step probabilities and covariance matrix
# Age p1-1  p1-2  p1-3  p2-1  p2-2  p2-3 
50  9.933e-001  6.612e-003  1.291e-004  1.823e-001  8.114e-001  6.375e-003 
50 1-1  3.282e-006
50 1-2 -3.290e-006  3.311e-006
50 1-3  7.910e-009 -2.078e-008  1.287e-008
50 2-1 -2.407e-005  2.396e-005  1.142e-007  2.279e-003
50 2-2  2.459e-005 -2.465e-005  5.486e-008 -2.270e-003  2.281e-003
50 2-3 -5.212e-007  6.902e-007 -1.690e-007 -9.989e-006 -1.144e-005  2.143e-005
51  9.927e-001  7.107e-003  1.518e-004  1.802e-001  8.129e-001  6.936e-003 
51 1-1  3.501e-006
51 1-2 -3.509e-006  3.533e-006
51 1-3  8.020e-009 -2.478e-008  1.676e-008
51 2-1 -2.348e-005  2.335e-005  1.229e-007  2.049e-003
51 2-2  2.403e-005 -2.411e-005  8.076e-008 -2.039e-003  2.053e-003
51 2-3 -5.482e-007  7.519e-007 -2.037e-007 -9.923e-006 -1.382e-005  2.374e-005
52  9.922e-001  7.639e-003  1.786e-004  1.781e-001  8.144e-001  7.545e-003 
52 1-1  3.724e-006
52 1-2 -3.732e-006  3.761e-006
52 1-3  7.734e-009 -2.952e-008  2.179e-008
52 2-1 -2.283e-005  2.270e-005  1.321e-007  1.836e-003
52 2-2  2.340e-005 -2.352e-005  1.129e-007 -1.827e-003  1.843e-003
52 2-3 -5.726e-007  8.176e-007 -2.450e-007 -9.865e-006 -1.639e-005  2.625e-005
53  9.916e-001  8.211e-003  2.101e-004  1.760e-001  8.158e-001  8.207e-003 
53 1-1  3.951e-006
53 1-2 -3.958e-006  3.993e-006
53 1-3  6.867e-009 -3.514e-008  2.828e-008
53 2-1 -2.214e-005  2.200e-005  1.418e-007  1.641e-003
53 2-2  2.273e-005 -2.289e-005  1.523e-007 -1.631e-003  1.651e-003
53 2-3 -5.934e-007  8.875e-007 -2.942e-007 -9.818e-006 -1.915e-005  2.896e-005
54  9.909e-001  8.825e-003  2.471e-004  1.740e-001  8.171e-001  8.926e-003 
54 1-1  4.180e-006
54 1-2 -4.185e-006  4.227e-006
54 1-3  5.177e-009 -4.180e-008  3.662e-008
54 2-1 -2.141e-005  2.126e-005  1.521e-007  1.463e-003
54 2-2  2.202e-005 -2.222e-005  2.005e-007 -1.453e-003  1.475e-003
54 2-3 -6.094e-007  9.619e-007 -3.526e-007 -9.785e-006 -2.209e-005  3.188e-005
55  9.902e-001  9.485e-003  2.906e-004  1.719e-001  8.184e-001  9.708e-003 
55 1-1  4.410e-006
55 1-2 -4.413e-006  4.462e-006
55 1-3  2.345e-009 -4.967e-008  4.733e-008
55 2-1 -2.065e-005  2.048e-005  1.630e-007  1.300e-003
55 2-2  2.127e-005 -2.153e-005  2.588e-007 -1.290e-003  1.315e-003
55 2-3 -6.193e-007  1.041e-006 -4.217e-007 -9.771e-006 -2.523e-005  3.500e-005
56  9.895e-001  1.019e-002  3.418e-004  1.699e-001  8.196e-001  1.056e-002 
56 1-1  4.640e-006
56 1-2 -4.638e-006  4.697e-006
56 1-3 -2.034e-009 -5.899e-008  6.103e-008
56 2-1 -1.986e-005  1.969e-005  1.745e-007  1.152e-003
56 2-2  2.049e-005 -2.082e-005  3.289e-007 -1.143e-003  1.171e-003
56 2-3 -6.219e-007  1.125e-006 -5.034e-007 -9.778e-006 -2.855e-005  3.833e-005
57  9.886e-001  1.095e-002  4.020e-004  1.678e-001  8.207e-001  1.148e-002 
57 1-1  4.869e-006
57 1-2 -4.861e-006  4.931e-006
57 1-3 -8.481e-009 -7.003e-008  7.851e-008
57 2-1 -1.907e-005  1.889e-005  1.869e-007  1.020e-003
57 2-2  1.969e-005 -2.010e-005  4.129e-007 -1.010e-003  1.042e-003
57 2-3 -6.156e-007  1.215e-006 -5.998e-007 -9.812e-006 -3.206e-005  4.187e-005
58  9.878e-001  1.177e-002  4.727e-004  1.658e-001  8.217e-001  1.248e-002 
58 1-1  5.096e-006
58 1-2 -5.078e-006  5.161e-006
58 1-3 -1.765e-008 -8.309e-008  1.007e-007
58 2-1 -1.829e-005  1.809e-005  2.002e-007  9.011e-004
58 2-2  1.889e-005 -1.940e-005  5.128e-007 -8.912e-004  9.270e-004
58 2-3 -5.991e-007  1.312e-006 -7.130e-007 -9.876e-006 -3.573e-005  4.561e-005
59  9.868e-001  1.265e-002  5.558e-004  1.638e-001  8.227e-001  1.357e-002 
59 1-1  5.321e-006
59 1-2 -5.291e-006  5.389e-006
59 1-3 -3.034e-008 -9.859e-008  1.289e-007
59 2-1 -1.753e-005  1.731e-005  2.148e-007  7.959e-004
59 2-2  1.810e-005 -1.873e-005  6.309e-007 -7.859e-004  8.255e-004
59 2-3 -5.709e-007  1.417e-006 -8.457e-007 -9.975e-006 -3.956e-005  4.954e-005
60  9.858e-001  1.359e-002  6.535e-004  1.618e-001  8.235e-001  1.475e-002 
60 1-1  5.545e-006
60 1-2 -5.498e-006  5.615e-006
60 1-3 -4.756e-008 -1.170e-007  1.646e-007
60 2-1 -1.680e-005  1.657e-005  2.310e-007  7.036e-004
60 2-2  1.733e-005 -1.810e-005  7.699e-007 -6.935e-004  7.370e-004
60 2-3 -5.297e-007  1.531e-006 -1.001e-006 -1.011e-005 -4.353e-005  5.365e-005
61  9.846e-001  1.460e-002  7.683e-004  1.597e-001  8.242e-001  1.603e-002 
61 1-1  5.771e-006
61 1-2 -5.701e-006  5.840e-006
61 1-3 -7.051e-008 -1.389e-007  2.094e-007
61 2-1 -1.615e-005  1.590e-005  2.493e-007  6.235e-004
61 2-2  1.662e-005 -1.756e-005  9.326e-007 -6.132e-004  6.608e-004
61 2-3 -4.747e-007  1.657e-006 -1.182e-006 -1.030e-005 -4.762e-005  5.792e-005
62  9.834e-001  1.568e-002  9.031e-004  1.577e-001  8.248e-001  1.742e-002 
62 1-1  6.002e-006
62 1-2 -5.902e-006  6.067e-006
62 1-3 -1.006e-007 -1.651e-007  2.657e-007
62 2-1 -1.558e-005  1.531e-005  2.703e-007  5.550e-004
62 2-2  1.599e-005 -1.711e-005  1.122e-006 -5.445e-004  5.963e-004
62 2-3 -4.052e-007  1.798e-006 -1.392e-006 -1.053e-005 -5.181e-005  6.235e-005
63  9.821e-001  1.684e-002  1.062e-003  1.557e-001  8.253e-001  1.893e-002 
63 1-1  6.246e-006
63 1-2 -6.106e-006  6.302e-006
63 1-3 -1.396e-007 -1.965e-007  3.361e-007
63 2-1 -1.514e-005  1.485e-005  2.948e-007  4.977e-004
63 2-2  1.546e-005 -1.680e-005  1.342e-006 -4.868e-004  5.429e-004
63 2-3 -3.215e-007  1.958e-006 -1.637e-006 -1.083e-005 -5.608e-005  6.690e-005
64  9.807e-001  1.809e-002  1.248e-003  1.537e-001  8.257e-001  2.056e-002 
64 1-1  6.511e-006
64 1-2 -6.321e-006  6.555e-006
64 1-3 -1.893e-007 -2.343e-007  4.236e-007
64 2-1 -1.485e-005  1.453e-005  3.240e-007  4.508e-004
64 2-2  1.508e-005 -1.667e-005  1.596e-006 -4.396e-004  5.000e-004
64 2-3 -2.247e-007  2.144e-006 -1.920e-006 -1.118e-005 -6.039e-005  7.157e-005
65  9.791e-001  1.942e-002  1.466e-003  1.517e-001  8.259e-001  2.233e-002 
65 1-1  6.811e-006
65 1-2 -6.559e-006  6.839e-006
65 1-3 -2.521e-007 -2.801e-007  5.321e-007
65 2-1 -1.475e-005  1.439e-005  3.594e-007  4.138e-004
65 2-2  1.487e-005 -1.676e-005  1.887e-006 -4.022e-004  4.670e-004
65 2-3 -1.169e-007  2.363e-006 -2.247e-006 -1.162e-005 -6.474e-005  7.635e-005
66  9.774e-001  2.085e-002  1.723e-003  1.497e-001  8.260e-001  2.425e-002 
66 1-1  7.167e-006
66 1-2 -6.837e-006  7.173e-006
66 1-3 -3.303e-007 -3.358e-007  6.661e-007
66 2-1 -1.489e-005  1.449e-005  4.029e-007  3.863e-004
66 2-2  1.489e-005 -1.712e-005  2.221e-006 -3.741e-004  4.432e-004
66 2-3 -2.217e-009  2.626e-006 -2.624e-006 -1.214e-005 -6.910e-005  8.124e-005
67  9.756e-001  2.238e-002  2.024e-003  1.477e-001  8.260e-001  2.633e-002 
67 1-1  7.603e-006
67 1-2 -7.177e-006  7.581e-006
67 1-3 -4.265e-007 -4.043e-007  8.308e-007
67 2-1 -1.531e-005  1.486e-005  4.572e-007  3.675e-004
67 2-2  1.520e-005 -1.780e-005  2.603e-006 -3.547e-004  4.282e-004
67 2-3  1.137e-007  2.946e-006 -3.060e-006 -1.276e-005 -7.349e-005  8.624e-005
68  9.736e-001  2.402e-002  2.377e-003  1.457e-001  8.257e-001  2.859e-002 
68 1-1  8.155e-006
68 1-2 -7.611e-006  8.100e-006
68 1-3 -5.436e-007 -4.890e-007  1.033e-006
68 2-1 -1.607e-005  1.554e-005  5.255e-007  3.570e-004
68 2-2  1.585e-005 -1.888e-005  3.038e-006 -3.435e-004  4.214e-004
68 2-3  2.226e-007  3.341e-006 -3.563e-006 -1.350e-005 -7.791e-005  9.141e-005
69  9.714e-001  2.578e-002  2.792e-003  1.437e-001  8.253e-001  3.103e-002 
69 1-1  8.865e-006
69 1-2 -8.181e-006  8.776e-006
69 1-3 -6.843e-007 -5.947e-007  1.279e-006
69 2-1 -1.722e-005  1.661e-005  6.124e-007  3.542e-004
69 2-2  1.691e-005 -2.044e-005  3.534e-006 -3.398e-004  4.222e-004
69 2-3  3.137e-007  3.832e-006 -4.146e-006 -1.439e-005 -8.242e-005  9.680e-005
70  9.691e-001  2.766e-002  3.278e-003  1.417e-001  8.247e-001  3.367e-002 
70 1-1  9.792e-006
70 1-2 -8.940e-006  9.668e-006
70 1-3 -8.514e-007 -7.277e-007  1.579e-006
70 2-1 -1.883e-005  1.811e-005  7.234e-007  3.585e-004
70 2-2  1.846e-005 -2.256e-005  4.100e-006 -3.431e-004  4.302e-004
70 2-3  3.735e-007  4.450e-006 -4.824e-006 -1.545e-005 -8.711e-005  1.026e-004
71  9.665e-001  2.967e-002  3.847e-003  1.396e-001  8.238e-001  3.652e-002 
71 1-1  1.101e-005
71 1-2 -9.959e-006  1.086e-005
71 1-3 -1.048e-006 -8.968e-007  1.944e-006
71 2-1 -2.097e-005  2.010e-005  8.660e-007  3.695e-004
71 2-2  2.058e-005 -2.533e-005  4.750e-006 -3.528e-004  4.449e-004
71 2-3  3.854e-007  5.231e-006 -5.616e-006 -1.672e-005 -9.214e-005  1.089e-004
72  9.637e-001  3.181e-002  4.515e-003  1.376e-001  8.228e-001  3.961e-002 
72 1-1  1.260e-005
72 1-2 -1.132e-005  1.244e-005
72 1-3 -1.276e-006 -1.113e-006  2.390e-006
72 2-1 -2.371e-005  2.266e-005  1.050e-006  3.866e-004
72 2-2  2.338e-005 -2.888e-005  5.502e-006 -3.683e-004  4.661e-004
72 2-3  3.307e-007  6.221e-006 -6.552e-006 -1.827e-005 -9.773e-005  1.160e-004
73  9.606e-001  3.411e-002  5.297e-003  1.356e-001  8.215e-001  4.294e-002 
73 1-1  1.468e-005
73 1-2 -1.314e-005  1.454e-005
73 1-3 -1.540e-006 -1.394e-006  2.934e-006
73 2-1 -2.714e-005  2.585e-005  1.287e-006  4.093e-004
73 2-2  2.695e-005 -3.333e-005  6.380e-006 -3.891e-004  4.933e-004
73 2-3  1.890e-007  7.478e-006 -7.667e-006 -2.015e-005 -1.042e-004  1.244e-004
74  9.572e-001  3.655e-002  6.213e-003  1.335e-001  8.200e-001  4.654e-002 
74 1-1  1.740e-005
74 1-2 -1.556e-005  1.732e-005
74 1-3 -1.846e-006 -1.759e-006  3.605e-006
74 2-1 -3.135e-005  2.976e-005  1.594e-006  4.369e-004
74 2-2  3.141e-005 -3.883e-005  7.423e-006 -4.145e-004  5.266e-004
74 2-3 -5.948e-008  9.076e-006 -9.016e-006 -2.245e-005 -1.121e-004  1.346e-004
75  9.536e-001  3.916e-002  7.285e-003  1.314e-001  8.182e-001  5.043e-002 
75 1-1  2.093e-005
75 1-2 -1.872e-005  2.096e-005
75 1-3 -2.202e-006 -2.240e-006  4.442e-006
75 2-1 -3.644e-005  3.445e-005  1.990e-006  4.691e-004
75 2-2  3.687e-005 -4.555e-005  8.683e-006 -4.438e-004  5.658e-004
75 2-3 -4.307e-007  1.110e-005 -1.067e-005 -2.529e-005 -1.220e-004  1.473e-004
76  9.495e-001  4.194e-002  8.538e-003  1.293e-001  8.160e-001  5.462e-002 
76 1-1  2.547e-005
76 1-2 -2.284e-005  2.572e-005
76 1-3 -2.629e-006 -2.877e-006  5.505e-006
76 2-1 -4.251e-005  4.000e-005  2.504e-006  5.052e-004
76 2-2  4.344e-005 -5.368e-005  1.024e-005 -4.764e-004  6.113e-004
76 2-3 -9.320e-007  1.367e-005 -1.274e-005 -2.879e-005 -1.349e-004  1.637e-004
77  9.451e-001  4.490e-002  1.000e-002  1.272e-001  8.136e-001  5.913e-002 
77 1-1  3.131e-005
77 1-2 -2.815e-005  3.188e-005
77 1-3 -3.159e-006 -3.726e-006  6.884e-006
77 2-1 -4.966e-005  4.650e-005  3.168e-006  5.448e-004
77 2-2  5.122e-005 -6.342e-005  1.220e-005 -5.117e-004  6.635e-004
77 2-3 -1.554e-006  1.692e-005 -1.537e-005 -3.313e-005 -1.519e-004  1.850e-004
78  9.402e-001  4.804e-002  1.171e-002  1.251e-001  8.109e-001  6.399e-002 
78 1-1  3.878e-005
78 1-2 -3.492e-005  3.979e-005
78 1-3 -3.856e-006 -4.865e-006  8.721e-006
78 2-1 -5.803e-005  5.400e-005  4.026e-006  5.873e-004
78 2-2  6.029e-005 -7.503e-005  1.474e-005 -5.488e-004  7.232e-004
78 2-3 -2.258e-006  2.102e-005 -1.876e-005 -3.853e-005 -1.744e-004  2.130e-004
79  9.349e-001  5.137e-002  1.371e-002  1.230e-001  8.078e-001  6.922e-002 
79 1-1  4.830e-005
79 1-2 -4.346e-005  4.987e-005
79 1-3 -4.834e-006 -6.403e-006  1.124e-005
79 2-1 -6.773e-005  6.260e-005  5.133e-006  6.323e-004
79 2-2  7.070e-005 -8.878e-005  1.808e-005 -5.870e-004  7.916e-004
79 2-3 -2.965e-006  2.618e-005 -2.321e-005 -4.525e-005 -2.045e-004  2.498e-004
80  9.291e-001  5.491e-002  1.603e-002  1.208e-001  8.043e-001  7.485e-002 
80 1-1  6.042e-005
80 1-2 -5.414e-005  6.262e-005
80 1-3 -6.286e-006 -8.489e-006  1.478e-005
80 2-1 -7.891e-005  7.234e-005  6.562e-006  6.791e-004
80 2-2  8.243e-005 -1.050e-004  2.255e-005 -6.255e-004  8.702e-004
80 2-3 -3.526e-006  3.264e-005 -2.911e-005 -5.360e-005 -2.447e-004  2.983e-004
81  9.226e-001  5.864e-002  1.874e-002  1.186e-001  8.005e-001  8.088e-002 
81 1-1  7.586e-005
81 1-2 -6.732e-005  7.865e-005
81 1-3 -8.541e-006 -1.133e-005  1.987e-005
81 2-1 -9.169e-005  8.329e-005  8.401e-006  7.274e-004
81 2-2  9.539e-005 -1.240e-004  2.861e-005 -6.634e-004  9.612e-004
81 2-3 -3.701e-006  4.071e-005 -3.701e-005 -6.399e-005 -2.978e-004  3.618e-004
82  9.155e-001  6.259e-002  2.189e-002  1.164e-001  7.962e-001  8.736e-002 
82 1-1  9.553e-005
82 1-2 -8.340e-005  9.863e-005
82 1-3 -1.213e-005 -1.522e-005  2.735e-005
82 2-1 -1.062e-004  9.546e-005  1.076e-005  7.766e-004
82 2-2  1.093e-004 -1.462e-004  3.688e-005 -6.997e-004  1.067e-003
82 2-3 -3.115e-006  5.076e-005 -4.765e-005 -7.686e-005 -3.678e-004  4.447e-004
83  9.077e-001  6.674e-002  2.554e-002  1.142e-001  7.915e-001  9.430e-002 
83 1-1  1.207e-004
83 1-2 -1.028e-004  1.234e-004
83 1-3 -1.791e-005 -2.057e-005  3.848e-005
83 2-1 -1.227e-004  1.089e-004  1.380e-005  8.262e-004
83 2-2  1.239e-004 -1.721e-004  4.824e-005 -7.334e-004  1.193e-003
83 2-3 -1.210e-006  6.325e-005 -6.204e-005 -9.277e-005 -4.591e-004  5.519e-004
84  8.991e-001  7.110e-002  2.978e-002  1.119e-001  7.863e-001  1.017e-001 
84 1-1  1.530e-004
84 1-2 -1.258e-004  1.538e-004
84 1-3 -2.720e-005 -2.794e-005  5.514e-005
84 2-1 -1.412e-004  1.236e-004  1.767e-005  8.757e-004
84 2-2  1.384e-004 -2.023e-004  6.385e-005 -7.634e-004  1.341e-003
84 2-3  2.815e-006  7.871e-005 -8.152e-005 -1.124e-004 -5.773e-004  6.896e-004
85  8.897e-001  7.566e-002  3.468e-002  1.097e-001  7.807e-001  1.097e-001 
85 1-1  1.948e-004
85 1-2 -1.527e-004  1.909e-004
85 1-3 -4.203e-005 -3.814e-005  8.017e-005
85 2-1 -1.620e-004  1.394e-004  2.261e-005  9.248e-004
85 2-2  1.519e-004 -2.372e-004  8.526e-005 -7.885e-004  1.517e-003
85 2-3  1.008e-005  9.780e-005 -1.079e-004 -1.363e-004 -7.288e-004  8.651e-004
86  8.792e-001  8.042e-002  4.034e-002  1.073e-001  7.745e-001  1.182e-001 
86 1-1  2.491e-004
86 1-2 -1.836e-004  2.359e-004
86 1-3 -6.543e-005 -5.227e-005  1.177e-004
86 2-1 -1.853e-004  1.564e-004  2.889e-005  9.730e-004
86 2-2  1.632e-004 -2.777e-004  1.145e-004 -8.074e-004  1.729e-003
86 2-3  2.209e-005  1.213e-004 -1.434e-004 -1.656e-004 -9.212e-004  1.087e-003
87  8.678e-001  8.536e-002  4.686e-002  1.050e-001  7.678e-001  1.272e-001 
87 1-1  3.200e-004
87 1-2 -2.182e-004  2.901e-004
87 1-3 -1.018e-004 -7.190e-005  1.737e-004
87 2-1 -2.111e-004  1.743e-004  3.683e-005  1.020e-003
87 2-2  1.702e-004 -3.245e-004  1.542e-004 -8.188e-004  1.982e-003
87 2-3  4.088e-005  1.502e-004 -1.911e-004 -2.010e-004 -1.163e-003  1.364e-003
88  8.552e-001  9.048e-002  5.435e-002  1.026e-001  7.606e-001  1.368e-001 
88 1-1  4.133e-004
88 1-2 -2.558e-004  3.550e-004
88 1-3 -1.575e-004 -9.919e-005  2.567e-004
88 2-1 -2.398e-004  1.930e-004  4.683e-005  1.065e-003
88 2-2  1.707e-004 -3.786e-004  2.078e-004 -8.212e-004  2.286e-003
88 2-3  6.906e-005  1.856e-004 -2.547e-004 -2.436e-004 -1.465e-003  1.709e-003
89  8.413e-001  9.573e-002  6.293e-002  1.002e-001  7.527e-001  1.470e-001 
89 1-1  5.363e-004
89 1-2 -2.949e-004  4.321e-004
89 1-3 -2.413e-004 -1.371e-004  3.784e-004
89 2-1 -2.715e-004  2.122e-004  5.934e-005  1.108e-003
89 2-2  1.616e-004 -4.411e-004  2.795e-004 -8.132e-004  2.651e-003
89 2-3  1.099e-004  2.289e-004 -3.389e-004 -2.946e-004 -1.838e-003  2.132e-003
90  8.262e-001  1.011e-001  7.273e-002  9.778e-002  7.443e-001  1.579e-001 
90 1-1  6.987e-004
90 1-2 -3.334e-004  5.232e-004
90 1-3 -3.653e-004 -1.898e-004  5.550e-004
90 2-1 -3.064e-004  2.315e-004  7.490e-005  1.148e-003
90 2-2  1.388e-004 -5.133e-004  3.745e-004 -7.933e-004  3.087e-003
90 2-3  1.676e-004  2.818e-004 -4.494e-004 -3.551e-004 -2.294e-003  2.649e-003