# SEMgali.txt
#IMaCh version 0.99r45, April 2023,INED-EUROREVES-Institut de longevite-Japan Society for the Promotion of Science (Grant-in-Aid for Scientific Research 25293121), Intel Software 2015-2020, Nihon University 2021-202, INED 2000-2022
#$Revision: 1.353 $ $Date: 2023/05/08 18:48:22 $
# Tue Feb 04 20:24:32 2025
#One-step probabilities and correlation matrix
# Age p1-1  p1-2  p1-3  p2-1  p2-2  p2-3 
50  9.933e-001  6.612e-003  1.291e-004  1.823e-001  8.114e-001  6.375e-003 
50 1-1  1.000e+000
50 1-2 -9.981e-001  1.000e+000
50 1-3  3.849e-002 -1.007e-001  1.000e+000
50 2-1 -2.783e-001  2.758e-001  2.108e-002  1.000e+000
50 2-2  2.843e-001 -2.837e-001  1.013e-002 -9.953e-001  1.000e+000
50 2-3 -6.214e-002  8.194e-002 -3.219e-001 -4.520e-002 -5.175e-002  1.000e+000
51  9.927e-001  7.107e-003  1.518e-004  1.802e-001  8.129e-001  6.936e-003 
51 1-1  1.000e+000
51 1-2 -9.976e-001  1.000e+000
51 1-3  3.311e-002 -1.018e-001  1.000e+000
51 2-1 -2.772e-001  2.745e-001  2.098e-002  1.000e+000
51 2-2  2.834e-001 -2.830e-001  1.377e-002 -9.942e-001  1.000e+000
51 2-3 -6.013e-002  8.209e-002 -3.229e-001 -4.499e-002 -6.260e-002  1.000e+000
52  9.922e-001  7.639e-003  1.786e-004  1.781e-001  8.144e-001  7.545e-003 
52 1-1  1.000e+000
52 1-2 -9.971e-001  1.000e+000
52 1-3  2.715e-002 -1.031e-001  1.000e+000
52 2-1 -2.761e-001  2.731e-001  2.089e-002  1.000e+000
52 2-2  2.825e-001 -2.825e-001  1.781e-002 -9.929e-001  1.000e+000
52 2-3 -5.791e-002  8.228e-002 -3.239e-001 -4.493e-002 -7.451e-002  1.000e+000
53  9.916e-001  8.211e-003  2.101e-004  1.760e-001  8.158e-001  8.207e-003 
53 1-1  1.000e+000
53 1-2 -9.965e-001  1.000e+000
53 1-3  2.055e-002 -1.046e-001  1.000e+000
53 2-1 -2.749e-001  2.717e-001  2.082e-002  1.000e+000
53 2-2  2.815e-001 -2.819e-001  2.230e-002 -9.912e-001  1.000e+000
53 2-3 -5.547e-002  8.253e-002 -3.251e-001 -4.503e-002 -8.756e-002  1.000e+000
54  9.909e-001  8.825e-003  2.471e-004  1.740e-001  8.171e-001  8.926e-003 
54 1-1  1.000e+000
54 1-2 -9.957e-001  1.000e+000
54 1-3  1.323e-002 -1.062e-001  1.000e+000
54 2-1 -2.738e-001  2.704e-001  2.078e-002  1.000e+000
54 2-2  2.804e-001 -2.814e-001  2.728e-002 -9.892e-001  1.000e+000
54 2-3 -5.279e-002  8.287e-002 -3.263e-001 -4.532e-002 -1.019e-001  1.000e+000
55  9.902e-001  9.485e-003  2.906e-004  1.719e-001  8.184e-001  9.708e-003 
55 1-1  1.000e+000
55 1-2 -9.947e-001  1.000e+000
55 1-3  5.134e-003 -1.081e-001  1.000e+000
55 2-1 -2.727e-001  2.690e-001  2.078e-002  1.000e+000
55 2-2  2.792e-001 -2.810e-001  3.280e-002 -9.866e-001  1.000e+000
55 2-3 -4.985e-002  8.330e-002 -3.277e-001 -4.581e-002 -1.176e-001  1.000e+000
56  9.895e-001  1.019e-002  3.418e-004  1.699e-001  8.196e-001  1.056e-002 
56 1-1  1.000e+000
56 1-2 -9.935e-001  1.000e+000
56 1-3 -3.823e-003 -1.102e-001  1.000e+000
56 2-1 -2.716e-001  2.676e-001  2.081e-002  1.000e+000
56 2-2  2.779e-001 -2.806e-001  3.891e-002 -9.835e-001  1.000e+000
56 2-3 -4.663e-002  8.386e-002 -3.292e-001 -4.652e-002 -1.348e-001  1.000e+000
57  9.886e-001  1.095e-002  4.020e-004  1.678e-001  8.207e-001  1.148e-002 
57 1-1  1.000e+000
57 1-2 -9.920e-001  1.000e+000
57 1-3 -1.372e-002 -1.126e-001  1.000e+000
57 2-1 -2.707e-001  2.664e-001  2.088e-002  1.000e+000
57 2-2  2.764e-001 -2.805e-001  4.565e-002 -9.797e-001  1.000e+000
57 2-3 -4.312e-002  8.459e-002 -3.308e-001 -4.749e-002 -1.535e-001  1.000e+000
58  9.878e-001  1.177e-002  4.727e-004  1.658e-001  8.217e-001  1.248e-002 
58 1-1  1.000e+000
58 1-2 -9.902e-001  1.000e+000
58 1-3 -2.463e-002 -1.152e-001  1.000e+000
58 2-1 -2.699e-001  2.652e-001  2.101e-002  1.000e+000
58 2-2  2.748e-001 -2.805e-001  5.306e-002 -9.751e-001  1.000e+000
58 2-3 -3.930e-002  8.552e-002 -3.326e-001 -4.872e-002 -1.738e-001  1.000e+000
59  9.868e-001  1.265e-002  5.558e-004  1.638e-001  8.227e-001  1.357e-002 
59 1-1  1.000e+000
59 1-2 -9.880e-001  1.000e+000
59 1-3 -3.663e-002 -1.183e-001  1.000e+000
59 2-1 -2.693e-001  2.643e-001  2.121e-002  1.000e+000
59 2-2  2.730e-001 -2.808e-001  6.115e-002 -9.696e-001  1.000e+000
59 2-3 -3.516e-002  8.670e-002 -3.346e-001 -5.024e-002 -1.956e-001  1.000e+000
60  9.858e-001  1.359e-002  6.535e-004  1.618e-001  8.235e-001  1.475e-002 
60 1-1  1.000e+000
60 1-2 -9.853e-001  1.000e+000
60 1-3 -4.979e-002 -1.217e-001  1.000e+000
60 2-1 -2.690e-001  2.637e-001  2.147e-002  1.000e+000
60 2-2  2.712e-001 -2.814e-001  6.991e-002 -9.630e-001  1.000e+000
60 2-3 -3.071e-002  8.819e-002 -3.369e-001 -5.206e-002 -2.189e-001  1.000e+000
61  9.846e-001  1.460e-002  7.683e-004  1.597e-001  8.242e-001  1.603e-002 
61 1-1  1.000e+000
61 1-2 -9.820e-001  1.000e+000
61 1-3 -6.414e-002 -1.256e-001  1.000e+000
61 2-1 -2.692e-001  2.635e-001  2.182e-002  1.000e+000
61 2-2  2.692e-001 -2.826e-001  7.928e-002 -9.553e-001  1.000e+000
61 2-3 -2.596e-002  9.008e-002 -3.394e-001 -5.419e-002 -2.434e-001  1.000e+000
62  9.834e-001  1.568e-002  9.031e-004  1.577e-001  8.248e-001  1.742e-002 
62 1-1  1.000e+000
62 1-2 -9.780e-001  1.000e+000
62 1-3 -7.967e-002 -1.300e-001  1.000e+000
62 2-1 -2.700e-001  2.639e-001  2.226e-002  1.000e+000
62 2-2  2.673e-001 -2.845e-001  8.915e-002 -9.465e-001  1.000e+000
62 2-3 -2.095e-002  9.244e-002 -3.421e-001 -5.662e-002 -2.687e-001  1.000e+000
63  9.821e-001  1.684e-002  1.062e-003  1.557e-001  8.253e-001  1.893e-002 
63 1-1  1.000e+000
63 1-2 -9.732e-001  1.000e+000
63 1-3 -9.634e-002 -1.350e-001  1.000e+000
63 2-1 -2.716e-001  2.651e-001  2.280e-002  1.000e+000
63 2-2  2.655e-001 -2.873e-001  9.935e-002 -9.366e-001  1.000e+000
63 2-3 -1.573e-002  9.537e-002 -3.452e-001 -5.933e-002 -2.942e-001  1.000e+000
64  9.807e-001  1.809e-002  1.248e-003  1.537e-001  8.257e-001  2.056e-002 
64 1-1  1.000e+000
64 1-2 -9.676e-001  1.000e+000
64 1-3 -1.140e-001 -1.406e-001  1.000e+000
64 2-1 -2.741e-001  2.672e-001  2.345e-002  1.000e+000
64 2-2  2.642e-001 -2.912e-001  1.096e-001 -9.260e-001  1.000e+000
64 2-3 -1.041e-002  9.899e-002 -3.486e-001 -6.226e-002 -3.192e-001  1.000e+000
65  9.791e-001  1.942e-002  1.466e-003  1.517e-001  8.259e-001  2.233e-002 
65 1-1  1.000e+000
65 1-2 -9.610e-001  1.000e+000
65 1-3 -1.324e-001 -1.468e-001  1.000e+000
65 2-1 -2.779e-001  2.706e-001  2.422e-002  1.000e+000
65 2-2  2.637e-001 -2.965e-001  1.197e-001 -9.150e-001  1.000e+000
65 2-3 -5.128e-003  1.034e-001 -3.524e-001 -6.535e-002 -3.428e-001  1.000e+000
66  9.774e-001  2.085e-002  1.723e-003  1.497e-001  8.260e-001  2.425e-002 
66 1-1  1.000e+000
66 1-2 -9.535e-001  1.000e+000
66 1-3 -1.512e-001 -1.536e-001  1.000e+000
66 2-1 -2.830e-001  2.753e-001  2.512e-002  1.000e+000
66 2-2  2.643e-001 -3.036e-001  1.293e-001 -9.042e-001  1.000e+000
66 2-3 -9.187e-005  1.088e-001 -3.567e-001 -6.851e-002 -3.642e-001  1.000e+000
67  9.756e-001  2.238e-002  2.024e-003  1.477e-001  8.260e-001  2.633e-002 
67 1-1  1.000e+000
67 1-2 -9.453e-001  1.000e+000
67 1-3 -1.697e-001 -1.611e-001  1.000e+000
67 2-1 -2.897e-001  2.815e-001  2.617e-002  1.000e+000
67 2-2  2.664e-001 -3.124e-001  1.380e-001 -8.942e-001  1.000e+000
67 2-3  4.438e-003  1.152e-001 -3.615e-001 -7.166e-002 -3.824e-001  1.000e+000
68  9.736e-001  2.402e-002  2.377e-003  1.457e-001  8.257e-001  2.859e-002 
68 1-1  1.000e+000
68 1-2 -9.365e-001  1.000e+000
68 1-3 -1.873e-001 -1.691e-001  1.000e+000
68 2-1 -2.978e-001  2.891e-001  2.737e-002  1.000e+000
68 2-2  2.703e-001 -3.232e-001  1.456e-001 -8.856e-001  1.000e+000
68 2-3  8.151e-003  1.228e-001 -3.668e-001 -7.473e-002 -3.970e-001  1.000e+000
69  9.714e-001  2.578e-002  2.792e-003  1.437e-001  8.253e-001  3.103e-002 
69 1-1  1.000e+000
69 1-2 -9.275e-001  1.000e+000
69 1-3 -2.032e-001 -1.775e-001  1.000e+000
69 2-1 -3.073e-001  2.979e-001  2.877e-002  1.000e+000
69 2-2  2.763e-001 -3.358e-001  1.521e-001 -8.787e-001  1.000e+000
69 2-3  1.071e-002  1.315e-001 -3.726e-001 -7.769e-002 -4.077e-001  1.000e+000
70  9.691e-001  2.766e-002  3.278e-003  1.417e-001  8.247e-001  3.367e-002 
70 1-1  1.000e+000
70 1-2 -9.189e-001  1.000e+000
70 1-3 -2.165e-001 -1.862e-001  1.000e+000
70 2-1 -3.178e-001  3.075e-001  3.040e-002  1.000e+000
70 2-2  2.844e-001 -3.497e-001  1.573e-001 -8.736e-001  1.000e+000
70 2-3  1.179e-002  1.413e-001 -3.791e-001 -8.055e-002 -4.147e-001  1.000e+000
71  9.665e-001  2.967e-002  3.847e-003  1.396e-001  8.238e-001  3.652e-002 
71 1-1  1.000e+000
71 1-2 -9.111e-001  1.000e+000
71 1-3 -2.265e-001 -1.952e-001  1.000e+000
71 2-1 -3.288e-001  3.174e-001  3.231e-002  1.000e+000
71 2-2  2.941e-001 -3.645e-001  1.615e-001 -8.701e-001  1.000e+000
71 2-3  1.113e-002  1.522e-001 -3.860e-001 -8.338e-002 -4.186e-001  1.000e+000
72  9.637e-001  3.181e-002  4.515e-003  1.376e-001  8.228e-001  3.961e-002 
72 1-1  1.000e+000
72 1-2 -9.046e-001  1.000e+000
72 1-3 -2.326e-001 -2.042e-001  1.000e+000
72 2-1 -3.397e-001  3.268e-001  3.454e-002  1.000e+000
72 2-2  3.051e-001 -3.793e-001  1.649e-001 -8.677e-001  1.000e+000
72 2-3  8.650e-003  1.638e-001 -3.935e-001 -8.627e-002 -4.203e-001  1.000e+000
73  9.606e-001  3.411e-002  5.297e-003  1.356e-001  8.215e-001  4.294e-002 
73 1-1  1.000e+000
73 1-2 -8.996e-001  1.000e+000
73 1-3 -2.347e-001 -2.134e-001  1.000e+000
73 2-1 -3.501e-001  3.352e-001  3.714e-002  1.000e+000
73 2-2  3.167e-001 -3.936e-001  1.677e-001 -8.660e-001  1.000e+000
73 2-3  4.422e-003  1.759e-001 -4.014e-001 -8.931e-002 -4.208e-001  1.000e+000
74  9.572e-001  3.655e-002  6.213e-003  1.335e-001  8.200e-001  4.654e-002 
74 1-1  1.000e+000
74 1-2 -8.962e-001  1.000e+000
74 1-3 -2.330e-001 -2.227e-001  1.000e+000
74 2-1 -3.596e-001  3.421e-001  4.016e-002  1.000e+000
74 2-2  3.281e-001 -4.067e-001  1.704e-001 -8.641e-001  1.000e+000
74 2-3 -1.229e-003  1.880e-001 -4.094e-001 -9.260e-002 -4.212e-001  1.000e+000
75  9.536e-001  3.916e-002  7.285e-003  1.314e-001  8.182e-001  5.043e-002 
75 1-1  1.000e+000
75 1-2 -8.939e-001  1.000e+000
75 1-3 -2.284e-001 -2.321e-001  1.000e+000
75 2-1 -3.678e-001  3.474e-001  4.360e-002  1.000e+000
75 2-2  3.388e-001 -4.182e-001  1.732e-001 -8.614e-001  1.000e+000
75 2-3 -7.758e-003  1.998e-001 -4.172e-001 -9.618e-002 -4.227e-001  1.000e+000
76  9.495e-001  4.194e-002  8.538e-003  1.293e-001  8.160e-001  5.462e-002 
76 1-1  1.000e+000
76 1-2 -8.925e-001  1.000e+000
76 1-3 -2.220e-001 -2.417e-001  1.000e+000
76 2-1 -3.747e-001  3.509e-001  4.748e-002  1.000e+000
76 2-2  3.481e-001 -4.281e-001  1.765e-001 -8.573e-001  1.000e+000
76 2-3 -1.443e-002  2.107e-001 -4.245e-001 -1.001e-001 -4.265e-001  1.000e+000
77  9.451e-001  4.490e-002  1.000e-002  1.272e-001  8.136e-001  5.913e-002 
77 1-1  1.000e+000
77 1-2 -8.911e-001  1.000e+000
77 1-3 -2.151e-001 -2.515e-001  1.000e+000
77 2-1 -3.803e-001  3.528e-001  5.172e-002  1.000e+000
77 2-2  3.553e-001 -4.361e-001  1.805e-001 -8.510e-001  1.000e+000
77 2-3 -2.041e-002  2.204e-001 -4.307e-001 -1.044e-001 -4.334e-001  1.000e+000
78  9.402e-001  4.804e-002  1.171e-002  1.251e-001  8.109e-001  6.399e-002 
78 1-1  1.000e+000
78 1-2 -8.891e-001  1.000e+000
78 1-3 -2.097e-001 -2.612e-001  1.000e+000
78 2-1 -3.845e-001  3.533e-001  5.625e-002  1.000e+000
78 2-2  3.600e-001 -4.423e-001  1.856e-001 -8.420e-001  1.000e+000
78 2-3 -2.485e-002  2.284e-001 -4.354e-001 -1.089e-001 -4.445e-001  1.000e+000
79  9.349e-001  5.137e-002  1.371e-002  1.230e-001  8.078e-001  6.922e-002 
79 1-1  1.000e+000
79 1-2 -8.856e-001  1.000e+000
79 1-3 -2.075e-001 -2.705e-001  1.000e+000
79 2-1 -3.876e-001  3.525e-001  6.090e-002  1.000e+000
79 2-2  3.616e-001 -4.468e-001  1.917e-001 -8.298e-001  1.000e+000
79 2-3 -2.699e-002  2.345e-001 -4.381e-001 -1.139e-001 -4.600e-001  1.000e+000
80  9.291e-001  5.491e-002  1.603e-002  1.208e-001  8.043e-001  7.485e-002 
80 1-1  1.000e+000
80 1-2 -8.801e-001  1.000e+000
80 1-3 -2.104e-001 -2.791e-001  1.000e+000
80 2-1 -3.895e-001  3.508e-001  6.551e-002  1.000e+000
80 2-2  3.595e-001 -4.497e-001  1.989e-001 -8.137e-001  1.000e+000
80 2-3 -2.627e-002  2.388e-001 -4.385e-001 -1.191e-001 -4.802e-001  1.000e+000
81  9.226e-001  5.864e-002  1.874e-002  1.186e-001  8.005e-001  8.088e-002 
81 1-1  1.000e+000
81 1-2 -8.715e-001  1.000e+000
81 1-3 -2.200e-001 -2.866e-001  1.000e+000
81 2-1 -3.903e-001  3.482e-001  6.988e-002  1.000e+000
81 2-2  3.533e-001 -4.510e-001  2.070e-001 -7.934e-001  1.000e+000
81 2-3 -2.234e-002  2.413e-001 -4.364e-001 -1.247e-001 -5.050e-001  1.000e+000
82  9.155e-001  6.259e-002  2.189e-002  1.164e-001  7.962e-001  8.736e-002 
82 1-1  1.000e+000
82 1-2 -8.592e-001  1.000e+000
82 1-3 -2.373e-001 -2.931e-001  1.000e+000
82 2-1 -3.900e-001  3.450e-001  7.386e-002  1.000e+000
82 2-2  3.424e-001 -4.507e-001  2.158e-001 -7.685e-001  1.000e+000
82 2-3 -1.511e-002  2.424e-001 -4.320e-001 -1.308e-001 -5.338e-001  1.000e+000
83  9.077e-001  6.674e-002  2.554e-002  1.142e-001  7.915e-001  9.430e-002 
83 1-1  1.000e+000
83 1-2 -8.424e-001  1.000e+000
83 1-3 -2.628e-001 -2.986e-001  1.000e+000
83 2-1 -3.885e-001  3.411e-001  7.738e-002  1.000e+000
83 2-2  3.266e-001 -4.488e-001  2.252e-001 -7.389e-001  1.000e+000
83 2-3 -4.687e-003  2.424e-001 -4.257e-001 -1.374e-001 -5.659e-001  1.000e+000
84  8.991e-001  7.110e-002  2.978e-002  1.119e-001  7.863e-001  1.017e-001 
84 1-1  1.000e+000
84 1-2 -8.203e-001  1.000e+000
84 1-3 -2.961e-001 -3.034e-001  1.000e+000
84 2-1 -3.858e-001  3.367e-001  8.042e-002  1.000e+000
84 2-2  3.056e-001 -4.455e-001  2.348e-001 -7.045e-001  1.000e+000
84 2-3  8.664e-003  2.417e-001 -4.181e-001 -1.446e-001 -6.004e-001  1.000e+000
85  8.897e-001  7.566e-002  3.468e-002  1.097e-001  7.807e-001  1.097e-001 
85 1-1  1.000e+000
85 1-2 -7.922e-001  1.000e+000
85 1-3 -3.364e-001 -3.083e-001  1.000e+000
85 2-1 -3.817e-001  3.318e-001  8.305e-002  1.000e+000
85 2-2  2.795e-001 -4.408e-001  2.445e-001 -6.656e-001  1.000e+000
85 2-3  2.454e-002  2.407e-001 -4.096e-001 -1.524e-001 -6.361e-001  1.000e+000
86  8.792e-001  8.042e-002  4.034e-002  1.073e-001  7.745e-001  1.182e-001 
86 1-1  1.000e+000
86 1-2 -7.576e-001  1.000e+000
86 1-3 -3.822e-001 -3.137e-001  1.000e+000
86 2-1 -3.763e-001  3.264e-001  8.538e-002  1.000e+000
86 2-2  2.487e-001 -4.348e-001  2.539e-001 -6.226e-001  1.000e+000
86 2-3  4.246e-002  2.396e-001 -4.009e-001 -1.610e-001 -6.721e-001  1.000e+000
87  8.678e-001  8.536e-002  4.686e-002  1.050e-001  7.678e-001  1.272e-001 
87 1-1  1.000e+000
87 1-2 -7.161e-001  1.000e+000
87 1-3 -4.318e-001 -3.203e-001  1.000e+000
87 2-1 -3.696e-001  3.204e-001  8.751e-002  1.000e+000
87 2-2  2.137e-001 -4.279e-001  2.629e-001 -5.759e-001  1.000e+000
87 2-3  6.187e-002  2.387e-001 -3.925e-001 -1.704e-001 -7.074e-001  1.000e+000
88  8.552e-001  9.048e-002  5.435e-002  1.026e-001  7.606e-001  1.368e-001 
88 1-1  1.000e+000
88 1-2 -6.678e-001  1.000e+000
88 1-3 -4.836e-001 -3.286e-001  1.000e+000
88 2-1 -3.615e-001  3.139e-001  8.957e-002  1.000e+000
88 2-2  1.757e-001 -4.202e-001  2.713e-001 -5.263e-001  1.000e+000
88 2-3  8.218e-002  2.383e-001 -3.845e-001 -1.806e-001 -7.413e-001  1.000e+000
89  8.413e-001  9.573e-002  6.293e-002  1.002e-001  7.527e-001  1.470e-001 
89 1-1  1.000e+000
89 1-2 -6.127e-001  1.000e+000
89 1-3 -5.357e-001 -3.391e-001  1.000e+000
89 2-1 -3.523e-001  3.067e-001  9.165e-002  1.000e+000
89 2-2  1.355e-001 -4.121e-001  2.791e-001 -4.745e-001  1.000e+000
89 2-3  1.028e-001  2.385e-001 -3.772e-001 -1.917e-001 -7.730e-001  1.000e+000
90  8.262e-001  1.011e-001  7.273e-002  9.778e-002  7.443e-001  1.579e-001 
90 1-1  1.000e+000
90 1-2 -5.515e-001  1.000e+000
90 1-3 -5.866e-001 -3.522e-001  1.000e+000
90 2-1 -3.421e-001  2.987e-001  9.382e-002  1.000e+000
90 2-2  9.453e-002 -4.039e-001  2.861e-001 -4.213e-001  1.000e+000
90 2-3  1.232e-001  2.394e-001 -3.706e-001 -2.036e-001 -8.021e-001  1.000e+000