
#****** ******
# SEMgali.txt
#IMaCh version 0.99r45, April 2023,INED-EUROREVES-Institut de longevite-Japan Society for the Promotion of Science (Grant-in-Aid for Scientific Research 25293121), Intel Software 2015-2020, Nihon University 2021-202, INED 2000-2022
#$Revision: 1.353 $ $Date: 2023/05/08 18:48:22 $
# Tue Feb 04 20:24:32 2025
# Health expectancies with standard errors
# Age e11 (SE) e12 (SE) e1.  e21 (SE) e22 (SE) e2. 
 50   28.8816 (0.8417)    4.0751 (0.4448)   32.9567 (0.9096)   25.5210 (1.4344)    6.2541 (0.7290)   31.7751 (1.3591)
 51   27.9385 (0.8351)    4.0435 (0.4420)   31.9820 (0.9048)   24.5136 (1.4130)    6.2210 (0.7074)   30.7346 (1.3629)
 52   27.0011 (0.8280)    4.0097 (0.4393)   31.0108 (0.8995)   23.5128 (1.3901)    6.1835 (0.6867)   29.6963 (1.3645)
 53   26.0698 (0.8206)    3.9735 (0.4365)   30.0434 (0.8938)   22.5194 (1.3656)    6.1415 (0.6671)   28.6609 (1.3637)
 54   25.1454 (0.8129)    3.9349 (0.4337)   29.0803 (0.8877)   21.5346 (1.3397)    6.0947 (0.6487)   27.6293 (1.3602)
 55   24.2283 (0.8047)    3.8938 (0.4309)   28.1220 (0.8811)   20.5595 (1.3124)    6.0429 (0.6316)   26.6024 (1.3541)
 56   23.3192 (0.7962)    3.8499 (0.4282)   27.1691 (0.8741)   19.5951 (1.2839)    5.9860 (0.6158)   25.5811 (1.3453)
 57   22.4188 (0.7873)    3.8034 (0.4254)   26.2222 (0.8666)   18.6428 (1.2544)    5.9237 (0.6013)   24.5666 (1.3337)
 58   21.5279 (0.7781)    3.7539 (0.4226)   25.2818 (0.8587)   17.7040 (1.2240)    5.8560 (0.5883)   23.5600 (1.3195)
 59   20.6471 (0.7684)    3.7016 (0.4199)   24.3487 (0.8504)   16.7798 (1.1931)    5.7827 (0.5765)   22.5626 (1.3026)
 60   19.7773 (0.7585)    3.6463 (0.4172)   23.4236 (0.8417)   15.8719 (1.1618)    5.7038 (0.5660)   21.5757 (1.2832)
 61   18.9194 (0.7482)    3.5879 (0.4144)   22.5073 (0.8326)   14.9816 (1.1303)    5.6191 (0.5566)   20.6007 (1.2615)
 62   18.0741 (0.7375)    3.5264 (0.4117)   21.6005 (0.8231)   14.1104 (1.0990)    5.5288 (0.5482)   19.6392 (1.2378)
 63   17.2425 (0.7265)    3.4617 (0.4090)   20.7042 (0.8134)   13.2597 (1.0680)    5.4328 (0.5406)   18.6926 (1.2124)
 64   16.4252 (0.7152)    3.3940 (0.4063)   19.8192 (0.8034)   12.4312 (1.0376)    5.3313 (0.5338)   17.7624 (1.1857)
 65   15.6234 (0.7035)    3.3231 (0.4035)   18.9465 (0.7932)   11.6260 (1.0079)    5.2243 (0.5275)   16.8504 (1.1579)
 66   14.8379 (0.6915)    3.2492 (0.4008)   18.0871 (0.7828)   10.8458 (0.9790)    5.1121 (0.5216)   15.9579 (1.1296)
 67   14.0696 (0.6792)    3.1722 (0.3981)   17.2418 (0.7723)   10.0917 (0.9510)    4.9949 (0.5161)   15.0867 (1.1011)
 68   13.3195 (0.6665)    3.0923 (0.3953)   16.4118 (0.7617)    9.3651 (0.9238)    4.8730 (0.5109)   14.2381 (1.0728)
 69   12.5884 (0.6536)    3.0096 (0.3926)   15.5980 (0.7511)    8.6669 (0.8974)    4.7468 (0.5060)   13.4137 (1.0452)
 70   11.8772 (0.6403)    2.9242 (0.3898)   14.8014 (0.7404)    7.9983 (0.8716)    4.6165 (0.5013)   12.6148 (1.0185)
 71   11.1867 (0.6267)    2.8363 (0.3870)   14.0230 (0.7299)    7.3600 (0.8464)    4.4827 (0.4970)   11.8427 (0.9931)
 72   10.5177 (0.6129)    2.7461 (0.3842)   13.2638 (0.7194)    6.7528 (0.8214)    4.3458 (0.4930)   11.0986 (0.9691)
 73    9.8709 (0.5989)    2.6538 (0.3813)   12.5247 (0.7090)    6.1772 (0.7965)    4.2063 (0.4894)   10.3835 (0.9467)
 74    9.2469 (0.5846)    2.5597 (0.3784)   11.8066 (0.6988)    5.6335 (0.7715)    4.0647 (0.4864)    9.6982 (0.9260)
 75    8.6463 (0.5702)    2.4639 (0.3753)   11.1103 (0.6888)    5.1217 (0.7461)    3.9217 (0.4840)    9.0434 (0.9068)
 76    8.0696 (0.5558)    2.3669 (0.3722)   10.4366 (0.6791)    4.6420 (0.7202)    3.7776 (0.4822)    8.4196 (0.8892)
 77    7.5172 (0.5414)    2.2690 (0.3690)    9.7862 (0.6695)    4.1940 (0.6937)    3.6332 (0.4812)    7.8272 (0.8728)
 78    6.9894 (0.5271)    2.1704 (0.3656)    9.1598 (0.6602)    3.7773 (0.6666)    3.4890 (0.4808)    7.2663 (0.8575)
 79    6.4863 (0.5129)    2.0715 (0.3620)    8.5577 (0.6512)    3.3913 (0.6387)    3.3455 (0.4810)    6.7367 (0.8430)
 80    6.0080 (0.4991)    1.9726 (0.3583)    7.9806 (0.6425)    3.0351 (0.6101)    3.2032 (0.4819)    6.2383 (0.8291)
 81    5.5545 (0.4855)    1.8742 (0.3542)    7.4287 (0.6341)    2.7078 (0.5809)    3.0628 (0.4832)    5.7706 (0.8156)
 82    5.1257 (0.4724)    1.7765 (0.3499)    6.9021 (0.6258)    2.4084 (0.5512)    2.9246 (0.4849)    5.3330 (0.8022)
 83    4.7213 (0.4597)    1.6799 (0.3453)    6.4011 (0.6179)    2.1356 (0.5213)    2.7891 (0.4867)    4.9247 (0.7887)
 84    4.3409 (0.4474)    1.5847 (0.3403)    5.9257 (0.6100)    1.8881 (0.4911)    2.6568 (0.4886)    4.5448 (0.7750)
 85    3.9842 (0.4356)    1.4914 (0.3350)    5.4756 (0.6023)    1.6644 (0.4610)    2.5279 (0.4903)    4.1923 (0.7611)
 86    3.6507 (0.4241)    1.4001 (0.3294)    5.0507 (0.5945)    1.4632 (0.4312)    2.4028 (0.4918)    3.8660 (0.7467)
 87    3.3396 (0.4130)    1.3112 (0.3233)    4.6507 (0.5867)    1.2829 (0.4019)    2.2818 (0.4928)    3.5647 (0.7319)
 88    3.0503 (0.4022)    1.2249 (0.3169)    4.2752 (0.5786)    1.1220 (0.3733)    2.1650 (0.4932)    3.2870 (0.7166)
 89    2.7821 (0.3915)    1.1415 (0.3101)    3.9236 (0.5701)    0.9791 (0.3455)    2.0527 (0.4929)    3.0317 (0.7010)
 90    2.5341 (0.3808)    1.0612 (0.3029)    3.5954 (0.5611)    0.8525 (0.3187)    1.9449 (0.4919)    2.7974 (0.6849)
