
#****** ******
# SEMgali.txt
#IMaCh version 0.99r45, April 2023,INED-EUROREVES-Institut de longevite-Japan Society for the Promotion of Science (Grant-in-Aid for Scientific Research 25293121), Intel Software 2015-2020, Nihon University 2021-202, INED 2000-2022
#$Revision: 1.353 $ $Date: 2023/05/08 18:48:22 $
# Tue Feb 04 20:24:32 2025
# Variance and covariance of health expectancies e.j 
#  (weighted average of eij where weights are the age specific period (stable) prevalences in each health state 
# Age Cov(e.1, e.1) Cov(e.1, e.2) Cov(e.2, e.1) Cov(e.2, e.2)
50  0.7289 -0.0476 -0.0476 0.2046
51  0.7186 -0.0453 -0.0453 0.2022
52  0.7077 -0.0429 -0.0429 0.1998
53  0.6916 -0.0396 -0.0396 0.1984
54  0.6843 -0.0386 -0.0386 0.1950
55  0.6719 -0.0366 -0.0366 0.1926
56  0.6589 -0.0347 -0.0347 0.1903
57  0.6455 -0.0330 -0.0330 0.1880
58  0.6316 -0.0314 -0.0314 0.1857
59  0.6174 -0.0300 -0.0300 0.1835
60  0.6029 -0.0288 -0.0288 0.1814
61  0.5880 -0.0278 -0.0278 0.1793
62  0.5730 -0.0269 -0.0269 0.1772
63  0.5579 -0.0261 -0.0261 0.1753
64  0.5426 -0.0255 -0.0255 0.1734
65  0.5273 -0.0249 -0.0249 0.1716
66  0.5120 -0.0244 -0.0244 0.1698
67  0.4967 -0.0239 -0.0239 0.1682
68  0.4815 -0.0235 -0.0235 0.1666
69  0.4663 -0.0229 -0.0229 0.1651
70  0.4511 -0.0222 -0.0222 0.1637
71  0.4360 -0.0215 -0.0215 0.1624
72  0.4209 -0.0205 -0.0205 0.1612
73  0.4056 -0.0194 -0.0194 0.1601
74  0.3872 -0.0183 -0.0183 0.1605
75  0.3748 -0.0165 -0.0165 0.1583
76  0.3592 -0.0149 -0.0149 0.1575
77  0.3433 -0.0131 -0.0131 0.1569
78  0.3272 -0.0112 -0.0112 0.1563
79  0.3109 -0.0094 -0.0094 0.1558
80  0.2945 -0.0076 -0.0076 0.1554
81  0.2779 -0.0059 -0.0059 0.1551
82  0.2614 -0.0044 -0.0044 0.1548
83  0.2450 -0.0032 -0.0032 0.1545
84  0.2109 -0.0160 -0.0160 0.1494
85  0.2129 -0.0020 -0.0020 0.1540
86  0.1975 -0.0020 -0.0020 0.1537
87  0.1827 -0.0025 -0.0025 0.1535
88  0.1685 -0.0036 -0.0036 0.1531
89  0.1551 -0.0051 -0.0051 0.1529
90  0.1426 -0.0072 -0.0072 0.1527
