# ATFadl.txt
#IMaCh version 0.99r45, April 2023,INED-EUROREVES-Institut de longevite-Japan Society for the Promotion of Science (Grant-in-Aid for Scientific Research 25293121), Intel Software 2015-2020, Nihon University 2021-202, INED 2000-2022
#$Revision: 1.353 $ $Date: 2023/05/08 18:48:22 $
# Tue Feb 04 22:03:38 2025
# Forward period (stable) prevalence. Precision given by ftolpl=0.0006 
#Age 1-1 2-2 
#************
#Age   1-1     2-2   Total Years_to_converge
50  0.99716 0.00284 1.000 17
51  0.99669 0.00331 1.000 17
52  0.99615 0.00386 1.000 18
53  0.99551 0.00449 1.000 18
54  0.99477 0.00523 1.000 18
55  0.99391 0.00610 1.000 19
56  0.99291 0.00710 1.000 19
57  0.99174 0.00826 1.000 19
58  0.99040 0.00961 1.000 20
59  0.98884 0.01117 1.000 20
60  0.98703 0.01298 1.000 20
61  0.98494 0.01507 1.000 21
62  0.98252 0.01749 1.000 21
63  0.97973 0.02028 1.000 21
64  0.97652 0.02349 1.000 22
65  0.97282 0.02719 1.000 22
66  0.96858 0.03143 1.000 22
67  0.96372 0.03630 1.000 22
68  0.95815 0.04187 1.000 23
69  0.95180 0.04822 1.000 23
70  0.94457 0.05546 1.000 23
71  0.93635 0.06368 1.000 24
72  0.92704 0.07300 1.000 24
73  0.91653 0.08351 1.000 24
74  0.90469 0.09535 1.000 25
75  0.89141 0.10865 1.000 25
76  0.87656 0.12351 1.000 25
77  0.86003 0.14004 1.000 25
78  0.84170 0.15839 1.000 25
79  0.82146 0.17863 1.000 26
80  0.79923 0.20088 1.000 26
81  0.77493 0.22519 1.000 26
82  0.74852 0.25162 1.000 26
83  0.71999 0.28017 1.000 26
84  0.68936 0.31082 1.000 26
85  0.65670 0.34350 1.000 26
86  0.62214 0.37808 1.000 26
87  0.58584 0.41439 1.000 26
88  0.54807 0.45217 1.000 26
89  0.50913 0.49116 1.000 25
90  0.46939 0.53089 1.000 25
