# ATFadl.txt
#IMaCh version 0.99r45, April 2023,INED-EUROREVES-Institut de longevite-Japan Society for the Promotion of Science (Grant-in-Aid for Scientific Research 25293121), Intel Software 2015-2020, Nihon University 2021-202, INED 2000-2022
#$Revision: 1.353 $ $Date: 2023/05/08 18:48:22 $
# Tue Feb 04 22:03:38 2025
#One-step probabilities and correlation matrix
# Age p1-1  p1-2  p1-3  p2-1  p2-2  p2-3 
50  9.988e-001  9.409e-004  3.044e-004  2.442e-001  7.486e-001  7.209e-003 
50 1-1  1.000e+000
50 1-2 -8.167e-001  1.000e+000
50 1-3 -4.833e-001 -1.105e-001  1.000e+000
50 2-1 -1.399e-001  1.583e-001  7.375e-004  1.000e+000
50 2-2  1.377e-001 -1.681e-001  1.777e-002 -9.955e-001  1.000e+000
50 2-3  2.321e-002  1.016e-001 -1.941e-001 -5.337e-002 -4.194e-002  1.000e+000
51  9.986e-001  1.070e-003  3.377e-004  2.356e-001  7.566e-001  7.778e-003 
51 1-1  1.000e+000
51 1-2 -8.241e-001  1.000e+000
51 1-3 -4.710e-001 -1.116e-001  1.000e+000
51 2-1 -1.405e-001  1.578e-001  6.867e-004  1.000e+000
51 2-2  1.383e-001 -1.687e-001  2.013e-002 -9.944e-001  1.000e+000
51 2-3  2.028e-002  1.031e-001 -1.961e-001 -5.079e-002 -5.535e-002  1.000e+000
52  9.984e-001  1.217e-003  3.748e-004  2.272e-001  7.644e-001  8.388e-003 
52 1-1  1.000e+000
52 1-2 -8.312e-001  1.000e+000
52 1-3 -4.586e-001 -1.128e-001  1.000e+000
52 2-1 -1.410e-001  1.573e-001  6.600e-004  1.000e+000
52 2-2  1.388e-001 -1.694e-001  2.278e-002 -9.930e-001  1.000e+000
52 2-3  1.737e-002  1.046e-001 -1.983e-001 -4.849e-002 -6.974e-002  1.000e+000
53  9.982e-001  1.385e-003  4.158e-004  2.191e-001  7.719e-001  9.042e-003 
53 1-1  1.000e+000
53 1-2 -8.382e-001  1.000e+000
53 1-3 -4.462e-001 -1.141e-001  1.000e+000
53 2-1 -1.415e-001  1.567e-001  6.632e-004  1.000e+000
53 2-2  1.393e-001 -1.703e-001  2.574e-002 -9.913e-001  1.000e+000
53 2-3  1.449e-002  1.062e-001 -2.007e-001 -4.648e-002 -8.524e-002  1.000e+000
54  9.980e-001  1.575e-003  4.614e-004  2.111e-001  7.791e-001  9.743e-003 
54 1-1  1.000e+000
54 1-2 -8.449e-001  1.000e+000
54 1-3 -4.338e-001 -1.155e-001  1.000e+000
54 2-1 -1.420e-001  1.562e-001  7.033e-004  1.000e+000
54 2-2  1.397e-001 -1.713e-001  2.907e-002 -9.892e-001  1.000e+000
54 2-3  1.164e-002  1.078e-001 -2.031e-001 -4.477e-002 -1.020e-001  1.000e+000
55  9.977e-001  1.792e-003  5.120e-004  2.034e-001  7.861e-001  1.049e-002 
55 1-1  1.000e+000
55 1-2 -8.514e-001  1.000e+000
55 1-3 -4.213e-001 -1.170e-001  1.000e+000
55 2-1 -1.425e-001  1.556e-001  7.890e-004  1.000e+000
55 2-2  1.401e-001 -1.724e-001  3.280e-002 -9.866e-001  1.000e+000
55 2-3  8.822e-003  1.094e-001 -2.058e-001 -4.338e-002 -1.201e-001  1.000e+000
56  9.974e-001  2.038e-003  5.680e-004  1.958e-001  7.929e-001  1.130e-002 
56 1-1  1.000e+000
56 1-2 -8.576e-001  1.000e+000
56 1-3 -4.089e-001 -1.187e-001  1.000e+000
56 2-1 -1.429e-001  1.550e-001  9.305e-004  1.000e+000
56 2-2  1.406e-001 -1.738e-001  3.697e-002 -9.834e-001  1.000e+000
56 2-3  6.045e-003  1.110e-001 -2.087e-001 -4.234e-002 -1.396e-001  1.000e+000
57  9.971e-001  2.318e-003  6.302e-004  1.885e-001  7.994e-001  1.216e-002 
57 1-1  1.000e+000
57 1-2 -8.636e-001  1.000e+000
57 1-3 -3.965e-001 -1.205e-001  1.000e+000
57 2-1 -1.434e-001  1.544e-001  1.140e-003  1.000e+000
57 2-2  1.409e-001 -1.753e-001  4.164e-002 -9.794e-001  1.000e+000
57 2-3  3.312e-003  1.127e-001 -2.118e-001 -4.166e-002 -1.608e-001  1.000e+000
58  9.967e-001  2.636e-003  6.991e-004  1.813e-001  8.056e-001  1.308e-002 
58 1-1  1.000e+000
58 1-2 -8.693e-001  1.000e+000
58 1-3 -3.841e-001 -1.225e-001  1.000e+000
58 2-1 -1.438e-001  1.538e-001  1.434e-003  1.000e+000
58 2-2  1.413e-001 -1.770e-001  4.683e-002 -9.746e-001  1.000e+000
58 2-3  6.296e-004  1.145e-001 -2.151e-001 -4.136e-002 -1.836e-001  1.000e+000
59  9.962e-001  2.998e-003  7.756e-004  1.744e-001  8.115e-001  1.407e-002 
59 1-1  1.000e+000
59 1-2 -8.747e-001  1.000e+000
59 1-3 -3.717e-001 -1.247e-001  1.000e+000
59 2-1 -1.443e-001  1.532e-001  1.829e-003  1.000e+000
59 2-2  1.417e-001 -1.789e-001  5.260e-002 -9.686e-001  1.000e+000
59 2-3 -1.996e-003  1.162e-001 -2.186e-001 -4.146e-002 -2.082e-001  1.000e+000
60  9.957e-001  3.409e-003  8.603e-004  1.677e-001  8.172e-001  1.512e-002 
60 1-1  1.000e+000
60 1-2 -8.799e-001  1.000e+000
60 1-3 -3.594e-001 -1.271e-001  1.000e+000
60 2-1 -1.448e-001  1.527e-001  2.347e-003  1.000e+000
60 2-2  1.421e-001 -1.811e-001  5.897e-002 -9.614e-001  1.000e+000
60 2-3 -4.557e-003  1.181e-001 -2.224e-001 -4.198e-002 -2.346e-001  1.000e+000
61  9.952e-001  3.876e-003  9.543e-004  1.612e-001  8.226e-001  1.625e-002 
61 1-1  1.000e+000
61 1-2 -8.849e-001  1.000e+000
61 1-3 -3.471e-001 -1.297e-001  1.000e+000
61 2-1 -1.454e-001  1.522e-001  3.013e-003  1.000e+000
61 2-2  1.425e-001 -1.835e-001  6.595e-002 -9.527e-001  1.000e+000
61 2-3 -7.043e-003  1.200e-001 -2.265e-001 -4.292e-002 -2.626e-001  1.000e+000
62  9.945e-001  4.407e-003  1.058e-003  1.548e-001  8.277e-001  1.745e-002 
62 1-1  1.000e+000
62 1-2 -8.895e-001  1.000e+000
62 1-3 -3.350e-001 -1.325e-001  1.000e+000
62 2-1 -1.461e-001  1.518e-001  3.855e-003  1.000e+000
62 2-2  1.430e-001 -1.861e-001  7.353e-002 -9.425e-001  1.000e+000
62 2-3 -9.442e-003  1.219e-001 -2.308e-001 -4.430e-002 -2.921e-001  1.000e+000
63  9.938e-001  5.011e-003  1.174e-003  1.487e-001  8.326e-001  1.874e-002 
63 1-1  1.000e+000
63 1-2 -8.938e-001  1.000e+000
63 1-3 -3.230e-001 -1.357e-001  1.000e+000
63 2-1 -1.469e-001  1.515e-001  4.902e-003  1.000e+000
63 2-2  1.435e-001 -1.889e-001  8.167e-002 -9.306e-001  1.000e+000
63 2-3 -1.174e-002  1.239e-001 -2.355e-001 -4.612e-002 -3.228e-001  1.000e+000
64  9.930e-001  5.696e-003  1.302e-003  1.427e-001  8.372e-001  2.012e-002 
64 1-1  1.000e+000
64 1-2 -8.978e-001  1.000e+000
64 1-3 -3.112e-001 -1.390e-001  1.000e+000
64 2-1 -1.480e-001  1.514e-001  6.188e-003  1.000e+000
64 2-2  1.441e-001 -1.920e-001  9.028e-002 -9.169e-001  1.000e+000
64 2-3 -1.391e-002  1.259e-001 -2.404e-001 -4.834e-002 -3.544e-001  1.000e+000
65  9.921e-001  6.475e-003  1.443e-003  1.370e-001  8.415e-001  2.158e-002 
65 1-1  1.000e+000
65 1-2 -9.015e-001  1.000e+000
65 1-3 -2.997e-001 -1.427e-001  1.000e+000
65 2-1 -1.494e-001  1.515e-001  7.742e-003  1.000e+000
65 2-2  1.449e-001 -1.953e-001  9.923e-002 -9.016e-001  1.000e+000
65 2-3 -1.593e-002  1.280e-001 -2.456e-001 -5.094e-002 -3.861e-001  1.000e+000
66  9.910e-001  7.359e-003  1.600e-003  1.314e-001  8.455e-001  2.315e-002 
66 1-1  1.000e+000
66 1-2 -9.047e-001  1.000e+000
66 1-3 -2.886e-001 -1.467e-001  1.000e+000
66 2-1 -1.512e-001  1.519e-001  9.590e-003  1.000e+000
66 2-2  1.459e-001 -1.989e-001  1.084e-001 -8.849e-001  1.000e+000
66 2-3 -1.778e-002  1.300e-001 -2.510e-001 -5.387e-002 -4.174e-001  1.000e+000
67  9.899e-001  8.363e-003  1.774e-003  1.260e-001  8.492e-001  2.482e-002 
67 1-1  1.000e+000
67 1-2 -9.076e-001  1.000e+000
67 1-3 -2.781e-001 -1.509e-001  1.000e+000
67 2-1 -1.535e-001  1.529e-001  1.175e-002  1.000e+000
67 2-2  1.472e-001 -2.028e-001  1.174e-001 -8.673e-001  1.000e+000
67 2-3 -1.940e-002  1.321e-001 -2.566e-001 -5.703e-002 -4.475e-001  1.000e+000
68  9.885e-001  9.502e-003  1.966e-003  1.208e-001  8.526e-001  2.661e-002 
68 1-1  1.000e+000
68 1-2 -9.100e-001  1.000e+000
68 1-3 -2.682e-001 -1.554e-001  1.000e+000
68 2-1 -1.566e-001  1.544e-001  1.422e-002  1.000e+000
68 2-2  1.489e-001 -2.070e-001  1.261e-001 -8.493e-001  1.000e+000
68 2-3 -2.075e-002  1.341e-001 -2.622e-001 -6.032e-002 -4.757e-001  1.000e+000
69  9.870e-001  1.079e-002  2.179e-003  1.157e-001  8.558e-001  2.851e-002 
69 1-1  1.000e+000
69 1-2 -9.118e-001  1.000e+000
69 1-3 -2.594e-001 -1.600e-001  1.000e+000
69 2-1 -1.604e-001  1.568e-001  1.697e-002  1.000e+000
69 2-2  1.512e-001 -2.116e-001  1.342e-001 -8.317e-001  1.000e+000
69 2-3 -2.176e-002  1.360e-001 -2.677e-001 -6.362e-002 -5.012e-001  1.000e+000
70  9.853e-001  1.226e-002  2.414e-003  1.109e-001  8.586e-001  3.053e-002 
70 1-1  1.000e+000
70 1-2 -9.131e-001  1.000e+000
70 1-3 -2.517e-001 -1.647e-001  1.000e+000
70 2-1 -1.653e-001  1.601e-001  1.996e-002  1.000e+000
70 2-2  1.542e-001 -2.167e-001  1.414e-001 -8.152e-001  1.000e+000
70 2-3 -2.235e-002  1.377e-001 -2.729e-001 -6.680e-002 -5.235e-001  1.000e+000
71  9.834e-001  1.392e-002  2.674e-003  1.061e-001  8.612e-001  3.269e-002 
71 1-1  1.000e+000
71 1-2 -9.138e-001  1.000e+000
71 1-3 -2.456e-001 -1.692e-001  1.000e+000
71 2-1 -1.714e-001  1.646e-001  2.310e-002  1.000e+000
71 2-2  1.578e-001 -2.222e-001  1.474e-001 -8.004e-001  1.000e+000
71 2-3 -2.242e-002  1.391e-001 -2.776e-001 -6.972e-002 -5.422e-001  1.000e+000
72  9.812e-001  1.580e-002  2.961e-003  1.016e-001  8.634e-001  3.499e-002 
72 1-1  1.000e+000
72 1-2 -9.139e-001  1.000e+000
72 1-3 -2.413e-001 -1.735e-001  1.000e+000
72 2-1 -1.787e-001  1.704e-001  2.629e-002  1.000e+000
72 2-2  1.623e-001 -2.283e-001  1.519e-001 -7.880e-001  1.000e+000
72 2-3 -2.187e-002  1.399e-001 -2.815e-001 -7.228e-002 -5.572e-001  1.000e+000
73  9.788e-001  1.794e-002  3.278e-003  9.722e-002  8.653e-001  3.743e-002 
73 1-1  1.000e+000
73 1-2 -9.133e-001  1.000e+000
73 1-3 -2.390e-001 -1.772e-001  1.000e+000
73 2-1 -1.874e-001  1.776e-001  2.938e-002  1.000e+000
73 2-2  1.675e-001 -2.347e-001  1.548e-001 -7.781e-001  1.000e+000
73 2-3 -2.056e-002  1.401e-001 -2.843e-001 -7.439e-002 -5.685e-001  1.000e+000
74  9.760e-001  2.035e-002  3.627e-003  9.299e-002  8.670e-001  4.003e-002 
74 1-1  1.000e+000
74 1-2 -9.121e-001  1.000e+000
74 1-3 -2.389e-001 -1.802e-001  1.000e+000
74 2-1 -1.971e-001  1.861e-001  3.225e-002  1.000e+000
74 2-2  1.733e-001 -2.414e-001  1.560e-001 -7.710e-001  1.000e+000
74 2-3 -1.839e-002  1.393e-001 -2.857e-001 -7.600e-002 -5.763e-001  1.000e+000
75  9.729e-001  2.308e-002  4.013e-003  8.892e-002  8.683e-001  4.280e-002 
75 1-1  1.000e+000
75 1-2 -9.105e-001  1.000e+000
75 1-3 -2.408e-001 -1.821e-001  1.000e+000
75 2-1 -2.077e-001  1.956e-001  3.477e-002  1.000e+000
75 2-2  1.793e-001 -2.480e-001  1.557e-001 -7.665e-001  1.000e+000
75 2-3 -1.529e-002  1.372e-001 -2.857e-001 -7.709e-002 -5.813e-001  1.000e+000
76  9.694e-001  2.616e-002  4.438e-003  8.499e-002  8.693e-001  4.574e-002 
76 1-1  1.000e+000
76 1-2 -9.087e-001  1.000e+000
76 1-3 -2.443e-001 -1.827e-001  1.000e+000
76 2-1 -2.185e-001  2.057e-001  3.683e-002  1.000e+000
76 2-2  1.852e-001 -2.540e-001  1.539e-001 -7.640e-001  1.000e+000
76 2-3 -1.122e-002  1.337e-001 -2.841e-001 -7.767e-002 -5.839e-001  1.000e+000
77  9.655e-001  2.964e-002  4.905e-003  8.120e-002  8.699e-001  4.887e-002 
77 1-1  1.000e+000
77 1-2 -9.071e-001  1.000e+000
77 1-3 -2.486e-001 -1.822e-001  1.000e+000
77 2-1 -2.290e-001  2.158e-001  3.837e-002  1.000e+000
77 2-2  1.903e-001 -2.588e-001  1.510e-001 -7.630e-001  1.000e+000
77 2-3 -6.298e-003  1.285e-001 -2.810e-001 -7.775e-002 -5.851e-001  1.000e+000
78  9.610e-001  3.357e-002  5.419e-003  7.755e-002  8.703e-001  5.219e-002 
78 1-1  1.000e+000
78 1-2 -9.060e-001  1.000e+000
78 1-3 -2.529e-001 -1.805e-001  1.000e+000
78 2-1 -2.384e-001  2.251e-001  3.939e-002  1.000e+000
78 2-2  1.943e-001 -2.620e-001  1.473e-001 -7.627e-001  1.000e+000
78 2-3 -7.357e-004  1.217e-001 -2.765e-001 -7.736e-002 -5.858e-001  1.000e+000
79  9.560e-001  3.800e-002  5.983e-003  7.404e-002  8.702e-001  5.571e-002 
79 1-1  1.000e+000
79 1-2 -9.056e-001  1.000e+000
79 1-3 -2.561e-001 -1.780e-001  1.000e+000
79 2-1 -2.462e-001  2.331e-001  3.990e-002  1.000e+000
79 2-2  1.965e-001 -2.629e-001  1.434e-001 -7.621e-001  1.000e+000
79 2-3  5.099e-003  1.135e-001 -2.707e-001 -7.652e-002 -5.873e-001  1.000e+000
80  9.504e-001  4.298e-002  6.601e-003  7.066e-002  8.699e-001  5.944e-002 
80 1-1  1.000e+000
80 1-2 -9.062e-001  1.000e+000
80 1-3 -2.576e-001 -1.751e-001  1.000e+000
80 2-1 -2.520e-001  2.392e-001  3.998e-002  1.000e+000
80 2-2  1.968e-001 -2.616e-001  1.395e-001 -7.599e-001  1.000e+000
80 2-3  1.073e-002  1.044e-001 -2.636e-001 -7.526e-002 -5.910e-001  1.000e+000
81  9.441e-001  4.857e-002  7.278e-003  6.741e-002  8.692e-001  6.341e-002 
81 1-1  1.000e+000
81 1-2 -9.078e-001  1.000e+000
81 1-3 -2.569e-001 -1.722e-001  1.000e+000
81 2-1 -2.557e-001  2.434e-001  3.969e-002  1.000e+000
81 2-2  1.951e-001 -2.579e-001  1.360e-001 -7.548e-001  1.000e+000
81 2-3  1.562e-002  9.485e-002 -2.552e-001 -7.360e-002 -5.987e-001  1.000e+000
82  9.371e-001  5.485e-002  8.017e-003  6.428e-002  8.681e-001  6.760e-002 
82 1-1  1.000e+000
82 1-2 -9.101e-001  1.000e+000
82 1-3 -2.538e-001 -1.699e-001  1.000e+000
82 2-1 -2.575e-001  2.456e-001  3.912e-002  1.000e+000
82 2-2  1.913e-001 -2.519e-001  1.331e-001 -7.452e-001  1.000e+000
82 2-3  1.927e-002  8.553e-002 -2.455e-001 -7.164e-002 -6.118e-001  1.000e+000
83  9.293e-001  6.189e-002  8.823e-003  6.126e-002  8.667e-001  7.205e-002 
83 1-1  1.000e+000
83 1-2 -9.130e-001  1.000e+000
83 1-3 -2.484e-001 -1.684e-001  1.000e+000
83 2-1 -2.577e-001  2.461e-001  3.833e-002  1.000e+000
83 2-2  1.857e-001 -2.441e-001  1.309e-001 -7.296e-001  1.000e+000
83 2-3  2.132e-002  7.700e-002 -2.343e-001 -6.953e-002 -6.315e-001  1.000e+000
84  9.206e-001  6.975e-002  9.700e-003  5.837e-002  8.649e-001  7.675e-002 
84 1-1  1.000e+000
84 1-2 -9.162e-001  1.000e+000
84 1-3 -2.411e-001 -1.680e-001  1.000e+000
84 2-1 -2.566e-001  2.452e-001  3.739e-002  1.000e+000
84 2-2  1.783e-001 -2.345e-001  1.292e-001 -7.069e-001  1.000e+000
84 2-3  2.162e-002  6.974e-002 -2.221e-001 -6.751e-002 -6.580e-001  1.000e+000
85  9.108e-001  7.852e-002  1.065e-002  5.559e-002  8.627e-001  8.172e-002 
85 1-1  1.000e+000
85 1-2 -9.195e-001  1.000e+000
85 1-3 -2.321e-001 -1.690e-001  1.000e+000
85 2-1 -2.546e-001  2.433e-001  3.634e-002  1.000e+000
85 2-2  1.696e-001 -2.236e-001  1.281e-001 -6.762e-001  1.000e+000
85 2-3  2.029e-002  6.399e-002 -2.092e-001 -6.588e-002 -6.906e-001  1.000e+000
86  9.000e-001  8.827e-002  1.168e-002  5.291e-002  8.601e-001  8.698e-002 
86 1-1  1.000e+000
86 1-2 -9.228e-001  1.000e+000
86 1-3 -2.217e-001 -1.713e-001  1.000e+000
86 2-1 -2.521e-001  2.407e-001  3.523e-002  1.000e+000
86 2-2  1.597e-001 -2.118e-001  1.274e-001 -6.376e-001  1.000e+000
86 2-3  1.762e-002  5.983e-002 -1.964e-001 -6.493e-002 -7.273e-001  1.000e+000
87  8.881e-001  9.910e-002  1.279e-002  5.034e-002  8.571e-001  9.253e-002 
87 1-1  1.000e+000
87 1-2 -9.258e-001  1.000e+000
87 1-3 -2.101e-001 -1.750e-001  1.000e+000
87 2-1 -2.491e-001  2.377e-001  3.406e-002  1.000e+000
87 2-2  1.492e-001 -1.993e-001  1.269e-001 -5.921e-001  1.000e+000
87 2-3  1.402e-002  5.714e-002 -1.843e-001 -6.492e-002 -7.658e-001  1.000e+000
88  8.749e-001  1.111e-001  1.399e-002  4.787e-002  8.537e-001  9.838e-002 
88 1-1  1.000e+000
88 1-2 -9.286e-001  1.000e+000
88 1-3 -1.977e-001 -1.801e-001  1.000e+000
88 2-1 -2.459e-001  2.343e-001  3.287e-002  1.000e+000
88 2-2  1.384e-001 -1.868e-001  1.265e-001 -5.411e-001  1.000e+000
88 2-3  9.869e-003  5.570e-002 -1.733e-001 -6.600e-002 -8.034e-001  1.000e+000
89  8.604e-001  1.243e-001  1.527e-002  4.550e-002  8.499e-001  1.046e-001 
89 1-1  1.000e+000
89 1-2 -9.312e-001  1.000e+000
89 1-3 -1.844e-001 -1.866e-001  1.000e+000
89 2-1 -2.426e-001  2.308e-001  3.167e-002  1.000e+000
89 2-2  1.278e-001 -1.745e-001  1.261e-001 -4.869e-001  1.000e+000
89 2-3  5.490e-003  5.527e-002 -1.638e-001 -6.823e-002 -8.382e-001  1.000e+000
90  8.446e-001  1.388e-001  1.663e-002  4.322e-002  8.457e-001  1.111e-001 
90 1-1  1.000e+000
90 1-2 -9.333e-001  1.000e+000
90 1-3 -1.705e-001 -1.946e-001  1.000e+000
90 2-1 -2.393e-001  2.272e-001  3.045e-002  1.000e+000
90 2-2  1.178e-001 -1.630e-001  1.257e-001 -4.314e-001  1.000e+000
90 2-3  1.102e-003  5.561e-002 -1.556e-001 -7.161e-002 -8.690e-001  1.000e+000