# ATFadl.txt
#IMaCh version 0.99r45, April 2023,INED-EUROREVES-Institut de longevite-Japan Society for the Promotion of Science (Grant-in-Aid for Scientific Research 25293121), Intel Software 2015-2020, Nihon University 2021-202, INED 2000-2022
#$Revision: 1.353 $ $Date: 2023/05/08 18:48:22 $
# Tue Feb 04 22:03:38 2025
#One-step probabilities and stand. devi in ()
# Age p1-1 (SE) p1-2 (SE) p1-3 (SE) p2-1 (SE) p2-2 (SE) p2-3 (SE)
50  9.988e-001 ( 4.415e-004)  9.409e-004 ( 3.889e-004)  3.044e-004 ( 2.564e-004)  2.442e-001 ( 6.065e-002)  7.486e-001 ( 6.062e-002)  7.209e-003 ( 5.779e-003) 
51  9.986e-001 ( 4.823e-004)  1.070e-003 ( 4.281e-004)  3.377e-004 ( 2.749e-004)  2.356e-001 ( 5.702e-002)  7.566e-001 ( 5.703e-002)  7.778e-003 ( 6.053e-003) 
52  9.984e-001 ( 5.265e-004)  1.217e-003 ( 4.709e-004)  3.748e-004 ( 2.945e-004)  2.272e-001 ( 5.351e-002)  7.644e-001 ( 5.358e-002)  8.388e-003 ( 6.332e-003) 
53  9.982e-001 ( 5.742e-004)  1.385e-003 ( 5.173e-004)  4.158e-004 ( 3.152e-004)  2.191e-001 ( 5.013e-002)  7.719e-001 ( 5.026e-002)  9.042e-003 ( 6.614e-003) 
54  9.980e-001 ( 6.258e-004)  1.575e-003 ( 5.676e-004)  4.614e-004 ( 3.370e-004)  2.111e-001 ( 4.689e-002)  7.791e-001 ( 4.708e-002)  9.743e-003 ( 6.900e-003) 
55  9.977e-001 ( 6.813e-004)  1.792e-003 ( 6.221e-004)  5.120e-004 ( 3.599e-004)  2.034e-001 ( 4.378e-002)  7.861e-001 ( 4.406e-002)  1.049e-002 ( 7.189e-003) 
56  9.974e-001 ( 7.410e-004)  2.038e-003 ( 6.810e-004)  5.680e-004 ( 3.838e-004)  1.958e-001 ( 4.081e-002)  7.929e-001 ( 4.118e-002)  1.130e-002 ( 7.478e-003) 
57  9.971e-001 ( 8.050e-004)  2.318e-003 ( 7.444e-004)  6.302e-004 ( 4.089e-004)  1.885e-001 ( 3.800e-002)  7.994e-001 ( 3.846e-002)  1.216e-002 ( 7.767e-003) 
58  9.967e-001 ( 8.735e-004)  2.636e-003 ( 8.126e-004)  6.991e-004 ( 4.351e-004)  1.813e-001 ( 3.533e-002)  8.056e-001 ( 3.591e-002)  1.308e-002 ( 8.055e-003) 
59  9.962e-001 ( 9.467e-004)  2.998e-003 ( 8.858e-004)  7.756e-004 ( 4.624e-004)  1.744e-001 ( 3.281e-002)  8.115e-001 ( 3.352e-002)  1.407e-002 ( 8.339e-003) 
60  9.957e-001 ( 1.025e-003)  3.409e-003 ( 9.640e-004)  8.603e-004 ( 4.908e-004)  1.677e-001 ( 3.045e-002)  8.172e-001 ( 3.130e-002)  1.512e-002 ( 8.619e-003) 
61  9.952e-001 ( 1.107e-003)  3.876e-003 ( 1.047e-003)  9.543e-004 ( 5.203e-004)  1.612e-001 ( 2.825e-002)  8.226e-001 ( 2.925e-002)  1.625e-002 ( 8.892e-003) 
62  9.945e-001 ( 1.195e-003)  4.407e-003 ( 1.136e-003)  1.058e-003 ( 5.510e-004)  1.548e-001 ( 2.620e-002)  8.277e-001 ( 2.737e-002)  1.745e-002 ( 9.157e-003) 
63  9.938e-001 ( 1.288e-003)  5.011e-003 ( 1.230e-003)  1.174e-003 ( 5.829e-004)  1.487e-001 ( 2.432e-002)  8.326e-001 ( 2.567e-002)  1.874e-002 ( 9.410e-003) 
64  9.930e-001 ( 1.386e-003)  5.696e-003 ( 1.330e-003)  1.302e-003 ( 6.162e-004)  1.427e-001 ( 2.261e-002)  8.372e-001 ( 2.415e-002)  2.012e-002 ( 9.650e-003) 
65  9.921e-001 ( 1.488e-003)  6.475e-003 ( 1.435e-003)  1.443e-003 ( 6.509e-004)  1.370e-001 ( 2.106e-002)  8.415e-001 ( 2.280e-002)  2.158e-002 ( 9.875e-003) 
66  9.910e-001 ( 1.597e-003)  7.359e-003 ( 1.545e-003)  1.600e-003 ( 6.875e-004)  1.314e-001 ( 1.967e-002)  8.455e-001 ( 2.161e-002)  2.315e-002 ( 1.008e-002) 
67  9.899e-001 ( 1.710e-003)  8.363e-003 ( 1.662e-003)  1.774e-003 ( 7.263e-004)  1.260e-001 ( 1.845e-002)  8.492e-001 ( 2.059e-002)  2.482e-002 ( 1.027e-002) 
68  9.885e-001 ( 1.829e-003)  9.502e-003 ( 1.784e-003)  1.966e-003 ( 7.679e-004)  1.208e-001 ( 1.738e-002)  8.526e-001 ( 1.973e-002)  2.661e-002 ( 1.043e-002) 
69  9.870e-001 ( 1.956e-003)  1.079e-002 ( 1.913e-003)  2.179e-003 ( 8.133e-004)  1.157e-001 ( 1.647e-002)  8.558e-001 ( 1.900e-002)  2.851e-002 ( 1.057e-002) 
70  9.853e-001 ( 2.090e-003)  1.226e-002 ( 2.050e-003)  2.414e-003 ( 8.636e-004)  1.109e-001 ( 1.571e-002)  8.586e-001 ( 1.840e-002)  3.053e-002 ( 1.068e-002) 
71  9.834e-001 ( 2.234e-003)  1.392e-002 ( 2.197e-003)  2.674e-003 ( 9.204e-004)  1.061e-001 ( 1.509e-002)  8.612e-001 ( 1.791e-002)  3.269e-002 ( 1.076e-002) 
72  9.812e-001 ( 2.392e-003)  1.580e-002 ( 2.357e-003)  2.961e-003 ( 9.859e-004)  1.016e-001 ( 1.459e-002)  8.634e-001 ( 1.752e-002)  3.499e-002 ( 1.082e-002) 
73  9.788e-001 ( 2.568e-003)  1.794e-002 ( 2.533e-003)  3.278e-003 ( 1.063e-003)  9.722e-002 ( 1.420e-002)  8.653e-001 ( 1.721e-002)  3.743e-002 ( 1.084e-002) 
74  9.760e-001 ( 2.769e-003)  2.035e-002 ( 2.733e-003)  3.627e-003 ( 1.154e-003)  9.299e-002 ( 1.391e-002)  8.670e-001 ( 1.697e-002)  4.003e-002 ( 1.084e-002) 
75  9.729e-001 ( 3.005e-003)  2.308e-002 ( 2.966e-003)  4.013e-003 ( 1.264e-003)  8.892e-002 ( 1.370e-002)  8.683e-001 ( 1.678e-002)  4.280e-002 ( 1.081e-002) 
76  9.694e-001 ( 3.288e-003)  2.616e-002 ( 3.243e-003)  4.438e-003 ( 1.396e-003)  8.499e-002 ( 1.355e-002)  8.693e-001 ( 1.664e-002)  4.574e-002 ( 1.077e-002) 
77  9.655e-001 ( 3.633e-003)  2.964e-002 ( 3.579e-003)  4.905e-003 ( 1.555e-003)  8.120e-002 ( 1.345e-002)  8.699e-001 ( 1.654e-002)  4.887e-002 ( 1.072e-002) 
78  9.610e-001 ( 4.061e-003)  3.357e-002 ( 3.994e-003)  5.419e-003 ( 1.748e-003)  7.755e-002 ( 1.339e-002)  8.703e-001 ( 1.647e-002)  5.219e-002 ( 1.068e-002) 
79  9.560e-001 ( 4.590e-003)  3.800e-002 ( 4.509e-003)  5.983e-003 ( 1.978e-003)  7.404e-002 ( 1.335e-002)  8.702e-001 ( 1.645e-002)  5.571e-002 ( 1.068e-002) 
80  9.504e-001 ( 5.246e-003)  4.298e-002 ( 5.149e-003)  6.601e-003 ( 2.253e-003)  7.066e-002 ( 1.333e-002)  8.699e-001 ( 1.648e-002)  5.944e-002 ( 1.074e-002) 
81  9.441e-001 ( 6.053e-003)  4.857e-002 ( 5.938e-003)  7.278e-003 ( 2.577e-003)  6.741e-002 ( 1.331e-002)  8.692e-001 ( 1.658e-002)  6.341e-002 ( 1.090e-002) 
82  9.371e-001 ( 7.036e-003)  5.485e-002 ( 6.906e-003)  8.017e-003 ( 2.959e-003)  6.428e-002 ( 1.330e-002)  8.681e-001 ( 1.677e-002)  6.760e-002 ( 1.121e-002) 
83  9.293e-001 ( 8.223e-003)  6.189e-002 ( 8.080e-003)  8.823e-003 ( 3.403e-003)  6.126e-002 ( 1.328e-002)  8.667e-001 ( 1.708e-002)  7.205e-002 ( 1.171e-002) 
84  9.206e-001 ( 9.639e-003)  6.975e-002 ( 9.490e-003)  9.700e-003 ( 3.918e-003)  5.837e-002 ( 1.325e-002)  8.649e-001 ( 1.755e-002)  7.675e-002 ( 1.244e-002) 
85  9.108e-001 ( 1.131e-002)  7.852e-002 ( 1.116e-002)  1.065e-002 ( 4.511e-003)  5.559e-002 ( 1.320e-002)  8.627e-001 ( 1.821e-002)  8.172e-002 ( 1.345e-002) 
86  9.000e-001 ( 1.327e-002)  8.827e-002 ( 1.313e-002)  1.168e-002 ( 5.189e-003)  5.291e-002 ( 1.314e-002)  8.601e-001 ( 1.911e-002)  8.698e-002 ( 1.475e-002) 
87  8.881e-001 ( 1.553e-002)  9.910e-002 ( 1.542e-002)  1.279e-002 ( 5.960e-003)  5.034e-002 ( 1.307e-002)  8.571e-001 ( 2.027e-002)  9.253e-002 ( 1.637e-002) 
88  8.749e-001 ( 1.812e-002)  1.111e-001 ( 1.805e-002)  1.399e-002 ( 6.832e-003)  4.787e-002 ( 1.297e-002)  8.537e-001 ( 2.174e-002)  9.838e-002 ( 1.832e-002) 
89  8.604e-001 ( 2.105e-002)  1.243e-001 ( 2.106e-002)  1.527e-002 ( 7.813e-003)  4.550e-002 ( 1.286e-002)  8.499e-001 ( 2.353e-002)  1.046e-001 ( 2.060e-002) 
90  8.446e-001 ( 2.434e-002)  1.388e-001 ( 2.445e-002)  1.663e-002 ( 8.909e-003)  4.322e-002 ( 1.273e-002)  8.457e-001 ( 2.567e-002)  1.111e-001 ( 2.322e-002) 