
#****** ******
# ATFadl.txt
#IMaCh version 0.99r45, April 2023,INED-EUROREVES-Institut de longevite-Japan Society for the Promotion of Science (Grant-in-Aid for Scientific Research 25293121), Intel Software 2015-2020, Nihon University 2021-202, INED 2000-2022
#$Revision: 1.353 $ $Date: 2023/05/08 18:48:22 $
# Tue Feb 04 22:03:38 2025
# Standard deviation of period (forward stable) prevalences 
# Age  Result#  1-1 2-2
50 1  0.99716 (0.00126) 0.00284 (0.00126)
51 1  0.99669 (0.00142) 0.00331 (0.00142)
52 1  0.99615 (0.00161) 0.00386 (0.00161)
53 1  0.99551 (0.00181) 0.00449 (0.00181)
54 1  0.99477 (0.00204) 0.00523 (0.00204)
55 1  0.99391 (0.00229) 0.00610 (0.00230)
56 1  0.99291 (0.00257) 0.00710 (0.00258)
57 1  0.99174 (0.00288) 0.00826 (0.00289)
58 1  0.99040 (0.00323) 0.00961 (0.00323)
59 1  0.98884 (0.00360) 0.01117 (0.00361)
60 1  0.98703 (0.00402) 0.01298 (0.00402)
61 1  0.98493 (0.00447) 0.01507 (0.00447)
62 1  0.98252 (0.00496) 0.01749 (0.00496)
63 1  0.97973 (0.00549) 0.02028 (0.00549)
64 1  0.97652 (0.00606) 0.02349 (0.00607)
65 1  0.97282 (0.00667) 0.02719 (0.00668)
66 1  0.96858 (0.00733) 0.03144 (0.00734)
67 1  0.96371 (0.00803) 0.03631 (0.00789)
68 1  0.95815 (0.00877) 0.04187 (0.00878)
69 1  0.95180 (0.00955) 0.04823 (0.00956)
70 1  0.94456 (0.01037) 0.05547 (0.01039)
71 1  0.93634 (0.01124) 0.06369 (0.01125)
72 1  0.92703 (0.01214) 0.07301 (0.01216)
73 1  0.91651 (0.01309) 0.08353 (0.01311)
74 1  0.90467 (0.01410) 0.09537 (0.01486)
75 1  0.89139 (0.01517) 0.10867 (0.01518)
76 1  0.87654 (0.01632) 0.12354 (0.01705)
77 1  0.86000 (0.01759) 0.14007 (0.01761)
78 1  0.84166 (0.01900) 0.15843 (0.01903)
79 1  0.82141 (0.02061) 0.17867 (0.02063)
80 1  0.79917 (0.02245) 0.20093 (0.02248)
81 1  0.77487 (0.02460) 0.22526 (0.02463)
82 1  0.74845 (0.02710) 0.25170 (0.02714)
83 1  0.71990 (0.02999) 0.28026 (0.03003)
84 1  0.68926 (0.03330) 0.31093 (0.03335)
85 1  0.65659 (0.03705) 0.34362 (0.03709)
86 1  0.62200 (0.04119) 0.37821 (0.04123)
87 1  0.58570 (0.04566) 0.41453 (0.04571)
88 1  0.54791 (0.05036) 0.45233 (0.05040)
89 1  0.50895 (0.05513) 0.49134 (0.05518)
90 1  0.46920 (0.05979) 0.53108 (0.05983)
