# Powell
# iter -2*LL p12 p13 p21 p23
1 1 12897.914383595224 0 0.000000000000 0.000000000000 0.000000000000 0.000000000000 0.000000000000 0.000000000000 0.000000000000 0.000000000000
2 2 3767.558042816342 0 5.701792385584 -0.001888038281 -0.673232318662 0.001835417840 2.483859140587 -0.000370595319 -1.133940986264 0.001774398886
3 2 2680.179862465497 1 -1.855308203644 -0.003439769122 -5.298325183592 0.015197539350 1.051354356527 -0.012839557635 -1.561491650238 -0.030627386944
4 3 2645.177648727664 2 -1.732694323814 -0.003105853902 -5.358056145585 0.006466783380 1.055041428391 -0.011770189489 -1.837071007104 -0.025046256256
5 3 2280.397302682521 4 -3.820127425079 0.003216003668 -6.219211408107 0.006164968919 0.371570534706 -0.044134824072 -6.626221074210 0.055511687505
6 4 2207.287474592723 5 -4.210726222678 0.003456294169 -6.312726927125 -0.013407119562 0.353453592153 -0.046494973759 -7.296258152006 0.054333791034
7 4 2201.452557996744 6 -4.200624955795 0.003924108615 -6.332994519139 -0.002404853602 0.317501682808 -0.046910535364 -7.424464634177 0.055637052569
8 5 2193.890666725081 7 -4.678402334109 0.010508408770 -6.515252159964 0.009836968967 0.000687636303 -0.042078685319 -8.938237681808 0.074398410895
9 5 2188.915012973796 8 -4.908131846056 0.014281231199 -6.605550651848 0.009804557048 -0.171760840897 -0.039590734787 -9.753295846001 0.084747393337
10 6 2184.057609412532 9 -5.508521153279 0.023556993965 -6.812729036734 0.009522529280 -0.588726333397 -0.032975751104 -11.650948629697 0.109024950838
11 6 2183.829525508201 9 -5.539682824218 0.023862314979 -6.809959220984 0.009350245459 -0.600395961856 -0.032399633291 -11.673723003622 0.108943652184
12 7 2183.717667525375 10 -5.611150558510 0.024536983837 -6.805518705744 0.009601452889 -0.640349220356 -0.031721460914 -11.762447835310 0.109975759639
13 7 2183.529298078553 10 -5.677637263942 0.025163322258 -6.791338167714 0.009459444101 -0.688926833947 -0.031039542242 -11.756465287837 0.109851317501
14 8 2182.750076145071 11 -5.934153485763 0.028208423567 -6.729671794989 0.008490483654 -0.866544947693 -0.028670231984 -11.550016642556 0.107216723120
15 8 2180.282535725521 11 -6.504993071038 0.036351160951 -6.558435932437 0.004978964520 -1.308421861789 -0.022922830508 -10.631130856911 0.095927985274
16 9 2178.999143662275 12 -6.556115029459 0.038488703951 -6.511021147103 0.003432354125 -1.396447297158 -0.021584080688 -10.187909554538 0.090639022974
17 9 2178.907536323821 13 -6.583639816552 0.038985292674 -6.489830203621 0.003019122267 -1.423842187796 -0.020882647369 -10.158111825663 0.090260973373
18 10 2178.814874208635 14 -6.597947610694 0.039034673296 -6.458596008264 0.002418400026 -1.442046361178 -0.020247018177 -10.180568481103 0.090551477893
19 10 2178.792468747517 16 -6.588408461872 0.038836354074 -6.459990729817 0.002424346699 -1.437715894001 -0.020372239744 -10.173272120236 0.090464238588
20 11 2177.778354783984 18 -6.129432772433 0.032834386547 -6.542249732198 0.003516967888 -1.482208640158 -0.019193814694 -10.618855366777 0.096062548174
21 11 2176.515831157894 20 -6.108092977164 0.032221866224 -6.511904253439 0.003278633665 -1.761248086891 -0.015143395494 -10.519349651487 0.094835989432
22 12 2174.939808811968 21 -6.148084978291 0.032624075995 -6.487106908268 0.003011348594 -2.591340239119 -0.003897482124 -10.182600737549 0.090721692141
23 12 2174.936045046599 23 -6.167042267885 0.032895856379 -6.488679248836 0.002930342777 -2.604337674257 -0.003706863397 -10.221275500798 0.091218666393
24 13 2174.933609989619 25 -6.157282836773 0.032760210016 -6.482475118871 0.002731213408 -2.609966171866 -0.003623456273 -10.259570268807 0.091709150439
25 13 2174.929430955479 27 -6.144554692767 0.032558804217 -6.464128209608 0.002443389452 -2.609602229569 -0.003636207756 -10.290766258888 0.092102437027
26 14 2174.918271855172 -31 -6.123465063037 0.032185303373 -6.397745480763 0.001539663008 -2.594361071566 -0.003938548690 -10.335798622337 0.092657596020
27 14 2174.905927446422 -29 -6.134535067454 0.032342510455 -6.358493103686 0.001024326121 -2.582196402568 -0.004176899732 -10.310728462924 0.092334439875
28 15 2174.782967619323 -28 -6.188675683782 0.033366147435 -5.618002401608 -0.010575734759 -2.575550637064 -0.004365383089 -10.373129564042 0.093198435767
29 15 2174.727295084570 -26 -6.207572404734 0.033568545319 -5.371784595814 -0.014426708612 -2.589892770106 -0.003977696215 -10.367688238250 0.093154185841
30 16 2174.723206228307 -24 -6.211188485539 0.033600077649 -5.282490570971 -0.015868800815 -2.594738570286 -0.003844466124 -10.361325161472 0.093082406657
31 16 2174.723203325993 -22 -6.211328124905 0.033601666434 -5.281775629470 -0.015883604920 -2.594908144597 -0.003842822728 -10.362254895780 0.093094086045
32 17 2174.723203176424 -20 -6.211339271223 0.033601617051 -5.281680412484 -0.015885596384 -2.594922236513 -0.003842836517 -10.362484636945 0.093097003326
33 17 2174.723203170178 -17 -6.211339225264 0.033601574894 -5.281666560203 -0.015885929895 -2.594924431277 -0.003842850266 -10.362528826662 0.093097565581
34 18 2174.723203169925 -14 -6.211339236083 0.033601567560 -5.281660376608 -0.015886049415 -2.594923773684 -0.003842866747 -10.362538939407 0.093097694043
35 18 2174.723203169921 -11 -6.211339228600 0.033601566070 -5.281663091871 -0.015886011419 -2.594923599435 -0.003842869544 -10.362537515777 0.093097675976
36 19 2174.723203169911 -8 -6.211338797346 0.033601558302 -5.281661417655 -0.015886036648 -2.594923867985 -0.003842867696 -10.362539630765 0.093097702616
37 19 2174.723203169910 -4 -6.211338797842 0.033601558310 -5.281661419995 -0.015886036614 -2.594923868245 -0.003842867691 -10.362539629338 0.093097702598
