# Powell
# iter -2*LL p12 p13 p21 p23
1 1 11785.908657952932 1 0.000000000000 0.000000000000 0.000000000000 0.000000000000 0.000000000000 0.000000000000 0.000000000000 0.000000000000
2 2 2947.081364294245 2 5.603518818739 -0.003297761268 -0.800434449174 0.003250015010 2.967698334364 -0.000927634376 -1.118981656499 0.002852082606
3 2 2292.162366396264 3 -2.537379603464 -0.007630971508 -4.652598482231 0.018875871337 1.111124479484 -0.008852337516 -1.783955422739 -0.042820382001
4 3 1887.112595753853 4 -2.264979920658 -0.006275470764 -6.166460979654 0.021471425781 0.740784304942 -0.010605078869 -2.056913265627 -0.044218909549
5 3 1740.577339539040 5 -4.219573551393 -0.002223903102 -7.944152125692 0.034671971234 -0.010200857520 -0.030892241249 -1.582528958931 -0.053368909108
6 4 1716.109890678386 6 -4.342156635146 -0.000715226070 -7.668490573679 0.038238267100 -0.141014314116 -0.033544693862 -0.551435398803 -0.054276261300
7 4 1690.224123528957 7 -4.649988336690 0.007936428010 -9.718077228174 0.058667955247 -0.505444555920 -0.028790772486 0.137788787183 -0.057552956811
8 5 1663.420499633746 7 -5.051261389531 0.014197249304 -10.939394401681 0.077061483311 -0.741540451259 -0.023856460226 0.097014131382 -0.059470180882
9 5 1607.427449197174 8 -7.016975476395 0.040855322818 -16.320471117924 0.151825629417 -1.770183728087 -0.008254471541 0.252044983547 -0.068573244745
10 6 1602.603572868409 9 -7.410089236114 0.044969033329 -17.107504065926 0.159986356667 -1.921927073885 -0.006101587086 0.356674281128 -0.070093163054
11 6 1600.250800878786 10 -7.959631601719 0.053040620842 -18.582018218948 0.175978798063 -2.224192592034 -0.001909463760 0.677552392034 -0.072936791163
12 7 1600.208218831482 12 -7.979550395251 0.053325309461 -18.595074778586 0.176191176435 -2.235087754318 -0.001735245089 0.672881985653 -0.072964507390
13 7 1598.643286799477 14 -8.799696797061 0.064643971506 -17.605407248939 0.164850480599 -2.694412209197 0.005115670008 0.525543707018 -0.071858815528
14 8 1598.617926099041 15 -8.835913909498 0.065389112252 -17.683579170650 0.165824908028 -2.721778609146 0.005541726389 0.537483428486 -0.072005806394
15 8 1598.589637270256 17 -8.916724878605 0.066566502780 -17.850904152753 0.167875386760 -2.737782785830 0.005755480198 0.548364940057 -0.072098303972
16 9 1598.511520762089 19 -9.002344464936 0.067815663490 -17.966868580679 0.169309260782 -2.712283527654 0.005408607590 0.531642737807 -0.071711493704
17 9 1598.123797339753 21 -9.175323639863 0.070272478126 -18.113720967285 0.171078951028 -2.397947889535 0.001000854374 0.370440533747 -0.068487855151
18 10 1597.582257813405 23 -8.994624592486 0.067506986042 -17.871109698011 0.167911455282 -2.007806727067 -0.004627747991 0.214180180292 -0.065441662327
19 10 1597.328350935974 25 -8.729154623099 0.063461020588 -17.755993352459 0.166107867048 -1.473164325980 -0.012525230468 0.038891127941 -0.061716445612
20 11 1597.322395109677 -34 -8.734942553865 0.063568531976 -17.729329143332 0.165778952727 -1.455447137832 -0.012805331607 0.025499988244 -0.061476860965
21 11 1597.268855336558 -32 -8.775461995041 0.064268735191 -17.826577998062 0.166929798497 -1.292669259701 -0.015140409987 -0.062884270905 -0.059697964713
22 12 1597.198150442031 -30 -8.775517997910 0.064179828676 -17.793822617380 0.166472772229 -1.226318089536 -0.016149385147 -0.107821247765 -0.058843446212
23 12 1595.381908854568 -29 -9.210275749568 0.069338115974 -16.280917025650 0.147599085174 -0.523522131067 -0.026743363436 -1.387179072097 -0.036711247630
24 13 1591.995462225580 -27 -9.234248747443 0.069950953371 -16.215980484007 0.146381881826 -0.172677275442 -0.032036404748 -2.146400942666 -0.023417813359
25 13 1582.461412377837 -25 -9.064854246297 0.068402585039 -16.707032212577 0.150418572862 0.961532712887 -0.049639979377 -4.631711621909 0.018686714181
26 14 1575.699932529991 -24 -8.965963408995 0.067794686252 -17.699394217218 0.161822429412 0.665948492061 -0.045583787191 -5.289803315050 0.026864889913
27 14 1561.764409652744 -22 -8.698332446526 0.064299731088 -19.365953454979 0.178573249438 -0.983261752386 -0.021448990174 -8.922181975559 0.072688899781
28 15 1561.436577134043 -21 -8.770329367682 0.065690332441 -19.359454239750 0.178960447056 -1.243856990588 -0.017671005721 -8.870101793706 0.071699452892
29 15 1561.007357466631 -19 -9.010647572776 0.068814161682 -18.556137167280 0.170527715489 -1.685647965940 -0.011401434405 -9.002467941782 0.072913658414
30 16 1560.909390658447 -17 -9.084318494885 0.069714442310 -18.534272437536 0.170157270830 -1.678500972114 -0.011537057689 -9.147531352698 0.074709996758
31 16 1560.785145978752 -16 -9.231902897264 0.071618726270 -18.116667200113 0.164849994895 -1.557388711726 -0.013347962447 -9.473622015504 0.078906716730
32 17 1560.784542324604 -14 -9.237633173019 0.071725316317 -18.120826545006 0.164893461712 -1.555828499894 -0.013350648809 -9.470925318379 0.078868231599
33 17 1560.784507245503 -13 -9.238458752977 0.071740454925 -18.120413101888 0.164882076175 -1.556387539963 -0.013340946843 -9.468177311109 0.078837330254
34 18 1560.784490400011 -11 -9.239459074223 0.071754960138 -18.117142119685 0.164839001577 -1.558222601576 -0.013314495675 -9.465053195523 0.078799970434
35 18 1560.784490269811 -8 -9.239407188647 0.071753789402 -18.117058753692 0.164838226220 -1.558225594637 -0.013314691263 -9.465012056526 0.078799268909
36 19 1560.784490264904 -5 -9.239389392148 0.071753479152 -18.117074172449 0.164838374150 -1.558217452327 -0.013314852665 -9.464998961847 0.078799096067
37 19 1560.784490264586 -3 -9.239384090092 0.071753395066 -18.117074269254 0.164838356819 -1.558215513326 -0.013314887238 -9.465000417282 0.078799115541
38 20 1560.784490264557 -1 -9.239381823433 0.071753363976 -18.117075406882 0.164838364312 -1.558214432656 -0.013314901695 -9.465002102911 0.078799137292
39 20 1560.784490264553 3 -9.239381643018 0.071753362854 -18.117076143661 0.164838372338 -1.558215013927 -0.013314893162 -9.465003059889 0.078799149293
40 21 1560.784490264553 5 -9.239381643018 0.071753362854 -18.117076143661 0.164838372338 -1.558215013927 -0.013314893162 -9.465003060501 0.078799149293
