# ATFsr.txt
#IMaCh version 0.99r45, April 2023,INED-EUROREVES-Institut de longevite-Japan Society for the Promotion of Science (Grant-in-Aid for Scientific Research 25293121), Intel Software 2015-2020, Nihon University 2021-202, INED 2000-2022
#$Revision: 1.353 $ $Date: 2023/05/08 18:48:22 $
# Tue Feb 04 22:13:35 2025
# Forward period (stable) prevalence. Precision given by ftolpl=0.0006 
#Age 1-1 2-2 
#************
#Age   1-1     2-2   Total Years_to_converge
50  0.87635 0.12371 1.000 24
51  0.86842 0.13164 1.000 24
52  0.86006 0.14002 1.000 24
53  0.85125 0.14884 1.000 24
54  0.84199 0.15809 1.000 25
55  0.83228 0.16782 1.000 25
56  0.82208 0.17800 1.000 25
57  0.81142 0.18868 1.000 25
58  0.80027 0.19985 1.000 25
59  0.78864 0.21147 1.000 26
60  0.77653 0.22359 1.000 26
61  0.76394 0.23620 1.000 26
62  0.75087 0.24925 1.000 26
63  0.73735 0.26279 1.000 26
64  0.72338 0.27678 1.000 26
65  0.70898 0.29119 1.000 26
66  0.69417 0.30598 1.000 27
67  0.67898 0.32119 1.000 27
68  0.66344 0.33674 1.000 27
69  0.64758 0.35261 1.000 27
70  0.63144 0.36876 1.000 27
71  0.61506 0.38515 1.000 27
72  0.59848 0.40174 1.000 27
73  0.58176 0.41847 1.000 27
74  0.56494 0.43530 1.000 27
75  0.54807 0.45217 1.000 27
76  0.53121 0.46907 1.000 26
77  0.51442 0.48586 1.000 26
78  0.49773 0.50254 1.000 26
79  0.48122 0.51905 1.000 26
80  0.46493 0.53533 1.000 26
81  0.44892 0.55133 1.000 26
82  0.43322 0.56701 1.000 26
83  0.41790 0.58232 1.000 26
84  0.40299 0.59722 1.000 26
85  0.38854 0.61168 1.000 26
86  0.37458 0.62563 1.000 26
87  0.36113 0.63907 1.000 26
88  0.34824 0.65197 1.000 25
89  0.33591 0.66428 1.000 25
90  0.32418 0.67601 1.000 25
