# Powell
# iter -2*LL p12 p13 p21 p23
1 1 2183.211459235807 1 -5.878826600000 0.055458400000 -14.041815400000 0.116469100000 0.292770600000 -0.028945800000 -10.991749900000 0.105795000000
2 2 2051.588802454012 2 -6.347074250681 0.055407558362 -15.124769491149 0.116811354030 -0.285146370743 -0.028722612260 -11.796121164678 0.105760866435
3 2 2042.245337739414 3 -6.542269854927 0.055349431351 -14.828805658892 0.116827902489 -0.419599546718 -0.028649623713 -11.813935156546 0.105747353999
4 3 2042.054956801665 4 -6.571757591069 0.055292894443 -14.845905799901 0.116824490146 -0.436537405767 -0.028585346039 -11.813138655480 0.105734633021
5 3 2042.036514207540 5 -6.567043316431 0.055083431059 -14.853925515240 0.116809299520 -0.456558142291 -0.028350936401 -11.808964432947 0.105687062181
6 4 2041.991462491360 7 -6.533383871402 0.054507893977 -14.858315882532 0.116771388977 -0.500910848799 -0.027755240363 -11.797128628076 0.105576917391
7 4 2041.920636804325 8 -6.468866441921 0.053596106798 -14.857104847712 0.116706315551 -0.581707250057 -0.026605150238 -11.773138508246 0.105320347725
8 5 2041.869198625729 9 -6.439054608707 0.053351197071 -14.846774257809 0.116701382681 -0.602816796599 -0.026243414876 -11.764340522362 0.105192196296
9 5 2041.864621696909 10 -6.427040829586 0.053249327115 -14.841633917909 0.116723374290 -0.610972298154 -0.026105158578 -11.760316276838 0.105123601663
10 6 2041.864513124568 12 -6.426093345093 0.053234708605 -14.843070999762 0.116746345871 -0.611613949265 -0.026096591928 -11.759513235255 0.105113889573
11 6 2041.857694732646 13 -6.396318122399 0.052810553851 -15.060303731715 0.119475342463 -0.578619063563 -0.026570708086 -11.696849651718 0.104349108009
12 7 2041.857673299884 14 -6.396619238292 0.052814912020 -15.062797229528 0.119471725555 -0.578158507279 -0.026577088427 -11.696749208677 0.104351253491
13 7 2041.857668452268 16 -6.396517012146 0.052814990659 -15.062483295342 0.119465826216 -0.578124115833 -0.026577067974 -11.696563667838 0.104349085320
14 8 2041.857596427879 17 -6.396093508837 0.052815430572 -15.045730559730 0.119239729115 -0.577451532404 -0.026584536383 -11.690797862784 0.104278544875
15 8 2041.857541498106 18 -6.396241506505 0.052814572480 -15.037379410083 0.119140541747 -0.577274266933 -0.026588029735 -11.688290973974 0.104247228211
16 9 2041.857514834863 19 -6.396501127529 0.052814054132 -15.026399723464 0.119002238137 -0.577083719777 -0.026592185956 -11.684987258317 0.104206239386
17 9 2041.857514816489 21 -6.396503581029 0.052814095277 -15.026400930020 0.119002341588 -0.577080404408 -0.026592230741 -11.684977318640 0.104206113634
18 10 2041.857512376203 23 -6.396683023403 0.052817109833 -15.028848814882 0.119033217970 -0.577854870769 -0.026581127507 -11.683647119984 0.104190263406
19 10 2041.857511397787 -35 -6.396862362660 0.052819458514 -15.030608219224 0.119055539995 -0.577748871765 -0.026582601870 -11.683313384818 0.104185916694
20 11 2041.857511139765 -34 -6.397062429758 0.052822207329 -15.031768794988 0.119070320674 -0.577662307817 -0.026583815679 -11.683082708369 0.104183110921
21 11 2041.857511139287 -32 -6.397060756562 0.052822187389 -15.031767920210 0.119070160986 -0.577659863227 -0.026583849787 -11.683073431102 0.104182999190
22 12 2041.857511139284 -30 -6.397060800015 0.052822187402 -15.031769587702 0.119070183437 -0.577659941917 -0.026583848866 -11.683073965345 0.104183005734
23 12 2041.857511139284 -27 -6.397060800015 0.052822187402 -15.031769587703 0.119070183437 -0.577659941918 -0.026583848866 -11.683073965344 0.104183005734
24 13 2041.857511139283 -24 -6.397060800015 0.052822187402 -15.031769587703 0.119070183437 -0.577659941918 -0.026583848866 -11.683073965345 0.104183005734
