# ATFsr.txt
#IMaCh version 0.99r45, April 2023,INED-EUROREVES-Institut de longevite-Japan Society for the Promotion of Science (Grant-in-Aid for Scientific Research 25293121), Intel Software 2015-2020, Nihon University 2021-202, INED 2000-2022
#$Revision: 1.353 $ $Date: 2023/05/08 18:48:22 $
# Tue Feb 04 22:13:35 2025
#One-step probabilities and correlation matrix
# Age p1-1  p1-2  p1-3  p2-1  p2-2  p2-3 
50  9.770e-001  2.284e-002  1.115e-004  1.292e-001  8.695e-001  1.342e-003 
50 1-1  1.000e+000
50 1-2 -9.987e-001  1.000e+000
50 1-3  2.137e-002 -7.165e-002  1.000e+000
50 2-1 -2.564e-001  2.557e-001  2.156e-003  1.000e+000
50 2-2  2.571e-001 -2.570e-001  9.380e-003 -9.993e-001  1.000e+000
50 2-3 -2.013e-002  3.529e-002 -3.021e-001 -1.396e-002 -2.423e-002  1.000e+000
51  9.758e-001  2.405e-002  1.254e-004  1.262e-001  8.723e-001  1.494e-003 
51 1-1  1.000e+000
51 1-2 -9.985e-001  1.000e+000
51 1-3  1.871e-002 -7.298e-002  1.000e+000
51 2-1 -2.555e-001  2.548e-001  1.905e-003  1.000e+000
51 2-2  2.563e-001 -2.563e-001  1.140e-002 -9.990e-001  1.000e+000
51 2-3 -1.981e-002  3.623e-002 -3.032e-001 -1.334e-002 -3.054e-002  1.000e+000
52  9.745e-001  2.532e-002  1.411e-004  1.233e-001  8.751e-001  1.663e-003 
52 1-1  1.000e+000
52 1-2 -9.983e-001  1.000e+000
52 1-3  1.578e-002 -7.438e-002  1.000e+000
52 2-1 -2.546e-001  2.539e-001  1.674e-003  1.000e+000
52 2-2  2.555e-001 -2.556e-001  1.367e-002 -9.987e-001  1.000e+000
52 2-3 -1.939e-002  3.719e-002 -3.043e-001 -1.283e-002 -3.759e-002  1.000e+000
53  9.732e-001  2.666e-002  1.587e-004  1.204e-001  8.778e-001  1.851e-003 
53 1-1  1.000e+000
53 1-2 -9.980e-001  1.000e+000
53 1-3  1.257e-002 -7.587e-002  1.000e+000
53 2-1 -2.537e-001  2.529e-001  1.471e-003  1.000e+000
53 2-2  2.546e-001 -2.549e-001  1.623e-002 -9.983e-001  1.000e+000
53 2-3 -1.887e-002  3.817e-002 -3.055e-001 -1.245e-002 -4.551e-002  1.000e+000
54  9.718e-001  2.806e-002  1.786e-004  1.176e-001  8.804e-001  2.061e-003 
54 1-1  1.000e+000
54 1-2 -9.977e-001  1.000e+000
54 1-3  9.024e-003 -7.742e-002  1.000e+000
54 2-1 -2.528e-001  2.520e-001  1.304e-003  1.000e+000
54 2-2  2.537e-001 -2.542e-001  1.913e-002 -9.978e-001  1.000e+000
54 2-3 -1.824e-002  3.917e-002 -3.067e-001 -1.222e-002 -5.441e-002  1.000e+000
55  9.703e-001  2.954e-002  2.008e-004  1.148e-001  8.829e-001  2.294e-003 
55 1-1  1.000e+000
55 1-2 -9.973e-001  1.000e+000
55 1-3  5.129e-003 -7.906e-002  1.000e+000
55 2-1 -2.519e-001  2.510e-001  1.186e-003  1.000e+000
55 2-2  2.527e-001 -2.536e-001  2.239e-002 -9.971e-001  1.000e+000
55 2-3 -1.748e-002  4.020e-002 -3.079e-001 -1.215e-002 -6.443e-002  1.000e+000
56  9.687e-001  3.109e-002  2.258e-004  1.121e-001  8.853e-001  2.553e-003 
56 1-1  1.000e+000
56 1-2 -9.968e-001  1.000e+000
56 1-3  8.431e-004 -8.076e-002  1.000e+000
56 2-1 -2.510e-001  2.500e-001  1.131e-003  1.000e+000
56 2-2  2.517e-001 -2.530e-001  2.607e-002 -9.961e-001  1.000e+000
56 2-3 -1.658e-002  4.124e-002 -3.092e-001 -1.226e-002 -7.573e-002  1.000e+000
57  9.670e-001  3.272e-002  2.540e-004  1.095e-001  8.877e-001  2.840e-003 
57 1-1  1.000e+000
57 1-2 -9.963e-001  1.000e+000
57 1-3 -3.869e-003 -8.252e-002  1.000e+000
57 2-1 -2.501e-001  2.491e-001  1.156e-003  1.000e+000
57 2-2  2.507e-001 -2.525e-001  3.020e-002 -9.949e-001  1.000e+000
57 2-3 -1.552e-002  4.229e-002 -3.105e-001 -1.256e-002 -8.846e-002  1.000e+000
58  9.653e-001  3.443e-002  2.856e-004  1.069e-001  8.900e-001  3.160e-003 
58 1-1  1.000e+000
58 1-2 -9.956e-001  1.000e+000
58 1-3 -9.045e-003 -8.433e-002  1.000e+000
58 2-1 -2.493e-001  2.483e-001  1.282e-003  1.000e+000
58 2-2  2.497e-001 -2.521e-001  3.483e-002 -9.933e-001  1.000e+000
58 2-3 -1.428e-002  4.333e-002 -3.118e-001 -1.309e-002 -1.028e-001  1.000e+000
59  9.634e-001  3.623e-002  3.211e-004  1.043e-001  8.922e-001  3.516e-003 
59 1-1  1.000e+000
59 1-2 -9.949e-001  1.000e+000
59 1-3 -1.472e-002 -8.616e-002  1.000e+000
59 2-1 -2.487e-001  2.477e-001  1.536e-003  1.000e+000
59 2-2  2.487e-001 -2.518e-001  3.998e-002 -9.912e-001  1.000e+000
59 2-3 -1.284e-002  4.436e-002 -3.131e-001 -1.385e-002 -1.188e-001  1.000e+000
60  9.615e-001  3.812e-002  3.609e-004  1.018e-001  8.943e-001  3.911e-003 
60 1-1  1.000e+000
60 1-2 -9.941e-001  1.000e+000
60 1-3 -2.093e-002 -8.796e-002  1.000e+000
60 2-1 -2.484e-001  2.472e-001  1.947e-003  1.000e+000
60 2-2  2.478e-001 -2.518e-001  4.567e-002 -9.885e-001  1.000e+000
60 2-3 -1.118e-002  4.535e-002 -3.144e-001 -1.486e-002 -1.367e-001  1.000e+000
61  9.595e-001  4.010e-002  4.057e-004  9.938e-002  8.963e-001  4.351e-003 
61 1-1  1.000e+000
61 1-2 -9.931e-001  1.000e+000
61 1-3 -2.769e-002 -8.969e-002  1.000e+000
61 2-1 -2.483e-001  2.471e-001  2.551e-003  1.000e+000
61 2-2  2.469e-001 -2.521e-001  5.188e-002 -9.850e-001  1.000e+000
61 2-3 -9.277e-003  4.627e-002 -3.157e-001 -1.615e-002 -1.564e-001  1.000e+000
62  9.574e-001  4.219e-002  4.560e-004  9.698e-002  8.982e-001  4.839e-003 
62 1-1  1.000e+000
62 1-2 -9.920e-001  1.000e+000
62 1-3 -3.501e-002 -9.128e-002  1.000e+000
62 2-1 -2.487e-001  2.474e-001  3.388e-003  1.000e+000
62 2-2  2.462e-001 -2.527e-001  5.856e-002 -9.807e-001  1.000e+000
62 2-3 -7.117e-003  4.707e-002 -3.169e-001 -1.772e-002 -1.779e-001  1.000e+000
63  9.551e-001  4.437e-002  5.125e-004  9.463e-002  9.000e-001  5.381e-003 
63 1-1  1.000e+000
63 1-2 -9.908e-001  1.000e+000
63 1-3 -4.285e-002 -9.261e-002  1.000e+000
63 2-1 -2.498e-001  2.483e-001  4.497e-003  1.000e+000
63 2-2  2.457e-001 -2.538e-001  6.559e-002 -9.755e-001  1.000e+000
63 2-3 -4.687e-003  4.770e-002 -3.180e-001 -1.956e-002 -2.010e-001  1.000e+000
64  9.528e-001  4.666e-002  5.758e-004  9.232e-002  9.017e-001  5.983e-003 
64 1-1  1.000e+000
64 1-2 -9.895e-001  1.000e+000
64 1-3 -5.118e-002 -9.357e-002  1.000e+000
64 2-1 -2.515e-001  2.499e-001  5.920e-003  1.000e+000
64 2-2  2.456e-001 -2.554e-001  7.282e-002 -9.692e-001  1.000e+000
64 2-3 -1.987e-003  4.809e-002 -3.189e-001 -2.165e-002 -2.253e-001  1.000e+000
65  9.503e-001  4.907e-002  6.470e-004  9.006e-002  9.033e-001  6.652e-003 
65 1-1  1.000e+000
65 1-2 -9.882e-001  1.000e+000
65 1-3 -5.986e-002 -9.400e-002  1.000e+000
65 2-1 -2.542e-001  2.523e-001  7.691e-003  1.000e+000
65 2-2  2.459e-001 -2.575e-001  7.998e-002 -9.619e-001  1.000e+000
65 2-3  9.673e-004  4.817e-002 -3.196e-001 -2.396e-002 -2.503e-001  1.000e+000
66  9.477e-001  5.158e-002  7.268e-004  8.784e-002  9.048e-001  7.394e-003 
66 1-1  1.000e+000
66 1-2 -9.868e-001  1.000e+000
66 1-3 -6.873e-002 -9.375e-002  1.000e+000
66 2-1 -2.578e-001  2.556e-001  9.836e-003  1.000e+000
66 2-2  2.466e-001 -2.602e-001  8.679e-002 -9.537e-001  1.000e+000
66 2-3  4.134e-003  4.783e-002 -3.200e-001 -2.642e-002 -2.754e-001  1.000e+000
67  9.450e-001  5.423e-002  8.163e-004  8.566e-002  9.061e-001  8.218e-003 
67 1-1  1.000e+000
67 1-2 -9.855e-001  1.000e+000
67 1-3 -7.757e-002 -9.265e-002  1.000e+000
67 2-1 -2.624e-001  2.599e-001  1.236e-002  1.000e+000
67 2-2  2.480e-001 -2.635e-001  9.289e-002 -9.450e-001  1.000e+000
67 2-3  7.445e-003  4.699e-002 -3.199e-001 -2.895e-002 -2.996e-001  1.000e+000
68  9.421e-001  5.699e-002  9.168e-004  8.353e-002  9.073e-001  9.133e-003 
68 1-1  1.000e+000
68 1-2 -9.844e-001  1.000e+000
68 1-3 -8.611e-002 -9.056e-002  1.000e+000
68 2-1 -2.678e-001  2.650e-001  1.527e-002  1.000e+000
68 2-2  2.498e-001 -2.670e-001  9.793e-002 -9.360e-001  1.000e+000
68 2-3  1.080e-002  4.558e-002 -3.192e-001 -3.147e-002 -3.223e-001  1.000e+000
69  9.391e-001  5.989e-002  1.029e-003  8.143e-002  9.084e-001  1.015e-002 
69 1-1  1.000e+000
69 1-2 -9.835e-001  1.000e+000
69 1-3 -9.407e-002 -8.743e-002  1.000e+000
69 2-1 -2.739e-001  2.707e-001  1.851e-002  1.000e+000
69 2-2  2.522e-001 -2.708e-001  1.016e-001 -9.273e-001  1.000e+000
69 2-3  1.408e-002  4.357e-002 -3.176e-001 -3.386e-002 -3.428e-001  1.000e+000
70  9.359e-001  6.293e-002  1.156e-003  7.938e-002  9.094e-001  1.127e-002 
70 1-1  1.000e+000
70 1-2 -9.830e-001  1.000e+000
70 1-3 -1.012e-001 -8.328e-002  1.000e+000
70 2-1 -2.803e-001  2.767e-001  2.204e-002  1.000e+000
70 2-2  2.549e-001 -2.744e-001  1.035e-001 -9.191e-001  1.000e+000
70 2-3  1.715e-002  4.096e-002 -3.148e-001 -3.605e-002 -3.606e-001  1.000e+000
71  9.326e-001  6.611e-002  1.297e-003  7.736e-002  9.101e-001  1.252e-002 
71 1-1  1.000e+000
71 1-2 -9.828e-001  1.000e+000
71 1-3 -1.075e-001 -7.825e-002  1.000e+000
71 2-1 -2.866e-001  2.826e-001  2.581e-002  1.000e+000
71 2-2  2.577e-001 -2.777e-001  1.036e-001 -9.119e-001  1.000e+000
71 2-3  1.989e-002  3.781e-002 -3.105e-001 -3.797e-002 -3.755e-001  1.000e+000
72  9.291e-001  6.943e-002  1.456e-003  7.538e-002  9.107e-001  1.391e-002 
72 1-1  1.000e+000
72 1-2 -9.828e-001  1.000e+000
72 1-3 -1.128e-001 -7.258e-002  1.000e+000
72 2-1 -2.925e-001  2.881e-001  2.973e-002  1.000e+000
72 2-2  2.604e-001 -2.803e-001  1.016e-001 -9.058e-001  1.000e+000
72 2-3  2.220e-002  3.424e-002 -3.043e-001 -3.958e-002 -3.876e-001  1.000e+000
73  9.255e-001  7.291e-002  1.633e-003  7.343e-002  9.111e-001  1.544e-002 
73 1-1  1.000e+000
73 1-2 -9.831e-001  1.000e+000
73 1-3 -1.172e-001 -6.657e-002  1.000e+000
73 2-1 -2.977e-001  2.929e-001  3.370e-002  1.000e+000
73 2-2  2.630e-001 -2.822e-001  9.762e-002 -9.007e-001  1.000e+000
73 2-3  2.401e-002  3.038e-002 -2.957e-001 -4.086e-002 -3.973e-001  1.000e+000
74  9.216e-001  7.655e-002  1.832e-003  7.152e-002  9.113e-001  1.714e-002 
74 1-1  1.000e+000
74 1-2 -9.835e-001  1.000e+000
74 1-3 -1.212e-001 -6.055e-002  1.000e+000
74 2-1 -3.021e-001  2.969e-001  3.762e-002  1.000e+000
74 2-2  2.652e-001 -2.834e-001  9.153e-002 -8.966e-001  1.000e+000
74 2-3  2.532e-002  2.637e-002 -2.842e-001 -4.182e-002 -4.050e-001  1.000e+000
75  9.176e-001  8.035e-002  2.055e-003  6.965e-002  9.113e-001  1.902e-002 
75 1-1  1.000e+000
75 1-2 -9.838e-001  1.000e+000
75 1-3 -1.248e-001 -5.487e-002  1.000e+000
75 2-1 -3.056e-001  3.001e-001  4.136e-002  1.000e+000
75 2-2  2.671e-001 -2.838e-001  8.353e-002 -8.931e-001  1.000e+000
75 2-3  2.611e-002  2.233e-002 -2.694e-001 -4.247e-002 -4.114e-001  1.000e+000
76  9.134e-001  8.432e-002  2.304e-003  6.780e-002  9.111e-001  2.110e-002 
76 1-1  1.000e+000
76 1-2 -9.841e-001  1.000e+000
76 1-3 -1.285e-001 -4.982e-002  1.000e+000
76 2-1 -3.083e-001  3.025e-001  4.477e-002  1.000e+000
76 2-2  2.684e-001 -2.835e-001  7.389e-002 -8.900e-001  1.000e+000
76 2-3  2.644e-002  1.839e-002 -2.511e-001 -4.285e-002 -4.174e-001  1.000e+000
77  9.090e-001  8.846e-002  2.583e-003  6.599e-002  9.106e-001  2.341e-002 
77 1-1  1.000e+000
77 1-2 -9.841e-001  1.000e+000
77 1-3 -1.326e-001 -4.567e-002  1.000e+000
77 2-1 -3.103e-001  3.041e-001  4.770e-002  1.000e+000
77 2-2  2.691e-001 -2.825e-001  6.310e-002 -8.867e-001  1.000e+000
77 2-3  2.636e-002  1.464e-002 -2.298e-001 -4.299e-002 -4.238e-001  1.000e+000
78  9.043e-001  9.278e-002  2.895e-003  6.420e-002  9.098e-001  2.596e-002 
78 1-1  1.000e+000
78 1-2 -9.838e-001  1.000e+000
78 1-3 -1.373e-001 -4.262e-002  1.000e+000
78 2-1 -3.116e-001  3.052e-001  5.003e-002  1.000e+000
78 2-2  2.691e-001 -2.808e-001  5.183e-002 -8.825e-001  1.000e+000
78 2-3  2.592e-002  1.117e-002 -2.060e-001 -4.293e-002 -4.320e-001  1.000e+000
79  8.995e-001  9.729e-002  3.243e-003  6.245e-002  9.088e-001  2.877e-002 
79 1-1  1.000e+000
79 1-2 -9.831e-001  1.000e+000
79 1-3 -1.429e-001 -4.079e-002  1.000e+000
79 2-1 -3.124e-001  3.058e-001  5.167e-002  1.000e+000
79 2-2  2.681e-001 -2.783e-001  4.094e-002 -8.766e-001  1.000e+000
79 2-3  2.522e-002  8.080e-003 -1.813e-001 -4.274e-002 -4.432e-001  1.000e+000
80  8.944e-001  1.020e-001  3.633e-003  6.072e-002  9.074e-001  3.189e-002 
80 1-1  1.000e+000
80 1-2 -9.819e-001  1.000e+000
80 1-3 -1.495e-001 -4.026e-002  1.000e+000
80 2-1 -3.128e-001  3.060e-001  5.261e-002  1.000e+000
80 2-2  2.660e-001 -2.748e-001  3.134e-002 -8.681e-001  1.000e+000
80 2-3  2.436e-002  5.474e-003 -1.572e-001 -4.250e-002 -4.590e-001  1.000e+000
81  8.891e-001  1.069e-001  4.068e-003  5.901e-002  9.057e-001  3.532e-002 
81 1-1  1.000e+000
81 1-2 -9.803e-001  1.000e+000
81 1-3 -1.573e-001 -4.100e-002  1.000e+000
81 2-1 -3.128e-001  3.059e-001  5.292e-002  1.000e+000
81 2-2  2.624e-001 -2.702e-001  2.390e-002 -8.557e-001  1.000e+000
81 2-3  2.346e-002  3.447e-003 -1.358e-001 -4.234e-002 -4.808e-001  1.000e+000
82  8.835e-001  1.120e-001  4.553e-003  5.733e-002  9.036e-001  3.911e-002 
82 1-1  1.000e+000
82 1-2 -9.780e-001  1.000e+000
82 1-3 -1.664e-001 -4.297e-002  1.000e+000
82 2-1 -3.126e-001  3.055e-001  5.273e-002  1.000e+000
82 2-2  2.568e-001 -2.643e-001  1.931e-002 -8.380e-001  1.000e+000
82 2-3  2.270e-002  2.077e-003 -1.185e-001 -4.245e-002 -5.096e-001  1.000e+000
83  8.776e-001  1.173e-001  5.095e-003  5.567e-002  9.011e-001  4.328e-002 
83 1-1  1.000e+000
83 1-2 -9.750e-001  1.000e+000
83 1-3 -1.769e-001 -4.609e-002  1.000e+000
83 2-1 -3.121e-001  3.050e-001  5.218e-002  1.000e+000
83 2-2  2.488e-001 -2.566e-001  1.802e-002 -8.137e-001  1.000e+000
83 2-3  2.224e-002  1.397e-003 -1.062e-001 -4.305e-002 -5.457e-001  1.000e+000
84  8.715e-001  1.228e-001  5.700e-003  5.403e-002  8.981e-001  4.787e-002 
84 1-1  1.000e+000
84 1-2 -9.713e-001  1.000e+000
84 1-3 -1.889e-001 -5.025e-002  1.000e+000
84 2-1 -3.115e-001  3.043e-001  5.143e-002  1.000e+000
84 2-2  2.382e-001 -2.471e-001  2.017e-002 -7.815e-001  1.000e+000
84 2-3  2.222e-002  1.385e-003 -9.894e-002 -4.436e-002 -5.886e-001  1.000e+000
85  8.652e-001  1.285e-001  6.373e-003  5.241e-002  8.947e-001  5.293e-002 
85 1-1  1.000e+000
85 1-2 -9.666e-001  1.000e+000
85 1-3 -2.023e-001 -5.541e-002  1.000e+000
85 2-1 -3.106e-001  3.035e-001  5.062e-002  1.000e+000
85 2-2  2.245e-001 -2.356e-001  2.560e-002 -7.408e-001  1.000e+000
85 2-3  2.275e-002  1.973e-003 -9.618e-002 -4.658e-002 -6.365e-001  1.000e+000
86  8.585e-001  1.344e-001  7.124e-003  5.081e-002  8.907e-001  5.848e-002 
86 1-1  1.000e+000
86 1-2 -9.609e-001  1.000e+000
86 1-3 -2.172e-001 -6.150e-002  1.000e+000
86 2-1 -3.097e-001  3.025e-001  4.985e-002  1.000e+000
86 2-2  2.080e-001 -2.223e-001  3.387e-002 -6.916e-001  1.000e+000
86 2-3  2.390e-002  3.067e-003 -9.699e-002 -4.987e-002 -6.869e-001  1.000e+000
87  8.515e-001  1.405e-001  7.959e-003  4.923e-002  8.862e-001  6.457e-002 
87 1-1  1.000e+000
87 1-2 -9.540e-001  1.000e+000
87 1-3 -2.336e-001 -6.852e-002  1.000e+000
87 2-1 -3.086e-001  3.014e-001  4.923e-002  1.000e+000
87 2-2  1.890e-001 -2.076e-001  4.434e-002 -6.348e-001  1.000e+000
87 2-3  2.569e-002  4.573e-003 -1.004e-001 -5.436e-002 -7.370e-001  1.000e+000
88  8.442e-001  1.469e-001  8.889e-003  4.766e-002  8.811e-001  7.125e-002 
88 1-1  1.000e+000
88 1-2 -9.458e-001  1.000e+000
88 1-3 -2.514e-001 -7.647e-002  1.000e+000
88 2-1 -3.073e-001  3.002e-001  4.880e-002  1.000e+000
88 2-2  1.680e-001 -1.919e-001  5.624e-002 -5.723e-001  1.000e+000
88 2-3  2.810e-002  6.413e-003 -1.054e-001 -6.012e-002 -7.841e-001  1.000e+000
89  8.366e-001  1.535e-001  9.923e-003  4.611e-002  8.753e-001  7.856e-002 
89 1-1  1.000e+000
89 1-2 -9.360e-001  1.000e+000
89 1-3 -2.707e-001 -8.540e-002  1.000e+000
89 2-1 -3.059e-001  2.988e-001  4.863e-002  1.000e+000
89 2-2  1.458e-001 -1.760e-001  6.881e-002 -5.064e-001  1.000e+000
89 2-3  3.109e-002  8.531e-003 -1.114e-001 -6.720e-002 -8.263e-001  1.000e+000
90  8.287e-001  1.603e-001  1.107e-002  4.457e-002  8.689e-001  8.654e-002 
90 1-1  1.000e+000
90 1-2 -9.245e-001  1.000e+000
90 1-3 -2.913e-001 -9.536e-002  1.000e+000
90 2-1 -3.044e-001  2.973e-001  4.875e-002  1.000e+000
90 2-2  1.232e-001 -1.607e-001  8.140e-002 -4.392e-001  1.000e+000
90 2-3  3.465e-002  1.089e-002 -1.178e-001 -7.564e-002 -8.626e-001  1.000e+000