
#****** ******
# ATFsr.txt
#IMaCh version 0.99r45, April 2023,INED-EUROREVES-Institut de longevite-Japan Society for the Promotion of Science (Grant-in-Aid for Scientific Research 25293121), Intel Software 2015-2020, Nihon University 2021-202, INED 2000-2022
#$Revision: 1.353 $ $Date: 2023/05/08 18:48:22 $
# Tue Feb 04 22:13:35 2025
# Health expectancies with standard errors
# Age e11 (SE) e12 (SE) e1.  e21 (SE) e22 (SE) e2. 
 50   23.2009 (0.8209)   12.9022 (0.8297)   36.1031 (1.0000)   19.8783 (1.0024)   15.8454 (0.9664)   35.7237 (1.0785)
 51   22.3731 (0.8092)   12.7569 (0.8200)   35.1300 (0.9953)   19.0049 (0.9792)   15.7120 (0.9461)   34.7169 (1.0793)
 52   21.5567 (0.7977)   12.6037 (0.8106)   34.1604 (0.9903)   18.1453 (0.9563)   15.5663 (0.9270)   33.7116 (1.0796)
 53   20.7523 (0.7864)   12.4424 (0.8015)   33.1947 (0.9851)   17.3004 (0.9340)   15.4078 (0.9090)   32.7082 (1.0795)
 54   19.9604 (0.7753)   12.2728 (0.7928)   32.2333 (0.9796)   16.4709 (0.9121)   15.2363 (0.8922)   31.7072 (1.0787)
 55   19.1818 (0.7644)   12.0949 (0.7843)   31.2766 (0.9738)   15.6577 (0.8907)   15.0515 (0.8766)   30.7091 (1.0773)
 56   18.4168 (0.7536)   11.9084 (0.7762)   30.3253 (0.9677)   14.8617 (0.8700)   14.8529 (0.8622)   29.7146 (1.0750)
 57   17.6663 (0.7431)   11.7135 (0.7684)   29.3798 (0.9615)   14.0837 (0.8498)   14.6406 (0.8489)   28.7243 (1.0718)
 58   16.9306 (0.7329)   11.5101 (0.7610)   28.4407 (0.9551)   13.3245 (0.8302)   14.4143 (0.8366)   27.7388 (1.0677)
 59   16.2104 (0.7228)   11.2982 (0.7538)   27.5086 (0.9485)   12.5850 (0.8111)   14.1741 (0.8252)   26.7591 (1.0625)
 60   15.5062 (0.7129)   11.0780 (0.7470)   26.5842 (0.9418)   11.8658 (0.7925)   13.9201 (0.8145)   25.7859 (1.0562)
 61   14.8186 (0.7032)   10.8495 (0.7405)   25.6682 (0.9351)   11.1677 (0.7741)   13.6524 (0.8045)   24.8201 (1.0487)
 62   14.1481 (0.6936)   10.6132 (0.7343)   24.7612 (0.9284)   10.4914 (0.7560)   13.3714 (0.7948)   23.8628 (1.0401)
 63   13.4951 (0.6841)   10.3691 (0.7284)   23.8641 (0.9219)    9.8374 (0.7380)   13.0774 (0.7854)   22.9148 (1.0303)
 64   12.8600 (0.6748)   10.1177 (0.7228)   22.9777 (0.9155)    9.2064 (0.7199)   12.7709 (0.7762)   21.9773 (1.0195)
 65   12.2433 (0.6655)    9.8593 (0.7175)   22.1026 (0.9093)    8.5987 (0.7018)   12.4526 (0.7670)   21.0513 (1.0077)
 66   11.6454 (0.6563)    9.5944 (0.7125)   21.2398 (0.9036)    8.0149 (0.6834)   12.1231 (0.7579)   20.1379 (0.9951)
 67   11.0665 (0.6471)    9.3236 (0.7079)   20.3900 (0.8982)    7.4551 (0.6648)   11.7833 (0.7487)   19.2384 (0.9818)
 68   10.5068 (0.6379)    9.0473 (0.7037)   19.5542 (0.8933)    6.9198 (0.6457)   11.4340 (0.7395)   18.3538 (0.9680)
 69    9.9668 (0.6288)    8.7663 (0.6999)   18.7331 (0.8889)    6.4090 (0.6263)   11.0763 (0.7304)   17.4853 (0.9539)
 70    9.4463 (0.6195)    8.4812 (0.6964)   17.9275 (0.8851)    5.9227 (0.6064)   10.7113 (0.7215)   16.6341 (0.9398)
 71    8.9457 (0.6103)    8.1928 (0.6934)   17.1384 (0.8818)    5.4611 (0.5861)   10.3401 (0.7129)   15.8012 (0.9260)
 72    8.4648 (0.6010)    7.9017 (0.6907)   16.3665 (0.8791)    5.0238 (0.5653)    9.9639 (0.7048)   14.9877 (0.9127)
 73    8.0037 (0.5917)    7.6089 (0.6885)   15.6126 (0.8770)    4.6109 (0.5441)    9.5840 (0.6973)   14.1949 (0.9000)
 74    7.5623 (0.5823)    7.3151 (0.6865)   14.8774 (0.8753)    4.2218 (0.5226)    9.2016 (0.6905)   13.4235 (0.8883)
 75    7.1405 (0.5729)    7.0212 (0.6849)   14.1617 (0.8740)    3.8564 (0.5009)    8.8182 (0.6847)   12.6746 (0.8777)
 76    6.7380 (0.5635)    6.7280 (0.6835)   13.4660 (0.8730)    3.5140 (0.4789)    8.4350 (0.6799)   11.9490 (0.8682)
 77    6.3546 (0.5540)    6.4364 (0.6823)   12.7910 (0.8721)    3.1942 (0.4569)    8.0533 (0.6762)   11.2475 (0.8599)
 78    5.9899 (0.5445)    6.1473 (0.6811)   12.1372 (0.8713)    2.8963 (0.4348)    7.6745 (0.6735)   10.5708 (0.8527)
 79    5.6436 (0.5350)    5.8615 (0.6798)   11.5051 (0.8702)    2.6196 (0.4128)    7.2998 (0.6718)    9.9194 (0.8466)
 80    5.3153 (0.5256)    5.5798 (0.6783)   10.8951 (0.8688)    2.3634 (0.3910)    6.9305 (0.6710)    9.2939 (0.8414)
 81    5.0045 (0.5162)    5.3029 (0.6764)   10.3074 (0.8670)    2.1270 (0.3694)    6.5676 (0.6710)    8.6946 (0.8367)
 82    4.7106 (0.5068)    5.0317 (0.6741)    9.7424 (0.8645)    1.9093 (0.3482)    6.2124 (0.6714)    8.1217 (0.8324)
 83    4.4332 (0.4976)    4.7668 (0.6711)    9.2000 (0.8612)    1.7096 (0.3274)    5.8658 (0.6719)    7.5754 (0.8281)
 84    4.1716 (0.4884)    4.5089 (0.6674)    8.6805 (0.8571)    1.5269 (0.3071)    5.5287 (0.6725)    7.0557 (0.8235)
 85    3.9253 (0.4794)    4.2585 (0.6628)    8.1837 (0.8520)    1.3604 (0.2874)    5.2020 (0.6726)    6.5624 (0.8184)
 86    3.6935 (0.4705)    4.0161 (0.6573)    7.7096 (0.8458)    1.2090 (0.2683)    4.8864 (0.6722)    6.0954 (0.8123)
 87    3.4758 (0.4618)    3.7822 (0.6507)    7.2579 (0.8386)    1.0718 (0.2498)    4.5824 (0.6708)    5.6542 (0.8052)
 88    3.2713 (0.4533)    3.5571 (0.6431)    6.8284 (0.8304)    0.9479 (0.2321)    4.2906 (0.6683)    5.2385 (0.7967)
 89    3.0795 (0.4450)    3.3412 (0.6343)    6.4207 (0.8212)    0.8362 (0.2151)    4.0114 (0.6644)    4.8477 (0.7866)
 90    2.8997 (0.4370)    3.1347 (0.6245)    6.0344 (0.8110)    0.7360 (0.1988)    3.7451 (0.6591)    4.4811 (0.7750)
