
# model  
#****** Result for:******
# ATFsr.txt
#IMaCh version 0.99r45, April 2023,INED-EUROREVES-Institut de longevite-Japan Society for the Promotion of Science (Grant-in-Aid for Scientific Research 25293121), Intel Software 2015-2020, Nihon University 2021-202, INED 2000-2022
#$Revision: 1.353 $ $Date: 2023/05/08 18:48:22 $
# Tue Feb 04 22:13:35 2025
# Total life expectancy with std error and decomposition into time to be expected in each health state
#  (weighted average of eij where weights are the age specific forward period (stable) prevalences in each health state 
# Age popbased mobilav e.. (std) e.1 (std) e.2 (std) 
   50 0 0  36.059 (  1.007)  22.791 (  0.861)  13.267 (  0.866)
   51 0 0  35.078 (  1.003)  21.931 (  0.849)  13.147 (  0.856)
   52 0 0  34.100 (  0.999)  21.081 (  0.838)  13.019 (  0.846)
   53 0 0  33.125 (  0.994)  20.240 (  0.826)  12.885 (  0.836)
   54 0 0  32.153 (  0.990)  19.410 (  0.814)  12.742 (  0.826)
   55 0 0  31.184 (  0.985)  18.592 (  0.802)  12.592 (  0.816)
   56 0 0  30.219 (  0.980)  17.786 (  0.791)  12.434 (  0.807)
   57 0 0  29.259 (  0.975)  16.992 (  0.780)  12.267 (  0.798)
   58 0 0  28.304 (  0.969)  16.212 (  0.768)  12.092 (  0.789)
   59 0 0  27.353 (  0.963)  15.445 (  0.758)  11.908 (  0.781)
   60 0 0  26.409 (  0.957)  14.694 (  0.747)  11.715 (  0.773)
   61 0 0  25.471 (  0.951)  13.958 (  0.736)  11.513 (  0.765)
   62 0 0  24.540 (  0.945)  13.238 (  0.726)  11.302 (  0.758)
   63 0 0  23.618 (  0.938)  12.536 (  0.715)  11.082 (  0.751)
   64 0 0  22.704 (  0.932)  11.851 (  0.705)  10.854 (  0.744)
   65 0 0  21.800 (  0.925)  11.184 (  0.695)  10.616 (  0.738)
   66 0 0  20.906 (  0.919)  10.536 (  0.685)  10.370 (  0.732)
   67 0 0  20.024 (  0.912)   9.908 (  0.674)  10.115 (  0.726)
   68 0 0  19.153 (  0.906)   9.301 (  0.664)   9.853 (  0.721)
   69 0 0  18.297 (  0.899)   8.714 (  0.654)   9.583 (  0.715)
   70 0 0  17.454 (  0.893)   8.149 (  0.643)   9.305 (  0.710)
   71 0 0  16.627 (  0.888)   7.605 (  0.632)   9.022 (  0.706)
   72 0 0  15.816 (  0.883)   7.084 (  0.621)   8.732 (  0.702)
   73 0 0  15.023 (  0.878)   6.586 (  0.609)   8.437 (  0.698)
   74 0 0  14.248 (  0.873)   6.110 (  0.596)   8.138 (  0.694)
   75 0 0  13.493 (  0.869)   5.657 (  0.584)   7.835 (  0.691)
   76 0 0  12.758 (  0.865)   5.228 (  0.570)   7.531 (  0.689)
   77 0 0  12.045 (  0.862)   4.821 (  0.556)   7.224 (  0.686)
   78 0 0  11.353 (  0.858)   4.437 (  0.541)   6.916 (  0.685)
   79 0 0  10.685 (  0.854)   4.076 (  0.526)   6.610 (  0.683)
   80 0 0  10.041 (  0.851)   3.736 (  0.510)   6.304 (  0.682)
   81 0 0   9.421 (  0.847)   3.419 (  0.494)   6.002 (  0.681)
   82 0 0   8.826 (  0.842)   3.123 (  0.477)   5.702 (  0.680)
   83 0 0   8.256 (  0.836)   2.848 (  0.460)   5.408 (  0.679)
   84 0 0   7.712 (  0.830)   2.593 (  0.442)   5.119 (  0.677)
   85 0 0   7.194 (  0.822)   2.357 (  0.425)   4.837 (  0.676)
   86 0 0   6.701 (  0.813)   2.140 (  0.407)   4.561 (  0.673)
   87 0 0   6.234 (  0.803)   1.940 (  0.389)   4.294 (  0.670)
   88 0 0   5.793 (  0.791)   1.757 (  0.372)   4.036 (  0.666)
   89 0 0   5.377 (  0.777)   1.590 (  0.354)   3.787 (  0.660)
   90 0 0   4.986 (  0.761)   1.438 (  0.338)   3.548 (  0.654)
