# Powell
# iter -2*LL p12 p13 p21 p23
1 1 7374.416151509161 1 0.000000000000 0.000000000000 0.000000000000 0.000000000000 0.000000000000 0.000000000000 0.000000000000 0.000000000000
2 2 2442.411477819164 2 4.704750564976 -0.002850984111 -0.751978280415 0.002813395053 2.567535879641 -0.001187316507 -1.050923479376 0.002565600144
3 2 2326.022001031442 3 3.255135653322 -0.004694716225 -1.769225470220 0.006631977455 2.388475276808 -0.003220162497 -1.341392400362 -0.009906580982
4 3 1956.915597624730 3 -0.298275896349 -0.012914651492 -5.139318834187 0.020693366594 1.666099961042 0.029673155650 -0.423086084727 -0.018500070384
5 3 1931.930046194653 4 -0.312627973618 -0.012057166540 -5.269240510608 0.017539177601 1.599033990902 0.032081678281 -0.656317661464 -0.002928443273
6 4 1892.134739375834 5 -1.160002975556 -0.000683882248 -5.597755269282 0.018221349271 1.089659665523 0.041879556209 -3.423100379230 0.063093929525
7 4 1869.049578622673 5 -1.444748356124 0.003813115770 -5.848691048978 0.013031729773 0.962829137826 0.046902681226 -4.447418742037 0.082677611326
8 5 1825.361251487754 6 -3.017813266599 0.024527526987 -6.970569196367 0.012515283778 0.374135789915 0.076924010550 -8.795996468778 0.164517100256
9 5 1798.257853880082 7 -3.558423986082 0.032522748166 -7.549241079157 0.027335862783 0.183182474801 0.093562357212 -10.486137633124 0.195113703009
10 6 1765.011863277893 7 -4.777737785941 0.053613331513 -8.818736658182 0.062537216614 -0.426794844190 0.132302603801 -14.754118329473 0.273005657597
11 6 1760.072178020445 8 -5.385115787020 0.061818426517 -9.353780974873 0.069936660519 -0.654127631090 0.147833834591 -16.464158216515 0.304445730298
12 7 1757.801023753836 8 -6.190763131167 0.073436673607 -10.128118114031 0.080452734443 -0.980523733087 0.169529958779 -18.957358494486 0.350230610561
13 7 1757.643726783641 9 -6.183127022752 0.073197892157 -10.155063294949 0.080809814765 -0.974321381044 0.169639005534 -18.987545062996 0.350703284105
14 8 1752.388692569906 9 -5.589353269616 0.065067045282 -11.967044066951 0.108107610357 -0.796281134724 0.183659775907 -21.765785630754 0.397247619098
15 8 1751.557321579263 10 -5.444737827738 0.062776511087 -12.277305826411 0.111002197981 -0.741797442610 0.185040107361 -22.145042514926 0.403599231015
16 9 1751.462329594968 10 -5.378977433485 0.061767892114 -12.432589806104 0.112515018952 -0.719035119262 0.186010963980 -22.320405434861 0.406770557535
17 9 1751.452266846121 11 -5.383050882717 0.061847371972 -12.433628001229 0.112521334667 -0.721583395777 0.186162637004 -22.306888299287 0.406751700859
18 10 1750.567759336974 11 -5.514712907871 0.063358769872 -12.742670037590 0.115884212559 -0.854278170325 0.204456620293 -18.921708566110 0.384971423307
19 10 1750.313794540723 12 -5.551940567855 0.064288430208 -13.145985583770 0.121395237558 -0.908446943357 0.213759377763 -18.776092496977 0.391605552244
20 11 1750.288211591887 13 -5.574332781543 0.064704817810 -13.283327793724 0.123271388157 -0.929300796323 0.217029494474 -18.745260459730 0.394119752989
21 11 1750.285176515607 14 -5.580742263440 0.064829175792 -13.329107560148 0.123902841770 -0.935919435401 0.218118304927 -18.731853969392 0.394917608618
22 12 1750.284786378124 15 -5.583082850813 0.064874745904 -13.345035834119 0.124124295694 -0.938292464439 0.218501998110 -18.726923363439 0.395195167477
23 12 1750.284734914178 16 -5.583987626705 0.064892082953 -13.350785030859 0.124204478676 -0.939171979567 0.218641411355 -18.725229752043 0.395296921025
24 13 1750.284728080415 17 -5.584328702293 0.064898558982 -13.352882848653 0.124233751750 -0.939496504094 0.218692380239 -18.724636021285 0.395334385342
25 13 1750.284727175666 18 -5.584452609650 0.064900910929 -13.353648971740 0.124244439989 -0.939614609907 0.218710965126 -18.724418769566 0.395348042139
26 14 1750.284727056240 20 -5.584498672761 0.064901782383 -13.353928300999 0.124248338011 -0.939658033414 0.218717752624 -18.724338841492 0.395353018007
27 14 1750.284727040807 22 -5.584514915561 0.064902092047 -13.354029943155 0.124249757292 -0.939673525850 0.218720196202 -18.724311449163 0.395354826101
28 15 1750.284727038855 23 -5.584520920145 0.064902205174 -13.354067879030 0.124250282947 -0.939679212026 0.218721095731 -18.724300516544 0.395355484062
29 15 1750.284727038595 25 -5.584523019919 0.064902246493 -13.354080472687 0.124250461091 -0.939681135175 0.218721389063 -18.724298010287 0.395355705389
30 16 1750.284727038550 26 -5.584524723297 0.064902276171 -13.354088850060 0.124250575874 -0.939682475036 0.218721598790 -18.724290523990 0.395355804724
31 16 1750.284727038536 -32 -5.584524905384 0.064902279568 -13.354088317576 0.124250570305 -0.939682370605 0.218721577892 -18.724294112765 0.395355825987
32 17 1750.284727038324 -30 -5.584525850338 0.064902273608 -13.354081569599 0.124250478628 -0.939679592488 0.218721389614 -18.724273410954 0.395355438815
33 17 1750.284727037543 -28 -5.584530123245 0.064902315526 -13.354075853809 0.124250405894 -0.939670302234 0.218720950458 -18.724237830069 0.395354701118
34 18 1750.284727031989 -27 -5.584558814896 0.064902676391 -13.354055461362 0.124250167001 -0.939591915860 0.218717311149 -18.724105036492 0.395350441785
35 18 1750.284727004957 -25 -5.584639678264 0.064903812344 -13.354007368507 0.124249613291 -0.939209123101 0.218699523617 -18.723775208107 0.395333273606
36 19 1750.284726911809 -24 -5.584750092702 0.064905466411 -13.353853655467 0.124247605900 -0.937785757648 0.218633098432 -18.722801479269 0.395272127139
37 19 1750.284726608472 -22 -5.584770055169 0.064905820944 -13.353444320120 0.124241821590 -0.932940104096 0.218410022939 -18.718851893326 0.395059787569
38 20 1750.284725912936 -21 -5.585104748764 0.064910442403 -13.353497989844 0.124241965017 -0.920807462888 0.217871346539 -18.707493151711 0.394530265854
39 20 1750.284723855619 -19 -5.585830519905 0.064920234515 -13.354548173037 0.124255189462 -0.887259544662 0.216401209141 -18.673687482289 0.393056865342
40 21 1750.284718612305 -18 -5.586706414049 0.064932171715 -13.357046090772 0.124288580993 -0.809297985058 0.212990685134 -18.593048469981 0.389613905709
41 21 1750.263532309624 -17 -5.637540444393 0.065652562110 -13.421223944064 0.125134883880 4.126848993692 -0.004677153024 -13.617545437759 0.171462930044
42 22 1749.944026731196 -16 -5.597258093440 0.064390936184 -13.217954245010 0.122138664223 4.506521777605 -0.024905763105 -13.078363949245 0.150240186605
43 22 1749.367861883484 -15 -5.548078447079 0.062341085124 -13.281532554856 0.122369157471 4.920483606769 -0.043186971002 -12.412255321187 0.130482177663
44 23 1748.999355848043 -14 -5.522982170681 0.061428444063 -13.466450072830 0.124353672542 5.065332699657 -0.047080473797 -12.025652842983 0.124490853342
45 23 1748.256737436971 -12 -5.415030688753 0.057805807506 -14.126975386822 0.131272179116 5.573199410312 -0.060798214147 -10.614198948501 0.103038809138
46 24 1748.114644941004 -12 -5.387567957816 0.056830903658 -14.374411845657 0.133986658524 5.701793801925 -0.062901512194 -10.170503241993 0.097950498677
47 24 1748.091216160029 -10 -5.367195977839 0.056222984783 -14.474053067142 0.134993938015 5.758249926946 -0.064012004260 -9.964304315227 0.095498352612
48 25 1748.010291443931 -10 -5.341917488321 0.055811437965 -14.403525169244 0.133912583926 5.705936176578 -0.062718582412 -10.002640160929 0.096771477374
49 25 1747.816875471351 -9 -5.247973081010 0.053774386200 -14.401480027459 0.133005297574 5.733606009126 -0.064135955169 -9.679945190017 0.093039061197
50 26 1741.487277983325 -8 -3.280980417446 0.013010057150 -13.036661867147 0.098056405916 5.818773508469 -0.091147555440 -4.482674557950 0.028294629298
51 26 1728.574849870547 -7 -2.947137381872 0.006874523795 -12.910491795718 0.093873998937 5.885738901217 -0.097602476376 -4.624282790250 0.025084405733
52 27 1722.591518180923 -6 -2.209722635228 -0.004980630765 -12.211343900452 0.079916242830 5.465353158183 -0.095157525866 -6.470823467448 0.046705249267
53 27 1721.834448363179 -5 -2.143332551631 -0.005932191096 -12.081115926038 0.077858016579 5.366077421541 -0.093033198829 -6.756329098694 0.051077408436
54 28 1720.734686200808 -4 -2.062542694538 -0.008090889778 -12.917921681218 0.087802710549 5.668698545869 -0.097514985794 -6.832464443388 0.052907474457
55 28 1720.044403668129 -3 -2.103336229580 -0.007567083510 -13.404638617992 0.094348450395 5.851936769388 -0.100378944428 -7.016778851475 0.054813592554
56 29 1719.555920819587 -3 -2.280491461937 -0.004878678967 -14.319853416766 0.107371335195 6.209114503503 -0.105278417507 -7.146325172675 0.056055183468
57 29 1719.533658781350 -2 -2.271712726229 -0.004996387103 -14.297030073186 0.107036680414 6.194974654689 -0.105103702842 -7.205510872338 0.056751644993
58 30 1719.118951372127 -1 -2.318566217424 -0.003845812999 -13.826201579518 0.101697294828 5.927597328243 -0.100925320487 -7.846361912858 0.064872646053
59 30 1718.738176154576 0 -2.348348285934 -0.003498303654 -13.775799225275 0.101305466631 5.890867090552 -0.100578150149 -7.928947720177 0.065752063133
60 31 1694.529762291741 1 -3.624549544336 0.009471070615 -7.412276111566 0.030664555797 2.433770708602 -0.061395214307 -10.705683797119 0.097506903356
61 31 1686.451397874401 2 -4.079669272941 0.013775721288 -8.090989493074 0.042248338616 2.604594855597 -0.064687478199 -10.088719594301 0.089432241481
62 32 1682.764200968826 3 -4.480733385783 0.016862575291 -8.886355268470 0.055258275598 2.653610187642 -0.066058787250 -10.706317191046 0.096325514133
63 32 1682.344620635950 4 -4.435874780628 0.016168198930 -8.775191505008 0.053675651269 2.543428748064 -0.064386231867 -11.245056416804 0.102767727941
64 33 1682.153212656107 5 -4.386627640363 0.015383859912 -8.710134543817 0.052680851672 2.431398010213 -0.062824420299 -11.922921973881 0.110871010314
65 33 1682.120657703518 6 -4.384784606516 0.015388539533 -8.749175122057 0.053163873705 2.446881790422 -0.063022057471 -11.930022563881 0.110951572732
66 34 1681.581577553210 7 -4.316116710844 0.015558427603 -8.908835098673 0.054620345552 2.503729788557 -0.063145630488 -11.883016280936 0.110514927649
67 34 1680.621018130003 8 -4.249041848081 0.015248355456 -9.070121223182 0.055859606714 2.472105294920 -0.062362722966 -11.706773276638 0.108587324625
68 35 1679.973535130486 8 -4.132223389014 0.013864778646 -9.321647985252 0.057677464769 2.531995393991 -0.063153705507 -11.047731730193 0.101023004852
69 35 1678.231350213191 9 -3.982388954883 0.011345456925 -9.614912456892 0.059042810924 2.453229017925 -0.062495143141 -9.653093472287 0.084851985987
70 36 1674.843933114019 10 -3.883404794468 0.010077801931 -10.370787993360 0.065935762079 2.020926776478 -0.056528725332 -8.775626487576 0.075012601894
71 36 1660.210764451355 11 -4.349896486874 0.015864890317 -13.127033461005 0.097622908134 -0.331128577083 -0.024527079542 -8.287391643933 0.070373013409
72 37 1642.654689950934 12 -5.536186435956 0.031351077048 -15.086431451261 0.128994316603 -1.474302401572 -0.009095334174 -9.937511072584 0.089097885558
73 37 1636.812788382420 13 -6.186248756600 0.040373206185 -16.418264647599 0.148818743833 -1.817113306762 -0.004149955042 -9.129323932911 0.078668347433
74 38 1635.372242121684 13 -6.482510332248 0.044536090246 -17.376836667634 0.161973916964 -1.960790956596 -0.002012133622 -8.634722620337 0.072238922529
75 38 1634.796319819405 14 -6.745446011870 0.048321682374 -18.850655534262 0.181037327297 -2.070064856518 -0.000320056571 -8.120330362479 0.065543184553
76 39 1634.665392727222 15 -6.708329722858 0.047865076585 -19.203416316861 0.185013999589 -2.014359513458 -0.001076124394 -8.081240815952 0.065014932227
77 39 1634.435340353585 16 -6.623051519828 0.046908497185 -20.817871592525 0.203622928959 -1.966310294392 -0.001718157770 -8.092866353971 0.065450736570
78 40 1634.430617799698 17 -6.641241354336 0.047225972123 -20.818822899454 0.203732691816 -1.997582128113 -0.001225426747 -8.115415029600 0.065724557032
79 40 1634.430387918736 18 -6.641057129925 0.047239118773 -20.806813262697 0.203594099130 -1.995136625888 -0.001249928981 -8.116287607066 0.065735918459
80 41 1634.430337921005 19 -6.639906762344 0.047229557884 -20.804331921084 0.203558774161 -1.992166260426 -0.001287426687 -8.112010806476 0.065682832624
81 41 1634.430335346022 21 -6.639762455058 0.047226140383 -20.805740963602 0.203573905595 -1.992030714404 -0.001290187886 -8.110853278001 0.065668256276
82 42 1634.430334889625 22 -6.639645280641 0.047224314162 -20.808182140845 0.203601821560 -1.991966658686 -0.001291329216 -8.110396940908 0.065662828609
83 42 1634.430334087411 23 -6.639616626052 0.047224135102 -20.810306004461 0.203626167743 -1.992189079266 -0.001288336616 -8.110010259395 0.065658278418
84 43 1634.430332040312 25 -6.639555394880 0.047222472837 -20.811935473930 0.203644158520 -1.992307414568 -0.001287339365 -8.108964999396 0.065645310272
85 43 1634.430327289604 26 -6.639659761732 0.047221982327 -20.807845909199 0.203595896774 -1.992250794558 -0.001289048511 -8.108053141784 0.065633156032
86 44 1634.430320503343 -33 -6.639854277024 0.047223291196 -20.799043463359 0.203494361475 -1.991696437739 -0.001296875873 -8.108891047451 0.065642380700
87 44 1634.430301294641 -32 -6.639112493359 0.047208951663 -20.799731182271 0.203501113451 -1.989146026750 -0.001333934822 -8.108594873940 0.065638427643
88 45 1634.430288243727 -31 -6.638765807077 0.047204306971 -20.806189989296 0.203575257285 -1.988904036746 -0.001337574851 -8.108159124732 0.065633880713
89 45 1634.430228863893 -30 -6.637329648293 0.047184854169 -20.836974443189 0.203928861571 -1.988070796035 -0.001350446578 -8.105036305615 0.065598895496
90 46 1634.430148034078 -29 -6.636664456893 0.047177937409 -20.854430981988 0.204133843749 -1.986537662355 -0.001371261598 -8.105820868671 0.065610895663
91 46 1634.430084348736 -28 -6.635772693902 0.047166227277 -20.874304027744 0.204362715587 -1.985738375396 -0.001382595886 -8.104230126210 0.065593631296
92 47 1634.429600381471 -27 -6.632777458959 0.047127320298 -20.946158871177 0.205190028740 -1.982816574337 -0.001423601279 -8.098737319378 0.065534583997
93 47 1634.426428914828 -25 -6.627225691938 0.047058012769 -21.116822781972 0.207152888481 -1.975813931123 -0.001520267140 -8.087186130666 0.065413992281
94 48 1634.403746784272 -24 -6.622642580127 0.047025755229 -21.603557139552 0.212733384215 -1.955745085296 -0.001791369382 -8.064305043078 0.065203009215
95 48 1634.256108999541 -24 -6.689983151708 0.048085129998 -22.753339694624 0.225755240210 -1.912124390168 -0.002353366274 -8.064225471424 0.065431286438
96 49 1634.011933707196 -23 -6.861919651815 0.050562752558 -23.532073455125 0.234135354235 -1.930880598350 -0.002089566664 -8.056228461235 0.065569509450
97 49 1633.832003978993 -22 -7.028282876198 0.052848239343 -23.595727621173 0.234204581510 -2.024608502951 -0.000841509364 -7.996357303234 0.064910955821
98 50 1633.764927001153 -21 -7.102800623401 0.053836287508 -23.300666808882 0.230459133058 -2.095601131709 0.000121647172 -7.971055040688 0.064562781750
99 50 1633.723708851459 -20 -7.180499301070 0.054918808245 -23.062206902764 0.227403740370 -2.133879108399 0.000671353832 -7.999653042706 0.064925810151
100 51 1633.550984402754 -19 -7.366157403296 0.057478884634 -21.237338203078 0.205830939608 -2.216224351499 0.001871090333 -8.180863345535 0.067091296243
101 51 1633.432374601302 -18 -7.288541065717 0.056381045342 -20.348893825427 0.196124465897 -2.145686269756 0.000894425315 -8.300909609031 0.068474749086
102 52 1633.422011338334 -17 -7.297763078056 0.056542819945 -20.263244962572 0.195266131825 -2.108374029329 0.000408246383 -8.377559828771 0.069419249727
103 52 1633.421897969964 -16 -7.302301809358 0.056611229801 -20.286565340751 0.195523874000 -2.110591533577 0.000440458798 -8.378947574855 0.069441187111
104 53 1633.421896289975 -15 -7.302365674037 0.056612805375 -20.288184303469 0.195540355110 -2.110750309388 0.000442742060 -8.379564638354 0.069449459602
105 53 1633.421896237800 -13 -7.302382025287 0.056613133078 -20.288561350256 0.195544309569 -2.110760083181 0.000442880198 -8.379647614686 0.069450611974
106 54 1633.421896236236 -12 -7.302387067627 0.056613221015 -20.288628472700 0.195545015279 -2.110761701207 0.000442903757 -8.379660851044 0.069450799867
107 54 1633.421896236193 -9 -7.302388738168 0.056613247176 -20.288635845131 0.195545085534 -2.110762628999 0.000442916781 -8.379663877405 0.069450842331
108 55 1633.421896236192 -7 -7.302388568491 0.056613244914 -20.288636941046 0.195545098579 -2.110762518883 0.000442915266 -8.379663712594 0.069450840320
