# Powell
# iter -2*LL p12 p13 p21 p23
1 1 3867.019331760396 0 -8.297021000000 0.077644700000 -13.239564600000 0.119553300000 -0.620198300000 -0.011090800000 -9.649341000000 0.096723400000
2 2 3179.029053392970 1 -8.950207334881 0.077683112868 -16.399891680548 0.118930931983 -1.268011097848 -0.009155896332 -10.990702201320 0.096578406550
3 2 3082.054927333407 1 -9.167492416156 0.077886328339 -14.985675912472 0.118678616174 -1.950044844124 -0.008926413528 -11.182009788779 0.096500974709
4 3 3040.109280918664 2 -9.658126620994 0.077940275886 -14.859122395152 0.118404282018 -2.243828934651 -0.008875377251 -11.226582532833 0.096426185944
5 3 3040.068178193469 2 -9.653830766434 0.077860572460 -14.873206569034 0.118139268437 -2.231113827904 -0.008867287641 -11.217226384335 0.096420487875
6 4 3039.662022737563 2 -9.697631545111 0.078606133456 -14.112684435894 0.107893571581 -2.298720562299 -0.008490519904 -11.015055871095 0.094201955899
7 4 3039.380630939515 3 -9.704942269565 0.078749777175 -13.747745272943 0.103176572138 -2.290941423374 -0.008326711463 -10.919584279965 0.093116968985
8 5 3039.274608533666 3 -9.715585947418 0.078796621236 -13.365113735586 0.098064843089 -2.288320012457 -0.008179018930 -10.815813063666 0.091935124444
9 5 3039.272941886535 3 -9.714629645055 0.078798849336 -13.356068000034 0.097867610106 -2.286328256756 -0.008201610914 -10.811263349555 0.091888346909
10 6 3039.268224777673 4 -9.711563064391 0.078783139342 -13.290699314274 0.096841301411 -2.267080004690 -0.008492338002 -10.790300710730 0.091665953064
11 6 3039.263587122012 4 -9.707606521532 0.078726875245 -13.306811164266 0.097076022232 -2.251123703843 -0.008689223231 -10.795443269931 0.091720643423
12 7 3039.259357839214 4 -9.702532603122 0.078633656484 -13.325361797013 0.097407503640 -2.219765384685 -0.009106165380 -10.804089199506 0.091804767545
13 7 3039.259038923333 5 -9.703088859265 0.078642218904 -13.324595965900 0.097394438175 -2.219530018277 -0.009108760949 -10.804111242081 0.091805773270
14 8 3039.241164946905 5 -9.774802676408 0.079628225156 -13.223222784187 0.095870419467 -2.214164641328 -0.009182907042 -10.805809044916 0.091859301654
15 8 3039.239659571530 6 -9.779819201592 0.079688358793 -13.232425283278 0.096049153035 -2.220427596269 -0.009093542612 -10.811512432422 0.091918874944
16 9 3039.238963665275 6 -9.785748530879 0.079760672554 -13.253343481910 0.096375781095 -2.227724545517 -0.008980576483 -10.820664431165 0.092020340651
17 9 3039.238962122630 6 -9.785767518054 0.079760681025 -13.253205102204 0.096373836494 -2.227728991667 -0.008980668895 -10.820708923562 0.092020847986
18 10 3039.238830075929 7 -9.785988216505 0.079765558189 -13.236033008131 0.096151838000 -2.227842765586 -0.008980426923 -10.830678583920 0.092138310524
19 10 3039.238820386365 7 -9.785998672151 0.079764490403 -13.236661833838 0.096154695644 -2.227806132442 -0.008981066277 -10.831708538135 0.092150084959
20 11 3039.238819171961 8 -9.785827000261 0.079762141927 -13.237012448119 0.096158281755 -2.227759107958 -0.008981354339 -10.831902022222 0.092152841549
21 11 3039.238819022993 8 -9.785773399091 0.079761455570 -13.237125702322 0.096159383727 -2.227739462759 -0.008981455825 -10.831967597436 0.092153757097
22 12 3039.238818998225 9 -9.785741103456 0.079761044062 -13.237194232731 0.096160055055 -2.227727182596 -0.008981517442 -10.832008748756 0.092154324643
23 12 3039.238818998219 9 -9.785741103456 0.079761044062 -13.237194232729 0.096160055055 -2.227727182599 -0.008981517442 -10.832008748755 0.092154322960
