# ATFgali.txt
#IMaCh version 0.99r45, April 2023,INED-EUROREVES-Institut de longevite-Japan Society for the Promotion of Science (Grant-in-Aid for Scientific Research 25293121), Intel Software 2015-2020, Nihon University 2021-202, INED 2000-2022
#$Revision: 1.353 $ $Date: 2023/05/08 18:48:22 $
# Tue Feb 04 20:24:32 2025

#****** ******
# (a) Life expectancies by health status at initial age and (b) health expectancies by health status at initial age
# Age e11  e12  e1.  e21  e22  e2. 
 50  27.7107   7.9122  35.6229  24.4320  10.2040  34.6360
 51  26.8393   7.8231  34.6624  23.4892  10.1247  33.6139
 52  25.9763   7.7299  33.7062  22.5554  10.0388  32.5942
 53  25.1224   7.6324  32.7549  21.6313   9.9462  31.5776
 54  24.2781   7.5307  31.8088  20.7180   9.8466  30.5646
 55  23.4437   7.4246  30.8684  19.8161   9.7399  29.5559
 56  22.6200   7.3142  29.9341  18.9267   9.6258  28.5525
 57  21.8073   7.1993  29.0066  18.0506   9.5044  27.5551
 58  21.0062   7.0801  28.0863  17.1890   9.3756  26.5645
 59  20.2174   6.9564  27.1738  16.3427   9.2392  25.5819
 60  19.4413   6.8283  26.2696  15.5127   9.0954  24.6081
 61  18.6784   6.6960  25.3744  14.7000   8.9443  23.6443
 62  17.9292   6.5594  24.4887  13.9056   8.7859  22.6915
 63  17.1944   6.4187  23.6131  13.1306   8.6204  21.7509
 64  16.4744   6.2740  22.7484  12.3757   8.4480  20.8237
 65  15.7696   6.1255  21.8950  11.6419   8.2691  19.9110
 66  15.0804   5.9733  21.0537  10.9301   8.0839  19.0139
 67  14.4074   5.8176  20.2250  10.2410   7.8928  18.1338
 68  13.7509   5.6587  19.4096   9.5754   7.6963  17.2717
 69  13.1112   5.4967  18.6080   8.9339   7.4948  16.4288
 70  12.4887   5.3321  17.8208   8.3172   7.2889  15.6061
 71  11.8836   5.1650  17.0485   7.7256   7.0792  14.8048
 72  11.2960   4.9957  16.2918   7.1596   6.8661  14.0257
 73  10.7263   4.8247  15.5510   6.6194   6.6505  13.2699
 74  10.1745   4.6521  14.8266   6.1052   6.4328  12.5380
 75   9.6406   4.4785  14.1191   5.6171   6.2138  11.8309
 76   9.1247   4.3041  13.4288   5.1551   5.9942  11.1493
 77   8.6268   4.1293  12.7560   4.7189   5.7746  10.4935
 78   8.1467   3.9545  12.1012   4.3083   5.5556   9.8640
 79   7.6844   3.7800  11.4644   3.9230   5.3381   9.2611
 80   7.2398   3.6063  10.8461   3.5625   5.1225   8.6850
 81   6.8125   3.4337  10.2462   3.2263   4.9095   8.1358
 82   6.4024   3.2627   9.6651   2.9136   4.6997   7.6133
 83   6.0092   3.0935   9.1027   2.6238   4.4936   7.1174
 84   5.6326   2.9267   8.5592   2.3561   4.2918   6.6478
 85   5.2723   2.7624   8.0347   2.1095   4.0946   6.2041
 86   4.9280   2.6012   7.5292   1.8833   3.9025   5.7858
 87   4.5994   2.4433   7.0427   1.6764   3.7160   5.3923
 88   4.2862   2.2890   6.5752   1.4878   3.5351   5.0230
 89   3.9879   2.1388   6.1268   1.3166   3.3603   4.6770
 90   3.7044   1.9930   5.6974   1.1617   3.1917   4.3535
