# Powell
# iter -2*LL p12 p13 p21 p23
1 1 1882.447681188679 0 -5.661066300000 0.045397800000 -17.238692300000 0.163108400000 0.425161700000 -0.025330200000 -8.336972600000 0.078277100000
2 2 1776.045198906562 0 -6.105337736304 0.045364424560 -18.741273781136 0.163193727840 -0.147954182172 -0.025128259079 -9.085610552411 0.078260224749
3 2 1768.226273918475 0 -6.264761545225 0.045363583756 -18.157880662230 0.163228297574 -0.305349929002 -0.025056032643 -9.171310479684 0.078244184559
4 3 1767.657005546729 0 -6.327781322391 0.045329551648 -18.090983418118 0.163246826750 -0.343374278710 -0.024982678806 -9.186566040859 0.078226812617
5 3 1767.653637613786 0 -6.326778048038 0.045315251849 -18.092432713113 0.163259349254 -0.347434628600 -0.024923479980 -9.185302281672 0.078226565613
6 4 1767.586682079573 1 -6.289164337166 0.044791401230 -18.126943266475 0.163766246235 -0.511915278890 -0.022632604954 -9.139308719201 0.077658083125
7 4 1767.586316447009 1 -6.288253401033 0.044776924118 -18.128665159807 0.163785870367 -0.511393104421 -0.022644408826 -9.138826284480 0.077651495089
8 5 1767.575603967724 2 -6.226594604212 0.043912241098 -18.234239503265 0.165029475481 -0.474515550829 -0.023160385597 -9.106675921108 0.077251443064
9 5 1767.575291124269 2 -6.225065207753 0.043880519662 -18.232151671226 0.165089875903 -0.473569528013 -0.023174768587 -9.106155686175 0.077231981618
10 6 1767.575228789022 3 -6.224542729681 0.043870659745 -18.236380759238 0.165177313903 -0.473111043267 -0.023183500067 -9.104365402879 0.077204619816
11 6 1767.574892477697 3 -6.224333131020 0.043861679181 -18.260807329838 0.165521384409 -0.472461294962 -0.023199502546 -9.095182721019 0.077084608223
12 7 1767.574368196054 3 -6.224420224839 0.043864280777 -18.302986955483 0.166069621860 -0.472120536660 -0.023203139823 -9.078993726862 0.076881642181
13 7 1767.573214645882 4 -6.228132821337 0.043925592132 -18.393208599495 0.167128667790 -0.473393043364 -0.023176499358 -9.044922626613 0.076471504329
14 8 1767.572958346239 4 -6.229701357085 0.043950486711 -18.393354615302 0.167089864129 -0.473681532654 -0.023169242682 -9.045203569487 0.076481083745
15 8 1767.572823986597 4 -6.231406317213 0.043971635388 -18.397464660787 0.167088033986 -0.474549135540 -0.023160619253 -9.044228408005 0.076475920051
16 9 1767.572822040487 5 -6.231026061787 0.043966740492 -18.398284240232 0.167097041240 -0.474407492905 -0.023162242162 -9.044091365437 0.076474390949
17 9 1767.572762160179 5 -6.232272226574 0.043984856718 -18.398279389063 0.167097638161 -0.475577833878 -0.023145066720 -9.055146502498 0.076611655569
18 10 1767.572729967882 6 -6.231518892547 0.043974069265 -18.413592182931 0.167284176440 -0.475504286505 -0.023146653386 -9.053739574568 0.076594545718
19 10 1767.572723162668 6 -6.230985089869 0.043966524793 -18.424632500203 0.167418571801 -0.475321243733 -0.023149492352 -9.052734122345 0.076582350674
20 11 1767.572723162465 7 -6.230987378888 0.043966553622 -18.424637041315 0.167418565586 -0.475320931454 -0.023149500766 -9.052733249370 0.076582347954
