# ATFgali.txt
#IMaCh version 0.99r45, April 2023,INED-EUROREVES-Institut de longevite-Japan Society for the Promotion of Science (Grant-in-Aid for Scientific Research 25293121), Intel Software 2015-2020, Nihon University 2021-202, INED 2000-2022
#$Revision: 1.353 $ $Date: 2023/05/08 18:48:22 $
# Tue Feb 04 20:24:32 2025
# probabilities of dying before estepm=6 months for people of exact age and weighted probabilities w1*p1j+w2*p2j+... stand dev in()
# Selected quantitative variables and dummies
# Age cov=1 p.3 SE w1 p13 w2 p23
 50 1   4.083e-004  2.302e-004  9.177e-001  4.227e-005   8.234e-002  4.487e-003 
 51 1   4.681e-004  2.544e-004  9.131e-001  4.994e-005   8.692e-002  4.860e-003 
 52 1   5.364e-004  2.771e-004  9.083e-001  5.899e-005   9.170e-002  5.264e-003 
 53 1   6.144e-004  3.092e-004  9.033e-001  6.968e-005   9.673e-002  5.701e-003 
 54 1   7.036e-004  3.401e-004  8.981e-001  8.231e-005   1.020e-001  6.174e-003 
 55 1   8.053e-004  3.735e-004  8.926e-001  9.722e-005   1.075e-001  6.685e-003 
 56 1   9.213e-004  4.095e-004  8.868e-001  1.148e-004   1.132e-001  7.238e-003 
 57 1   1.054e-003  4.482e-004  8.808e-001  1.356e-004   1.192e-001  7.835e-003 
 58 1   1.204e-003  4.896e-004  8.746e-001  1.601e-004   1.255e-001  8.481e-003 
 59 1   1.376e-003  5.338e-004  8.681e-001  1.891e-004   1.320e-001  9.179e-003 
 60 1   1.571e-003  5.809e-004  8.613e-001  2.233e-004   1.387e-001  9.933e-003 
 61 1   1.792e-003  6.307e-004  8.543e-001  2.637e-004   1.458e-001  1.075e-002 
 62 1   2.044e-003  6.835e-004  8.470e-001  3.113e-004   1.531e-001  1.163e-002 
 63 1   2.329e-003  7.391e-004  8.395e-001  3.676e-004   1.606e-001  1.258e-002 
 64 1   2.653e-003  8.005e-004  8.316e-001  4.340e-004   1.684e-001  1.360e-002 
 65 1   3.019e-003  8.586e-004  8.235e-001  5.123e-004   1.765e-001  1.471e-002 
 66 1   3.434e-003  9.224e-004  8.152e-001  6.047e-004   1.849e-001  1.591e-002 
 67 1   3.904e-003  9.890e-004  8.066e-001  7.137e-004   1.935e-001  1.720e-002 
 68 1   4.434e-003  1.060e-003  7.978e-001  8.423e-004   2.024e-001  1.859e-002 
 69 1   5.032e-003  1.130e-003  7.887e-001  9.940e-004   2.114e-001  2.009e-002 
 70 1   5.707e-003  1.206e-003  7.794e-001  1.173e-003   2.208e-001  2.171e-002 
 71 1   6.467e-003  1.285e-003  7.698e-001  1.384e-003   2.303e-001  2.346e-002 
 72 1   7.323e-003  1.368e-003  7.601e-001  1.632e-003   2.401e-001  2.534e-002 
 73 1   8.286e-003  1.457e-003  7.501e-001  1.925e-003   2.500e-001  2.736e-002 
 74 1   9.367e-003  1.553e-003  7.400e-001  2.271e-003   2.602e-001  2.954e-002 
 75 1   1.058e-002  1.660e-003  7.297e-001  2.678e-003   2.705e-001  3.189e-002 
 76 1   1.194e-002  1.780e-003  7.192e-001  3.157e-003   2.810e-001  3.442e-002 
 77 1   1.347e-002  1.919e-003  7.086e-001  3.722e-003   2.916e-001  3.713e-002 
 78 1   1.517e-002  2.082e-003  6.978e-001  4.386e-003   3.024e-001  4.006e-002 
 79 1   1.708e-002  2.278e-003  6.869e-001  5.168e-003   3.132e-001  4.319e-002 
 80 1   1.921e-002  2.517e-003  6.759e-001  6.088e-003   3.242e-001  4.656e-002 
 81 1   2.160e-002  2.812e-003  6.648e-001  7.170e-003   3.354e-001  5.018e-002 
 82 1   2.425e-002  3.386e-003  6.536e-001  8.441e-003   3.466e-001  5.406e-002 
 83 1   2.722e-002  3.627e-003  6.423e-001  9.934e-003   3.579e-001  5.822e-002 
 84 1   3.052e-002  4.186e-003  6.310e-001  1.169e-002   3.693e-001  6.268e-002 
 85 1   3.419e-002  4.877e-003  6.195e-001  1.374e-002   3.807e-001  6.745e-002 
 86 1   3.828e-002  5.728e-003  6.079e-001  1.615e-002   3.923e-001  7.255e-002 
 87 1   4.283e-002  6.772e-003  5.962e-001  1.897e-002   4.040e-001  7.800e-002 
 88 1   4.788e-002  8.213e-003  5.844e-001  2.227e-002   4.159e-001  8.383e-002 
 89 1   5.348e-002  9.595e-003  5.724e-001  2.613e-002   4.279e-001  9.004e-002 
 90 1   5.969e-002  1.146e-002  5.601e-001  3.062e-002   4.401e-001  9.666e-002 
