# ATFgali.txt
#IMaCh version 0.99r45, April 2023,INED-EUROREVES-Institut de longevite-Japan Society for the Promotion of Science (Grant-in-Aid for Scientific Research 25293121), Intel Software 2015-2020, Nihon University 2021-202, INED 2000-2022
#$Revision: 1.353 $ $Date: 2023/05/08 18:48:22 $
# Tue Feb 04 20:24:32 2025
#One-step probabilities and stand. devi in ()
# Age p1-1 (SE) p1-2 (SE) p1-3 (SE) p2-1 (SE) p2-2 (SE) p2-3 (SE)
50  9.825e-001 ( 3.441e-003)  1.742e-002 ( 3.447e-003)  4.227e-005 ( 7.424e-005)  1.627e-001 ( 3.291e-002)  8.328e-001 ( 3.295e-002)  4.487e-003 ( 2.786e-003) 
51  9.818e-001 ( 3.447e-003)  1.819e-002 ( 3.454e-003)  4.994e-005 ( 8.510e-005)  1.595e-001 ( 3.119e-002)  8.356e-001 ( 3.125e-002)  4.860e-003 ( 2.927e-003) 
52  9.810e-001 ( 3.448e-003)  1.899e-002 ( 3.456e-003)  5.899e-005 ( 9.746e-005)  1.564e-001 ( 2.953e-002)  8.383e-001 ( 2.960e-002)  5.264e-003 ( 3.072e-003) 
53  9.801e-001 ( 3.445e-003)  1.982e-002 ( 3.453e-003)  6.968e-005 ( 1.115e-004)  1.533e-001 ( 2.793e-002)  8.410e-001 ( 2.803e-002)  5.701e-003 ( 3.221e-003) 
54  9.792e-001 ( 3.436e-003)  2.070e-002 ( 3.446e-003)  8.231e-005 ( 1.274e-004)  1.502e-001 ( 2.639e-002)  8.436e-001 ( 2.651e-002)  6.174e-003 ( 3.374e-003) 
55  9.783e-001 ( 3.423e-003)  2.161e-002 ( 3.434e-003)  9.722e-005 ( 1.455e-004)  1.472e-001 ( 2.491e-002)  8.461e-001 ( 2.506e-002)  6.685e-003 ( 3.530e-003) 
56  9.773e-001 ( 3.406e-003)  2.256e-002 ( 3.418e-003)  1.148e-004 ( 1.659e-004)  1.443e-001 ( 2.349e-002)  8.485e-001 ( 2.367e-002)  7.238e-003 ( 3.688e-003) 
57  9.763e-001 ( 3.384e-003)  2.354e-002 ( 3.397e-003)  1.356e-004 ( 1.890e-004)  1.414e-001 ( 2.214e-002)  8.508e-001 ( 2.236e-002)  7.835e-003 ( 3.849e-003) 
58  9.753e-001 ( 3.358e-003)  2.458e-002 ( 3.372e-003)  1.601e-004 ( 2.150e-004)  1.385e-001 ( 2.085e-002)  8.530e-001 ( 2.112e-002)  8.481e-003 ( 4.012e-003) 
59  9.742e-001 ( 3.329e-003)  2.565e-002 ( 3.345e-003)  1.891e-004 ( 2.443e-004)  1.357e-001 ( 1.963e-002)  8.552e-001 ( 1.995e-002)  9.179e-003 ( 4.176e-003) 
60  9.730e-001 ( 3.298e-003)  2.677e-002 ( 3.315e-003)  2.233e-004 ( 2.771e-004)  1.329e-001 ( 1.849e-002)  8.572e-001 ( 1.886e-002)  9.933e-003 ( 4.340e-003) 
61  9.718e-001 ( 3.267e-003)  2.794e-002 ( 3.285e-003)  2.637e-004 ( 3.138e-004)  1.301e-001 ( 1.742e-002)  8.591e-001 ( 1.784e-002)  1.075e-002 ( 4.504e-003) 
62  9.705e-001 ( 3.237e-003)  2.916e-002 ( 3.255e-003)  3.113e-004 ( 3.549e-004)  1.274e-001 ( 1.642e-002)  8.610e-001 ( 1.691e-002)  1.163e-002 ( 4.667e-003) 
63  9.692e-001 ( 3.210e-003)  3.043e-002 ( 3.229e-003)  3.676e-004 ( 4.006e-004)  1.247e-001 ( 1.551e-002)  8.627e-001 ( 1.607e-002)  1.258e-002 ( 4.827e-003) 
64  9.678e-001 ( 3.190e-003)  3.175e-002 ( 3.208e-003)  4.340e-004 ( 4.513e-004)  1.221e-001 ( 1.468e-002)  8.643e-001 ( 1.532e-002)  1.360e-002 ( 4.985e-003) 
65  9.664e-001 ( 3.180e-003)  3.313e-002 ( 3.198e-003)  5.123e-004 ( 5.075e-004)  1.195e-001 ( 1.394e-002)  8.658e-001 ( 1.465e-002)  1.471e-002 ( 5.138e-003) 
66  9.648e-001 ( 3.185e-003)  3.456e-002 ( 3.200e-003)  6.047e-004 ( 5.695e-004)  1.170e-001 ( 1.329e-002)  8.671e-001 ( 1.408e-002)  1.591e-002 ( 5.287e-003) 
67  9.632e-001 ( 3.208e-003)  3.606e-002 ( 3.221e-003)  7.137e-004 ( 6.377e-004)  1.145e-001 ( 1.273e-002)  8.683e-001 ( 1.360e-002)  1.720e-002 ( 5.430e-003) 
68  9.615e-001 ( 3.257e-003)  3.761e-002 ( 3.266e-003)  8.423e-004 ( 7.125e-004)  1.120e-001 ( 1.226e-002)  8.694e-001 ( 1.321e-002)  1.859e-002 ( 5.567e-003) 
69  9.598e-001 ( 3.335e-003)  3.923e-002 ( 3.340e-003)  9.940e-004 ( 7.941e-004)  1.095e-001 ( 1.189e-002)  8.704e-001 ( 1.291e-002)  2.009e-002 ( 5.697e-003) 
70  9.579e-001 ( 3.448e-003)  4.091e-002 ( 3.448e-003)  1.173e-003 ( 8.830e-004)  1.071e-001 ( 1.161e-002)  8.712e-001 ( 1.270e-002)  2.171e-002 ( 5.821e-003) 
71  9.560e-001 ( 3.600e-003)  4.266e-002 ( 3.596e-003)  1.384e-003 ( 9.795e-004)  1.048e-001 ( 1.141e-002)  8.718e-001 ( 1.256e-002)  2.346e-002 ( 5.940e-003) 
72  9.539e-001 ( 3.796e-003)  4.448e-002 ( 3.788e-003)  1.632e-003 ( 1.084e-003)  1.024e-001 ( 1.130e-002)  8.723e-001 ( 1.250e-002)  2.534e-002 ( 6.055e-003) 
73  9.517e-001 ( 4.037e-003)  4.638e-002 ( 4.027e-003)  1.925e-003 ( 1.197e-003)  1.001e-001 ( 1.126e-002)  8.725e-001 ( 1.251e-002)  2.736e-002 ( 6.169e-003) 
74  9.494e-001 ( 4.326e-003)  4.834e-002 ( 4.316e-003)  2.271e-003 ( 1.320e-003)  9.782e-002 ( 1.128e-002)  8.726e-001 ( 1.257e-002)  2.954e-002 ( 6.288e-003) 
75  9.469e-001 ( 4.663e-003)  5.039e-002 ( 4.657e-003)  2.678e-003 ( 1.455e-003)  9.557e-002 ( 1.136e-002)  8.725e-001 ( 1.270e-002)  3.189e-002 ( 6.417e-003) 
76  9.443e-001 ( 5.048e-003)  5.251e-002 ( 5.050e-003)  3.157e-003 ( 1.604e-003)  9.335e-002 ( 1.149e-002)  8.722e-001 ( 1.287e-002)  3.442e-002 ( 6.567e-003) 
77  9.416e-001 ( 5.483e-003)  5.471e-002 ( 5.496e-003)  3.722e-003 ( 1.772e-003)  9.116e-002 ( 1.166e-002)  8.717e-001 ( 1.309e-002)  3.713e-002 ( 6.750e-003) 
78  9.386e-001 ( 5.968e-003)  5.699e-002 ( 5.996e-003)  4.386e-003 ( 1.967e-003)  8.900e-002 ( 1.185e-002)  8.709e-001 ( 1.337e-002)  4.006e-002 ( 6.983e-003) 
79  9.355e-001 ( 6.503e-003)  5.935e-002 ( 6.550e-003)  5.168e-003 ( 2.199e-003)  8.686e-002 ( 1.207e-002)  8.699e-001 ( 1.369e-002)  4.319e-002 ( 7.284e-003) 
80  9.321e-001 ( 7.093e-003)  6.179e-002 ( 7.159e-003)  6.088e-003 ( 2.487e-003)  8.475e-002 ( 1.231e-002)  8.687e-001 ( 1.408e-002)  4.656e-002 ( 7.675e-003) 
81  9.285e-001 ( 7.743e-003)  6.432e-002 ( 7.823e-003)  7.170e-003 ( 2.852e-003)  8.266e-002 ( 1.255e-002)  8.672e-001 ( 1.453e-002)  5.018e-002 ( 8.181e-003) 
82  9.246e-001 ( 8.460e-003)  6.693e-002 ( 8.543e-003)  8.441e-003 ( 3.325e-003)  8.060e-002 ( 1.280e-002)  8.653e-001 ( 1.506e-002)  5.406e-002 ( 8.824e-003) 
83  9.204e-001 ( 9.259e-003)  6.962e-002 ( 9.319e-003)  9.934e-003 ( 3.946e-003)  7.857e-002 ( 1.304e-002)  8.632e-001 ( 1.568e-002)  5.822e-002 ( 9.628e-003) 
84  9.159e-001 ( 1.016e-002)  7.239e-002 ( 1.015e-002)  1.169e-002 ( 4.759e-003)  7.655e-002 ( 1.329e-002)  8.608e-001 ( 1.642e-002)  6.268e-002 ( 1.061e-002) 
85  9.110e-001 ( 1.120e-002)  7.524e-002 ( 1.105e-002)  1.374e-002 ( 5.820e-003)  7.456e-002 ( 1.352e-002)  8.580e-001 ( 1.729e-002)  6.745e-002 ( 1.180e-002) 
86  9.057e-001 ( 1.240e-002)  7.817e-002 ( 1.200e-002)  1.615e-002 ( 7.190e-003)  7.259e-002 ( 1.375e-002)  8.549e-001 ( 1.833e-002)  7.255e-002 ( 1.320e-002) 
87  8.999e-001 ( 1.385e-002)  8.115e-002 ( 1.301e-002)  1.897e-002 ( 8.942e-003)  7.063e-002 ( 1.396e-002)  8.514e-001 ( 1.954e-002)  7.800e-002 ( 1.483e-002) 
88  8.935e-001 ( 1.559e-002)  8.420e-002 ( 1.409e-002)  2.227e-002 ( 1.116e-002)  6.870e-002 ( 1.415e-002)  8.475e-001 ( 2.096e-002)  8.383e-002 ( 1.670e-002) 
89  8.866e-001 ( 1.774e-002)  8.730e-002 ( 1.524e-002)  2.613e-002 ( 1.394e-002)  6.679e-002 ( 1.434e-002)  8.432e-001 ( 2.261e-002)  9.004e-002 ( 1.883e-002) 
90  8.789e-001 ( 2.040e-002)  9.044e-002 ( 1.646e-002)  3.062e-002 ( 1.740e-002)  6.489e-002 ( 1.450e-002)  8.384e-001 ( 2.451e-002)  9.666e-002 ( 2.123e-002) 