# ATFgali.txt
#IMaCh version 0.99r45, April 2023,INED-EUROREVES-Institut de longevite-Japan Society for the Promotion of Science (Grant-in-Aid for Scientific Research 25293121), Intel Software 2015-2020, Nihon University 2021-202, INED 2000-2022
#$Revision: 1.353 $ $Date: 2023/05/08 18:48:22 $
# Tue Feb 04 20:24:32 2025
#One-step probabilities and covariance matrix
# Age p1-1  p1-2  p1-3  p2-1  p2-2  p2-3 
50  9.825e-001  1.742e-002  4.227e-005  1.627e-001  8.328e-001  4.487e-003 
50 1-1  1.184e-005
50 1-2 -1.186e-005  1.188e-005
50 1-3  1.801e-008 -2.352e-008  5.511e-009
50 2-1 -3.203e-005  3.202e-005  6.271e-009  1.083e-003
50 2-2  3.232e-005 -3.238e-005  6.339e-008 -1.080e-003  1.086e-003
50 2-3 -2.920e-007  3.617e-007 -6.966e-008 -2.549e-006 -5.212e-006  7.761e-006
51  9.818e-001  1.819e-002  4.994e-005  1.595e-001  8.356e-001  4.860e-003 
51 1-1  1.188e-005
51 1-2 -1.190e-005  1.193e-005
51 1-3  1.994e-008 -2.719e-008  7.241e-009
51 2-1 -3.047e-005  3.046e-005  7.150e-009  9.727e-004
51 2-2  3.077e-005 -3.085e-005  7.690e-008 -9.702e-004  9.763e-004
51 2-3 -3.017e-007  3.857e-007 -8.405e-008 -2.503e-006 -6.063e-006  8.567e-006
52  9.810e-001  1.899e-002  5.899e-005  1.564e-001  8.383e-001  5.264e-003 
52 1-1  1.189e-005
52 1-2 -1.191e-005  1.194e-005
52 1-3  2.188e-008 -3.137e-008  9.498e-009
52 2-1 -2.893e-005  2.892e-005  8.201e-009  8.719e-004
52 2-2  2.924e-005 -2.933e-005  9.302e-008 -8.695e-004  8.764e-004
52 2-3 -3.094e-007  4.106e-007 -1.012e-007 -2.466e-006 -6.972e-006  9.438e-006
53  9.801e-001  1.982e-002  6.968e-005  1.533e-001  8.410e-001  5.701e-003 
53 1-1  1.186e-005
53 1-2 -1.189e-005  1.192e-005
53 1-3  2.372e-008 -3.615e-008  1.243e-008
53 2-1 -2.740e-005  2.739e-005  9.463e-009  7.799e-004
53 2-2  2.771e-005 -2.783e-005  1.122e-007 -7.775e-004  7.854e-004
53 2-3 -3.147e-007  4.364e-007 -1.217e-007 -2.438e-006 -7.938e-006  1.038e-005
54  9.792e-001  2.070e-002  8.231e-005  1.502e-001  8.436e-001  6.174e-003 
54 1-1  1.181e-005
54 1-2 -1.183e-005  1.187e-005
54 1-3  2.536e-008 -4.160e-008  1.624e-008
54 2-1 -2.590e-005  2.589e-005  1.098e-008  6.962e-004
54 2-2  2.621e-005 -2.635e-005  1.350e-007 -6.938e-004  7.028e-004
54 2-3 -3.171e-007  4.630e-007 -1.460e-007 -2.420e-006 -8.963e-006  1.138e-005
55  9.783e-001  2.161e-002  9.722e-005  1.472e-001  8.461e-001  6.685e-003 
55 1-1  1.172e-005
55 1-2 -1.174e-005  1.179e-005
55 1-3  2.662e-008 -4.779e-008  2.117e-008
55 2-1 -2.443e-005  2.442e-005  1.281e-008  6.203e-004
55 2-2  2.474e-005 -2.491e-005  1.619e-007 -6.179e-004  6.279e-004
55 2-3 -3.158e-007  4.906e-007 -1.747e-007 -2.413e-006 -1.005e-005  1.246e-005
56  9.773e-001  2.256e-002  1.148e-004  1.443e-001  8.485e-001  7.238e-003 
56 1-1  1.160e-005
56 1-2 -1.163e-005  1.168e-005
56 1-3  2.730e-008 -5.484e-008  2.754e-008
56 2-1 -2.300e-005  2.298e-005  1.501e-008  5.517e-004
56 2-2  2.331e-005 -2.350e-005  1.937e-007 -5.493e-004  5.605e-004
56 2-3 -3.104e-007  5.191e-007 -2.087e-007 -2.418e-006 -1.119e-005  1.360e-005
57  9.763e-001  2.354e-002  1.356e-004  1.414e-001  8.508e-001  7.835e-003 
57 1-1  1.145e-005
57 1-2 -1.148e-005  1.154e-005
57 1-3  2.711e-008 -6.284e-008  3.572e-008
57 2-1 -2.162e-005  2.160e-005  1.767e-008  4.900e-004
57 2-2  2.192e-005 -2.215e-005  2.310e-007 -4.876e-004  5.000e-004
57 2-3 -3.000e-007  5.487e-007 -2.487e-007 -2.435e-006 -1.238e-005  1.482e-005
58  9.753e-001  2.458e-002  1.601e-004  1.385e-001  8.530e-001  8.481e-003 
58 1-1  1.128e-005
58 1-2 -1.130e-005  1.137e-005
58 1-3  2.569e-008 -7.192e-008  4.623e-008
58 2-1 -2.029e-005  2.027e-005  2.088e-008  4.347e-004
58 2-2  2.057e-005 -2.085e-005  2.748e-007 -4.323e-004  4.459e-004
58 2-3 -2.840e-007  5.797e-007 -2.956e-007 -2.465e-006 -1.363e-005  1.610e-005
59  9.742e-001  2.565e-002  1.891e-004  1.357e-001  8.552e-001  9.179e-003 
59 1-1  1.108e-005
59 1-2 -1.111e-005  1.119e-005
59 1-3  2.259e-008 -8.225e-008  5.966e-008
59 2-1 -1.903e-005  1.900e-005  2.475e-008  3.855e-004
59 2-2  1.929e-005 -1.962e-005  3.258e-007 -3.830e-004  3.979e-004
59 2-3 -2.616e-007  6.121e-007 -3.505e-007 -2.508e-006 -1.493e-005  1.744e-005
60  9.730e-001  2.677e-002  2.233e-004  1.329e-001  8.572e-001  9.933e-003 
60 1-1  1.088e-005
60 1-2 -1.090e-005  1.099e-005
60 1-3  1.723e-008 -9.400e-008  7.677e-008
60 2-1 -1.784e-005  1.781e-005  2.941e-008  3.418e-004
60 2-2  1.807e-005 -1.846e-005  3.851e-007 -3.392e-004  3.555e-004
60 2-3 -2.321e-007  6.465e-007 -4.145e-007 -2.564e-006 -1.627e-005  1.884e-005
61  9.718e-001  2.794e-002  2.637e-004  1.301e-001  8.591e-001  1.075e-002 
61 1-1  1.067e-005
61 1-2 -1.068e-005  1.079e-005
61 1-3  8.908e-009 -1.074e-007  9.849e-008
61 2-1 -1.673e-005  1.670e-005  3.501e-008  3.034e-004
61 2-2  1.693e-005 -1.738e-005  4.536e-007 -3.007e-004  3.184e-004
61 2-3 -1.948e-007  6.834e-007 -4.886e-007 -2.633e-006 -1.765e-005  2.029e-005
62  9.705e-001  2.916e-002  3.113e-004  1.274e-001  8.610e-001  1.163e-002 
62 1-1  1.048e-005
62 1-2 -1.047e-005  1.060e-005
62 1-3 -3.215e-009 -1.227e-007  1.259e-007
62 2-1 -1.572e-005  1.568e-005  4.175e-008  2.697e-004
62 2-2  1.587e-005 -1.640e-005  5.326e-007 -2.670e-004  2.861e-004
62 2-3 -1.492e-007  7.235e-007 -5.743e-007 -2.714e-006 -1.906e-005  2.178e-005
63  9.692e-001  3.043e-002  3.676e-004  1.247e-001  8.627e-001  1.258e-002 
63 1-1  1.030e-005
63 1-2 -1.028e-005  1.042e-005
63 1-3 -2.014e-008 -1.403e-007  1.605e-007
63 2-1 -1.481e-005  1.476e-005  4.982e-008  2.406e-004
63 2-2  1.490e-005 -1.553e-005  6.230e-007 -2.378e-004  2.583e-004
63 2-3 -9.482e-008  7.677e-007 -6.729e-007 -2.807e-006 -2.050e-005  2.330e-005
64  9.678e-001  3.175e-002  4.340e-004  1.221e-001  8.643e-001  1.360e-002 
64 1-1  1.018e-005
64 1-2 -1.013e-005  1.029e-005
64 1-3 -4.305e-008 -1.607e-007  2.037e-007
64 2-1 -1.401e-005  1.395e-005  5.950e-008  2.156e-004
64 2-2  1.404e-005 -1.477e-005  7.261e-007 -2.127e-004  2.346e-004
64 2-3 -3.163e-008  8.173e-007 -7.856e-007 -2.912e-006 -2.194e-005  2.485e-005
65  9.664e-001  3.313e-002  5.123e-004  1.195e-001  8.658e-001  1.471e-002 
65 1-1  1.011e-005
65 1-2 -1.004e-005  1.022e-005
65 1-3 -7.326e-008 -1.843e-007  2.576e-007
65 2-1 -1.333e-005  1.326e-005  7.109e-008  1.944e-004
65 2-2  1.329e-005 -1.414e-005  8.429e-007 -1.913e-004  2.147e-004
65 2-3  4.021e-008  8.738e-007 -9.140e-007 -3.027e-006 -2.338e-005  2.640e-005
66  9.648e-001  3.456e-002  6.047e-004  1.170e-001  8.671e-001  1.591e-002 
66 1-1  1.014e-005
66 1-2 -1.003e-005  1.024e-005
66 1-3 -1.123e-007 -2.121e-007  3.244e-007
66 2-1 -1.279e-005  1.270e-005  8.495e-008  1.766e-004
66 2-2  1.267e-005 -1.364e-005  9.745e-007 -1.735e-004  1.983e-004
66 2-3  1.201e-007  9.394e-007 -1.059e-006 -3.151e-006 -2.480e-005  2.795e-005
67  9.632e-001  3.606e-002  7.137e-004  1.145e-001  8.683e-001  1.720e-002 
67 1-1  1.029e-005
67 1-2 -1.013e-005  1.038e-005
67 1-3 -1.616e-007 -2.451e-007  4.067e-007
67 2-1 -1.239e-005  1.229e-005  1.015e-007  1.621e-004
67 2-2  1.218e-005 -1.331e-005  1.122e-006 -1.588e-004  1.850e-004
67 2-3  2.067e-007  1.017e-006 -1.223e-006 -3.282e-006 -2.620e-005  2.949e-005
68  9.615e-001  3.761e-002  8.423e-004  1.120e-001  8.694e-001  1.859e-002 
68 1-1  1.061e-005
68 1-2 -1.038e-005  1.067e-005
68 1-3 -2.229e-007 -2.847e-007  5.076e-007
68 2-1 -1.215e-005  1.203e-005  1.213e-007  1.504e-004
68 2-2  1.185e-005 -1.313e-005  1.285e-006 -1.470e-004  1.746e-004
68 2-3  2.981e-007  1.109e-006 -1.407e-006 -3.420e-006 -2.757e-005  3.099e-005
69  9.598e-001  3.923e-002  9.940e-004  1.095e-001  8.704e-001  2.009e-002 
69 1-1  1.112e-005
69 1-2 -1.082e-005  1.116e-005
69 1-3 -2.978e-007 -3.328e-007  6.306e-007
69 2-1 -1.207e-005  1.193e-005  1.450e-007  1.414e-004
69 2-2  1.168e-005 -1.315e-005  1.466e-006 -1.378e-004  1.667e-004
69 2-3  3.916e-007  1.219e-006 -1.611e-006 -3.564e-006 -2.890e-005  3.246e-005
70  9.579e-001  4.091e-002  1.173e-003  1.071e-001  8.712e-001  2.171e-002 
70 1-1  1.189e-005
70 1-2 -1.150e-005  1.189e-005
70 1-3 -3.877e-007 -3.920e-007  7.797e-007
70 2-1 -1.217e-005  1.200e-005  1.733e-007  1.348e-004
70 2-2  1.169e-005 -1.335e-005  1.664e-006 -1.311e-004  1.612e-004
70 2-3  4.834e-007  1.354e-006 -1.837e-006 -3.712e-006 -3.018e-005  3.389e-005
71  9.560e-001  4.266e-002  1.384e-003  1.048e-001  8.718e-001  2.346e-002 
71 1-1  1.296e-005
71 1-2 -1.247e-005  1.293e-005
71 1-3 -4.935e-007 -4.658e-007  9.594e-007
71 2-1 -1.246e-005  1.226e-005  2.072e-007  1.303e-004
71 2-2  1.190e-005 -1.378e-005  1.880e-006 -1.264e-004  1.578e-004
71 2-3  5.686e-007  1.519e-006 -2.087e-006 -3.864e-006 -3.142e-005  3.528e-005
72  9.539e-001  4.448e-002  1.632e-003  1.024e-001  8.723e-001  2.534e-002 
72 1-1  1.441e-005
72 1-2 -1.379e-005  1.435e-005
72 1-3 -6.161e-007 -5.590e-007  1.175e-006
72 2-1 -1.296e-005  1.271e-005  2.480e-007  1.277e-004
72 2-2  1.232e-005 -1.443e-005  2.114e-006 -1.236e-004  1.563e-004
72 2-3  6.415e-007  1.721e-006 -2.362e-006 -4.021e-006 -3.264e-005  3.666e-005
73  9.517e-001  4.638e-002  1.925e-003  1.001e-001  8.725e-001  2.736e-002 
73 1-1  1.630e-005
73 1-2 -1.554e-005  1.622e-005
73 1-3 -7.557e-007 -6.779e-007  1.434e-006
73 2-1 -1.366e-005  1.337e-005  2.972e-007  1.267e-004
73 2-2  1.297e-005 -1.533e-005  2.367e-006 -1.225e-004  1.564e-004
73 2-3  6.953e-007  1.969e-006 -2.665e-006 -4.184e-006 -3.388e-005  3.806e-005
74  9.494e-001  4.834e-002  2.271e-003  9.782e-002  8.726e-001  2.954e-002 
74 1-1  1.871e-005
74 1-2 -1.780e-005  1.863e-005
74 1-3 -9.121e-007 -8.315e-007  1.744e-006
74 2-1 -1.459e-005  1.424e-005  3.569e-007  1.273e-004
74 2-2  1.387e-005 -1.651e-005  2.641e-006 -1.229e-004  1.581e-004
74 2-3  7.228e-007  2.276e-006 -2.998e-006 -4.356e-006 -3.518e-005  3.954e-005
75  9.469e-001  5.039e-002  2.678e-003  9.557e-002  8.725e-001  3.189e-002 
75 1-1  2.174e-005
75 1-2 -2.065e-005  2.169e-005
75 1-3 -1.086e-006 -1.031e-006  2.117e-006
75 2-1 -1.576e-005  1.533e-005  4.296e-007  1.291e-004
75 2-2  1.505e-005 -1.799e-005  2.940e-006 -1.246e-004  1.612e-004
75 2-3  7.168e-007  2.653e-006 -3.370e-006 -4.542e-006 -3.664e-005  4.118e-005
76  9.443e-001  5.251e-002  3.157e-003  9.335e-002  8.722e-001  3.442e-002 
76 1-1  2.549e-005
76 1-2 -2.421e-005  2.550e-005
76 1-3 -1.279e-006 -1.294e-006  2.573e-006
76 2-1 -1.718e-005  1.666e-005  5.187e-007  1.320e-004
76 2-2  1.651e-005 -1.978e-005  3.270e-006 -1.273e-004  1.657e-004
76 2-3  6.719e-007  3.117e-006 -3.789e-006 -4.750e-006 -3.838e-005  4.313e-005
77  9.416e-001  5.471e-002  3.722e-003  9.116e-002  8.717e-001  3.713e-002 
77 1-1  3.006e-005
77 1-2 -2.856e-005  3.021e-005
77 1-3 -1.499e-006 -1.642e-006  3.141e-006
77 2-1 -1.886e-005  1.823e-005  6.288e-007  1.359e-004
77 2-2  1.827e-005 -2.192e-005  3.646e-006 -1.309e-004  1.715e-004
77 2-3  5.862e-007  3.689e-006 -4.275e-006 -4.991e-006 -4.058e-005  4.557e-005
78  9.386e-001  5.699e-002  4.386e-003  8.900e-002  8.709e-001  4.006e-002 
78 1-1  3.561e-005
78 1-2 -3.385e-005  3.595e-005
78 1-3 -1.764e-006 -2.104e-006  3.868e-006
78 2-1 -2.081e-005  2.004e-005  7.657e-007  1.405e-004
78 2-2  2.035e-005 -2.444e-005  4.089e-006 -1.352e-004  1.787e-004
78 2-3  4.642e-007  4.391e-006 -4.855e-006 -5.281e-006 -4.348e-005  4.876e-005
79  9.355e-001  5.935e-002  5.168e-003  8.686e-002  8.699e-001  4.319e-002 
79 1-1  4.229e-005
79 1-2 -4.018e-005  4.290e-005
79 1-3 -2.113e-006 -2.724e-006  4.837e-006
79 2-1 -2.305e-005  2.211e-005  9.374e-007  1.457e-004
79 2-2  2.273e-005 -2.737e-005  4.638e-006 -1.401e-004  1.875e-004
79 2-3  3.223e-007  5.253e-006 -5.575e-006 -5.642e-006 -4.741e-005  5.305e-005
80  9.321e-001  6.179e-002  6.088e-003  8.475e-002  8.687e-001  4.656e-002 
80 1-1  5.031e-005
80 1-2 -4.769e-005  5.125e-005
80 1-3 -2.624e-006 -3.559e-006  6.183e-006
80 2-1 -2.559e-005  2.444e-005  1.154e-006  1.514e-004
80 2-2  2.540e-005 -3.075e-005  5.350e-006 -1.453e-004  1.982e-004
80 2-3  1.952e-007  6.309e-006 -6.505e-006 -6.100e-006 -5.281e-005  5.891e-005
81  9.285e-001  6.432e-002  7.170e-003  8.266e-002  8.672e-001  5.018e-002 
81 1-1  5.995e-005
81 1-2 -5.651e-005  6.120e-005
81 1-3 -3.442e-006 -4.689e-006  8.131e-006
81 2-1 -2.845e-005  2.702e-005  1.431e-006  1.575e-004
81 2-2  2.831e-005 -3.463e-005  6.320e-006 -1.508e-004  2.110e-004
81 2-3  1.458e-007  7.605e-006 -7.750e-006 -6.692e-006 -6.023e-005  6.692e-005
82  9.246e-001  6.693e-002  8.441e-003  8.060e-002  8.653e-001  5.406e-002 
82 1-1  7.157e-005
82 1-2 -6.675e-005  7.297e-005
82 1-3 -4.828e-006 -6.229e-006  1.106e-005
82 2-1 -3.165e-005  2.986e-005  1.785e-006  1.638e-004
82 2-2  3.137e-005 -3.905e-005  7.686e-006 -1.563e-004  2.267e-004
82 2-3  2.793e-007  9.192e-006 -9.471e-006 -7.462e-006 -7.040e-005  7.787e-005
83  9.204e-001  6.962e-002  9.934e-003  7.857e-002  8.632e-001  5.822e-002 
83 1-1  8.574e-005
83 1-2 -7.851e-005  8.684e-005
83 1-3 -7.230e-006 -8.337e-006  1.557e-005
83 2-1 -3.520e-005  3.296e-005  2.242e-006  1.701e-004
83 2-2  3.444e-005 -4.410e-005  9.658e-006 -1.617e-004  2.459e-004
83 2-3  7.625e-007  1.114e-005 -1.190e-005 -8.468e-006 -8.424e-005  9.270e-005
84  9.159e-001  7.239e-002  1.169e-002  7.655e-002  8.608e-001  6.268e-002 
84 1-1  1.032e-004
84 1-2 -9.184e-005  1.031e-004
84 1-3 -1.141e-005 -1.124e-005  2.265e-005
84 2-1 -3.914e-005  3.630e-005  2.835e-006  1.765e-004
84 2-2  3.729e-005 -4.983e-005  1.254e-005 -1.667e-004  2.696e-004
84 2-3  1.850e-006  1.353e-005 -1.538e-005 -9.778e-006 -1.029e-004  1.127e-004
85  9.110e-001  7.524e-002  1.374e-002  7.456e-002  8.580e-001  6.745e-002 
85 1-1  1.253e-004
85 1-2 -1.067e-004  1.220e-004
85 1-3 -1.860e-005 -1.527e-005  3.387e-005
85 2-1 -4.349e-005  3.988e-005  3.607e-006  1.828e-004
85 2-2  3.957e-005 -5.635e-005  1.678e-005 -1.713e-004  2.991e-004
85 2-3  3.917e-006  1.647e-005 -2.038e-005 -1.148e-005 -1.277e-004  1.392e-004
86  9.057e-001  7.817e-002  1.615e-002  7.259e-002  8.549e-001  7.255e-002 
86 1-1  1.539e-004
86 1-2 -1.231e-004  1.440e-004
86 1-3 -3.079e-005 -2.090e-005  5.169e-005
86 2-1 -4.830e-005  4.368e-005  4.615e-006  1.889e-004
86 2-2  4.078e-005 -6.377e-005  2.299e-005 -1.753e-004  3.358e-004
86 2-3  7.511e-006  2.009e-005 -2.760e-005 -1.366e-005 -1.606e-004  1.742e-004
87  8.999e-001  8.115e-002  1.897e-002  7.063e-002  8.514e-001  7.800e-002 
87 1-1  1.917e-004
87 1-2 -1.406e-004  1.694e-004
87 1-3 -5.115e-005 -2.881e-005  7.996e-005
87 2-1 -5.361e-005  4.768e-005  5.932e-006  1.948e-004
87 2-2  4.021e-005 -7.225e-005  3.205e-005 -1.783e-004  3.818e-004
87 2-3  1.340e-005  2.457e-005 -3.798e-005 -1.646e-005 -2.035e-004  2.199e-004
88  8.935e-001  8.420e-002  2.227e-002  6.870e-002  8.475e-001  8.383e-002 
88 1-1  2.432e-004
88 1-2 -1.586e-004  1.986e-004
88 1-3 -8.455e-005 -4.000e-005  1.246e-004
88 2-1 -5.950e-005  5.184e-005  7.655e-006  2.003e-004
88 2-2  3.682e-005 -8.199e-005  4.517e-005 -1.803e-004  4.394e-004
88 2-3  2.267e-005  3.015e-005 -5.282e-005 -2.001e-005 -2.590e-004  2.790e-004
89  8.866e-001  8.730e-002  2.613e-002  6.679e-002  8.432e-001  9.004e-002 
89 1-1  3.147e-004
89 1-2 -1.763e-004  2.322e-004
89 1-3 -1.385e-004 -5.594e-005  1.944e-004
89 2-1 -6.604e-005  5.614e-005  9.907e-006  2.055e-004
89 2-2  2.924e-005 -9.325e-005  6.401e-005 -1.810e-004  5.113e-004
89 2-3  3.680e-005  3.711e-005 -7.391e-005 -2.446e-005 -3.302e-004  3.547e-004
90  8.789e-001  9.044e-002  3.062e-002  6.489e-002  8.384e-001  9.666e-002 
90 1-1  4.161e-004
90 1-2 -1.920e-004  2.708e-004
90 1-3 -2.241e-004 -7.874e-005  3.028e-004
90 2-1 -7.336e-005  6.051e-005  1.284e-005  2.102e-004
90 2-2  1.558e-005 -1.064e-004  9.079e-005 -1.802e-004  6.009e-004
90 2-3  5.778e-005  4.586e-005 -1.036e-004 -3.002e-005 -4.207e-004  4.507e-004