# ATFgali.txt
#IMaCh version 0.99r45, April 2023,INED-EUROREVES-Institut de longevite-Japan Society for the Promotion of Science (Grant-in-Aid for Scientific Research 25293121), Intel Software 2015-2020, Nihon University 2021-202, INED 2000-2022
#$Revision: 1.353 $ $Date: 2023/05/08 18:48:22 $
# Tue Feb 04 20:24:32 2025
#One-step probabilities and correlation matrix
# Age p1-1  p1-2  p1-3  p2-1  p2-2  p2-3 
50  9.825e-001  1.742e-002  4.227e-005  1.627e-001  8.328e-001  4.487e-003 
50 1-1  1.000e+000
50 1-2 -9.998e-001  1.000e+000
50 1-3  7.050e-002 -9.191e-002  1.000e+000
50 2-1 -2.829e-001  2.823e-001  2.567e-003  1.000e+000
50 2-2  2.851e-001 -2.851e-001  2.592e-002 -9.964e-001  1.000e+000
50 2-3 -3.046e-002  3.766e-002 -3.368e-001 -2.781e-002 -5.678e-002  1.000e+000
51  9.818e-001  1.819e-002  4.994e-005  1.595e-001  8.356e-001  4.860e-003 
51 1-1  1.000e+000
51 1-2 -9.997e-001  1.000e+000
51 1-3  6.799e-002 -9.250e-002  1.000e+000
51 2-1 -2.834e-001  2.828e-001  2.694e-003  1.000e+000
51 2-2  2.857e-001 -2.859e-001  2.892e-002 -9.956e-001  1.000e+000
51 2-3 -2.990e-002  3.816e-002 -3.374e-001 -2.742e-002 -6.630e-002  1.000e+000
52  9.810e-001  1.899e-002  5.899e-005  1.564e-001  8.383e-001  5.264e-003 
52 1-1  1.000e+000
52 1-2 -9.996e-001  1.000e+000
52 1-3  6.510e-002 -9.316e-002  1.000e+000
52 2-1 -2.841e-001  2.834e-001  2.850e-003  1.000e+000
52 2-2  2.864e-001 -2.867e-001  3.224e-002 -9.946e-001  1.000e+000
52 2-3 -2.921e-002  3.868e-002 -3.381e-001 -2.718e-002 -7.666e-002  1.000e+000
53  9.801e-001  1.982e-002  6.968e-005  1.533e-001  8.410e-001  5.701e-003 
53 1-1  1.000e+000
53 1-2 -9.995e-001  1.000e+000
53 1-3  6.176e-002 -9.389e-002  1.000e+000
53 2-1 -2.848e-001  2.840e-001  3.039e-003  1.000e+000
53 2-2  2.871e-001 -2.875e-001  3.591e-002 -9.934e-001  1.000e+000
53 2-3 -2.836e-002  3.923e-002 -3.388e-001 -2.710e-002 -8.793e-002  1.000e+000
54  9.792e-001  2.070e-002  8.231e-005  1.502e-001  8.436e-001  6.174e-003 
54 1-1  1.000e+000
54 1-2 -9.993e-001  1.000e+000
54 1-3  5.790e-002 -9.472e-002  1.000e+000
54 2-1 -2.856e-001  2.847e-001  3.265e-003  1.000e+000
54 2-2  2.878e-001 -2.884e-001  3.995e-002 -9.919e-001  1.000e+000
54 2-3 -2.735e-002  3.983e-002 -3.395e-001 -2.719e-002 -1.002e-001  1.000e+000
55  9.783e-001  2.161e-002  9.722e-005  1.472e-001  8.461e-001  6.685e-003 
55 1-1  1.000e+000
55 1-2 -9.991e-001  1.000e+000
55 1-3  5.345e-002 -9.565e-002  1.000e+000
55 2-1 -2.865e-001  2.855e-001  3.535e-003  1.000e+000
55 2-2  2.885e-001 -2.894e-001  4.441e-002 -9.900e-001  1.000e+000
55 2-3 -2.614e-002  4.047e-002 -3.402e-001 -2.745e-002 -1.136e-001  1.000e+000
56  9.773e-001  2.256e-002  1.148e-004  1.443e-001  8.485e-001  7.238e-003 
56 1-1  1.000e+000
56 1-2 -9.988e-001  1.000e+000
56 1-3  4.831e-002 -9.669e-002  1.000e+000
56 2-1 -2.875e-001  2.863e-001  3.852e-003  1.000e+000
56 2-2  2.891e-001 -2.905e-001  4.930e-002 -9.878e-001  1.000e+000
56 2-3 -2.471e-002  4.118e-002 -3.410e-001 -2.791e-002 -1.281e-001  1.000e+000
57  9.763e-001  2.354e-002  1.356e-004  1.414e-001  8.508e-001  7.835e-003 
57 1-1  1.000e+000
57 1-2 -9.985e-001  1.000e+000
57 1-3  4.239e-002 -9.787e-002  1.000e+000
57 2-1 -2.886e-001  2.872e-001  4.224e-003  1.000e+000
57 2-2  2.897e-001 -2.916e-001  5.467e-002 -9.851e-001  1.000e+000
57 2-3 -2.304e-002  4.197e-002 -3.418e-001 -2.858e-002 -1.439e-001  1.000e+000
58  9.753e-001  2.458e-002  1.601e-004  1.385e-001  8.530e-001  8.481e-003 
58 1-1  1.000e+000
58 1-2 -9.980e-001  1.000e+000
58 1-3  3.559e-002 -9.919e-002  1.000e+000
58 2-1 -2.898e-001  2.883e-001  4.658e-003  1.000e+000
58 2-2  2.902e-001 -2.928e-001  6.052e-002 -9.818e-001  1.000e+000
58 2-3 -2.108e-002  4.284e-002 -3.427e-001 -2.947e-002 -1.609e-001  1.000e+000
59  9.742e-001  2.565e-002  1.891e-004  1.357e-001  8.552e-001  9.179e-003 
59 1-1  1.000e+000
59 1-2 -9.973e-001  1.000e+000
59 1-3  2.778e-002 -1.007e-001  1.000e+000
59 2-1 -2.911e-001  2.894e-001  5.161e-003  1.000e+000
59 2-2  2.905e-001 -2.940e-001  6.686e-002 -9.779e-001  1.000e+000
59 2-3 -1.882e-002  4.382e-002 -3.437e-001 -3.059e-002 -1.792e-001  1.000e+000
60  9.730e-001  2.677e-002  2.233e-004  1.329e-001  8.572e-001  9.933e-003 
60 1-1  1.000e+000
60 1-2 -9.965e-001  1.000e+000
60 1-3  1.885e-002 -1.023e-001  1.000e+000
60 2-1 -2.925e-001  2.906e-001  5.741e-003  1.000e+000
60 2-2  2.906e-001 -2.953e-001  7.370e-002 -9.732e-001  1.000e+000
60 2-3 -1.621e-002  4.493e-002 -3.446e-001 -3.195e-002 -1.989e-001  1.000e+000
61  9.718e-001  2.794e-002  2.637e-004  1.301e-001  8.591e-001  1.075e-002 
61 1-1  1.000e+000
61 1-2 -9.954e-001  1.000e+000
61 1-3  8.689e-003 -1.042e-001  1.000e+000
61 2-1 -2.941e-001  2.919e-001  6.406e-003  1.000e+000
61 2-2  2.904e-001 -2.966e-001  8.101e-002 -9.677e-001  1.000e+000
61 2-3 -1.324e-002  4.619e-002 -3.457e-001 -3.356e-002 -2.197e-001  1.000e+000
62  9.705e-001  2.916e-002  3.113e-004  1.274e-001  8.610e-001  1.163e-002 
62 1-1  1.000e+000
62 1-2 -9.940e-001  1.000e+000
62 1-3 -2.799e-003 -1.062e-001  1.000e+000
62 2-1 -2.957e-001  2.933e-001  7.163e-003  1.000e+000
62 2-2  2.899e-001 -2.979e-001  8.873e-002 -9.612e-001  1.000e+000
62 2-3 -9.875e-003  4.763e-002 -3.468e-001 -3.541e-002 -2.415e-001  1.000e+000
63  9.692e-001  3.043e-002  3.676e-004  1.247e-001  8.627e-001  1.258e-002 
63 1-1  1.000e+000
63 1-2 -9.923e-001  1.000e+000
63 1-3 -1.567e-002 -1.085e-001  1.000e+000
63 2-1 -2.974e-001  2.947e-001  8.019e-003  1.000e+000
63 2-2  2.889e-001 -2.992e-001  9.678e-002 -9.539e-001  1.000e+000
63 2-3 -6.119e-003  4.925e-002 -3.480e-001 -3.750e-002 -2.642e-001  1.000e+000
64  9.678e-001  3.175e-002  4.340e-004  1.221e-001  8.643e-001  1.360e-002 
64 1-1  1.000e+000
64 1-2 -9.901e-001  1.000e+000
64 1-3 -2.990e-002 -1.109e-001  1.000e+000
64 2-1 -2.991e-001  2.961e-001  8.980e-003  1.000e+000
64 2-2  2.874e-001 -3.005e-001  1.050e-001 -9.456e-001  1.000e+000
64 2-3 -1.989e-003  5.110e-002 -3.492e-001 -3.979e-002 -2.873e-001  1.000e+000
65  9.664e-001  3.313e-002  5.123e-004  1.195e-001  8.658e-001  1.471e-002 
65 1-1  1.000e+000
65 1-2 -9.873e-001  1.000e+000
65 1-3 -4.539e-002 -1.136e-001  1.000e+000
65 2-1 -3.007e-001  2.975e-001  1.005e-002  1.000e+000
65 2-2  2.853e-001 -3.017e-001  1.133e-001 -9.366e-001  1.000e+000
65 2-3  2.461e-003  5.318e-002 -3.505e-001 -4.225e-002 -3.105e-001  1.000e+000
66  9.648e-001  3.456e-002  6.047e-004  1.170e-001  8.671e-001  1.591e-002 
66 1-1  1.000e+000
66 1-2 -9.841e-001  1.000e+000
66 1-3 -6.189e-002 -1.164e-001  1.000e+000
66 2-1 -3.022e-001  2.987e-001  1.122e-002  1.000e+000
66 2-2  2.825e-001 -3.028e-001  1.215e-001 -9.270e-001  1.000e+000
66 2-3  7.131e-003  5.552e-002 -3.518e-001 -4.484e-002 -3.332e-001  1.000e+000
67  9.632e-001  3.606e-002  7.137e-004  1.145e-001  8.683e-001  1.720e-002 
67 1-1  1.000e+000
67 1-2 -9.803e-001  1.000e+000
67 1-3 -7.898e-002 -1.193e-001  1.000e+000
67 2-1 -3.034e-001  2.997e-001  1.250e-002  1.000e+000
67 2-2  2.792e-001 -3.037e-001  1.293e-001 -9.170e-001  1.000e+000
67 2-3  1.186e-002  5.811e-002 -3.532e-001 -4.748e-002 -3.548e-001  1.000e+000
68  9.615e-001  3.761e-002  8.423e-004  1.120e-001  8.694e-001  1.859e-002 
68 1-1  1.000e+000
68 1-2 -9.761e-001  1.000e+000
68 1-3 -9.608e-002 -1.223e-001  1.000e+000
68 2-1 -3.041e-001  3.002e-001  1.388e-002  1.000e+000
68 2-2  2.754e-001 -3.044e-001  1.365e-001 -9.072e-001  1.000e+000
68 2-3  1.644e-002  6.097e-002 -3.546e-001 -5.010e-002 -3.748e-001  1.000e+000
69  9.598e-001  3.923e-002  9.940e-004  1.095e-001  8.704e-001  2.009e-002 
69 1-1  1.000e+000
69 1-2 -9.717e-001  1.000e+000
69 1-3 -1.125e-001 -1.255e-001  1.000e+000
69 2-1 -3.044e-001  3.003e-001  1.535e-002  1.000e+000
69 2-2  2.712e-001 -3.048e-001  1.430e-001 -8.977e-001  1.000e+000
69 2-3  2.061e-002  6.408e-002 -3.561e-001 -5.260e-002 -3.928e-001  1.000e+000
70  9.579e-001  4.091e-002  1.173e-003  1.071e-001  8.712e-001  2.171e-002 
70 1-1  1.000e+000
70 1-2 -9.672e-001  1.000e+000
70 1-3 -1.273e-001 -1.287e-001  1.000e+000
70 2-1 -3.041e-001  2.997e-001  1.690e-002  1.000e+000
70 2-2  2.670e-001 -3.049e-001  1.484e-001 -8.891e-001  1.000e+000
70 2-3  2.408e-002  6.745e-002 -3.575e-001 -5.493e-002 -4.082e-001  1.000e+000
71  9.560e-001  4.266e-002  1.384e-003  1.048e-001  8.718e-001  2.346e-002 
71 1-1  1.000e+000
71 1-2 -9.630e-001  1.000e+000
71 1-3 -1.400e-001 -1.322e-001  1.000e+000
71 2-1 -3.033e-001  2.986e-001  1.854e-002  1.000e+000
71 2-2  2.630e-001 -3.049e-001  1.528e-001 -8.816e-001  1.000e+000
71 2-3  2.659e-002  7.109e-002 -3.588e-001 -5.700e-002 -4.210e-001  1.000e+000
72  9.539e-001  4.448e-002  1.632e-003  1.024e-001  8.723e-001  2.534e-002 
72 1-1  1.000e+000
72 1-2 -9.591e-001  1.000e+000
72 1-3 -1.497e-001 -1.361e-001  1.000e+000
72 2-1 -3.021e-001  2.969e-001  2.025e-002  1.000e+000
72 2-2  2.595e-001 -3.047e-001  1.560e-001 -8.753e-001  1.000e+000
72 2-3  2.791e-002  7.502e-002 -3.599e-001 -5.878e-002 -4.312e-001  1.000e+000
73  9.517e-001  4.638e-002  1.925e-003  1.001e-001  8.725e-001  2.736e-002 
73 1-1  1.000e+000
73 1-2 -9.559e-001  1.000e+000
73 1-3 -1.563e-001 -1.406e-001  1.000e+000
73 2-1 -3.006e-001  2.948e-001  2.205e-002  1.000e+000
73 2-2  2.568e-001 -3.044e-001  1.581e-001 -8.704e-001  1.000e+000
73 2-3  2.792e-002  7.926e-002 -3.607e-001 -6.024e-002 -4.390e-001  1.000e+000
74  9.494e-001  4.834e-002  2.271e-003  9.782e-002  8.726e-001  2.954e-002 
74 1-1  1.000e+000
74 1-2 -9.533e-001  1.000e+000
74 1-3 -1.597e-001 -1.459e-001  1.000e+000
74 2-1 -2.990e-001  2.924e-001  2.396e-002  1.000e+000
74 2-2  2.550e-001 -3.042e-001  1.591e-001 -8.665e-001  1.000e+000
74 2-3  2.657e-002  8.385e-002 -3.611e-001 -6.140e-002 -4.450e-001  1.000e+000
75  9.469e-001  5.039e-002  2.678e-003  9.557e-002  8.725e-001  3.189e-002 
75 1-1  1.000e+000
75 1-2 -9.512e-001  1.000e+000
75 1-3 -1.600e-001 -1.522e-001  1.000e+000
75 2-1 -2.975e-001  2.898e-001  2.598e-002  1.000e+000
75 2-2  2.541e-001 -3.042e-001  1.591e-001 -8.634e-001  1.000e+000
75 2-3  2.396e-002  8.877e-002 -3.609e-001 -6.229e-002 -4.497e-001  1.000e+000
76  9.443e-001  5.251e-002  3.157e-003  9.335e-002  8.722e-001  3.442e-002 
76 1-1  1.000e+000
76 1-2 -9.495e-001  1.000e+000
76 1-3 -1.579e-001 -1.598e-001  1.000e+000
76 2-1 -2.962e-001  2.871e-001  2.814e-002  1.000e+000
76 2-2  2.541e-001 -3.043e-001  1.584e-001 -8.606e-001  1.000e+000
76 2-3  2.027e-002  9.400e-002 -3.597e-001 -6.294e-002 -4.540e-001  1.000e+000
77  9.416e-001  5.471e-002  3.722e-003  9.116e-002  8.717e-001  3.713e-002 
77 1-1  1.000e+000
77 1-2 -9.479e-001  1.000e+000
77 1-3 -1.543e-001 -1.685e-001  1.000e+000
77 2-1 -2.950e-001  2.845e-001  3.044e-002  1.000e+000
77 2-2  2.545e-001 -3.045e-001  1.571e-001 -8.575e-001  1.000e+000
77 2-3  1.584e-002  9.942e-002 -3.573e-001 -6.342e-002 -4.590e-001  1.000e+000
78  9.386e-001  5.699e-002  4.386e-003  8.900e-002  8.709e-001  4.006e-002 
78 1-1  1.000e+000
78 1-2 -9.460e-001  1.000e+000
78 1-3 -1.503e-001 -1.784e-001  1.000e+000
78 2-1 -2.942e-001  2.820e-001  3.284e-002  1.000e+000
78 2-2  2.550e-001 -3.049e-001  1.555e-001 -8.534e-001  1.000e+000
78 2-3  1.114e-002  1.049e-001 -3.535e-001 -6.380e-002 -4.658e-001  1.000e+000
79  9.355e-001  5.935e-002  5.168e-003  8.686e-002  8.699e-001  4.319e-002 
79 1-1  1.000e+000
79 1-2 -9.432e-001  1.000e+000
79 1-3 -1.477e-001 -1.891e-001  1.000e+000
79 2-1 -2.936e-001  2.797e-001  3.531e-002  1.000e+000
79 2-2  2.552e-001 -3.051e-001  1.540e-001 -8.475e-001  1.000e+000
79 2-3  6.805e-003  1.101e-001 -3.480e-001 -6.416e-002 -4.754e-001  1.000e+000
80  9.321e-001  6.179e-002  6.088e-003  8.475e-002  8.687e-001  4.656e-002 
80 1-1  1.000e+000
80 1-2 -9.392e-001  1.000e+000
80 1-3 -1.488e-001 -1.999e-001  1.000e+000
80 2-1 -2.932e-001  2.774e-001  3.773e-002  1.000e+000
80 2-2  2.544e-001 -3.051e-001  1.529e-001 -8.390e-001  1.000e+000
80 2-3  3.585e-003  1.148e-001 -3.408e-001 -6.458e-002 -4.888e-001  1.000e+000
81  9.285e-001  6.432e-002  7.170e-003  8.266e-002  8.672e-001  5.018e-002 
81 1-1  1.000e+000
81 1-2 -9.329e-001  1.000e+000
81 1-3 -1.559e-001 -2.102e-001  1.000e+000
81 2-1 -2.928e-001  2.752e-001  3.998e-002  1.000e+000
81 2-2  2.517e-001 -3.047e-001  1.526e-001 -8.272e-001  1.000e+000
81 2-3  2.301e-003  1.188e-001 -3.322e-001 -6.518e-002 -5.068e-001  1.000e+000
82  9.246e-001  6.693e-002  8.441e-003  8.060e-002  8.653e-001  5.406e-002 
82 1-1  1.000e+000
82 1-2 -9.236e-001  1.000e+000
82 1-3 -1.716e-001 -2.193e-001  1.000e+000
82 2-1 -2.923e-001  2.732e-001  4.195e-002  1.000e+000
82 2-2  2.463e-001 -3.036e-001  1.535e-001 -8.112e-001  1.000e+000
82 2-3  3.741e-003  1.219e-001 -3.228e-001 -6.608e-002 -5.299e-001  1.000e+000
83  9.204e-001  6.962e-002  9.934e-003  7.857e-002  8.632e-001  5.822e-002 
83 1-1  1.000e+000
83 1-2 -9.098e-001  1.000e+000
83 1-3 -1.979e-001 -2.267e-001  1.000e+000
83 2-1 -2.915e-001  2.711e-001  4.357e-002  1.000e+000
83 2-2  2.372e-001 -3.018e-001  1.561e-001 -7.904e-001  1.000e+000
83 2-3  8.553e-003  1.241e-001 -3.133e-001 -6.742e-002 -5.579e-001  1.000e+000
84  9.159e-001  7.239e-002  1.169e-002  7.655e-002  8.608e-001  6.268e-002 
84 1-1  1.000e+000
84 1-2 -8.902e-001  1.000e+000
84 1-3 -2.359e-001 -2.327e-001  1.000e+000
84 2-1 -2.899e-001  2.691e-001  4.484e-002  1.000e+000
84 2-2  2.235e-001 -2.989e-001  1.605e-001 -7.643e-001  1.000e+000
84 2-3  1.715e-002  1.255e-001 -3.044e-001 -6.934e-002 -5.903e-001  1.000e+000
85  9.110e-001  7.524e-002  1.374e-002  7.456e-002  8.580e-001  6.745e-002 
85 1-1  1.000e+000
85 1-2 -8.632e-001  1.000e+000
85 1-3 -2.854e-001 -2.376e-001  1.000e+000
85 2-1 -2.873e-001  2.670e-001  4.584e-002  1.000e+000
85 2-2  2.044e-001 -2.950e-001  1.667e-001 -7.328e-001  1.000e+000
85 2-3  2.965e-002  1.263e-001 -2.968e-001 -7.194e-002 -6.260e-001  1.000e+000
86  9.057e-001  7.817e-002  1.615e-002  7.259e-002  8.549e-001  7.255e-002 
86 1-1  1.000e+000
86 1-2 -8.269e-001  1.000e+000
86 1-3 -3.453e-001 -2.423e-001  1.000e+000
86 2-1 -2.833e-001  2.648e-001  4.669e-002  1.000e+000
86 2-2  1.794e-001 -2.900e-001  1.744e-001 -6.958e-001  1.000e+000
86 2-3  4.587e-002  1.268e-001 -2.908e-001 -7.531e-002 -6.638e-001  1.000e+000
87  8.999e-001  8.115e-002  1.897e-002  7.063e-002  8.514e-001  7.800e-002 
87 1-1  1.000e+000
87 1-2 -7.800e-001  1.000e+000
87 1-3 -4.131e-001 -2.476e-001  1.000e+000
87 2-1 -2.774e-001  2.625e-001  4.753e-002  1.000e+000
87 2-2  1.486e-001 -2.841e-001  1.834e-001 -6.539e-001  1.000e+000
87 2-3  6.527e-002  1.273e-001 -2.864e-001 -7.952e-002 -7.022e-001  1.000e+000
88  8.935e-001  8.420e-002  2.227e-002  6.870e-002  8.475e-001  8.383e-002 
88 1-1  1.000e+000
88 1-2 -7.217e-001  1.000e+000
88 1-3 -4.858e-001 -2.543e-001  1.000e+000
88 2-1 -2.696e-001  2.599e-001  4.846e-002  1.000e+000
88 2-2  1.127e-001 -2.776e-001  1.931e-001 -6.078e-001  1.000e+000
88 2-3  8.705e-002  1.281e-001 -2.833e-001 -8.462e-002 -7.398e-001  1.000e+000
89  8.866e-001  8.730e-002  2.613e-002  6.679e-002  8.432e-001  9.004e-002 
89 1-1  1.000e+000
89 1-2 -6.521e-001  1.000e+000
89 1-3 -5.597e-001 -2.633e-001  1.000e+000
89 2-1 -2.597e-001  2.570e-001  4.957e-002  1.000e+000
89 2-2  7.290e-002 -2.706e-001  2.030e-001 -5.585e-001  1.000e+000
89 2-3  1.101e-001  1.293e-001 -2.815e-001 -9.061e-002 -7.755e-001  1.000e+000
90  8.789e-001  9.044e-002  3.062e-002  6.489e-002  8.384e-001  9.666e-002 
90 1-1  1.000e+000
90 1-2 -5.721e-001  1.000e+000
90 1-3 -6.312e-001 -2.750e-001  1.000e+000
90 2-1 -2.480e-001  2.536e-001  5.091e-002  1.000e+000
90 2-2  3.115e-002 -2.637e-001  2.128e-001 -5.070e-001  1.000e+000
90 2-3  1.334e-001  1.313e-001 -2.805e-001 -9.752e-002 -8.084e-001  1.000e+000