
#****** ******
# ATFgali.txt
#IMaCh version 0.99r45, April 2023,INED-EUROREVES-Institut de longevite-Japan Society for the Promotion of Science (Grant-in-Aid for Scientific Research 25293121), Intel Software 2015-2020, Nihon University 2021-202, INED 2000-2022
#$Revision: 1.353 $ $Date: 2023/05/08 18:48:22 $
# Tue Feb 04 20:24:32 2025
# Health expectancies with standard errors
# Age e11 (SE) e12 (SE) e1.  e21 (SE) e22 (SE) e2. 
 50   27.7107 (0.9772)    7.9122 (0.6574)   35.6229 (1.0987)   24.4320 (1.3811)   10.2040 (0.8662)   34.6360 (1.4514)
 51   26.8393 (0.9650)    7.8231 (0.6516)   34.6624 (1.0895)   23.4892 (1.3597)   10.1247 (0.8511)   33.6139 (1.4490)
 52   25.9763 (0.9527)    7.7299 (0.6459)   33.7062 (1.0800)   22.5554 (1.3373)   10.0388 (0.8365)   32.5942 (1.4448)
 53   25.1224 (0.9404)    7.6324 (0.6404)   32.7549 (1.0700)   21.6313 (1.3138)    9.9462 (0.8223)   31.5776 (1.4388)
 54   24.2781 (0.9283)    7.5307 (0.6351)   31.8088 (1.0598)   20.7180 (1.2894)    9.8466 (0.8087)   30.5646 (1.4308)
 55   23.4437 (0.9162)    7.4246 (0.6300)   30.8684 (1.0493)   19.8161 (1.2640)    9.7399 (0.7955)   29.5559 (1.4209)
 56   22.6200 (0.9042)    7.3142 (0.6250)   29.9341 (1.0386)   18.9267 (1.2378)    9.6258 (0.7828)   28.5525 (1.4088)
 57   21.8073 (0.8924)    7.1993 (0.6202)   29.0066 (1.0278)   18.0506 (1.2110)    9.5044 (0.7706)   27.5551 (1.3947)
 58   21.0062 (0.8809)    7.0801 (0.6156)   28.0863 (1.0170)   17.1890 (1.1834)    9.3756 (0.7588)   26.5645 (1.3785)
 59   20.2174 (0.8695)    6.9564 (0.6112)   27.1738 (1.0062)   16.3427 (1.1554)    9.2392 (0.7473)   25.5819 (1.3604)
 60   19.4413 (0.8584)    6.8283 (0.6070)   26.2696 (0.9956)   15.5127 (1.1269)    9.0954 (0.7362)   24.6081 (1.3403)
 61   18.6784 (0.8476)    6.6960 (0.6029)   25.3744 (0.9852)   14.7000 (1.0982)    8.9443 (0.7252)   23.6443 (1.3184)
 62   17.9292 (0.8370)    6.5594 (0.5991)   24.4887 (0.9752)   13.9056 (1.0692)    8.7859 (0.7145)   22.6915 (1.2949)
 63   17.1944 (0.8267)    6.4187 (0.5954)   23.6131 (0.9657)   13.1306 (1.0402)    8.6204 (0.7039)   21.7509 (1.2699)
 64   16.4744 (0.8167)    6.2740 (0.5919)   22.7484 (0.9568)   12.3757 (1.0113)    8.4480 (0.6933)   20.8237 (1.2438)
 65   15.7696 (0.8070)    6.1255 (0.5886)   21.8950 (0.9486)   11.6419 (0.9825)    8.2691 (0.6828)   19.9110 (1.2168)
 66   15.0804 (0.7975)    5.9733 (0.5855)   21.0537 (0.9412)   10.9301 (0.9539)    8.0839 (0.6723)   19.0139 (1.1891)
 67   14.4074 (0.7884)    5.8176 (0.5827)   20.2250 (0.9346)   10.2410 (0.9257)    7.8928 (0.6619)   18.1338 (1.1612)
 68   13.7509 (0.7794)    5.6587 (0.5801)   19.4096 (0.9291)    9.5754 (0.8978)    7.6963 (0.6516)   17.2717 (1.1333)
 69   13.1112 (0.7707)    5.4967 (0.5777)   18.6080 (0.9246)    8.9339 (0.8702)    7.4948 (0.6414)   16.4288 (1.1058)
 70   12.4887 (0.7623)    5.3321 (0.5755)   17.8208 (0.9212)    8.3172 (0.8432)    7.2889 (0.6315)   15.6061 (1.0790)
 71   11.8836 (0.7542)    5.1650 (0.5736)   17.0485 (0.9190)    7.7256 (0.8165)    7.0792 (0.6220)   14.8048 (1.0532)
 72   11.2960 (0.7463)    4.9957 (0.5720)   16.2918 (0.9180)    7.1596 (0.7902)    6.8661 (0.6129)   14.0257 (1.0286)
 73   10.7263 (0.7388)    4.8247 (0.5705)   15.5510 (0.9184)    6.6194 (0.7644)    6.6505 (0.6045)   13.2699 (1.0055)
 74   10.1745 (0.7318)    4.6521 (0.5693)   14.8266 (0.9201)    6.1052 (0.7389)    6.4328 (0.5967)   12.5380 (0.9840)
 75    9.6406 (0.7252)    4.4785 (0.5683)   14.1191 (0.9232)    5.6171 (0.7137)    6.2138 (0.5898)   11.8309 (0.9642)
 76    9.1247 (0.7193)    4.3041 (0.5675)   13.4288 (0.9278)    5.1551 (0.6888)    5.9942 (0.5837)   11.1493 (0.9461)
 77    8.6268 (0.7142)    4.1293 (0.5668)   12.7560 (0.9340)    4.7189 (0.6642)    5.7746 (0.5787)   10.4935 (0.9296)
 78    8.1467 (0.7099)    3.9545 (0.5663)   12.1012 (0.9418)    4.3083 (0.6397)    5.5556 (0.5746)    9.8640 (0.9147)
 79    7.6844 (0.7067)    3.7800 (0.5660)   11.4644 (0.9514)    3.9230 (0.6154)    5.3381 (0.5715)    9.2611 (0.9010)
 80    7.2398 (0.7048)    3.6063 (0.5657)   10.8461 (0.9628)    3.5625 (0.5913)    5.1225 (0.5694)    8.6850 (0.8885)
 81    6.8125 (0.7042)    3.4337 (0.5655)   10.2462 (0.9760)    3.2263 (0.5673)    4.9095 (0.5681)    8.1358 (0.8769)
 82    6.4024 (0.7052)    3.2627 (0.5654)    9.6651 (0.9913)    2.9136 (0.5433)    4.6997 (0.5676)    7.6133 (0.8658)
 83    6.0092 (0.7077)    3.0935 (0.5654)    9.1027 (1.0084)    2.6238 (0.5195)    4.4936 (0.5677)    7.1174 (0.8550)
 84    5.6326 (0.7119)    2.9267 (0.5654)    8.5592 (1.0275)    2.3561 (0.4958)    4.2918 (0.5683)    6.6478 (0.8443)
 85    5.2723 (0.7178)    2.7624 (0.5654)    8.0347 (1.0484)    2.1095 (0.4722)    4.0946 (0.5691)    6.2041 (0.8334)
 86    4.9280 (0.7252)    2.6012 (0.5654)    7.5292 (1.0708)    1.8833 (0.4487)    3.9025 (0.5702)    5.7858 (0.8222)
 87    4.5994 (0.7339)    2.4433 (0.5655)    7.0427 (1.0944)    1.6764 (0.4253)    3.7160 (0.5712)    5.3923 (0.8104)
 88    4.2862 (0.7438)    2.2890 (0.5654)    6.5752 (1.1190)    1.4878 (0.4021)    3.5351 (0.5720)    5.0230 (0.7979)
 89    3.9879 (0.7545)    2.1388 (0.5652)    6.1268 (1.1438)    1.3166 (0.3792)    3.3603 (0.5726)    4.6770 (0.7848)
 90    3.7044 (0.7655)    1.9930 (0.5647)    5.6974 (1.1685)    1.1617 (0.3565)    3.1917 (0.5727)    4.3535 (0.7710)
