
# model  
#****** Result for:******
# ATFgali.txt
#IMaCh version 0.99r45, April 2023,INED-EUROREVES-Institut de longevite-Japan Society for the Promotion of Science (Grant-in-Aid for Scientific Research 25293121), Intel Software 2015-2020, Nihon University 2021-202, INED 2000-2022
#$Revision: 1.353 $ $Date: 2023/05/08 18:48:22 $
# Tue Feb 04 20:24:32 2025
# Total life expectancy with std error and decomposition into time to be expected in each health state
#  (weighted average of eij where weights are the age specific forward period (stable) prevalences in each health state 
# Age popbased mobilav e.. (std) e.1 (std) e.2 (std) 
   50 0 0  35.543 (  1.122)  27.442 (  1.017)   8.101 (  0.680)
   51 0 0  34.573 (  1.115)  26.549 (  1.005)   8.024 (  0.674)
   52 0 0  33.606 (  1.120)  25.664 (  1.008)   7.942 (  0.666)
   53 0 0  32.643 (  1.098)  24.786 (  0.982)   7.857 (  0.662)
   54 0 0  31.684 (  1.089)  23.916 (  0.970)   7.767 (  0.657)
   55 0 0  30.729 (  1.080)  23.055 (  0.958)   7.674 (  0.651)
   56 0 0  29.779 (  1.070)  22.203 (  0.945)   7.576 (  0.646)
   57 0 0  28.836 (  1.060)  21.361 (  0.933)   7.475 (  0.641)
   58 0 0  27.897 (  1.050)  20.529 (  0.922)   7.368 (  0.636)
   59 0 0  26.966 (  1.039)  19.707 (  0.910)   7.258 (  0.631)
   60 0 0  26.041 (  1.029)  18.898 (  0.898)   7.143 (  0.626)
   61 0 0  25.124 (  1.018)  18.100 (  0.887)   7.024 (  0.622)
   62 0 0  24.216 (  1.007)  17.315 (  0.875)   6.901 (  0.617)
   63 0 0  23.316 (  0.997)  16.543 (  0.864)   6.773 (  0.613)
   64 0 0  22.426 (  0.999)  15.785 (  0.868)   6.641 (  0.604)
   65 0 0  21.547 (  0.977)  15.042 (  0.843)   6.504 (  0.606)
   66 0 0  20.679 (  0.968)  14.315 (  0.833)   6.364 (  0.602)
   67 0 0  19.823 (  0.959)  13.603 (  0.823)   6.220 (  0.599)
   68 0 0  18.979 (  0.963)  12.908 (  0.827)   6.072 (  0.589)
   69 0 0  18.149 (  0.943)  12.229 (  0.804)   5.920 (  0.593)
   70 0 0  17.334 (  0.937)  11.569 (  0.794)   5.765 (  0.590)
   71 0 0  16.534 (  0.931)  10.927 (  0.785)   5.606 (  0.588)
   72 0 0  15.750 (  0.926)  10.305 (  0.776)   5.445 (  0.586)
   73 0 0  14.983 (  0.922)   9.701 (  0.768)   5.282 (  0.584)
   74 0 0  14.233 (  0.919)   9.117 (  0.759)   5.116 (  0.582)
   75 0 0  13.502 (  0.917)   8.554 (  0.750)   4.948 (  0.581)
   76 0 0  12.790 (  0.916)   8.011 (  0.741)   4.780 (  0.580)
   77 0 0  12.098 (  0.916)   7.489 (  0.733)   4.610 (  0.579)
   78 0 0  11.427 (  0.916)   6.987 (  0.724)   4.439 (  0.578)
   79 0 0  10.776 (  0.917)   6.507 (  0.715)   4.269 (  0.577)
   80 0 0  10.147 (  0.918)   6.049 (  0.706)   4.099 (  0.577)
   81 0 0   9.540 (  0.919)   5.611 (  0.698)   3.929 (  0.577)
   82 0 0   8.956 (  0.925)   5.195 (  0.677)   3.761 (  0.600)
   83 0 0   8.394 (  0.923)   4.799 (  0.681)   3.595 (  0.576)
   84 0 0   7.855 (  0.924)   4.424 (  0.674)   3.431 (  0.575)
   85 0 0   7.339 (  0.925)   4.069 (  0.666)   3.270 (  0.574)
   86 0 0   6.847 (  0.926)   3.735 (  0.659)   3.112 (  0.573)
   87 0 0   6.377 (  0.925)   3.419 (  0.653)   2.958 (  0.571)
   88 0 0   5.931 (  0.924)   3.123 (  0.641)   2.808 (  0.580)
   89 0 0   5.508 (  0.921)   2.846 (  0.641)   2.662 (  0.566)
   90 0 0   5.107 (  0.917)   2.586 (  0.636)   2.521 (  0.562)
