
#****** ******
# ATFgali.txt
#IMaCh version 0.99r45, April 2023,INED-EUROREVES-Institut de longevite-Japan Society for the Promotion of Science (Grant-in-Aid for Scientific Research 25293121), Intel Software 2015-2020, Nihon University 2021-202, INED 2000-2022
#$Revision: 1.353 $ $Date: 2023/05/08 18:48:22 $
# Tue Feb 04 20:24:32 2025
# Standard deviation of period (forward stable) prevalences 
# Age  Result#  1-1 2-2
50 1  0.91770 (0.01848) 0.08234 (0.01854)
51 1  0.91313 (0.01873) 0.08692 (0.01880)
52 1  0.90834 (0.01903) 0.09170 (0.01722)
53 1  0.90332 (0.01915) 0.09673 (0.01922)
54 1  0.89807 (0.01931) 0.10199 (0.01938)
55 1  0.89257 (0.01944) 0.10748 (0.01950)
56 1  0.88684 (0.01954) 0.11322 (0.01960)
57 1  0.88085 (0.01959) 0.11922 (0.01967)
58 1  0.87460 (0.01962) 0.12546 (0.01968)
59 1  0.86810 (0.01960) 0.13197 (0.01967)
60 1  0.86133 (0.01955) 0.13875 (0.01963)
61 1  0.85430 (0.01948) 0.14577 (0.01954)
62 1  0.84701 (0.01937) 0.15307 (0.01944)
63 1  0.83945 (0.01925) 0.16064 (0.01932)
64 1  0.83163 (0.01909) 0.16845 (0.01994)
65 1  0.82354 (0.01898) 0.17655 (0.01904)
66 1  0.81520 (0.01885) 0.18490 (0.01892)
67 1  0.80660 (0.01875) 0.19351 (0.01882)
68 1  0.79776 (0.01869) 0.20236 (0.01918)
69 1  0.78867 (0.01869) 0.21143 (0.01876)
70 1  0.77935 (0.01878) 0.22076 (0.01884)
71 1  0.76981 (0.01897) 0.23031 (0.01903)
72 1  0.76006 (0.01928) 0.24007 (0.01935)
73 1  0.75011 (0.01974) 0.25004 (0.01980)
74 1  0.73997 (0.02035) 0.26019 (0.02041)
75 1  0.72964 (0.02112) 0.27049 (0.02117)
76 1  0.71917 (0.02206) 0.28098 (0.02211)
77 1  0.70854 (0.02318) 0.29161 (0.02322)
78 1  0.69777 (0.02446) 0.30238 (0.02450)
79 1  0.68688 (0.02590) 0.31328 (0.02594)
80 1  0.67588 (0.02750) 0.32428 (0.02753)
81 1  0.66478 (0.02924) 0.33539 (0.02928)
82 1  0.65359 (0.03059) 0.34662 (0.03852)
83 1  0.64230 (0.03317) 0.35791 (0.03321)
84 1  0.63091 (0.03535) 0.36930 (0.03539)
85 1  0.61944 (0.03768) 0.38078 (0.03772)
86 1  0.60785 (0.04018) 0.39236 (0.04021)
87 1  0.59615 (0.04287) 0.40406 (0.04290)
88 1  0.58431 (0.04511) 0.41594 (0.05079)
89 1  0.57229 (0.04898) 0.42795 (0.04901)
90 1  0.56006 (0.05253) 0.44018 (0.05256)
