# SEFadl.txt
#IMaCh version 0.99r45, April 2023,INED-EUROREVES-Institut de longevite-Japan Society for the Promotion of Science (Grant-in-Aid for Scientific Research 25293121), Intel Software 2015-2020, Nihon University 2021-202, INED 2000-2022
#$Revision: 1.353 $ $Date: 2023/05/08 18:48:22 $
# Tue Feb 04 22:03:38 2025
#One-step probabilities and correlation matrix
# Age p1-1  p1-2  p1-3  p2-1  p2-2  p2-3 
50  9.965e-001  2.134e-003  1.353e-003  1.404e-001  8.595e-001  1.041e-004 
50 1-1  1.000e+000
50 1-2 -6.958e-001  1.000e+000
50 1-3 -6.550e-001 -8.694e-002  1.000e+000
50 2-1 -1.683e-001  2.045e-001  1.829e-002  1.000e+000
50 2-2  1.682e-001 -2.046e-001 -1.805e-002 -1.000e+000  1.000e+000
50 2-3  4.171e-002 -4.405e-003 -5.322e-002 -4.510e-002  4.058e-002  1.000e+000
51  9.962e-001  2.337e-003  1.439e-003  1.405e-001  8.593e-001  1.279e-004 
51 1-1  1.000e+000
51 1-2 -7.107e-001  1.000e+000
51 1-3 -6.421e-001 -8.303e-002  1.000e+000
51 2-1 -1.694e-001  2.033e-001  1.848e-002  1.000e+000
51 2-2  1.692e-001 -2.033e-001 -1.817e-002 -1.000e+000  1.000e+000
51 2-3  4.278e-002 -3.292e-003 -5.701e-002 -4.650e-002  4.088e-002  1.000e+000
52  9.959e-001  2.559e-003  1.531e-003  1.407e-001  8.592e-001  1.573e-004 
52 1-1  1.000e+000
52 1-2 -7.252e-001  1.000e+000
52 1-3 -6.291e-001 -7.892e-002  1.000e+000
52 2-1 -1.704e-001  2.020e-001  1.871e-002  1.000e+000
52 2-2  1.702e-001 -2.020e-001 -1.829e-002 -1.000e+000  1.000e+000
52 2-3  4.387e-002 -2.074e-003 -6.118e-002 -4.802e-002  4.103e-002  1.000e+000
53  9.956e-001  2.802e-003  1.629e-003  1.408e-001  8.590e-001  1.934e-004 
53 1-1  1.000e+000
53 1-2 -7.395e-001  1.000e+000
53 1-3 -6.161e-001 -7.459e-002  1.000e+000
53 2-1 -1.713e-001  2.007e-001  1.898e-002  1.000e+000
53 2-2  1.710e-001 -2.007e-001 -1.842e-002 -1.000e+000  1.000e+000
53 2-3  4.497e-002 -7.395e-004 -6.576e-002 -4.965e-002  4.097e-002  1.000e+000
54  9.952e-001  3.068e-003  1.734e-003  1.409e-001  8.588e-001  2.377e-004 
54 1-1  1.000e+000
54 1-2 -7.534e-001  1.000e+000
54 1-3 -6.032e-001 -7.005e-002  1.000e+000
54 2-1 -1.721e-001  1.993e-001  1.930e-002  1.000e+000
54 2-2  1.717e-001 -1.994e-001 -1.854e-002 -9.999e-001  1.000e+000
54 2-3  4.609e-002  7.266e-004 -7.080e-002 -5.143e-002  4.062e-002  1.000e+000
55  9.948e-001  3.360e-003  1.845e-003  1.411e-001  8.586e-001  2.923e-004 
55 1-1  1.000e+000
55 1-2 -7.669e-001  1.000e+000
55 1-3 -5.903e-001 -6.531e-002  1.000e+000
55 2-1 -1.728e-001  1.980e-001  1.968e-002  1.000e+000
55 2-2  1.723e-001 -1.981e-001 -1.867e-002 -9.999e-001  1.000e+000
55 2-3  4.722e-002  2.341e-003 -7.637e-002 -5.336e-002  3.991e-002  1.000e+000
56  9.944e-001  3.679e-003  1.963e-003  1.412e-001  8.584e-001  3.593e-004 
56 1-1  1.000e+000
56 1-2 -7.800e-001  1.000e+000
56 1-3 -5.775e-001 -6.038e-002  1.000e+000
56 2-1 -1.734e-001  1.966e-001  2.014e-002  1.000e+000
56 2-2  1.727e-001 -1.968e-001 -1.877e-002 -9.999e-001  1.000e+000
56 2-3  4.836e-002  4.124e-003 -8.253e-002 -5.547e-002  3.873e-002  1.000e+000
57  9.939e-001  4.028e-003  2.088e-003  1.413e-001  8.582e-001  4.417e-004 
57 1-1  1.000e+000
57 1-2 -7.927e-001  1.000e+000
57 1-3 -5.649e-001 -5.528e-002  1.000e+000
57 2-1 -1.740e-001  1.953e-001  2.068e-002  1.000e+000
57 2-2  1.731e-001 -1.956e-001 -1.883e-002 -9.998e-001  1.000e+000
57 2-3  4.952e-002  6.097e-003 -8.935e-002 -5.778e-002  3.694e-002  1.000e+000
58  9.934e-001  4.410e-003  2.221e-003  1.415e-001  8.580e-001  5.430e-004 
58 1-1  1.000e+000
58 1-2 -8.048e-001  1.000e+000
58 1-3 -5.525e-001 -5.008e-002  1.000e+000
58 2-1 -1.746e-001  1.940e-001  2.133e-002  1.000e+000
58 2-2  1.735e-001 -1.944e-001 -1.883e-002 -9.997e-001  1.000e+000
58 2-3  5.068e-002  8.288e-003 -9.692e-002 -6.030e-002  3.437e-002  1.000e+000
59  9.928e-001  4.828e-003  2.363e-003  1.416e-001  8.577e-001  6.675e-004 
59 1-1  1.000e+000
59 1-2 -8.164e-001  1.000e+000
59 1-3 -5.404e-001 -4.484e-002  1.000e+000
59 2-1 -1.751e-001  1.928e-001  2.210e-002  1.000e+000
59 2-2  1.737e-001 -1.934e-001 -1.873e-002 -9.995e-001  1.000e+000
59 2-3  5.186e-002  1.072e-002 -1.053e-001 -6.307e-002  3.081e-002  1.000e+000
60  9.922e-001  5.285e-003  2.513e-003  1.417e-001  8.575e-001  8.205e-004 
60 1-1  1.000e+000
60 1-2 -8.273e-001  1.000e+000
60 1-3 -5.285e-001 -3.968e-002  1.000e+000
60 2-1 -1.758e-001  1.917e-001  2.304e-002  1.000e+000
60 2-2  1.740e-001 -1.926e-001 -1.847e-002 -9.992e-001  1.000e+000
60 2-3  5.304e-002  1.344e-002 -1.147e-001 -6.611e-002  2.600e-002  1.000e+000
61  9.915e-001  5.786e-003  2.674e-003  1.418e-001  8.571e-001  1.009e-003 
61 1-1  1.000e+000
61 1-2 -8.375e-001  1.000e+000
61 1-3 -5.170e-001 -3.476e-002  1.000e+000
61 2-1 -1.766e-001  1.908e-001  2.416e-002  1.000e+000
61 2-2  1.743e-001 -1.921e-001 -1.797e-002 -9.988e-001  1.000e+000
61 2-3  5.422e-002  1.648e-002 -1.250e-001 -6.944e-002  1.964e-002  1.000e+000
62  9.908e-001  6.334e-003  2.844e-003  1.420e-001  8.568e-001  1.240e-003 
62 1-1  1.000e+000
62 1-2 -8.469e-001  1.000e+000
62 1-3 -5.059e-001 -3.031e-002  1.000e+000
62 2-1 -1.777e-001  1.902e-001  2.549e-002  1.000e+000
62 2-2  1.748e-001 -1.920e-001 -1.711e-002 -9.981e-001  1.000e+000
62 2-3  5.539e-002  1.988e-002 -1.364e-001 -7.309e-002  1.134e-002  1.000e+000
63  9.900e-001  6.933e-003  3.024e-003  1.421e-001  8.564e-001  1.524e-003 
63 1-1  1.000e+000
63 1-2 -8.553e-001  1.000e+000
63 1-3 -4.951e-001 -2.666e-002  1.000e+000
63 2-1 -1.792e-001  1.901e-001  2.708e-002  1.000e+000
63 2-2  1.754e-001 -1.924e-001 -1.576e-002 -9.971e-001  1.000e+000
63 2-3  5.655e-002  2.370e-002 -1.489e-001 -7.706e-002  6.925e-004  1.000e+000
64  9.892e-001  7.588e-003  3.216e-003  1.422e-001  8.560e-001  1.873e-003 
64 1-1  1.000e+000
64 1-2 -8.627e-001  1.000e+000
64 1-3 -4.846e-001 -2.423e-002  1.000e+000
64 2-1 -1.812e-001  1.904e-001  2.895e-002  1.000e+000
64 2-2  1.764e-001 -1.937e-001 -1.371e-002 -9.956e-001  1.000e+000
64 2-3  5.766e-002  2.799e-002 -1.624e-001 -8.136e-002 -1.278e-002  1.000e+000
65  9.883e-001  8.304e-003  3.420e-003  1.422e-001  8.555e-001  2.301e-003 
65 1-1  1.000e+000
65 1-2 -8.690e-001  1.000e+000
65 1-3 -4.743e-001 -2.355e-002  1.000e+000
65 2-1 -1.840e-001  1.914e-001  3.113e-002  1.000e+000
65 2-2  1.778e-001 -1.959e-001 -1.073e-002 -9.933e-001  1.000e+000
65 2-3  5.873e-002  3.280e-002 -1.770e-001 -8.597e-002 -2.957e-002  1.000e+000
66  9.873e-001  9.087e-003  3.637e-003  1.423e-001  8.549e-001  2.828e-003 
66 1-1  1.000e+000
66 1-2 -8.738e-001  1.000e+000
66 1-3 -4.641e-001 -2.527e-002  1.000e+000
66 2-1 -1.877e-001  1.933e-001  3.361e-002  1.000e+000
66 2-2  1.798e-001 -1.993e-001 -6.548e-003 -9.901e-001  1.000e+000
66 2-3  5.970e-002  3.821e-002 -1.923e-001 -9.084e-002 -5.012e-002  1.000e+000
67  9.862e-001  9.944e-003  3.867e-003  1.424e-001  8.542e-001  3.475e-003 
67 1-1  1.000e+000
67 1-2 -8.771e-001  1.000e+000
67 1-3 -4.537e-001 -3.013e-002  1.000e+000
67 2-1 -1.925e-001  1.963e-001  3.637e-002  1.000e+000
67 2-2  1.825e-001 -2.042e-001 -8.844e-004 -9.854e-001  1.000e+000
67 2-3  6.055e-002  4.426e-002 -2.081e-001 -9.591e-002 -7.478e-002  1.000e+000
68  9.850e-001  1.088e-002  4.111e-003  1.424e-001  8.533e-001  4.269e-003 
68 1-1  1.000e+000
68 1-2 -8.786e-001  1.000e+000
68 1-3 -4.431e-001 -3.885e-002  1.000e+000
68 2-1 -1.987e-001  2.005e-001  3.935e-002  1.000e+000
68 2-2  1.861e-001 -2.109e-001  6.486e-003 -9.790e-001  1.000e+000
68 2-3  6.123e-002  5.101e-002 -2.238e-001 -1.011e-001 -1.037e-001  1.000e+000
69  9.837e-001  1.190e-002  4.370e-003  1.424e-001  8.524e-001  5.243e-003 
69 1-1  1.000e+000
69 1-2 -8.781e-001  1.000e+000
69 1-3 -4.321e-001 -5.204e-002  1.000e+000
69 2-1 -2.065e-001  2.061e-001  4.245e-002  1.000e+000
69 2-2  1.908e-001 -2.195e-001  1.568e-002 -9.705e-001  1.000e+000
69 2-3  6.167e-002  5.848e-002 -2.390e-001 -1.062e-001 -1.368e-001  1.000e+000
70  9.823e-001  1.302e-002  4.644e-003  1.424e-001  8.512e-001  6.438e-003 
70 1-1  1.000e+000
70 1-2 -8.756e-001  1.000e+000
70 1-3 -4.205e-001 -7.005e-002  1.000e+000
70 2-1 -2.160e-001  2.132e-001  4.552e-002  1.000e+000
70 2-2  1.965e-001 -2.302e-001  2.662e-002 -9.595e-001  1.000e+000
70 2-3  6.180e-002  6.669e-002 -2.529e-001 -1.112e-001 -1.735e-001  1.000e+000
71  9.808e-001  1.424e-002  4.936e-003  1.423e-001  8.498e-001  7.904e-003 
71 1-1  1.000e+000
71 1-2 -8.711e-001  1.000e+000
71 1-3 -4.082e-001 -9.279e-002  1.000e+000
71 2-1 -2.272e-001  2.218e-001  4.844e-002  1.000e+000
71 2-2  2.034e-001 -2.429e-001  3.906e-002 -9.458e-001  1.000e+000
71 2-3  6.152e-002  7.559e-002 -2.652e-001 -1.158e-001 -2.130e-001  1.000e+000
72  9.792e-001  1.557e-002  5.245e-003  1.422e-001  8.481e-001  9.700e-003 
72 1-1  1.000e+000
72 1-2 -8.646e-001  1.000e+000
72 1-3 -3.954e-001 -1.197e-001  1.000e+000
72 2-1 -2.401e-001  2.316e-001  5.107e-002  1.000e+000
72 2-2  2.113e-001 -2.572e-001  5.255e-002 -9.296e-001  1.000e+000
72 2-3  6.075e-002  8.511e-002 -2.756e-001 -1.201e-001 -2.542e-001  1.000e+000
73  9.774e-001  1.703e-002  5.572e-003  1.420e-001  8.461e-001  1.190e-002 
73 1-1  1.000e+000
73 1-2 -8.566e-001  1.000e+000
73 1-3 -3.821e-001 -1.496e-001  1.000e+000
73 2-1 -2.542e-001  2.421e-001  5.336e-002  1.000e+000
73 2-2  2.200e-001 -2.726e-001  6.659e-002 -9.112e-001  1.000e+000
73 2-3  5.939e-002  9.509e-002 -2.841e-001 -1.239e-001 -2.959e-001  1.000e+000
74  9.755e-001  1.862e-002  5.919e-003  1.418e-001  8.436e-001  1.459e-002 
74 1-1  1.000e+000
74 1-2 -8.477e-001  1.000e+000
74 1-3 -3.682e-001 -1.811e-001  1.000e+000
74 2-1 -2.690e-001  2.530e-001  5.529e-002  1.000e+000
74 2-2  2.291e-001 -2.884e-001  8.071e-002 -8.910e-001  1.000e+000
74 2-3  5.735e-002  1.054e-001 -2.910e-001 -1.271e-001 -3.370e-001  1.000e+000
75  9.734e-001  2.035e-002  6.287e-003  1.415e-001  8.407e-001  1.788e-002 
75 1-1  1.000e+000
75 1-2 -8.388e-001  1.000e+000
75 1-3 -3.537e-001 -2.126e-001  1.000e+000
75 2-1 -2.840e-001  2.635e-001  5.690e-002  1.000e+000
75 2-2  2.382e-001 -3.039e-001  9.455e-002 -8.698e-001  1.000e+000
75 2-3  5.460e-002  1.157e-001 -2.969e-001 -1.299e-001 -3.763e-001  1.000e+000
76  9.711e-001  2.224e-002  6.676e-003  1.410e-001  8.371e-001  2.189e-002 
76 1-1  1.000e+000
76 1-2 -8.308e-001  1.000e+000
76 1-3 -3.385e-001 -2.426e-001  1.000e+000
76 2-1 -2.983e-001  2.731e-001  5.827e-002  1.000e+000
76 2-2  2.468e-001 -3.183e-001  1.079e-001 -8.482e-001  1.000e+000
76 2-3  5.113e-002  1.260e-001 -3.022e-001 -1.320e-001 -4.131e-001  1.000e+000
77  9.686e-001  2.430e-002  7.088e-003  1.405e-001  8.328e-001  2.678e-002 
77 1-1  1.000e+000
77 1-2 -8.244e-001  1.000e+000
77 1-3 -3.225e-001 -2.698e-001  1.000e+000
77 2-1 -3.114e-001  2.812e-001  5.949e-002  1.000e+000
77 2-2  2.545e-001 -3.311e-001  1.209e-001 -8.269e-001  1.000e+000
77 2-3  4.698e-002  1.361e-001 -3.076e-001 -1.336e-001 -4.469e-001  1.000e+000
78  9.659e-001  2.654e-002  7.523e-003  1.398e-001  8.275e-001  3.272e-002 
78 1-1  1.000e+000
78 1-2 -8.203e-001  1.000e+000
78 1-3 -3.058e-001 -2.936e-001  1.000e+000
78 2-1 -3.227e-001  2.876e-001  6.064e-002  1.000e+000
78 2-2  2.610e-001 -3.422e-001  1.334e-001 -8.066e-001  1.000e+000
78 2-3  4.224e-002  1.461e-001 -3.138e-001 -1.345e-001 -4.773e-001  1.000e+000
79  9.630e-001  2.899e-002  7.984e-003  1.389e-001  8.212e-001  3.993e-002 
79 1-1  1.000e+000
79 1-2 -8.188e-001  1.000e+000
79 1-3 -2.884e-001 -3.136e-001  1.000e+000
79 2-1 -3.319e-001  2.921e-001  6.181e-002  1.000e+000
79 2-2  2.663e-001 -3.514e-001  1.457e-001 -7.879e-001  1.000e+000
79 2-3  3.702e-002  1.558e-001 -3.212e-001 -1.346e-001 -5.041e-001  1.000e+000
80  9.599e-001  3.165e-002  8.470e-003  1.377e-001  8.136e-001  4.864e-002 
80 1-1  1.000e+000
80 1-2 -8.197e-001  1.000e+000
80 1-3 -2.704e-001 -3.298e-001  1.000e+000
80 2-1 -3.389e-001  2.948e-001  6.305e-002  1.000e+000
80 2-2  2.703e-001 -3.591e-001  1.580e-001 -7.714e-001  1.000e+000
80 2-3  3.144e-002  1.656e-001 -3.302e-001 -1.337e-001 -5.274e-001  1.000e+000
81  9.565e-001  3.455e-002  8.983e-003  1.364e-001  8.045e-001  5.914e-002 
81 1-1  1.000e+000
81 1-2 -8.228e-001  1.000e+000
81 1-3 -2.520e-001 -3.425e-001  1.000e+000
81 2-1 -3.438e-001  2.959e-001  6.440e-002  1.000e+000
81 2-2  2.733e-001 -3.654e-001  1.704e-001 -7.573e-001  1.000e+000
81 2-3  2.560e-002  1.754e-001 -3.411e-001 -1.318e-001 -5.476e-001  1.000e+000
82  9.528e-001  3.770e-002  9.525e-003  1.347e-001  7.936e-001  7.174e-002 
82 1-1  1.000e+000
82 1-2 -8.277e-001  1.000e+000
82 1-3 -2.336e-001 -3.524e-001  1.000e+000
82 2-1 -3.468e-001  2.958e-001  6.589e-002  1.000e+000
82 2-2  2.753e-001 -3.706e-001  1.829e-001 -7.453e-001  1.000e+000
82 2-3  1.957e-002  1.852e-001 -3.535e-001 -1.287e-001 -5.653e-001  1.000e+000
83  9.488e-001  4.113e-002  1.010e-002  1.326e-001  7.806e-001  8.677e-002 
83 1-1  1.000e+000
83 1-2 -8.337e-001  1.000e+000
83 1-3 -2.152e-001 -3.598e-001  1.000e+000
83 2-1 -3.483e-001  2.946e-001  6.752e-002  1.000e+000
83 2-2  2.762e-001 -3.744e-001  1.954e-001 -7.342e-001  1.000e+000
83 2-3  1.342e-002  1.944e-001 -3.664e-001 -1.247e-001 -5.820e-001  1.000e+000
84  9.445e-001  4.485e-002  1.070e-002  1.302e-001  7.652e-001  1.046e-001 
84 1-1  1.000e+000
84 1-2 -8.406e-001  1.000e+000
84 1-3 -1.970e-001 -3.654e-001  1.000e+000
84 2-1 -3.484e-001  2.925e-001  6.926e-002  1.000e+000
84 2-2  2.756e-001 -3.762e-001  2.073e-001 -7.214e-001  1.000e+000
84 2-3  7.279e-003  2.014e-001 -3.771e-001 -1.206e-001 -6.005e-001  1.000e+000
85  9.398e-001  4.888e-002  1.133e-002  1.272e-001  7.472e-001  1.256e-001 
85 1-1  1.000e+000
85 1-2 -8.479e-001  1.000e+000
85 1-3 -1.791e-001 -3.696e-001  1.000e+000
85 2-1 -3.475e-001  2.899e-001  7.106e-002  1.000e+000
85 2-2  2.723e-001 -3.744e-001  2.175e-001 -7.016e-001  1.000e+000
85 2-3  1.420e-003  2.039e-001 -3.809e-001 -1.183e-001 -6.245e-001  1.000e+000
86  9.347e-001  5.326e-002  1.199e-002  1.238e-001  7.261e-001  1.501e-001 
86 1-1  1.000e+000
86 1-2 -8.554e-001  1.000e+000
86 1-3 -1.617e-001 -3.728e-001  1.000e+000
86 2-1 -3.457e-001  2.869e-001  7.284e-002  1.000e+000
86 2-2  2.649e-001 -3.666e-001  2.240e-001 -6.674e-001  1.000e+000
86 2-3 -3.660e-003  1.988e-001 -3.722e-001 -1.209e-001 -6.585e-001  1.000e+000
87  9.293e-001  5.801e-002  1.269e-002  1.198e-001  7.018e-001  1.784e-001 
87 1-1  1.000e+000
87 1-2 -8.628e-001  1.000e+000
87 1-3 -1.446e-001 -3.754e-001  1.000e+000
87 2-1 -3.431e-001  2.833e-001  7.448e-002  1.000e+000
87 2-2  2.515e-001 -3.502e-001  2.245e-001 -6.100e-001  1.000e+000
87 2-3 -7.353e-003  1.844e-001 -3.475e-001 -1.324e-001 -7.046e-001  1.000e+000
88  9.234e-001  6.314e-002  1.342e-002  1.152e-001  6.741e-001  2.107e-001 
88 1-1  1.000e+000
88 1-2 -8.700e-001  1.000e+000
88 1-3 -1.280e-001 -3.776e-001  1.000e+000
88 2-1 -3.394e-001  2.792e-001  7.582e-002  1.000e+000
88 2-2  2.314e-001 -3.240e-001  2.172e-001 -5.232e-001  1.000e+000
88 2-3 -9.303e-003  1.626e-001 -3.096e-001 -1.563e-001 -7.599e-001  1.000e+000
89  9.171e-001  6.869e-002  1.419e-002  1.100e-001  6.429e-001  2.471e-001 
89 1-1  1.000e+000
89 1-2 -8.770e-001  1.000e+000
89 1-3 -1.117e-001 -3.796e-001  1.000e+000
89 2-1 -3.345e-001  2.743e-001  7.663e-002  1.000e+000
89 2-2  2.058e-001 -2.895e-001  2.024e-001 -4.078e-001  1.000e+000
89 2-3 -9.654e-003  1.376e-001 -2.659e-001 -1.941e-001 -8.165e-001  1.000e+000
90  9.103e-001  7.469e-002  1.499e-002  1.042e-001  6.083e-001  2.875e-001 
90 1-1  1.000e+000
90 1-2 -8.835e-001  1.000e+000
90 1-3 -9.588e-002 -3.815e-001  1.000e+000
90 2-1 -3.280e-001  2.685e-001  7.667e-002  1.000e+000
90 2-2  1.778e-001 -2.508e-001  1.822e-001 -2.718e-001  1.000e+000
90 2-3 -8.876e-003  1.133e-001 -2.233e-001 -2.451e-001 -8.664e-001  1.000e+000