# SEFadl.txt
#IMaCh version 0.99r45, April 2023,INED-EUROREVES-Institut de longevite-Japan Society for the Promotion of Science (Grant-in-Aid for Scientific Research 25293121), Intel Software 2015-2020, Nihon University 2021-202, INED 2000-2022
#$Revision: 1.353 $ $Date: 2023/05/08 18:48:22 $
# Tue Feb 04 22:03:38 2025
#One-step probabilities and stand. devi in ()
# Age p1-1 (SE) p1-2 (SE) p1-3 (SE) p2-1 (SE) p2-2 (SE) p2-3 (SE)
50  9.965e-001 ( 9.922e-004)  2.134e-003 ( 7.525e-004)  1.353e-003 ( 7.153e-004)  1.404e-001 ( 3.990e-002)  8.595e-001 ( 3.989e-002)  1.041e-004 ( 1.808e-004) 
51  9.962e-001 ( 1.035e-003)  2.337e-003 ( 7.960e-004)  1.439e-003 ( 7.305e-004)  1.405e-001 ( 3.841e-002)  8.593e-001 ( 3.840e-002)  1.279e-004 ( 2.162e-004) 
52  9.959e-001 ( 1.079e-003)  2.559e-003 ( 8.410e-004)  1.531e-003 ( 7.449e-004)  1.407e-001 ( 3.693e-002)  8.592e-001 ( 3.692e-002)  1.573e-004 ( 2.585e-004) 
53  9.956e-001 ( 1.124e-003)  2.802e-003 ( 8.875e-004)  1.629e-003 ( 7.586e-004)  1.408e-001 ( 3.547e-002)  8.590e-001 ( 3.545e-002)  1.934e-004 ( 3.088e-004) 
54  9.952e-001 ( 1.170e-003)  3.068e-003 ( 9.356e-004)  1.734e-003 ( 7.713e-004)  1.409e-001 ( 3.402e-002)  8.588e-001 ( 3.401e-002)  2.377e-004 ( 3.685e-004) 
55  9.948e-001 ( 1.218e-003)  3.360e-003 ( 9.851e-004)  1.845e-003 ( 7.831e-004)  1.411e-001 ( 3.260e-002)  8.586e-001 ( 3.258e-002)  2.923e-004 ( 4.394e-004) 
56  9.944e-001 ( 1.267e-003)  3.679e-003 ( 1.036e-003)  1.963e-003 ( 7.940e-004)  1.412e-001 ( 3.121e-002)  8.584e-001 ( 3.118e-002)  3.593e-004 ( 5.234e-004) 
57  9.939e-001 ( 1.316e-003)  4.028e-003 ( 1.088e-003)  2.088e-003 ( 8.037e-004)  1.413e-001 ( 2.984e-002)  8.582e-001 ( 2.981e-002)  4.417e-004 ( 6.228e-004) 
58  9.934e-001 ( 1.367e-003)  4.410e-003 ( 1.141e-003)  2.221e-003 ( 8.125e-004)  1.415e-001 ( 2.850e-002)  8.580e-001 ( 2.847e-002)  5.430e-004 ( 7.403e-004) 
59  9.928e-001 ( 1.419e-003)  4.828e-003 ( 1.195e-003)  2.363e-003 ( 8.203e-004)  1.416e-001 ( 2.721e-002)  8.577e-001 ( 2.717e-002)  6.675e-004 ( 8.789e-004) 
60  9.922e-001 ( 1.472e-003)  5.285e-003 ( 1.250e-003)  2.513e-003 ( 8.274e-004)  1.417e-001 ( 2.596e-002)  8.575e-001 ( 2.591e-002)  8.205e-004 ( 1.042e-003) 
61  9.915e-001 ( 1.525e-003)  5.786e-003 ( 1.306e-003)  2.674e-003 ( 8.339e-004)  1.418e-001 ( 2.476e-002)  8.571e-001 ( 2.470e-002)  1.009e-003 ( 1.234e-003) 
62  9.908e-001 ( 1.579e-003)  6.334e-003 ( 1.363e-003)  2.844e-003 ( 8.402e-004)  1.420e-001 ( 2.362e-002)  8.568e-001 ( 2.356e-002)  1.240e-003 ( 1.459e-003) 
63  9.900e-001 ( 1.634e-003)  6.933e-003 ( 1.420e-003)  3.024e-003 ( 8.470e-004)  1.421e-001 ( 2.255e-002)  8.564e-001 ( 2.249e-002)  1.524e-003 ( 1.723e-003) 
64  9.892e-001 ( 1.690e-003)  7.588e-003 ( 1.479e-003)  3.216e-003 ( 8.549e-004)  1.422e-001 ( 2.157e-002)  8.560e-001 ( 2.150e-002)  1.873e-003 ( 2.030e-003) 
65  9.883e-001 ( 1.748e-003)  8.304e-003 ( 1.539e-003)  3.420e-003 ( 8.651e-004)  1.422e-001 ( 2.068e-002)  8.555e-001 ( 2.062e-002)  2.301e-003 ( 2.388e-003) 
66  9.873e-001 ( 1.807e-003)  9.087e-003 ( 1.601e-003)  3.637e-003 ( 8.788e-004)  1.423e-001 ( 1.990e-002)  8.549e-001 ( 1.984e-002)  2.828e-003 ( 2.802e-003) 
67  9.862e-001 ( 1.868e-003)  9.944e-003 ( 1.666e-003)  3.867e-003 ( 8.978e-004)  1.424e-001 ( 1.924e-002)  8.542e-001 ( 1.921e-002)  3.475e-003 ( 3.282e-003) 
68  9.850e-001 ( 1.933e-003)  1.088e-002 ( 1.734e-003)  4.111e-003 ( 9.241e-004)  1.424e-001 ( 1.872e-002)  8.533e-001 ( 1.872e-002)  4.269e-003 ( 3.834e-003) 
69  9.837e-001 ( 2.003e-003)  1.190e-002 ( 1.809e-003)  4.370e-003 ( 9.598e-004)  1.424e-001 ( 1.834e-002)  8.524e-001 ( 1.841e-002)  5.243e-003 ( 4.466e-003) 
70  9.823e-001 ( 2.081e-003)  1.302e-002 ( 1.893e-003)  4.644e-003 ( 1.008e-003)  1.424e-001 ( 1.812e-002)  8.512e-001 ( 1.829e-002)  6.438e-003 ( 5.186e-003) 
71  9.808e-001 ( 2.168e-003)  1.424e-002 ( 1.988e-003)  4.936e-003 ( 1.070e-003)  1.423e-001 ( 1.806e-002)  8.498e-001 ( 1.836e-002)  7.904e-003 ( 6.002e-003) 
72  9.792e-001 ( 2.270e-003)  1.557e-002 ( 2.100e-003)  5.245e-003 ( 1.149e-003)  1.422e-001 ( 1.816e-002)  8.481e-001 ( 1.864e-002)  9.700e-003 ( 6.919e-003) 
73  9.774e-001 ( 2.389e-003)  1.703e-002 ( 2.233e-003)  5.572e-003 ( 1.247e-003)  1.420e-001 ( 1.841e-002)  8.461e-001 ( 1.913e-002)  1.190e-002 ( 7.942e-003) 
74  9.755e-001 ( 2.533e-003)  1.862e-002 ( 2.395e-003)  5.919e-003 ( 1.366e-003)  1.418e-001 ( 1.881e-002)  8.436e-001 ( 1.982e-002)  1.459e-002 ( 9.071e-003) 
75  9.734e-001 ( 2.707e-003)  2.035e-002 ( 2.591e-003)  6.287e-003 ( 1.508e-003)  1.415e-001 ( 1.935e-002)  8.407e-001 ( 2.071e-002)  1.788e-002 ( 1.030e-002) 
76  9.711e-001 ( 2.919e-003)  2.224e-002 ( 2.831e-003)  6.676e-003 ( 1.675e-003)  1.410e-001 ( 2.000e-002)  8.371e-001 ( 2.176e-002)  2.189e-002 ( 1.163e-002) 
77  9.686e-001 ( 3.176e-003)  2.430e-002 ( 3.122e-003)  7.088e-003 ( 1.867e-003)  1.405e-001 ( 2.074e-002)  8.328e-001 ( 2.297e-002)  2.678e-002 ( 1.304e-002) 
78  9.659e-001 ( 3.488e-003)  2.654e-002 ( 3.474e-003)  7.523e-003 ( 2.087e-003)  1.398e-001 ( 2.155e-002)  8.275e-001 ( 2.430e-002)  3.272e-002 ( 1.450e-002) 
79  9.630e-001 ( 3.864e-003)  2.899e-002 ( 3.896e-003)  7.984e-003 ( 2.336e-003)  1.389e-001 ( 2.242e-002)  8.212e-001 ( 2.572e-002)  3.993e-002 ( 1.598e-002) 
80  9.599e-001 ( 4.311e-003)  3.165e-002 ( 4.396e-003)  8.470e-003 ( 2.615e-003)  1.377e-001 ( 2.331e-002)  8.136e-001 ( 2.719e-002)  4.864e-002 ( 1.746e-002) 
81  9.565e-001 ( 4.839e-003)  3.455e-002 ( 4.985e-003)  8.983e-003 ( 2.927e-003)  1.364e-001 ( 2.420e-002)  8.045e-001 ( 2.867e-002)  5.914e-002 ( 1.889e-002) 
82  9.528e-001 ( 5.458e-003)  3.770e-002 ( 5.671e-003)  9.525e-003 ( 3.273e-003)  1.347e-001 ( 2.507e-002)  7.936e-001 ( 3.013e-002)  7.174e-002 ( 2.026e-002) 
83  9.488e-001 ( 6.177e-003)  4.113e-002 ( 6.466e-003)  1.010e-002 ( 3.656e-003)  1.326e-001 ( 2.588e-002)  7.806e-001 ( 3.157e-002)  8.677e-002 ( 2.160e-002) 
84  9.445e-001 ( 7.006e-003)  4.485e-002 ( 7.379e-003)  1.070e-002 ( 4.076e-003)  1.302e-001 ( 2.661e-002)  7.652e-001 ( 3.303e-002)  1.046e-001 ( 2.304e-002) 
85  9.398e-001 ( 7.954e-003)  4.888e-002 ( 8.422e-003)  1.133e-002 ( 4.538e-003)  1.272e-001 ( 2.723e-002)  7.472e-001 ( 3.462e-002)  1.256e-001 ( 2.484e-002) 
86  9.347e-001 ( 9.033e-003)  5.326e-002 ( 9.607e-003)  1.199e-002 ( 5.042e-003)  1.238e-001 ( 2.772e-002)  7.261e-001 ( 3.657e-002)  1.501e-001 ( 2.743e-002) 
87  9.293e-001 ( 1.025e-002)  5.801e-002 ( 1.095e-002)  1.269e-002 ( 5.592e-003)  1.198e-001 ( 2.807e-002)  7.018e-001 ( 3.922e-002)  1.784e-001 ( 3.135e-002) 
88  9.234e-001 ( 1.163e-002)  6.314e-002 ( 1.245e-002)  1.342e-002 ( 6.190e-003)  1.152e-001 ( 2.828e-002)  6.741e-001 ( 4.297e-002)  2.107e-001 ( 3.707e-002) 
89  9.171e-001 ( 1.317e-002)  6.869e-002 ( 1.414e-002)  1.419e-002 ( 6.839e-003)  1.100e-001 ( 2.835e-002)  6.429e-001 ( 4.817e-002)  2.471e-001 ( 4.484e-002) 
90  9.103e-001 ( 1.488e-002)  7.469e-002 ( 1.603e-002)  1.499e-002 ( 7.541e-003)  1.042e-001 ( 2.830e-002)  6.083e-001 ( 5.495e-002)  2.875e-001 ( 5.454e-002) 