
#****** ******
# SEFadl.txt
#IMaCh version 0.99r45, April 2023,INED-EUROREVES-Institut de longevite-Japan Society for the Promotion of Science (Grant-in-Aid for Scientific Research 25293121), Intel Software 2015-2020, Nihon University 2021-202, INED 2000-2022
#$Revision: 1.353 $ $Date: 2023/05/08 18:48:22 $
# Tue Feb 04 22:03:38 2025
# Health expectancies with standard errors
# Age e11 (SE) e12 (SE) e1.  e21 (SE) e22 (SE) e2. 
 50   32.8828 (1.0554)    2.7408 (0.3221)   35.6236 (1.0948)   29.9498 (1.2794)    5.9897 (0.9528)   35.9395 (1.0236)
 51   31.9858 (1.0324)    2.7331 (0.3201)   34.7189 (1.0695)   29.0649 (1.2462)    5.9715 (0.9143)   35.0364 (1.0052)
 52   31.0933 (1.0107)    2.7244 (0.3181)   33.8177 (1.0455)   28.1835 (1.2153)    5.9515 (0.8765)   34.1350 (0.9889)
 53   30.2052 (0.9903)    2.7147 (0.3161)   32.9199 (1.0228)   27.3057 (1.1869)    5.9294 (0.8395)   33.2351 (0.9747)
 54   29.3218 (0.9713)    2.7039 (0.3141)   32.0257 (1.0017)   26.4313 (1.1611)    5.9050 (0.8035)   32.3363 (0.9628)
 55   28.4433 (0.9536)    2.6917 (0.3120)   31.1351 (0.9819)   25.5604 (1.1379)    5.8780 (0.7685)   31.4384 (0.9534)
 56   27.5699 (0.9372)    2.6783 (0.3098)   30.2481 (0.9637)   24.6928 (1.1175)    5.8481 (0.7347)   30.5409 (0.9465)
 57   26.7017 (0.9223)    2.6632 (0.3077)   29.3649 (0.9469)   23.8286 (1.1000)    5.8149 (0.7023)   29.6435 (0.9424)
 58   25.8390 (0.9086)    2.6466 (0.3055)   28.4856 (0.9315)   22.9674 (1.0853)    5.7782 (0.6714)   28.7456 (0.9410)
 59   24.9820 (0.8962)    2.6281 (0.3032)   27.6100 (0.9175)   22.1093 (1.0735)    5.7374 (0.6421)   27.8467 (0.9425)
 60   24.1309 (0.8849)    2.6076 (0.3009)   26.7385 (0.9048)   21.2541 (1.0645)    5.6922 (0.6147)   26.9463 (0.9469)
 61   23.2860 (0.8748)    2.5850 (0.2986)   25.8710 (0.8931)   20.4018 (1.0583)    5.6420 (0.5892)   26.0438 (0.9542)
 62   22.4476 (0.8655)    2.5601 (0.2962)   25.0076 (0.8825)   19.5522 (1.0547)    5.5863 (0.5660)   25.1385 (0.9642)
 63   21.6160 (0.8571)    2.5326 (0.2937)   24.1486 (0.8727)   18.7052 (1.0534)    5.5246 (0.5450)   24.2298 (0.9769)
 64   20.7915 (0.8494)    2.5024 (0.2910)   23.2940 (0.8636)   17.8608 (1.0541)    5.4562 (0.5263)   23.3171 (0.9918)
 65   19.9746 (0.8422)    2.4694 (0.2883)   22.4440 (0.8549)   17.0192 (1.0565)    5.3806 (0.5100)   22.3997 (1.0086)
 66   19.1657 (0.8353)    2.4332 (0.2854)   21.5990 (0.8465)   16.1803 (1.0600)    5.2970 (0.4960)   21.4773 (1.0267)
 67   18.3653 (0.8286)    2.3938 (0.2823)   20.7592 (0.8382)   15.3446 (1.0640)    5.2048 (0.4841)   20.5494 (1.0453)
 68   17.5740 (0.8220)    2.3510 (0.2789)   19.9250 (0.8299)   14.5123 (1.0678)    5.1035 (0.4740)   19.6158 (1.0637)
 69   16.7924 (0.8154)    2.3046 (0.2754)   19.0970 (0.8213)   13.6842 (1.0705)    4.9923 (0.4654)   18.6765 (1.0806)
 70   16.0212 (0.8085)    2.2545 (0.2715)   18.2757 (0.8124)   12.8611 (1.0713)    4.8708 (0.4578)   17.7319 (1.0951)
 71   15.2612 (0.8014)    2.2006 (0.2674)   17.4618 (0.8030)   12.0441 (1.0692)    4.7385 (0.4507)   16.7826 (1.1058)
 72   14.5134 (0.7940)    2.1429 (0.2629)   16.6563 (0.7932)   11.2347 (1.0633)    4.5950 (0.4434)   15.8297 (1.1114)
 73   13.7787 (0.7862)    2.0813 (0.2582)   15.8601 (0.7829)   10.4347 (1.0528)    4.4402 (0.4354)   14.8749 (1.1108)
 74   13.0583 (0.7781)    2.0161 (0.2531)   15.0744 (0.7723)    9.6463 (1.0367)    4.2741 (0.4262)   13.9204 (1.1028)
 75   12.3533 (0.7697)    1.9473 (0.2478)   14.3006 (0.7614)    8.8720 (1.0147)    4.0970 (0.4151)   12.9690 (1.0867)
 76   11.6651 (0.7611)    1.8752 (0.2423)   13.5402 (0.7505)    8.1147 (0.9862)    3.9095 (0.4019)   12.0242 (1.0618)
 77   10.9949 (0.7524)    1.8001 (0.2366)   12.7950 (0.7398)    7.3778 (0.9513)    3.7124 (0.3863)   11.0902 (1.0283)
 78   10.3442 (0.7436)    1.7225 (0.2310)   12.0667 (0.7296)    6.6647 (0.9104)    3.5069 (0.3684)   10.1716 (0.9866)
 79    9.7143 (0.7349)    1.6429 (0.2254)   11.3572 (0.7199)    5.9791 (0.8640)    3.2946 (0.3484)    9.2737 (0.9380)
 80    9.1068 (0.7263)    1.5619 (0.2200)   10.6687 (0.7111)    5.3248 (0.8134)    3.0774 (0.3269)    8.4022 (0.8843)
 81    8.5228 (0.7178)    1.4801 (0.2148)   10.0030 (0.7031)    4.7055 (0.7596)    2.8573 (0.3048)    7.5628 (0.8278)
 82    7.9636 (0.7095)    1.3985 (0.2098)    9.3621 (0.6959)    4.1245 (0.7044)    2.6368 (0.2831)    6.7614 (0.7711)
 83    7.4303 (0.7012)    1.3176 (0.2051)    8.7479 (0.6892)    3.5847 (0.6490)    2.4184 (0.2632)    6.0032 (0.7168)
 84    6.9235 (0.6930)    1.2384 (0.2005)    8.1619 (0.6830)    3.0885 (0.5949)    2.2047 (0.2461)    5.2931 (0.6672)
 85    6.4440 (0.6845)    1.1615 (0.1960)    7.6055 (0.6766)    2.6372 (0.5431)    1.9980 (0.2326)    4.6352 (0.6235)
 86    5.9919 (0.6757)    1.0878 (0.1912)    7.0796 (0.6698)    2.2317 (0.4942)    1.8006 (0.2228)    4.0323 (0.5860)
 87    5.5673 (0.6665)    1.0177 (0.1862)    6.5850 (0.6623)    1.8715 (0.4484)    1.6146 (0.2160)    3.4861 (0.5535)
 88    5.1698 (0.6566)    0.9519 (0.1807)    6.1217 (0.6536)    1.5556 (0.4056)    1.4416 (0.2114)    2.9971 (0.5244)
 89    4.7988 (0.6461)    0.8908 (0.1746)    5.6896 (0.6437)    1.2818 (0.3655)    1.2825 (0.2074)    2.5643 (0.4967)
 90    4.4536 (0.6349)    0.8345 (0.1678)    5.2881 (0.6324)    1.0474 (0.3278)    1.1383 (0.2031)    2.1856 (0.4688)
