
#****** ******
# SEFadl.txt
#IMaCh version 0.99r45, April 2023,INED-EUROREVES-Institut de longevite-Japan Society for the Promotion of Science (Grant-in-Aid for Scientific Research 25293121), Intel Software 2015-2020, Nihon University 2021-202, INED 2000-2022
#$Revision: 1.353 $ $Date: 2023/05/08 18:48:22 $
# Tue Feb 04 22:03:38 2025
# Variance and covariance of health expectancies e.j 
#  (weighted average of eij where weights are the age specific period (stable) prevalences in each health state 
# Age Cov(e.1, e.1) Cov(e.1, e.2) Cov(e.2, e.1) Cov(e.2, e.2)
50  1.1117 -0.0119 -0.0119 0.1093
51  1.0640 -0.0150 -0.0150 0.1082
52  1.0199 -0.0178 -0.0178 0.1072
53  0.9794 -0.0204 -0.0204 0.1061
54  0.9424 -0.0227 -0.0227 0.1050
55  0.9087 -0.0249 -0.0249 0.1039
56  0.8783 -0.0268 -0.0268 0.1028
57  0.8510 -0.0285 -0.0285 0.1016
58  0.8267 -0.0301 -0.0301 0.1004
59  0.8050 -0.0315 -0.0315 0.0993
60  0.7845 -0.0328 -0.0328 0.0981
61  0.7688 -0.0339 -0.0339 0.0968
62  0.7538 -0.0350 -0.0350 0.0956
63  0.7405 -0.0361 -0.0361 0.0943
64  0.7285 -0.0371 -0.0371 0.0929
65  0.7177 -0.0381 -0.0381 0.0915
66  0.7078 -0.0392 -0.0392 0.0900
67  0.6984 -0.0403 -0.0403 0.0885
68  0.6893 -0.0415 -0.0415 0.0868
69  0.6773 -0.0422 -0.0422 0.0860
70  0.6712 -0.0442 -0.0442 0.0832
71  0.6617 -0.0457 -0.0457 0.0811
72  0.6517 -0.0472 -0.0472 0.0789
73  0.6411 -0.0488 -0.0488 0.0765
74  0.6299 -0.0503 -0.0503 0.0739
75  0.6181 -0.0518 -0.0518 0.0710
76  0.6056 -0.0530 -0.0530 0.0680
77  0.5927 -0.0538 -0.0538 0.0648
78  0.5794 -0.0542 -0.0542 0.0615
79  0.5660 -0.0540 -0.0540 0.0581
80  0.5559 -0.0527 -0.0527 0.0540
81  0.5390 -0.0514 -0.0514 0.0516
82  0.5256 -0.0489 -0.0489 0.0486
83  0.5122 -0.0457 -0.0457 0.0458
84  0.4985 -0.0421 -0.0421 0.0435
85  0.4844 -0.0383 -0.0383 0.0414
86  0.4698 -0.0346 -0.0346 0.0396
87  0.4546 -0.0314 -0.0314 0.0379
88  0.4390 -0.0290 -0.0290 0.0363
89  0.4233 -0.0274 -0.0274 0.0345
90  0.4079 -0.0265 -0.0265 0.0324
