# ESFgali.txt
#IMaCh version 0.99r45, April 2023,INED-EUROREVES-Institut de longevite-Japan Society for the Promotion of Science (Grant-in-Aid for Scientific Research 25293121), Intel Software 2015-2020, Nihon University 2021-202, INED 2000-2022
#$Revision: 1.353 $ $Date: 2023/05/08 18:48:22 $
# Tue Feb 04 20:24:32 2025
# Forward period (stable) prevalence. Precision given by ftolpl=0.0006 
#Age 1-1 2-2 
#************
#Age   1-1     2-2   Total Years_to_converge
50  0.97273 0.05449 1.027 200
51  0.97054 0.05324 1.024 200
52  0.96819 0.05248 1.021 200
53  0.96568 0.05219 1.018 200
54  0.96299 0.05237 1.015 200
55  0.96011 0.05300 1.013 200
56  0.95703 0.05409 1.011 200
57  0.95375 0.05563 1.009 200
58  0.95025 0.05759 1.008 200
59  0.94652 0.05999 1.007 200
60  0.94256 0.06281 1.005 200
61  0.93835 0.06604 1.004 200
62  0.93388 0.06967 1.004 200
63  0.92915 0.07370 1.003 200
64  0.92414 0.07812 1.002 200
65  0.91886 0.08292 1.002 200
66  0.91329 0.08810 1.001 200
67  0.90742 0.09364 1.001 200
68  0.90127 0.09953 1.001 200
69  0.89483 0.10578 1.001 200
70  0.88809 0.11236 1.000 200
71  0.88106 0.11927 1.000 200
72  0.87374 0.12649 1.000 200
73  0.86615 0.13401 1.000 200
74  0.85829 0.14182 1.000 200
75  0.85018 0.14991 1.000 108
76  0.84182 0.15827 1.000 74
77  0.83324 0.16686 1.000 59
78  0.82446 0.17565 1.000 50
79  0.81549 0.18462 1.000 43
80  0.80635 0.19377 1.000 38
81  0.79707 0.20305 1.000 34
82  0.78767 0.21245 1.000 30
83  0.77816 0.22197 1.000 27
84  0.76857 0.23156 1.000 24
85  0.75891 0.24123 1.000 22
86  0.74919 0.25095 1.000 20
87  0.73942 0.26073 1.000 18
88  0.72961 0.27055 1.000 16
89  0.71974 0.28042 1.000 15
90  0.70982 0.29032 1.000 14
