# ESFgali.txt
#IMaCh version 0.99r45, April 2023,INED-EUROREVES-Institut de longevite-Japan Society for the Promotion of Science (Grant-in-Aid for Scientific Research 25293121), Intel Software 2015-2020, Nihon University 2021-202, INED 2000-2022
#$Revision: 1.353 $ $Date: 2023/05/08 18:48:22 $
# Tue Feb 04 20:24:32 2025
#One-step probabilities and correlation matrix
# Age p1-1  p1-2  p1-3  p2-1  p2-2  p2-3 
50  9.964e-001  2.835e-003  7.328e-004  6.120e-002  9.375e-001  1.288e-003 
50 1-1  1.000e+000
50 1-2 -9.168e-001  1.000e+000
50 1-3 -3.385e-001 -6.534e-002  1.000e+000
50 2-1 -3.104e-001  3.287e-001  9.615e-004  1.000e+000
50 2-2  3.096e-001 -3.316e-001  7.851e-003 -9.988e-001  1.000e+000
50 2-3 -5.109e-003  8.070e-002 -1.774e-001  4.398e-002 -9.348e-002  1.000e+000
51  9.961e-001  3.127e-003  8.145e-004  6.329e-002  9.352e-001  1.472e-003 
51 1-1  1.000e+000
51 1-2 -9.154e-001  1.000e+000
51 1-3 -3.430e-001 -6.404e-002  1.000e+000
51 2-1 -3.074e-001  3.260e-001  1.337e-003  1.000e+000
51 2-2  3.064e-001 -3.292e-001  8.504e-003 -9.985e-001  1.000e+000
51 2-3 -4.066e-003  8.058e-002 -1.780e-001  4.161e-002 -9.671e-002  1.000e+000
52  9.956e-001  3.449e-003  9.052e-004  6.544e-002  9.329e-001  1.682e-003 
52 1-1  1.000e+000
52 1-2 -9.140e-001  1.000e+000
52 1-3 -3.476e-001 -6.272e-002  1.000e+000
52 2-1 -3.042e-001  3.230e-001  1.734e-003  1.000e+000
52 2-2  3.031e-001 -3.266e-001  9.262e-003 -9.981e-001  1.000e+000
52 2-3 -3.024e-003  8.050e-002 -1.786e-001  3.912e-002 -1.005e-001  1.000e+000
53  9.952e-001  3.804e-003  1.006e-003  6.765e-002  9.304e-001  1.921e-003 
53 1-1  1.000e+000
53 1-2 -9.125e-001  1.000e+000
53 1-3 -3.522e-001 -6.140e-002  1.000e+000
53 2-1 -3.009e-001  3.200e-001  2.155e-003  1.000e+000
53 2-2  2.996e-001 -3.240e-001  1.014e-002 -9.977e-001  1.000e+000
53 2-3 -1.989e-003  8.048e-002 -1.793e-001  3.648e-002 -1.048e-001  1.000e+000
54  9.947e-001  4.196e-003  1.118e-003  6.994e-002  9.279e-001  2.194e-003 
54 1-1  1.000e+000
54 1-2 -9.110e-001  1.000e+000
54 1-3 -3.568e-001 -6.007e-002  1.000e+000
54 2-1 -2.976e-001  3.168e-001  2.601e-003  1.000e+000
54 2-2  2.960e-001 -3.212e-001  1.116e-002 -9.971e-001  1.000e+000
54 2-3 -9.633e-004  8.053e-002 -1.801e-001  3.368e-002 -1.098e-001  1.000e+000
55  9.941e-001  4.627e-003  1.242e-003  7.229e-002  9.252e-001  2.505e-003 
55 1-1  1.000e+000
55 1-2 -9.095e-001  1.000e+000
55 1-3 -3.615e-001 -5.877e-002  1.000e+000
55 2-1 -2.940e-001  3.135e-001  3.074e-003  1.000e+000
55 2-2  2.922e-001 -3.184e-001  1.233e-002 -9.964e-001  1.000e+000
55 2-3  4.716e-005  8.066e-002 -1.810e-001  3.072e-002 -1.155e-001  1.000e+000
56  9.935e-001  5.103e-003  1.380e-003  7.471e-002  9.224e-001  2.860e-003 
56 1-1  1.000e+000
56 1-2 -9.079e-001  1.000e+000
56 1-3 -3.662e-001 -5.749e-002  1.000e+000
56 2-1 -2.904e-001  3.100e-001  3.575e-003  1.000e+000
56 2-2  2.883e-001 -3.154e-001  1.369e-002 -9.955e-001  1.000e+000
56 2-3  1.036e-003  8.088e-002 -1.820e-001  2.756e-002 -1.221e-001  1.000e+000
57  9.928e-001  5.626e-003  1.534e-003  7.720e-002  9.195e-001  3.265e-003 
57 1-1  1.000e+000
57 1-2 -9.063e-001  1.000e+000
57 1-3 -3.709e-001 -5.628e-002  1.000e+000
57 2-1 -2.867e-001  3.064e-001  4.105e-003  1.000e+000
57 2-2  2.842e-001 -3.125e-001  1.526e-002 -9.944e-001  1.000e+000
57 2-3  1.997e-003  8.121e-002 -1.832e-001  2.421e-002 -1.295e-001  1.000e+000
58  9.921e-001  6.204e-003  1.704e-003  7.976e-002  9.165e-001  3.727e-003 
58 1-1  1.000e+000
58 1-2 -9.047e-001  1.000e+000
58 1-3 -3.755e-001 -5.517e-002  1.000e+000
58 2-1 -2.829e-001  3.027e-001  4.664e-003  1.000e+000
58 2-2  2.799e-001 -3.094e-001  1.707e-002 -9.931e-001  1.000e+000
58 2-3  2.920e-003  8.167e-002 -1.845e-001  2.062e-002 -1.380e-001  1.000e+000
59  9.913e-001  6.840e-003  1.893e-003  8.240e-002  9.134e-001  4.254e-003 
59 1-1  1.000e+000
59 1-2 -9.030e-001  1.000e+000
59 1-3 -3.800e-001 -5.420e-002  1.000e+000
59 2-1 -2.791e-001  2.989e-001  5.253e-003  1.000e+000
59 2-2  2.756e-001 -3.064e-001  1.916e-002 -9.914e-001  1.000e+000
59 2-3  3.794e-003  8.229e-002 -1.860e-001  1.680e-002 -1.476e-001  1.000e+000
60  9.904e-001  7.540e-003  2.103e-003  8.510e-002  9.100e-001  4.854e-003 
60 1-1  1.000e+000
60 1-2 -9.013e-001  1.000e+000
60 1-3 -3.844e-001 -5.344e-002  1.000e+000
60 2-1 -2.753e-001  2.951e-001  5.870e-003  1.000e+000
60 2-2  2.712e-001 -3.035e-001  2.159e-002 -9.893e-001  1.000e+000
60 2-3  4.605e-003  8.309e-002 -1.877e-001  1.270e-002 -1.584e-001  1.000e+000
61  9.894e-001  8.312e-003  2.336e-003  8.788e-002  9.066e-001  5.537e-003 
61 1-1  1.000e+000
61 1-2 -8.996e-001  1.000e+000
61 1-3 -3.886e-001 -5.296e-002  1.000e+000
61 2-1 -2.716e-001  2.913e-001  6.512e-003  1.000e+000
61 2-2  2.668e-001 -3.007e-001  2.439e-002 -9.867e-001  1.000e+000
61 2-3  5.337e-003  8.409e-002 -1.896e-001  8.308e-003 -1.707e-001  1.000e+000
62  9.882e-001  9.161e-003  2.594e-003  9.073e-002  9.030e-001  6.316e-003 
62 1-1  1.000e+000
62 1-2 -8.978e-001  1.000e+000
62 1-3 -3.923e-001 -5.287e-002  1.000e+000
62 2-1 -2.681e-001  2.876e-001  7.171e-003  1.000e+000
62 2-2  2.624e-001 -2.981e-001  2.764e-002 -9.835e-001  1.000e+000
62 2-3  5.970e-003  8.535e-002 -1.918e-001  3.603e-003 -1.844e-001  1.000e+000
63  9.870e-001  1.010e-002  2.881e-003  9.366e-002  8.991e-001  7.203e-003 
63 1-1  1.000e+000
63 1-2 -8.960e-001  1.000e+000
63 1-3 -3.956e-001 -5.329e-002  1.000e+000
63 2-1 -2.649e-001  2.842e-001  7.839e-003  1.000e+000
63 2-2  2.582e-001 -2.959e-001  3.139e-002 -9.796e-001  1.000e+000
63 2-3  6.480e-003  8.688e-002 -1.943e-001 -1.438e-003 -1.997e-001  1.000e+000
64  9.857e-001  1.113e-002  3.199e-003  9.665e-002  8.951e-001  8.212e-003 
64 1-1  1.000e+000
64 1-2 -8.943e-001  1.000e+000
64 1-3 -3.983e-001 -5.440e-002  1.000e+000
64 2-1 -2.622e-001  2.812e-001  8.501e-003  1.000e+000
64 2-2  2.544e-001 -2.944e-001  3.574e-002 -9.747e-001  1.000e+000
64 2-3  6.837e-003  8.875e-002 -1.971e-001 -6.833e-003 -2.167e-001  1.000e+000
65  9.842e-001  1.226e-002  3.551e-003  9.972e-002  8.909e-001  9.360e-003 
65 1-1  1.000e+000
65 1-2 -8.925e-001  1.000e+000
65 1-3 -4.000e-001 -5.640e-002  1.000e+000
65 2-1 -2.602e-001  2.789e-001  9.132e-003  1.000e+000
65 2-2  2.512e-001 -2.937e-001  4.078e-002 -9.688e-001  1.000e+000
65 2-3  7.006e-003  9.099e-002 -2.004e-001 -1.259e-002 -2.355e-001  1.000e+000
66  9.826e-001  1.350e-002  3.942e-003  1.029e-001  8.865e-001  1.067e-002 
66 1-1  1.000e+000
66 1-2 -8.908e-001  1.000e+000
66 1-3 -4.005e-001 -5.955e-002  1.000e+000
66 2-1 -2.593e-001  2.777e-001  9.702e-003  1.000e+000
66 2-2  2.488e-001 -2.941e-001  4.659e-002 -9.617e-001  1.000e+000
66 2-3  6.947e-003  9.366e-002 -2.041e-001 -1.871e-002 -2.561e-001  1.000e+000
67  9.808e-001  1.487e-002  4.375e-003  1.061e-001  8.818e-001  1.215e-002 
67 1-1  1.000e+000
67 1-2 -8.892e-001  1.000e+000
67 1-3 -3.996e-001 -6.415e-002  1.000e+000
67 2-1 -2.598e-001  2.778e-001  1.017e-002  1.000e+000
67 2-2  2.476e-001 -2.962e-001  5.328e-002 -9.532e-001  1.000e+000
67 2-3  6.613e-003  9.681e-002 -2.084e-001 -2.516e-002 -2.784e-001  1.000e+000
68  9.788e-001  1.638e-002  4.854e-003  1.093e-001  8.768e-001  1.384e-002 
68 1-1  1.000e+000
68 1-2 -8.877e-001  1.000e+000
68 1-3 -3.967e-001 -7.054e-002  1.000e+000
68 2-1 -2.623e-001  2.798e-001  1.047e-002  1.000e+000
68 2-2  2.482e-001 -3.003e-001  6.094e-002 -9.431e-001  1.000e+000
68 2-3  5.951e-003  1.005e-001 -2.132e-001 -3.188e-002 -3.022e-001  1.000e+000
69  9.766e-001  1.803e-002  5.385e-003  1.126e-001  8.716e-001  1.575e-002 
69 1-1  1.000e+000
69 1-2 -8.864e-001  1.000e+000
69 1-3 -3.915e-001 -7.905e-002  1.000e+000
69 2-1 -2.672e-001  2.842e-001  1.053e-002  1.000e+000
69 2-2  2.509e-001 -3.069e-001  6.964e-002 -9.315e-001  1.000e+000
69 2-3  4.908e-003  1.047e-001 -2.187e-001 -3.878e-002 -3.273e-001  1.000e+000
70  9.742e-001  1.985e-002  5.973e-003  1.160e-001  8.661e-001  1.792e-002 
70 1-1  1.000e+000
70 1-2 -8.853e-001  1.000e+000
70 1-3 -3.835e-001 -9.001e-002  1.000e+000
70 2-1 -2.752e-001  2.916e-001  1.026e-002  1.000e+000
70 2-2  2.564e-001 -3.165e-001  7.941e-002 -9.185e-001  1.000e+000
70 2-3  3.431e-003  1.095e-001 -2.249e-001 -4.569e-002 -3.531e-001  1.000e+000
71  9.715e-001  2.184e-002  6.623e-003  1.195e-001  8.602e-001  2.039e-002 
71 1-1  1.000e+000
71 1-2 -8.845e-001  1.000e+000
71 1-3 -3.724e-001 -1.036e-001  1.000e+000
71 2-1 -2.868e-001  3.026e-001  9.575e-003  1.000e+000
71 2-2  2.651e-001 -3.295e-001  9.024e-002 -9.043e-001  1.000e+000
71 2-3  1.475e-003  1.150e-001 -2.318e-001 -5.237e-002 -3.790e-001  1.000e+000
72  9.686e-001  2.403e-002  7.342e-003  1.229e-001  8.539e-001  2.318e-002 
72 1-1  1.000e+000
72 1-2 -8.840e-001  1.000e+000
72 1-3 -3.581e-001 -1.199e-001  1.000e+000
72 2-1 -3.023e-001  3.173e-001  8.375e-003  1.000e+000
72 2-2  2.775e-001 -3.461e-001  1.020e-001 -8.895e-001  1.000e+000
72 2-3 -9.835e-004  1.210e-001 -2.397e-001 -5.851e-002 -4.041e-001  1.000e+000
73  9.654e-001  2.643e-002  8.136e-003  1.264e-001  8.472e-001  2.634e-002 
73 1-1  1.000e+000
73 1-2 -8.839e-001  1.000e+000
73 1-3 -3.406e-001 -1.386e-001  1.000e+000
73 2-1 -3.218e-001  3.357e-001  6.598e-003  1.000e+000
73 2-2  2.935e-001 -3.661e-001  1.145e-001 -8.750e-001  1.000e+000
73 2-3 -3.940e-003  1.277e-001 -2.484e-001 -6.371e-002 -4.275e-001  1.000e+000
74  9.619e-001  2.905e-002  9.014e-003  1.300e-001  8.401e-001  2.991e-002 
74 1-1  1.000e+000
74 1-2 -8.841e-001  1.000e+000
74 1-3 -3.206e-001 -1.592e-001  1.000e+000
74 2-1 -3.449e-001  3.574e-001  4.237e-003  1.000e+000
74 2-2  3.128e-001 -3.889e-001  1.275e-001 -8.617e-001  1.000e+000
74 2-3 -7.351e-003  1.350e-001 -2.582e-001 -6.753e-002 -4.481e-001  1.000e+000
75  9.581e-001  3.193e-002  9.982e-003  1.335e-001  8.326e-001  3.394e-002 
75 1-1  1.000e+000
75 1-2 -8.845e-001  1.000e+000
75 1-3 -2.990e-001 -1.807e-001  1.000e+000
75 2-1 -3.706e-001  3.813e-001  1.357e-003  1.000e+000
75 2-2  3.347e-001 -4.137e-001  1.406e-001 -8.507e-001  1.000e+000
75 2-3 -1.112e-002  1.431e-001 -2.692e-001 -6.950e-002 -4.653e-001  1.000e+000
76  9.539e-001  3.508e-002  1.105e-002  1.370e-001  8.245e-001  3.849e-002 
76 1-1  1.000e+000
76 1-2 -8.850e-001  1.000e+000
76 1-3 -2.769e-001 -2.023e-001  1.000e+000
76 2-1 -3.974e-001  4.060e-001 -1.887e-003  1.000e+000
76 2-2  3.580e-001 -4.392e-001  1.535e-001 -8.429e-001  1.000e+000
76 2-3 -1.512e-002  1.518e-001 -2.815e-001 -6.927e-002 -4.784e-001  1.000e+000
77  9.493e-001  3.852e-002  1.223e-002  1.406e-001  8.158e-001  4.362e-002 
77 1-1  1.000e+000
77 1-2 -8.854e-001  1.000e+000
77 1-3 -2.558e-001 -2.230e-001  1.000e+000
77 2-1 -4.238e-001  4.299e-001 -5.268e-003  1.000e+000
77 2-2  3.813e-001 -4.643e-001  1.659e-001 -8.388e-001  1.000e+000
77 2-3 -1.915e-002  1.615e-001 -2.956e-001 -6.662e-002 -4.874e-001  1.000e+000
78  9.442e-001  4.228e-002  1.352e-002  1.441e-001  8.066e-001  4.939e-002 
78 1-1  1.000e+000
78 1-2 -8.854e-001  1.000e+000
78 1-3 -2.368e-001 -2.419e-001  1.000e+000
78 2-1 -4.481e-001  4.516e-001 -8.530e-003  1.000e+000
78 2-2  4.033e-001 -4.878e-001  1.776e-001 -8.384e-001  1.000e+000
78 2-3 -2.299e-002  1.721e-001 -3.117e-001 -6.158e-002 -4.924e-001  1.000e+000
79  9.387e-001  4.637e-002  1.495e-002  1.475e-001  7.966e-001  5.587e-002 
79 1-1  1.000e+000
79 1-2 -8.851e-001  1.000e+000
79 1-3 -2.206e-001 -2.586e-001  1.000e+000
79 2-1 -4.693e-001  4.702e-001 -1.143e-002  1.000e+000
79 2-2  4.228e-001 -5.088e-001  1.887e-001 -8.411e-001  1.000e+000
79 2-3 -2.638e-002  1.835e-001 -3.299e-001 -5.447e-002 -4.943e-001  1.000e+000
80  9.326e-001  5.084e-002  1.651e-002  1.508e-001  7.860e-001  6.313e-002 
80 1-1  1.000e+000
80 1-2 -8.843e-001  1.000e+000
80 1-3 -2.078e-001 -2.730e-001  1.000e+000
80 2-1 -4.866e-001  4.851e-001 -1.377e-002  1.000e+000
80 2-2  4.389e-001 -5.267e-001  1.991e-001 -8.456e-001  1.000e+000
80 2-3 -2.901e-002  1.957e-001 -3.502e-001 -4.595e-002 -4.943e-001  1.000e+000
81  9.261e-001  5.571e-002  1.823e-002  1.541e-001  7.746e-001  7.125e-002 
81 1-1  1.000e+000
81 1-2 -8.829e-001  1.000e+000
81 1-3 -1.982e-001 -2.852e-001  1.000e+000
81 2-1 -4.999e-001  4.962e-001 -1.544e-002  1.000e+000
81 2-2  4.510e-001 -5.412e-001  2.091e-001 -8.506e-001  1.000e+000
81 2-3 -3.052e-002  2.079e-001 -3.718e-001 -3.705e-002 -4.939e-001  1.000e+000
82  9.189e-001  6.099e-002  2.011e-002  1.572e-001  7.625e-001  8.031e-002 
82 1-1  1.000e+000
82 1-2 -8.810e-001  1.000e+000
82 1-3 -1.914e-001 -2.957e-001  1.000e+000
82 2-1 -5.094e-001  5.037e-001 -1.637e-002  1.000e+000
82 2-2  4.588e-001 -5.520e-001  2.187e-001 -8.543e-001  1.000e+000
82 2-3 -3.052e-002  2.192e-001 -3.931e-001 -2.925e-002 -4.946e-001  1.000e+000
83  9.111e-001  6.673e-002  2.217e-002  1.602e-001  7.494e-001  9.040e-002 
83 1-1  1.000e+000
83 1-2 -8.786e-001  1.000e+000
83 1-3 -1.872e-001 -3.047e-001  1.000e+000
83 2-1 -5.157e-001  5.081e-001 -1.655e-002  1.000e+000
83 2-2  4.622e-001 -5.590e-001  2.280e-001 -8.548e-001  1.000e+000
83 2-3 -2.867e-002  2.279e-001 -4.116e-001 -2.438e-002 -4.979e-001  1.000e+000
84  9.026e-001  7.295e-002  2.442e-002  1.630e-001  7.354e-001  1.016e-001 
84 1-1  1.000e+000
84 1-2 -8.757e-001  1.000e+000
84 1-3 -1.847e-001 -3.128e-001  1.000e+000
84 2-1 -5.192e-001  5.097e-001 -1.602e-002  1.000e+000
84 2-2  4.613e-001 -5.624e-001  2.372e-001 -8.505e-001  1.000e+000
84 2-3 -2.483e-002  2.326e-001 -4.245e-001 -2.437e-002 -5.052e-001  1.000e+000
85  8.934e-001  7.967e-002  2.688e-002  1.655e-001  7.205e-001  1.140e-001 
85 1-1  1.000e+000
85 1-2 -8.723e-001  1.000e+000
85 1-3 -1.837e-001 -3.205e-001  1.000e+000
85 2-1 -5.205e-001  5.090e-001 -1.481e-002  1.000e+000
85 2-2  4.561e-001 -5.619e-001  2.460e-001 -8.396e-001  1.000e+000
85 2-3 -1.915e-002  2.320e-001 -4.293e-001 -3.080e-002 -5.172e-001  1.000e+000
86  8.835e-001  8.694e-002  2.955e-002  1.678e-001  7.046e-001  1.277e-001 
86 1-1  1.000e+000
86 1-2 -8.685e-001  1.000e+000
86 1-3 -1.835e-001 -3.280e-001  1.000e+000
86 2-1 -5.200e-001  5.063e-001 -1.294e-002  1.000e+000
86 2-2  4.469e-001 -5.578e-001  2.544e-001 -8.207e-001  1.000e+000
86 2-3 -1.214e-002  2.263e-001 -4.257e-001 -4.444e-002 -5.344e-001  1.000e+000
87  8.728e-001  9.476e-002  3.246e-002  1.697e-001  6.876e-001  1.427e-001 
87 1-1  1.000e+000
87 1-2 -8.642e-001  1.000e+000
87 1-3 -1.838e-001 -3.357e-001  1.000e+000
87 2-1 -5.181e-001  5.019e-001 -1.047e-002  1.000e+000
87 2-2  4.340e-001 -5.502e-001  2.622e-001 -7.926e-001  1.000e+000
87 2-3 -4.432e-003  2.166e-001 -4.149e-001 -6.511e-002 -5.568e-001  1.000e+000
88  8.612e-001  1.032e-001  3.561e-002  1.713e-001  6.696e-001  1.591e-001 
88 1-1  1.000e+000
88 1-2 -8.595e-001  1.000e+000
88 1-3 -1.844e-001 -3.439e-001  1.000e+000
88 2-1 -5.151e-001  4.960e-001 -7.414e-003  1.000e+000
88 2-2  4.178e-001 -5.392e-001  2.692e-001 -7.548e-001  1.000e+000
88 2-3  3.364e-003  2.045e-001 -3.995e-001 -9.205e-002 -5.837e-001  1.000e+000
89  8.488e-001  1.122e-001  3.902e-002  1.725e-001  6.505e-001  1.770e-001 
89 1-1  1.000e+000
89 1-2 -8.544e-001  1.000e+000
89 1-3 -1.849e-001 -3.527e-001  1.000e+000
89 2-1 -5.110e-001  4.886e-001 -3.815e-003  1.000e+000
89 2-2  3.988e-001 -5.252e-001  2.753e-001 -7.069e-001  1.000e+000
89 2-3  1.085e-002  1.916e-001 -3.819e-001 -1.243e-001 -6.140e-001  1.000e+000
90  8.354e-001  1.219e-001  4.271e-002  1.733e-001  6.303e-001  1.964e-001 
90 1-1  1.000e+000
90 1-2 -8.488e-001  1.000e+000
90 1-3 -1.852e-001 -3.624e-001  1.000e+000
90 2-1 -5.061e-001  4.798e-001  2.932e-004  1.000e+000
90 2-2  3.776e-001 -5.088e-001  2.802e-001 -6.492e-001  1.000e+000
90 2-3  1.782e-002  1.788e-001 -3.638e-001 -1.609e-001 -6.462e-001  1.000e+000