
# model  
#****** Result for:******
# ESFgali.txt
#IMaCh version 0.99r45, April 2023,INED-EUROREVES-Institut de longevite-Japan Society for the Promotion of Science (Grant-in-Aid for Scientific Research 25293121), Intel Software 2015-2020, Nihon University 2021-202, INED 2000-2022
#$Revision: 1.353 $ $Date: 2023/05/08 18:48:22 $
# Tue Feb 04 20:24:32 2025
# Total life expectancy with std error and decomposition into time to be expected in each health state
#  (weighted average of eij where weights are the age specific forward period (stable) prevalences in each health state 
# Age popbased mobilav e.. (std) e.1 (std) e.2 (std) 
   50 0 0  33.858 (  3.055)  29.831 (  1.982)   4.027 (  1.187)
   51 0 0  32.773 (  2.662)  28.807 (  1.726)   3.966 (  1.063)
   52 0 0  31.709 (  2.313)  27.801 (  1.503)   3.908 (  0.951)
   53 0 0  30.665 (  2.007)  26.812 (  1.310)   3.853 (  0.852)
   54 0 0  29.639 (  1.740)  25.840 (  1.148)   3.799 (  0.765)
   55 0 0  28.631 (  1.512)  24.883 (  1.015)   3.747 (  0.688)
   56 0 0  27.639 (  1.319)  23.943 (  0.907)   3.696 (  0.622)
   57 0 0  26.663 (  1.159)  23.017 (  0.824)   3.646 (  0.564)
   58 0 0  25.703 (  1.029)  22.106 (  0.760)   3.596 (  0.515)
   59 0 0  24.757 (  0.926)  21.211 (  0.712)   3.546 (  0.473)
   60 0 0  23.825 (  0.846)  20.329 (  0.678)   3.495 (  0.437)
   61 0 0  22.906 (  0.785)  19.463 (  0.651)   3.444 (  0.407)
   62 0 0  22.002 (  0.738)  18.611 (  0.631)   3.391 (  0.381)
   63 0 0  21.110 (  0.703)  17.773 (  0.615)   3.337 (  0.359)
   64 0 0  20.232 (  0.675)  16.951 (  0.600)   3.281 (  0.341)
   65 0 0  19.367 (  0.653)  16.144 (  0.587)   3.223 (  0.325)
   66 0 0  18.515 (  0.634)  15.353 (  0.574)   3.162 (  0.311)
   67 0 0  17.678 (  0.617)  14.578 (  0.561)   3.100 (  0.300)
   68 0 0  16.854 (  0.602)  13.820 (  0.548)   3.035 (  0.289)
   69 0 0  16.046 (  0.587)  13.079 (  0.535)   2.967 (  0.280)
   70 0 0  15.253 (  0.573)  12.356 (  0.522)   2.897 (  0.271)
   71 0 0  14.475 (  0.559)  11.651 (  0.509)   2.824 (  0.263)
   72 0 0  13.715 (  0.545)  10.966 (  0.496)   2.749 (  0.256)
   73 0 0  12.973 (  0.532)  10.302 (  0.484)   2.671 (  0.250)
   74 0 0  12.248 (  0.520)   9.658 (  0.472)   2.591 (  0.244)
   75 0 0  11.544 (  0.508)   9.036 (  0.461)   2.508 (  0.238)
   76 0 0  10.860 (  0.497)   8.436 (  0.450)   2.424 (  0.233)
   77 0 0  10.197 (  0.487)   7.859 (  0.440)   2.338 (  0.229)
   78 0 0   9.556 (  0.478)   7.306 (  0.430)   2.250 (  0.226)
   79 0 0   8.938 (  0.472)   6.777 (  0.422)   2.161 (  0.222)
   80 0 0   8.344 (  0.466)   6.272 (  0.413)   2.071 (  0.220)
   81 0 0   7.774 (  0.461)   5.793 (  0.406)   1.981 (  0.217)
   82 0 0   7.230 (  0.459)   5.338 (  0.401)   1.891 (  0.215)
   83 0 0   6.711 (  0.454)   4.909 (  0.391)   1.802 (  0.215)
   84 0 0   6.218 (  0.451)   4.505 (  0.383)   1.713 (  0.215)
   85 0 0   5.752 (  0.449)   4.126 (  0.374)   1.626 (  0.215)
   86 0 0   5.311 (  0.446)   3.771 (  0.365)   1.540 (  0.215)
   87 0 0   4.898 (  0.446)   3.441 (  0.359)   1.457 (  0.214)
   88 0 0   4.510 (  0.437)   3.134 (  0.345)   1.376 (  0.216)
   89 0 0   4.147 (  0.431)   2.850 (  0.334)   1.298 (  0.216)
   90 0 0   3.810 (  0.424)   2.587 (  0.322)   1.222 (  0.216)
