# BEFgali.txt
#IMaCh version 0.99r45, April 2023,INED-EUROREVES-Institut de longevite-Japan Society for the Promotion of Science (Grant-in-Aid for Scientific Research 25293121), Intel Software 2015-2020, Nihon University 2021-202, INED 2000-2022
#$Revision: 1.353 $ $Date: 2023/05/08 18:48:22 $
# Tue Feb 04 20:24:32 2025

#****** ******
# (a) Life expectancies by health status at initial age and (b) health expectancies by health status at initial age
# Age e11  e12  e1.  e21  e22  e2. 
 50  28.1178   5.8298  33.9475  25.7613   7.5274  33.2887
 51  27.2841   5.7143  32.9985  24.8555   7.4319  32.2874
 52  26.4580   5.5964  32.0544  23.9550   7.3331  31.2881
 53  25.6397   5.4760  31.1157  23.0602   7.2309  30.2911
 54  24.8297   5.3533  30.1829  22.1716   7.1253  29.2969
 55  24.0283   5.2282  29.2565  21.2899   7.0162  28.3061
 56  23.2361   5.1009  28.3369  20.4155   6.9036  27.3191
 57  22.4534   4.9713  27.4247  19.5493   6.7875  26.3368
 58  21.6807   4.8397  26.5204  18.6919   6.6678  25.3597
 59  20.9184   4.7061  25.6245  17.8441   6.5446  24.3887
 60  20.1670   4.5707  24.7377  17.0067   6.4179  23.4246
 61  19.4269   4.4335  23.8604  16.1806   6.2878  22.4684
 62  18.6986   4.2948  22.9933  15.3668   6.1543  21.5211
 63  17.9824   4.1547  22.1371  14.5662   6.0176  20.5838
 64  17.2788   4.0134  21.2922  13.7799   5.8778  19.6576
 65  16.5882   3.8711  20.4593  13.0089   5.7349  18.7438
 66  15.9109   3.7281  19.6390  12.2543   5.5893  17.8436
 67  15.2474   3.5845  18.8319  11.5172   5.4412  16.9584
 68  14.5979   3.4406  18.0385  10.7988   5.2907  16.0894
 69  13.9627   3.2967  17.2594  10.1001   5.1381  15.2382
 70  13.3420   3.1530  16.4951   9.4223   4.9838  14.4061
 71  12.7362   3.0099  15.7461   8.7664   4.8280  13.5944
 72  12.1453   2.8676  15.0129   8.1334   4.6712  12.8046
 73  11.5696   2.7263  14.2959   7.5244   4.5136  12.0380
 74  11.0091   2.5865  13.5956   6.9401   4.3557  11.2958
 75  10.4638   2.4485  12.9123   6.3813   4.1979  10.5792
 76   9.9339   2.3124  12.2463   5.8488   4.0405   9.8893
 77   9.4193   2.1787  11.5980   5.3430   3.8840   9.2270
 78   8.9200   2.0475  10.9676   4.8644   3.7288   8.5932
 79   8.4360   1.9194  10.3553   4.4132   3.5753   7.9884
 80   7.9671   1.7944   9.7615   3.9895   3.4238   7.4133
 81   7.5134   1.6730   9.1863   3.5934   3.2747   6.8681
 82   7.0747   1.5552   8.6300   3.2245   3.1285   6.3530
 83   6.6510   1.4415   8.0926   2.8825   2.9854   5.8679
 84   6.2423   1.3321   7.5744   2.5669   2.8456   5.4125
 85   5.8485   1.2270   7.0755   2.2769   2.7096   4.9866
 86   5.4695   1.1266   6.5962   2.0118   2.5775   4.5893
 87   5.1055   1.0310   6.1365   1.7706   2.4496   4.2201
 88   4.7563   0.9403   5.6966   1.5522   2.3259   3.8781
 89   4.4221   0.8546   5.2767   1.3554   2.2067   3.5620
 90   4.1029   0.7739   4.8769   1.1790   2.0920   3.2710
