# BEFgali.txt
#IMaCh version 0.99r45, April 2023,INED-EUROREVES-Institut de longevite-Japan Society for the Promotion of Science (Grant-in-Aid for Scientific Research 25293121), Intel Software 2015-2020, Nihon University 2021-202, INED 2000-2022
#$Revision: 1.353 $ $Date: 2023/05/08 18:48:22 $
# Tue Feb 04 20:24:32 2025
# Forward period (stable) prevalence. Precision given by ftolpl=0.0006 
#Age 1-1 2-2 
#************
#Age   1-1     2-2   Total Years_to_converge
50  0.88615 0.11390 1.000 15
51  0.88301 0.11705 1.000 15
52  0.87980 0.12025 1.000 16
53  0.87652 0.12354 1.000 16
54  0.87317 0.12688 1.000 16
55  0.86975 0.13031 1.000 16
56  0.86627 0.13380 1.000 16
57  0.86273 0.13734 1.000 17
58  0.85913 0.14095 1.000 17
59  0.85546 0.14460 1.000 17
60  0.85175 0.14832 1.000 17
61  0.84799 0.15210 1.000 17
62  0.84419 0.15589 1.000 18
63  0.84035 0.15974 1.000 18
64  0.83647 0.16360 1.000 18
65  0.83258 0.16751 1.000 18
66  0.82866 0.17141 1.000 19
67  0.82475 0.17534 1.000 19
68  0.82083 0.17927 1.000 19
69  0.81693 0.18316 1.000 19
70  0.81305 0.18705 1.000 19
71  0.80921 0.19088 1.000 20
72  0.80542 0.19468 1.000 20
73  0.80170 0.19842 1.000 20
74  0.79805 0.20205 1.000 20
75  0.79450 0.20561 1.000 20
76  0.79105 0.20907 1.000 20
77  0.78773 0.21238 1.000 21
78  0.78455 0.21557 1.000 21
79  0.78152 0.21859 1.000 21
80  0.77866 0.22146 1.000 21
81  0.77598 0.22414 1.000 21
82  0.77349 0.22664 1.000 21
83  0.77120 0.22891 1.000 22
84  0.76913 0.23100 1.000 22
85  0.76726 0.23287 1.000 22
86  0.76560 0.23454 1.000 22
87  0.76414 0.23597 1.000 22
88  0.76288 0.23724 1.000 22
89  0.76179 0.23834 1.000 22
90  0.76086 0.23928 1.000 22
