# BEFgali.txt
#IMaCh version 0.99r45, April 2023,INED-EUROREVES-Institut de longevite-Japan Society for the Promotion of Science (Grant-in-Aid for Scientific Research 25293121), Intel Software 2015-2020, Nihon University 2021-202, INED 2000-2022
#$Revision: 1.353 $ $Date: 2023/05/08 18:48:22 $
# Tue Feb 04 20:24:32 2025
# probabilities of dying before estepm=6 months for people of exact age and weighted probabilities w1*p1j+w2*p2j+... stand dev in()
# Selected quantitative variables and dummies
# Age cov=1 p.3 SE w1 p13 w2 p23
 50 1   6.201e-004  3.260e-004  8.862e-001  1.336e-004   1.139e-001  4.405e-003 
 51 1   7.020e-004  3.496e-004  8.830e-001  1.549e-004   1.171e-001  4.829e-003 
 52 1   7.946e-004  3.741e-004  8.798e-001  1.797e-004   1.203e-001  5.293e-003 
 53 1   8.994e-004  3.997e-004  8.765e-001  2.084e-004   1.235e-001  5.801e-003 
 54 1   1.018e-003  4.260e-004  8.732e-001  2.416e-004   1.269e-001  6.357e-003 
 55 1   1.151e-003  4.532e-004  8.698e-001  2.802e-004   1.303e-001  6.965e-003 
 56 1   1.302e-003  4.812e-004  8.663e-001  3.249e-004   1.338e-001  7.630e-003 
 57 1   1.473e-003  5.097e-004  8.627e-001  3.768e-004   1.373e-001  8.357e-003 
 58 1   1.665e-003  5.388e-004  8.591e-001  4.369e-004   1.409e-001  9.152e-003 
 59 1   1.882e-003  5.685e-004  8.555e-001  5.066e-004   1.446e-001  1.002e-002 
 60 1   2.128e-003  5.988e-004  8.518e-001  5.874e-004   1.483e-001  1.097e-002 
 61 1   2.404e-003  6.298e-004  8.480e-001  6.812e-004   1.521e-001  1.201e-002 
 62 1   2.715e-003  6.615e-004  8.442e-001  7.898e-004   1.559e-001  1.314e-002 
 63 1   3.066e-003  6.947e-004  8.403e-001  9.158e-004   1.597e-001  1.438e-002 
 64 1   3.461e-003  7.296e-004  8.365e-001  1.062e-003   1.636e-001  1.573e-002 
 65 1   3.906e-003  7.672e-004  8.326e-001  1.231e-003   1.675e-001  1.720e-002 
 66 1   4.406e-003  8.342e-004  8.287e-001  1.427e-003   1.714e-001  1.880e-002 
 67 1   4.969e-003  8.554e-004  8.247e-001  1.655e-003   1.753e-001  2.055e-002 
 68 1   5.602e-003  9.090e-004  8.208e-001  1.918e-003   1.793e-001  2.246e-002 
 69 1   6.312e-003  9.715e-004  8.169e-001  2.224e-003   1.832e-001  2.454e-002 
 70 1   7.110e-003  1.045e-003  8.131e-001  2.578e-003   1.870e-001  2.681e-002 
 71 1   8.005e-003  1.131e-003  8.092e-001  2.988e-003   1.909e-001  2.927e-002 
 72 1   9.010e-003  1.230e-003  8.054e-001  3.463e-003   1.947e-001  3.195e-002 
 73 1   1.014e-002  1.345e-003  8.017e-001  4.013e-003   1.984e-001  3.487e-002 
 74 1   1.140e-002  1.474e-003  7.980e-001  4.650e-003   2.020e-001  3.804e-002 
 75 1   1.281e-002  1.617e-003  7.945e-001  5.388e-003   2.056e-001  4.148e-002 
 76 1   1.439e-002  1.771e-003  7.911e-001  6.243e-003   2.091e-001  4.522e-002 
 77 1   1.616e-002  1.934e-003  7.877e-001  7.231e-003   2.124e-001  4.927e-002 
 78 1   1.814e-002  2.101e-003  7.845e-001  8.375e-003   2.156e-001  5.366e-002 
 79 1   2.035e-002  2.299e-003  7.815e-001  9.698e-003   2.186e-001  5.841e-002 
 80 1   2.282e-002  2.439e-003  7.787e-001  1.123e-002   2.215e-001  6.355e-002 
 81 1   2.557e-002  2.617e-003  7.760e-001  1.299e-002   2.241e-001  6.911e-002 
 82 1   2.865e-002  2.821e-003  7.735e-001  1.504e-002   2.266e-001  7.511e-002 
 83 1   3.209e-002  3.096e-003  7.712e-001  1.739e-002   2.289e-001  8.158e-002 
 84 1   3.592e-002  3.519e-003  7.691e-001  2.011e-002   2.310e-001  8.855e-002 
 85 1   4.020e-002  4.199e-003  7.673e-001  2.324e-002   2.329e-001  9.605e-002 
 86 1   4.497e-002  5.261e-003  7.656e-001  2.685e-002   2.345e-001  1.041e-001 
 87 1   5.029e-002  6.830e-003  7.641e-001  3.100e-002   2.360e-001  1.127e-001 
 88 1   5.622e-002  9.023e-003  7.629e-001  3.576e-002   2.372e-001  1.220e-001 
 89 1   6.284e-002  1.196e-002  7.618e-001  4.123e-002   2.383e-001  1.319e-001 
 90 1   7.021e-002  1.578e-002  7.609e-001  4.749e-002   2.393e-001  1.424e-001 
