# BEFgali.txt
#IMaCh version 0.99r45, April 2023,INED-EUROREVES-Institut de longevite-Japan Society for the Promotion of Science (Grant-in-Aid for Scientific Research 25293121), Intel Software 2015-2020, Nihon University 2021-202, INED 2000-2022
#$Revision: 1.353 $ $Date: 2023/05/08 18:48:22 $
# Tue Feb 04 20:24:32 2025
#One-step probabilities and correlation matrix
# Age p1-1  p1-2  p1-3  p2-1  p2-2  p2-3 
50  9.701e-001  2.972e-002  1.336e-004  2.138e-001  7.818e-001  4.405e-003 
50 1-1  1.000e+000
50 1-2 -9.988e-001  1.000e+000
50 1-3  5.395e-001 -5.798e-001  1.000e+000
50 2-1 -3.058e-001  2.992e-001 -5.654e-002  1.000e+000
50 2-2  3.767e-001 -3.754e-001  1.881e-001 -9.887e-001  1.000e+000
50 2-3 -5.073e-001  5.418e-001 -8.832e-001  3.922e-002 -1.886e-001  1.000e+000
51  9.697e-001  3.011e-002  1.549e-004  2.095e-001  7.857e-001  4.829e-003 
51 1-1  1.000e+000
51 1-2 -9.984e-001  1.000e+000
51 1-3  5.324e-001 -5.794e-001  1.000e+000
51 2-1 -3.081e-001  3.004e-001 -5.608e-002  1.000e+000
51 2-2  3.858e-001 -3.850e-001  2.031e-001 -9.858e-001  1.000e+000
51 2-3 -5.012e-001  5.416e-001 -8.832e-001  3.919e-002 -2.061e-001  1.000e+000
52  9.693e-001  3.050e-002  1.797e-004  2.052e-001  7.896e-001  5.293e-003 
52 1-1  1.000e+000
52 1-2 -9.978e-001  1.000e+000
52 1-3  5.237e-001 -5.788e-001  1.000e+000
52 2-1 -3.105e-001  3.015e-001 -5.547e-002  1.000e+000
52 2-2  3.953e-001 -3.954e-001  2.195e-001 -9.823e-001  1.000e+000
52 2-3 -4.938e-001  5.411e-001 -8.831e-001  3.893e-002 -2.253e-001  1.000e+000
53  9.689e-001  3.089e-002  2.084e-004  2.009e-001  7.933e-001  5.801e-003 
53 1-1  1.000e+000
53 1-2 -9.970e-001  1.000e+000
53 1-3  5.132e-001 -5.779e-001  1.000e+000
53 2-1 -3.132e-001  3.027e-001 -5.468e-002  1.000e+000
53 2-2  4.051e-001 -4.066e-001  2.376e-001 -9.779e-001  1.000e+000
53 2-3 -4.848e-001  5.403e-001 -8.830e-001  3.842e-002 -2.463e-001  1.000e+000
54  9.685e-001  3.129e-002  2.416e-004  1.967e-001  7.969e-001  6.357e-003 
54 1-1  1.000e+000
54 1-2 -9.959e-001  1.000e+000
54 1-3  5.005e-001 -5.766e-001  1.000e+000
54 2-1 -3.161e-001  3.039e-001 -5.370e-002  1.000e+000
54 2-2  4.150e-001 -4.185e-001  2.574e-001 -9.725e-001  1.000e+000
54 2-3 -4.738e-001  5.391e-001 -8.828e-001  3.763e-002 -2.692e-001  1.000e+000
55  9.680e-001  3.170e-002  2.802e-004  1.926e-001  8.005e-001  6.965e-003 
55 1-1  1.000e+000
55 1-2 -9.944e-001  1.000e+000
55 1-3  4.850e-001 -5.748e-001  1.000e+000
55 2-1 -3.193e-001  3.051e-001 -5.249e-002  1.000e+000
55 2-2  4.246e-001 -4.311e-001  2.789e-001 -9.659e-001  1.000e+000
55 2-3 -4.603e-001  5.375e-001 -8.826e-001  3.653e-002 -2.941e-001  1.000e+000
56  9.676e-001  3.211e-002  3.249e-004  1.885e-001  8.039e-001  7.630e-003 
56 1-1  1.000e+000
56 1-2 -9.923e-001  1.000e+000
56 1-3  4.660e-001 -5.724e-001  1.000e+000
56 2-1 -3.227e-001  3.063e-001 -5.103e-002  1.000e+000
56 2-2  4.335e-001 -4.442e-001  3.022e-001 -9.578e-001  1.000e+000
56 2-3 -4.437e-001  5.352e-001 -8.824e-001  3.508e-002 -3.209e-001  1.000e+000
57  9.671e-001  3.253e-002  3.768e-004  1.845e-001  8.072e-001  8.357e-003 
57 1-1  1.000e+000
57 1-2 -9.893e-001  1.000e+000
57 1-3  4.428e-001 -5.691e-001  1.000e+000
57 2-1 -3.264e-001  3.074e-001 -4.929e-002  1.000e+000
57 2-2  4.408e-001 -4.576e-001  3.272e-001 -9.480e-001  1.000e+000
57 2-3 -4.234e-001  5.321e-001 -8.821e-001  3.324e-002 -3.497e-001  1.000e+000
58  9.666e-001  3.295e-002  4.369e-004  1.805e-001  8.103e-001  9.152e-003 
58 1-1  1.000e+000
58 1-2 -9.851e-001  1.000e+000
58 1-3  4.143e-001 -5.648e-001  1.000e+000
58 2-1 -3.303e-001  3.084e-001 -4.724e-002  1.000e+000
58 2-2  4.457e-001 -4.710e-001  3.537e-001 -9.362e-001  1.000e+000
58 2-3 -3.983e-001  5.280e-001 -8.818e-001  3.098e-002 -3.802e-001  1.000e+000
59  9.661e-001  3.337e-002  5.066e-004  1.766e-001  8.134e-001  1.002e-002 
59 1-1  1.000e+000
59 1-2 -9.791e-001  1.000e+000
59 1-3  3.792e-001 -5.593e-001  1.000e+000
59 2-1 -3.344e-001  3.094e-001 -4.484e-002  1.000e+000
59 2-2  4.467e-001 -4.840e-001  3.815e-001 -9.224e-001  1.000e+000
59 2-3 -3.674e-001  5.227e-001 -8.814e-001  2.825e-002 -4.122e-001  1.000e+000
60  9.656e-001  3.380e-002  5.874e-004  1.727e-001  8.163e-001  1.097e-002 
60 1-1  1.000e+000
60 1-2 -9.708e-001  1.000e+000
60 1-3  3.359e-001 -5.520e-001  1.000e+000
60 2-1 -3.383e-001  3.102e-001 -4.207e-002  1.000e+000
60 2-2  4.422e-001 -4.959e-001  4.102e-001 -9.062e-001  1.000e+000
60 2-3 -3.291e-001  5.157e-001 -8.809e-001  2.502e-002 -4.453e-001  1.000e+000
61  9.651e-001  3.424e-002  6.812e-004  1.689e-001  8.191e-001  1.201e-002 
61 1-1  1.000e+000
61 1-2 -9.592e-001  1.000e+000
61 1-3  2.829e-001 -5.427e-001  1.000e+000
61 2-1 -3.418e-001  3.108e-001 -3.890e-002  1.000e+000
61 2-2  4.300e-001 -5.062e-001  4.394e-001 -8.878e-001  1.000e+000
61 2-3 -2.822e-001  5.067e-001 -8.803e-001  2.127e-002 -4.790e-001  1.000e+000
62  9.645e-001  3.468e-002  7.898e-004  1.652e-001  8.217e-001  1.314e-002 
62 1-1  1.000e+000
62 1-2 -9.431e-001  1.000e+000
62 1-3  2.186e-001 -5.307e-001  1.000e+000
62 2-1 -3.444e-001  3.111e-001 -3.532e-002  1.000e+000
62 2-2  4.078e-001 -5.138e-001  4.685e-001 -8.672e-001  1.000e+000
62 2-3 -2.250e-001  4.952e-001 -8.796e-001  1.698e-002 -5.127e-001  1.000e+000
63  9.640e-001  3.512e-002  9.158e-004  1.615e-001  8.241e-001  1.438e-002 
63 1-1  1.000e+000
63 1-2 -9.213e-001  1.000e+000
63 1-3  1.416e-001 -5.154e-001  1.000e+000
63 2-1 -3.452e-001  3.111e-001 -3.133e-002  1.000e+000
63 2-2  3.730e-001 -5.180e-001  4.967e-001 -8.446e-001  1.000e+000
63 2-3 -1.564e-001  4.805e-001 -8.787e-001  1.215e-002 -5.456e-001  1.000e+000
64  9.634e-001  3.557e-002  1.062e-003  1.578e-001  8.264e-001  1.573e-002 
64 1-1  1.000e+000
64 1-2 -8.930e-001  1.000e+000
64 1-3  5.223e-002 -4.960e-001  1.000e+000
64 2-1 -3.433e-001  3.106e-001 -2.696e-002  1.000e+000
64 2-2  3.241e-001 -5.177e-001  5.235e-001 -8.207e-001  1.000e+000
64 2-3 -7.655e-002  4.620e-001 -8.776e-001  6.819e-003 -5.769e-001  1.000e+000
65  9.627e-001  3.603e-002  1.231e-003  1.542e-001  8.286e-001  1.720e-002 
65 1-1  1.000e+000
65 1-2 -8.582e-001  1.000e+000
65 1-3 -4.765e-002 -4.718e-001  1.000e+000
65 2-1 -3.377e-001  3.095e-001 -2.225e-002  1.000e+000
65 2-2  2.608e-001 -5.119e-001  5.480e-001 -7.961e-001  1.000e+000
65 2-3  1.290e-002  4.389e-001 -8.763e-001  1.046e-003 -6.060e-001  1.000e+000
66  9.621e-001  3.649e-002  1.427e-003  1.507e-001  8.305e-001  1.880e-002 
66 1-1  1.000e+000
66 1-2 -8.185e-001  1.000e+000
66 1-3 -1.535e-001 -4.421e-001  1.000e+000
66 2-1 -3.280e-001  3.077e-001 -1.730e-002  1.000e+000
66 2-2  1.855e-001 -4.997e-001  5.698e-001 -7.716e-001  1.000e+000
66 2-3  1.079e-001  4.107e-001 -8.747e-001 -5.061e-003 -6.321e-001  1.000e+000
67  9.614e-001  3.695e-002  1.655e-003  1.472e-001  8.323e-001  2.055e-002 
67 1-1  1.000e+000
67 1-2 -7.773e-001  1.000e+000
67 1-3 -2.588e-001 -4.064e-001  1.000e+000
67 2-1 -3.142e-001  3.051e-001 -1.221e-002  1.000e+000
67 2-2  1.031e-001 -4.805e-001  5.881e-001 -7.483e-001  1.000e+000
67 2-3  2.025e-001  3.767e-001 -8.726e-001 -1.136e-002 -6.548e-001  1.000e+000
68  9.607e-001  3.742e-002  1.918e-003  1.437e-001  8.338e-001  2.246e-002 
68 1-1  1.000e+000
68 1-2 -7.397e-001  1.000e+000
68 1-3 -3.569e-001 -3.647e-001  1.000e+000
68 2-1 -2.974e-001  3.016e-001 -7.139e-003  1.000e+000
68 2-2  2.035e-002 -4.544e-001  6.027e-001 -7.272e-001  1.000e+000
68 2-3  2.906e-001  3.372e-001 -8.701e-001 -1.768e-002 -6.735e-001  1.000e+000
69  9.599e-001  3.789e-002  2.224e-003  1.403e-001  8.352e-001  2.454e-002 
69 1-1  1.000e+000
69 1-2 -7.100e-001  1.000e+000
69 1-3 -4.424e-001 -3.174e-001  1.000e+000
69 2-1 -2.792e-001  2.970e-001 -2.260e-003  1.000e+000
69 2-2 -5.627e-002 -4.219e-001  6.132e-001 -7.090e-001  1.000e+000
69 2-3  3.671e-001  2.925e-001 -8.669e-001 -2.383e-002 -6.881e-001  1.000e+000
70  9.591e-001  3.837e-002  2.578e-003  1.369e-001  8.363e-001  2.681e-002 
70 1-1  1.000e+000
70 1-2 -6.912e-001  1.000e+000
70 1-3 -5.128e-001 -2.659e-001  1.000e+000
70 2-1 -2.614e-001  2.916e-001  2.257e-003  1.000e+000
70 2-2 -1.220e-001 -3.844e-001  6.194e-001 -6.946e-001  1.000e+000
70 2-3  4.295e-001  2.440e-001 -8.628e-001 -2.961e-002 -6.985e-001  1.000e+000
71  9.582e-001  3.885e-002  2.988e-003  1.336e-001  8.371e-001  2.927e-002 
71 1-1  1.000e+000
71 1-2 -6.839e-001  1.000e+000
71 1-3 -5.680e-001 -2.120e-001  1.000e+000
71 2-1 -2.451e-001  2.855e-001  6.256e-003  1.000e+000
71 2-2 -1.742e-001 -3.438e-001  6.211e-001 -6.845e-001  1.000e+000
71 2-3  4.773e-001  1.934e-001 -8.575e-001 -3.488e-002 -7.047e-001  1.000e+000
72  9.572e-001  3.933e-002  3.463e-003  1.303e-001  8.377e-001  3.195e-002 
72 1-1  1.000e+000
72 1-2 -6.867e-001  1.000e+000
72 1-3 -6.093e-001 -1.580e-001  1.000e+000
72 2-1 -2.310e-001  2.789e-001  9.618e-003  1.000e+000
72 2-2 -2.121e-001 -3.025e-001  6.182e-001 -6.790e-001  1.000e+000
72 2-3  5.113e-001  1.430e-001 -8.506e-001 -3.954e-002 -7.067e-001  1.000e+000
73  9.562e-001  3.981e-002  4.013e-003  1.270e-001  8.381e-001  3.487e-002 
73 1-1  1.000e+000
73 1-2 -6.975e-001  1.000e+000
73 1-3 -6.385e-001 -1.062e-001  1.000e+000
73 2-1 -2.193e-001  2.719e-001  1.228e-002  1.000e+000
73 2-2 -2.362e-001 -2.630e-001  6.102e-001 -6.783e-001  1.000e+000
73 2-3  5.329e-001  9.500e-002 -8.415e-001 -4.355e-002 -7.046e-001  1.000e+000
74  9.550e-001  4.030e-002  4.650e-003  1.238e-001  8.381e-001  3.804e-002 
74 1-1  1.000e+000
74 1-2 -7.139e-001  1.000e+000
74 1-3 -6.572e-001 -5.861e-002  1.000e+000
74 2-1 -2.100e-001  2.649e-001  1.424e-002  1.000e+000
74 2-2 -2.469e-001 -2.274e-001  5.967e-001 -6.823e-001  1.000e+000
74 2-3  5.429e-001  5.128e-002 -8.292e-001 -4.697e-002 -6.983e-001  1.000e+000
75  9.538e-001  4.079e-002  5.388e-003  1.207e-001  8.379e-001  4.148e-002 
75 1-1  1.000e+000
75 1-2 -7.339e-001  1.000e+000
75 1-3 -6.667e-001 -1.692e-002  1.000e+000
75 2-1 -2.029e-001  2.580e-001  1.558e-002  1.000e+000
75 2-2 -2.448e-001 -1.973e-001  5.769e-001 -6.907e-001  1.000e+000
75 2-3  5.418e-001  1.356e-002 -8.124e-001 -4.996e-002 -6.877e-001  1.000e+000
76  9.525e-001  4.128e-002  6.243e-003  1.175e-001  8.373e-001  4.522e-002 
76 1-1  1.000e+000
76 1-2 -7.562e-001  1.000e+000
76 1-3 -6.674e-001  1.739e-002  1.000e+000
76 2-1 -1.978e-001  2.511e-001  1.652e-002  1.000e+000
76 2-2 -2.300e-001 -1.741e-001  5.495e-001 -7.031e-001  1.000e+000
76 2-3  5.288e-001 -1.672e-002 -7.890e-001 -5.282e-002 -6.729e-001  1.000e+000
77  9.510e-001  4.177e-002  7.231e-003  1.144e-001  8.363e-001  4.927e-002 
77 1-1  1.000e+000
77 1-2 -7.796e-001  1.000e+000
77 1-3 -6.590e-001  4.272e-002  1.000e+000
77 2-1 -1.948e-001  2.443e-001  1.742e-002  1.000e+000
77 2-2 -2.022e-001 -1.586e-001  5.130e-001 -7.188e-001  1.000e+000
77 2-3  5.024e-001 -3.807e-002 -7.558e-001 -5.598e-002 -6.539e-001  1.000e+000
78  9.494e-001  4.226e-002  8.375e-003  1.113e-001  8.350e-001  5.366e-002 
78 1-1  1.000e+000
78 1-2 -8.035e-001  1.000e+000
78 1-3 -6.399e-001  5.671e-002  1.000e+000
78 2-1 -1.940e-001  2.374e-001  1.891e-002  1.000e+000
78 2-2 -1.607e-001 -1.516e-001  4.652e-001 -7.366e-001  1.000e+000
78 2-3  4.597e-001 -4.859e-002 -7.082e-001 -6.006e-002 -6.309e-001  1.000e+000
79  9.476e-001  4.274e-002  9.698e-003  1.083e-001  8.333e-001  5.841e-002 
79 1-1  1.000e+000
79 1-2 -8.267e-001  1.000e+000
79 1-3 -6.075e-001  5.535e-002  1.000e+000
79 2-1 -1.957e-001  2.304e-001  2.209e-002  1.000e+000
79 2-2 -1.051e-001 -1.537e-001  4.035e-001 -7.544e-001  1.000e+000
79 2-3  3.971e-001 -4.571e-002 -6.402e-001 -6.589e-002 -6.053e-001  1.000e+000
80  9.455e-001  4.323e-002  1.123e-002  1.053e-001  8.312e-001  6.355e-002 
80 1-1  1.000e+000
80 1-2 -8.476e-001  1.000e+000
80 1-3 -5.571e-001  3.154e-002  1.000e+000
80 2-1 -2.005e-001  2.229e-001  2.874e-002  1.000e+000
80 2-2 -3.587e-002 -1.654e-001  3.264e-001 -7.693e-001  1.000e+000
80 2-3  3.117e-001 -2.615e-002 -5.461e-001 -7.437e-002 -5.799e-001  1.000e+000
81  9.433e-001  4.370e-002  1.299e-002  1.023e-001  8.286e-001  6.911e-002 
81 1-1  1.000e+000
81 1-2 -8.623e-001  1.000e+000
81 1-3 -4.845e-001 -2.526e-002  1.000e+000
81 2-1 -2.091e-001  2.150e-001  4.141e-002  1.000e+000
81 2-2  4.349e-002 -1.868e-001  2.369e-001 -7.770e-001  1.000e+000
81 2-3  2.063e-001  1.282e-002 -4.294e-001 -8.617e-002 -5.602e-001  1.000e+000
82  9.408e-001  4.417e-002  1.504e-002  9.934e-002  8.255e-001  7.511e-002 
82 1-1  1.000e+000
82 1-2 -8.631e-001  1.000e+000
82 1-3 -3.963e-001 -1.217e-001  1.000e+000
82 2-1 -2.222e-001  2.063e-001  6.169e-002  1.000e+000
82 2-2  1.232e-001 -2.175e-001  1.533e-001 -7.717e-001  1.000e+000
82 2-3  9.799e-002  7.038e-002 -3.205e-001 -1.011e-001 -5.547e-001  1.000e+000
83  9.380e-001  4.463e-002  1.739e-002  9.641e-002  8.220e-001  8.158e-002 
83 1-1  1.000e+000
83 1-2 -8.359e-001  1.000e+000
83 1-3 -3.332e-001 -2.390e-001  1.000e+000
83 2-1 -2.396e-001  1.966e-001  8.608e-002  1.000e+000
83 2-2  1.833e-001 -2.557e-001  1.148e-001 -7.477e-001  1.000e+000
83 2-3  2.194e-002  1.393e-001 -2.781e-001 -1.178e-001 -5.713e-001  1.000e+000
84  9.348e-001  4.508e-002  2.011e-002  9.351e-002  8.179e-001  8.855e-002 
84 1-1  1.000e+000
84 1-2 -7.605e-001  1.000e+000
84 1-3 -3.551e-001 -3.371e-001  1.000e+000
84 2-1 -2.588e-001  1.858e-001  1.077e-001  1.000e+000
84 2-2  1.940e-001 -2.981e-001  1.480e-001 -7.008e-001  1.000e+000
84 2-3  1.740e-002  2.082e-001 -3.249e-001 -1.350e-001 -6.123e-001  1.000e+000
85  9.312e-001  4.551e-002  2.324e-002  9.062e-002  8.133e-001  9.605e-002 
85 1-1  1.000e+000
85 1-2 -6.217e-001  1.000e+000
85 1-3 -4.678e-001 -4.014e-001  1.000e+000
85 2-1 -2.746e-001  1.736e-001  1.252e-001  1.000e+000
85 2-2  1.296e-001 -3.412e-001  2.334e-001 -6.312e-001  1.000e+000
85 2-3  9.742e-002  2.687e-001 -4.172e-001 -1.520e-001 -6.706e-001  1.000e+000
86  9.272e-001  4.592e-002  2.685e-002  8.776e-002  8.081e-001  1.041e-001 
86 1-1  1.000e+000
86 1-2 -4.315e-001  1.000e+000
86 1-3 -6.175e-001 -4.431e-001  1.000e+000
86 2-1 -2.822e-001  1.597e-001  1.412e-001  1.000e+000
86 2-2 -4.146e-003 -3.814e-001  3.367e-001 -5.440e-001  1.000e+000
86 2-3  2.330e-001  3.189e-001 -5.096e-001 -1.696e-001 -7.347e-001  1.000e+000
87  9.227e-001  4.631e-002  3.100e-002  8.493e-002  8.023e-001  1.127e-001 
87 1-1  1.000e+000
87 1-2 -2.280e-001  1.000e+000
87 1-3 -7.491e-001 -4.742e-001  1.000e+000
87 2-1 -2.827e-001  1.438e-001  1.578e-001  1.000e+000
87 2-2 -1.676e-001 -4.172e-001  4.354e-001 -4.469e-001  1.000e+000
87 2-3  3.760e-001  3.604e-001 -5.852e-001 -1.883e-001 -7.944e-001  1.000e+000
88  9.176e-001  4.667e-002  3.576e-002  8.211e-002  7.959e-001  1.220e-001 
88 1-1  1.000e+000
88 1-2 -4.485e-002  1.000e+000
88 1-3 -8.420e-001 -5.011e-001  1.000e+000
88 2-1 -2.814e-001  1.257e-001  1.759e-001  1.000e+000
88 2-2 -3.208e-001 -4.485e-001  5.201e-001 -3.474e-001  1.000e+000
88 2-3  4.953e-001  3.960e-001 -6.429e-001 -2.088e-001 -8.445e-001  1.000e+000
89  9.118e-001  4.700e-002  4.123e-002  7.932e-002  7.888e-001  1.319e-001 
89 1-1  1.000e+000
89 1-2  1.062e-001  1.000e+000
89 1-3 -9.010e-001 -5.270e-001  1.000e+000
89 2-1 -2.826e-001  1.051e-001  1.957e-001  1.000e+000
89 2-2 -4.456e-001 -4.763e-001  5.886e-001 -2.508e-001  1.000e+000
89 2-3  5.844e-001  4.279e-001 -6.862e-001 -2.311e-001 -8.838e-001  1.000e+000
90  9.052e-001  4.729e-002  4.749e-002  7.654e-002  7.810e-001  1.424e-001 
90 1-1  1.000e+000
90 1-2  2.278e-001  1.000e+000
90 1-3 -9.372e-001 -5.532e-001  1.000e+000
90 2-1 -2.882e-001  8.163e-002  2.173e-001  1.000e+000
90 2-2 -5.408e-001 -5.018e-001  6.425e-001 -1.598e-001  1.000e+000
90 2-3  6.484e-001  4.578e-001 -7.188e-001 -2.555e-001 -9.135e-001  1.000e+000