# BEFgali.txt
#IMaCh version 0.99r45, April 2023,INED-EUROREVES-Institut de longevite-Japan Society for the Promotion of Science (Grant-in-Aid for Scientific Research 25293121), Intel Software 2015-2020, Nihon University 2021-202, INED 2000-2022
#$Revision: 1.353 $ $Date: 2023/05/08 18:48:22 $
# Tue Feb 04 20:24:32 2025
#One-step probabilities and covariance matrix
# Age p1-1  p1-2  p1-3  p2-1  p2-2  p2-3 
50  9.701e-001  2.972e-002  1.336e-004  2.138e-001  7.818e-001  4.405e-003 
50 1-1  2.852e-005
50 1-2 -2.944e-005  3.046e-005
50 1-3  9.178e-007 -1.019e-006  1.014e-007
50 2-1 -4.753e-005  4.805e-005 -5.240e-007  8.467e-004
50 2-2  5.957e-005 -6.134e-005  1.774e-006 -8.517e-004  8.766e-004
50 2-3 -1.204e-005  1.329e-005 -1.250e-006  5.071e-006 -2.482e-005  1.975e-005
51  9.697e-001  3.011e-002  1.549e-004  2.095e-001  7.857e-001  4.829e-003 
51 1-1  2.660e-005
51 1-2 -2.758e-005  2.870e-005
51 1-3  9.833e-007 -1.112e-006  1.283e-007
51 2-1 -4.380e-005  4.436e-005 -5.537e-007  7.600e-004
51 2-2  5.601e-005 -5.806e-005  2.047e-006 -7.651e-004  7.926e-004
51 2-3 -1.221e-005  1.370e-005 -1.494e-006  5.102e-006 -2.741e-005  2.231e-005
52  9.693e-001  3.050e-002  1.797e-004  2.052e-001  7.896e-001  5.293e-003 
52 1-1  2.470e-005
52 1-2 -2.574e-005  2.695e-005
52 1-3  1.047e-006 -1.209e-006  1.618e-007
52 2-1 -4.026e-005  4.084e-005 -5.822e-007  6.807e-004
52 2-2  5.256e-005 -5.493e-005  2.363e-006 -6.858e-004  7.160e-004
52 2-3 -1.230e-005  1.408e-005 -1.781e-006  5.092e-006 -3.023e-005  2.514e-005
53  9.689e-001  3.089e-002  2.084e-004  2.009e-001  7.933e-001  5.801e-003 
53 1-1  2.282e-005
53 1-2 -2.393e-005  2.524e-005
53 1-3  1.107e-006 -1.311e-006  2.038e-007
53 2-1 -3.690e-005  3.751e-005 -6.088e-007  6.082e-004
53 2-2  4.921e-005 -5.194e-005  2.728e-006 -6.132e-004  6.465e-004
53 2-3 -1.231e-005  1.443e-005 -2.119e-006  5.037e-006 -3.329e-005  2.826e-005
54  9.685e-001  3.129e-002  2.416e-004  1.967e-001  7.969e-001  6.357e-003 
54 1-1  2.099e-005
54 1-2 -2.215e-005  2.357e-005
54 1-3  1.160e-006 -1.416e-006  2.560e-007
54 2-1 -3.372e-005  3.436e-005 -6.327e-007  5.423e-004
54 2-2  4.594e-005 -4.909e-005  3.147e-006 -5.472e-004  5.838e-004
54 2-3 -1.222e-005  1.473e-005 -2.514e-006  4.933e-006 -3.662e-005  3.168e-005
55  9.680e-001  3.170e-002  2.802e-004  1.926e-001  8.005e-001  6.965e-003 
55 1-1  1.920e-005
55 1-2 -2.041e-005  2.193e-005
55 1-3  1.204e-006 -1.525e-006  3.209e-007
55 2-1 -3.073e-005  3.139e-005 -6.532e-007  4.826e-004
55 2-2  4.274e-005 -4.637e-005  3.629e-006 -4.873e-004  5.276e-004
55 2-3 -1.201e-005  1.498e-005 -2.976e-006  4.777e-006 -4.021e-005  3.543e-005
56  9.676e-001  3.211e-002  3.249e-004  1.885e-001  8.039e-001  7.630e-003 
56 1-1  1.748e-005
56 1-2 -1.871e-005  2.035e-005
56 1-3  1.234e-006 -1.635e-006  4.012e-007
56 2-1 -2.793e-005  2.860e-005 -6.692e-007  4.287e-004
56 2-2  3.960e-005 -4.378e-005  4.182e-006 -4.333e-004  4.773e-004
56 2-3 -1.166e-005  1.517e-005 -3.513e-006  4.565e-006 -4.407e-005  3.951e-005
57  9.671e-001  3.253e-002  3.768e-004  1.845e-001  8.072e-001  8.357e-003 
57 1-1  1.583e-005
57 1-2 -1.708e-005  1.882e-005
57 1-3  1.246e-006 -1.746e-006  5.002e-007
57 2-1 -2.533e-005  2.601e-005 -6.798e-007  3.803e-004
57 2-2  3.649e-005 -4.130e-005  4.814e-006 -3.846e-004  4.328e-004
57 2-3 -1.116e-005  1.530e-005 -4.134e-006  4.296e-006 -4.821e-005  4.391e-005
58  9.666e-001  3.295e-002  4.369e-004  1.805e-001  8.103e-001  9.152e-003 
58 1-1  1.427e-005
58 1-2 -1.551e-005  1.736e-005
58 1-3  1.234e-006 -1.856e-006  6.217e-007
58 2-1 -2.291e-005  2.360e-005 -6.838e-007  3.371e-004
58 2-2  3.341e-005 -3.894e-005  5.534e-006 -3.411e-004  3.937e-004
58 2-3 -1.050e-005  1.535e-005 -4.850e-006  3.967e-006 -5.262e-005  4.865e-005
59  9.661e-001  3.337e-002  5.066e-004  1.766e-001  8.134e-001  1.002e-002 
59 1-1  1.282e-005
59 1-2 -1.401e-005  1.597e-005
59 1-3  1.191e-006 -1.962e-006  7.702e-007
59 2-1 -2.069e-005  2.137e-005 -6.802e-007  2.988e-004
59 2-2  3.033e-005 -3.668e-005  6.350e-006 -3.024e-004  3.597e-004
59 2-3 -9.639e-006  1.531e-005 -5.669e-006  3.579e-006 -5.729e-005  5.371e-005
60  9.656e-001  3.380e-002  5.874e-004  1.727e-001  8.163e-001  1.097e-002 
60 1-1  1.149e-005
60 1-2 -1.260e-005  1.467e-005
60 1-3  1.111e-006 -2.062e-006  9.510e-007
60 2-1 -1.867e-005  1.934e-005 -6.678e-007  2.650e-004
60 2-2  2.725e-005 -3.452e-005  7.271e-006 -2.681e-004  3.303e-004
60 2-3 -8.576e-006  1.518e-005 -6.603e-006  3.131e-006 -6.221e-005  5.907e-005
61  9.651e-001  3.424e-002  6.812e-004  1.689e-001  8.191e-001  1.201e-002 
61 1-1  1.031e-005
61 1-2 -1.130e-005  1.345e-005
61 1-3  9.827e-007 -2.152e-006  1.170e-006
61 2-1 -1.684e-005  1.749e-005 -6.454e-007  2.354e-004
61 2-2  2.413e-005 -3.244e-005  8.304e-006 -2.380e-004  3.053e-004
61 2-3 -7.290e-006  1.495e-005 -7.659e-006  2.625e-006 -6.733e-005  6.471e-005
62  9.645e-001  3.468e-002  7.898e-004  1.652e-001  8.217e-001  1.314e-002 
62 1-1  9.304e-006
62 1-2 -1.010e-005  1.233e-005
62 1-3  7.980e-007 -2.231e-006  1.433e-006
62 2-1 -1.521e-005  1.582e-005 -6.122e-007  2.097e-004
62 2-2  2.097e-005 -3.043e-005  9.456e-006 -2.118e-004  2.844e-004
62 2-3 -5.764e-006  1.461e-005 -8.844e-006  2.066e-006 -7.263e-005  7.056e-005
63  9.640e-001  3.512e-002  9.158e-004  1.615e-001  8.241e-001  1.438e-002 
63 1-1  8.488e-006
63 1-2 -9.034e-006  1.133e-005
63 1-3  5.455e-007 -2.292e-006  1.747e-006
63 2-1 -1.378e-005  1.434e-005 -5.673e-007  1.877e-004
63 2-2  1.776e-005 -2.850e-005  1.073e-005 -1.891e-004  2.671e-004
63 2-3 -3.988e-006  1.415e-005 -1.016e-005  1.457e-006 -7.803e-005  7.658e-005
64  9.634e-001  3.557e-002  1.062e-003  1.578e-001  8.264e-001  1.573e-002 
64 1-1  7.893e-006
64 1-2 -8.107e-006  1.044e-005
64 1-3  2.137e-007 -2.333e-006  2.120e-006
64 2-1 -1.254e-005  1.305e-005 -5.102e-007  1.690e-004
64 2-2  1.449e-005 -2.662e-005  1.213e-005 -1.698e-004  2.532e-004
64 2-3 -1.955e-006  1.357e-005 -1.162e-005  8.059e-007 -8.348e-005  8.268e-005
65  9.627e-001  3.603e-002  1.231e-003  1.542e-001  8.286e-001  1.720e-002 
65 1-1  7.546e-006
65 1-2 -7.337e-006  9.685e-006
65 1-3 -2.093e-007 -2.348e-006  2.558e-006
65 2-1 -1.149e-005  1.193e-005 -4.407e-007  1.533e-004
65 2-2  1.115e-005 -2.480e-005  1.364e-005 -1.535e-004  2.423e-004
65 2-3  3.339e-007  1.287e-005 -1.320e-005  1.221e-007 -8.888e-005  8.876e-005
66  9.621e-001  3.649e-002  1.427e-003  1.507e-001  8.305e-001  1.880e-002 
66 1-1  7.475e-006
66 1-2 -6.740e-006  9.073e-006
66 1-3 -7.350e-007 -2.332e-006  3.067e-006
66 2-1 -1.063e-005  1.099e-005 -3.591e-007  1.405e-004
66 2-2  7.759e-006 -2.303e-005  1.527e-005 -1.400e-004  2.341e-004
66 2-3  2.870e-006  1.204e-005 -1.491e-005 -5.839e-007 -9.411e-005  9.470e-005
67  9.614e-001  3.695e-002  1.655e-003  1.472e-001  8.323e-001  2.055e-002 
67 1-1  7.708e-006
67 1-2 -6.334e-006  8.615e-006
67 1-3 -1.374e-006 -2.280e-006  3.654e-006
67 2-1 -9.956e-006  1.022e-005 -2.664e-007  1.303e-004
67 2-2  4.323e-006 -2.130e-005  1.698e-005 -1.290e-004  2.280e-004
67 2-3  5.633e-006  1.108e-005 -1.671e-005 -1.299e-006 -9.905e-005  1.003e-004
68  9.607e-001  3.742e-002  1.918e-003  1.437e-001  8.338e-001  2.246e-002 
68 1-1  8.270e-006
68 1-2 -6.137e-006  8.323e-006
68 1-3 -2.133e-006 -2.187e-006  4.319e-006
68 2-1 -9.460e-006  9.624e-006 -1.641e-007  1.224e-004
68 2-2  8.755e-007 -1.962e-005  1.874e-005 -1.204e-004  2.239e-004
68 2-3  8.585e-006  9.993e-006 -1.858e-005 -2.009e-006 -1.035e-004  1.055e-004
69  9.599e-001  3.789e-002  2.224e-003  1.403e-001  8.352e-001  2.454e-002 
69 1-1  9.182e-006
69 1-2 -6.165e-006  8.212e-006
69 1-3 -3.016e-006 -2.047e-006  5.063e-006
69 2-1 -9.135e-006  9.190e-006 -5.490e-008  1.165e-004
69 2-2 -2.536e-006 -1.798e-005  2.052e-005 -1.139e-004  2.212e-004
69 2-3  1.167e-005  8.795e-006 -2.047e-005 -2.699e-006 -1.074e-004  1.101e-004
70  9.591e-001  3.837e-002  2.578e-003  1.369e-001  8.363e-001  2.681e-002 
70 1-1  1.046e-005
70 1-2 -6.438e-006  8.294e-006
70 1-3 -4.020e-006 -1.856e-006  5.876e-006
70 2-1 -8.970e-006  8.912e-006  5.805e-008  1.126e-004
70 2-2 -5.846e-006 -1.641e-005  2.225e-005 -1.092e-004  2.197e-004
70 2-3  1.482e-005  7.496e-006 -2.231e-005 -3.352e-006 -1.105e-004  1.138e-004
71  9.582e-001  3.885e-002  2.988e-003  1.336e-001  8.371e-001  2.927e-002 
71 1-1  1.210e-005
71 1-2 -6.970e-006  8.584e-006
71 1-3 -5.132e-006 -1.613e-006  6.745e-006
71 2-1 -8.955e-006  8.784e-006  1.706e-007  1.103e-004
71 2-2 -8.962e-006 -1.490e-005  2.386e-005 -1.063e-004  2.188e-004
71 2-3  1.792e-005  6.116e-006 -2.403e-005 -3.953e-006 -1.125e-004  1.165e-004
72  9.572e-001  3.933e-002  3.463e-003  1.303e-001  8.377e-001  3.195e-002 
72 1-1  1.410e-005
72 1-2 -7.778e-006  9.096e-006
72 1-3 -6.327e-006 -1.318e-006  7.644e-006
72 2-1 -9.076e-006  8.798e-006  2.782e-007  1.094e-004
72 2-2 -1.177e-005 -1.348e-005  2.525e-005 -1.049e-004  2.183e-004
72 2-3  2.085e-005  4.683e-006 -2.553e-005 -4.490e-006 -1.134e-004  1.178e-004
73  9.562e-001  3.981e-002  4.013e-003  1.270e-001  8.381e-001  3.487e-002 
73 1-1  1.643e-005
73 1-2 -8.873e-006  9.846e-006
73 1-3 -7.562e-006 -9.737e-007  8.536e-006
73 2-1 -9.320e-006  8.944e-006  3.760e-007  1.099e-004
73 2-2 -1.413e-005 -1.218e-005  2.631e-005 -1.049e-004  2.177e-004
73 2-3  2.345e-005  3.235e-006 -2.668e-005 -4.953e-006 -1.128e-004  1.178e-004
74  9.550e-001  4.030e-002  4.650e-003  1.238e-001  8.381e-001  3.804e-002 
74 1-1  1.904e-005
74 1-2 -1.026e-005  1.085e-005
74 1-3 -8.777e-006 -5.910e-007  9.368e-006
74 2-1 -9.669e-006  9.209e-006  4.598e-007  1.113e-004
74 2-2 -1.586e-005 -1.103e-005  2.689e-005 -1.060e-004  2.168e-004
74 2-3  2.553e-005  1.821e-006 -2.735e-005 -5.341e-006 -1.108e-004  1.161e-004
75  9.538e-001  4.079e-002  5.388e-003  1.207e-001  8.379e-001  4.148e-002 
75 1-1  2.183e-005
75 1-2 -1.194e-005  1.213e-005
75 1-3 -9.887e-006 -1.870e-007  1.007e-005
75 2-1 -1.011e-005  9.583e-006  5.276e-007  1.138e-004
75 2-2 -1.678e-005 -1.008e-005  2.687e-005 -1.081e-004  2.153e-004
75 2-3  2.689e-005  5.017e-007 -2.739e-005 -5.661e-006 -1.072e-004  1.129e-004
76  9.525e-001  4.128e-002  6.243e-003  1.175e-001  8.373e-001  4.522e-002 
76 1-1  2.470e-005
76 1-2 -1.391e-005  1.370e-005
76 1-3 -1.079e-005  2.094e-007  1.058e-005
76 2-1 -1.063e-005  1.005e-005  5.811e-007  1.169e-004
76 2-2 -1.668e-005 -9.407e-006  2.609e-005 -1.110e-004  2.131e-004
76 2-3  2.731e-005 -6.433e-007 -2.667e-005 -5.936e-006 -1.021e-004  1.080e-004
77  9.510e-001  4.177e-002  7.231e-003  1.144e-001  8.363e-001  4.927e-002 
77 1-1  2.749e-005
77 1-2 -1.614e-005  1.558e-005
77 1-3 -1.136e-005  5.542e-007  1.080e-005
77 2-1 -1.122e-005  1.059e-005  6.290e-007  1.207e-004
77 2-2 -1.537e-005 -9.077e-006  2.444e-005 -1.145e-004  2.101e-004
77 2-3  2.659e-005 -1.517e-006 -2.507e-005 -6.207e-006 -9.567e-005  1.019e-004
78  9.494e-001  4.226e-002  8.375e-003  1.113e-001  8.350e-001  5.366e-002 
78 1-1  3.004e-005
78 1-2 -1.858e-005  1.780e-005
78 1-3 -1.146e-005  7.820e-007  1.068e-005
78 2-1 -1.188e-005  1.119e-005  6.909e-007  1.249e-004
78 2-2 -1.267e-005 -9.197e-006  2.186e-005 -1.184e-004  2.068e-004
78 2-3  2.455e-005 -1.997e-006 -2.255e-005 -6.540e-006 -8.839e-005  9.493e-005
79  9.476e-001  4.274e-002  9.698e-003  1.083e-001  8.333e-001  5.841e-002 
79 1-1  3.219e-005
79 1-2 -2.117e-005  2.037e-005
79 1-3 -1.102e-005  7.986e-007  1.022e-005
79 2-1 -1.263e-005  1.183e-005  8.034e-007  1.295e-004
79 2-2 -8.505e-006 -9.895e-006  1.840e-005 -1.224e-004  2.034e-004
79 2-3  2.114e-005 -1.936e-006 -1.920e-005 -7.035e-006 -8.101e-005  8.805e-005
80  9.455e-001  4.323e-002  1.123e-002  1.053e-001  8.312e-001  6.355e-002 
80 1-1  3.380e-005
80 1-2 -2.380e-005  2.333e-005
80 1-3 -9.998e-006  4.702e-007  9.527e-006
80 2-1 -1.351e-005  1.248e-005  1.028e-006  1.343e-004
80 2-2 -2.957e-006 -1.133e-005  1.429e-005 -1.264e-004  2.012e-004
80 2-3  1.646e-005 -1.148e-006 -1.532e-005 -7.830e-006 -7.473e-005  8.256e-005
81  9.433e-001  4.370e-002  1.299e-002  1.023e-001  8.286e-001  6.911e-002 
81 1-1  3.488e-005
81 1-2 -2.632e-005  2.671e-005
81 1-3 -8.562e-006 -3.907e-007  8.953e-006
81 2-1 -1.457e-005  1.311e-005  1.462e-006  1.392e-004
81 2-2  3.645e-006 -1.370e-005  1.006e-005 -1.301e-004  2.013e-004
81 2-3  1.092e-005  5.939e-007 -1.152e-005 -9.114e-006 -7.127e-005  8.038e-005
82  9.408e-001  4.417e-002  1.504e-002  9.934e-002  8.255e-001  7.511e-002 
82 1-1  3.570e-005
82 1-2 -2.850e-005  3.055e-005
82 1-3 -7.198e-006 -2.045e-006  9.243e-006
82 2-1 -1.594e-005  1.369e-005  2.251e-006  1.441e-004
82 2-2  1.057e-005 -1.726e-005  6.689e-006 -1.330e-004  2.060e-004
82 2-3  5.371e-006  3.569e-006 -8.940e-006 -1.113e-005 -7.304e-005  8.418e-005
83  9.380e-001  4.463e-002  1.739e-002  9.641e-002  8.220e-001  8.158e-002 
83 1-1  3.699e-005
83 1-2 -3.003e-005  3.488e-005
83 1-3 -6.967e-006 -4.852e-006  1.182e-005
83 2-1 -1.779e-005  1.418e-005  3.612e-006  1.490e-004
83 2-2  1.647e-005 -2.230e-005  5.829e-006 -1.348e-004  2.181e-004
83 2-3  1.318e-006  8.123e-006 -9.442e-006 -1.421e-005 -8.334e-005  9.754e-005
84  9.348e-001  4.508e-002  2.011e-002  9.351e-002  8.179e-001  8.855e-002 
84 1-1  4.033e-005
84 1-2 -3.045e-005  3.976e-005
84 1-3 -9.876e-006 -9.309e-006  1.919e-005
84 2-1 -2.038e-005  1.453e-005  5.851e-006  1.538e-004
84 2-2  1.915e-005 -2.922e-005  1.007e-005 -1.351e-004  2.415e-004
84 2-3  1.236e-006  1.469e-005 -1.592e-005 -1.873e-005 -1.065e-004  1.252e-004
85  9.312e-001  4.551e-002  2.324e-002  9.062e-002  8.133e-001  9.605e-002 
85 1-1  4.860e-005
85 1-2 -2.916e-005  4.525e-005
85 1-3 -1.944e-005 -1.610e-005  3.554e-005
85 2-1 -2.409e-005  1.470e-005  9.394e-006  1.584e-004
85 2-2  1.515e-005 -3.849e-005  2.333e-005 -1.332e-004  2.812e-004
85 2-3  8.938e-006  2.379e-005 -3.273e-005 -2.518e-005 -1.480e-004  1.732e-004
86  9.272e-001  4.592e-002  2.685e-002  8.776e-002  8.081e-001  1.041e-001 
86 1-1  6.683e-005
86 1-2 -2.530e-005  5.144e-005
86 1-3 -4.153e-005 -2.614e-005  6.767e-005
86 2-1 -2.944e-005  1.462e-005  1.482e-005  1.629e-004
86 2-2 -6.284e-007 -5.072e-005  5.134e-005 -1.287e-004  3.437e-004
86 2-3  3.007e-005  3.610e-005 -6.617e-005 -3.416e-005 -2.150e-004  2.491e-004
87  9.227e-001  4.631e-002  3.100e-002  8.493e-002  8.023e-001  1.127e-001 
87 1-1  1.032e-004
87 1-2 -1.770e-005  5.842e-005
87 1-3 -8.550e-005 -4.072e-005  1.262e-004
87 2-1 -3.713e-005  1.421e-005  2.292e-005  1.671e-004
87 2-2 -3.559e-005 -6.665e-005  1.022e-004 -1.207e-004  4.368e-004
87 2-3  7.272e-005  5.244e-005 -1.252e-004 -4.634e-005 -3.161e-004  3.624e-004
88  9.176e-001  4.667e-002  3.576e-002  8.211e-002  7.959e-001  1.220e-001 
88 1-1  1.707e-004
88 1-2 -4.772e-006  6.633e-005
88 1-3 -1.659e-004 -6.156e-005  2.275e-004
88 2-1 -4.809e-005  1.339e-005  3.470e-005  1.711e-004
88 2-2 -1.001e-004 -8.724e-005  1.874e-004 -1.085e-004  5.705e-004
88 2-3  1.482e-004  7.385e-005 -2.221e-004 -6.253e-005 -4.619e-004  5.245e-004
89  9.118e-001  4.700e-002  4.123e-002  7.932e-002  7.888e-001  1.319e-001 
89 1-1  2.892e-004
89 1-2  1.567e-005  7.532e-005
89 1-3 -3.048e-004 -9.099e-005  3.958e-004
89 2-1 -6.355e-005  1.206e-005  5.149e-005  1.748e-004
89 2-2 -2.084e-004 -1.137e-004  3.221e-004 -9.121e-005  7.563e-004
89 2-3  2.719e-004  1.016e-004 -3.735e-004 -8.363e-005 -6.651e-004  7.487e-004
90  9.052e-001  4.729e-002  4.749e-002  7.654e-002  7.810e-001  1.424e-001 
90 1-1  4.882e-004
90 1-2  4.657e-005  8.561e-005
90 1-3 -5.348e-004 -1.322e-004  6.670e-004
90 2-1 -8.505e-005  1.009e-005  7.496e-005  1.784e-004
90 2-2 -3.794e-004 -1.474e-004  5.269e-004 -6.778e-005  1.008e-003
90 2-3  4.645e-004  1.373e-004 -6.018e-004 -1.106e-004 -9.403e-004  1.051e-003