# BEFgali.txt
#IMaCh version 0.99r45, April 2023,INED-EUROREVES-Institut de longevite-Japan Society for the Promotion of Science (Grant-in-Aid for Scientific Research 25293121), Intel Software 2015-2020, Nihon University 2021-202, INED 2000-2022
#$Revision: 1.353 $ $Date: 2023/05/08 18:48:22 $
# Tue Feb 04 20:24:32 2025
#One-step probabilities and stand. devi in ()
# Age p1-1 (SE) p1-2 (SE) p1-3 (SE) p2-1 (SE) p2-2 (SE) p2-3 (SE)
50  9.701e-001 ( 5.341e-003)  2.972e-002 ( 5.519e-003)  1.336e-004 ( 3.185e-004)  2.138e-001 ( 2.910e-002)  7.818e-001 ( 2.961e-002)  4.405e-003 ( 4.444e-003) 
51  9.697e-001 ( 5.158e-003)  3.011e-002 ( 5.357e-003)  1.549e-004 ( 3.581e-004)  2.095e-001 ( 2.757e-002)  7.857e-001 ( 2.815e-002)  4.829e-003 ( 4.723e-003) 
52  9.693e-001 ( 4.970e-003)  3.050e-002 ( 5.192e-003)  1.797e-004 ( 4.023e-004)  2.052e-001 ( 2.609e-002)  7.896e-001 ( 2.676e-002)  5.293e-003 ( 5.014e-003) 
53  9.689e-001 ( 4.777e-003)  3.089e-002 ( 5.024e-003)  2.084e-004 ( 4.514e-004)  2.009e-001 ( 2.466e-002)  7.933e-001 ( 2.543e-002)  5.801e-003 ( 5.316e-003) 
54  9.685e-001 ( 4.581e-003)  3.129e-002 ( 4.854e-003)  2.416e-004 ( 5.060e-004)  1.967e-001 ( 2.329e-002)  7.969e-001 ( 2.416e-002)  6.357e-003 ( 5.629e-003) 
55  9.680e-001 ( 4.382e-003)  3.170e-002 ( 4.683e-003)  2.802e-004 ( 5.665e-004)  1.926e-001 ( 2.197e-002)  8.005e-001 ( 2.297e-002)  6.965e-003 ( 5.952e-003) 
56  9.676e-001 ( 4.181e-003)  3.211e-002 ( 4.511e-003)  3.249e-004 ( 6.334e-004)  1.885e-001 ( 2.070e-002)  8.039e-001 ( 2.185e-002)  7.630e-003 ( 6.285e-003) 
57  9.671e-001 ( 3.979e-003)  3.253e-002 ( 4.338e-003)  3.768e-004 ( 7.072e-004)  1.845e-001 ( 1.950e-002)  8.072e-001 ( 2.080e-002)  8.357e-003 ( 6.627e-003) 
58  9.666e-001 ( 3.778e-003)  3.295e-002 ( 4.167e-003)  4.369e-004 ( 7.885e-004)  1.805e-001 ( 1.836e-002)  8.103e-001 ( 1.984e-002)  9.152e-003 ( 6.975e-003) 
59  9.661e-001 ( 3.580e-003)  3.337e-002 ( 3.997e-003)  5.066e-004 ( 8.776e-004)  1.766e-001 ( 1.729e-002)  8.134e-001 ( 1.896e-002)  1.002e-002 ( 7.329e-003) 
60  9.656e-001 ( 3.390e-003)  3.380e-002 ( 3.830e-003)  5.874e-004 ( 9.752e-004)  1.727e-001 ( 1.628e-002)  8.163e-001 ( 1.817e-002)  1.097e-002 ( 7.686e-003) 
61  9.651e-001 ( 3.212e-003)  3.424e-002 ( 3.667e-003)  6.812e-004 ( 1.082e-003)  1.689e-001 ( 1.534e-002)  8.191e-001 ( 1.747e-002)  1.201e-002 ( 8.044e-003) 
62  9.645e-001 ( 3.050e-003)  3.468e-002 ( 3.512e-003)  7.898e-004 ( 1.197e-003)  1.652e-001 ( 1.448e-002)  8.217e-001 ( 1.686e-002)  1.314e-002 ( 8.400e-003) 
63  9.640e-001 ( 2.913e-003)  3.512e-002 ( 3.365e-003)  9.158e-004 ( 1.322e-003)  1.615e-001 ( 1.370e-002)  8.241e-001 ( 1.634e-002)  1.438e-002 ( 8.751e-003) 
64  9.634e-001 ( 2.809e-003)  3.557e-002 ( 3.231e-003)  1.062e-003 ( 1.456e-003)  1.578e-001 ( 1.300e-002)  8.264e-001 ( 1.591e-002)  1.573e-002 ( 9.093e-003) 
65  9.627e-001 ( 2.747e-003)  3.603e-002 ( 3.112e-003)  1.231e-003 ( 1.599e-003)  1.542e-001 ( 1.238e-002)  8.286e-001 ( 1.557e-002)  1.720e-002 ( 9.421e-003) 
66  9.621e-001 ( 2.734e-003)  3.649e-002 ( 3.012e-003)  1.427e-003 ( 1.751e-003)  1.507e-001 ( 1.185e-002)  8.305e-001 ( 1.530e-002)  1.880e-002 ( 9.731e-003) 
67  9.614e-001 ( 2.776e-003)  3.695e-002 ( 2.935e-003)  1.655e-003 ( 1.912e-003)  1.472e-001 ( 1.141e-002)  8.323e-001 ( 1.510e-002)  2.055e-002 ( 1.002e-002) 
68  9.607e-001 ( 2.876e-003)  3.742e-002 ( 2.885e-003)  1.918e-003 ( 2.078e-003)  1.437e-001 ( 1.106e-002)  8.338e-001 ( 1.496e-002)  2.246e-002 ( 1.027e-002) 
69  9.599e-001 ( 3.030e-003)  3.789e-002 ( 2.866e-003)  2.224e-003 ( 2.250e-003)  1.403e-001 ( 1.080e-002)  8.352e-001 ( 1.487e-002)  2.454e-002 ( 1.049e-002) 
70  9.591e-001 ( 3.234e-003)  3.837e-002 ( 2.880e-003)  2.578e-003 ( 2.424e-003)  1.369e-001 ( 1.061e-002)  8.363e-001 ( 1.482e-002)  2.681e-002 ( 1.067e-002) 
71  9.582e-001 ( 3.479e-003)  3.885e-002 ( 2.930e-003)  2.988e-003 ( 2.597e-003)  1.336e-001 ( 1.050e-002)  8.371e-001 ( 1.479e-002)  2.927e-002 ( 1.079e-002) 
72  9.572e-001 ( 3.756e-003)  3.933e-002 ( 3.016e-003)  3.463e-003 ( 2.765e-003)  1.303e-001 ( 1.046e-002)  8.377e-001 ( 1.478e-002)  3.195e-002 ( 1.086e-002) 
73  9.562e-001 ( 4.054e-003)  3.981e-002 ( 3.138e-003)  4.013e-003 ( 2.922e-003)  1.270e-001 ( 1.048e-002)  8.381e-001 ( 1.476e-002)  3.487e-002 ( 1.085e-002) 
74  9.550e-001 ( 4.363e-003)  4.030e-002 ( 3.294e-003)  4.650e-003 ( 3.061e-003)  1.238e-001 ( 1.055e-002)  8.381e-001 ( 1.472e-002)  3.804e-002 ( 1.078e-002) 
75  9.538e-001 ( 4.672e-003)  4.079e-002 ( 3.483e-003)  5.388e-003 ( 3.174e-003)  1.207e-001 ( 1.067e-002)  8.379e-001 ( 1.467e-002)  4.148e-002 ( 1.062e-002) 
76  9.525e-001 ( 4.970e-003)  4.128e-002 ( 3.701e-003)  6.243e-003 ( 3.252e-003)  1.175e-001 ( 1.081e-002)  8.373e-001 ( 1.460e-002)  4.522e-002 ( 1.039e-002) 
77  9.510e-001 ( 5.243e-003)  4.177e-002 ( 3.947e-003)  7.231e-003 ( 3.286e-003)  1.144e-001 ( 1.099e-002)  8.363e-001 ( 1.450e-002)  4.927e-002 ( 1.009e-002) 
78  9.494e-001 ( 5.481e-003)  4.226e-002 ( 4.219e-003)  8.375e-003 ( 3.268e-003)  1.113e-001 ( 1.118e-002)  8.350e-001 ( 1.438e-002)  5.366e-002 ( 9.743e-003) 
79  9.476e-001 ( 5.674e-003)  4.274e-002 ( 4.514e-003)  9.698e-003 ( 3.197e-003)  1.083e-001 ( 1.138e-002)  8.333e-001 ( 1.426e-002)  5.841e-002 ( 9.383e-003) 
80  9.455e-001 ( 5.814e-003)  4.323e-002 ( 4.830e-003)  1.123e-002 ( 3.087e-003)  1.053e-001 ( 1.159e-002)  8.312e-001 ( 1.418e-002)  6.355e-002 ( 9.086e-003) 
81  9.433e-001 ( 5.906e-003)  4.370e-002 ( 5.168e-003)  1.299e-002 ( 2.992e-003)  1.023e-001 ( 1.180e-002)  8.286e-001 ( 1.419e-002)  6.911e-002 ( 8.965e-003) 
82  9.408e-001 ( 5.975e-003)  4.417e-002 ( 5.527e-003)  1.504e-002 ( 3.040e-003)  9.934e-002 ( 1.200e-002)  8.255e-001 ( 1.435e-002)  7.511e-002 ( 9.175e-003) 
83  9.380e-001 ( 6.082e-003)  4.463e-002 ( 5.906e-003)  1.739e-002 ( 3.438e-003)  9.641e-002 ( 1.221e-002)  8.220e-001 ( 1.477e-002)  8.158e-002 ( 9.876e-003) 
84  9.348e-001 ( 6.350e-003)  4.508e-002 ( 6.306e-003)  2.011e-002 ( 4.380e-003)  9.351e-002 ( 1.240e-002)  8.179e-001 ( 1.554e-002)  8.855e-002 ( 1.119e-002) 
85  9.312e-001 ( 6.972e-003)  4.551e-002 ( 6.727e-003)  2.324e-002 ( 5.962e-003)  9.062e-002 ( 1.259e-002)  8.133e-001 ( 1.677e-002)  9.605e-002 ( 1.316e-002) 
86  9.272e-001 ( 8.175e-003)  4.592e-002 ( 7.172e-003)  2.685e-002 ( 8.226e-003)  8.776e-002 ( 1.276e-002)  8.081e-001 ( 1.854e-002)  1.041e-001 ( 1.578e-002) 
87  9.227e-001 ( 1.016e-002)  4.631e-002 ( 7.644e-003)  3.100e-002 ( 1.123e-002)  8.493e-002 ( 1.293e-002)  8.023e-001 ( 2.090e-002)  1.127e-001 ( 1.904e-002) 
88  9.176e-001 ( 1.307e-002)  4.667e-002 ( 8.144e-003)  3.576e-002 ( 1.508e-002)  8.211e-002 ( 1.308e-002)  7.959e-001 ( 2.388e-002)  1.220e-001 ( 2.290e-002) 
89  9.118e-001 ( 1.701e-002)  4.700e-002 ( 8.679e-003)  4.123e-002 ( 1.990e-002)  7.932e-002 ( 1.322e-002)  7.888e-001 ( 2.750e-002)  1.319e-001 ( 2.736e-002) 
90  9.052e-001 ( 2.210e-002)  4.729e-002 ( 9.253e-003)  4.749e-002 ( 2.583e-002)  7.654e-002 ( 1.336e-002)  7.810e-001 ( 3.175e-002)  1.424e-001 ( 3.242e-002) 