
#****** ******
# BEFgali.txt
#IMaCh version 0.99r45, April 2023,INED-EUROREVES-Institut de longevite-Japan Society for the Promotion of Science (Grant-in-Aid for Scientific Research 25293121), Intel Software 2015-2020, Nihon University 2021-202, INED 2000-2022
#$Revision: 1.353 $ $Date: 2023/05/08 18:48:22 $
# Tue Feb 04 20:24:32 2025
# Health expectancies with standard errors
# Age e11 (SE) e12 (SE) e1.  e21 (SE) e22 (SE) e2. 
 50   28.1178 (0.8661)    5.8298 (0.3929)   33.9475 (0.9030)   25.7613 (1.2299)    7.5274 (0.5511)   33.2887 (1.3905)
 51   27.2841 (0.8463)    5.7143 (0.3867)   32.9985 (0.8857)   24.8555 (1.2170)    7.4319 (0.5477)   32.2874 (1.3933)
 52   26.4580 (0.8272)    5.5964 (0.3808)   32.0544 (0.8681)   23.9550 (1.2037)    7.3331 (0.5450)   31.2881 (1.3951)
 53   25.6397 (0.8088)    5.4760 (0.3752)   31.1157 (0.8504)   23.0602 (1.1900)    7.2309 (0.5427)   30.2911 (1.3958)
 54   24.8297 (0.7912)    5.3533 (0.3699)   30.1829 (0.8327)   22.1716 (1.1757)    7.1253 (0.5409)   29.2969 (1.3952)
 55   24.0283 (0.7744)    5.2282 (0.3648)   29.2565 (0.8151)   21.2899 (1.1609)    7.0162 (0.5395)   28.3061 (1.3932)
 56   23.2361 (0.7585)    5.1009 (0.3599)   28.3369 (0.7977)   20.4155 (1.1454)    6.9036 (0.5382)   27.3191 (1.3896)
 57   22.4534 (0.7436)    4.9713 (0.3550)   27.4247 (0.7806)   19.5493 (1.1292)    6.7875 (0.5369)   26.3368 (1.3844)
 58   21.6807 (0.7295)    4.8397 (0.3502)   26.5204 (0.7640)   18.6919 (1.1123)    6.6678 (0.5355)   25.3597 (1.3773)
 59   20.9184 (0.7164)    4.7061 (0.3455)   25.6245 (0.7481)   17.8441 (1.0946)    6.5446 (0.5339)   24.3887 (1.3683)
 60   20.1670 (0.7042)    4.5707 (0.3407)   24.7377 (0.7329)   17.0067 (1.0761)    6.4179 (0.5318)   23.4246 (1.3572)
 61   19.4269 (0.6928)    4.4335 (0.3360)   23.8604 (0.7185)   16.1806 (1.0569)    6.2878 (0.5291)   22.4684 (1.3440)
 62   18.6986 (0.6821)    4.2948 (0.3312)   22.9933 (0.7052)   15.3668 (1.0369)    6.1543 (0.5256)   21.5211 (1.3286)
 63   17.9824 (0.6722)    4.1547 (0.3264)   22.1371 (0.6928)   14.5662 (1.0162)    6.0176 (0.5212)   20.5838 (1.3108)
 64   17.2788 (0.6629)    4.0134 (0.3215)   21.2922 (0.6815)   13.7799 (0.9948)    5.8778 (0.5157)   19.6576 (1.2907)
 65   16.5882 (0.6540)    3.8711 (0.3167)   20.4593 (0.6715)   13.0089 (0.9727)    5.7349 (0.5090)   18.7438 (1.2683)
 66   15.9109 (0.6457)    3.7281 (0.3118)   19.6390 (0.6627)   12.2543 (0.9501)    5.5893 (0.5010)   17.8436 (1.2436)
 67   15.2474 (0.6379)    3.5845 (0.3069)   18.8319 (0.6553)   11.5172 (0.9270)    5.4412 (0.4916)   16.9584 (1.2167)
 68   14.5979 (0.6306)    3.4406 (0.3020)   18.0385 (0.6494)   10.7988 (0.9035)    5.2907 (0.4807)   16.0894 (1.1876)
 69   13.9627 (0.6241)    3.2967 (0.2972)   17.2594 (0.6454)   10.1001 (0.8797)    5.1381 (0.4683)   15.2382 (1.1565)
 70   13.3420 (0.6188)    3.1530 (0.2924)   16.4951 (0.6435)    9.4223 (0.8556)    4.9838 (0.4544)   14.4061 (1.1234)
 71   12.7362 (0.6149)    3.0099 (0.2877)   15.7461 (0.6443)    8.7664 (0.8315)    4.8280 (0.4390)   13.5944 (1.0887)
 72   12.1453 (0.6132)    2.8676 (0.2831)   15.0129 (0.6482)    8.1334 (0.8073)    4.6712 (0.4223)   12.8046 (1.0524)
 73   11.5696 (0.6145)    2.7263 (0.2786)   14.2959 (0.6561)    7.5244 (0.7832)    4.5136 (0.4044)   12.0380 (1.0147)
 74   11.0091 (0.6195)    2.5865 (0.2743)   13.5956 (0.6687)    6.9401 (0.7591)    4.3557 (0.3855)   11.2958 (0.9759)
 75   10.4638 (0.6293)    2.4485 (0.2701)   12.9123 (0.6869)    6.3813 (0.7350)    4.1979 (0.3661)   10.5792 (0.9362)
 76    9.9339 (0.6447)    2.3124 (0.2662)   12.2463 (0.7113)    5.8488 (0.7111)    4.0405 (0.3463)    9.8893 (0.8957)
 77    9.4193 (0.6665)    2.1787 (0.2625)   11.5980 (0.7425)    5.3430 (0.6872)    3.8840 (0.3269)    9.2270 (0.8548)
 78    8.9200 (0.6952)    2.0475 (0.2590)   10.9676 (0.7809)    4.8644 (0.6633)    3.7288 (0.3084)    8.5932 (0.8137)
 79    8.4360 (0.7309)    1.9194 (0.2559)   10.3553 (0.8266)    4.4132 (0.6394)    3.5753 (0.2914)    7.9884 (0.7725)
 80    7.9671 (0.7735)    1.7944 (0.2532)    9.7615 (0.8793)    3.9895 (0.6153)    3.4238 (0.2769)    7.4133 (0.7316)
 81    7.5134 (0.8226)    1.6730 (0.2508)    9.1863 (0.9385)    3.5934 (0.5910)    3.2747 (0.2657)    6.8681 (0.6912)
 82    7.0747 (0.8772)    1.5552 (0.2489)    8.6300 (1.0033)    3.2245 (0.5665)    3.1285 (0.2584)    6.3530 (0.6517)
 83    6.6510 (0.9363)    1.4415 (0.2474)    8.0926 (1.0726)    2.8825 (0.5417)    2.9854 (0.2556)    5.8679 (0.6132)
 84    6.2423 (0.9989)    1.3321 (0.2464)    7.5744 (1.1451)    2.5669 (0.5164)    2.8456 (0.2575)    5.4125 (0.5762)
 85    5.8485 (1.0634)    1.2270 (0.2458)    7.0755 (1.2195)    2.2769 (0.4908)    2.7096 (0.2637)    4.9866 (0.5411)
 86    5.4695 (1.1285)    1.1266 (0.2455)    6.5962 (1.2940)    2.0118 (0.4648)    2.5775 (0.2736)    4.5893 (0.5084)
 87    5.1055 (1.1926)    1.0310 (0.2454)    6.1365 (1.3672)    1.7706 (0.4384)    2.4496 (0.2866)    4.2201 (0.4786)
 88    4.7563 (1.2544)    0.9403 (0.2454)    5.6966 (1.4374)    1.5522 (0.4117)    2.3259 (0.3015)    3.8781 (0.4521)
 89    4.4221 (1.3124)    0.8546 (0.2453)    5.2767 (1.5029)    1.3554 (0.3848)    2.2067 (0.3177)    3.5620 (0.4294)
 90    4.1029 (1.3651)    0.7739 (0.2449)    4.8769 (1.5622)    1.1790 (0.3578)    2.0920 (0.3343)    3.2710 (0.4110)
