
# model  
#****** Result for:******
# BEFgali.txt
#IMaCh version 0.99r45, April 2023,INED-EUROREVES-Institut de longevite-Japan Society for the Promotion of Science (Grant-in-Aid for Scientific Research 25293121), Intel Software 2015-2020, Nihon University 2021-202, INED 2000-2022
#$Revision: 1.353 $ $Date: 2023/05/08 18:48:22 $
# Tue Feb 04 20:24:32 2025
# Total life expectancy with std error and decomposition into time to be expected in each health state
#  (weighted average of eij where weights are the age specific forward period (stable) prevalences in each health state 
# Age popbased mobilav e.. (std) e.1 (std) e.2 (std) 
   50 0 0  33.874 (  0.952)  27.851 (  0.920)   6.023 (  0.414)
   51 0 0  32.917 (  0.937)  27.002 (  0.900)   5.916 (  0.407)
   52 0 0  31.964 (  0.922)  26.158 (  0.881)   5.806 (  0.401)
   53 0 0  31.016 (  0.906)  25.323 (  0.862)   5.693 (  0.396)
   54 0 0  30.072 (  0.890)  24.494 (  0.844)   5.578 (  0.390)
   55 0 0  29.135 (  0.874)  23.673 (  0.826)   5.462 (  0.385)
   56 0 0  28.203 (  0.858)  22.860 (  0.809)   5.342 (  0.380)
   57 0 0  27.277 (  0.841)  22.056 (  0.792)   5.221 (  0.376)
   58 0 0  26.359 (  0.825)  21.261 (  0.776)   5.098 (  0.372)
   59 0 0  25.447 (  0.809)  20.475 (  0.761)   4.972 (  0.368)
   60 0 0  24.545 (  0.793)  19.700 (  0.747)   4.845 (  0.364)
   61 0 0  23.651 (  0.778)  18.935 (  0.733)   4.716 (  0.360)
   62 0 0  22.766 (  0.763)  18.181 (  0.720)   4.585 (  0.356)
   63 0 0  21.891 (  0.749)  17.438 (  0.708)   4.453 (  0.352)
   64 0 0  21.026 (  0.736)  16.708 (  0.697)   4.319 (  0.348)
   65 0 0  20.174 (  0.724)  15.990 (  0.686)   4.184 (  0.344)
   66 0 0  19.333 (  0.749)  15.285 (  0.705)   4.047 (  0.338)
   67 0 0  18.505 (  0.704)  14.595 (  0.667)   3.910 (  0.336)
   68 0 0  17.691 (  0.696)  13.918 (  0.659)   3.773 (  0.332)
   69 0 0  16.891 (  0.689)  13.256 (  0.652)   3.634 (  0.328)
   70 0 0  16.106 (  0.685)  12.610 (  0.646)   3.496 (  0.324)
   71 0 0  15.337 (  0.683)  11.980 (  0.642)   3.357 (  0.319)
   72 0 0  14.585 (  0.684)  11.366 (  0.638)   3.219 (  0.315)
   73 0 0  13.850 (  0.687)  10.768 (  0.637)   3.081 (  0.311)
   74 0 0  13.132 (  0.694)  10.188 (  0.638)   2.944 (  0.306)
   75 0 0  12.434 (  0.704)   9.626 (  0.642)   2.808 (  0.302)
   76 0 0  11.755 (  0.718)   9.081 (  0.649)   2.674 (  0.298)
   77 0 0  11.096 (  0.736)   8.555 (  0.660)   2.541 (  0.293)
   78 0 0  10.457 (  0.758)   8.047 (  0.675)   2.410 (  0.289)
   79 0 0   9.839 (  0.796)   7.558 (  0.705)   2.282 (  0.280)
   80 0 0   9.243 (  0.815)   7.087 (  0.719)   2.155 (  0.280)
   81 0 0   8.668 (  0.850)   6.636 (  0.749)   2.032 (  0.275)
   82 0 0   8.115 (  0.888)   6.203 (  0.783)   1.912 (  0.270)
   83 0 0   7.584 (  0.929)   5.789 (  0.821)   1.795 (  0.265)
   84 0 0   7.076 (  0.973)   5.394 (  0.863)   1.682 (  0.260)
   85 0 0   6.590 (  1.019)   5.018 (  0.909)   1.572 (  0.254)
   86 0 0   6.126 (  1.065)   4.659 (  0.957)   1.467 (  0.248)
   87 0 0   5.685 (  1.111)   4.319 (  1.006)   1.366 (  0.242)
   88 0 0   5.266 (  1.156)   3.997 (  1.056)   1.269 (  0.235)
   89 0 0   4.869 (  1.198)   3.692 (  1.105)   1.177 (  0.227)
   90 0 0   4.493 (  1.237)   3.404 (  1.153)   1.089 (  0.220)
