
#****** ******
# BEFgali.txt
#IMaCh version 0.99r45, April 2023,INED-EUROREVES-Institut de longevite-Japan Society for the Promotion of Science (Grant-in-Aid for Scientific Research 25293121), Intel Software 2015-2020, Nihon University 2021-202, INED 2000-2022
#$Revision: 1.353 $ $Date: 2023/05/08 18:48:22 $
# Tue Feb 04 20:24:32 2025
# Variance and covariance of health expectancies e.j 
#  (weighted average of eij where weights are the age specific period (stable) prevalences in each health state 
# Age Cov(e.1, e.1) Cov(e.1, e.2) Cov(e.2, e.1) Cov(e.2, e.2)
50  0.8460 -0.0555 -0.0555 0.1714
51  0.8103 -0.0490 -0.0490 0.1660
52  0.7760 -0.0437 -0.0437 0.1610
53  0.7432 -0.0393 -0.0393 0.1564
54  0.7119 -0.0359 -0.0359 0.1522
55  0.6822 -0.0333 -0.0333 0.1483
56  0.6540 -0.0315 -0.0315 0.1448
57  0.6275 -0.0304 -0.0304 0.1414
58  0.6026 -0.0299 -0.0299 0.1382
59  0.5792 -0.0298 -0.0298 0.1351
60  0.5575 -0.0301 -0.0301 0.1322
61  0.5373 -0.0305 -0.0305 0.1294
62  0.5185 -0.0312 -0.0312 0.1267
63  0.5013 -0.0317 -0.0317 0.1239
64  0.4853 -0.0322 -0.0322 0.1212
65  0.4708 -0.0324 -0.0324 0.1185
66  0.4969 -0.0251 -0.0251 0.1144
67  0.4455 -0.0317 -0.0317 0.1131
68  0.4348 -0.0306 -0.0306 0.1104
69  0.4254 -0.0288 -0.0288 0.1076
70  0.4177 -0.0265 -0.0265 0.1048
71  0.4116 -0.0234 -0.0234 0.1021
72  0.4076 -0.0196 -0.0196 0.0993
73  0.4060 -0.0150 -0.0150 0.0966
74  0.4073 -0.0097 -0.0097 0.0939
75  0.4122 -0.0037 -0.0037 0.0912
76  0.4214 0.0030 0.0030 0.0886
77  0.4356 0.0102 0.0102 0.0860
78  0.4558 0.0180 0.0180 0.0834
79  0.4969 0.0295 0.0295 0.0784
80  0.5173 0.0346 0.0346 0.0783
81  0.5603 0.0431 0.0431 0.0757
82  0.6124 0.0516 0.0516 0.0731
83  0.6740 0.0596 0.0596 0.0704
84  0.7452 0.0671 0.0671 0.0676
85  0.8258 0.0735 0.0735 0.0647
86  0.9152 0.0786 0.0786 0.0617
87  1.0121 0.0818 0.0818 0.0585
88  1.1149 0.0828 0.0828 0.0552
89  1.2216 0.0810 0.0810 0.0517
90  1.3296 0.0760 0.0760 0.0482
