
#****** ******
# BEFgali.txt
#IMaCh version 0.99r45, April 2023,INED-EUROREVES-Institut de longevite-Japan Society for the Promotion of Science (Grant-in-Aid for Scientific Research 25293121), Intel Software 2015-2020, Nihon University 2021-202, INED 2000-2022
#$Revision: 1.353 $ $Date: 2023/05/08 18:48:22 $
# Tue Feb 04 20:24:32 2025
# Standard deviation of period (forward stable) prevalences 
# Age  Result#  1-1 2-2
50 1  0.88615 (0.02014) 0.11390 (0.02017)
51 1  0.88301 (0.01978) 0.11705 (0.01980)
52 1  0.87980 (0.01938) 0.12025 (0.01940)
53 1  0.87652 (0.01895) 0.12355 (0.01897)
54 1  0.87317 (0.01849) 0.12689 (0.01851)
55 1  0.86975 (0.01801) 0.13031 (0.01803)
56 1  0.86627 (0.01750) 0.13380 (0.01753)
57 1  0.86273 (0.01698) 0.13734 (0.01700)
58 1  0.85912 (0.01643) 0.14095 (0.01646)
59 1  0.85546 (0.01588) 0.14460 (0.01590)
60 1  0.85175 (0.01533) 0.14833 (0.01535)
61 1  0.84799 (0.01478) 0.15210 (0.01481)
62 1  0.84418 (0.01426) 0.15589 (0.01429)
63 1  0.84034 (0.01377) 0.15975 (0.01381)
64 1  0.83647 (0.01335) 0.16361 (0.01338)
65 1  0.83257 (0.01300) 0.16752 (0.01303)
66 1  0.82866 (0.01258) 0.17142 (0.01716)
67 1  0.82474 (0.01264) 0.17535 (0.01267)
68 1  0.82082 (0.01266) 0.17928 (0.01270)
69 1  0.81692 (0.01285) 0.18317 (0.01288)
70 1  0.81304 (0.01320) 0.18706 (0.01324)
71 1  0.80920 (0.01371) 0.19089 (0.01375)
72 1  0.80541 (0.01437) 0.19469 (0.01441)
73 1  0.80169 (0.01517) 0.19843 (0.01521)
74 1  0.79803 (0.01608) 0.20206 (0.01612)
75 1  0.79448 (0.01707) 0.20563 (0.01711)
76 1  0.79103 (0.01811) 0.20909 (0.01816)
77 1  0.78771 (0.01919) 0.21240 (0.01923)
78 1  0.78452 (0.02026) 0.21559 (0.02030)
79 1  0.78149 (0.02166) 0.21861 (0.02174)
80 1  0.77863 (0.02230) 0.22149 (0.02234)
81 1  0.77595 (0.02322) 0.22418 (0.02326)
82 1  0.77346 (0.02406) 0.22668 (0.02410)
83 1  0.77116 (0.02480) 0.22895 (0.02483)
84 1  0.76908 (0.02546) 0.23104 (0.02549)
85 1  0.76721 (0.02607) 0.23292 (0.02611)
86 1  0.76554 (0.02673) 0.23460 (0.02676)
87 1  0.76408 (0.02755) 0.23604 (0.02757)
88 1  0.76281 (0.02873) 0.23731 (0.02875)
89 1  0.76172 (0.03055) 0.23841 (0.03057)
90 1  0.76077 (0.03333) 0.23936 (0.03335)
