# Powell
# iter -2*LL p12 p13 p21 p23
1 1 11106.511107490911 0 0.000000000000 0.000000000000 0.000000000000 0.000000000000 0.000000000000 0.000000000000 0.000000000000 0.000000000000
2 2 3199.585619808380 0 6.858711014452 -0.001214112915 -0.737316775787 0.001168267657 2.791833091863 -0.001145007569 -0.920574332855 0.002718565492
3 2 2389.492040250340 1 -2.938685436709 -0.005667221514 -4.420346290463 0.020442480405 1.681950038142 -0.002425752298 -1.240020292892 -0.025459376081
4 3 1844.519371728787 1 -1.734368766349 -0.009485906542 -6.185826512277 0.024340343597 2.335416292240 0.006658385670 -1.392113356874 -0.007628296380
5 3 1810.789303045865 1 -1.969648055995 -0.006624734569 -6.945839042538 0.034110226826 2.357956336513 0.008051641777 -2.687895463902 0.039676196652
6 4 1779.380921731497 1 -2.013670489038 -0.005791500295 -7.860491834425 0.041629262347 2.408109424728 0.008616289812 -3.536490059463 0.056260197423
7 4 1724.698652428356 2 -2.198425641530 -0.000270929093 -11.956896398194 0.080784853963 2.618245046434 0.012456134186 -6.677399313880 0.112567533702
8 5 1700.681139586547 2 -2.371718454909 0.002104976866 -14.190846033039 0.110602812625 2.711408883900 0.018021073385 -8.378251970733 0.137108187705
9 5 1680.666627086841 2 -2.654032162125 0.005541275000 -16.098606859093 0.149133772625 2.791063808844 0.027506800147 -9.772854271323 0.155523730045
10 6 1679.749046534747 3 -2.650203520755 0.005929585071 -15.934359196857 0.147699167035 2.789972519896 0.027353729704 -9.582500098223 0.150791801324
11 6 1661.865423749057 3 -5.734191800767 0.051874139058 -17.253051150036 0.161647791490 2.334421647660 0.022241152331 -8.597651502328 0.125860952079
12 7 1659.970097761229 3 -6.051371524781 0.055743455222 -16.813399510475 0.156430275634 2.237134507536 0.020131933683 -8.134147130020 0.119050383054
13 7 1659.749417627957 3 -6.120392580995 0.056494031114 -16.553221874319 0.152283176363 2.204071572681 0.018678750743 -7.913073513343 0.115278180441
14 8 1659.587686008857 3 -6.321438688009 0.058666900017 -16.162322451719 0.146636554627 2.129075615709 0.015110251263 -7.688448335938 0.108986138575
15 8 1658.625899607059 4 -7.293007656584 0.069716481194 -14.284545995057 0.118893954048 1.770759893482 -0.005974551309 -6.875442355285 0.079681892188
16 9 1655.524973142950 4 -7.401257474381 0.070360689409 -14.136618419935 0.115365069531 1.721757465930 -0.011120530635 -7.083196105781 0.077082036759
17 9 1631.598032141750 4 -7.449558052998 0.061232487977 -12.366181679530 0.076946051098 1.433392754273 -0.042882815094 -7.973581320474 0.064143735613
18 10 1490.445091967746 4 -8.625007530202 0.063634394332 -11.238577947503 0.055637554469 0.874356904134 -0.053249580553 -7.128225456028 0.061893638909
19 10 1475.388023790545 5 -9.964544974216 0.078431624884 -14.150603183415 0.114966160677 0.750854938808 -0.051165540352 -8.657691672873 0.079861450686
20 11 1474.388490515795 5 -9.948124598759 0.077857094840 -14.228780683702 0.116505676851 0.748454973172 -0.051905393910 -8.814312849779 0.080952198419
21 11 1472.869885241683 6 -9.325629881850 0.068643890288 -14.601595267740 0.123011524817 0.858275277557 -0.053604823480 -9.859873739137 0.092236616377
22 12 1472.794098996863 6 -9.224710250829 0.067442823070 -14.541367344262 0.122371905204 0.874254835624 -0.053799262623 -9.882950703633 0.092730239735
23 12 1472.743397256945 6 -9.099886635561 0.065754027137 -14.355708977350 0.119894254774 0.885132249046 -0.054074405242 -9.804456259385 0.091750830144
24 13 1472.734213655747 7 -9.107728813146 0.065821363206 -14.348491186966 0.119977974331 0.882241555433 -0.054110876288 -9.786744387456 0.091477168817
25 13 1472.730978878934 7 -9.095585286213 0.065590702173 -14.341815402606 0.120024865529 0.881890352365 -0.054105540694 -9.788118077698 0.091523703577
26 14 1472.728205539125 7 -9.086983558806 0.065453624576 -14.345349661251 0.120142132672 0.881981013042 -0.054081088946 -9.788154184383 0.091541574525
27 14 1472.726218496874 8 -9.075483056106 0.065286447028 -14.340778923046 0.120162216900 0.882738451562 -0.054083729999 -9.780100748229 0.091443364612
28 15 1472.715472588046 8 -9.040831943963 0.064790785717 -14.355806947107 0.120604280178 0.887101798972 -0.054133537926 -9.741930876626 0.090952578950
29 15 1472.674558180351 9 -8.984862152487 0.063990927612 -14.499932162470 0.122810736026 0.902535348511 -0.054370554185 -9.645796872126 0.089697373174
30 16 1472.628897593394 9 -8.938821412418 0.063246404916 -14.728666989422 0.125942013766 0.921262992899 -0.054689474639 -9.571765505183 0.088809326570
31 16 1472.526321375888 9 -8.830995639160 0.061640380191 -15.225454099412 0.132077721877 0.971602158148 -0.055496920939 -9.422832477709 0.087050330771
32 17 1472.483823112822 10 -8.745311502432 0.060519769061 -15.225968549158 0.131807560431 0.990741625599 -0.055734246244 -9.361819613306 0.086321095960
33 17 1472.474283761692 10 -8.729270315164 0.060351008994 -15.242686156376 0.131906212131 0.997272563941 -0.055816877444 -9.339620675532 0.086020724629
34 18 1472.469244675735 11 -8.733816619570 0.060482334529 -15.273443697797 0.132131791978 1.001999414705 -0.055877043709 -9.326931151485 0.085828571066
35 18 1472.468920400158 11 -8.741615527143 0.060591961994 -15.271498574374 0.132108118280 1.000418361327 -0.055854135698 -9.331642801927 0.085885816879
36 19 1472.466202702373 11 -8.783199947029 0.061158800663 -15.291623836724 0.132364268723 0.990654834159 -0.055724094753 -9.355011769078 0.086170679654
37 19 1472.461038251787 12 -8.812160885493 0.061558973808 -15.313148489719 0.132608702745 0.979296476563 -0.055564709585 -9.371320306866 0.086369950490
38 20 1472.455973507128 12 -8.849170875506 0.062089401249 -15.314007006773 0.132643657977 0.961585488414 -0.055295251929 -9.390860024743 0.086597376017
39 20 1472.427597787478 12 -8.934476855387 0.063323786595 -15.335479754977 0.133076325788 0.885475861927 -0.054123370360 -9.419271249906 0.086902189929
40 21 1472.387756287636 13 -8.970843651338 0.063824028566 -15.396623839431 0.134064911024 0.798639249006 -0.052800230282 -9.408634498002 0.086749827854
41 21 1472.232619047208 13 -8.925252725098 0.063129096796 -15.605110755621 0.137194960112 0.500688259957 -0.048267997596 -9.292127251516 0.085314896107
42 22 1472.089220134761 14 -8.882528758465 0.062570902904 -15.674637445319 0.137695947995 0.392563830602 -0.046658020836 -9.275767767638 0.085136120463
43 22 1471.973637082954 14 -8.790724697551 0.061381336940 -15.569440269982 0.135812256780 0.180145826165 -0.043463592143 -9.307778767087 0.085620745448
44 23 1471.971337860536 14 -8.765947818753 0.061020678070 -15.559141824336 0.135709283903 0.200445281191 -0.043784895449 -9.294696863413 0.085468029189
45 23 1471.970969501027 15 -8.753123040941 0.060829299256 -15.555452630558 0.135695804301 0.203618744495 -0.043831739703 -9.287209064596 0.085382609496
46 24 1471.970958057656 15 -8.753181400574 0.060831023310 -15.558133465076 0.135735364980 0.202733929904 -0.043817934402 -9.285363295681 0.085357618787
47 24 1471.970953589056 16 -8.752150255962 0.060817579100 -15.559769829190 0.135753539957 0.201462893865 -0.043798661484 -9.284252981137 0.085343626285
48 25 1471.970953537302 16 -8.752044551270 0.060816072762 -15.559849666228 0.135754488043 0.201622154597 -0.043801049032 -9.284156363164 0.085342428979
49 25 1471.970953523414 17 -8.752051359124 0.060816209444 -15.559903935780 0.135755053486 0.201670320649 -0.043801771104 -9.284139281318 0.085342180392
50 26 1471.970953520871 18 -8.752050355439 0.060816209648 -15.559930467024 0.135755344353 0.201693015513 -0.043802109953 -9.284129234348 0.085342041507
51 26 1471.970953520352 19 -8.752050398874 0.060816218106 -15.559940736795 0.135755453644 0.201702814747 -0.043802254388 -9.284124094183 0.085341970673
52 27 1471.970953520243 20 -8.752049996838 0.060816216506 -15.559947466096 0.135755529605 0.201707607981 -0.043802327059 -9.284120884163 0.085341929215
53 27 1471.970953520229 21 -8.752049514327 0.060816210294 -15.559947979444 0.135755529392 0.201709201869 -0.043802351840 -9.284120840310 0.085341928334
54 28 1471.970953520226 22 -8.752050720513 0.060816228108 -15.559948136365 0.135755528733 0.201709057094 -0.043802349755 -9.284121596038 0.085341937086
55 28 1471.970953520226 23 -8.752050720262 0.060816228104 -15.559948136196 0.135755528731 0.201709057402 -0.043802349760 -9.284121595989 0.085341937085
