# ITMgali.txt
#IMaCh version 0.99r45, April 2023,INED-EUROREVES-Institut de longevite-Japan Society for the Promotion of Science (Grant-in-Aid for Scientific Research 25293121), Intel Software 2015-2020, Nihon University 2021-202, INED 2000-2022
#$Revision: 1.353 $ $Date: 2023/05/08 18:48:22 $
# Tue Feb 04 20:24:32 2025
#One-step probabilities and stand. devi in ()
# Age p1-1 (SE) p1-2 (SE) p1-3 (SE) p2-1 (SE) p2-2 (SE) p2-3 (SE)
50  9.874e-001 ( 2.625e-003)  1.216e-002 ( 2.633e-003)  4.512e-004 ( 2.684e-004)  2.173e-001 ( 4.168e-002)  7.780e-001 ( 4.163e-002)  4.701e-003 ( 3.129e-003) 
51  9.868e-001 ( 2.637e-003)  1.271e-002 ( 2.645e-003)  5.104e-004 ( 2.937e-004)  2.129e-001 ( 3.943e-002)  7.820e-001 ( 3.939e-002)  5.131e-003 ( 3.310e-003) 
52  9.861e-001 ( 2.646e-003)  1.329e-002 ( 2.653e-003)  5.775e-004 ( 3.210e-004)  2.086e-001 ( 3.725e-002)  7.858e-001 ( 3.723e-002)  5.599e-003 ( 3.497e-003) 
53  9.854e-001 ( 2.651e-003)  1.390e-002 ( 2.657e-003)  6.533e-004 ( 3.505e-004)  2.043e-001 ( 3.514e-002)  7.896e-001 ( 3.515e-002)  6.109e-003 ( 3.691e-003) 
54  9.847e-001 ( 2.654e-003)  1.453e-002 ( 2.658e-003)  7.390e-004 ( 3.823e-004)  2.001e-001 ( 3.310e-002)  7.932e-001 ( 3.314e-002)  6.665e-003 ( 3.891e-003) 
55  9.840e-001 ( 2.653e-003)  1.519e-002 ( 2.656e-003)  8.359e-004 ( 4.164e-004)  1.959e-001 ( 3.114e-002)  7.968e-001 ( 3.121e-002)  7.270e-003 ( 4.097e-003) 
56  9.832e-001 ( 2.650e-003)  1.588e-002 ( 2.651e-003)  9.455e-004 ( 4.530e-004)  1.918e-001 ( 2.926e-002)  8.002e-001 ( 2.937e-002)  7.929e-003 ( 4.308e-003) 
57  9.823e-001 ( 2.645e-003)  1.660e-002 ( 2.642e-003)  1.069e-003 ( 4.921e-004)  1.878e-001 ( 2.747e-002)  8.036e-001 ( 2.762e-002)  8.647e-003 ( 4.524e-003) 
58  9.814e-001 ( 2.637e-003)  1.735e-002 ( 2.630e-003)  1.210e-003 ( 5.339e-004)  1.838e-001 ( 2.576e-002)  8.068e-001 ( 2.597e-002)  9.427e-003 ( 4.744e-003) 
59  9.805e-001 ( 2.628e-003)  1.813e-002 ( 2.616e-003)  1.368e-003 ( 5.784e-004)  1.799e-001 ( 2.415e-002)  8.099e-001 ( 2.441e-002)  1.028e-002 ( 4.968e-003) 
60  9.795e-001 ( 2.618e-003)  1.895e-002 ( 2.601e-003)  1.547e-003 ( 6.256e-004)  1.760e-001 ( 2.263e-002)  8.128e-001 ( 2.296e-002)  1.120e-002 ( 5.194e-003) 
61  9.784e-001 ( 2.608e-003)  1.981e-002 ( 2.584e-003)  1.750e-003 ( 6.755e-004)  1.721e-001 ( 2.122e-002)  8.157e-001 ( 2.162e-002)  1.221e-002 ( 5.421e-003) 
62  9.773e-001 ( 2.600e-003)  2.070e-002 ( 2.569e-003)  1.978e-003 ( 7.283e-004)  1.684e-001 ( 1.991e-002)  8.183e-001 ( 2.040e-002)  1.330e-002 ( 5.649e-003) 
63  9.761e-001 ( 2.595e-003)  2.163e-002 ( 2.555e-003)  2.237e-003 ( 7.840e-004)  1.646e-001 ( 1.872e-002)  8.209e-001 ( 1.930e-002)  1.449e-002 ( 5.876e-003) 
64  9.749e-001 ( 2.595e-003)  2.260e-002 ( 2.546e-003)  2.529e-003 ( 8.425e-004)  1.610e-001 ( 1.766e-002)  8.233e-001 ( 1.834e-002)  1.578e-002 ( 6.101e-003) 
65  9.735e-001 ( 2.603e-003)  2.361e-002 ( 2.543e-003)  2.859e-003 ( 9.040e-004)  1.573e-001 ( 1.672e-002)  8.255e-001 ( 1.750e-002)  1.718e-002 ( 6.324e-003) 
66  9.721e-001 ( 2.620e-003)  2.467e-002 ( 2.550e-003)  3.232e-003 ( 9.685e-004)  1.538e-001 ( 1.592e-002)  8.275e-001 ( 1.680e-002)  1.870e-002 ( 6.542e-003) 
67  9.706e-001 ( 2.652e-003)  2.577e-002 ( 2.570e-003)  3.653e-003 ( 1.036e-003)  1.502e-001 ( 1.526e-002)  8.294e-001 ( 1.623e-002)  2.035e-002 ( 6.754e-003) 
68  9.690e-001 ( 2.699e-003)  2.691e-002 ( 2.608e-003)  4.128e-003 ( 1.108e-003)  1.468e-001 ( 1.474e-002)  8.311e-001 ( 1.580e-002)  2.215e-002 ( 6.962e-003) 
69  9.672e-001 ( 2.767e-003)  2.811e-002 ( 2.668e-003)  4.665e-003 ( 1.184e-003)  1.433e-001 ( 1.435e-002)  8.326e-001 ( 1.550e-002)  2.409e-002 ( 7.163e-003) 
70  9.654e-001 ( 2.859e-003)  2.935e-002 ( 2.753e-003)  5.271e-003 ( 1.265e-003)  1.399e-001 ( 1.410e-002)  8.339e-001 ( 1.531e-002)  2.620e-002 ( 7.360e-003) 
71  9.634e-001 ( 2.978e-003)  3.064e-002 ( 2.868e-003)  5.955e-003 ( 1.354e-003)  1.366e-001 ( 1.397e-002)  8.349e-001 ( 1.524e-002)  2.849e-002 ( 7.554e-003) 
72  9.613e-001 ( 3.128e-003)  3.199e-002 ( 3.016e-003)  6.726e-003 ( 1.452e-003)  1.333e-001 ( 1.396e-002)  8.358e-001 ( 1.527e-002)  3.097e-002 ( 7.748e-003) 
73  9.590e-001 ( 3.312e-003)  3.339e-002 ( 3.202e-003)  7.597e-003 ( 1.563e-003)  1.300e-001 ( 1.405e-002)  8.363e-001 ( 1.538e-002)  3.366e-002 ( 7.947e-003) 
74  9.566e-001 ( 3.534e-003)  3.484e-002 ( 3.426e-003)  8.578e-003 ( 1.692e-003)  1.268e-001 ( 1.422e-002)  8.366e-001 ( 1.556e-002)  3.656e-002 ( 8.162e-003) 
75  9.540e-001 ( 3.797e-003)  3.635e-002 ( 3.690e-003)  9.684e-003 ( 1.846e-003)  1.236e-001 ( 1.446e-002)  8.367e-001 ( 1.581e-002)  3.971e-002 ( 8.401e-003) 
76  9.511e-001 ( 4.105e-003)  3.792e-002 ( 3.997e-003)  1.093e-002 ( 2.033e-003)  1.205e-001 ( 1.475e-002)  8.364e-001 ( 1.612e-002)  4.311e-002 ( 8.683e-003) 
77  9.481e-001 ( 4.462e-003)  3.955e-002 ( 4.347e-003)  1.233e-002 ( 2.264e-003)  1.174e-001 ( 1.508e-002)  8.359e-001 ( 1.649e-002)  4.678e-002 ( 9.026e-003) 
78  9.449e-001 ( 4.873e-003)  4.123e-002 ( 4.739e-003)  1.392e-002 ( 2.550e-003)  1.143e-001 ( 1.544e-002)  8.350e-001 ( 1.691e-002)  5.074e-002 ( 9.455e-003) 
79  9.413e-001 ( 5.346e-003)  4.298e-002 ( 5.176e-003)  1.569e-002 ( 2.906e-003)  1.112e-001 ( 1.582e-002)  8.337e-001 ( 1.740e-002)  5.502e-002 ( 9.999e-003) 
80  9.375e-001 ( 5.887e-003)  4.478e-002 ( 5.658e-003)  1.769e-002 ( 3.348e-003)  1.082e-001 ( 1.620e-002)  8.321e-001 ( 1.796e-002)  5.964e-002 ( 1.069e-002) 
81  9.334e-001 ( 6.508e-003)  4.665e-002 ( 6.184e-003)  1.994e-002 ( 3.893e-003)  1.053e-001 ( 1.659e-002)  8.301e-001 ( 1.861e-002)  6.461e-002 ( 1.156e-002) 
82  9.290e-001 ( 7.219e-003)  4.857e-002 ( 6.756e-003)  2.247e-002 ( 4.559e-003)  1.023e-001 ( 1.696e-002)  8.277e-001 ( 1.937e-002)  6.996e-002 ( 1.264e-002) 
83  9.241e-001 ( 8.037e-003)  5.055e-002 ( 7.375e-003)  2.530e-002 ( 5.367e-003)  9.940e-002 ( 1.733e-002)  8.249e-001 ( 2.027e-002)  7.571e-002 ( 1.395e-002) 
84  9.189e-001 ( 8.977e-003)  5.259e-002 ( 8.040e-003)  2.848e-002 ( 6.338e-003)  9.651e-002 ( 1.768e-002)  8.216e-001 ( 2.134e-002)  8.188e-002 ( 1.553e-002) 
85  9.133e-001 ( 1.006e-002)  5.468e-002 ( 8.753e-003)  3.205e-002 ( 7.499e-003)  9.366e-002 ( 1.800e-002)  8.178e-001 ( 2.261e-002)  8.851e-002 ( 1.740e-002) 
86  9.071e-001 ( 1.131e-002)  5.683e-002 ( 9.514e-003)  3.604e-002 ( 8.874e-003)  9.082e-002 ( 1.831e-002)  8.136e-001 ( 2.413e-002)  9.562e-002 ( 1.958e-002) 
87  9.005e-001 ( 1.275e-002)  5.902e-002 ( 1.032e-002)  4.050e-002 ( 1.049e-002)  8.802e-002 ( 1.858e-002)  8.088e-001 ( 2.592e-002)  1.032e-001 ( 2.208e-002) 
88  8.933e-001 ( 1.442e-002)  6.125e-002 ( 1.118e-002)  4.548e-002 ( 1.239e-002)  8.524e-002 ( 1.883e-002)  8.034e-001 ( 2.801e-002)  1.114e-001 ( 2.492e-002) 
89  8.854e-001 ( 1.633e-002)  6.352e-002 ( 1.210e-002)  5.103e-002 ( 1.460e-002)  8.248e-002 ( 1.905e-002)  7.975e-001 ( 3.045e-002)  1.200e-001 ( 2.811e-002) 
90  8.770e-001 ( 1.852e-002)  6.582e-002 ( 1.306e-002)  5.722e-002 ( 1.716e-002)  7.975e-002 ( 1.924e-002)  7.910e-001 ( 3.324e-002)  1.293e-001 ( 3.166e-002) 