# ITMgali.txt
#IMaCh version 0.99r45, April 2023,INED-EUROREVES-Institut de longevite-Japan Society for the Promotion of Science (Grant-in-Aid for Scientific Research 25293121), Intel Software 2015-2020, Nihon University 2021-202, INED 2000-2022
#$Revision: 1.353 $ $Date: 2023/05/08 18:48:22 $
# Tue Feb 04 20:24:32 2025
#One-step probabilities and covariance matrix
# Age p1-1  p1-2  p1-3  p2-1  p2-2  p2-3 
50  9.874e-001  1.216e-002  4.512e-004  2.173e-001  7.780e-001  4.701e-003 
50 1-1  6.891e-006
50 1-2 -6.877e-006  6.934e-006
50 1-3 -1.451e-008 -5.752e-008  7.203e-008
50 2-1 -3.240e-005  3.204e-005  3.617e-007  1.737e-003
50 2-2  3.267e-005 -3.255e-005 -1.172e-007 -1.730e-003  1.733e-003
50 2-3 -2.694e-007  5.138e-007 -2.445e-007 -6.961e-006 -2.829e-006  9.790e-006
51  9.868e-001  1.271e-002  5.104e-004  2.129e-001  7.820e-001  5.131e-003 
51 1-1  6.953e-006
51 1-2 -6.930e-006  6.994e-006
51 1-3 -2.263e-008 -6.362e-008  8.625e-008
51 2-1 -3.085e-005  3.049e-005  3.621e-007  1.555e-003
51 2-2  3.112e-005 -3.104e-005 -7.857e-008 -1.548e-003  1.552e-003
51 2-3 -2.738e-007  5.573e-007 -2.835e-007 -6.789e-006 -4.165e-006  1.095e-005
52  9.861e-001  1.329e-002  5.775e-004  2.086e-001  7.858e-001  5.599e-003 
52 1-1  6.999e-006
52 1-2 -6.966e-006  7.036e-006
52 1-3 -3.278e-008 -7.027e-008  1.031e-007
52 2-1 -2.930e-005  2.894e-005  3.608e-007  1.387e-003
52 2-2  2.957e-005 -2.954e-005 -3.267e-008 -1.381e-003  1.386e-003
52 2-3 -2.756e-007  6.037e-007 -3.281e-007 -6.622e-006 -5.607e-006  1.223e-005
53  9.854e-001  1.390e-002  6.533e-004  2.043e-001  7.896e-001  6.109e-003 
53 1-1  7.029e-006
53 1-2 -6.983e-006  7.061e-006
53 1-3 -4.534e-008 -7.752e-008  1.229e-007
53 2-1 -2.775e-005  2.739e-005  3.578e-007  1.234e-003
53 2-2  2.802e-005 -2.804e-005  2.122e-008 -1.228e-003  1.235e-003
53 2-3 -2.741e-007  6.531e-007 -3.790e-007 -6.464e-006 -7.159e-006  1.362e-005
54  9.847e-001  1.453e-002  7.390e-004  2.001e-001  7.932e-001  6.665e-003 
54 1-1  7.042e-006
54 1-2 -6.982e-006  7.067e-006
54 1-3 -6.070e-008 -8.543e-008  1.461e-007
54 2-1 -2.621e-005  2.586e-005  3.531e-007  1.096e-003
54 2-2  2.648e-005 -2.657e-005  8.377e-008 -1.089e-003  1.098e-003
54 2-3 -2.689e-007  7.058e-007 -4.369e-007 -6.318e-006 -8.822e-006  1.514e-005
55  9.840e-001  1.519e-002  8.359e-004  1.959e-001  7.968e-001  7.270e-003 
55 1-1  7.040e-006
55 1-2 -6.961e-006  7.055e-006
55 1-3 -7.933e-008 -9.405e-008  1.734e-007
55 2-1 -2.470e-005  2.435e-005  3.469e-007  9.697e-004
55 2-2  2.496e-005 -2.511e-005  1.557e-007 -9.635e-004  9.741e-004
55 2-3 -2.594e-007  7.619e-007 -5.025e-007 -6.188e-006 -1.060e-005  1.678e-005
56  9.832e-001  1.588e-002  9.455e-004  1.918e-001  8.002e-001  7.929e-003 
56 1-1  7.024e-006
56 1-2 -6.922e-006  7.026e-006
56 1-3 -1.017e-007 -1.035e-007  2.052e-007
56 2-1 -2.321e-005  2.287e-005  3.392e-007  8.563e-004
56 2-2  2.345e-005 -2.369e-005  2.375e-007 -8.502e-004  8.627e-004
56 2-3 -2.452e-007  8.219e-007 -5.767e-007 -6.078e-006 -1.248e-005  1.856e-005
57  9.823e-001  1.660e-002  1.069e-003  1.878e-001  8.036e-001  8.647e-003 
57 1-1  6.994e-006
57 1-2 -6.866e-006  6.979e-006
57 1-3 -1.284e-007 -1.138e-007  2.422e-007
57 2-1 -2.176e-005  2.143e-005  3.304e-007  7.545e-004
57 2-2  2.198e-005 -2.231e-005  3.299e-007 -7.485e-004  7.630e-004
57 2-3 -2.256e-007  8.859e-007 -6.603e-007 -5.992e-006 -1.448e-005  2.047e-005
58  9.814e-001  1.735e-002  1.210e-003  1.838e-001  8.068e-001  9.427e-003 
58 1-1  6.953e-006
58 1-2 -6.793e-006  6.918e-006
58 1-3 -1.599e-007 -1.251e-007  2.850e-007
58 2-1 -2.036e-005  2.004e-005  3.209e-007  6.636e-004
58 2-2  2.056e-005 -2.099e-005  4.333e-007 -6.577e-004  6.743e-004
58 2-3 -2.004e-007  9.546e-007 -7.542e-007 -5.935e-006 -1.657e-005  2.251e-005
59  9.805e-001  1.813e-002  1.368e-003  1.799e-001  8.099e-001  1.028e-002 
59 1-1  6.905e-006
59 1-2 -6.708e-006  6.845e-006
59 1-3 -1.969e-007 -1.376e-007  3.345e-007
59 2-1 -1.901e-005  1.870e-005  3.113e-007  5.831e-004
59 2-2  1.918e-005 -1.973e-005  5.480e-007 -5.772e-004  5.959e-004
59 2-3 -1.692e-007  1.028e-006 -8.593e-007 -5.910e-006 -1.877e-005  2.468e-005
60  9.795e-001  1.895e-002  1.547e-003  1.760e-001  8.128e-001  1.120e-002 
60 1-1  6.852e-006
60 1-2 -6.612e-006  6.764e-006
60 1-3 -2.398e-007 -1.515e-007  3.913e-007
60 2-1 -1.773e-005  1.743e-005  3.024e-007  5.121e-004
60 2-2  1.786e-005 -1.854e-005  6.741e-007 -5.062e-004  5.273e-004
60 2-3 -1.317e-007  1.108e-006 -9.766e-007 -5.923e-006 -2.105e-005  2.698e-005
61  9.784e-001  1.981e-002  1.750e-003  1.721e-001  8.157e-001  1.221e-002 
61 1-1  6.802e-006
61 1-2 -6.512e-006  6.679e-006
61 1-3 -2.894e-007 -1.670e-007  4.564e-007
61 2-1 -1.653e-005  1.624e-005  2.953e-007  4.502e-004
61 2-2  1.662e-005 -1.743e-005  8.116e-007 -4.442e-004  4.676e-004
61 2-3 -8.809e-008  1.195e-006 -1.107e-006 -5.978e-006 -2.341e-005  2.939e-005
62  9.773e-001  2.070e-002  1.978e-003  1.684e-001  8.183e-001  1.330e-002 
62 1-1  6.759e-006
62 1-2 -6.413e-006  6.598e-006
62 1-3 -3.460e-007 -1.845e-007  5.305e-007
62 2-1 -1.542e-005  1.513e-005  2.913e-007  3.965e-004
62 2-2  1.546e-005 -1.642e-005  9.602e-007 -3.904e-004  4.163e-004
62 2-3 -3.854e-008  1.290e-006 -1.251e-006 -6.079e-006 -2.583e-005  3.191e-005
63  9.761e-001  2.163e-002  2.237e-003  1.646e-001  8.209e-001  1.449e-002 
63 1-1  6.733e-006
63 1-2 -6.323e-006  6.528e-006
63 1-3 -4.101e-007 -2.045e-007  6.146e-007
63 2-1 -1.441e-005  1.412e-005  2.922e-007  3.506e-004
63 2-2  1.440e-005 -1.552e-005  1.119e-006 -3.444e-004  3.727e-004
63 2-3  1.639e-008  1.395e-006 -1.411e-006 -6.232e-006 -2.830e-005  3.453e-005
64  9.749e-001  2.260e-002  2.529e-003  1.610e-001  8.233e-001  1.578e-002 
64 1-1  6.734e-006
64 1-2 -6.252e-006  6.480e-006
64 1-3 -4.822e-007 -2.276e-007  7.098e-007
64 2-1 -1.352e-005  1.322e-005  3.000e-007  3.118e-004
64 2-2  1.345e-005 -1.474e-005  1.287e-006 -3.054e-004  3.362e-004
64 2-3  7.579e-008  1.511e-006 -1.587e-006 -6.442e-006 -3.079e-005  3.723e-005
65  9.735e-001  2.361e-002  2.859e-003  1.573e-001  8.255e-001  1.718e-002 
65 1-1  6.774e-006
65 1-2 -6.211e-006  6.466e-006
65 1-3 -5.625e-007 -2.546e-007  8.172e-007
65 2-1 -1.276e-005  1.245e-005  3.175e-007  2.797e-004
65 2-2  1.263e-005 -1.409e-005  1.463e-006 -2.729e-004  3.062e-004
65 2-3  1.384e-007  1.642e-006 -1.781e-006 -6.713e-006 -3.327e-005  3.999e-005
66  9.721e-001  2.467e-002  3.232e-003  1.538e-001  8.275e-001  1.870e-002 
66 1-1  6.867e-006
66 1-2 -6.216e-006  6.502e-006
66 1-3 -6.513e-007 -2.867e-007  9.380e-007
66 2-1 -1.215e-005  1.180e-005  3.481e-007  2.535e-004
66 2-2  1.195e-005 -1.359e-005  1.645e-006 -2.464e-004  2.822e-004
66 2-3  2.024e-007  1.791e-006 -1.993e-006 -7.052e-006 -3.574e-005  4.279e-005
67  9.706e-001  2.577e-002  3.653e-003  1.502e-001  8.294e-001  2.035e-002 
67 1-1  7.031e-006
67 1-2 -6.282e-006  6.607e-006
67 1-3 -7.486e-007 -3.254e-007  1.074e-006
67 2-1 -1.170e-005  1.130e-005  3.957e-007  2.328e-004
67 2-2  1.143e-005 -1.326e-005  1.831e-006 -2.253e-004  2.635e-004
67 2-3  2.657e-007  1.961e-006 -2.227e-006 -7.466e-006 -3.816e-005  4.562e-005
68  9.690e-001  2.691e-002  4.128e-003  1.468e-001  8.311e-001  2.215e-002 
68 1-1  7.286e-006
68 1-2 -6.431e-006  6.803e-006
68 1-3 -8.549e-007 -3.726e-007  1.227e-006
68 2-1 -1.142e-005  1.095e-005  4.653e-007  2.171e-004
68 2-2  1.109e-005 -1.311e-005  2.019e-006 -2.092e-004  2.497e-004
68 2-3  3.258e-007  2.158e-006 -2.484e-006 -7.962e-006 -4.050e-005  4.847e-005
69  9.672e-001  2.811e-002  4.665e-003  1.433e-001  8.326e-001  2.409e-002 
69 1-1  7.656e-006
69 1-2 -6.686e-006  7.116e-006
69 1-3 -9.706e-007 -4.309e-007  1.401e-006
69 2-1 -1.134e-005  1.077e-005  5.630e-007  2.060e-004
69 2-2  1.096e-005 -1.316e-005  2.206e-006 -1.974e-004  2.402e-004
69 2-3  3.799e-007  2.389e-006 -2.769e-006 -8.548e-006 -4.277e-005  5.131e-005
70  9.654e-001  2.935e-002  5.271e-003  1.399e-001  8.339e-001  2.620e-002 
70 1-1  8.171e-006
70 1-2 -7.074e-006  7.578e-006
70 1-3 -1.097e-006 -5.037e-007  1.601e-006
70 2-1 -1.147e-005  1.077e-005  6.960e-007  1.988e-004
70 2-2  1.104e-005 -1.343e-005  2.389e-006 -1.896e-004  2.345e-004
70 2-3  4.255e-007  2.660e-006 -3.085e-006 -9.235e-006 -4.493e-005  5.417e-005
71  9.634e-001  3.064e-002  5.955e-003  1.366e-001  8.349e-001  2.849e-002 
71 1-1  8.866e-006
71 1-2 -7.629e-006  8.225e-006
71 1-3 -1.237e-006 -5.957e-007  1.833e-006
71 2-1 -1.183e-005  1.096e-005  8.731e-007  1.953e-004
71 2-2  1.137e-005 -1.394e-005  2.569e-006 -1.853e-004  2.323e-004
71 2-3  4.602e-007  2.982e-006 -3.442e-006 -1.004e-005 -4.702e-005  5.706e-005
72  9.613e-001  3.199e-002  6.726e-003  1.333e-001  8.358e-001  3.097e-002 
72 1-1  9.781e-006
72 1-2 -8.386e-006  9.099e-006
72 1-3 -1.395e-006 -7.128e-007  2.108e-006
72 2-1 -1.245e-005  1.135e-005  1.105e-006  1.949e-004
72 2-2  1.197e-005 -1.472e-005  2.745e-006 -1.840e-004  2.330e-004
72 2-3  4.832e-007  3.367e-006 -3.850e-006 -1.097e-005 -4.906e-005  6.003e-005
73  9.590e-001  3.339e-002  7.597e-003  1.300e-001  8.363e-001  3.366e-002 
73 1-1  1.097e-005
73 1-2 -9.387e-006  1.025e-005
73 1-3 -1.581e-006 -8.628e-007  2.443e-006
73 2-1 -1.335e-005  1.195e-005  1.404e-006  1.974e-004
73 2-2  1.286e-005 -1.578e-005  2.921e-006 -1.853e-004  2.364e-004
73 2-3  4.954e-007  3.830e-006 -4.325e-006 -1.205e-005 -5.111e-005  6.316e-005
74  9.566e-001  3.484e-002  8.578e-003  1.268e-001  8.366e-001  3.656e-002 
74 1-1  1.249e-005
74 1-2 -1.068e-005  1.174e-005
74 1-3 -1.808e-006 -1.056e-006  2.864e-006
74 2-1 -1.455e-005  1.276e-005  1.785e-006  2.022e-004
74 2-2  1.405e-005 -1.715e-005  3.104e-006 -1.889e-004  2.422e-004
74 2-3  5.017e-007  4.388e-006 -4.889e-006 -1.331e-005 -5.330e-005  6.661e-005
75  9.540e-001  3.635e-002  9.684e-003  1.236e-001  8.367e-001  3.971e-002 
75 1-1  1.441e-005
75 1-2 -1.231e-005  1.362e-005
75 1-3 -2.102e-006 -1.307e-006  3.409e-006
75 2-1 -1.608e-005  1.381e-005  2.267e-006  2.090e-004
75 2-2  1.556e-005 -1.887e-005  3.309e-006 -1.942e-004  2.500e-004
75 2-3  5.125e-007  5.063e-006 -5.576e-006 -1.478e-005 -5.580e-005  7.058e-005
76  9.511e-001  3.792e-002  1.093e-002  1.205e-001  8.364e-001  4.311e-002 
76 1-1  1.685e-005
76 1-2 -1.434e-005  1.598e-005
76 1-3 -2.503e-006 -1.632e-006  4.135e-006
76 2-1 -1.796e-005  1.509e-005  2.870e-006  2.176e-004
76 2-2  1.741e-005 -2.097e-005  3.559e-006 -2.010e-004  2.599e-004
76 2-3  5.467e-007  5.883e-006 -6.430e-006 -1.650e-005 -5.888e-005  7.539e-005
77  9.481e-001  3.955e-002  1.233e-002  1.174e-001  8.359e-001  4.678e-002 
77 1-1  1.991e-005
77 1-2 -1.684e-005  1.889e-005
77 1-3 -3.069e-006 -2.056e-006  5.125e-006
77 2-1 -2.023e-005  1.661e-005  3.621e-006  2.275e-004
77 2-2  1.959e-005 -2.349e-005  3.894e-006 -2.089e-004  2.719e-004
77 2-3  6.354e-007  6.879e-006 -7.514e-006 -1.853e-005 -6.293e-005  8.146e-005
78  9.449e-001  4.123e-002  1.392e-002  1.143e-001  8.350e-001  5.074e-002 
78 1-1  2.375e-005
78 1-2 -1.985e-005  2.246e-005
78 1-3 -3.894e-006 -2.610e-006  6.504e-006
78 2-1 -2.292e-005  1.837e-005  4.549e-006  2.385e-004
78 2-2  2.209e-005 -2.646e-005  4.369e-006 -2.175e-004  2.860e-004
78 2-3  8.272e-007  8.091e-006 -8.918e-006 -2.093e-005 -6.847e-005  8.940e-005
79  9.413e-001  4.298e-002  1.569e-002  1.112e-001  8.337e-001  5.502e-002 
79 1-1  2.858e-005
79 1-2 -2.346e-005  2.680e-005
79 1-3 -5.114e-006 -3.334e-006  8.448e-006
79 2-1 -2.607e-005  2.038e-005  5.689e-006  2.502e-004
79 2-2  2.487e-005 -2.994e-005  5.071e-006 -2.264e-004  3.027e-004
79 2-3  1.194e-006  9.565e-006 -1.076e-005 -2.378e-005 -7.620e-005  9.998e-005
80  9.375e-001  4.478e-002  1.769e-002  1.082e-001  8.321e-001  5.964e-002 
80 1-1  3.466e-005
80 1-2 -2.773e-005  3.201e-005
80 1-3 -6.929e-006 -4.282e-006  1.121e-005
80 2-1 -2.971e-005  2.263e-005  7.085e-006  2.625e-004
80 2-2  2.787e-005 -3.399e-005  6.117e-006 -2.354e-004  3.224e-004
80 2-3  1.842e-006  1.136e-005 -1.320e-005 -2.718e-005 -8.708e-005  1.143e-004
81  9.334e-001  4.665e-002  1.994e-002  1.053e-001  8.301e-001  6.461e-002 
81 1-1  4.235e-005
81 1-2 -3.272e-005  3.825e-005
81 1-3 -9.629e-006 -5.525e-006  1.515e-005
81 2-1 -3.390e-005  2.511e-005  8.785e-006  2.751e-004
81 2-2  3.098e-005 -3.866e-005  7.676e-006 -2.439e-004  3.462e-004
81 2-3  2.918e-006  1.354e-005 -1.646e-005 -3.126e-005 -1.023e-004  1.336e-004
82  9.290e-001  4.857e-002  2.247e-002  1.023e-001  8.277e-001  6.996e-002 
82 1-1  5.212e-005
82 1-2 -3.849e-005  4.565e-005
82 1-3 -1.363e-005 -7.156e-006  2.078e-005
82 2-1 -3.868e-005  2.783e-005  1.085e-005  2.878e-004
82 2-2  3.405e-005 -4.403e-005  9.978e-006 -2.516e-004  3.751e-004
82 2-3  4.627e-006  1.620e-005 -2.083e-005 -3.616e-005 -1.235e-004  1.597e-004
83  9.241e-001  5.055e-002  2.530e-002  9.940e-002  8.249e-001  7.571e-002 
83 1-1  6.459e-005
83 1-2 -4.509e-005  5.439e-005
83 1-3 -1.950e-005 -9.298e-006  2.880e-005
83 2-1 -4.411e-005  3.077e-005  1.334e-005  3.003e-004
83 2-2  3.686e-005 -5.019e-005  1.333e-005 -2.582e-004  4.108e-004
83 2-3  7.250e-006  1.942e-005 -2.667e-005 -4.206e-005 -1.526e-004  1.947e-004
84  9.189e-001  5.259e-002  2.848e-002  9.651e-002  8.216e-001  8.188e-002 
84 1-1  8.059e-005
84 1-2 -5.253e-005  6.464e-005
84 1-3 -2.806e-005 -1.211e-005  4.018e-005
84 2-1 -5.024e-005  3.390e-005  1.634e-005  3.124e-004
84 2-2  3.908e-005 -5.724e-005  1.816e-005 -2.632e-004  4.554e-004
84 2-3  1.116e-005  2.334e-005 -3.450e-005 -4.918e-005 -1.921e-004  2.413e-004
85  9.133e-001  5.468e-002  3.205e-002  9.366e-002  8.178e-001  8.851e-002 
85 1-1  1.012e-004
85 1-2 -6.080e-005  7.661e-005
85 1-3 -4.042e-005 -1.581e-005  5.623e-005
85 2-1 -5.715e-005  3.721e-005  1.994e-005  3.241e-004
85 2-2  4.030e-005 -6.529e-005  2.499e-005 -2.663e-004  5.114e-004
85 2-3  1.685e-005  2.808e-005 -4.493e-005 -5.776e-005 -2.451e-004  3.028e-004
86  9.071e-001  5.683e-002  3.604e-002  9.082e-002  8.136e-001  9.562e-002 
86 1-1  1.279e-004
86 1-2 -6.985e-005  9.052e-005
86 1-3 -5.809e-005 -2.067e-005  7.875e-005
86 2-1 -6.492e-005  4.067e-005  2.425e-005  3.351e-004
86 2-2  3.996e-005 -7.450e-005  3.454e-005 -2.670e-004  5.822e-004
86 2-3  2.496e-005  3.383e-005 -5.878e-005 -6.809e-005 -3.152e-004  3.833e-004
87  9.005e-001  5.902e-002  4.050e-002  8.802e-002  8.088e-001  1.032e-001 
87 1-1  1.626e-004
87 1-2 -7.954e-005  1.066e-004
87 1-3 -8.309e-005 -2.705e-005  1.101e-004
87 2-1 -7.362e-005  4.424e-005  2.937e-005  3.454e-004
87 2-2  3.731e-005 -8.502e-005  4.771e-005 -2.649e-004  6.718e-004
87 2-3  3.630e-005  4.078e-005 -7.708e-005 -8.049e-005 -4.069e-004  4.874e-004
88  8.933e-001  6.125e-002  4.548e-002  8.524e-002  8.034e-001  1.114e-001 
88 1-1  2.078e-004
88 1-2 -8.966e-005  1.251e-004
88 1-3 -1.181e-004 -3.543e-005  1.536e-004
88 2-1 -8.334e-005  4.788e-005  3.546e-005  3.547e-004
88 2-2  3.142e-005 -9.706e-005  6.565e-005 -2.594e-004  7.848e-004
88 2-3  5.193e-005  4.918e-005 -1.011e-004 -9.532e-005 -5.255e-004  6.208e-004
89  8.854e-001  6.352e-002  5.103e-002  8.248e-002  7.975e-001  1.200e-001 
89 1-1  2.666e-004
89 1-2 -9.986e-005  1.463e-004
89 1-3 -1.667e-004 -4.643e-005  2.132e-004
89 2-1 -9.420e-005  5.154e-005  4.266e-005  3.631e-004
89 2-2  2.107e-005 -1.109e-004  8.978e-005 -2.500e-004  9.271e-004
89 2-3  7.313e-005  5.931e-005 -1.324e-004 -1.130e-004 -6.770e-004  7.900e-004
90  8.770e-001  6.582e-002  5.722e-002  7.975e-002  7.910e-001  1.293e-001 
90 1-1  3.432e-004
90 1-2 -1.096e-004  1.705e-004
90 1-3 -2.335e-004 -6.084e-005  2.944e-004
90 2-1 -1.063e-004  5.516e-005  5.114e-005  3.704e-004
90 2-2  4.800e-006 -1.267e-004  1.219e-004 -2.364e-004  1.105e-003
90 2-3  1.015e-004  7.153e-005 -1.730e-004 -1.340e-004 -8.687e-004  1.003e-003