# ITMgali.txt
#IMaCh version 0.99r45, April 2023,INED-EUROREVES-Institut de longevite-Japan Society for the Promotion of Science (Grant-in-Aid for Scientific Research 25293121), Intel Software 2015-2020, Nihon University 2021-202, INED 2000-2022
#$Revision: 1.353 $ $Date: 2023/05/08 18:48:22 $
# Tue Feb 04 20:24:32 2025
#One-step probabilities and correlation matrix
# Age p1-1  p1-2  p1-3  p2-1  p2-2  p2-3 
50  9.874e-001  1.216e-002  4.512e-004  2.173e-001  7.780e-001  4.701e-003 
50 1-1  1.000e+000
50 1-2 -9.948e-001  1.000e+000
50 1-3 -2.059e-002 -8.139e-002  1.000e+000
50 2-1 -2.961e-001  2.919e-001  3.233e-002  1.000e+000
50 2-2  2.989e-001 -2.969e-001 -1.049e-002 -9.972e-001  1.000e+000
50 2-3 -3.279e-002  6.236e-002 -2.911e-001 -5.338e-002 -2.172e-002  1.000e+000
51  9.868e-001  1.271e-002  5.104e-004  2.129e-001  7.820e-001  5.131e-003 
51 1-1  1.000e+000
51 1-2 -9.938e-001  1.000e+000
51 1-3 -2.922e-002 -8.191e-002  1.000e+000
51 2-1 -2.967e-001  2.924e-001  3.127e-002  1.000e+000
51 2-2  2.996e-001 -2.980e-001 -6.791e-003 -9.965e-001  1.000e+000
51 2-3 -3.138e-002  6.368e-002 -2.917e-001 -5.203e-002 -3.194e-002  1.000e+000
52  9.861e-001  1.329e-002  5.775e-004  2.086e-001  7.858e-001  5.599e-003 
52 1-1  1.000e+000
52 1-2 -9.927e-001  1.000e+000
52 1-3 -3.860e-002 -8.252e-002  1.000e+000
52 2-1 -2.973e-001  2.929e-001  3.018e-002  1.000e+000
52 2-2  3.002e-001 -2.991e-001 -2.733e-003 -9.956e-001  1.000e+000
52 2-3 -2.979e-002  6.508e-002 -2.923e-001 -5.084e-002 -4.306e-002  1.000e+000
53  9.854e-001  1.390e-002  6.533e-004  2.043e-001  7.896e-001  6.109e-003 
53 1-1  1.000e+000
53 1-2 -9.913e-001  1.000e+000
53 1-3 -4.879e-002 -8.323e-002  1.000e+000
53 2-1 -2.979e-001  2.934e-001  2.905e-002  1.000e+000
53 2-2  3.008e-001 -3.003e-001  1.722e-003 -9.945e-001  1.000e+000
53 2-3 -2.801e-002  6.660e-002 -2.930e-001 -4.984e-002 -5.519e-002  1.000e+000
54  9.847e-001  1.453e-002  7.390e-004  2.001e-001  7.932e-001  6.665e-003 
54 1-1  1.000e+000
54 1-2 -9.896e-001  1.000e+000
54 1-3 -5.984e-002 -8.406e-002  1.000e+000
54 2-1 -2.984e-001  2.939e-001  2.791e-002  1.000e+000
54 2-2  3.011e-001 -3.016e-001  6.613e-003 -9.931e-001  1.000e+000
54 2-3 -2.604e-002  6.823e-002 -2.937e-001 -4.905e-002 -6.842e-002  1.000e+000
55  9.840e-001  1.519e-002  8.359e-004  1.959e-001  7.968e-001  7.270e-003 
55 1-1  1.000e+000
55 1-2 -9.877e-001  1.000e+000
55 1-3 -7.180e-002 -8.504e-002  1.000e+000
55 2-1 -2.989e-001  2.944e-001  2.675e-002  1.000e+000
55 2-2  3.013e-001 -3.029e-001  1.198e-002 -9.914e-001  1.000e+000
55 2-3 -2.386e-002  7.002e-002 -2.946e-001 -4.850e-002 -8.287e-002  1.000e+000
56  9.832e-001  1.588e-002  9.455e-004  1.918e-001  8.002e-001  7.929e-003 
56 1-1  1.000e+000
56 1-2 -9.854e-001  1.000e+000
56 1-3 -8.473e-002 -8.618e-002  1.000e+000
56 2-1 -2.993e-001  2.949e-001  2.559e-002  1.000e+000
56 2-2  3.013e-001 -3.043e-001  1.785e-002 -9.892e-001  1.000e+000
56 2-3 -2.147e-002  7.197e-002 -2.955e-001 -4.821e-002 -9.864e-002  1.000e+000
57  9.823e-001  1.660e-002  1.069e-003  1.878e-001  8.036e-001  8.647e-003 
57 1-1  1.000e+000
57 1-2 -9.827e-001  1.000e+000
57 1-3 -9.866e-002 -8.752e-002  1.000e+000
57 2-1 -2.995e-001  2.953e-001  2.444e-002  1.000e+000
57 2-2  3.010e-001 -3.058e-001  2.427e-002 -9.865e-001  1.000e+000
57 2-3 -1.886e-002  7.412e-002 -2.966e-001 -4.822e-002 -1.158e-001  1.000e+000
58  9.814e-001  1.735e-002  1.210e-003  1.838e-001  8.068e-001  9.427e-003 
58 1-1  1.000e+000
58 1-2 -9.795e-001  1.000e+000
58 1-3 -1.136e-001 -8.910e-002  1.000e+000
58 2-1 -2.997e-001  2.957e-001  2.333e-002  1.000e+000
58 2-2  3.002e-001 -3.073e-001  3.126e-002 -9.832e-001  1.000e+000
58 2-3 -1.602e-002  7.650e-002 -2.978e-001 -4.856e-002 -1.345e-001  1.000e+000
59  9.805e-001  1.813e-002  1.368e-003  1.799e-001  8.099e-001  1.028e-002 
59 1-1  1.000e+000
59 1-2 -9.757e-001  1.000e+000
59 1-3 -1.296e-001 -9.094e-002  1.000e+000
59 2-1 -2.996e-001  2.960e-001  2.229e-002  1.000e+000
59 2-2  2.990e-001 -3.089e-001  3.881e-002 -9.791e-001  1.000e+000
59 2-3 -1.296e-002  7.913e-002 -2.991e-001 -4.927e-002 -1.548e-001  1.000e+000
60  9.795e-001  1.895e-002  1.547e-003  1.760e-001  8.128e-001  1.120e-002 
60 1-1  1.000e+000
60 1-2 -9.713e-001  1.000e+000
60 1-3 -1.465e-001 -9.311e-002  1.000e+000
60 2-1 -2.993e-001  2.961e-001  2.136e-002  1.000e+000
60 2-2  2.972e-001 -3.104e-001  4.693e-002 -9.742e-001  1.000e+000
60 2-3 -9.688e-003  8.205e-002 -3.006e-001 -5.039e-002 -1.765e-001  1.000e+000
61  9.784e-001  1.981e-002  1.750e-003  1.721e-001  8.157e-001  1.221e-002 
61 1-1  1.000e+000
61 1-2 -9.662e-001  1.000e+000
61 1-3 -1.642e-001 -9.565e-002  1.000e+000
61 2-1 -2.988e-001  2.961e-001  2.060e-002  1.000e+000
61 2-2  2.947e-001 -3.119e-001  5.556e-002 -9.682e-001  1.000e+000
61 2-3 -6.231e-003  8.530e-002 -3.023e-001 -5.197e-002 -1.997e-001  1.000e+000
62  9.773e-001  2.070e-002  1.978e-003  1.684e-001  8.183e-001  1.330e-002 
62 1-1  1.000e+000
62 1-2 -9.604e-001  1.000e+000
62 1-3 -1.827e-001 -9.862e-002  1.000e+000
62 2-1 -2.979e-001  2.958e-001  2.009e-002  1.000e+000
62 2-2  2.915e-001 -3.133e-001  6.461e-002 -9.610e-001  1.000e+000
62 2-3 -2.624e-003  8.890e-002 -3.042e-001 -5.404e-002 -2.241e-001  1.000e+000
63  9.761e-001  2.163e-002  2.237e-003  1.646e-001  8.209e-001  1.449e-002 
63 1-1  1.000e+000
63 1-2 -9.538e-001  1.000e+000
63 1-3 -2.016e-001 -1.021e-001  1.000e+000
63 2-1 -2.967e-001  2.952e-001  1.990e-002  1.000e+000
63 2-2  2.874e-001 -3.146e-001  7.394e-002 -9.527e-001  1.000e+000
63 2-3  1.075e-003  9.290e-002 -3.063e-001 -5.664e-002 -2.495e-001  1.000e+000
64  9.749e-001  2.260e-002  2.529e-003  1.610e-001  8.233e-001  1.578e-002 
64 1-1  1.000e+000
64 1-2 -9.465e-001  1.000e+000
64 1-3 -2.206e-001 -1.061e-001  1.000e+000
64 2-1 -2.951e-001  2.942e-001  2.016e-002  1.000e+000
64 2-2  2.826e-001 -3.157e-001  8.332e-002 -9.432e-001  1.000e+000
64 2-3  4.787e-003  9.731e-002 -3.087e-001 -5.978e-002 -2.752e-001  1.000e+000
65  9.735e-001  2.361e-002  2.859e-003  1.573e-001  8.255e-001  1.718e-002 
65 1-1  1.000e+000
65 1-2 -9.385e-001  1.000e+000
65 1-3 -2.391e-001 -1.108e-001  1.000e+000
65 2-1 -2.933e-001  2.927e-001  2.100e-002  1.000e+000
65 2-2  2.772e-001 -3.166e-001  9.249e-002 -9.327e-001  1.000e+000
65 2-3  8.407e-003  1.021e-001 -3.115e-001 -6.348e-002 -3.007e-001  1.000e+000
66  9.721e-001  2.467e-002  3.232e-003  1.538e-001  8.275e-001  1.870e-002 
66 1-1  1.000e+000
66 1-2 -9.302e-001  1.000e+000
66 1-3 -2.566e-001 -1.161e-001  1.000e+000
66 2-1 -2.912e-001  2.907e-001  2.257e-002  1.000e+000
66 2-2  2.714e-001 -3.173e-001  1.011e-001 -9.214e-001  1.000e+000
66 2-3  1.181e-002  1.074e-001 -3.146e-001 -6.771e-002 -3.252e-001  1.000e+000
67  9.706e-001  2.577e-002  3.653e-003  1.502e-001  8.294e-001  2.035e-002 
67 1-1  1.000e+000
67 1-2 -9.217e-001  1.000e+000
67 1-3 -2.724e-001 -1.221e-001  1.000e+000
67 2-1 -2.891e-001  2.881e-001  2.502e-002  1.000e+000
67 2-2  2.656e-001 -3.178e-001  1.088e-001 -9.098e-001  1.000e+000
67 2-3  1.483e-002  1.130e-001 -3.181e-001 -7.244e-002 -3.480e-001  1.000e+000
68  9.690e-001  2.691e-002  4.128e-003  1.468e-001  8.311e-001  2.215e-002 
68 1-1  1.000e+000
68 1-2 -9.134e-001  1.000e+000
68 1-3 -2.859e-001 -1.289e-001  1.000e+000
68 2-1 -2.871e-001  2.850e-001  2.850e-002  1.000e+000
68 2-2  2.601e-001 -3.181e-001  1.153e-001 -8.984e-001  1.000e+000
68 2-3  1.734e-002  1.189e-001 -3.221e-001 -7.761e-002 -3.682e-001  1.000e+000
69  9.672e-001  2.811e-002  4.665e-003  1.433e-001  8.326e-001  2.409e-002 
69 1-1  1.000e+000
69 1-2 -9.057e-001  1.000e+000
69 1-3 -2.963e-001 -1.364e-001  1.000e+000
69 2-1 -2.855e-001  2.814e-001  3.314e-002  1.000e+000
69 2-2  2.555e-001 -3.184e-001  1.202e-001 -8.876e-001  1.000e+000
69 2-3  1.917e-002  1.250e-001 -3.265e-001 -8.315e-002 -3.852e-001  1.000e+000
70  9.654e-001  2.935e-002  5.271e-003  1.399e-001  8.339e-001  2.620e-002 
70 1-1  1.000e+000
70 1-2 -8.990e-001  1.000e+000
70 1-3 -3.033e-001 -1.446e-001  1.000e+000
70 2-1 -2.845e-001  2.775e-001  3.901e-002  1.000e+000
70 2-2  2.523e-001 -3.186e-001  1.233e-001 -8.780e-001  1.000e+000
70 2-3  2.022e-002  1.313e-001 -3.313e-001 -8.899e-002 -3.987e-001  1.000e+000
71  9.634e-001  3.064e-002  5.955e-003  1.366e-001  8.349e-001  2.849e-002 
71 1-1  1.000e+000
71 1-2 -8.934e-001  1.000e+000
71 1-3 -3.069e-001 -1.534e-001  1.000e+000
71 2-1 -2.844e-001  2.735e-001  4.615e-002  1.000e+000
71 2-2  2.506e-001 -3.190e-001  1.245e-001 -8.698e-001  1.000e+000
71 2-3  2.046e-002  1.377e-001 -3.366e-001 -9.508e-002 -4.084e-001  1.000e+000
72  9.613e-001  3.199e-002  6.726e-003  1.333e-001  8.358e-001  3.097e-002 
72 1-1  1.000e+000
72 1-2 -8.889e-001  1.000e+000
72 1-3 -3.072e-001 -1.628e-001  1.000e+000
72 2-1 -2.852e-001  2.695e-001  5.451e-002  1.000e+000
72 2-2  2.507e-001 -3.196e-001  1.239e-001 -8.632e-001  1.000e+000
72 2-3  1.994e-002  1.441e-001 -3.423e-001 -1.014e-001 -4.148e-001  1.000e+000
73  9.590e-001  3.339e-002  7.597e-003  1.300e-001  8.363e-001  3.366e-002 
73 1-1  1.000e+000
73 1-2 -8.854e-001  1.000e+000
73 1-3 -3.053e-001 -1.724e-001  1.000e+000
73 2-1 -2.870e-001  2.656e-001  6.393e-002  1.000e+000
73 2-2  2.525e-001 -3.205e-001  1.215e-001 -8.579e-001  1.000e+000
73 2-3  1.882e-002  1.505e-001 -3.482e-001 -1.079e-001 -4.183e-001  1.000e+000
74  9.566e-001  3.484e-002  8.578e-003  1.268e-001  8.366e-001  3.656e-002 
74 1-1  1.000e+000
74 1-2 -8.822e-001  1.000e+000
74 1-3 -3.023e-001 -1.822e-001  1.000e+000
74 2-1 -2.896e-001  2.621e-001  7.419e-002  1.000e+000
74 2-2  2.555e-001 -3.218e-001  1.179e-001 -8.535e-001  1.000e+000
74 2-3  1.740e-002  1.569e-001 -3.540e-001 -1.147e-001 -4.197e-001  1.000e+000
75  9.540e-001  3.635e-002  9.684e-003  1.236e-001  8.367e-001  3.971e-002 
75 1-1  1.000e+000
75 1-2 -8.787e-001  1.000e+000
75 1-3 -2.999e-001 -1.918e-001  1.000e+000
75 2-1 -2.929e-001  2.588e-001  8.492e-002  1.000e+000
75 2-2  2.592e-001 -3.234e-001  1.133e-001 -8.496e-001  1.000e+000
75 2-3  1.607e-002  1.633e-001 -3.594e-001 -1.217e-001 -4.200e-001  1.000e+000
76  9.511e-001  3.792e-002  1.093e-002  1.205e-001  8.364e-001  4.311e-002 
76 1-1  1.000e+000
76 1-2 -8.743e-001  1.000e+000
76 1-3 -2.999e-001 -2.008e-001  1.000e+000
76 2-1 -2.966e-001  2.559e-001  9.570e-002  1.000e+000
76 2-2  2.631e-001 -3.254e-001  1.086e-001 -8.454e-001  1.000e+000
76 2-3  1.534e-002  1.695e-001 -3.642e-001 -1.289e-001 -4.206e-001  1.000e+000
77  9.481e-001  3.955e-002  1.233e-002  1.174e-001  8.359e-001  4.678e-002 
77 1-1  1.000e+000
77 1-2 -8.682e-001  1.000e+000
77 1-3 -3.039e-001 -2.089e-001  1.000e+000
77 2-1 -3.006e-001  2.533e-001  1.060e-001  1.000e+000
77 2-2  2.663e-001 -3.277e-001  1.043e-001 -8.402e-001  1.000e+000
77 2-3  1.578e-002  1.753e-001 -3.678e-001 -1.361e-001 -4.229e-001  1.000e+000
78  9.449e-001  4.123e-002  1.392e-002  1.143e-001  8.350e-001  5.074e-002 
78 1-1  1.000e+000
78 1-2 -8.596e-001  1.000e+000
78 1-3 -3.133e-001 -2.159e-001  1.000e+000
78 2-1 -3.046e-001  2.510e-001  1.155e-001  1.000e+000
78 2-2  2.681e-001 -3.301e-001  1.013e-001 -8.330e-001  1.000e+000
78 2-3  1.795e-002  1.806e-001 -3.698e-001 -1.433e-001 -4.282e-001  1.000e+000
79  9.413e-001  4.298e-002  1.569e-002  1.112e-001  8.337e-001  5.502e-002 
79 1-1  1.000e+000
79 1-2 -8.479e-001  1.000e+000
79 1-3 -3.291e-001 -2.216e-001  1.000e+000
79 2-1 -3.083e-001  2.489e-001  1.237e-001  1.000e+000
79 2-2  2.674e-001 -3.325e-001  1.003e-001 -8.229e-001  1.000e+000
79 2-3  2.234e-002  1.848e-001 -3.702e-001 -1.503e-001 -4.381e-001  1.000e+000
80  9.375e-001  4.478e-002  1.769e-002  1.082e-001  8.321e-001  5.964e-002 
80 1-1  1.000e+000
80 1-2 -8.325e-001  1.000e+000
80 1-3 -3.515e-001 -2.260e-001  1.000e+000
80 2-1 -3.115e-001  2.468e-001  1.306e-001  1.000e+000
80 2-2  2.636e-001 -3.345e-001  1.017e-001 -8.089e-001  1.000e+000
80 2-3  2.927e-002  1.878e-001 -3.689e-001 -1.569e-001 -4.537e-001  1.000e+000
81  9.334e-001  4.665e-002  1.994e-002  1.053e-001  8.301e-001  6.461e-002 
81 1-1  1.000e+000
81 1-2 -8.130e-001  1.000e+000
81 1-3 -3.801e-001 -2.295e-001  1.000e+000
81 2-1 -3.141e-001  2.448e-001  1.361e-001  1.000e+000
81 2-2  2.559e-001 -3.360e-001  1.060e-001 -7.902e-001  1.000e+000
81 2-3  3.879e-002  1.895e-001 -3.659e-001 -1.630e-001 -4.758e-001  1.000e+000
82  9.290e-001  4.857e-002  2.247e-002  1.023e-001  8.277e-001  6.996e-002 
82 1-1  1.000e+000
82 1-2 -7.892e-001  1.000e+000
82 1-3 -4.140e-001 -2.323e-001  1.000e+000
82 2-1 -3.158e-001  2.428e-001  1.403e-001  1.000e+000
82 2-2  2.435e-001 -3.365e-001  1.130e-001 -7.658e-001  1.000e+000
82 2-3  5.073e-002  1.897e-001 -3.615e-001 -1.687e-001 -5.047e-001  1.000e+000
83  9.241e-001  5.055e-002  2.530e-002  9.940e-002  8.249e-001  7.571e-002 
83 1-1  1.000e+000
83 1-2 -7.607e-001  1.000e+000
83 1-3 -4.522e-001 -2.349e-001  1.000e+000
83 2-1 -3.167e-001  2.408e-001  1.434e-001  1.000e+000
83 2-2  2.263e-001 -3.358e-001  1.226e-001 -7.352e-001  1.000e+000
83 2-3  6.465e-002  1.888e-001 -3.562e-001 -1.740e-001 -5.397e-001  1.000e+000
84  9.189e-001  5.259e-002  2.848e-002  9.651e-002  8.216e-001  8.188e-002 
84 1-1  1.000e+000
84 1-2 -7.278e-001  1.000e+000
84 1-3 -4.932e-001 -2.377e-001  1.000e+000
84 2-1 -3.166e-001  2.385e-001  1.458e-001  1.000e+000
84 2-2  2.040e-001 -3.336e-001  1.342e-001 -6.979e-001  1.000e+000
84 2-3  8.002e-002  1.868e-001 -3.503e-001 -1.791e-001 -5.796e-001  1.000e+000
85  9.133e-001  5.468e-002  3.205e-002  9.366e-002  8.178e-001  8.851e-002 
85 1-1  1.000e+000
85 1-2 -6.905e-001  1.000e+000
85 1-3 -5.358e-001 -2.408e-001  1.000e+000
85 2-1 -3.155e-001  2.362e-001  1.477e-001  1.000e+000
85 2-2  1.771e-001 -3.299e-001  1.474e-001 -6.542e-001  1.000e+000
85 2-3  9.622e-002  1.844e-001 -3.443e-001 -1.844e-001 -6.227e-001  1.000e+000
86  9.071e-001  5.683e-002  3.604e-002  9.082e-002  8.136e-001  9.562e-002 
86 1-1  1.000e+000
86 1-2 -6.491e-001  1.000e+000
86 1-3 -5.787e-001 -2.448e-001  1.000e+000
86 2-1 -3.135e-001  2.335e-001  1.492e-001  1.000e+000
86 2-2  1.464e-001 -3.245e-001  1.613e-001 -6.045e-001  1.000e+000
86 2-3  1.127e-001  1.816e-001 -3.383e-001 -1.900e-001 -6.672e-001  1.000e+000
87  9.005e-001  5.902e-002  4.050e-002  8.802e-002  8.088e-001  1.032e-001 
87 1-1  1.000e+000
87 1-2 -6.041e-001  1.000e+000
87 1-3 -6.208e-001 -2.496e-001  1.000e+000
87 2-1 -3.106e-001  2.306e-001  1.506e-001  1.000e+000
87 2-2  1.129e-001 -3.177e-001  1.754e-001 -5.499e-001  1.000e+000
87 2-3  1.289e-001  1.789e-001 -3.327e-001 -1.962e-001 -7.111e-001  1.000e+000
88  8.933e-001  6.125e-002  4.548e-002  8.524e-002  8.034e-001  1.114e-001 
88 1-1  1.000e+000
88 1-2 -5.561e-001  1.000e+000
88 1-3 -6.613e-001 -2.556e-001  1.000e+000
88 2-1 -3.070e-001  2.273e-001  1.519e-001  1.000e+000
88 2-2  7.779e-002 -3.098e-001  1.891e-001 -4.916e-001  1.000e+000
88 2-3  1.446e-001  1.765e-001 -3.275e-001 -2.031e-001 -7.528e-001  1.000e+000
89  8.854e-001  6.352e-002  5.103e-002  8.248e-002  7.975e-001  1.200e-001 
89 1-1  1.000e+000
89 1-2 -5.057e-001  1.000e+000
89 1-3 -6.994e-001 -2.629e-001  1.000e+000
89 2-1 -3.028e-001  2.236e-001  1.533e-001  1.000e+000
89 2-2  4.238e-002 -3.010e-001  2.020e-001 -4.310e-001  1.000e+000
89 2-3  1.593e-001  1.745e-001 -3.227e-001 -2.110e-001 -7.911e-001  1.000e+000
90  8.770e-001  6.582e-002  5.722e-002  7.975e-002  7.910e-001  1.293e-001 
90 1-1  1.000e+000
90 1-2 -4.533e-001  1.000e+000
90 1-3 -7.347e-001 -2.716e-001  1.000e+000
90 2-1 -2.982e-001  2.195e-001  1.549e-001  1.000e+000
90 2-2  7.795e-003 -2.919e-001  2.137e-001 -3.695e-001  1.000e+000
90 2-3  1.730e-001  1.730e-001 -3.185e-001 -2.199e-001 -8.253e-001  1.000e+000