
#****** ******
# ITMgali.txt
#IMaCh version 0.99r45, April 2023,INED-EUROREVES-Institut de longevite-Japan Society for the Promotion of Science (Grant-in-Aid for Scientific Research 25293121), Intel Software 2015-2020, Nihon University 2021-202, INED 2000-2022
#$Revision: 1.353 $ $Date: 2023/05/08 18:48:22 $
# Tue Feb 04 20:24:32 2025
# Standard deviation of period (forward stable) prevalences 
# Age  Result#  1-1 2-2
50 1  0.95379 (0.01099) 0.04623 (0.01102)
51 1  0.95101 (0.01120) 0.04902 (0.01123)
52 1  0.94808 (0.01139) 0.05195 (0.01142)
53 1  0.94498 (0.01157) 0.05505 (0.01161)
54 1  0.94172 (0.01174) 0.05831 (0.01177)
55 1  0.93828 (0.01189) 0.06175 (0.01192)
56 1  0.93466 (0.01201) 0.06538 (0.01205)
57 1  0.93084 (0.01212) 0.06919 (0.01215)
58 1  0.92683 (0.01221) 0.07320 (0.01225)
59 1  0.92262 (0.01228) 0.07742 (0.01232)
60 1  0.91820 (0.01234) 0.08184 (0.01237)
61 1  0.91357 (0.01237) 0.08648 (0.01241)
62 1  0.90872 (0.01240) 0.09132 (0.01243)
63 1  0.90364 (0.01241) 0.09641 (0.01245)
64 1  0.89833 (0.01243) 0.10172 (0.01246)
65 1  0.89280 (0.01244) 0.10725 (0.01247)
66 1  0.88702 (0.01248) 0.11303 (0.01251)
67 1  0.88101 (0.01254) 0.11905 (0.01257)
68 1  0.87477 (0.01264) 0.12529 (0.01267)
69 1  0.86828 (0.01279) 0.13179 (0.01283)
70 1  0.86156 (0.01302) 0.13852 (0.01305)
71 1  0.85460 (0.01334) 0.14548 (0.01337)
72 1  0.84742 (0.01376) 0.15266 (0.01378)
73 1  0.84000 (0.01429) 0.16008 (0.01432)
74 1  0.83236 (0.01495) 0.16773 (0.01498)
75 1  0.82451 (0.01575) 0.17559 (0.01578)
76 1  0.81645 (0.01669) 0.18364 (0.01671)
77 1  0.80819 (0.01776) 0.19190 (0.01779)
78 1  0.79974 (0.01898) 0.20036 (0.01901)
79 1  0.79111 (0.02034) 0.20900 (0.02037)
80 1  0.78231 (0.02184) 0.21781 (0.02187)
81 1  0.77335 (0.02349) 0.22678 (0.02352)
82 1  0.76424 (0.02528) 0.23590 (0.02532)
83 1  0.75498 (0.02724) 0.24514 (0.02726)
84 1  0.74558 (0.02936) 0.25454 (0.02939)
85 1  0.73606 (0.03168) 0.26407 (0.03172)
86 1  0.72641 (0.03423) 0.27372 (0.03426)
87 1  0.71664 (0.03703) 0.28349 (0.03706)
88 1  0.70675 (0.04040) 0.29339 (0.03856)
89 1  0.69674 (0.04361) 0.30344 (0.04365)
90 1  0.68658 (0.04751) 0.31360 (0.04756)
