# Powell
# iter -2*LL p12 p13 p21 p23
1 1 14844.116178395478 1 0.000000000000 0.000000000000 0.000000000000 0.000000000000 0.000000000000 0.000000000000 0.000000000000 0.000000000000
2 2 3922.560754710255 1 5.168651295464 -0.002088187405 -0.762846772518 0.002048187434 2.819798013064 -0.000871765733 -1.197218155721 0.002611399374
3 2 2381.129007022779 2 -3.340825600380 -0.006178704727 -4.900870935982 0.015089442827 0.658658424438 -0.005725382225 -1.470133246198 -0.047841447117
4 3 2185.057891964582 2 -2.366890276767 -0.004785015166 -4.989217058027 0.003083584286 0.728189422463 0.007203774774 -1.595836550002 -0.041600341846
5 3 2030.323775688381 2 -4.528912017031 0.015939778702 -5.477456885431 0.008134428233 -0.393062301660 -0.016111794476 -9.524944949730 0.087306807223
6 4 1838.976985669589 3 -5.973556709261 0.018043761568 -5.416996926571 -0.002154975714 -0.683280039015 -0.027878964551 -9.638170760615 0.080933629584
7 4 1834.157795687513 4 -6.431418892938 0.023605224811 -5.433008098812 0.002681789989 -0.833941026100 -0.026000189321 -10.198573313027 0.086325751772
8 5 1831.411550324143 4 -6.628615965242 0.026193094984 -5.449123736036 0.002729014151 -0.869104435093 -0.024804576720 -10.469842662819 0.088799018484
9 5 1814.274222157761 5 -9.207114103441 0.063287022404 -5.783763848335 0.005072385132 -1.533107295020 -0.015980720022 -15.776374811684 0.153311279313
10 6 1813.042827724835 5 -9.430499373524 0.066120854354 -5.799989945682 0.005009068042 -1.564069033757 -0.015138316409 -16.006502029898 0.154987632833
11 6 1812.165624644068 5 -9.914700800270 0.071950532831 -5.834040893314 0.006794901871 -1.616978154755 -0.014185331044 -16.348158900507 0.157856553140
12 7 1811.718868627744 6 -10.088338032679 0.074417984873 -5.850353586160 0.006806777745 -1.629188431952 -0.014053386049 -16.449196502767 0.159297613826
13 7 1803.041778826522 6 -10.872939275331 0.086180056629 -5.816134280129 0.003251499233 -0.821158067233 -0.025149540581 -10.982251638890 0.098442844999
14 8 1802.685105394376 6 -10.919638111195 0.087239429359 -5.821297867599 0.002248982306 -0.775640383562 -0.025599812828 -10.754453369203 0.095253697416
15 8 1802.577581356725 7 -11.058460774905 0.088790348648 -5.831547097849 0.002994117742 -0.767587061397 -0.025756366076 -10.732935743191 0.094584026208
16 9 1802.563687539376 7 -11.129488263247 0.089726608517 -5.838642487939 0.003024714195 -0.771606093187 -0.025712292835 -10.775153548579 0.095178224028
17 9 1802.535186433000 7 -11.246663732418 0.091312993683 -5.858829118691 0.003193870753 -0.775329192933 -0.025634895446 -10.932116936329 0.097076370378
18 10 1802.472224190200 8 -11.316208550683 0.092284835771 -5.885182209563 0.003424649544 -0.751131817627 -0.025945497743 -11.065982922126 0.098558979895
19 10 1802.389225925899 8 -11.404763504484 0.093523764795 -5.928539687563 0.003995704769 -0.697451376005 -0.026644624268 -11.246948137323 0.100644966826
20 11 1801.917285474256 8 -11.482241726516 0.094606287957 -6.120835777652 0.006915233285 -0.339408538879 -0.031464529457 -11.760550836650 0.106356753664
21 11 1800.945126009245 9 -11.005554302894 0.087848210140 -6.370947372900 0.011442509967 0.330980519339 -0.040690969523 -11.977026324302 0.108251414134
22 12 1800.720062214146 9 -10.813934043393 0.084974759213 -6.364839146293 0.011728986718 0.362545050037 -0.041230476507 -11.942020546255 0.107959214336
23 12 1800.685691407646 9 -10.730396328119 0.083780567104 -6.361499275734 0.011848962112 0.373501208901 -0.041394984464 -11.926364126816 0.107808463797
24 13 1800.673684668135 10 -10.651449170841 0.082653445391 -6.358399960033 0.011943700124 0.384014617563 -0.041555013492 -11.904952437296 0.107578270427
25 13 1800.664727712656 10 -10.611821293720 0.082096024805 -6.353907315809 0.011931870909 0.382601689393 -0.041543002007 -11.879025450479 0.107276642874
26 14 1800.655409323686 10 -10.561089199500 0.081382427225 -6.354093635269 0.011985768958 0.394203939315 -0.041715297734 -11.850244983991 0.106910318259
27 14 1800.609440821963 11 -10.425457404168 0.079517368099 -6.354836036891 0.012052702779 0.424807213970 -0.042167457146 -11.720951145338 0.105224889589
28 15 1800.563818729605 11 -10.375180185347 0.078890868349 -6.352825983787 0.011965915061 0.433390443239 -0.042278904997 -11.591449470239 0.103537363140
29 15 1800.542056853499 11 -10.352193061289 0.078628345007 -6.344682860862 0.011819506169 0.421948019312 -0.042102129481 -11.488451247235 0.102234626028
30 16 1800.520723273644 11 -10.307599038834 0.078040584035 -6.336109966414 0.011708596383 0.406668782280 -0.041884210872 -11.388359249417 0.100974591943
31 16 1800.367000201937 12 -10.158375480165 0.076056852027 -6.319046763028 0.011515457193 0.336269033059 -0.040894683969 -11.045835744723 0.096644903096
32 17 1799.404918218207 12 -9.822318645081 0.071492314404 -6.388615589510 0.012754411404 0.122186092773 -0.037922548274 -10.315875002140 0.087233634625
33 17 1792.361314765822 12 -8.613038740339 0.054455473692 -7.552115673408 0.031373901703 -0.728805142033 -0.026198051386 -8.371349486065 0.060393535387
34 18 1774.714693567055 13 -8.702402675971 0.054785202776 -9.191249596395 0.055992225302 -0.905422061100 -0.023785559792 -9.420660541704 0.071274906499
35 18 1752.487627042749 13 -9.929193100598 0.070495346865 -13.386204152356 0.113777803687 -1.740784292716 -0.012026600165 -11.071694057807 0.090192099909
36 19 1750.380347744268 13 -10.530342817301 0.079152664500 -13.926132272936 0.118359168951 -1.835246282965 -0.010712675333 -11.054095758444 0.091925251063
37 19 1749.644037123489 14 -10.262328324499 0.075590112832 -14.372637564929 0.123619553470 -1.876962903791 -0.010109480687 -10.330536160213 0.083324734805
38 20 1748.984752832170 14 -9.638628240440 0.067011847738 -14.935867789962 0.130648060315 -1.658714750950 -0.013048209717 -9.433127890330 0.072561729385
39 20 1748.800688787455 14 -9.597360278315 0.066186527589 -14.740183171030 0.128542495187 -1.501647152547 -0.015253767927 -9.504903336687 0.073401482569
40 21 1748.722900198180 14 -9.520371251113 0.065035487229 -14.572759401765 0.126736869723 -1.388971149751 -0.016810468973 -9.642725337129 0.075171603053
41 21 1748.640500664944 15 -9.499048899537 0.064731075612 -14.562254252036 0.126534704865 -1.404354544716 -0.016637655396 -9.854512384780 0.077832445867
42 22 1748.495924016855 15 -9.392041306434 0.063368091907 -14.608120691708 0.126876854443 -1.429416771060 -0.016366922163 -10.158306035283 0.082201901604
43 22 1748.483133597141 16 -9.431086386540 0.063998879900 -14.623484442828 0.127030440797 -1.438107142101 -0.016209409562 -10.067097616911 0.081207378574
44 23 1748.471073490083 18 -9.433280595151 0.064080827014 -14.580799840321 0.126587460318 -1.462425971452 -0.015862820032 -9.964535289393 0.080104944960
45 23 1748.469954569736 18 -9.436292015354 0.064109924356 -14.577893912745 0.126551899937 -1.477684224669 -0.015661238636 -9.971236401202 0.080173135223
46 24 1748.469275365785 19 -9.433002916071 0.064059194336 -14.585448769110 0.126641994496 -1.498995507794 -0.015377050236 -9.959644153700 0.080019921118
47 24 1748.469273088340 20 -9.432872886530 0.064057666999 -14.585377187069 0.126642204499 -1.498879159558 -0.015378256598 -9.959398404067 0.080013674652
48 25 1748.469273025035 21 -9.432764121709 0.064056231507 -14.585351014344 0.126642117243 -1.498863058232 -0.015378429286 -9.959261447278 0.080011911355
49 25 1748.469273020567 22 -9.432738852072 0.064055885560 -14.585337687198 0.126642016339 -1.498860610814 -0.015378455725 -9.959236752783 0.080011583183
50 26 1748.469273020174 23 -9.432729474836 0.064055759079 -14.585335180339 0.126642003297 -1.498859417419 -0.015378468081 -9.959229660842 0.080011489398
51 26 1748.469273020136 27 -9.432728088588 0.064055736532 -14.585334132405 0.126641995590 -1.498860058087 -0.015378460798 -9.959228937457 0.080011477143
52 27 1748.469273020131 30 -9.432728174609 0.064055737409 -14.585333665838 0.126641990818 -1.498860354790 -0.015378457063 -9.959227828294 0.080011465372
