# GRMchr.txt
#IMaCh version 0.99r45, April 2023,INED-EUROREVES-Institut de longevite-Japan Society for the Promotion of Science (Grant-in-Aid for Scientific Research 25293121), Intel Software 2015-2020, Nihon University 2021-202, INED 2000-2022
#$Revision: 1.353 $ $Date: 2023/05/08 18:48:22 $
# Tue Feb 04 22:21:37 2025

#****** ******
# (a) Life expectancies by health status at initial age and (b) health expectancies by health status at initial age
# Age e11  e12  e1.  e21  e22  e2. 
 50  11.8778  17.6983  29.5761   8.8506  20.5233  29.3739
 51  11.1337  17.4739  28.6076   8.0004  20.3793  28.3797
 52  10.4184  17.2266  27.6450   7.1939  20.1975  27.3914
 53   9.7336  16.9556  26.6893   6.4351  19.9754  26.4105
 54   9.0803  16.6608  25.7412   5.7270  19.7115  25.4385
 55   8.4595  16.3421  24.8017   5.0718  19.4052  24.4770
 56   7.8717  15.9999  23.8716   4.4701  19.0572  23.5274
 57   7.3172  15.6347  22.9519   3.9220  18.6691  22.5911
 58   6.7959  15.2475  22.0434   3.4264  18.2430  21.6695
 59   6.3074  14.8397  21.1472   2.9814  17.7822  20.7636
 60   5.8512  14.4128  20.2639   2.5845  17.2903  19.8747
 61   5.4263  13.9684  19.3947   2.2325  16.7711  19.0036
 62   5.0317  13.5085  18.5402   1.9223  16.2289  18.1512
 63   4.6662  13.0352  17.7014   1.6502  15.6680  17.3182
 64   4.3285  12.5507  16.8792   1.4127  15.0926  16.5054
 65   4.0172  12.0571  16.0743   1.2064  14.5068  15.7132
 66   3.7308  11.5567  15.2875   1.0277  13.9145  14.9422
 67   3.4679  11.0517  14.5197   0.8736  13.3192  14.1929
 68   3.2270  10.5445  13.7715   0.7411  12.7245  13.4657
 69   3.0066  10.0372  13.0438   0.6275  12.1334  12.7609
 70   2.8053   9.5320  12.3373   0.5304  11.5487  12.0791
 71   2.6217   9.0308  11.6526   0.4475  10.9729  11.4203
 72   2.4546   8.5357  10.9903   0.3769  10.4081  10.7851
 73   2.3026   8.0485  10.3511   0.3170   9.8565  10.1735
 74   2.1646   7.5710   9.7355   0.2662   9.3196   9.5857
 75   2.0394   7.1046   9.1440   0.2231   8.7989   9.0220
 76   1.9261   6.6509   8.5769   0.1868   8.2957   8.4824
 77   1.8236   6.2111   8.0347   0.1561   7.8109   7.9669
 78   1.7310   5.7865   7.5176   0.1302   7.3454   7.4756
 79   1.6476   5.3781   7.0256   0.1085   6.8997   7.0082
 80   1.5724   4.9866   6.5590   0.0902   6.4745   6.5647
 81   1.5049   4.6128   6.1176   0.0749   6.0699   6.1448
 82   1.4443   4.2571   5.7014   0.0621   5.6861   5.7482
 83   1.3900   3.9199   5.3100   0.0514   5.3230   5.3744
 84   1.3415   3.6015   4.9430   0.0425   4.9806   5.0230
 85   1.2983   3.3019   4.6001   0.0350   4.6585   4.6936
 86   1.2598   3.0209   4.2807   0.0288   4.3565   4.3853
 87   1.2256   2.7583   3.9839   0.0237   4.0740   4.0977
 88   1.1954   2.5138   3.7092   0.0194   3.8105   3.8300
 89   1.1687   2.2868   3.4556   0.0159   3.5654   3.5813
 90   1.1453   2.0769   3.2221   0.0130   3.3379   3.3509
