# GRMchr.txt
#IMaCh version 0.99r45, April 2023,INED-EUROREVES-Institut de longevite-Japan Society for the Promotion of Science (Grant-in-Aid for Scientific Research 25293121), Intel Software 2015-2020, Nihon University 2021-202, INED 2000-2022
#$Revision: 1.353 $ $Date: 2023/05/08 18:48:22 $
# Tue Feb 04 22:21:37 2025
# Forward period (stable) prevalence. Precision given by ftolpl=0.0006 
#Age 1-1 2-2 
#************
#Age   1-1     2-2   Total Years_to_converge
50  0.83975 0.16028 1.000 16
51  0.82064 0.17942 1.000 16
52  0.79954 0.20056 1.000 16
53  0.77637 0.22366 1.000 18
54  0.75108 0.24898 1.000 18
55  0.72363 0.27646 1.000 18
56  0.69405 0.30609 1.000 18
57  0.66242 0.33763 1.000 20
58  0.62887 0.37121 1.000 20
59  0.59360 0.40652 1.000 20
60  0.55688 0.44331 1.000 20
61  0.51902 0.48126 1.000 20
62  0.48040 0.51970 1.000 22
63  0.44147 0.55869 1.000 22
64  0.40267 0.59755 1.000 22
65  0.36446 0.63562 1.000 24
66  0.32733 0.67278 1.000 24
67  0.29171 0.70843 1.000 24
68  0.25798 0.74208 1.000 26
69  0.22647 0.77360 1.000 26
70  0.19743 0.80265 1.000 26
71  0.17102 0.82908 1.000 26
72  0.14729 0.85275 1.000 28
73  0.12625 0.87379 1.000 28
74  0.10780 0.89225 1.000 28
75  0.09179 0.90826 1.000 28
76  0.07802 0.92202 1.000 28
77  0.06628 0.93376 1.000 28
78  0.05632 0.94371 1.000 28
79  0.04791 0.95211 1.000 28
80  0.04083 0.95918 1.000 28
81  0.03488 0.96513 1.000 28
82  0.02988 0.97014 1.000 26
83  0.02566 0.97435 1.000 26
84  0.02210 0.97791 1.000 24
85  0.01909 0.98092 1.000 22
86  0.01652 0.98348 1.000 22
87  0.01434 0.98566 1.000 20
88  0.01248 0.98753 1.000 20
89  0.01088 0.98913 1.000 18
90  0.00950 0.99050 1.000 18
