# GRMchr.txt
#IMaCh version 0.99r45, April 2023,INED-EUROREVES-Institut de longevite-Japan Society for the Promotion of Science (Grant-in-Aid for Scientific Research 25293121), Intel Software 2015-2020, Nihon University 2021-202, INED 2000-2022
#$Revision: 1.353 $ $Date: 2023/05/08 18:48:22 $
# Tue Feb 04 22:21:37 2025
# probabilities of dying before estepm=24 months for people of exact age and weighted probabilities w1*p1j+w2*p2j+... stand dev in()
# Selected quantitative variables and dummies
# Age cov=1 p.3 SE w1 p13 w2 p23
 50 1   1.764e-003  1.198e-003  8.398e-001  1.302e-003   1.603e-001  4.182e-003 
 51 1   2.180e-003  1.379e-003  8.206e-001  1.585e-003   1.794e-001  4.901e-003 
 52 1   2.689e-003  1.580e-003  7.995e-001  1.926e-003   2.006e-001  5.726e-003 
 53 1   3.307e-003  1.802e-003  7.764e-001  2.338e-003   2.237e-001  6.668e-003 
 54 1   4.056e-003  2.044e-003  7.511e-001  2.834e-003   2.490e-001  7.741e-003 
 55 1   4.959e-003  2.307e-003  7.236e-001  3.430e-003   2.765e-001  8.961e-003 
 56 1   6.042e-003  2.590e-003  6.941e-001  4.145e-003   3.061e-001  1.034e-002 
 57 1   7.331e-003  2.893e-003  6.624e-001  5.000e-003   3.376e-001  1.190e-002 
 58 1   8.859e-003  3.214e-003  6.289e-001  6.020e-003   3.712e-001  1.367e-002 
 59 1   1.066e-002  3.552e-003  5.936e-001  7.233e-003   4.065e-001  1.565e-002 
 60 1   1.276e-002  3.907e-003  5.569e-001  8.674e-003   4.433e-001  1.788e-002 
 61 1   1.520e-002  4.278e-003  5.190e-001  1.038e-002   4.813e-001  2.038e-002 
 62 1   1.800e-002  4.664e-003  4.804e-001  1.239e-002   5.197e-001  2.319e-002 
 63 1   2.122e-002  5.066e-003  4.415e-001  1.475e-002   5.587e-001  2.633e-002 
 64 1   2.488e-002  5.484e-003  4.027e-001  1.751e-002   5.975e-001  2.983e-002 
 65 1   2.901e-002  5.917e-003  3.645e-001  2.074e-002   6.356e-001  3.374e-002 
 66 1   3.365e-002  6.365e-003  3.273e-001  2.450e-002   6.728e-001  3.810e-002 
 67 1   3.883e-002  6.827e-003  2.917e-001  2.884e-002   7.084e-001  4.294e-002 
 68 1   4.459e-002  7.298e-003  2.580e-001  3.385e-002   7.421e-001  4.832e-002 
 69 1   5.097e-002  7.777e-003  2.265e-001  3.960e-002   7.736e-001  5.429e-002 
 70 1   5.800e-002  8.258e-003  1.974e-001  4.618e-002   8.027e-001  6.090e-002 
 71 1   6.573e-002  8.740e-003  1.710e-001  5.366e-002   8.291e-001  6.821e-002 
 72 1   7.420e-002  9.222e-003  1.473e-001  6.213e-002   8.527e-001  7.628e-002 
 73 1   8.346e-002  9.710e-003  1.262e-001  7.168e-002   8.738e-001  8.516e-002 
 74 1   9.357e-002  1.022e-002  1.078e-001  8.238e-002   8.922e-001  9.492e-002 
 75 1   1.046e-001  1.077e-002  9.179e-002  9.432e-002   9.083e-001  1.056e-001 
 76 1   1.166e-001  1.139e-002  7.802e-002  1.076e-001   9.220e-001  1.173e-001 
 77 1   1.296e-001  1.214e-002  6.628e-002  1.222e-001   9.338e-001  1.301e-001 
 78 1   1.436e-001  1.305e-002  5.632e-002  1.382e-001   9.437e-001  1.440e-001 
 79 1   1.589e-001  1.420e-002  4.791e-002  1.557e-001   9.521e-001  1.590e-001 
 80 1   1.752e-001  1.563e-002  4.083e-002  1.747e-001   9.592e-001  1.753e-001 
 81 1   1.928e-001  1.738e-002  3.488e-002  1.952e-001   9.651e-001  1.928e-001 
 82 1   2.117e-001  1.948e-002  2.988e-002  2.171e-001   9.701e-001  2.115e-001 
 83 1   2.317e-001  2.193e-002  2.566e-002  2.404e-001   9.744e-001  2.315e-001 
 84 1   2.531e-001  2.473e-002  2.210e-002  2.650e-001   9.779e-001  2.528e-001 
 85 1   2.756e-001  2.785e-002  1.909e-002  2.909e-001   9.809e-001  2.753e-001 
 86 1   2.992e-001  3.126e-002  1.652e-002  3.179e-001   9.835e-001  2.989e-001 
 87 1   3.240e-001  3.489e-002  1.434e-002  3.459e-001   9.857e-001  3.237e-001 
 88 1   3.497e-001  3.869e-002  1.248e-002  3.747e-001   9.875e-001  3.494e-001 
 89 1   3.764e-001  4.258e-002  1.088e-002  4.042e-001   9.891e-001  3.761e-001 
 90 1   4.037e-001  4.648e-002  9.498e-003  4.340e-001   9.905e-001  4.034e-001 
