# GRMchr.txt
#IMaCh version 0.99r45, April 2023,INED-EUROREVES-Institut de longevite-Japan Society for the Promotion of Science (Grant-in-Aid for Scientific Research 25293121), Intel Software 2015-2020, Nihon University 2021-202, INED 2000-2022
#$Revision: 1.353 $ $Date: 2023/05/08 18:48:22 $
# Tue Feb 04 22:21:37 2025
#One-step probabilities and stand. devi in ()
# Age p1-1 (SE) p1-2 (SE) p1-3 (SE) p2-1 (SE) p2-2 (SE) p2-3 (SE)
50  8.742e-001 ( 3.231e-002)  1.245e-001 ( 3.208e-002)  1.302e-003 ( 1.351e-003)  3.993e-001 ( 5.870e-002)  5.965e-001 ( 5.835e-002)  4.182e-003 ( 1.790e-003) 
51  8.628e-001 ( 3.277e-002)  1.356e-001 ( 3.252e-002)  1.585e-003 ( 1.580e-003)  3.715e-001 ( 5.395e-002)  6.236e-001 ( 5.360e-002)  4.901e-003 ( 2.020e-003) 
52  8.505e-001 ( 3.308e-002)  1.476e-001 ( 3.280e-002)  1.926e-003 ( 1.843e-003)  3.445e-001 ( 4.917e-002)  6.498e-001 ( 4.883e-002)  5.726e-003 ( 2.270e-003) 
53  8.373e-001 ( 3.322e-002)  1.604e-001 ( 3.292e-002)  2.338e-003 ( 2.144e-003)  3.184e-001 ( 4.446e-002)  6.749e-001 ( 4.413e-002)  6.668e-003 ( 2.542e-003) 
54  8.231e-001 ( 3.321e-002)  1.741e-001 ( 3.288e-002)  2.834e-003 ( 2.488e-003)  2.934e-001 ( 3.989e-002)  6.988e-001 ( 3.959e-002)  7.741e-003 ( 2.836e-003) 
55  8.079e-001 ( 3.304e-002)  1.887e-001 ( 3.269e-002)  3.430e-003 ( 2.877e-003)  2.696e-001 ( 3.554e-002)  7.215e-001 ( 3.528e-002)  8.961e-003 ( 3.151e-003) 
56  7.917e-001 ( 3.273e-002)  2.041e-001 ( 3.235e-002)  4.145e-003 ( 3.317e-003)  2.470e-001 ( 3.149e-002)  7.427e-001 ( 3.129e-002)  1.034e-002 ( 3.487e-003) 
57  7.745e-001 ( 3.231e-002)  2.205e-001 ( 3.192e-002)  5.000e-003 ( 3.812e-003)  2.256e-001 ( 2.777e-002)  7.625e-001 ( 2.765e-002)  1.190e-002 ( 3.844e-003) 
58  7.563e-001 ( 3.182e-002)  2.377e-001 ( 3.142e-002)  6.020e-003 ( 4.365e-003)  2.056e-001 ( 2.443e-002)  7.807e-001 ( 2.441e-002)  1.367e-002 ( 4.221e-003) 
59  7.371e-001 ( 3.135e-002)  2.557e-001 ( 3.094e-002)  7.233e-003 ( 4.979e-003)  1.869e-001 ( 2.150e-002)  7.974e-001 ( 2.161e-002)  1.565e-002 ( 4.616e-003) 
60  7.168e-001 ( 3.096e-002)  2.745e-001 ( 3.055e-002)  8.674e-003 ( 5.659e-003)  1.695e-001 ( 1.897e-002)  8.126e-001 ( 1.924e-002)  1.788e-002 ( 5.028e-003) 
61  6.955e-001 ( 3.077e-002)  2.941e-001 ( 3.036e-002)  1.038e-002 ( 6.407e-003)  1.534e-001 ( 1.684e-002)  8.262e-001 ( 1.732e-002)  2.038e-002 ( 5.455e-003) 
62  6.733e-001 ( 3.089e-002)  3.143e-001 ( 3.048e-002)  1.239e-002 ( 7.226e-003)  1.385e-001 ( 1.509e-002)  8.383e-001 ( 1.581e-002)  2.319e-002 ( 5.893e-003) 
63  6.502e-001 ( 3.142e-002)  3.351e-001 ( 3.100e-002)  1.475e-002 ( 8.117e-003)  1.248e-001 ( 1.368e-002)  8.489e-001 ( 1.468e-002)  2.633e-002 ( 6.341e-003) 
64  6.262e-001 ( 3.241e-002)  3.563e-001 ( 3.198e-002)  1.751e-002 ( 9.085e-003)  1.122e-001 ( 1.256e-002)  8.579e-001 ( 1.387e-002)  2.983e-002 ( 6.793e-003) 
65  6.014e-001 ( 3.391e-002)  3.778e-001 ( 3.343e-002)  2.074e-002 ( 1.013e-002)  1.008e-001 ( 1.168e-002)  8.655e-001 ( 1.332e-002)  3.374e-002 ( 7.247e-003) 
66  5.760e-001 ( 3.589e-002)  3.995e-001 ( 3.534e-002)  2.450e-002 ( 1.127e-002)  9.032e-002 ( 1.098e-002)  8.716e-001 ( 1.297e-002)  3.810e-002 ( 7.698e-003) 
67  5.500e-001 ( 3.827e-002)  4.212e-001 ( 3.762e-002)  2.884e-002 ( 1.251e-002)  8.081e-002 ( 1.040e-002)  8.763e-001 ( 1.276e-002)  4.294e-002 ( 8.142e-003) 
68  5.235e-001 ( 4.095e-002)  4.426e-001 ( 4.018e-002)  3.385e-002 ( 1.386e-002)  7.218e-002 ( 9.902e-003)  8.795e-001 ( 1.264e-002)  4.832e-002 ( 8.575e-003) 
69  4.968e-001 ( 4.381e-002)  4.636e-001 ( 4.291e-002)  3.960e-002 ( 1.537e-002)  6.437e-002 ( 9.454e-003)  8.813e-001 ( 1.259e-002)  5.429e-002 ( 8.996e-003) 
70  4.698e-001 ( 4.673e-002)  4.841e-001 ( 4.570e-002)  4.618e-002 ( 1.706e-002)  5.732e-002 ( 9.030e-003)  8.818e-001 ( 1.257e-002)  6.090e-002 ( 9.402e-003) 
71  4.427e-001 ( 4.960e-002)  5.036e-001 ( 4.846e-002)  5.366e-002 ( 1.902e-002)  5.095e-002 ( 8.615e-003)  8.808e-001 ( 1.258e-002)  6.821e-002 ( 9.795e-003) 
72  4.157e-001 ( 5.229e-002)  5.221e-001 ( 5.110e-002)  6.213e-002 ( 2.130e-002)  4.522e-002 ( 8.199e-003)  8.785e-001 ( 1.262e-002)  7.628e-002 ( 1.018e-002) 
73  3.890e-001 ( 5.472e-002)  5.394e-001 ( 5.360e-002)  7.168e-002 ( 2.402e-002)  4.008e-002 ( 7.779e-003)  8.748e-001 ( 1.268e-002)  8.516e-002 ( 1.057e-002) 
74  3.626e-001 ( 5.681e-002)  5.551e-001 ( 5.593e-002)  8.238e-002 ( 2.728e-002)  3.546e-002 ( 7.354e-003)  8.696e-001 ( 1.279e-002)  9.492e-002 ( 1.098e-002) 
75  3.367e-001 ( 5.849e-002)  5.690e-001 ( 5.814e-002)  9.432e-002 ( 3.121e-002)  3.132e-002 ( 6.924e-003)  8.631e-001 ( 1.296e-002)  1.056e-001 ( 1.144e-002) 
76  3.114e-001 ( 5.973e-002)  5.810e-001 ( 6.033e-002)  1.076e-001 ( 3.591e-002)  2.761e-002 ( 6.492e-003)  8.551e-001 ( 1.324e-002)  1.173e-001 ( 1.199e-002) 
77  2.869e-001 ( 6.048e-002)  5.910e-001 ( 6.263e-002)  1.222e-001 ( 4.150e-002)  2.430e-002 ( 6.062e-003)  8.456e-001 ( 1.367e-002)  1.301e-001 ( 1.267e-002) 
78  2.632e-001 ( 6.075e-002)  5.986e-001 ( 6.527e-002)  1.382e-001 ( 4.806e-002)  2.135e-002 ( 5.636e-003)  8.347e-001 ( 1.432e-002)  1.440e-001 ( 1.354e-002) 
79  2.405e-001 ( 6.054e-002)  6.038e-001 ( 6.848e-002)  1.557e-001 ( 5.565e-002)  1.872e-002 ( 5.217e-003)  8.223e-001 ( 1.522e-002)  1.590e-001 ( 1.466e-002) 
80  2.188e-001 ( 5.988e-002)  6.065e-001 ( 7.254e-002)  1.747e-001 ( 6.431e-002)  1.637e-002 ( 4.810e-003)  8.084e-001 ( 1.645e-002)  1.753e-001 ( 1.607e-002) 
81  1.982e-001 ( 5.879e-002)  6.066e-001 ( 7.766e-002)  1.952e-001 ( 7.401e-002)  1.429e-002 ( 4.415e-003)  7.930e-001 ( 1.804e-002)  1.928e-001 ( 1.782e-002) 
82  1.788e-001 ( 5.733e-002)  6.041e-001 ( 8.402e-002)  2.171e-001 ( 8.471e-002)  1.245e-002 ( 4.036e-003)  7.760e-001 ( 2.002e-002)  2.115e-001 ( 1.992e-002) 
83  1.606e-001 ( 5.553e-002)  5.990e-001 ( 9.171e-002)  2.404e-001 ( 9.633e-002)  1.082e-002 ( 3.673e-003)  7.577e-001 ( 2.237e-002)  2.315e-001 ( 2.237e-002) 
84  1.436e-001 ( 5.344e-002)  5.914e-001 ( 1.007e-001)  2.650e-001 ( 1.087e-001)  9.374e-003 ( 3.330e-003)  7.378e-001 ( 2.510e-002)  2.528e-001 ( 2.518e-002) 
85  1.278e-001 ( 5.113e-002)  5.813e-001 ( 1.108e-001)  2.909e-001 ( 1.217e-001)  8.103e-003 ( 3.006e-003)  7.166e-001 ( 2.817e-002)  2.753e-001 ( 2.830e-002) 
86  1.133e-001 ( 4.863e-002)  5.688e-001 ( 1.219e-001)  3.179e-001 ( 1.351e-001)  6.984e-003 ( 2.702e-003)  6.941e-001 ( 3.153e-002)  2.989e-001 ( 3.171e-002) 
87  9.997e-002 ( 4.600e-002)  5.541e-001 ( 1.337e-001)  3.459e-001 ( 1.487e-001)  6.003e-003 ( 2.420e-003)  6.703e-001 ( 3.513e-002)  3.237e-001 ( 3.533e-002) 
88  8.783e-002 ( 4.327e-002)  5.374e-001 ( 1.459e-001)  3.747e-001 ( 1.621e-001)  5.144e-003 ( 2.157e-003)  6.454e-001 ( 3.890e-002)  3.494e-001 ( 3.912e-002) 
89  7.683e-002 ( 4.049e-002)  5.190e-001 ( 1.581e-001)  4.042e-001 ( 1.752e-001)  4.394e-003 ( 1.916e-003)  6.196e-001 ( 4.276e-002)  3.761e-001 ( 4.300e-002) 
90  6.691e-002 ( 3.770e-002)  4.991e-001 ( 1.701e-001)  4.340e-001 ( 1.875e-001)  3.742e-003 ( 1.695e-003)  5.928e-001 ( 4.665e-002)  4.034e-001 ( 4.689e-002) 