# GRMchr.txt
#IMaCh version 0.99r45, April 2023,INED-EUROREVES-Institut de longevite-Japan Society for the Promotion of Science (Grant-in-Aid for Scientific Research 25293121), Intel Software 2015-2020, Nihon University 2021-202, INED 2000-2022
#$Revision: 1.353 $ $Date: 2023/05/08 18:48:22 $
# Tue Feb 04 22:21:37 2025
#One-step probabilities and correlation matrix
# Age p1-1  p1-2  p1-3  p2-1  p2-2  p2-3 
50  8.742e-001  1.245e-001  1.302e-003  3.993e-001  5.965e-001  4.182e-003 
50 1-1  1.000e+000
50 1-2 -9.991e-001  1.000e+000
50 1-3 -1.873e-001  1.465e-001  1.000e+000
50 2-1 -1.150e-002  1.143e-002  3.451e-003  1.000e+000
50 2-2  1.150e-002 -1.144e-002 -3.386e-003 -9.996e-001  1.000e+000
50 2-3  2.299e-003 -2.197e-003 -2.811e-003 -2.131e-001  1.838e-001  1.000e+000
51  8.628e-001  1.356e-001  1.585e-003  3.715e-001  6.236e-001  4.901e-003 
51 1-1  1.000e+000
51 1-2 -9.989e-001  1.000e+000
51 1-3 -1.824e-001  1.352e-001  1.000e+000
51 2-1 -1.158e-002  1.151e-002  3.213e-003  1.000e+000
51 2-2  1.157e-002 -1.151e-002 -3.132e-003 -9.993e-001  1.000e+000
51 2-3  2.088e-003 -1.972e-003 -2.714e-003 -1.935e-001  1.571e-001  1.000e+000
52  8.505e-001  1.476e-001  1.926e-003  3.445e-001  6.498e-001  5.726e-003 
52 1-1  1.000e+000
52 1-2 -9.985e-001  1.000e+000
52 1-3 -1.776e-001  1.229e-001  1.000e+000
52 2-1 -1.166e-002  1.159e-002  2.961e-003  1.000e+000
52 2-2  1.165e-002 -1.159e-002 -2.860e-003 -9.990e-001  1.000e+000
52 2-3  1.885e-003 -1.753e-003 -2.627e-003 -1.748e-001  1.295e-001  1.000e+000
53  8.373e-001  1.604e-001  2.338e-003  3.184e-001  6.749e-001  6.668e-003 
53 1-1  1.000e+000
53 1-2 -9.979e-001  1.000e+000
53 1-3 -1.731e-001  1.096e-001  1.000e+000
53 2-1 -1.174e-002  1.167e-002  2.696e-003  1.000e+000
53 2-2  1.173e-002 -1.167e-002 -2.569e-003 -9.984e-001  1.000e+000
53 2-3  1.692e-003 -1.542e-003 -2.550e-003 -1.572e-001  1.008e-001  1.000e+000
54  8.231e-001  1.741e-001  2.834e-003  2.934e-001  6.988e-001  7.741e-003 
54 1-1  1.000e+000
54 1-2 -9.972e-001  1.000e+000
54 1-3 -1.690e-001  9.502e-002  1.000e+000
54 2-1 -1.182e-002  1.176e-002  2.418e-003  1.000e+000
54 2-2  1.180e-002 -1.175e-002 -2.258e-003 -9.975e-001  1.000e+000
54 2-3  1.512e-003 -1.340e-003 -2.485e-003 -1.410e-001  7.042e-002  1.000e+000
55  8.079e-001  1.887e-001  3.430e-003  2.696e-001  7.215e-001  8.961e-003 
55 1-1  1.000e+000
55 1-2 -9.962e-001  1.000e+000
55 1-3 -1.654e-001  7.919e-002  1.000e+000
55 2-1 -1.190e-002  1.184e-002  2.130e-003  1.000e+000
55 2-2  1.186e-002 -1.182e-002 -1.928e-003 -9.961e-001  1.000e+000
55 2-3  1.347e-003 -1.147e-003 -2.431e-003 -1.262e-001  3.780e-002  1.000e+000
56  7.917e-001  2.041e-001  4.145e-003  2.470e-001  7.427e-001  1.034e-002 
56 1-1  1.000e+000
56 1-2 -9.949e-001  1.000e+000
56 1-3 -1.626e-001  6.200e-002  1.000e+000
56 2-1 -1.196e-002  1.191e-002  1.838e-003  1.000e+000
56 2-2  1.190e-002 -1.188e-002 -1.583e-003 -9.938e-001  1.000e+000
56 2-3  1.197e-003 -9.653e-004 -2.390e-003 -1.129e-001  2.190e-003  1.000e+000
57  7.745e-001  2.205e-001  5.000e-003  2.256e-001  7.625e-001  1.190e-002 
57 1-1  1.000e+000
57 1-2 -9.930e-001  1.000e+000
57 1-3 -1.608e-001  4.339e-002  1.000e+000
57 2-1 -1.201e-002  1.197e-002  1.548e-003  1.000e+000
57 2-2  1.191e-002 -1.191e-002 -1.227e-003 -9.904e-001  1.000e+000
57 2-3  1.064e-003 -7.947e-004 -2.362e-003 -1.013e-001 -3.725e-002  1.000e+000
58  7.563e-001  2.377e-001  6.020e-003  2.056e-001  7.807e-001  1.367e-002 
58 1-1  1.000e+000
58 1-2 -9.906e-001  1.000e+000
58 1-3 -1.603e-001  2.341e-002  1.000e+000
58 2-1 -1.202e-002  1.199e-002  1.275e-003  1.000e+000
58 2-2  1.186e-002 -1.190e-002 -8.700e-004 -9.851e-001  1.000e+000
58 2-3  9.495e-004 -6.357e-004 -2.347e-003 -9.148e-002 -8.134e-002  1.000e+000
59  7.371e-001  2.557e-001  7.233e-003  1.869e-001  7.974e-001  1.565e-002 
59 1-1  1.000e+000
59 1-2 -9.873e-001  1.000e+000
59 1-3 -1.611e-001  2.307e-003  1.000e+000
59 2-1 -1.198e-002  1.198e-002  1.033e-003  1.000e+000
59 2-2  1.174e-002 -1.181e-002 -5.267e-004 -9.771e-001  1.000e+000
59 2-3  8.554e-004 -4.892e-004 -2.346e-003 -8.342e-002 -1.307e-001  1.000e+000
60  7.168e-001  2.745e-001  8.674e-003  1.695e-001  8.126e-001  1.788e-002 
60 1-1  1.000e+000
60 1-2 -9.832e-001  1.000e+000
60 1-3 -1.636e-001 -1.945e-002  1.000e+000
60 2-1 -1.189e-002  1.189e-002  8.467e-004  1.000e+000
60 2-2  1.151e-002 -1.163e-002 -2.180e-004 -9.655e-001  1.000e+000
60 2-3  7.826e-004 -3.561e-004 -2.359e-003 -7.713e-002 -1.853e-001  1.000e+000
61  6.955e-001  2.941e-001  1.038e-002  1.534e-001  8.262e-001  2.038e-002 
61 1-1  1.000e+000
61 1-2 -9.781e-001  1.000e+000
61 1-3 -1.677e-001 -4.105e-002  1.000e+000
61 2-1 -1.172e-002  1.172e-002  7.423e-004  1.000e+000
61 2-2  1.116e-002 -1.132e-002  3.027e-005 -9.494e-001  1.000e+000
61 2-3  7.318e-004 -2.380e-004 -2.387e-003 -7.255e-002 -2.444e-001  1.000e+000
62  6.733e-001  3.143e-001  1.239e-002  1.385e-001  8.383e-001  2.319e-002 
62 1-1  1.000e+000
62 1-2 -9.724e-001  1.000e+000
62 1-3 -1.733e-001 -6.137e-002  1.000e+000
62 2-1 -1.148e-002  1.146e-002  7.488e-004  1.000e+000
62 2-2  1.070e-002 -1.089e-002  1.915e-004 -9.283e-001  1.000e+000
62 2-3  7.030e-004 -1.362e-004 -2.431e-003 -6.953e-002 -3.064e-001  1.000e+000
63  6.502e-001  3.351e-001  1.475e-002  1.248e-001  8.489e-001  2.633e-002 
63 1-1  1.000e+000
63 1-2 -9.663e-001  1.000e+000
63 1-3 -1.803e-001 -7.917e-002  1.000e+000
63 2-1 -1.119e-002  1.111e-002  8.917e-004  1.000e+000
63 2-2  1.013e-002 -1.033e-002  2.449e-004 -9.024e-001  1.000e+000
63 2-3  6.947e-004 -5.185e-005 -2.491e-003 -6.783e-002 -3.687e-001  1.000e+000
64  6.262e-001  3.563e-001  1.751e-002  1.122e-001  8.579e-001  2.983e-002 
64 1-1  1.000e+000
64 1-2 -9.603e-001  1.000e+000
64 1-3 -1.881e-001 -9.342e-002  1.000e+000
64 2-1 -1.088e-002  1.069e-002  1.188e-003  1.000e+000
64 2-2  9.508e-003 -9.690e-003  1.820e-004 -8.725e-001  1.000e+000
64 2-3  7.045e-004  1.537e-005 -2.568e-003 -6.716e-002 -4.289e-001  1.000e+000
65  6.014e-001  3.778e-001  2.074e-002  1.008e-001  8.655e-001  3.374e-002 
65 1-1  1.000e+000
65 1-2 -9.548e-001  1.000e+000
65 1-3 -1.966e-001 -1.037e-001  1.000e+000
65 2-1 -1.059e-002  1.024e-002  1.641e-003  1.000e+000
65 2-2  8.885e-003 -9.016e-003  1.015e-005 -8.400e-001  1.000e+000
65 2-3  7.290e-004  6.769e-005 -2.663e-003 -6.720e-002 -4.850e-001  1.000e+000
66  5.760e-001  3.995e-001  2.450e-002  9.032e-002  8.716e-001  3.810e-002 
66 1-1  1.000e+000
66 1-2 -9.501e-001  1.000e+000
66 1-3 -2.054e-001 -1.103e-001  1.000e+000
66 2-1 -1.035e-002  9.794e-003  2.244e-003  1.000e+000
66 2-2  8.301e-003 -8.351e-003 -2.500e-004 -8.059e-001  1.000e+000
66 2-3  7.647e-004  1.093e-004 -2.778e-003 -6.766e-002 -5.361e-001  1.000e+000
67  5.500e-001  4.212e-001  2.884e-002  8.081e-002  8.763e-001  4.294e-002 
67 1-1  1.000e+000
67 1-2 -9.458e-001  1.000e+000
67 1-3 -2.146e-001 -1.141e-001  1.000e+000
67 2-1 -1.018e-002  9.363e-003  2.979e-003  1.000e+000
67 2-2  7.778e-003 -7.722e-003 -5.689e-004 -7.712e-001  1.000e+000
67 2-3  8.086e-004  1.458e-004 -2.913e-003 -6.830e-002 -5.824e-001  1.000e+000
68  5.235e-001  4.426e-001  3.385e-002  7.218e-002  8.795e-001  4.832e-002 
68 1-1  1.000e+000
68 1-2 -9.418e-001  1.000e+000
68 1-3 -2.239e-001 -1.168e-001  1.000e+000
68 2-1 -1.008e-002  8.957e-003  3.823e-003  1.000e+000
68 2-2  7.315e-003 -7.139e-003 -9.129e-004 -7.363e-001  1.000e+000
68 2-3  8.587e-004  1.835e-004 -3.069e-003 -6.895e-002 -6.242e-001  1.000e+000
69  4.968e-001  4.636e-001  3.960e-002  6.437e-002  8.813e-001  5.429e-002 
69 1-1  1.000e+000
69 1-2 -9.374e-001  1.000e+000
69 1-3 -2.332e-001 -1.200e-001  1.000e+000
69 2-1 -1.006e-002  8.569e-003  4.748e-003  1.000e+000
69 2-2  6.901e-003 -6.599e-003 -1.247e-003 -7.013e-001  1.000e+000
69 2-3  9.137e-004  2.288e-004 -3.244e-003 -6.948e-002 -6.624e-001  1.000e+000
70  4.698e-001  4.841e-001  4.618e-002  5.732e-002  8.818e-001  6.090e-002 
70 1-1  1.000e+000
70 1-2 -9.321e-001  1.000e+000
70 1-3 -2.423e-001 -1.256e-001  1.000e+000
70 2-1 -1.009e-002  8.184e-003  5.719e-003  1.000e+000
70 2-2  6.520e-003 -6.093e-003 -1.537e-003 -6.660e-001  1.000e+000
70 2-3  9.730e-004  2.885e-004 -3.438e-003 -6.983e-002 -6.976e-001  1.000e+000
71  4.427e-001  5.036e-001  5.366e-002  5.095e-002  8.808e-001  6.821e-002 
71 1-1  1.000e+000
71 1-2 -9.250e-001  1.000e+000
71 1-3 -2.510e-001 -1.356e-001  1.000e+000
71 2-1 -1.017e-002  7.781e-003  6.697e-003  1.000e+000
71 2-2  6.156e-003 -5.615e-003 -1.747e-003 -6.301e-001  1.000e+000
71 2-3  1.037e-003  3.694e-004 -3.645e-003 -6.996e-002 -7.305e-001  1.000e+000
72  4.157e-001  5.221e-001  6.213e-002  4.522e-002  8.785e-001  7.628e-002 
72 1-1  1.000e+000
72 1-2 -9.153e-001  1.000e+000
72 1-3 -2.589e-001 -1.519e-001  1.000e+000
72 2-1 -1.028e-002  7.340e-003  7.638e-003  1.000e+000
72 2-2  5.792e-003 -5.156e-003 -1.848e-003 -5.935e-001  1.000e+000
72 2-3  1.105e-003  4.788e-004 -3.860e-003 -6.986e-002 -7.614e-001  1.000e+000
73  3.890e-001  5.394e-001  7.168e-002  4.008e-002  8.748e-001  8.516e-002 
73 1-1  1.000e+000
73 1-2 -9.018e-001  1.000e+000
73 1-3 -2.660e-001 -1.766e-001  1.000e+000
73 2-1 -1.043e-002  6.838e-003  8.496e-003  1.000e+000
73 2-2  5.415e-003 -4.716e-003 -1.816e-003 -5.555e-001  1.000e+000
73 2-3  1.177e-003  6.246e-004 -4.075e-003 -6.954e-002 -7.909e-001  1.000e+000
74  3.626e-001  5.551e-001  8.238e-002  3.546e-002  8.696e-001  9.492e-002 
74 1-1  1.000e+000
74 1-2 -8.830e-001  1.000e+000
74 1-3 -2.723e-001 -2.113e-001  1.000e+000
74 2-1 -1.059e-002  6.253e-003  9.233e-003  1.000e+000
74 2-2  5.014e-003 -4.296e-003 -1.635e-003 -5.158e-001  1.000e+000
74 2-3  1.253e-003  8.146e-004 -4.279e-003 -6.904e-002 -8.190e-001  1.000e+000
75  3.367e-001  5.690e-001  9.432e-002  3.132e-002  8.631e-001  1.056e-001 
75 1-1  1.000e+000
75 1-2 -8.568e-001  1.000e+000
75 1-3 -2.781e-001 -2.570e-001  1.000e+000
75 2-1 -1.077e-002  5.562e-003  9.821e-003  1.000e+000
75 2-2  4.577e-003 -3.903e-003 -1.309e-003 -4.738e-001  1.000e+000
75 2-3  1.332e-003  1.055e-003 -4.461e-003 -6.843e-002 -8.461e-001  1.000e+000
76  3.114e-001  5.810e-001  1.076e-001  2.761e-002  8.551e-001  1.173e-001 
76 1-1  1.000e+000
76 1-2 -8.211e-001  1.000e+000
76 1-3 -2.839e-001 -3.143e-001  1.000e+000
76 2-1 -1.096e-002  4.749e-003  1.025e-002  1.000e+000
76 2-2  4.097e-003 -3.548e-003 -8.541e-004 -4.289e-001  1.000e+000
76 2-3  1.409e-003  1.347e-003 -4.607e-003 -6.783e-002 -8.722e-001  1.000e+000
77  2.869e-001  5.910e-001  1.222e-001  2.430e-002  8.456e-001  1.301e-001 
77 1-1  1.000e+000
77 1-2 -7.733e-001  1.000e+000
77 1-3 -2.903e-001 -3.823e-001  1.000e+000
77 2-1 -1.116e-002  3.802e-003  1.052e-002  1.000e+000
77 2-2  3.572e-003 -3.248e-003 -3.043e-004 -3.808e-001  1.000e+000
77 2-3  1.484e-003  1.686e-003 -4.706e-003 -6.741e-002 -8.969e-001  1.000e+000
78  2.632e-001  5.986e-001  1.382e-001  2.135e-002  8.347e-001  1.440e-001 
78 1-1  1.000e+000
78 1-2 -7.113e-001  1.000e+000
78 1-3 -2.980e-001 -4.590e-001  1.000e+000
78 2-1 -1.136e-002  2.724e-003  1.066e-002  1.000e+000
78 2-2  3.007e-003 -3.016e-003  2.945e-004 -3.299e-001  1.000e+000
78 2-3  1.550e-003  2.054e-003 -4.748e-003 -6.739e-002 -9.196e-001  1.000e+000
79  2.405e-001  6.038e-001  1.557e-001  1.872e-002  8.223e-001  1.590e-001 
79 1-1  1.000e+000
79 1-2 -6.341e-001  1.000e+000
79 1-3 -3.076e-001 -5.407e-001  1.000e+000
79 2-1 -1.157e-002  1.540e-003  1.069e-002  1.000e+000
79 2-2  2.419e-003 -2.863e-003  8.906e-004 -2.772e-001  1.000e+000
79 2-3  1.605e-003  2.425e-003 -4.730e-003 -6.803e-002 -9.397e-001  1.000e+000
80  2.188e-001  6.065e-001  1.747e-001  1.637e-002  8.084e-001  1.753e-001 
80 1-1  1.000e+000
80 1-2 -5.424e-001  1.000e+000
80 1-3 -3.194e-001 -6.229e-001  1.000e+000
80 2-1 -1.178e-002  2.921e-004  1.064e-002  1.000e+000
80 2-2  1.832e-003 -2.787e-003  1.437e-003 -2.243e-001  1.000e+000
80 2-3  1.648e-003  2.765e-003 -4.654e-003 -6.962e-002 -9.565e-001  1.000e+000
81  1.982e-001  6.066e-001  1.952e-001  1.429e-002  7.930e-001  1.928e-001 
81 1-1  1.000e+000
81 1-2 -4.392e-001  1.000e+000
81 1-3 -3.336e-001 -7.004e-001  1.000e+000
81 2-1 -1.198e-002 -9.574e-004  1.052e-002  1.000e+000
81 2-2  1.272e-003 -2.774e-003  1.900e-003 -1.732e-001  1.000e+000
81 2-3  1.680e-003  3.046e-003 -4.531e-003 -7.243e-002 -9.698e-001  1.000e+000
82  1.788e-001  6.041e-001  2.171e-001  1.245e-002  7.760e-001  2.115e-001 
82 1-1  1.000e+000
82 1-2 -3.291e-001  1.000e+000
82 1-3 -3.503e-001 -7.692e-001  1.000e+000
82 2-1 -1.217e-002 -2.144e-003  1.036e-002  1.000e+000
82 2-2  7.599e-004 -2.802e-003  2.265e-003 -1.254e-001  1.000e+000
82 2-3  1.702e-003  3.251e-003 -4.376e-003 -7.663e-002 -9.796e-001  1.000e+000
83  1.606e-001  5.990e-001  2.404e-001  1.082e-002  7.577e-001  2.315e-001 
83 1-1  1.000e+000
83 1-2 -2.174e-001  1.000e+000
83 1-3 -3.695e-001 -8.267e-001  1.000e+000
83 2-1 -1.235e-002 -3.216e-003  1.018e-002  1.000e+000
83 2-2  3.082e-004 -2.849e-003  2.534e-003 -8.183e-002  1.000e+000
83 2-3  1.720e-003  3.376e-003 -4.206e-003 -8.235e-002 -9.865e-001  1.000e+000
84  1.436e-001  5.914e-001  2.650e-001  9.374e-003  7.378e-001  2.528e-001 
84 1-1  1.000e+000
84 1-2 -1.088e-001  1.000e+000
84 1-3 -3.908e-001 -8.725e-001  1.000e+000
84 2-1 -1.252e-002 -4.140e-003  9.986e-003  1.000e+000
84 2-2 -7.978e-005 -2.894e-003  2.719e-003 -4.276e-002  1.000e+000
84 2-3  1.735e-003  3.433e-003 -4.031e-003 -8.962e-002 -9.912e-001  1.000e+000
85  1.278e-001  5.813e-001  2.909e-001  8.103e-003  7.166e-001  2.753e-001 
85 1-1  1.000e+000
85 1-2 -6.677e-003  1.000e+000
85 1-3 -4.139e-001 -9.075e-001  1.000e+000
85 2-1 -1.266e-002 -4.908e-003  9.787e-003  1.000e+000
85 2-2 -4.072e-004 -2.929e-003  2.837e-003 -7.836e-003  1.000e+000
85 2-3  1.750e-003  3.436e-003 -3.863e-003 -9.841e-002 -9.943e-001  1.000e+000
86  1.133e-001  5.688e-001  3.179e-001  6.984e-003  6.941e-001  2.989e-001 
86 1-1  1.000e+000
86 1-2  8.716e-002  1.000e+000
86 1-3 -4.385e-001 -9.335e-001  1.000e+000
86 2-1 -1.279e-002 -5.527e-003  9.589e-003  1.000e+000
86 2-2 -6.807e-004 -2.948e-003  2.905e-003  2.354e-002  1.000e+000
86 2-3  1.767e-003  3.403e-003 -3.706e-003 -1.086e-001 -9.964e-001  1.000e+000
87  9.997e-002  5.541e-001  3.459e-001  6.003e-003  6.703e-001  3.237e-001 
87 1-1  1.000e+000
87 1-2  1.721e-001  1.000e+000
87 1-3 -4.641e-001 -9.524e-001  1.000e+000
87 2-1 -1.289e-002 -6.014e-003  9.395e-003  1.000e+000
87 2-2 -9.084e-004 -2.953e-003  2.936e-003  5.205e-002  1.000e+000
87 2-3  1.786e-003  3.347e-003 -3.562e-003 -1.202e-001 -9.977e-001  1.000e+000
88  8.783e-002  5.374e-001  3.747e-001  5.144e-003  6.454e-001  3.494e-001 
88 1-1  1.000e+000
88 1-2  2.482e-001  1.000e+000
88 1-3 -4.903e-001 -9.660e-001  1.000e+000
88 2-1 -1.296e-002 -6.389e-003  9.209e-003  1.000e+000
88 2-2 -1.098e-003 -2.945e-003  2.943e-003  7.835e-002  1.000e+000
88 2-3  1.806e-003  3.280e-003 -3.433e-003 -1.330e-001 -9.985e-001  1.000e+000
89  7.683e-002  5.190e-001  4.042e-001  4.394e-003  6.196e-001  3.761e-001 
89 1-1  1.000e+000
89 1-2  3.162e-001  1.000e+000
89 1-3 -5.166e-001 -9.757e-001  1.000e+000
89 2-1 -1.301e-002 -6.674e-003  9.031e-003  1.000e+000
89 2-2 -1.255e-003 -2.928e-003  2.932e-003  1.030e-001  1.000e+000
89 2-3  1.828e-003  3.209e-003 -3.318e-003 -1.469e-001 -9.990e-001  1.000e+000
90  6.691e-002  4.991e-001  4.340e-001  3.742e-003  5.928e-001  4.034e-001 
90 1-1  1.000e+000
90 1-2  3.766e-001  1.000e+000
90 1-3 -5.426e-001 -9.825e-001  1.000e+000
90 2-1 -1.303e-002 -6.885e-003  8.862e-003  1.000e+000
90 2-2 -1.387e-003 -2.904e-003  2.912e-003  1.263e-001  1.000e+000
90 2-3  1.850e-003  3.137e-003 -3.217e-003 -1.618e-001 -9.994e-001  1.000e+000