# GRMchr.txt
#IMaCh version 0.99r45, April 2023,INED-EUROREVES-Institut de longevite-Japan Society for the Promotion of Science (Grant-in-Aid for Scientific Research 25293121), Intel Software 2015-2020, Nihon University 2021-202, INED 2000-2022
#$Revision: 1.353 $ $Date: 2023/05/08 18:48:22 $
# Tue Feb 04 22:21:37 2025
#One-step probabilities and covariance matrix
# Age p1-1  p1-2  p1-3  p2-1  p2-2  p2-3 
50  8.742e-001  1.245e-001  1.302e-003  3.993e-001  5.965e-001  4.182e-003 
50 1-1  1.044e-003
50 1-2 -1.036e-003  1.029e-003
50 1-3 -8.177e-006  6.352e-006  1.826e-006
50 2-1 -2.181e-005  2.154e-005  2.737e-007  3.446e-003
50 2-2  2.168e-005 -2.141e-005 -2.669e-007 -3.423e-003  3.404e-003
50 2-3  1.330e-007 -1.262e-007 -6.799e-009 -2.240e-005  1.919e-005  3.204e-006
51  8.628e-001  1.356e-001  1.585e-003  3.715e-001  6.236e-001  4.901e-003 
51 1-1  1.074e-003
51 1-2 -1.064e-003  1.057e-003
51 1-3 -9.444e-006  6.947e-006  2.497e-006
51 2-1 -2.047e-005  2.019e-005  2.740e-007  2.911e-003
51 2-2  2.033e-005 -2.006e-005 -2.653e-007 -2.890e-003  2.873e-003
51 2-3  1.382e-007 -1.295e-007 -8.662e-009 -2.108e-005  1.701e-005  4.080e-006
52  8.505e-001  1.476e-001  1.926e-003  3.445e-001  6.498e-001  5.726e-003 
52 1-1  1.094e-003
52 1-2 -1.083e-003  1.076e-003
52 1-3 -1.083e-005  7.431e-006  3.398e-006
52 2-1 -1.896e-005  1.869e-005  2.684e-007  2.418e-003
52 2-2  1.882e-005 -1.856e-005 -2.574e-007 -2.399e-003  2.384e-003
52 2-3  1.415e-007 -1.305e-007 -1.099e-008 -1.951e-005  1.436e-005  5.154e-006
53  8.373e-001  1.604e-001  2.338e-003  3.184e-001  6.749e-001  6.668e-003 
53 1-1  1.104e-003
53 1-2 -1.092e-003  1.084e-003
53 1-3 -1.233e-005  7.734e-006  4.599e-006
53 2-1 -1.734e-005  1.708e-005  2.570e-007  1.976e-003
53 2-2  1.720e-005 -1.695e-005 -2.431e-007 -1.959e-003  1.947e-003
53 2-3  1.429e-007 -1.290e-007 -1.390e-008 -1.777e-005  1.131e-005  6.463e-006
54  8.231e-001  1.741e-001  2.834e-003  2.934e-001  6.988e-001  7.741e-003 
54 1-1  1.103e-003
54 1-2 -1.089e-003  1.081e-003
54 1-3 -1.396e-005  7.772e-006  6.189e-006
54 2-1 -1.566e-005  1.542e-005  2.399e-007  1.591e-003
54 2-2  1.552e-005 -1.529e-005 -2.224e-007 -1.575e-003  1.567e-003
54 2-3  1.424e-007 -1.249e-007 -1.753e-008 -1.595e-005  7.905e-006  8.041e-006
55  8.079e-001  1.887e-001  3.430e-003  2.696e-001  7.215e-001  8.961e-003 
55 1-1  1.092e-003
55 1-2 -1.076e-003  1.068e-003
55 1-3 -1.573e-005  7.448e-006  8.279e-006
55 2-1 -1.397e-005  1.375e-005  2.178e-007  1.263e-003
55 2-2  1.383e-005 -1.363e-005 -1.958e-007 -1.249e-003  1.245e-003
55 2-3  1.402e-007 -1.181e-007 -2.204e-008 -1.413e-005  4.202e-006  9.927e-006
56  7.917e-001  2.041e-001  4.145e-003  2.470e-001  7.427e-001  1.034e-002 
56 1-1  1.071e-003
56 1-2 -1.053e-003  1.047e-003
56 1-3 -1.766e-005  6.654e-006  1.100e-005
56 2-1 -1.233e-005  1.213e-005  1.919e-007  9.914e-004
56 2-2  1.219e-005 -1.203e-005 -1.643e-007 -9.790e-004  9.788e-004
56 2-3  1.366e-007 -1.089e-007 -2.765e-008 -1.240e-005  2.389e-007  1.216e-005
57  7.745e-001  2.205e-001  5.000e-003  2.256e-001  7.625e-001  1.190e-002 
57 1-1  1.044e-003
57 1-2 -1.024e-003  1.019e-003
57 1-3 -1.981e-005  5.278e-006  1.453e-005
57 2-1 -1.077e-005  1.061e-005  1.639e-007  7.713e-004
57 2-2  1.064e-005 -1.051e-005 -1.293e-007 -7.604e-004  7.644e-004
57 2-3  1.321e-007 -9.749e-008 -3.461e-008 -1.082e-005 -3.959e-006  1.478e-005
58  7.563e-001  2.377e-001  6.020e-003  2.056e-001  7.807e-001  1.367e-002 
58 1-1  1.013e-003
58 1-2 -9.905e-004  9.873e-004
58 1-3 -2.226e-005  3.211e-006  1.905e-005
58 2-1 -9.345e-006  9.209e-006  1.359e-007  5.970e-004
58 2-2  9.217e-006 -9.124e-006 -9.270e-008 -5.876e-004  5.960e-004
58 2-3  1.275e-007 -8.431e-008 -4.324e-008 -9.435e-006 -8.382e-006  1.782e-005
59  7.371e-001  2.557e-001  7.233e-003  1.869e-001  7.974e-001  1.565e-002 
59 1-1  9.826e-004
59 1-2 -9.574e-004  9.571e-004
59 1-3 -2.515e-005  3.553e-007  2.479e-005
59 2-1 -8.075e-006  7.964e-006  1.106e-007  4.621e-004
59 2-2  7.951e-006 -7.894e-006 -5.667e-008 -4.538e-004  4.669e-004
59 2-3  1.238e-007 -6.986e-008 -5.393e-008 -8.278e-006 -1.303e-005  2.131e-005
60  7.168e-001  2.745e-001  8.674e-003  1.695e-001  8.126e-001  1.788e-002 
60 1-1  9.586e-004
60 1-2 -9.300e-004  9.333e-004
60 1-3 -2.866e-005 -3.363e-006  3.203e-005
60 2-1 -6.981e-006  6.890e-006  9.088e-008  3.597e-004
60 2-2  6.859e-006 -6.835e-006 -2.374e-008 -3.524e-004  3.703e-004
60 2-3  1.218e-007 -5.471e-008 -6.714e-008 -7.356e-006 -1.793e-005  2.529e-005
61  6.955e-001  2.941e-001  1.038e-002  1.534e-001  8.262e-001  2.038e-002 
61 1-1  9.470e-004
61 1-2 -9.140e-004  9.220e-004
61 1-3 -3.306e-005 -7.986e-006  4.105e-005
61 2-1 -6.073e-006  5.993e-006  8.008e-008  2.835e-004
61 2-2  5.951e-006 -5.954e-006  3.359e-009 -2.768e-004  2.999e-004
61 2-3  1.229e-007 -3.942e-008 -8.344e-008 -6.664e-006 -2.309e-005  2.976e-005
62  6.733e-001  3.143e-001  1.239e-002  1.385e-001  8.383e-001  2.319e-002 
62 1-1  9.543e-004
62 1-2 -9.156e-004  9.291e-004
62 1-3 -3.869e-005 -1.352e-005  5.221e-005
62 2-1 -5.352e-006  5.271e-006  8.163e-008  2.276e-004
62 2-2  5.224e-006 -5.246e-006  2.188e-008 -2.214e-004  2.500e-004
62 2-3  1.280e-007 -2.447e-008 -1.035e-007 -6.183e-006 -2.855e-005  3.473e-005
63  6.502e-001  3.351e-001  1.475e-002  1.248e-001  8.489e-001  2.633e-002 
63 1-1  9.869e-004
63 1-2 -9.410e-004  9.609e-004
63 1-3 -4.597e-005 -1.992e-005  6.589e-005
63 2-1 -4.810e-006  4.711e-006  9.900e-008  1.871e-004
63 2-2  4.671e-006 -4.700e-006  2.918e-008 -1.812e-004  2.155e-004
63 2-3  1.384e-007 -1.019e-008 -1.282e-007 -5.883e-006 -3.432e-005  4.020e-005
64  6.262e-001  3.563e-001  1.751e-002  1.122e-001  8.579e-001  2.983e-002 
64 1-1  1.051e-003
64 1-2 -9.953e-004  1.022e-003
64 1-3 -5.539e-005 -2.714e-005  8.253e-005
64 2-1 -4.430e-006  4.295e-006  1.355e-007  1.578e-004
64 2-2  4.275e-006 -4.298e-006  2.294e-008 -1.520e-004  1.924e-004
64 2-3  1.551e-007  3.339e-009 -1.585e-007 -5.730e-006 -4.041e-005  4.614e-005
65  6.014e-001  3.778e-001  2.074e-002  1.008e-001  8.655e-001  3.374e-002 
65 1-1  1.150e-003
65 1-2 -1.083e-003  1.118e-003
65 1-3 -6.755e-005 -3.513e-005  1.027e-004
65 2-1 -4.194e-006  4.000e-006  1.942e-007  1.364e-004
65 2-2  4.015e-006 -4.016e-006  1.371e-009 -1.307e-004  1.775e-004
65 2-3  1.792e-007  1.640e-008 -1.956e-007 -5.687e-006 -4.683e-005  5.251e-005
66  5.760e-001  3.995e-001  2.450e-002  9.032e-002  8.716e-001  3.810e-002 
66 1-1  1.288e-003
66 1-2 -1.205e-003  1.249e-003
66 1-3 -8.309e-005 -4.391e-005  1.270e-004
66 2-1 -4.076e-006  3.799e-006  2.775e-007  1.205e-004
66 2-2  3.865e-006 -3.828e-006 -3.654e-008 -1.147e-004  1.683e-004
66 2-3  2.112e-007  2.973e-008 -2.410e-007 -5.716e-006 -5.354e-005  5.925e-005
67  5.500e-001  4.212e-001  2.884e-002  8.081e-002  8.763e-001  4.294e-002 
67 1-1  1.464e-003
67 1-2 -1.362e-003  1.415e-003
67 1-3 -1.027e-004 -5.370e-005  1.564e-004
67 2-1 -4.050e-006  3.663e-006  3.874e-007  1.081e-004
67 2-2  3.798e-006 -3.707e-006 -9.078e-008 -1.023e-004  1.628e-004
67 2-3  2.519e-007  4.465e-008 -2.966e-007 -5.782e-006 -6.051e-005  6.629e-005
68  5.235e-001  4.426e-001  3.385e-002  7.218e-002  8.795e-001  4.832e-002 
68 1-1  1.677e-003
68 1-2 -1.550e-003  1.615e-003
68 1-3 -1.271e-004 -6.506e-005  1.921e-004
68 2-1 -4.089e-006  3.564e-006  5.247e-007  9.804e-005
68 2-2  3.787e-006 -3.627e-006 -1.600e-007 -9.219e-005  1.599e-004
68 2-3  3.015e-007  6.322e-008 -3.647e-007 -5.854e-006 -6.768e-005  7.354e-005
69  4.968e-001  4.636e-001  3.960e-002  6.437e-002  8.813e-001  5.429e-002 
69 1-1  1.919e-003
69 1-2 -1.762e-003  1.842e-003
69 1-3 -1.570e-004 -7.912e-005  2.361e-004
69 2-1 -4.166e-006  3.476e-006  6.897e-007  8.937e-005
69 2-2  3.806e-006 -3.565e-006 -2.413e-007 -8.346e-005  1.585e-004
69 2-3  3.601e-007  8.834e-008 -4.484e-007 -5.909e-006 -7.502e-005  8.093e-005
70  4.698e-001  4.841e-001  4.618e-002  5.732e-002  8.818e-001  6.090e-002 
70 1-1  2.184e-003
70 1-2 -1.991e-003  2.089e-003
70 1-3 -1.932e-004 -9.795e-005  2.912e-004
70 2-1 -4.259e-006  3.377e-006  8.812e-007  8.154e-005
70 2-2  3.831e-006 -3.501e-006 -3.297e-007 -7.561e-005  1.581e-004
70 2-3  4.275e-007  1.240e-007 -5.515e-007 -5.929e-006 -8.247e-005  8.839e-005
71  4.427e-001  5.036e-001  5.366e-002  5.095e-002  8.808e-001  6.821e-002 
71 1-1  2.460e-003
71 1-2 -2.223e-003  2.348e-003
71 1-3 -2.367e-004 -1.249e-004  3.616e-004
71 2-1 -4.345e-006  3.248e-006  1.097e-006  7.421e-005
71 2-2  3.842e-006 -3.424e-006 -4.182e-007 -6.831e-005  1.583e-004
71 2-3  5.036e-007  1.753e-007 -6.790e-007 -5.903e-006 -9.004e-005  9.594e-005
72  4.157e-001  5.221e-001  6.213e-002  4.522e-002  8.785e-001  7.628e-002 
72 1-1  2.735e-003
72 1-2 -2.446e-003  2.612e-003
72 1-3 -2.884e-004 -1.654e-004  4.539e-004
72 2-1 -4.410e-006  3.076e-006  1.334e-006  6.723e-005
72 2-2  3.822e-006 -3.325e-006 -4.969e-007 -6.140e-005  1.592e-004
72 2-3  5.882e-007  2.491e-007 -8.372e-007 -5.831e-006 -9.781e-005  1.036e-004
73  3.890e-001  5.394e-001  7.168e-002  4.008e-002  8.748e-001  8.516e-002 
73 1-1  2.995e-003
73 1-2 -2.645e-003  2.873e-003
73 1-3 -3.497e-004 -2.274e-004  5.771e-004
73 2-1 -4.439e-006  2.851e-006  1.588e-006  6.051e-005
73 2-2  3.758e-006 -3.205e-006 -5.530e-007 -5.480e-005  1.608e-004
73 2-3  6.809e-007  3.538e-007 -1.035e-006 -5.717e-006 -1.060e-004  1.117e-004
74  3.626e-001  5.551e-001  8.238e-002  3.546e-002  8.696e-001  9.492e-002 
74 1-1  3.228e-003
74 1-2 -2.806e-003  3.128e-003
74 1-3 -4.220e-004 -3.224e-004  7.445e-004
74 2-1 -4.424e-006  2.572e-006  1.853e-006  5.408e-005
74 2-2  3.642e-006 -3.072e-006 -5.705e-007 -4.850e-005  1.635e-004
74 2-3  7.818e-007  5.002e-007 -1.282e-006 -5.574e-006 -1.150e-004  1.206e-004
75  3.367e-001  5.690e-001  9.432e-002  3.132e-002  8.631e-001  1.056e-001 
75 1-1  3.422e-003
75 1-2 -2.914e-003  3.380e-003
75 1-3 -5.076e-004 -4.664e-004  9.740e-004
75 2-1 -4.361e-006  2.239e-006  2.122e-006  4.794e-005
75 2-2  3.470e-006 -2.941e-006 -5.295e-007 -4.252e-005  1.680e-004
75 2-3  8.911e-007  7.017e-007 -1.593e-006 -5.421e-006 -1.255e-004  1.309e-004
76  3.114e-001  5.810e-001  1.076e-001  2.761e-002  8.551e-001  1.173e-001 
76 1-1  3.567e-003
76 1-2 -2.958e-003  3.639e-003
76 1-3 -6.088e-004 -6.809e-004  1.290e-003
76 2-1 -4.250e-006  1.860e-006  2.390e-006  4.215e-005
76 2-2  3.240e-006 -2.834e-006 -4.062e-007 -3.687e-005  1.753e-004
76 2-3  1.009e-006  9.744e-007 -1.984e-006 -5.280e-006 -1.385e-004  1.437e-004
77  2.869e-001  5.910e-001  1.222e-001  2.430e-002  8.456e-001  1.301e-001 
77 1-1  3.658e-003
77 1-2 -2.929e-003  3.923e-003
77 1-3 -7.286e-004 -9.937e-004  1.722e-003
77 2-1 -4.091e-006  1.443e-006  2.648e-006  3.675e-005
77 2-2  2.954e-006 -2.781e-006 -1.727e-007 -3.157e-005  1.870e-004
77 2-3  1.137e-006  1.338e-006 -2.475e-006 -5.178e-006 -1.554e-004  1.606e-004
78  2.632e-001  5.986e-001  1.382e-001  2.135e-002  8.347e-001  1.440e-001 
78 1-1  3.691e-003
78 1-2 -2.821e-003  4.260e-003
78 1-3 -8.702e-004 -1.440e-003  2.310e-003
78 2-1 -3.891e-006  1.002e-006  2.888e-006  3.176e-005
78 2-2  2.615e-006 -2.818e-006  2.026e-007 -2.662e-005  2.049e-004
78 2-3  1.275e-006  1.816e-006 -3.091e-006 -5.144e-006 -1.783e-004  1.835e-004
79  2.405e-001  6.038e-001  1.557e-001  1.872e-002  8.223e-001  1.590e-001 
79 1-1  3.666e-003
79 1-2 -2.629e-003  4.690e-003
79 1-3 -1.036e-003 -2.061e-003  3.097e-003
79 2-1 -3.655e-006  5.501e-007  3.105e-006  2.722e-005
79 2-2  2.230e-006 -2.985e-006  7.546e-007 -2.202e-005  2.318e-004
79 2-3  1.425e-006  2.434e-006 -3.859e-006 -5.204e-006 -2.098e-004  2.150e-004
80  2.188e-001  6.065e-001  1.747e-001  1.637e-002  8.084e-001  1.753e-001 
80 1-1  3.586e-003
80 1-2 -2.356e-003  5.261e-003
80 1-3 -1.230e-003 -2.905e-003  4.135e-003
80 2-1 -3.391e-006  1.019e-007  3.290e-006  2.313e-005
80 2-2  1.805e-006 -3.326e-006  1.520e-006 -1.775e-005  2.707e-004
80 2-3  1.586e-006  3.224e-006 -4.810e-006 -5.382e-006 -2.530e-004  2.583e-004
81  1.982e-001  6.066e-001  1.952e-001  1.429e-002  7.930e-001  1.928e-001 
81 1-1  3.457e-003
81 1-2 -2.005e-003  6.031e-003
81 1-3 -1.452e-003 -4.026e-003  5.477e-003
81 2-1 -3.109e-006 -3.282e-007  3.437e-006  1.949e-005
81 2-2  1.349e-006 -3.887e-006  2.537e-006 -1.379e-005  3.256e-004
81 2-3  1.759e-006  4.215e-006 -5.974e-006 -5.697e-006 -3.118e-004  3.175e-004
82  1.788e-001  6.041e-001  2.171e-001  1.245e-002  7.760e-001  2.115e-001 
82 1-1  3.286e-003
82 1-2 -1.585e-003  7.060e-003
82 1-3 -1.701e-003 -5.475e-003  7.176e-003
82 2-1 -2.816e-006 -7.271e-007  3.543e-006  1.629e-005
82 2-2  8.720e-007 -4.713e-006  3.841e-006 -1.013e-005  4.006e-004
82 2-3  1.944e-006  5.440e-006 -7.383e-006 -6.159e-006 -3.905e-004  3.966e-004
83  1.606e-001  5.990e-001  2.404e-001  1.082e-002  7.577e-001  2.315e-001 
83 1-1  3.083e-003
83 1-2 -1.107e-003  8.410e-003
83 1-3 -1.976e-003 -7.303e-003  9.280e-003
83 2-1 -2.519e-006 -1.083e-006  3.603e-006  1.349e-005
83 2-2  3.829e-007 -5.845e-006  5.462e-006 -6.725e-006  5.005e-004
83 2-3  2.136e-006  6.928e-006 -9.064e-006 -6.768e-006 -4.938e-004  5.006e-004
84  1.436e-001  5.914e-001  2.650e-001  9.374e-003  7.378e-001  2.528e-001 
84 1-1  2.856e-003
84 1-2 -5.854e-004  1.014e-002
84 1-3 -2.271e-003 -9.551e-003  1.182e-002
84 2-1 -2.228e-006 -1.388e-006  3.615e-006  1.109e-005
84 2-2 -1.070e-007 -7.314e-006  7.421e-006 -3.574e-006  6.300e-004
84 2-3  2.335e-006  8.702e-006 -1.104e-005 -7.514e-006 -6.265e-004  6.340e-004
85  1.278e-001  5.813e-001  2.909e-001  8.103e-003  7.166e-001  2.753e-001 
85 1-1  2.614e-003
85 1-2 -3.783e-005  1.228e-002
85 1-3 -2.576e-003 -1.224e-002  1.482e-002
85 2-1 -1.946e-006 -1.635e-006  3.581e-006  9.036e-006
85 2-2 -5.864e-007 -9.142e-006  9.729e-006 -6.635e-007  7.934e-004
85 2-3  2.533e-006  1.078e-005 -1.331e-005 -8.372e-006 -7.927e-004  8.011e-004
86  1.133e-001  5.688e-001  3.179e-001  6.984e-003  6.941e-001  2.989e-001 
86 1-1  2.365e-003
86 1-2  5.167e-004  1.486e-002
86 1-3 -2.882e-003 -1.538e-002  1.826e-002
86 2-1 -1.681e-006 -1.821e-006  3.501e-006  7.303e-006
86 2-2 -1.044e-006 -1.133e-005  1.238e-005  2.006e-006  9.940e-004
86 2-3  2.724e-006  1.315e-005 -1.588e-005 -9.308e-006 -9.960e-004  1.005e-003
87  9.997e-002  5.541e-001  3.459e-001  6.003e-003  6.703e-001  3.237e-001 
87 1-1  2.116e-003
87 1-2  1.058e-003  1.787e-002
87 1-3 -3.174e-003 -1.893e-002  2.210e-002
87 2-1 -1.434e-006 -1.945e-006  3.380e-006  5.854e-006
87 2-2 -1.468e-006 -1.387e-005  1.533e-005  4.424e-006  1.234e-003
87 2-3  2.902e-006  1.581e-005 -1.871e-005 -1.028e-005 -1.238e-003  1.249e-003
88  8.783e-002  5.374e-001  3.747e-001  5.144e-003  6.454e-001  3.494e-001 
88 1-1  1.873e-003
88 1-2  1.567e-003  2.127e-002
88 1-3 -3.439e-003 -2.284e-002  2.628e-002
88 2-1 -1.210e-006 -2.011e-006  3.221e-006  4.654e-006
88 2-2 -1.847e-006 -1.671e-005  1.856e-005  6.575e-006  1.513e-003
88 2-3  3.058e-006  1.872e-005 -2.178e-005 -1.123e-005 -1.520e-003  1.531e-003
89  7.683e-002  5.190e-001  4.042e-001  4.394e-003  6.196e-001  3.761e-001 
89 1-1  1.640e-003
89 1-2  2.024e-003  2.499e-002
89 1-3 -3.664e-003 -2.702e-002  3.068e-002
89 2-1 -1.009e-006 -2.021e-006  3.031e-006  3.671e-006
89 2-2 -2.174e-006 -1.979e-005  2.197e-005  8.437e-006  1.829e-003
89 2-3  3.183e-006  2.181e-005 -2.500e-005 -1.211e-005 -1.837e-003  1.849e-003
90  6.691e-002  4.991e-001  4.340e-001  3.742e-003  5.928e-001  4.034e-001 
90 1-1  1.421e-003
90 1-2  2.414e-003  2.892e-002
90 1-3 -3.836e-003 -3.133e-002  3.517e-002
90 2-1 -8.322e-007 -1.984e-006  2.816e-006  2.872e-006
90 2-2 -2.439e-006 -2.303e-005  2.547e-005  9.988e-006  2.176e-003
90 2-3  3.271e-006  2.502e-005 -2.829e-005 -1.286e-005 -2.186e-003  2.199e-003