
#****** ******
# GRMchr.txt
#IMaCh version 0.99r45, April 2023,INED-EUROREVES-Institut de longevite-Japan Society for the Promotion of Science (Grant-in-Aid for Scientific Research 25293121), Intel Software 2015-2020, Nihon University 2021-202, INED 2000-2022
#$Revision: 1.353 $ $Date: 2023/05/08 18:48:22 $
# Tue Feb 04 22:21:37 2025
# Health expectancies with standard errors
# Age e11 (SE) e12 (SE) e1.  e21 (SE) e22 (SE) e2. 
 50   11.8778 (0.7860)   17.6983 (1.0761)   29.5761 (0.9404)    8.8506 (0.8008)   20.5233 (1.1016)   29.3739 (0.9558)
 51   11.1337 (0.7421)   17.4739 (1.0468)   28.6076 (0.9309)    8.0004 (0.7388)   20.3793 (1.0644)   28.3797 (0.9480)
 52   10.4184 (0.6987)   17.2266 (1.0178)   27.6450 (0.9204)    7.1939 (0.6767)   20.1975 (1.0287)   27.3914 (0.9393)
 53    9.7336 (0.6560)   16.9556 (0.9895)   26.6893 (0.9089)    6.4351 (0.6159)   19.9754 (0.9950)   26.4105 (0.9296)
 54    9.0803 (0.6148)   16.6608 (0.9619)   25.7412 (0.8964)    5.7270 (0.5578)   19.7115 (0.9639)   25.4385 (0.9187)
 55    8.4595 (0.5756)   16.3421 (0.9353)   24.8017 (0.8829)    5.0718 (0.5035)   19.4052 (0.9353)   24.4770 (0.9066)
 56    7.8717 (0.5387)   15.9999 (0.9095)   23.8716 (0.8684)    4.4701 (0.4538)   19.0572 (0.9090)   23.5274 (0.8932)
 57    7.3172 (0.5045)   15.6347 (0.8848)   22.9519 (0.8530)    3.9220 (0.4090)   18.6691 (0.8846)   22.5911 (0.8783)
 58    6.7959 (0.4734)   15.2475 (0.8609)   22.0434 (0.8367)    3.4264 (0.3690)   18.2430 (0.8615)   21.6695 (0.8620)
 59    6.3074 (0.4455)   14.8397 (0.8379)   21.1472 (0.8197)    2.9814 (0.3337)   17.7822 (0.8392)   20.7636 (0.8443)
 60    5.8512 (0.4207)   14.4128 (0.8157)   20.2639 (0.8021)    2.5845 (0.3024)   17.2903 (0.8171)   19.8747 (0.8251)
 61    5.4263 (0.3990)   13.9684 (0.7943)   19.3947 (0.7840)    2.2325 (0.2745)   16.7711 (0.7949)   19.0036 (0.8045)
 62    5.0317 (0.3802)   13.5085 (0.7735)   18.5402 (0.7657)    1.9223 (0.2495)   16.2289 (0.7724)   18.1512 (0.7828)
 63    4.6662 (0.3639)   13.0352 (0.7534)   17.7014 (0.7473)    1.6502 (0.2269)   15.6680 (0.7495)   17.3182 (0.7601)
 64    4.3285 (0.3498)   12.5507 (0.7340)   16.8792 (0.7290)    1.4127 (0.2062)   15.0926 (0.7262)   16.5054 (0.7366)
 65    4.0172 (0.3373)   12.0571 (0.7153)   16.0743 (0.7112)    1.2064 (0.1870)   14.5068 (0.7028)   15.7132 (0.7128)
 66    3.7308 (0.3262)   11.5567 (0.6975)   15.2875 (0.6942)    1.0277 (0.1693)   13.9145 (0.6793)   14.9422 (0.6888)
 67    3.4679 (0.3159)   11.0517 (0.6808)   14.5197 (0.6782)    0.8736 (0.1528)   13.3192 (0.6563)   14.1929 (0.6651)
 68    3.2270 (0.3062)   10.5445 (0.6652)   13.7715 (0.6636)    0.7411 (0.1375)   12.7245 (0.6338)   13.4657 (0.6421)
 69    3.0066 (0.2967)   10.0372 (0.6512)   13.0438 (0.6507)    0.6275 (0.1233)   12.1334 (0.6124)   12.7609 (0.6201)
 70    2.8053 (0.2873)    9.5320 (0.6389)   12.3373 (0.6398)    0.5304 (0.1102)   11.5487 (0.5923)   12.0791 (0.5994)
 71    2.6217 (0.2777)    9.0308 (0.6287)   11.6526 (0.6313)    0.4475 (0.0982)   10.9729 (0.5738)   11.4203 (0.5805)
 72    2.4546 (0.2679)    8.5357 (0.6208)   10.9903 (0.6256)    0.3769 (0.0871)   10.4081 (0.5571)   10.7851 (0.5633)
 73    2.3026 (0.2578)    8.0485 (0.6155)   10.3511 (0.6228)    0.3170 (0.0771)    9.8565 (0.5424)   10.1735 (0.5482)
 74    2.1646 (0.2474)    7.5710 (0.6129)    9.7355 (0.6231)    0.2662 (0.0680)    9.3196 (0.5296)    9.5857 (0.5352)
 75    2.0394 (0.2367)    7.1046 (0.6133)    9.1440 (0.6267)    0.2231 (0.0598)    8.7989 (0.5189)    9.0220 (0.5242)
 76    1.9261 (0.2258)    6.6509 (0.6166)    8.5769 (0.6334)    0.1868 (0.0524)    8.2957 (0.5099)    8.4824 (0.5150)
 77    1.8236 (0.2147)    6.2111 (0.6228)    8.0347 (0.6432)    0.1561 (0.0458)    7.8109 (0.5025)    7.9669 (0.5073)
 78    1.7310 (0.2035)    5.7865 (0.6318)    7.5176 (0.6557)    0.1302 (0.0399)    7.3454 (0.4965)    7.4756 (0.5010)
 79    1.6476 (0.1922)    5.3781 (0.6432)    7.0256 (0.6706)    0.1085 (0.0347)    6.8997 (0.4913)    7.0082 (0.4956)
 80    1.5724 (0.1811)    4.9866 (0.6566)    6.5590 (0.6874)    0.0902 (0.0301)    6.4745 (0.4867)    6.5647 (0.4908)
 81    1.5049 (0.1700)    4.6128 (0.6714)    6.1176 (0.7054)    0.0749 (0.0260)    6.0699 (0.4823)    6.1448 (0.4862)
 82    1.4443 (0.1592)    4.2571 (0.6873)    5.7014 (0.7240)    0.0621 (0.0224)    5.6861 (0.4779)    5.7482 (0.4815)
 83    1.3900 (0.1486)    3.9199 (0.7034)    5.3100 (0.7425)    0.0514 (0.0193)    5.3230 (0.4730)    5.3744 (0.4764)
 84    1.3415 (0.1383)    3.6015 (0.7191)    4.9430 (0.7602)    0.0425 (0.0166)    4.9806 (0.4674)    5.0230 (0.4706)
 85    1.2983 (0.1284)    3.3019 (0.7339)    4.6001 (0.7765)    0.0350 (0.0142)    4.6585 (0.4610)    4.6936 (0.4639)
 86    1.2598 (0.1188)    3.0209 (0.7471)    4.2807 (0.7906)    0.0288 (0.0121)    4.3565 (0.4536)    4.3853 (0.4563)
 87    1.2256 (0.1097)    2.7583 (0.7581)    3.9839 (0.8021)    0.0237 (0.0103)    4.0740 (0.4451)    4.0977 (0.4475)
 88    1.1954 (0.1010)    2.5138 (0.7665)    3.7092 (0.8104)    0.0194 (0.0088)    3.8105 (0.4355)    3.8300 (0.4377)
 89    1.1687 (0.0927)    2.2868 (0.7719)    3.4556 (0.8153)    0.0159 (0.0075)    3.5654 (0.4248)    3.5813 (0.4268)
 90    1.1453 (0.0848)    2.0769 (0.7740)    3.2221 (0.8164)    0.0130 (0.0063)    3.3379 (0.4130)    3.3509 (0.4148)
