
#****** ******
# GRMchr.txt
#IMaCh version 0.99r45, April 2023,INED-EUROREVES-Institut de longevite-Japan Society for the Promotion of Science (Grant-in-Aid for Scientific Research 25293121), Intel Software 2015-2020, Nihon University 2021-202, INED 2000-2022
#$Revision: 1.353 $ $Date: 2023/05/08 18:48:22 $
# Tue Feb 04 22:21:37 2025
# Standard deviation of period (forward stable) prevalences 
# Age  Result#  1-1 2-2
50 1  0.83975 (0.04646) 0.16028 (0.04646)
51 1  0.82064 (0.04856) 0.17942 (0.04856)
52 1  0.79954 (0.05045) 0.20056 (0.05045)
53 1  0.77637 (0.05208) 0.22366 (0.05208)
54 1  0.75108 (0.05338) 0.24898 (0.05338)
55 1  0.72363 (0.05427) 0.27646 (0.05427)
56 1  0.69405 (0.05470) 0.30609 (0.05470)
57 1  0.66242 (0.05463) 0.33763 (0.05463)
58 1  0.62887 (0.05403) 0.37121 (0.05402)
59 1  0.59360 (0.05288) 0.40652 (0.05287)
60 1  0.55688 (0.05121) 0.44331 (0.05120)
61 1  0.51902 (0.04909) 0.48126 (0.04906)
62 1  0.48040 (0.04659) 0.51971 (0.04658)
63 1  0.44146 (0.04382) 0.55869 (0.04381)
64 1  0.40266 (0.04093) 0.59755 (0.04090)
65 1  0.36446 (0.03804) 0.63563 (0.03803)
66 1  0.32733 (0.03527) 0.67278 (0.03526)
67 1  0.29171 (0.03272) 0.70844 (0.03270)
68 1  0.25797 (0.03044) 0.74208 (0.03043)
69 1  0.22647 (0.02840) 0.77360 (0.02839)
70 1  0.19743 (0.02658) 0.80266 (0.02656)
71 1  0.17101 (0.02489) 0.82909 (0.02487)
72 1  0.14728 (0.02327) 0.85275 (0.02326)
73 1  0.12624 (0.02167) 0.87380 (0.02165)
74 1  0.10779 (0.02006) 0.89225 (0.02004)
75 1  0.09178 (0.01845) 0.90826 (0.01843)
76 1  0.07802 (0.01685) 0.92202 (0.01683)
77 1  0.06627 (0.01529) 0.93376 (0.01528)
78 1  0.05631 (0.01382) 0.94371 (0.01380)
79 1  0.04791 (0.01243) 0.95211 (0.01242)
80 1  0.04083 (0.01117) 0.95919 (0.01116)
81 1  0.03488 (0.01002) 0.96513 (0.01001)
82 1  0.02988 (0.00899) 0.97014 (0.00898)
83 1  0.02566 (0.00808) 0.97435 (0.00807)
84 1  0.02210 (0.00726) 0.97791 (0.00726)
85 1  0.01909 (0.00654) 0.98093 (0.00654)
86 1  0.01652 (0.00590) 0.98348 (0.00590)
87 1  0.01434 (0.00533) 0.98566 (0.00533)
88 1  0.01248 (0.00482) 0.98753 (0.00482)
89 1  0.01088 (0.00436) 0.98913 (0.00436)
90 1  0.00950 (0.00395) 0.99050 (0.00395)
