# ITMsr.txt
#IMaCh version 0.99r45, April 2023,INED-EUROREVES-Institut de longevite-Japan Society for the Promotion of Science (Grant-in-Aid for Scientific Research 25293121), Intel Software 2015-2020, Nihon University 2021-202, INED 2000-2022
#$Revision: 1.353 $ $Date: 2023/05/08 18:48:22 $
# Tue Feb 04 22:13:35 2025

#****** ******
# (a) Life expectancies by health status at initial age and (b) health expectancies by health status at initial age
# Age e11  e12  e1.  e21  e22  e2. 
 50  20.1156  12.5037  32.6193  16.9881  15.3494  32.3374
 51  19.3568  12.3110  31.6678  16.2289  15.1379  31.3668
 52  18.6105  12.1108  30.7214  15.4845  14.9161  30.4006
 53  17.8771  11.9033  29.7804  14.7552  14.6840  29.4392
 54  17.1571  11.6884  28.8455  14.0416  14.4415  28.4831
 55  16.4510  11.4662  27.9171  13.3443  14.1887  27.5330
 56  15.7590  11.2367  26.9958  12.6637  13.9258  26.5895
 57  15.0818  11.0002  26.0821  12.0004  13.6529  25.6532
 58  14.4198  10.7569  25.1766  11.3547  13.3702  24.7248
 59  13.7732  10.5069  24.2801  10.7271  13.0780  23.8051
 60  13.1426  10.2505  23.3931  10.1180  12.7768  22.8948
 61  12.5282   9.9881  22.5163   9.5279  12.4668  21.9947
 62  11.9305   9.7200  21.6505   8.9570  12.1486  21.1056
 63  11.3497   9.4466  20.7963   8.4057  11.8227  20.2284
 64  10.7862   9.1684  19.9546   7.8742  11.4897  19.3639
 65  10.2402   8.8858  19.1260   7.3628  11.1503  18.5131
 66   9.7119   8.5996  18.3114   6.8716  10.8052  17.6768
 67   9.2015   8.3101  17.5116   6.4008  10.4552  16.8560
 68   8.7091   8.0181  16.7272   5.9504  10.1011  16.0515
 69   8.2349   7.7242  15.9591   5.5206   9.7438  15.2643
 70   7.7789   7.4291  15.2079   5.1111   9.3841  14.4952
 71   7.3410   7.1335  14.4745   4.7220   9.0231  13.7451
 72   6.9214   6.8382  13.7596   4.3531   8.6617  13.0148
 73   6.5198   6.5439  13.0637   4.0041   8.3009  12.3050
 74   6.1362   6.2514  12.3875   3.6749   7.9417  11.6166
 75   5.7703   5.9614  11.7316   3.3650   7.5850  10.9501
 76   5.4219   5.6747  11.0966   3.0741   7.2320  10.3061
 77   5.0908   5.3920  10.4828   2.8018   6.8834   9.6852
 78   4.7766   5.1141   9.8907   2.5476   6.5403   9.0879
 79   4.4789   4.8417   9.3206   2.3109   6.2035   8.5144
 80   4.1973   4.5754   8.7727   2.0911   5.8740   7.9651
 81   3.9315   4.3158   8.2473   1.8876   5.5525   7.4402
 82   3.6808   4.0636   7.7444   1.6998   5.2397   6.9396
 83   3.4448   3.8192   7.2640   1.5270   4.9364   6.4634
 84   3.2229   3.5831   6.8060   1.3684   4.6430   6.0114
 85   3.0147   3.3556   6.3703   1.2233   4.3602   5.5835
 86   2.8194   3.1373   5.9567   1.0910   4.0883   5.1793
 87   2.6365   2.9282   5.5647   0.9707   3.8276   4.7983
 88   2.4655   2.7286   5.1941   0.8616   3.5786   4.4402
 89   2.3056   2.5386   4.8443   0.7631   3.3413   4.1044
 90   2.1564   2.3584   4.5148   0.6743   3.1157   3.7901
