# ITMsr.txt
#IMaCh version 0.99r45, April 2023,INED-EUROREVES-Institut de longevite-Japan Society for the Promotion of Science (Grant-in-Aid for Scientific Research 25293121), Intel Software 2015-2020, Nihon University 2021-202, INED 2000-2022
#$Revision: 1.353 $ $Date: 2023/05/08 18:48:22 $
# Tue Feb 04 22:13:35 2025
#One-step probabilities and covariance matrix
# Age p1-1  p1-2  p1-3  p2-1  p2-2  p2-3 
50  9.669e-001  3.267e-002  4.364e-004  1.204e-001  8.780e-001  1.535e-003 
50 1-1  2.268e-005
50 1-2 -2.272e-005  2.288e-005
50 1-3  3.901e-008 -1.614e-007  1.224e-007
50 2-1 -2.771e-005  2.757e-005  1.389e-007  3.668e-004
50 2-2  2.784e-005 -2.779e-005 -4.808e-008 -3.664e-004  3.668e-004
50 2-3 -1.311e-007  2.219e-007 -9.082e-008 -3.416e-007 -3.863e-007  7.279e-007
51  9.652e-001  3.429e-002  4.920e-004  1.188e-001  8.795e-001  1.709e-003 
51 1-1  2.278e-005
51 1-2 -2.281e-005  2.298e-005
51 1-3  2.770e-008 -1.724e-007  1.447e-007
51 2-1 -2.615e-005  2.601e-005  1.406e-007  3.286e-004
51 2-2  2.628e-005 -2.625e-005 -3.405e-008 -3.282e-004  3.287e-004
51 2-3 -1.318e-007  2.383e-007 -1.065e-007 -3.503e-007 -4.967e-007  8.470e-007
52  9.635e-001  3.598e-002  5.546e-004  1.172e-001  8.809e-001  1.904e-003 
52 1-1  2.281e-005
52 1-2 -2.282e-005  2.301e-005
52 1-3  1.272e-008 -1.833e-007  1.706e-007
52 2-1 -2.460e-005  2.446e-005  1.421e-007  2.936e-004
52 2-2  2.473e-005 -2.471e-005 -1.740e-008 -2.932e-004  2.939e-004
52 2-3 -1.306e-007  2.553e-007 -1.247e-007 -3.605e-007 -6.231e-007  9.836e-007
53  9.616e-001  3.775e-002  6.251e-004  1.156e-001  8.823e-001  2.120e-003 
53 1-1  2.278e-005
53 1-2 -2.277e-005  2.296e-005
53 1-3 -6.524e-009 -1.941e-007  2.007e-007
53 2-1 -2.307e-005  2.293e-005  1.436e-007  2.616e-004
53 2-2  2.320e-005 -2.320e-005  2.122e-009 -2.612e-004  2.620e-004
53 2-3 -1.270e-007  2.726e-007 -1.457e-007 -3.725e-007 -7.672e-007  1.140e-006
54  9.597e-001  3.961e-002  7.045e-004  1.140e-001  8.837e-001  2.360e-003 
54 1-1  2.268e-005
54 1-2 -2.265e-005  2.285e-005
54 1-3 -3.068e-008 -2.047e-007  2.354e-007
54 2-1 -2.157e-005  2.142e-005  1.450e-007  2.325e-004
54 2-2  2.169e-005 -2.171e-005  2.475e-008 -2.321e-004  2.330e-004
54 2-3 -1.206e-007  2.904e-007 -1.698e-007 -3.867e-007 -9.309e-007  1.318e-006
55  9.577e-001  4.155e-002  7.939e-004  1.124e-001  8.850e-001  2.628e-003 
55 1-1  2.252e-005
55 1-2 -2.246e-005  2.267e-005
55 1-3 -6.043e-008 -2.149e-007  2.754e-007
55 2-1 -2.011e-005  1.996e-005  1.467e-007  2.061e-004
55 2-2  2.022e-005 -2.027e-005  5.072e-008 -2.057e-004  2.068e-004
55 2-3 -1.112e-007  3.085e-007 -1.974e-007 -4.035e-007 -1.116e-006  1.520e-006
56  9.555e-001  4.358e-002  8.945e-004  1.108e-001  8.863e-001  2.926e-003 
56 1-1  2.231e-005
56 1-2 -2.221e-005  2.243e-005
56 1-3 -9.643e-008 -2.248e-007  3.212e-007
56 2-1 -1.870e-005  1.855e-005  1.487e-007  1.822e-004
56 2-2  1.879e-005 -1.888e-005  8.024e-008 -1.818e-004  1.831e-004
56 2-3 -9.813e-008  3.271e-007 -2.289e-007 -4.233e-007 -1.325e-006  1.748e-006
57  9.533e-001  4.571e-002  1.008e-003  1.093e-001  8.875e-001  3.258e-003 
57 1-1  2.205e-005
57 1-2 -2.191e-005  2.215e-005
57 1-3 -1.393e-007 -2.344e-007  3.737e-007
57 2-1 -1.735e-005  1.720e-005  1.514e-007  1.608e-004
57 2-2  1.743e-005 -1.755e-005  1.135e-007 -1.604e-004  1.619e-004
57 2-3 -8.119e-008  3.460e-007 -2.648e-007 -4.466e-007 -1.559e-006  2.006e-006
58  9.509e-001  4.794e-002  1.135e-003  1.077e-001  8.887e-001  3.627e-003 
58 1-1  2.177e-005
58 1-2 -2.159e-005  2.183e-005
58 1-3 -1.897e-007 -2.437e-007  4.334e-007
58 2-1 -1.609e-005  1.593e-005  1.550e-007  1.417e-004
58 2-2  1.615e-005 -1.630e-005  1.506e-007 -1.413e-004  1.431e-004
58 2-3 -6.000e-008  3.656e-007 -3.056e-007 -4.738e-007 -1.821e-006  2.295e-006
59  9.485e-001  5.026e-002  1.279e-003  1.062e-001  8.898e-001  4.038e-003 
59 1-1  2.149e-005
59 1-2 -2.124e-005  2.150e-005
59 1-3 -2.479e-007 -2.532e-007  5.012e-007
59 2-1 -1.491e-005  1.475e-005  1.600e-007  1.248e-004
59 2-2  1.495e-005 -1.514e-005  1.917e-007 -1.243e-004  1.264e-004
59 2-3 -3.435e-008  3.861e-007 -3.517e-007 -5.055e-007 -2.112e-006  2.617e-006
60  9.459e-001  5.269e-002  1.440e-003  1.047e-001  8.908e-001  4.495e-003 
60 1-1  2.123e-005
60 1-2 -2.092e-005  2.118e-005
60 1-3 -3.144e-007 -2.635e-007  5.779e-007
60 2-1 -1.385e-005  1.368e-005  1.670e-007  1.100e-004
60 2-2  1.386e-005 -1.409e-005  2.368e-007 -1.094e-004  1.118e-004
60 2-3 -4.165e-009  4.079e-007 -4.038e-007 -5.423e-007 -2.433e-006  2.976e-006
61  9.431e-001  5.523e-002  1.622e-003  1.032e-001  8.918e-001  5.003e-003 
61 1-1  2.102e-005
61 1-2 -2.064e-005  2.091e-005
61 1-3 -3.891e-007 -2.754e-007  6.645e-007
61 2-1 -1.291e-005  1.274e-005  1.765e-007  9.703e-005
61 2-2  1.288e-005 -1.317e-005  2.858e-007 -9.644e-005  9.923e-005
61 2-3  3.045e-008  4.319e-007 -4.623e-007 -5.846e-007 -2.787e-006  3.372e-006
62  9.403e-001  5.789e-002  1.826e-003  1.017e-001  8.927e-001  5.568e-003 
62 1-1  2.091e-005
62 1-2 -2.044e-005  2.073e-005
62 1-3 -4.717e-007 -2.905e-007  7.622e-007
62 2-1 -1.212e-005  1.193e-005  1.894e-007  8.592e-005
62 2-2  1.205e-005 -1.239e-005  3.387e-007 -8.529e-005  8.846e-005
62 2-3  6.910e-008  4.589e-007 -5.280e-007 -6.331e-007 -3.174e-006  3.807e-006
63  9.373e-001  6.066e-002  2.055e-003  1.003e-001  8.935e-001  6.197e-003 
63 1-1  2.095e-005
63 1-2 -2.039e-005  2.070e-005
63 1-3 -5.615e-007 -3.108e-007  8.723e-007
63 2-1 -1.149e-005  1.129e-005  2.065e-007  7.653e-005
63 2-2  1.138e-005 -1.178e-005  3.953e-007 -7.584e-005  7.943e-005
63 2-3  1.111e-007  4.907e-007 -6.018e-007 -6.883e-007 -3.595e-006  4.283e-006
64  9.341e-001  6.356e-002  2.313e-003  9.880e-002  8.943e-001  6.895e-003 
64 1-1  2.118e-005
64 1-2 -2.053e-005  2.087e-005
64 1-3 -6.574e-007 -3.394e-007  9.968e-007
64 2-1 -1.105e-005  1.082e-005  2.291e-007  6.874e-005
64 2-2  1.089e-005 -1.135e-005  4.554e-007 -6.798e-005  7.203e-005
64 2-3  1.552e-007  5.292e-007 -6.845e-007 -7.508e-007 -4.049e-006  4.800e-006
65  9.308e-001  6.658e-002  2.603e-003  9.736e-002  8.950e-001  7.672e-003 
65 1-1  2.169e-005
65 1-2 -2.094e-005  2.132e-005
65 1-3 -7.574e-007 -3.806e-007  1.138e-006
65 2-1 -1.080e-005  1.055e-005  2.585e-007  6.244e-005
65 2-2  1.060e-005 -1.112e-005  5.188e-007 -6.162e-005  6.616e-005
65 2-3  1.999e-007  5.774e-007 -7.774e-007 -8.213e-007 -4.535e-006  5.357e-006
66  9.273e-001  6.973e-002  2.929e-003  9.593e-002  8.955e-001  8.536e-003 
66 1-1  2.256e-005
66 1-2 -2.170e-005  2.214e-005
66 1-3 -8.595e-007 -4.404e-007  1.300e-006
66 2-1 -1.078e-005  1.049e-005  2.964e-007  5.755e-005
66 2-2  1.054e-005 -1.113e-005  5.857e-007 -5.665e-005  6.170e-005
66 2-3  2.429e-007  6.392e-007 -8.821e-007 -9.002e-007 -5.053e-006  5.954e-006
67  9.237e-001  7.302e-002  3.295e-003  9.451e-002  8.960e-001  9.495e-003 
67 1-1  2.388e-005
67 1-2 -2.292e-005  2.344e-005
67 1-3 -9.606e-007 -5.267e-007  1.487e-006
67 2-1 -1.101e-005  1.067e-005  3.448e-007  5.396e-005
67 2-2  1.073e-005 -1.139e-005  6.562e-007 -5.297e-005  5.857e-005
67 2-3  2.812e-007  7.198e-007 -1.001e-006 -9.883e-007 -5.601e-006  6.589e-006
68  9.199e-001  7.644e-002  3.705e-003  9.309e-002  8.963e-001  1.056e-002 
68 1-1  2.575e-005
68 1-2 -2.470e-005  2.535e-005
68 1-3 -1.058e-006 -6.506e-007  1.708e-006
68 2-1 -1.151e-005  1.110e-005  4.059e-007  5.158e-005
68 2-2  1.120e-005 -1.193e-005  7.313e-007 -5.049e-005  5.667e-005
68 2-3  3.112e-007  8.260e-007 -1.137e-006 -1.086e-006 -6.176e-006  7.263e-006
69  9.158e-001  8.001e-002  4.166e-003  9.169e-002  8.966e-001  1.175e-002 
69 1-1  2.832e-005
69 1-2 -2.717e-005  2.800e-005
69 1-3 -1.147e-006 -8.267e-007  1.974e-006
69 2-1 -1.230e-005  1.182e-005  4.828e-007  5.031e-005
69 2-2  1.197e-005 -1.278e-005  8.126e-007 -4.912e-005  5.590e-005
69 2-3  3.286e-007  9.668e-007 -1.295e-006 -1.195e-006 -6.778e-006  7.973e-006
70  9.116e-001  8.372e-002  4.683e-003  9.029e-002  8.967e-001  1.306e-002 
70 1-1  3.172e-005
70 1-2 -3.049e-005  3.157e-005
70 1-3 -1.227e-006 -1.075e-006  2.302e-006
70 2-1 -1.341e-005  1.283e-005  5.787e-007  5.008e-005
70 2-2  1.308e-005 -1.398e-005  9.037e-007 -4.877e-005  5.617e-005
70 2-3  3.284e-007  1.154e-006 -1.482e-006 -1.315e-006 -7.407e-006  8.722e-006
71  9.072e-001  8.758e-002  5.263e-003  8.890e-002  8.966e-001  1.452e-002 
71 1-1  3.611e-005
71 1-2 -3.482e-005  3.624e-005
71 1-3 -1.296e-006 -1.420e-006  2.717e-006
71 2-1 -1.485e-005  1.415e-005  6.977e-007  5.079e-005
71 2-2  1.455e-005 -1.556e-005  1.010e-006 -4.934e-005  5.741e-005
71 2-3  3.053e-007  1.402e-006 -1.708e-006 -1.448e-006 -8.067e-006  9.515e-006
72  9.025e-001  9.160e-002  5.912e-003  8.751e-002  8.964e-001  1.614e-002 
72 1-1  4.169e-005
72 1-2 -4.034e-005  4.223e-005
72 1-3 -1.357e-006 -1.898e-006  3.255e-006
72 2-1 -1.667e-005  1.582e-005  8.446e-007  5.236e-005
72 2-2  1.641e-005 -1.755e-005  1.141e-006 -5.077e-005  5.953e-005
72 2-3  2.539e-007  1.732e-006 -1.985e-006 -1.596e-006 -8.766e-006  1.036e-005
73  8.976e-001  9.577e-002  6.641e-003  8.613e-002  8.959e-001  1.794e-002 
73 1-1  4.867e-005
73 1-2 -4.725e-005  4.980e-005
73 1-3 -1.419e-006 -2.552e-006  3.970e-006
73 2-1 -1.887e-005  1.784e-005  1.025e-006  5.472e-005
73 2-2  1.870e-005 -2.001e-005  1.310e-006 -5.295e-005  6.248e-005
73 2-3  1.698e-007  2.166e-006 -2.336e-006 -1.762e-006 -9.524e-006  1.129e-005
74  8.924e-001  1.001e-001  7.456e-003  8.475e-002  8.953e-001  1.993e-002 
74 1-1  5.728e-005
74 1-2 -5.578e-005  5.922e-005
74 1-3 -1.499e-006 -3.441e-006  4.940e-006
74 2-1 -2.149e-005  2.024e-005  1.247e-006  5.777e-005
74 2-2  2.144e-005 -2.298e-005  1.540e-006 -5.582e-005  6.620e-005
74 2-3  5.011e-008  2.737e-006 -2.787e-006 -1.948e-006 -1.037e-005  1.232e-005
75  8.870e-001  1.046e-001  8.369e-003  8.337e-002  8.945e-001  2.213e-002 
75 1-1  6.779e-005
75 1-2 -6.616e-005  7.081e-005
75 1-3 -1.630e-006 -4.642e-006  6.272e-006
75 2-1 -2.454e-005  2.302e-005  1.517e-006  6.145e-005
75 2-2  2.465e-005 -2.651e-005  1.863e-006 -5.929e-005  7.066e-005
75 2-3 -1.043e-007  3.484e-006 -3.380e-006 -2.163e-006 -1.137e-005  1.353e-005
76  8.814e-001  1.093e-001  9.391e-003  8.200e-002  8.934e-001  2.458e-002 
76 1-1  8.052e-005
76 1-2 -7.865e-005  8.491e-005
76 1-3 -1.869e-006 -6.255e-006  8.124e-006
76 2-1 -2.806e-005  2.621e-005  1.847e-006  6.568e-005
76 2-2  2.835e-005 -3.067e-005  2.324e-006 -6.326e-005  7.587e-005
76 2-3 -2.869e-007  4.458e-006 -4.171e-006 -2.412e-006 -1.260e-005  1.502e-005
77  8.754e-001  1.141e-001  1.053e-002  8.062e-002  8.921e-001  2.729e-002 
77 1-1  9.581e-005
77 1-2 -9.350e-005  1.019e-004
77 1-3 -2.303e-006 -8.409e-006  1.071e-005
77 2-1 -3.206e-005  2.981e-005  2.249e-006  7.038e-005
77 2-2  3.254e-005 -3.553e-005  2.991e-006 -6.767e-005  8.188e-005
77 2-3 -4.818e-007  5.722e-006 -5.240e-006 -2.708e-006 -1.421e-005  1.691e-005
78  8.691e-001  1.191e-001  1.181e-002  7.924e-002  8.905e-001  3.029e-002 
78 1-1  1.141e-004
78 1-2 -1.110e-004  1.223e-004
78 1-3 -3.067e-006 -1.127e-005  1.434e-005
78 2-1 -3.657e-005  3.383e-005  2.737e-006  7.548e-005
78 2-2  3.723e-005 -4.118e-005  3.958e-006 -7.242e-005  8.879e-005
78 2-3 -6.596e-007  7.355e-006 -6.695e-006 -3.068e-006 -1.637e-005  1.944e-005
79  8.625e-001  1.242e-001  1.324e-002  7.785e-002  8.885e-001  3.360e-002 
79 1-1  1.357e-004
79 1-2 -1.314e-004  1.464e-004
79 1-3 -4.364e-006 -1.507e-005  1.943e-005
79 2-1 -4.160e-005  3.827e-005  3.331e-006  8.092e-005
79 2-2  4.237e-005 -4.773e-005  5.356e-006 -7.741e-005  9.680e-005
79 2-3 -7.707e-007  9.457e-006 -8.687e-006 -3.513e-006 -1.940e-005  2.291e-005
80  8.556e-001  1.295e-001  1.483e-002  7.646e-002  8.863e-001  3.726e-002 
80 1-1  1.614e-004
80 1-2 -1.549e-004  1.749e-004
80 1-3 -6.487e-006 -2.008e-005  2.657e-005
80 2-1 -4.718e-005  4.312e-005  4.052e-006  8.662e-005
80 2-2  4.791e-005 -5.528e-005  7.364e-006 -8.254e-005  1.062e-004
80 2-3 -7.375e-007  1.215e-005 -1.142e-005 -4.077e-006 -2.368e-005  2.776e-005
81  8.484e-001  1.350e-001  1.660e-002  7.506e-002  8.836e-001  4.131e-002 
81 1-1  1.916e-004
81 1-2 -1.817e-004  2.084e-004
81 1-3 -9.855e-006 -2.667e-005  3.653e-005
81 2-1 -5.331e-005  4.839e-005  4.928e-006  9.251e-005
81 2-2  5.376e-005 -6.399e-005  1.023e-005 -8.771e-005  1.175e-004
81 2-3 -4.435e-007  1.560e-005 -1.516e-005 -4.800e-006 -2.979e-005  3.459e-005
82  8.408e-001  1.407e-001  1.858e-002  7.366e-002  8.806e-001  4.577e-002 
82 1-1  2.271e-004
82 1-2 -2.121e-004  2.474e-004
82 1-3 -1.506e-005 -3.533e-005  5.038e-005
82 2-1 -6.003e-005  5.404e-005  5.994e-006  9.852e-005
82 2-2  5.975e-005 -7.403e-005  1.428e-005 -9.278e-005  1.313e-004
82 2-3  2.802e-007  1.999e-005 -2.027e-005 -5.739e-006 -3.851e-005  4.425e-005
83  8.327e-001  1.465e-001  2.079e-002  7.224e-002  8.771e-001  5.068e-002 
83 1-1  2.689e-004
83 1-2 -2.460e-004  2.927e-004
83 1-3 -2.290e-005 -4.666e-005  6.956e-005
83 2-1 -6.734e-005  6.005e-005  7.289e-006  1.046e-004
83 2-2  6.567e-005 -8.563e-005  1.996e-005 -9.762e-005  1.485e-004
83 2-3  1.672e-006  2.558e-005 -2.725e-005 -6.969e-006 -5.090e-005  5.787e-005
84  8.243e-001  1.524e-001  2.324e-002  7.081e-002  8.731e-001  5.609e-002 
84 1-1  3.180e-004
84 1-2 -2.835e-004  3.450e-004
84 1-3 -3.451e-005 -6.148e-005  9.599e-005
84 2-1 -7.526e-005  6.639e-005  8.865e-006  1.106e-004
84 2-2  7.119e-005 -9.904e-005  2.785e-005 -1.021e-004  1.704e-004
84 2-3  4.063e-006  3.265e-005 -3.671e-005 -8.588e-006 -6.835e-005  7.694e-005
85  8.155e-001  1.585e-001  2.596e-002  6.936e-002  8.686e-001  6.204e-002 
85 1-1  3.758e-004
85 1-2 -3.244e-004  4.052e-004
85 1-3 -5.136e-005 -8.081e-005  1.322e-004
85 2-1 -8.379e-005  7.301e-005  1.078e-005  1.166e-004
85 2-2  7.589e-005 -1.146e-004  3.872e-005 -1.059e-004  1.986e-004
85 2-3  7.899e-006  4.160e-005 -4.950e-005 -1.072e-005 -9.272e-005  1.034e-004
86  8.063e-001  1.648e-001  2.898e-002  6.790e-002  8.635e-001  6.858e-002 
86 1-1  4.438e-004
86 1-2 -3.683e-004  4.743e-004
86 1-3 -7.546e-005 -1.060e-004  1.815e-004
86 2-1 -9.296e-005  7.984e-005  1.312e-005  1.225e-004
86 2-2  7.919e-005 -1.327e-004  5.354e-005 -1.090e-004  2.354e-004
86 2-3  1.377e-005  5.289e-005 -6.666e-005 -1.353e-005 -1.264e-004  1.399e-004
87  7.965e-001  1.711e-001  3.234e-002  6.642e-002  8.578e-001  7.575e-002 
87 1-1  5.240e-004
87 1-2 -4.145e-004  5.533e-004
87 1-3 -1.094e-004 -1.387e-004  2.482e-004
87 2-1 -1.028e-004  8.681e-005  1.596e-005  1.282e-004
87 2-2  8.031e-005 -1.539e-004  7.360e-005 -1.110e-004  2.834e-004
87 2-3  2.247e-005  6.710e-005 -8.957e-005 -1.720e-005 -1.725e-004  1.897e-004
88  7.864e-001  1.776e-001  3.605e-002  6.492e-002  8.515e-001  8.360e-002 
88 1-1  6.188e-004
88 1-2 -4.621e-004  6.434e-004
88 1-3 -1.567e-004 -1.813e-004  3.379e-004
88 2-1 -1.133e-004  9.383e-005  1.943e-005  1.336e-004
88 2-2  7.827e-005 -1.788e-004  1.005e-004 -1.116e-004  3.463e-004
88 2-3  3.498e-005  8.495e-005 -1.199e-004 -2.200e-005 -2.348e-004  2.568e-004
89  7.757e-001  1.842e-001  4.016e-002  6.339e-002  8.444e-001  9.217e-002 
89 1-1  7.312e-004
89 1-2 -5.096e-004  7.460e-004
89 1-3 -2.215e-004 -2.363e-004  4.579e-004
89 2-1 -1.244e-004  1.008e-004  2.364e-005  1.387e-004
89 2-2  7.183e-005 -2.081e-004  1.363e-004 -1.105e-004  4.286e-004
89 2-3  5.259e-005  1.073e-004 -1.599e-004 -2.820e-005 -3.181e-004  3.463e-004
90  7.645e-001  1.908e-001  4.470e-002  6.184e-002  8.366e-001  1.015e-001 
90 1-1  8.648e-004
90 1-2 -5.551e-004  8.628e-004
90 1-3 -3.096e-004 -3.076e-004  6.173e-004
90 2-1 -1.363e-004  1.075e-004  2.876e-005  1.435e-004
90 2-2  5.941e-005 -2.428e-004  1.834e-004 -1.073e-004  5.356e-004
90 2-3  7.687e-005  1.353e-004 -2.122e-004 -3.618e-005 -4.283e-004  4.645e-004