
#****** ******
# ITMsr.txt
#IMaCh version 0.99r45, April 2023,INED-EUROREVES-Institut de longevite-Japan Society for the Promotion of Science (Grant-in-Aid for Scientific Research 25293121), Intel Software 2015-2020, Nihon University 2021-202, INED 2000-2022
#$Revision: 1.353 $ $Date: 2023/05/08 18:48:22 $
# Tue Feb 04 22:13:35 2025
# Health expectancies with standard errors
# Age e11 (SE) e12 (SE) e1.  e21 (SE) e22 (SE) e2. 
 50   20.1156 (0.6763)   12.5037 (0.7021)   32.6193 (0.8754)   16.9881 (0.8228)   15.3494 (0.8239)   32.3374 (0.9341)
 51   19.3568 (0.6600)   12.3110 (0.6895)   31.6678 (0.8660)   16.2289 (0.7938)   15.1379 (0.8008)   31.3668 (0.9282)
 52   18.6105 (0.6441)   12.1108 (0.6774)   30.7214 (0.8563)   15.4845 (0.7658)   14.9161 (0.7792)   30.4006 (0.9217)
 53   17.8771 (0.6287)   11.9033 (0.6659)   29.7804 (0.8462)   14.7552 (0.7390)   14.6840 (0.7591)   29.4392 (0.9147)
 54   17.1571 (0.6138)   11.6884 (0.6549)   28.8455 (0.8358)   14.0416 (0.7133)   14.4415 (0.7404)   28.4831 (0.9072)
 55   16.4510 (0.5993)   11.4662 (0.6444)   27.9171 (0.8251)   13.3443 (0.6889)   14.1887 (0.7231)   27.5330 (0.8990)
 56   15.7590 (0.5854)   11.2367 (0.6343)   26.9958 (0.8142)   12.6637 (0.6657)   13.9258 (0.7071)   26.5895 (0.8901)
 57   15.0818 (0.5719)   11.0002 (0.6248)   26.0821 (0.8032)   12.0004 (0.6437)   13.6529 (0.6923)   25.6532 (0.8806)
 58   14.4198 (0.5590)   10.7569 (0.6158)   25.1766 (0.7920)   11.3547 (0.6228)   13.3702 (0.6786)   24.7248 (0.8704)
 59   13.7732 (0.5465)   10.5069 (0.6071)   24.2801 (0.7809)   10.7271 (0.6031)   13.0780 (0.6657)   23.8051 (0.8595)
 60   13.1426 (0.5345)   10.2505 (0.5990)   23.3931 (0.7699)   10.1180 (0.5843)   12.7768 (0.6537)   22.8948 (0.8480)
 61   12.5282 (0.5229)    9.9881 (0.5912)   22.5163 (0.7590)    9.5279 (0.5664)   12.4668 (0.6423)   21.9947 (0.8360)
 62   11.9305 (0.5117)    9.7200 (0.5838)   21.6505 (0.7484)    8.9570 (0.5494)   12.1486 (0.6314)   21.1056 (0.8233)
 63   11.3497 (0.5009)    9.4466 (0.5768)   20.7963 (0.7382)    8.4057 (0.5330)   11.8227 (0.6209)   20.2284 (0.8102)
 64   10.7862 (0.4904)    9.1684 (0.5702)   19.9546 (0.7285)    7.8742 (0.5173)   11.4897 (0.6107)   19.3639 (0.7968)
 65   10.2402 (0.4803)    8.8858 (0.5641)   19.1260 (0.7194)    7.3628 (0.5020)   11.1503 (0.6008)   18.5131 (0.7833)
 66    9.7119 (0.4704)    8.5996 (0.5583)   18.3114 (0.7109)    6.8716 (0.4871)   10.8052 (0.5913)   17.6768 (0.7696)
 67    9.2015 (0.4608)    8.3101 (0.5529)   17.5116 (0.7032)    6.4008 (0.4725)   10.4552 (0.5820)   16.8560 (0.7562)
 68    8.7091 (0.4514)    8.0181 (0.5480)   16.7272 (0.6964)    5.9504 (0.4582)   10.1011 (0.5730)   16.0515 (0.7431)
 69    8.2349 (0.4422)    7.7242 (0.5435)   15.9591 (0.6905)    5.5206 (0.4440)    9.7438 (0.5645)   15.2643 (0.7305)
 70    7.7789 (0.4332)    7.4291 (0.5395)   15.2079 (0.6854)    5.1111 (0.4298)    9.3841 (0.5565)   14.4952 (0.7187)
 71    7.3410 (0.4244)    7.1335 (0.5360)   14.4745 (0.6813)    4.7220 (0.4157)    9.0231 (0.5492)   13.7451 (0.7079)
 72    6.9214 (0.4157)    6.8382 (0.5328)   13.7596 (0.6780)    4.3531 (0.4017)    8.6617 (0.5427)   13.0148 (0.6981)
 73    6.5198 (0.4071)    6.5439 (0.5301)   13.0637 (0.6756)    4.0041 (0.3876)    8.3009 (0.5370)   12.3050 (0.6897)
 74    6.1362 (0.3987)    6.2514 (0.5277)   12.3875 (0.6738)    3.6749 (0.3735)    7.9417 (0.5324)   11.6166 (0.6826)
 75    5.7703 (0.3904)    5.9614 (0.5256)   11.7316 (0.6726)    3.3650 (0.3594)    7.5850 (0.5289)   10.9501 (0.6768)
 76    5.4219 (0.3822)    5.6747 (0.5238)   11.0966 (0.6719)    3.0741 (0.3454)    7.2320 (0.5264)   10.3061 (0.6724)
 77    5.0908 (0.3742)    5.3920 (0.5221)   10.4828 (0.6714)    2.8018 (0.3313)    6.8834 (0.5251)    9.6852 (0.6691)
 78    4.7766 (0.3663)    5.1141 (0.5205)    9.8907 (0.6711)    2.5476 (0.3173)    6.5403 (0.5248)    9.0879 (0.6670)
 79    4.4789 (0.3586)    4.8417 (0.5187)    9.3206 (0.6708)    2.3109 (0.3033)    6.2035 (0.5253)    8.5144 (0.6657)
 80    4.1973 (0.3510)    4.5754 (0.5168)    8.7727 (0.6702)    2.0911 (0.2894)    5.8740 (0.5266)    7.9651 (0.6650)
 81    3.9315 (0.3437)    4.3158 (0.5146)    8.2473 (0.6693)    1.8876 (0.2756)    5.5525 (0.5284)    7.4402 (0.6646)
 82    3.6808 (0.3366)    4.0636 (0.5120)    7.7444 (0.6679)    1.6998 (0.2619)    5.2397 (0.5305)    6.9396 (0.6642)
 83    3.4448 (0.3297)    3.8192 (0.5088)    7.2640 (0.6659)    1.5270 (0.2485)    4.9364 (0.5327)    6.4634 (0.6635)
 84    3.2229 (0.3231)    3.5831 (0.5051)    6.8060 (0.6633)    1.3684 (0.2352)    4.6430 (0.5345)    6.0114 (0.6622)
 85    3.0147 (0.3167)    3.3556 (0.5006)    6.3703 (0.6599)    1.2233 (0.2221)    4.3602 (0.5359)    5.5835 (0.6601)
 86    2.8194 (0.3107)    3.1373 (0.4954)    5.9567 (0.6558)    1.0910 (0.2092)    4.0883 (0.5366)    5.1793 (0.6568)
 87    2.6365 (0.3050)    2.9282 (0.4895)    5.5647 (0.6509)    0.9707 (0.1967)    3.8276 (0.5363)    4.7983 (0.6523)
 88    2.4655 (0.2996)    2.7286 (0.4827)    5.1941 (0.6453)    0.8616 (0.1844)    3.5786 (0.5349)    4.4402 (0.6463)
 89    2.3056 (0.2946)    2.5386 (0.4752)    4.8443 (0.6390)    0.7631 (0.1725)    3.3413 (0.5323)    4.1044 (0.6389)
 90    2.1564 (0.2899)    2.3584 (0.4669)    4.5148 (0.6322)    0.6743 (0.1610)    3.1157 (0.5282)    3.7901 (0.6298)
