
#****** ******
# ITMsr.txt
#IMaCh version 0.99r45, April 2023,INED-EUROREVES-Institut de longevite-Japan Society for the Promotion of Science (Grant-in-Aid for Scientific Research 25293121), Intel Software 2015-2020, Nihon University 2021-202, INED 2000-2022
#$Revision: 1.353 $ $Date: 2023/05/08 18:48:22 $
# Tue Feb 04 22:13:35 2025
# Variance and covariance of health expectancies e.j 
#  (weighted average of eij where weights are the age specific period (stable) prevalences in each health state 
# Age Cov(e.1, e.1) Cov(e.1, e.2) Cov(e.2, e.1) Cov(e.2, e.2)
50  0.5376 -0.1630 -0.1630 0.5661
51  0.5109 -0.1462 -0.1462 0.5438
52  0.4852 -0.1306 -0.1306 0.5225
53  0.4607 -0.1164 -0.1164 0.5024
54  0.4373 -0.1034 -0.1034 0.4835
55  0.4152 -0.0918 -0.0918 0.4657
56  0.3942 -0.0815 -0.0815 0.4490
57  0.3744 -0.0723 -0.0723 0.4334
58  0.3558 -0.0643 -0.0643 0.4188
59  0.3383 -0.0574 -0.0574 0.4052
60  0.3220 -0.0514 -0.0514 0.3926
61  0.3068 -0.0463 -0.0463 0.3808
62  0.2925 -0.0419 -0.0419 0.3697
63  0.2792 -0.0381 -0.0381 0.3595
64  0.2668 -0.0349 -0.0349 0.3500
65  0.2551 -0.0320 -0.0320 0.3410
66  0.2441 -0.0293 -0.0293 0.3327
67  0.2337 -0.0268 -0.0268 0.3249
68  0.2238 -0.0243 -0.0243 0.3177
69  0.2489 0.0061 0.0061 0.3113
70  0.2052 -0.0192 -0.0192 0.3048
71  0.2295 0.0110 0.0110 0.2966
72  0.1876 -0.0134 -0.0134 0.2941
73  0.1790 -0.0102 -0.0102 0.2896
74  0.1705 -0.0068 -0.0068 0.2856
75  0.1621 -0.0032 -0.0032 0.2822
76  0.1537 0.0004 0.0004 0.2793
77  0.1453 0.0040 0.0040 0.2770
78  0.1369 0.0076 0.0076 0.2751
79  0.1286 0.0111 0.0111 0.2737
80  0.1204 0.0143 0.0143 0.2726
81  0.1122 0.0172 0.0172 0.2717
82  0.1042 0.0197 0.0197 0.2708
83  0.0964 0.0217 0.0217 0.2699
84  0.0984 0.0316 0.0316 0.2627
85  0.0815 0.0241 0.0241 0.2672
86  0.0746 0.0245 0.0245 0.2651
87  0.0679 0.0242 0.0242 0.2624
88  0.0617 0.0235 0.0235 0.2588
89  0.0559 0.0222 0.0222 0.2544
90  0.0506 0.0204 0.0204 0.2491
