# Powell
# iter -2*LL p12 p13 p21 p23
1 1 5229.431344519644 0 0.000000000000 0.000000000000 0.000000000000 0.000000000000 0.000000000000 0.000000000000 0.000000000000 0.000000000000
2 2 1510.873038721787 1 29.632094552671 0.841080010984 0.841080010984 0.000000000000 2.436632823973 -0.000482444867 -0.839110368153 0.001309485974
3 2 1393.651415772654 1 25.877551543468 0.311964715644 1.706126638745 0.000000000000 2.045669048577 -0.010031006684 -1.410419610411 -0.007558612913
4 3 1211.581223626717 1 14.748254864587 0.117122236549 3.207125725366 0.000000000000 0.976745506680 -0.033476271222 -2.549885108554 -0.018379088246
5 3 1207.132028181684 1 31.426420658181 1.142000201816 4.261260032067 0.000000000000 1.040114845208 -0.032415081815 -2.597716174453 -0.021900625238
6 4 1186.925720567428 2 32.315563404309 1.411689410007 5.262917211058 1.711170098517 1.030592556235 -0.032953487001 -2.598422892644 -0.025317022567
7 4 1186.766411275680 2 32.282839980676 1.411373389057 5.327566494638 1.710447243238 1.026617156516 -0.033287064817 -2.599923838823 -0.026415892617
8 5 1186.704625870371 2 32.193237641005 1.412733598595 5.452237712498 1.709023927509 1.025817715627 -0.033349881207 -2.601460697858 -0.026784411416
9 5 1186.524080361159 2 31.653961215473 1.418490194955 5.789718395493 1.704760141931 1.024275260612 -0.033546428050 -2.607268558779 -0.027722823756
10 6 1183.777701916828 3 23.982626202015 1.498756359157 10.261033692700 1.646125225537 1.019231182191 -0.035317110983 -2.689395531096 -0.036528096797
11 6 1181.198425239797 3 23.889431530460 1.500806735779 9.590098679826 1.652738913119 1.041167316204 -0.033227342859 -2.681065620118 -0.030520956455
12 7 1181.112198046081 3 23.684939042591 1.503850671636 9.763253117454 1.650614600362 1.041624954217 -0.032896925089 -2.683218451073 -0.030883192407
13 7 1181.092050236977 4 23.628983433527 1.504568837242 9.844234941975 1.649671329765 1.040811280295 -0.032828541463 -2.684125879482 -0.031332294439
14 8 1181.086847717175 4 23.617381191077 1.504644091235 9.871252583332 1.649356319412 1.040375996692 -0.032822561352 -2.684357116827 -0.031563203042
15 8 1181.083533945673 4 23.612141647911 1.504536127498 9.890667995928 1.649104045922 1.040136452003 -0.032839144754 -2.684283935689 -0.031853491888
16 9 1181.081251850345 4 23.621079264988 1.504327241521 9.878756980059 1.649196163583 1.040714079125 -0.032853601348 -2.683661841234 -0.031945334786
17 9 1181.071234765280 5 23.598448142794 1.504377839590 9.870603027547 1.649262737036 1.045247918107 -0.032937142661 -2.680462465802 -0.032394312209
18 10 1181.016427960487 5 23.418927304880 1.506077263001 9.768266715809 1.650472072869 1.073322231352 -0.033376477493 -2.662707054832 -0.033606446733
19 10 1180.651232544553 5 22.040717120562 1.521470565833 8.804206977082 1.662462862899 1.285102438801 -0.036543612835 -2.533066312321 -0.038681060170
20 11 1179.357993891031 6 18.194095763656 1.568186490400 5.517792935840 1.704443705782 1.906696806760 -0.045666606038 -2.156858903726 -0.046796026320
21 11 1178.006854821519 6 14.184374527163 1.619332277429 1.066780274705 1.762178220321 2.658752705036 -0.056701214807 -1.698500615121 -0.052635976646
22 12 1177.127093217909 6 13.652724613615 1.628932878535 -0.628669707562 1.785229265616 2.865187707764 -0.059700658257 -1.569701780532 -0.050649496901
23 12 1176.978005961273 7 13.586945729229 1.631645452732 -1.728082717157 1.800567340056 2.984765647945 -0.061456954839 -1.492029680948 -0.049863009153
24 13 1176.975593794512 7 13.622560857427 1.631246441442 -1.737299544829 1.800768124882 2.983890598505 -0.061456298182 -1.492271606515 -0.049917970209
25 13 1176.974237754863 7 13.674427340014 1.630708185263 -1.745214279101 1.801030976706 2.982050810125 -0.061448778478 -1.493206599859 -0.049978694283
26 14 1176.973892642925 7 13.677266479902 1.630669265758 -1.740130334745 1.801015132783 2.981268354691 -0.061439160228 -1.493796983525 -0.049973121523
27 14 1176.435123533272 7 17.421442984417 1.601989907409 1.775102222969 1.772093355118 2.323885334368 -0.051751125792 -2.287795471278 -0.035665689223
28 15 1175.001103859045 7 20.010416058084 1.610329538458 3.558975965651 1.787669394057 1.919463758805 -0.045892098128 -3.430153297584 -0.015306378090
29 15 1172.390033195104 8 18.024311355871 1.669213497131 0.800259791437 1.856405202650 2.333466599371 -0.052168864703 -3.939894209920 -0.006450077229
30 16 1167.598747653499 8 12.387660097442 1.851138949819 -7.285673360540 2.065514721954 3.531983640622 -0.070489510048 -5.719030113141 0.023511010090
31 16 1165.339228429092 8 10.188361291588 1.910151479180 -10.365101452805 2.130387442693 4.008895394010 -0.077963609480 -6.141653992651 0.029134174298
32 17 1164.098620886174 8 9.562713456291 1.960950104779 -12.505659626678 2.181117317791 4.283717374737 -0.082519481797 -6.852260992757 0.040516805872
33 17 1163.682682220155 8 9.904244125705 1.970961968282 -12.406622138312 2.186184628231 4.270216759985 -0.082272722413 -7.098565599506 0.043441869380
34 18 1163.547261624217 9 11.128118447078 1.969466671337 -11.428445628787 2.177836543297 4.108354657306 -0.079988610712 -7.391155817920 0.047126049003
35 18 1163.523660997279 9 11.529043160852 1.964396003379 -11.032785744814 2.170798089861 4.048289924447 -0.079058964193 -7.382770703101 0.047098044113
36 19 1163.505069027819 9 12.301619778601 1.955236661766 -10.288683271599 2.157395444729 3.937372591136 -0.077339072026 -7.365207491128 0.047017947323
37 19 1163.503623423665 9 12.314151944669 1.955129841977 -10.286603692359 2.157066227389 3.937805423098 -0.077350722449 -7.359962669973 0.046934312523
38 20 1163.476890957208 10 12.669364111716 1.965806852061 -10.917008651076 2.158124796846 4.050943599281 -0.079081923541 -7.320648267434 0.046378267949
39 20 1163.473203545830 10 13.036902573191 1.966116968215 -10.812462059688 2.154896668046 4.037090448811 -0.078864730206 -7.337791481105 0.046656752667
40 21 1163.470413824867 10 14.137950712542 1.966088545749 -10.492893893869 2.143708187773 3.998741195787 -0.078270646456 -7.353158953200 0.046893242424
41 21 1163.470052616154 10 14.461785560897 1.967449238093 -10.495341509901 2.140975166760 4.004123818389 -0.078355178513 -7.350625955571 0.046852423753
42 22 1163.469804135265 11 15.406055471643 1.970704744992 -10.460762605021 2.132659606483 4.012618594801 -0.078487186255 -7.343462679622 0.046748392117
43 22 1163.469776315629 11 15.753888234556 1.971547401917 -10.419143943468 2.129487534435 4.010687982943 -0.078457360683 -7.344444595456 0.046762592397
44 23 1163.469755906755 11 16.734119701035 1.974249286657 -10.322062548428 2.120711871936 4.008667517719 -0.078425753621 -7.346912026900 0.046798285606
45 23 1163.469754350244 12 16.916351522862 1.974820409658 -10.309095602420 2.119103961242 4.009186996671 -0.078433771569 -7.346847180159 0.046797110333
46 24 1163.469752507670 12 17.655487117975 1.977015227299 -10.249857609327 2.112516430464 4.010168490497 -0.078448986160 -7.346362684410 0.046789919713
47 24 1163.469752232305 12 17.796244759523 1.977393214460 -10.236310712796 2.111240571940 4.009972815780 -0.078446007573 -7.346224771681 0.046788030073
48 25 1163.469751910466 13 18.457390854234 1.979239480284 -10.175652885727 2.105296505584 4.009527493382 -0.078439164551 -7.346168523833 0.046787408904
49 25 1163.469751854082 13 18.625691556866 1.979726325281 -10.160931608007 2.103794883558 4.009529182915 -0.078439164536 -7.346291158417 0.046789134040
50 26 1163.469751783372 13 19.570276939932 1.982449531544 -10.079118228495 2.095347907050 4.009713212275 -0.078441987672 -7.346304682672 0.046789253043
51 26 1163.469751775198 14 19.908142719831 1.983413628408 -10.049270381881 2.092321445826 4.009679681143 -0.078441473844 -7.346307719638 0.046789309004
52 27 1163.469751769727 14 20.882678355244 1.986198587932 -9.963439532793 2.083593720794 4.009628754374 -0.078440691154 -7.346304148696 0.046789278375
53 27 1163.469751769111 15 21.218210489509 1.987160172189 -9.934046174811 2.080590200109 4.009637991307 -0.078440834656 -7.346304636416 0.046789282142
54 28 1163.469751768713 15 22.144510749897 1.989813656515 -9.852830439905 2.072297789693 4.009651833450 -0.078441041164 -7.346305691763 0.046789290870
55 28 1163.469751768657 16 22.520485475255 1.990889926431 -9.819823894117 2.068931599726 4.009650312302 -0.078441021167 -7.346305166573 0.046789285242
56 29 1163.469751768624 16 23.126709469034 1.992625169200 -9.766593386724 2.063503857796 4.009646127887 -0.078440960871 -7.346304960696 0.046789282490
57 29 1163.469751768619 17 23.315043639714 1.993164424198 -9.750066575778 2.061817722288 4.009646551734 -0.078440967430 -7.346304918825 0.046789281499
58 30 1163.469751768618 17 23.365889826752 1.993310078438 -9.745608506847 2.061362537864 4.009647311554 -0.078440978765 -7.346304976754 0.046789281979
