# FRMchr.txt
#IMaCh version 0.99r45, April 2023,INED-EUROREVES-Institut de longevite-Japan Society for the Promotion of Science (Grant-in-Aid for Scientific Research 25293121), Intel Software 2015-2020, Nihon University 2021-202, INED 2000-2022
#$Revision: 1.353 $ $Date: 2023/05/08 18:48:22 $
# Tue Feb 04 22:21:37 2025

#****** ******
# (a) Life expectancies by health status at initial age and (b) health expectancies by health status at initial age
# Age e11  e12  e1.  e21  e22  e2. 
 50   8.7883  21.9424  30.7307   6.1818  25.1005  31.2823
 51   8.4736  21.3486  29.8221   5.8579  24.5015  30.3594
 52   8.1684  20.7488  28.9172   5.5444  23.8927  29.4371
 53   7.8728  20.1436  28.0164   5.2412  23.2745  28.5157
 54   7.5867  19.5336  27.1203   4.9482  22.6473  27.5955
 55   7.3099  18.9197  26.2296   4.6653  22.0117  26.6770
 56   7.0423  18.3026  25.3449   4.3924  21.3683  25.7606
 57   6.7839  17.6831  24.4670   4.1294  20.7176  24.8470
 58   6.5346  17.0620  23.5967   3.8761  20.0605  23.9366
 59   6.2943  16.4405  22.7348   3.6325  19.3977  23.0303
 60   6.0629  15.8195  21.8824   3.3985  18.7302  22.1286
 61   5.8403  15.2000  21.0403   3.1739  18.0587  21.2326
 62   5.6264  14.5833  20.2097   2.9586  17.3844  20.3430
 63   5.4211  13.9704  19.3915   2.7526  16.7083  19.4610
 64   5.2242  13.3627  18.5870   2.5557  16.0317  18.5875
 65   5.0358  12.7615  17.7972   2.3679  15.3559  17.7237
 66   4.8556  12.1680  17.0235   2.1889  14.6821  16.8709
 67   4.6835  11.5835  16.2670   2.0187  14.0118  16.0304
 68   4.5194  11.0096  15.5290   1.8571  13.3464  15.2036
 69   4.3632  10.4474  14.8105   1.7042  12.6876  14.3918
 70   4.2146   9.8984  14.1130   1.5596  12.0369  13.5965
 71   4.0736   9.3638  13.4374   1.4233  11.3960  12.8193
 72   3.9399   8.8450  12.7849   1.2951  10.7666  12.0617
 73   3.8134   8.3431  12.1565   1.1750  10.1502  11.3251
 74   3.6938   7.8593  11.5531   1.0626   9.5486  10.6112
 75   3.5810   7.3946  10.9756   0.9579   8.9633   9.9212
 76   3.4747   6.9499  10.4246   0.8606   8.3960   9.2565
 77   3.3747   6.5260   9.9006   0.7705   7.8481   8.6186
 78   3.2806   6.1235   9.4041   0.6874   7.3209   8.0084
 79   3.1923   5.7429   8.9352   0.6111   6.8158   7.4269
 80   3.1094   5.3844   8.4939   0.5413   6.3338   6.8751
 81   3.0317   5.0483   8.0800   0.4776   5.8758   6.3535
 82   2.9589   4.7345   7.6934   0.4199   5.4426   5.8625
 83   2.8906   4.4426   7.3333   0.3677   5.0346   5.4023
 84   2.8266   4.1725   6.9991   0.3208   4.6521   4.9730
 85   2.7666   3.9233   6.6899   0.2789   4.2953   4.5741
 86   2.7102   3.6946   6.4049   0.2415   3.9638   4.2053
 87   2.6573   3.4855   6.1428   0.2084   3.6574   3.8658
 88   2.6074   3.2950   5.9024   0.1792   3.3755   3.5547
 89   2.5604   3.1221   5.6825   0.1535   3.1173   3.2708
 90   2.5160   2.9658   5.4818   0.1311   2.8819   3.0130
