# Powell
# iter -2*LL p12 p13 p21 p23
1 1 2705.296669202803 0 0.000000000000 0.000000000000 0.000000000000 0.000000000000 0.000000000000 0.000000000000 0.000000000000 0.000000000000
2 2 1600.415175262742 0 0.580715932603 0.000522415647 -3.335263827357 0.001135469325 -1.612791180165 -0.001123919559 -2.858590236983 0.002968947660
3 2 1510.471029839765 0 -0.371809693997 0.000869059532 -3.456501153162 0.002335877469 -2.090129351418 -0.002053910720 -2.937396140868 0.006620113602
4 3 1484.468785070499 0 -1.125926369271 0.007555637794 -6.147287030013 0.020009683862 -0.632001474937 -0.020451480558 -4.601044969934 0.030142204698
5 3 1457.413846549095 0 -1.263259248081 0.011552459073 -6.250099816282 0.030560367284 0.129085514126 -0.032345153043 -5.649812145969 0.046062839587
6 4 1424.057226877439 0 -1.719976184567 0.023976939838 -7.366663788000 0.063100696561 2.311732499745 -0.067811955005 -9.226296257236 0.094923631162
7 4 1421.059473263291 0 -1.869319324713 0.025335742625 -7.631307765547 0.066468561429 2.487357629045 -0.071064498191 -9.753764519920 0.100602970950
8 5 1419.859967828088 1 -2.056259704600 0.026643753697 -7.795599524660 0.069407996366 2.672614681897 -0.073918811651 -10.334245393568 0.107730648767
9 5 1419.364633309451 1 -2.111467103286 0.027748299387 -7.867031291712 0.069979501911 2.715509009190 -0.074613646616 -10.567062369248 0.110750062277
10 6 1413.256423904013 1 -2.899117420115 0.041989452000 -6.850175587446 0.055549578502 1.909949868070 -0.062261293305 -12.876704767089 0.141419644454
11 6 1410.660540405727 1 -2.964623965729 0.042366307283 -6.085458944789 0.043564907309 1.125757959175 -0.049834619773 -12.561515816497 0.136656261131
12 7 1410.328181041524 1 -2.981136889512 0.042258327172 -5.710545346100 0.037997954681 0.740069869520 -0.043831112274 -12.391409384370 0.134201831221
13 7 1410.286976508211 1 -2.958559556733 0.041843196493 -5.740357692207 0.038439599637 0.747286477937 -0.043952165224 -12.338217916100 0.133569212114
14 8 1409.694885079795 1 -2.787516873112 0.038699618644 -6.231739956654 0.044866698371 0.549195909135 -0.040818425489 -12.373064255492 0.135161757890
15 8 1409.301240516920 1 -2.706193933455 0.037364054574 -6.436725173555 0.047787223499 0.455040420072 -0.039384317238 -12.426866119149 0.135661914225
16 9 1407.937314227733 1 -2.129030427674 0.028504284987 -8.077088325160 0.074660566566 0.332533892368 -0.037559112291 -13.014742665811 0.142551518916
17 9 1407.922499961730 1 -2.120271531443 0.028394722189 -8.152177457273 0.075090954872 0.354662418052 -0.037898177583 -13.060289797052 0.143056890159
18 10 1407.863421245951 2 -2.075249711519 0.027640075812 -8.034992617625 0.072171772727 0.286383143320 -0.036867449456 -13.179472766210 0.144411329197
19 10 1407.674499780273 2 -1.941666860605 0.025454968872 -7.484607906540 0.063189819165 0.204831539266 -0.035639665582 -13.335813737112 0.146265245894
20 11 1407.537661614918 2 -1.843392415034 0.023877499437 -7.373193601478 0.061107781326 0.338437243136 -0.037686540099 -13.324539280113 0.146190494196
21 11 1407.260488452400 2 -1.573575714710 0.019567672336 -6.461580599892 0.048137891662 0.572097159666 -0.041264637494 -13.304835518104 0.146157624895
22 12 1407.208073885606 2 -1.606766562565 0.020105068092 -6.339938222389 0.047106509354 0.492821098258 -0.040042243570 -13.301679276379 0.146173008319
23 12 1407.201626267992 2 -1.606205721108 0.020087813813 -6.234859473964 0.045740066293 0.444620072029 -0.039303034795 -13.317995061668 0.146379077928
24 13 1407.201585366480 2 -1.604945505047 0.020067765907 -6.232875409259 0.045678589756 0.442789636057 -0.039275438616 -13.322000226224 0.146426942004
25 13 1407.201580030891 2 -1.603509775163 0.020044129192 -6.229136679155 0.045621238334 0.443430317125 -0.039285302703 -13.321459539734 0.146420117269
26 14 1407.201579911289 2 -1.603360137020 0.020041824816 -6.228483618815 0.045611337290 0.443561769659 -0.039287311639 -13.321622064664 0.146422341119
27 14 1407.201579904249 3 -1.603389974424 0.020042350909 -6.228522374379 0.045611941483 0.443557250740 -0.039287242965 -13.321686990701 0.146423188495
28 15 1407.201579903768 3 -1.603400410972 0.020042539030 -6.228533488041 0.045612124308 0.443556814502 -0.039287236506 -13.321705882837 0.146423438791
29 15 1407.201579903765 3 -1.603400717051 0.020042541124 -6.228533756230 0.045612129113 0.443557122301 -0.039287241248 -13.321706838875 0.146423450522
30 16 1407.201579903765 3 -1.603400683103 0.020042540601 -6.228533607870 0.045612126864 0.443557152028 -0.039287241703 -13.321706875778 0.146423451027
31 16 1407.201579903764 3 -1.603400732415 0.020042540882 -6.228533145143 0.045612121070 0.443556970353 -0.039287238920 -13.321707116276 0.146423454008
