# FRMchr.txt
#IMaCh version 0.99r45, April 2023,INED-EUROREVES-Institut de longevite-Japan Society for the Promotion of Science (Grant-in-Aid for Scientific Research 25293121), Intel Software 2015-2020, Nihon University 2021-202, INED 2000-2022
#$Revision: 1.353 $ $Date: 2023/05/08 18:48:22 $
# Tue Feb 04 22:21:37 2025
# probabilities of dying before estepm=24 months for people of exact age and weighted probabilities w1*p1j+w2*p2j+... stand dev in()
# Selected quantitative variables and dummies
# Age cov=1 p.3 SE w1 p13 w2 p23
 50 1   5.860e-003  3.439e-003  3.726e-001  1.231e-002   6.275e-001  2.029e-003 
 51 1   6.141e-003  3.325e-003  3.623e-001  1.279e-002   6.378e-001  2.364e-003 
 52 1   6.461e-003  3.218e-003  3.521e-001  1.328e-002   6.480e-001  2.755e-003 
 53 1   6.828e-003  3.122e-003  3.420e-001  1.379e-002   6.581e-001  3.208e-003 
 54 1   7.250e-003  3.041e-003  3.320e-001  1.432e-002   6.682e-001  3.736e-003 
 55 1   7.738e-003  2.980e-003  3.221e-001  1.487e-002   6.780e-001  4.349e-003 
 56 1   8.302e-003  2.944e-003  3.123e-001  1.544e-002   6.878e-001  5.060e-003 
 57 1   8.956e-003  2.940e-003  3.027e-001  1.602e-002   6.974e-001  5.887e-003 
 58 1   9.715e-003  2.972e-003  2.932e-001  1.663e-002   7.069e-001  6.846e-003 
 59 1   1.060e-002  3.047e-003  2.839e-001  1.726e-002   7.162e-001  7.959e-003 
 60 1   1.163e-002  3.166e-003  2.747e-001  1.791e-002   7.253e-001  9.249e-003 
 61 1   1.283e-002  3.333e-003  2.658e-001  1.858e-002   7.343e-001  1.074e-002 
 62 1   1.422e-002  3.547e-003  2.570e-001  1.927e-002   7.431e-001  1.248e-002 
 63 1   1.585e-002  3.808e-003  2.484e-001  1.999e-002   7.517e-001  1.448e-002 
 64 1   1.775e-002  4.112e-003  2.400e-001  2.074e-002   7.601e-001  1.680e-002 
 65 1   1.995e-002  4.458e-003  2.318e-001  2.150e-002   7.683e-001  1.948e-002 
 66 1   2.252e-002  4.843e-003  2.239e-001  2.230e-002   7.762e-001  2.258e-002 
 67 1   2.549e-002  5.264e-003  2.161e-001  2.312e-002   7.840e-001  2.615e-002 
 68 1   2.895e-002  5.719e-003  2.086e-001  2.396e-002   7.915e-001  3.026e-002 
 69 1   3.295e-002  6.207e-003  2.013e-001  2.484e-002   7.988e-001  3.499e-002 
 70 1   3.758e-002  6.728e-003  1.943e-001  2.574e-002   8.058e-001  4.043e-002 
 71 1   4.292e-002  7.285e-003  1.875e-001  2.667e-002   8.126e-001  4.666e-002 
 72 1   4.907e-002  7.885e-003  1.810e-001  2.763e-002   8.191e-001  5.379e-002 
 73 1   5.613e-002  8.539e-003  1.746e-001  2.863e-002   8.254e-001  6.194e-002 
 74 1   6.422e-002  9.268e-003  1.686e-001  2.965e-002   8.314e-001  7.122e-002 
 75 1   7.345e-002  1.010e-002  1.629e-001  3.071e-002   8.372e-001  8.176e-002 
 76 1   8.396e-002  1.108e-002  1.574e-001  3.180e-002   8.426e-001  9.370e-002 
 77 1   9.587e-002  1.225e-002  1.522e-001  3.293e-002   8.478e-001  1.072e-001 
 78 1   1.093e-001  1.368e-002  1.474e-001  3.409e-002   8.527e-001  1.223e-001 
 79 1   1.244e-001  1.541e-002  1.428e-001  3.529e-002   8.573e-001  1.392e-001 
 80 1   1.412e-001  1.752e-002  1.385e-001  3.652e-002   8.616e-001  1.580e-001 
 81 1   1.599e-001  2.004e-002  1.345e-001  3.779e-002   8.655e-001  1.789e-001 
 82 1   1.805e-001  2.300e-002  1.309e-001  3.910e-002   8.691e-001  2.018e-001 
 83 1   2.030e-001  2.639e-002  1.277e-001  4.045e-002   8.724e-001  2.268e-001 
 84 1   2.274e-001  3.018e-002  1.248e-001  4.184e-002   8.753e-001  2.539e-001 
 85 1   2.537e-001  3.432e-002  1.223e-001  4.327e-002   8.778e-001  2.830e-001 
 86 1   2.817e-001  3.870e-002  1.202e-001  4.475e-002   8.798e-001  3.141e-001 
 87 1   3.113e-001  4.321e-002  1.186e-001  4.626e-002   8.814e-001  3.469e-001 
 88 1   3.421e-001  4.769e-002  1.176e-001  4.783e-002   8.825e-001  3.812e-001 
 89 1   3.738e-001  5.200e-002  1.170e-001  4.943e-002   8.830e-001  4.167e-001 
 90 1   4.061e-001  5.594e-002  1.171e-001  5.109e-002   8.829e-001  4.531e-001 
