# FRMchr.txt
#IMaCh version 0.99r45, April 2023,INED-EUROREVES-Institut de longevite-Japan Society for the Promotion of Science (Grant-in-Aid for Scientific Research 25293121), Intel Software 2015-2020, Nihon University 2021-202, INED 2000-2022
#$Revision: 1.353 $ $Date: 2023/05/08 18:48:22 $
# Tue Feb 04 22:21:37 2025
#One-step probabilities and correlation matrix
# Age p1-1  p1-2  p1-3  p2-1  p2-2  p2-3 
50  6.380e-001  3.497e-001  1.231e-002  1.790e-001  8.190e-001  2.029e-003 
50 1-1  1.000e+000
50 1-2 -9.817e-001  1.000e+000
50 1-3 -1.441e-001 -4.722e-002  1.000e+000
50 2-1 -2.330e-002  2.273e-002  4.081e-003  1.000e+000
50 2-2  2.328e-002 -2.271e-002 -4.062e-003 -9.994e-001  1.000e+000
50 2-3  1.378e-003 -1.255e-003 -7.029e-004 -4.673e-002  1.256e-002  1.000e+000
51  6.331e-001  3.541e-001  1.279e-002  1.732e-001  8.244e-001  2.364e-003 
51 1-1  1.000e+000
51 1-2 -9.801e-001  1.000e+000
51 1-3 -1.458e-001 -5.332e-002  1.000e+000
51 2-1 -2.320e-002  2.273e-002  3.419e-003  1.000e+000
51 2-2  2.317e-002 -2.271e-002 -3.395e-003 -9.991e-001  1.000e+000
51 2-3  1.281e-003 -1.165e-003 -6.380e-004 -4.398e-002  2.340e-003  1.000e+000
52  6.283e-001  3.584e-001  1.328e-002  1.676e-001  8.296e-001  2.755e-003 
52 1-1  1.000e+000
52 1-2 -9.785e-001  1.000e+000
52 1-3 -1.475e-001 -5.964e-002  1.000e+000
52 2-1 -2.311e-002  2.275e-002  2.727e-003  1.000e+000
52 2-2  2.306e-002 -2.271e-002 -2.700e-003 -9.987e-001  1.000e+000
52 2-3  1.188e-003 -1.077e-003 -5.854e-004 -4.150e-002 -9.263e-003  1.000e+000
53  6.234e-001  3.628e-001  1.379e-002  1.621e-001  8.347e-001  3.208e-003 
53 1-1  1.000e+000
53 1-2 -9.767e-001  1.000e+000
53 1-3 -1.494e-001 -6.615e-002  1.000e+000
53 2-1 -2.302e-002  2.279e-002  2.016e-003  1.000e+000
53 2-2  2.296e-002 -2.274e-002 -1.983e-003 -9.981e-001  1.000e+000
53 2-3  1.098e-003 -9.895e-004 -5.483e-004 -3.934e-002 -2.257e-002  1.000e+000
54  6.184e-001  3.673e-001  1.432e-002  1.568e-001  8.395e-001  3.736e-003 
54 1-1  1.000e+000
54 1-2 -9.748e-001  1.000e+000
54 1-3 -1.515e-001 -7.278e-002  1.000e+000
54 2-1 -2.295e-002  2.286e-002  1.301e-003  1.000e+000
54 2-2  2.287e-002 -2.279e-002 -1.261e-003 -9.972e-001  1.000e+000
54 2-3  1.014e-003 -9.033e-004 -5.307e-004 -3.752e-002 -3.797e-002  1.000e+000
55  6.135e-001  3.717e-001  1.487e-002  1.516e-001  8.441e-001  4.349e-003 
55 1-1  1.000e+000
55 1-2 -9.728e-001  1.000e+000
55 1-3 -1.536e-001 -7.942e-002  1.000e+000
55 2-1 -2.291e-002  2.297e-002  6.049e-004  1.000e+000
55 2-2  2.280e-002 -2.287e-002 -5.549e-004 -9.958e-001  1.000e+000
55 2-3  9.355e-004 -8.177e-004 -5.375e-004 -3.610e-002 -5.588e-002  1.000e+000
56  6.084e-001  3.761e-001  1.544e-002  1.465e-001  8.485e-001  5.060e-003 
56 1-1  1.000e+000
56 1-2 -9.707e-001  1.000e+000
56 1-3 -1.558e-001 -8.593e-002  1.000e+000
56 2-1 -2.291e-002  2.311e-002 -3.554e-005  1.000e+000
56 2-2  2.276e-002 -2.298e-002  9.972e-005 -9.937e-001  1.000e+000
56 2-3  8.647e-004 -7.325e-004 -5.748e-004 -3.514e-002 -7.675e-002  1.000e+000
57  6.034e-001  3.806e-001  1.602e-002  1.415e-001  8.526e-001  5.887e-003 
57 1-1  1.000e+000
57 1-2 -9.687e-001  1.000e+000
57 1-3 -1.580e-001 -9.208e-002  1.000e+000
57 2-1 -2.297e-002  2.331e-002 -5.704e-004  1.000e+000
57 2-2  2.276e-002 -2.311e-002  6.559e-004 -9.908e-001  1.000e+000
57 2-3  8.039e-004 -6.473e-004 -6.496e-004 -3.470e-002 -1.011e-001  1.000e+000
58  5.984e-001  3.850e-001  1.663e-002  1.367e-001  8.565e-001  6.846e-003 
58 1-1  1.000e+000
58 1-2 -9.667e-001  1.000e+000
58 1-3 -1.602e-001 -9.761e-002  1.000e+000
58 2-1 -2.312e-002  2.355e-002 -9.327e-004  1.000e+000
58 2-2  2.282e-002 -2.328e-002  1.052e-003 -9.865e-001  1.000e+000
58 2-3  7.555e-004 -5.621e-004 -7.702e-004 -3.484e-002 -1.292e-001  1.000e+000
59  5.933e-001  3.895e-001  1.726e-002  1.320e-001  8.601e-001  7.959e-003 
59 1-1  1.000e+000
59 1-2 -9.650e-001  1.000e+000
59 1-3 -1.623e-001 -1.022e-001  1.000e+000
59 2-1 -2.338e-002  2.385e-002 -1.040e-003  1.000e+000
59 2-2  2.295e-002 -2.346e-002  1.212e-003 -9.805e-001  1.000e+000
59 2-3  7.226e-004 -4.772e-004 -9.451e-004 -3.561e-002 -1.613e-001  1.000e+000
60  5.882e-001  3.939e-001  1.791e-002  1.274e-001  8.634e-001  9.249e-003 
60 1-1  1.000e+000
60 1-2 -9.636e-001  1.000e+000
60 1-3 -1.641e-001 -1.057e-001  1.000e+000
60 2-1 -2.378e-002  2.419e-002 -7.989e-004  1.000e+000
60 2-2  2.316e-002 -2.363e-002  1.060e-003 -9.723e-001  1.000e+000
60 2-3  7.084e-004 -3.934e-004 -1.183e-003 -3.704e-002 -1.974e-001  1.000e+000
61  5.830e-001  3.984e-001  1.858e-002  1.229e-001  8.664e-001  1.074e-002 
61 1-1  1.000e+000
61 1-2 -9.626e-001  1.000e+000
61 1-3 -1.658e-001 -1.077e-001  1.000e+000
61 2-1 -2.432e-002  2.455e-002 -1.250e-004  1.000e+000
61 2-2  2.345e-002 -2.378e-002  5.315e-004 -9.615e-001  1.000e+000
61 2-3  7.157e-004 -3.116e-004 -1.491e-003 -3.913e-002 -2.368e-001  1.000e+000
62  5.779e-001  4.029e-001  1.927e-002  1.185e-001  8.690e-001  1.248e-002 
62 1-1  1.000e+000
62 1-2 -9.620e-001  1.000e+000
62 1-3 -1.671e-001 -1.086e-001  1.000e+000
62 2-1 -2.500e-002  2.492e-002  1.038e-003  1.000e+000
62 2-2  2.379e-002 -2.388e-002 -4.003e-004 -9.479e-001  1.000e+000
62 2-3  7.467e-004 -2.333e-004 -1.875e-003 -4.183e-002 -2.786e-001  1.000e+000
63  5.727e-001  4.073e-001  1.999e-002  1.143e-001  8.713e-001  1.448e-002 
63 1-1  1.000e+000
63 1-2 -9.617e-001  1.000e+000
63 1-3 -1.683e-001 -1.084e-001  1.000e+000
63 2-1 -2.579e-002  2.526e-002  2.691e-003  1.000e+000
63 2-2  2.415e-002 -2.388e-002 -1.701e-003 -9.315e-001  1.000e+000
63 2-3  8.023e-004 -1.594e-004 -2.336e-003 -4.504e-002 -3.213e-001  1.000e+000
64  5.675e-001  4.118e-001  2.074e-002  1.101e-001  8.731e-001  1.680e-002 
64 1-1  1.000e+000
64 1-2 -9.615e-001  1.000e+000
64 1-3 -1.694e-001 -1.077e-001  1.000e+000
64 2-1 -2.663e-002  2.554e-002  4.761e-003  1.000e+000
64 2-2  2.448e-002 -2.379e-002 -3.268e-003 -9.129e-001  1.000e+000
64 2-3  8.824e-004 -9.034e-005 -2.870e-003 -4.861e-002 -3.633e-001  1.000e+000
65  5.622e-001  4.163e-001  2.150e-002  1.060e-001  8.745e-001  1.948e-002 
65 1-1  1.000e+000
65 1-2 -9.614e-001  1.000e+000
65 1-3 -1.706e-001 -1.071e-001  1.000e+000
65 2-1 -2.748e-002  2.574e-002  7.105e-003  1.000e+000
65 2-2  2.474e-002 -2.358e-002 -4.946e-003 -8.928e-001  1.000e+000
65 2-3  9.863e-004 -2.555e-005 -3.473e-003 -5.239e-002 -4.030e-001  1.000e+000
66  5.570e-001  4.207e-001  2.230e-002  1.020e-001  8.754e-001  2.258e-002 
66 1-1  1.000e+000
66 1-2 -9.611e-001  1.000e+000
66 1-3 -1.718e-001 -1.071e-001  1.000e+000
66 2-1 -2.826e-002  2.584e-002  9.547e-003  1.000e+000
66 2-2  2.488e-002 -2.327e-002 -6.562e-003 -8.721e-001  1.000e+000
66 2-3  1.113e-003  3.658e-005 -4.136e-003 -5.620e-002 -4.395e-001  1.000e+000
67  5.517e-001  4.252e-001  2.312e-002  9.814e-002  8.757e-001  2.615e-002 
67 1-1  1.000e+000
67 1-2 -9.605e-001  1.000e+000
67 1-3 -1.731e-001 -1.079e-001  1.000e+000
67 2-1 -2.894e-002  2.584e-002  1.191e-002  1.000e+000
67 2-2  2.489e-002 -2.287e-002 -7.968e-003 -8.515e-001  1.000e+000
67 2-3  1.261e-003  9.846e-005 -4.852e-003 -5.993e-002 -4.725e-001  1.000e+000
68  5.464e-001  4.296e-001  2.396e-002  9.432e-002  8.754e-001  3.026e-002 
68 1-1  1.000e+000
68 1-2 -9.595e-001  1.000e+000
68 1-3 -1.745e-001 -1.099e-001  1.000e+000
68 2-1 -2.949e-002  2.575e-002  1.406e-002  1.000e+000
68 2-2  2.476e-002 -2.241e-002 -9.061e-003 -8.313e-001  1.000e+000
68 2-3  1.430e-003  1.631e-004 -5.616e-003 -6.350e-002 -5.020e-001  1.000e+000
69  5.411e-001  4.341e-001  2.484e-002  9.059e-002  8.744e-001  3.499e-002 
69 1-1  1.000e+000
69 1-2 -9.582e-001  1.000e+000
69 1-3 -1.762e-001 -1.130e-001  1.000e+000
69 2-1 -2.993e-002  2.558e-002  1.593e-002  1.000e+000
69 2-2  2.452e-002 -2.190e-002 -9.790e-003 -8.116e-001  1.000e+000
69 2-3  1.619e-003  2.337e-004 -6.426e-003 -6.686e-002 -5.286e-001  1.000e+000
70  5.358e-001  4.385e-001  2.574e-002  8.692e-002  8.727e-001  4.043e-002 
70 1-1  1.000e+000
70 1-2 -9.564e-001  1.000e+000
70 1-3 -1.779e-001 -1.171e-001  1.000e+000
70 2-1 -3.027e-002  2.536e-002  1.748e-002  1.000e+000
70 2-2  2.416e-002 -2.137e-002 -1.015e-002 -7.923e-001  1.000e+000
70 2-3  1.829e-003  3.138e-004 -7.278e-003 -7.004e-002 -5.531e-001  1.000e+000
71  5.304e-001  4.429e-001  2.667e-002  8.332e-002  8.700e-001  4.666e-002 
71 1-1  1.000e+000
71 1-2 -9.543e-001  1.000e+000
71 1-3 -1.798e-001 -1.223e-001  1.000e+000
71 2-1 -3.051e-002  2.509e-002  1.873e-002  1.000e+000
71 2-2  2.369e-002 -2.082e-002 -1.015e-002 -7.730e-001  1.000e+000
71 2-3  2.056e-003  4.067e-004 -8.170e-003 -7.305e-002 -5.763e-001  1.000e+000
72  5.251e-001  4.473e-001  2.763e-002  7.978e-002  8.664e-001  5.379e-002 
72 1-1  1.000e+000
72 1-2 -9.518e-001  1.000e+000
72 1-3 -1.819e-001 -1.284e-001  1.000e+000
72 2-1 -3.068e-002  2.480e-002  1.971e-002  1.000e+000
72 2-2  2.312e-002 -2.025e-002 -9.823e-003 -7.529e-001  1.000e+000
72 2-3  2.300e-003  5.154e-004 -9.094e-003 -7.595e-002 -5.991e-001  1.000e+000
73  5.197e-001  4.517e-001  2.863e-002  7.629e-002  8.618e-001  6.194e-002 
73 1-1  1.000e+000
73 1-2 -9.490e-001  1.000e+000
73 1-3 -1.841e-001 -1.352e-001  1.000e+000
73 2-1 -3.080e-002  2.449e-002  2.046e-002  1.000e+000
73 2-2  2.243e-002 -1.966e-002 -9.197e-003 -7.312e-001  1.000e+000
73 2-3  2.557e-003  6.422e-004 -1.004e-002 -7.881e-002 -6.224e-001  1.000e+000
74  5.143e-001  4.560e-001  2.965e-002  7.286e-002  8.559e-001  7.122e-002 
74 1-1  1.000e+000
74 1-2 -9.458e-001  1.000e+000
74 1-3 -1.864e-001 -1.427e-001  1.000e+000
74 2-1 -3.088e-002  2.416e-002  2.103e-002  1.000e+000
74 2-2  2.162e-002 -1.904e-002 -8.300e-003 -7.070e-001  1.000e+000
74 2-3  2.817e-003  7.881e-004 -1.097e-002 -8.173e-002 -6.471e-001  1.000e+000
75  5.089e-001  4.604e-001  3.071e-002  6.946e-002  8.488e-001  8.176e-002 
75 1-1  1.000e+000
75 1-2 -9.423e-001  1.000e+000
75 1-3 -1.889e-001 -1.508e-001  1.000e+000
75 2-1 -3.094e-002  2.383e-002  2.145e-002  1.000e+000
75 2-2  2.067e-002 -1.837e-002 -7.158e-003 -6.788e-001  1.000e+000
75 2-3  3.072e-003  9.521e-004 -1.186e-002 -8.485e-002 -6.741e-001  1.000e+000
76  5.035e-001  4.647e-001  3.180e-002  6.611e-002  8.402e-001  9.370e-002 
76 1-1  1.000e+000
76 1-2 -9.384e-001  1.000e+000
76 1-3 -1.915e-001 -1.594e-001  1.000e+000
76 2-1 -3.097e-002  2.349e-002  2.176e-002  1.000e+000
76 2-2  1.954e-002 -1.761e-002 -5.803e-003 -6.451e-001  1.000e+000
76 2-3  3.306e-003  1.131e-003 -1.266e-002 -8.836e-002 -7.041e-001  1.000e+000
77  4.981e-001  4.690e-001  3.293e-002  6.280e-002  8.300e-001  1.072e-001 
77 1-1  1.000e+000
77 1-2 -9.342e-001  1.000e+000
77 1-3 -1.943e-001 -1.685e-001  1.000e+000
77 2-1 -3.099e-002  2.315e-002  2.198e-002  1.000e+000
77 2-2  1.823e-002 -1.676e-002 -4.274e-003 -6.045e-001  1.000e+000
77 2-3  3.504e-003  1.317e-003 -1.330e-002 -9.250e-002 -7.373e-001  1.000e+000
78  4.926e-001  4.733e-001  3.409e-002  5.952e-002  8.182e-001  1.223e-001 
78 1-1  1.000e+000
78 1-2 -9.296e-001  1.000e+000
78 1-3 -1.972e-001 -1.781e-001  1.000e+000
78 2-1 -3.101e-002  2.280e-002  2.214e-002  1.000e+000
78 2-2  1.671e-002 -1.579e-002 -2.631e-003 -5.560e-001  1.000e+000
78 2-3  3.653e-003  1.504e-003 -1.375e-002 -9.758e-002 -7.730e-001  1.000e+000
79  4.872e-001  4.775e-001  3.529e-002  5.627e-002  8.045e-001  1.392e-001 
79 1-1  1.000e+000
79 1-2 -9.246e-001  1.000e+000
79 1-3 -2.002e-001 -1.880e-001  1.000e+000
79 2-1 -3.101e-002  2.244e-002  2.226e-002  1.000e+000
79 2-2  1.503e-002 -1.470e-002 -9.493e-004 -4.992e-001  1.000e+000
79 2-3  3.742e-003  1.683e-003 -1.398e-002 -1.040e-001 -8.099e-001  1.000e+000
80  4.817e-001  4.817e-001  3.652e-002  5.305e-002  7.889e-001  1.580e-001 
80 1-1  1.000e+000
80 1-2 -9.193e-001  1.000e+000
80 1-3 -2.034e-001 -1.984e-001  1.000e+000
80 2-1 -3.101e-002  2.207e-002  2.233e-002  1.000e+000
80 2-2  1.323e-002 -1.352e-002  6.812e-004 -4.353e-001  1.000e+000
80 2-3  3.772e-003  1.845e-003 -1.398e-002 -1.120e-001 -8.459e-001  1.000e+000
81  4.763e-001  4.859e-001  3.779e-002  4.987e-002  7.713e-001  1.789e-001 
81 1-1  1.000e+000
81 1-2 -9.136e-001  1.000e+000
81 1-3 -2.066e-001 -2.092e-001  1.000e+000
81 2-1 -3.101e-002  2.169e-002  2.238e-002  1.000e+000
81 2-2  1.139e-002 -1.229e-002  2.176e-003 -3.662e-001  1.000e+000
81 2-3  3.748e-003  1.989e-003 -1.380e-002 -1.221e-001 -8.789e-001  1.000e+000
82  4.708e-001  4.901e-001  3.910e-002  4.672e-002  7.515e-001  2.018e-001 
82 1-1  1.000e+000
82 1-2 -9.074e-001  1.000e+000
82 1-3 -2.101e-001 -2.203e-001  1.000e+000
82 2-1 -3.099e-002  2.129e-002  2.241e-002  1.000e+000
82 2-2  9.600e-003 -1.107e-002  3.470e-003 -2.947e-001  1.000e+000
82 2-3  3.682e-003  2.112e-003 -1.346e-002 -1.345e-001 -9.073e-001  1.000e+000
83  4.654e-001  4.942e-001  4.045e-002  4.361e-002  7.296e-001  2.268e-001 
83 1-1  1.000e+000
83 1-2 -9.008e-001  1.000e+000
83 1-3 -2.136e-001 -2.318e-001  1.000e+000
83 2-1 -3.096e-002  2.087e-002  2.242e-002  1.000e+000
83 2-2  7.934e-003 -9.915e-003  4.533e-003 -2.232e-001  1.000e+000
83 2-3  3.586e-003  2.217e-003 -1.302e-002 -1.493e-001 -9.305e-001  1.000e+000
84  4.599e-001  4.983e-001  4.184e-002  4.055e-002  7.056e-001  2.539e-001 
84 1-1  1.000e+000
84 1-2 -8.938e-001  1.000e+000
84 1-3 -2.173e-001 -2.436e-001  1.000e+000
84 2-1 -3.092e-002  2.043e-002  2.241e-002  1.000e+000
84 2-2  6.441e-003 -8.865e-003  5.363e-003 -1.538e-001  1.000e+000
84 2-3  3.472e-003  2.306e-003 -1.253e-002 -1.667e-001 -9.486e-001  1.000e+000
85  4.544e-001  5.023e-001  4.327e-002  3.754e-002  6.794e-001  2.830e-001 
85 1-1  1.000e+000
85 1-2 -8.863e-001  1.000e+000
85 1-3 -2.211e-001 -2.558e-001  1.000e+000
85 2-1 -3.086e-002  1.996e-002  2.238e-002  1.000e+000
85 2-2  5.145e-003 -7.941e-003  5.980e-003 -8.752e-002  1.000e+000
85 2-3  3.349e-003  2.383e-003 -1.201e-002 -1.867e-001 -9.623e-001  1.000e+000
86  4.489e-001  5.063e-001  4.475e-002  3.460e-002  6.513e-001  3.141e-001 
86 1-1  1.000e+000
86 1-2 -8.782e-001  1.000e+000
86 1-3 -2.250e-001 -2.684e-001  1.000e+000
86 2-1 -3.077e-002  1.946e-002  2.234e-002  1.000e+000
86 2-2  4.045e-003 -7.148e-003  6.417e-003 -2.491e-002  1.000e+000
86 2-3  3.224e-003  2.451e-003 -1.149e-002 -2.090e-001 -9.724e-001  1.000e+000
87  4.435e-001  5.103e-001  4.626e-002  3.174e-002  6.214e-001  3.469e-001 
87 1-1  1.000e+000
87 1-2 -8.697e-001  1.000e+000
87 1-3 -2.290e-001 -2.812e-001  1.000e+000
87 2-1 -3.065e-002  1.893e-002  2.227e-002  1.000e+000
87 2-2  3.125e-003 -6.481e-003  6.707e-003  3.404e-002  1.000e+000
87 2-3  3.103e-003  2.512e-003 -1.099e-002 -2.335e-001 -9.797e-001  1.000e+000
88  4.380e-001  5.142e-001  4.783e-002  2.897e-002  5.898e-001  3.812e-001 
88 1-1  1.000e+000
88 1-2 -8.606e-001  1.000e+000
88 1-3 -2.332e-001 -2.945e-001  1.000e+000
88 2-1 -3.051e-002  1.837e-002  2.218e-002  1.000e+000
88 2-2  2.364e-003 -5.927e-003  6.883e-003  8.954e-002  1.000e+000
88 2-3  2.986e-003  2.569e-003 -1.051e-002 -2.598e-001 -9.850e-001  1.000e+000
89  4.325e-001  5.180e-001  4.943e-002  2.630e-002  5.570e-001  4.167e-001 
89 1-1  1.000e+000
89 1-2 -8.510e-001  1.000e+000
89 1-3 -2.375e-001 -3.080e-001  1.000e+000
89 2-1 -3.032e-002  1.777e-002  2.205e-002  1.000e+000
89 2-2  1.739e-003 -5.472e-003  6.972e-003  1.418e-001  1.000e+000
89 2-3  2.877e-003  2.622e-003 -1.006e-002 -2.876e-001 -9.889e-001  1.000e+000
90  4.271e-001  5.218e-001  5.109e-002  2.375e-002  5.231e-001  4.531e-001 
90 1-1  1.000e+000
90 1-2 -8.407e-001  1.000e+000
90 1-3 -2.419e-001 -3.219e-001  1.000e+000
90 2-1 -3.010e-002  1.715e-002  2.190e-002  1.000e+000
90 2-2  1.227e-003 -5.101e-003  6.997e-003  1.911e-001  1.000e+000
90 2-3  2.776e-003  2.673e-003 -9.645e-003 -3.163e-001 -9.916e-001  1.000e+000