
#****** ******
# FRMchr.txt
#IMaCh version 0.99r45, April 2023,INED-EUROREVES-Institut de longevite-Japan Society for the Promotion of Science (Grant-in-Aid for Scientific Research 25293121), Intel Software 2015-2020, Nihon University 2021-202, INED 2000-2022
#$Revision: 1.353 $ $Date: 2023/05/08 18:48:22 $
# Tue Feb 04 22:21:37 2025
# Health expectancies with standard errors
# Age e11 (SE) e12 (SE) e1.  e21 (SE) e22 (SE) e2. 
 50    8.7883 (0.6552)   21.9424 (1.1245)   30.7307 (1.1610)    6.1818 (0.6121)   25.1005 (1.0193)   31.2823 (1.0060)
 51    8.4736 (0.6297)   21.3486 (1.0845)   29.8221 (1.1257)    5.8579 (0.5874)   24.5015 (0.9917)   30.3594 (0.9938)
 52    8.1684 (0.6078)   20.7488 (1.0483)   28.9172 (1.0933)    5.5444 (0.5657)   23.8927 (0.9675)   29.4371 (0.9827)
 53    7.8728 (0.5892)   20.1436 (1.0156)   28.0164 (1.0634)    5.2412 (0.5465)   23.2745 (0.9460)   28.5157 (0.9723)
 54    7.5867 (0.5737)   19.5336 (0.9861)   27.1203 (1.0361)    4.9482 (0.5295)   22.6473 (0.9268)   27.5955 (0.9623)
 55    7.3099 (0.5609)   18.9197 (0.9595)   26.2296 (1.0110)    4.6653 (0.5142)   22.0117 (0.9094)   26.6770 (0.9524)
 56    7.0423 (0.5505)   18.3026 (0.9356)   25.3449 (0.9880)    4.3924 (0.5002)   21.3683 (0.8933)   25.7606 (0.9424)
 57    6.7839 (0.5422)   17.6831 (0.9140)   24.4670 (0.9670)    4.1294 (0.4872)   20.7176 (0.8782)   24.8470 (0.9322)
 58    6.5346 (0.5358)   17.0620 (0.8945)   23.5967 (0.9476)    3.8761 (0.4749)   20.0605 (0.8636)   23.9366 (0.9215)
 59    6.2943 (0.5309)   16.4405 (0.8768)   22.7348 (0.9299)    3.6325 (0.4630)   19.3977 (0.8494)   23.0303 (0.9104)
 60    6.0629 (0.5273)   15.8195 (0.8606)   21.8824 (0.9137)    3.3985 (0.4512)   18.7302 (0.8352)   22.1286 (0.8986)
 61    5.8403 (0.5248)   15.2000 (0.8458)   21.0403 (0.8988)    3.1739 (0.4393)   18.0587 (0.8210)   21.2326 (0.8862)
 62    5.6264 (0.5233)   14.5833 (0.8321)   20.2097 (0.8851)    2.9586 (0.4272)   17.3844 (0.8066)   20.3430 (0.8732)
 63    5.4211 (0.5225)   13.9704 (0.8193)   19.3915 (0.8726)    2.7526 (0.4148)   16.7083 (0.7919)   19.4610 (0.8596)
 64    5.2242 (0.5225)   13.3627 (0.8074)   18.5870 (0.8612)    2.5557 (0.4020)   16.0317 (0.7770)   18.5875 (0.8455)
 65    5.0358 (0.5230)   12.7615 (0.7961)   17.7972 (0.8509)    2.3679 (0.3887)   15.3559 (0.7620)   17.7237 (0.8310)
 66    4.8556 (0.5240)   12.1680 (0.7854)   17.0235 (0.8415)    2.1889 (0.3749)   14.6821 (0.7468)   16.8709 (0.8161)
 67    4.6835 (0.5255)   11.5835 (0.7752)   16.2670 (0.8332)    2.0187 (0.3607)   14.0118 (0.7316)   16.0304 (0.8011)
 68    4.5194 (0.5275)   11.0096 (0.7653)   15.5290 (0.8258)    1.8571 (0.3460)   13.3464 (0.7166)   15.2036 (0.7860)
 69    4.3632 (0.5298)   10.4474 (0.7557)   14.8105 (0.8192)    1.7042 (0.3309)   12.6876 (0.7019)   14.3918 (0.7710)
 70    4.2146 (0.5326)    9.8984 (0.7463)   14.1130 (0.8135)    1.5596 (0.3155)   12.0369 (0.6876)   13.5965 (0.7563)
 71    4.0736 (0.5357)    9.3638 (0.7369)   13.4374 (0.8086)    1.4233 (0.2999)   11.3960 (0.6738)   12.8193 (0.7420)
 72    3.9399 (0.5391)    8.8450 (0.7274)   12.7849 (0.8044)    1.2951 (0.2840)   10.7666 (0.6608)   12.0617 (0.7282)
 73    3.8134 (0.5429)    8.3431 (0.7178)   12.1565 (0.8007)    1.1750 (0.2681)   10.1502 (0.6485)   11.3251 (0.7149)
 74    3.6938 (0.5470)    7.8593 (0.7079)   11.5531 (0.7976)    1.0626 (0.2522)    9.5486 (0.6370)   10.6112 (0.7023)
 75    3.5810 (0.5515)    7.3946 (0.6976)   10.9756 (0.7948)    0.9579 (0.2364)    8.9633 (0.6262)    9.9212 (0.6902)
 76    3.4747 (0.5562)    6.9499 (0.6868)   10.4246 (0.7923)    0.8606 (0.2207)    8.3960 (0.6161)    9.2565 (0.6786)
 77    3.3747 (0.5611)    6.5260 (0.6754)    9.9006 (0.7900)    0.7705 (0.2054)    7.8481 (0.6065)    8.6186 (0.6672)
 78    3.2806 (0.5663)    6.1235 (0.6632)    9.4041 (0.7877)    0.6874 (0.1904)    7.3209 (0.5971)    8.0084 (0.6560)
 79    3.1923 (0.5716)    5.7429 (0.6503)    8.9352 (0.7855)    0.6111 (0.1758)    6.8158 (0.5877)    7.4269 (0.6446)
 80    3.1094 (0.5771)    5.3844 (0.6366)    8.4939 (0.7832)    0.5413 (0.1618)    6.3338 (0.5781)    6.8751 (0.6328)
 81    3.0317 (0.5826)    5.0483 (0.6221)    8.0800 (0.7808)    0.4776 (0.1483)    5.8758 (0.5679)    6.3535 (0.6204)
 82    2.9589 (0.5883)    4.7345 (0.6068)    7.6934 (0.7785)    0.4199 (0.1355)    5.4426 (0.5570)    5.8625 (0.6070)
 83    2.8906 (0.5939)    4.4426 (0.5909)    7.3333 (0.7761)    0.3677 (0.1233)    5.0346 (0.5449)    5.4023 (0.5924)
 84    2.8266 (0.5995)    4.1725 (0.5745)    6.9991 (0.7739)    0.3208 (0.1117)    4.6521 (0.5316)    4.9730 (0.5765)
 85    2.7666 (0.6051)    3.9233 (0.5577)    6.6899 (0.7719)    0.2789 (0.1009)    4.2953 (0.5170)    4.5741 (0.5592)
 86    2.7102 (0.6105)    3.6946 (0.5409)    6.4049 (0.7703)    0.2415 (0.0908)    3.9638 (0.5009)    4.2053 (0.5403)
 87    2.6573 (0.6159)    3.4855 (0.5242)    6.1428 (0.7691)    0.2084 (0.0815)    3.6574 (0.4833)    3.8658 (0.5200)
 88    2.6074 (0.6210)    3.2950 (0.5079)    5.9024 (0.7685)    0.1792 (0.0728)    3.3755 (0.4643)    3.5547 (0.4983)
 89    2.5604 (0.6260)    3.1221 (0.4924)    5.6825 (0.7687)    0.1535 (0.0648)    3.1173 (0.4441)    3.2708 (0.4755)
 90    2.5160 (0.6307)    2.9658 (0.4779)    5.4818 (0.7696)    0.1311 (0.0575)    2.8819 (0.4229)    3.0130 (0.4516)
