
# model  
#****** Result for:******
# FRMchr.txt
#IMaCh version 0.99r45, April 2023,INED-EUROREVES-Institut de longevite-Japan Society for the Promotion of Science (Grant-in-Aid for Scientific Research 25293121), Intel Software 2015-2020, Nihon University 2021-202, INED 2000-2022
#$Revision: 1.353 $ $Date: 2023/05/08 18:48:22 $
# Tue Feb 04 22:21:37 2025
# Total life expectancy with std error and decomposition into time to be expected in each health state
#  (weighted average of eij where weights are the age specific forward period (stable) prevalences in each health state 
# Age popbased mobilav e.. (std) e.1 (std) e.2 (std) 
   50 0 0  31.080 (  1.046)   7.154 (  0.722)  23.926 (  1.141)
   51 0 0  30.168 (  1.024)   6.806 (  0.685)  23.362 (  1.096)
   52 0 0  29.258 (  1.005)   6.469 (  0.652)  22.789 (  1.056)
   53 0 0  28.349 (  0.988)   6.142 (  0.623)  22.207 (  1.021)
   54 0 0  27.442 (  0.972)   5.825 (  0.597)  21.617 (  0.989)
   55 0 0  26.537 (  0.957)   5.518 (  0.575)  21.019 (  0.961)
   56 0 0  25.635 (  0.943)   5.221 (  0.556)  20.414 (  0.936)
   57 0 0  24.736 (  0.930)   4.934 (  0.539)  19.802 (  0.914)
   58 0 0  23.839 (  0.917)   4.656 (  0.525)  19.183 (  0.893)
   59 0 0  22.948 (  0.904)   4.388 (  0.512)  18.560 (  0.874)
   60 0 0  22.063 (  0.892)   4.131 (  0.501)  17.932 (  0.856)
   61 0 0  21.183 (  0.879)   3.883 (  0.491)  17.300 (  0.840)
   62 0 0  20.311 (  0.865)   3.645 (  0.481)  16.666 (  0.824)
   63 0 0  19.446 (  0.852)   3.416 (  0.472)  16.030 (  0.808)
   64 0 0  18.589 (  0.838)   3.196 (  0.463)  15.393 (  0.792)
   65 0 0  17.743 (  0.824)   2.987 (  0.454)  14.756 (  0.777)
   66 0 0  16.907 (  0.810)   2.786 (  0.445)  14.121 (  0.762)
   67 0 0  16.083 (  0.796)   2.595 (  0.436)  13.488 (  0.747)
   68 0 0  15.273 (  0.782)   2.413 (  0.426)  12.860 (  0.732)
   69 0 0  14.478 (  0.769)   2.240 (  0.416)  12.238 (  0.717)
   70 0 0  13.698 (  0.755)   2.076 (  0.406)  11.623 (  0.702)
   71 0 0  12.937 (  0.742)   1.920 (  0.395)  11.016 (  0.688)
   72 0 0  12.194 (  0.729)   1.774 (  0.384)  10.420 (  0.675)
   73 0 0  11.471 (  0.717)   1.636 (  0.372)   9.835 (  0.662)
   74 0 0  10.771 (  0.706)   1.506 (  0.361)   9.264 (  0.649)
   75 0 0  10.093 (  0.694)   1.385 (  0.349)   8.708 (  0.637)
   76 0 0   9.441 (  0.684)   1.272 (  0.338)   8.169 (  0.626)
   77 0 0   8.814 (  0.673)   1.167 (  0.326)   7.647 (  0.615)
   78 0 0   8.214 (  0.662)   1.070 (  0.315)   7.145 (  0.604)
   79 0 0   7.643 (  0.651)   0.980 (  0.304)   6.663 (  0.593)
   80 0 0   7.100 (  0.639)   0.897 (  0.293)   6.203 (  0.582)
   81 0 0   6.586 (  0.627)   0.821 (  0.283)   5.765 (  0.571)
   82 0 0   6.102 (  0.614)   0.752 (  0.274)   5.350 (  0.559)
   83 0 0   5.649 (  0.599)   0.690 (  0.265)   4.959 (  0.546)
   84 0 0   5.226 (  0.583)   0.634 (  0.257)   4.593 (  0.532)
   85 0 0   4.833 (  0.566)   0.583 (  0.251)   4.250 (  0.517)
   86 0 0   4.470 (  0.547)   0.538 (  0.246)   3.932 (  0.500)
   87 0 0   4.136 (  0.527)   0.499 (  0.242)   3.637 (  0.483)
   88 0 0   3.831 (  0.505)   0.465 (  0.240)   3.366 (  0.464)
   89 0 0   3.553 (  0.483)   0.435 (  0.240)   3.118 (  0.444)
   90 0 0   3.302 (  0.460)   0.410 (  0.242)   2.892 (  0.424)
