
#****** ******
# FRMchr.txt
#IMaCh version 0.99r45, April 2023,INED-EUROREVES-Institut de longevite-Japan Society for the Promotion of Science (Grant-in-Aid for Scientific Research 25293121), Intel Software 2015-2020, Nihon University 2021-202, INED 2000-2022
#$Revision: 1.353 $ $Date: 2023/05/08 18:48:22 $
# Tue Feb 04 22:21:37 2025
# Variance and covariance of health expectancies e.j 
#  (weighted average of eij where weights are the age specific period (stable) prevalences in each health state 
# Age Cov(e.1, e.1) Cov(e.1, e.2) Cov(e.2, e.1) Cov(e.2, e.2)
50  0.5218 -0.3649 -0.3649 1.3014
51  0.4694 -0.3111 -0.3111 1.2017
52  0.4252 -0.2656 -0.2656 1.1160
53  0.3880 -0.2275 -0.2275 1.0422
54  0.3568 -0.1957 -0.1957 0.9788
55  0.3308 -0.1694 -0.1694 0.9240
56  0.3091 -0.1479 -0.1479 0.8764
57  0.2909 -0.1303 -0.1303 0.8347
58  0.2755 -0.1159 -0.1159 0.7973
59  0.2624 -0.1042 -0.1042 0.7640
60  0.2509 -0.0948 -0.0948 0.7335
61  0.2407 -0.0869 -0.0869 0.7051
62  0.2314 -0.0804 -0.0804 0.6783
63  0.2227 -0.0747 -0.0747 0.6527
64  0.2144 -0.0697 -0.0697 0.6279
65  0.2062 -0.0651 -0.0651 0.6038
66  0.1980 -0.0608 -0.0608 0.5804
67  0.1898 -0.0565 -0.0565 0.5575
68  0.1814 -0.0523 -0.0523 0.5353
69  0.1730 -0.0480 -0.0480 0.5139
70  0.1644 -0.0438 -0.0438 0.4934
71  0.1558 -0.0395 -0.0395 0.4738
72  0.1472 -0.0352 -0.0352 0.4552
73  0.1386 -0.0310 -0.0310 0.4378
74  0.1302 -0.0268 -0.0268 0.4214
75  0.1219 -0.0229 -0.0229 0.4061
76  0.1139 -0.0192 -0.0192 0.3917
77  0.1063 -0.0158 -0.0158 0.3781
78  0.0990 -0.0128 -0.0128 0.3649
79  0.0922 -0.0102 -0.0102 0.3521
80  0.0858 -0.0081 -0.0081 0.3392
81  0.0800 -0.0064 -0.0064 0.3261
82  0.0748 -0.0053 -0.0053 0.3124
83  0.0702 -0.0047 -0.0047 0.2981
84  0.0662 -0.0045 -0.0045 0.2830
85  0.0629 -0.0049 -0.0049 0.2671
86  0.0603 -0.0058 -0.0058 0.2504
87  0.0585 -0.0070 -0.0070 0.2331
88  0.0575 -0.0087 -0.0087 0.2154
89  0.0574 -0.0108 -0.0108 0.1974
90  0.0586 -0.0131 -0.0131 0.1795
