
#****** ******
# FRMchr.txt
#IMaCh version 0.99r45, April 2023,INED-EUROREVES-Institut de longevite-Japan Society for the Promotion of Science (Grant-in-Aid for Scientific Research 25293121), Intel Software 2015-2020, Nihon University 2021-202, INED 2000-2022
#$Revision: 1.353 $ $Date: 2023/05/08 18:48:22 $
# Tue Feb 04 22:21:37 2025
# Standard deviation of period (forward stable) prevalences 
# Age  Result#  1-1 2-2
50 1  0.37260 (0.06063) 0.62750 (0.06062)
51 1  0.36231 (0.05725) 0.63780 (0.05724)
52 1  0.35211 (0.05392) 0.64802 (0.05391)
53 1  0.34200 (0.05064) 0.65814 (0.05063)
54 1  0.33199 (0.04744) 0.66815 (0.04743)
55 1  0.32211 (0.04433) 0.67805 (0.04432)
56 1  0.31235 (0.04132) 0.68781 (0.04131)
57 1  0.30273 (0.03844) 0.69744 (0.03842)
58 1  0.29321 (0.03570) 0.70687 (0.03570)
59 1  0.28390 (0.03312) 0.71618 (0.03311)
60 1  0.27475 (0.03072) 0.72533 (0.03071)
61 1  0.26578 (0.02852) 0.73431 (0.02852)
62 1  0.25699 (0.02655) 0.74310 (0.02655)
63 1  0.24840 (0.02483) 0.75169 (0.02482)
64 1  0.24001 (0.02337) 0.76008 (0.02337)
65 1  0.23183 (0.02220) 0.76827 (0.02219)
66 1  0.22387 (0.02131) 0.77623 (0.02131)
67 1  0.21612 (0.02072) 0.78398 (0.02071)
68 1  0.20861 (0.02039) 0.79150 (0.02039)
69 1  0.20133 (0.02032) 0.79878 (0.02031)
70 1  0.19429 (0.02046) 0.80581 (0.02045)
71 1  0.18750 (0.02078) 0.81261 (0.02077)
72 1  0.18096 (0.02125) 0.81914 (0.02123)
73 1  0.17465 (0.02182) 0.82540 (0.02181)
74 1  0.16863 (0.02248) 0.83142 (0.02247)
75 1  0.16289 (0.02320) 0.83716 (0.02319)
76 1  0.15742 (0.02397) 0.84263 (0.02396)
77 1  0.15224 (0.02477) 0.84781 (0.02476)
78 1  0.14735 (0.02560) 0.85270 (0.02558)
79 1  0.14276 (0.02645) 0.85729 (0.02643)
80 1  0.13848 (0.02733) 0.86157 (0.02731)
81 1  0.13453 (0.02825) 0.86552 (0.02823)
82 1  0.13091 (0.02922) 0.86914 (0.02919)
83 1  0.12765 (0.03026) 0.87240 (0.03023)
84 1  0.12476 (0.03138) 0.87529 (0.03135)
85 1  0.12227 (0.03263) 0.87778 (0.03259)
86 1  0.12021 (0.03404) 0.87985 (0.03399)
87 1  0.11862 (0.03565) 0.88145 (0.03560)
88 1  0.11753 (0.03752) 0.88254 (0.03746)
89 1  0.11697 (0.03971) 0.88307 (0.03967)
90 1  0.11706 (0.04234) 0.88297 (0.04230)
