# HRMgali.txt
#IMaCh version 0.99r45, April 2023,INED-EUROREVES-Institut de longevite-Japan Society for the Promotion of Science (Grant-in-Aid for Scientific Research 25293121), Intel Software 2015-2020, Nihon University 2021-202, INED 2000-2022
#$Revision: 1.353 $ $Date: 2023/05/08 18:48:22 $
# Tue Feb 04 20:24:32 2025

#****** ******
# (a) Life expectancies by health status at initial age and (b) health expectancies by health status at initial age
# Age e11  e12  e1.  e21  e22  e2. 
 50  21.1348   3.7936  24.9284  18.0024   5.3831  23.3855
 51  20.3459   3.7182  24.0641  17.1847   5.2910  22.4757
 52  19.5693   3.6410  23.2103  16.3817   5.1961  21.5778
 53  18.8054   3.5621  22.3675  15.5941   5.0985  20.6926
 54  18.0547   3.4815  21.5363  14.8227   4.9982  19.8210
 55  17.3178   3.3995  20.7173  14.0684   4.8955  18.9639
 56  16.5952   3.3159  19.9112  13.3318   4.7904  18.1222
 57  15.8874   3.2311  19.1185  12.6138   4.6831  17.2969
 58  15.1948   3.1450  18.3398  11.9150   4.5737  16.4887
 59  14.5179   3.0578  17.5758  11.2361   4.4625  15.6986
 60  13.8573   2.9697  16.8270  10.5777   4.3496  14.9273
 61  13.2132   2.8807  16.0939   9.9404   4.2353  14.1758
 62  12.5861   2.7910  15.3772   9.3249   4.1198  13.4446
 63  11.9764   2.7008  14.6772   8.7314   4.0033  12.7347
 64  11.3844   2.6103  13.9946   8.1605   3.8860  12.0465
 65  10.8103   2.5195  13.3298   7.6125   3.7683  11.3807
 66  10.2543   2.4288  12.6831   7.0876   3.6503  10.7379
 67   9.7168   2.3382  12.0550   6.5860   3.5324  10.1184
 68   9.1978   2.2479  11.4457   6.1077   3.4148   9.5225
 69   8.6974   2.1582  10.8556   5.6529   3.2978   8.9507
 70   8.2157   2.0691  10.2848   5.2214   3.1816   8.4030
 71   7.7527   1.9809   9.7336   4.8130   3.0665   7.8795
 72   7.3082   1.8938   9.2021   4.4274   2.9527   7.3802
 73   6.8823   1.8079   8.6903   4.0644   2.8405   6.9050
 74   6.4748   1.7234   8.1982   3.7235   2.7302   6.4537
 75   6.0854   1.6405   7.7259   3.4042   2.6218   6.0260
 76   5.7139   1.5592   7.2732   3.1059   2.5156   5.6215
 77   5.3601   1.4798   6.8399   2.8280   2.4118   5.2399
 78   5.0235   1.4024   6.4259   2.5698   2.3106   4.8804
 79   4.7039   1.3270   6.0309   2.3306   2.2120   4.5426
 80   4.4008   1.2539   5.6547   2.1094   2.1163   4.2258
 81   4.1138   1.1830   5.2968   1.9057   2.0235   3.9292
 82   3.8424   1.1145   4.9569   1.7183   1.9337   3.6521
 83   3.5862   1.0485   4.6346   1.5466   1.8470   3.3936
 84   3.3446   0.9849   4.3295   1.3896   1.7634   3.1530
 85   3.1172   0.9239   4.0411   1.2465   1.6829   2.9294
 86   2.9033   0.8655   3.7688   1.1163   1.6056   2.7219
 87   2.7026   0.8096   3.5122   0.9981   1.5315   2.5296
 88   2.5144   0.7564   3.2708   0.8913   1.4605   2.3517
 89   2.3382   0.7057   3.0439   0.7948   1.3925   2.1873
 90   2.1735   0.6576   2.8311   0.7078   1.3277   2.0355
