# HRMgali.txt
#IMaCh version 0.99r45, April 2023,INED-EUROREVES-Institut de longevite-Japan Society for the Promotion of Science (Grant-in-Aid for Scientific Research 25293121), Intel Software 2015-2020, Nihon University 2021-202, INED 2000-2022
#$Revision: 1.353 $ $Date: 2023/05/08 18:48:22 $
# Tue Feb 04 20:24:32 2025
# probabilities of dying before estepm=6 months for people of exact age and weighted probabilities w1*p1j+w2*p2j+... stand dev in()
# Selected quantitative variables and dummies
# Age cov=1 p.3 SE w1 p13 w2 p23
 50 1   2.506e-003  9.101e-004  9.106e-001  1.235e-003   8.940e-002  1.546e-002 
 51 1   2.807e-003  9.742e-004  9.069e-001  1.387e-003   9.315e-002  1.663e-002 
 52 1   3.142e-003  1.052e-003  9.031e-001  1.557e-003   9.700e-002  1.789e-002 
 53 1   3.515e-003  1.128e-003  8.991e-001  1.748e-003   1.010e-001  1.925e-002 
 54 1   3.932e-003  1.208e-003  8.950e-001  1.962e-003   1.051e-001  2.071e-002 
 55 1   4.396e-003  1.291e-003  8.908e-001  2.203e-003   1.093e-001  2.227e-002 
 56 1   4.913e-003  1.377e-003  8.864e-001  2.472e-003   1.136e-001  2.395e-002 
 57 1   5.488e-003  1.467e-003  8.820e-001  2.775e-003   1.181e-001  2.575e-002 
 58 1   6.128e-003  1.559e-003  8.774e-001  3.114e-003   1.227e-001  2.768e-002 
 59 1   6.839e-003  1.654e-003  8.727e-001  3.495e-003   1.274e-001  2.975e-002 
 60 1   7.631e-003  1.743e-003  8.679e-001  3.921e-003   1.322e-001  3.198e-002 
 61 1   8.508e-003  1.854e-003  8.629e-001  4.399e-003   1.371e-001  3.436e-002 
 62 1   9.482e-003  1.957e-003  8.579e-001  4.935e-003   1.422e-001  3.691e-002 
 63 1   1.056e-002  2.065e-003  8.527e-001  5.535e-003   1.474e-001  3.965e-002 
 64 1   1.176e-002  2.175e-003  8.474e-001  6.207e-003   1.526e-001  4.257e-002 
 65 1   1.308e-002  2.291e-003  8.421e-001  6.960e-003   1.580e-001  4.570e-002 
 66 1   1.455e-002  2.413e-003  8.366e-001  7.803e-003   1.635e-001  4.905e-002 
 67 1   1.617e-002  2.543e-003  8.310e-001  8.747e-003   1.691e-001  5.264e-002 
 68 1   1.796e-002  2.685e-003  8.254e-001  9.803e-003   1.747e-001  5.646e-002 
 69 1   1.993e-002  2.841e-003  8.196e-001  1.098e-002   1.805e-001  6.055e-002 
 70 1   2.211e-002  3.018e-003  8.137e-001  1.230e-002   1.864e-001  6.491e-002 
 71 1   2.451e-002  3.221e-003  8.078e-001  1.378e-002   1.923e-001  6.957e-002 
 72 1   2.715e-002  3.459e-003  8.018e-001  1.543e-002   1.983e-001  7.452e-002 
 73 1   3.005e-002  3.740e-003  7.957e-001  1.727e-002   2.044e-001  7.980e-002 
 74 1   3.324e-002  4.075e-003  7.896e-001  1.932e-002   2.106e-001  8.542e-002 
 75 1   3.675e-002  4.477e-003  7.833e-001  2.162e-002   2.168e-001  9.140e-002 
 76 1   4.059e-002  4.988e-003  7.770e-001  2.417e-002   2.231e-001  9.775e-002 
 77 1   4.479e-002  5.528e-003  7.707e-001  2.701e-002   2.295e-001  1.045e-001 
 78 1   4.939e-002  6.205e-003  7.642e-001  3.018e-002   2.359e-001  1.116e-001 
 79 1   5.443e-002  7.004e-003  7.577e-001  3.370e-002   2.424e-001  1.192e-001 
 80 1   5.992e-002  7.938e-003  7.512e-001  3.761e-002   2.490e-001  1.272e-001 
 81 1   6.590e-002  9.025e-003  7.445e-001  4.195e-002   2.556e-001  1.356e-001 
 82 1   7.243e-002  1.028e-002  7.378e-001  4.676e-002   2.624e-001  1.446e-001 
 83 1   7.951e-002  1.173e-002  7.310e-001  5.208e-002   2.692e-001  1.540e-001 
 84 1   8.721e-002  1.338e-002  7.241e-001  5.797e-002   2.761e-001  1.639e-001 
 85 1   9.556e-002  1.525e-002  7.170e-001  6.447e-002   2.831e-001  1.743e-001 
 86 1   1.046e-001  1.738e-002  7.099e-001  7.163e-002   2.902e-001  1.852e-001 
 87 1   1.144e-001  1.977e-002  7.026e-001  7.950e-002   2.975e-001  1.966e-001 
 88 1   1.249e-001  2.244e-002  6.952e-001  8.815e-002   3.049e-001  2.086e-001 
 89 1   1.362e-001  2.541e-002  6.876e-001  9.762e-002   3.125e-001  2.211e-001 
 90 1   1.484e-001  2.870e-002  6.799e-001  1.080e-001   3.203e-001  2.341e-001 
