# HRMgali.txt
#IMaCh version 0.99r45, April 2023,INED-EUROREVES-Institut de longevite-Japan Society for the Promotion of Science (Grant-in-Aid for Scientific Research 25293121), Intel Software 2015-2020, Nihon University 2021-202, INED 2000-2022
#$Revision: 1.353 $ $Date: 2023/05/08 18:48:22 $
# Tue Feb 04 20:24:32 2025
#One-step probabilities and correlation matrix
# Age p1-1  p1-2  p1-3  p2-1  p2-2  p2-3 
50  9.758e-001  2.301e-002  1.235e-003  2.009e-001  7.836e-001  1.546e-002 
50 1-1  1.000e+000
50 1-2 -9.923e-001  1.000e+000
50 1-3 -2.735e-002 -9.676e-002  1.000e+000
50 2-1 -2.772e-001  2.737e-001  1.812e-002  1.000e+000
50 2-2  2.849e-001 -2.858e-001  1.722e-002 -9.863e-001  1.000e+000
50 2-3 -5.728e-002  8.348e-002 -2.132e-001 -4.475e-002 -1.207e-001  1.000e+000
51  9.746e-001  2.398e-002  1.387e-003  1.993e-001  7.841e-001  1.663e-002 
51 1-1  1.000e+000
51 1-2 -9.908e-001  1.000e+000
51 1-3 -3.967e-002 -9.559e-002  1.000e+000
51 2-1 -2.760e-001  2.725e-001  1.803e-002  1.000e+000
51 2-2  2.832e-001 -2.849e-001  2.015e-002 -9.837e-001  1.000e+000
51 2-3 -5.252e-002  8.084e-002 -2.110e-001 -4.606e-002 -1.345e-001  1.000e+000
52  9.735e-001  2.498e-002  1.557e-003  1.976e-001  7.845e-001  1.789e-002 
52 1-1  1.000e+000
52 1-2 -9.891e-001  1.000e+000
52 1-3 -5.306e-002 -9.439e-002  1.000e+000
52 2-1 -2.747e-001  2.712e-001  1.794e-002  1.000e+000
52 2-2  2.812e-001 -2.838e-001  2.327e-002 -9.805e-001  1.000e+000
52 2-3 -4.742e-002  7.802e-002 -2.087e-001 -4.761e-002 -1.494e-001  1.000e+000
53  9.722e-001  2.602e-002  1.748e-003  1.960e-001  7.848e-001  1.925e-002 
53 1-1  1.000e+000
53 1-2 -9.871e-001  1.000e+000
53 1-3 -6.759e-002 -9.316e-002  1.000e+000
53 2-1 -2.733e-001  2.699e-001  1.787e-002  1.000e+000
53 2-2  2.788e-001 -2.825e-001  2.657e-002 -9.768e-001  1.000e+000
53 2-3 -4.197e-002  7.502e-002 -2.063e-001 -4.942e-002 -1.655e-001  1.000e+000
54  9.709e-001  2.710e-002  1.962e-003  1.943e-001  7.850e-001  2.071e-002 
54 1-1  1.000e+000
54 1-2 -9.846e-001  1.000e+000
54 1-3 -8.332e-002 -9.191e-002  1.000e+000
54 2-1 -2.718e-001  2.685e-001  1.782e-002  1.000e+000
54 2-2  2.760e-001 -2.811e-001  3.006e-002 -9.724e-001  1.000e+000
54 2-3 -3.617e-002  7.184e-002 -2.038e-001 -5.152e-002 -1.829e-001  1.000e+000
55  9.696e-001  2.822e-002  2.203e-003  1.926e-001  7.851e-001  2.227e-002 
55 1-1  1.000e+000
55 1-2 -9.818e-001  1.000e+000
55 1-3 -1.003e-001 -9.068e-002  1.000e+000
55 2-1 -2.703e-001  2.671e-001  1.778e-002  1.000e+000
55 2-2  2.728e-001 -2.795e-001  3.372e-002 -9.672e-001  1.000e+000
55 2-3 -3.003e-002  6.850e-002 -2.012e-001 -5.392e-002 -2.015e-001  1.000e+000
56  9.681e-001  2.939e-002  2.472e-003  1.910e-001  7.851e-001  2.395e-002 
56 1-1  1.000e+000
56 1-2 -9.784e-001  1.000e+000
56 1-3 -1.185e-001 -8.948e-002  1.000e+000
56 2-1 -2.687e-001  2.658e-001  1.777e-002  1.000e+000
56 2-2  2.690e-001 -2.776e-001  3.753e-002 -9.611e-001  1.000e+000
56 2-3 -2.358e-002  6.501e-002 -1.985e-001 -5.664e-002 -2.213e-001  1.000e+000
57  9.666e-001  3.061e-002  2.775e-003  1.893e-001  7.850e-001  2.575e-002 
57 1-1  1.000e+000
57 1-2 -9.744e-001  1.000e+000
57 1-3 -1.380e-001 -8.837e-002  1.000e+000
57 2-1 -2.671e-001  2.646e-001  1.780e-002  1.000e+000
57 2-2  2.647e-001 -2.756e-001  4.146e-002 -9.540e-001  1.000e+000
57 2-3 -1.688e-002  6.142e-002 -1.957e-001 -5.969e-002 -2.423e-001  1.000e+000
58  9.650e-001  3.187e-002  3.114e-003  1.876e-001  7.848e-001  2.768e-002 
58 1-1  1.000e+000
58 1-2 -9.697e-001  1.000e+000
58 1-3 -1.586e-001 -8.740e-002  1.000e+000
58 2-1 -2.656e-001  2.635e-001  1.787e-002  1.000e+000
58 2-2  2.599e-001 -2.735e-001  4.546e-002 -9.458e-001  1.000e+000
58 2-3 -1.000e-002  5.781e-002 -1.928e-001 -6.309e-002 -2.643e-001  1.000e+000
59  9.633e-001  3.318e-002  3.495e-003  1.858e-001  7.844e-001  2.975e-002 
59 1-1  1.000e+000
59 1-2 -9.643e-001  1.000e+000
59 1-3 -1.802e-001 -8.664e-002  1.000e+000
59 2-1 -2.642e-001  2.627e-001  1.799e-002  1.000e+000
59 2-2  2.547e-001 -2.713e-001  4.944e-002 -9.366e-001  1.000e+000
59 2-3 -3.097e-003  5.428e-002 -1.900e-001 -6.681e-002 -2.870e-001  1.000e+000
60  9.615e-001  3.454e-002  3.921e-003  1.841e-001  7.839e-001  3.198e-002 
60 1-1  1.000e+000
60 1-2 -9.582e-001  1.000e+000
60 1-3 -2.024e-001 -8.622e-002  1.000e+000
60 2-1 -2.631e-001  2.623e-001  1.819e-002  1.000e+000
60 2-2  2.494e-001 -2.693e-001  5.333e-002 -9.264e-001  1.000e+000
60 2-3  3.656e-003  5.098e-002 -1.872e-001 -7.081e-002 -3.100e-001  1.000e+000
61  9.596e-001  3.596e-002  4.399e-003  1.823e-001  7.833e-001  3.436e-002 
61 1-1  1.000e+000
61 1-2 -9.514e-001  1.000e+000
61 1-3 -2.248e-001 -8.626e-002  1.000e+000
61 2-1 -2.624e-001  2.624e-001  1.849e-002  1.000e+000
61 2-2  2.441e-001 -2.676e-001  5.702e-002 -9.154e-001  1.000e+000
61 2-3  9.998e-003  4.813e-002 -1.846e-001 -7.503e-002 -3.327e-001  1.000e+000
62  9.576e-001  3.742e-002  4.935e-003  1.806e-001  7.825e-001  3.691e-002 
62 1-1  1.000e+000
62 1-2 -9.440e-001  1.000e+000
62 1-3 -2.467e-001 -8.695e-002  1.000e+000
62 2-1 -2.623e-001  2.632e-001  1.891e-002  1.000e+000
62 2-2  2.394e-001 -2.666e-001  6.039e-002 -9.041e-001  1.000e+000
62 2-3  1.560e-002  4.602e-002 -1.822e-001 -7.937e-002 -3.543e-001  1.000e+000
63  9.555e-001  3.894e-002  5.535e-003  1.788e-001  7.816e-001  3.965e-002 
63 1-1  1.000e+000
63 1-2 -9.362e-001  1.000e+000
63 1-3 -2.673e-001 -8.851e-002  1.000e+000
63 2-1 -2.630e-001  2.648e-001  1.950e-002  1.000e+000
63 2-2  2.357e-001 -2.667e-001  6.333e-002 -8.928e-001  1.000e+000
63 2-3  2.006e-002  4.504e-002 -1.803e-001 -8.367e-002 -3.741e-001  1.000e+000
64  9.533e-001  4.052e-002  6.207e-003  1.770e-001  7.805e-001  4.257e-002 
64 1-1  1.000e+000
64 1-2 -9.283e-001  1.000e+000
64 1-3 -2.857e-001 -9.120e-002  1.000e+000
64 2-1 -2.647e-001  2.672e-001  2.031e-002  1.000e+000
64 2-2  2.337e-001 -2.684e-001  6.578e-002 -8.824e-001  1.000e+000
64 2-3  2.295e-002  4.561e-002 -1.790e-001 -8.779e-002 -3.912e-001  1.000e+000
65  9.509e-001  4.216e-002  6.960e-003  1.751e-001  7.792e-001  4.570e-002 
65 1-1  1.000e+000
65 1-2 -9.207e-001  1.000e+000
65 1-3 -3.007e-001 -9.529e-002  1.000e+000
65 2-1 -2.675e-001  2.705e-001  2.137e-002  1.000e+000
65 2-2  2.340e-001 -2.719e-001  6.773e-002 -8.734e-001  1.000e+000
65 2-3  2.383e-002  4.822e-002 -1.786e-001 -9.156e-002 -4.049e-001  1.000e+000
66  9.483e-001  4.385e-002  7.803e-003  1.733e-001  7.777e-001  4.905e-002 
66 1-1  1.000e+000
66 1-2 -9.139e-001  1.000e+000
66 1-3 -3.116e-001 -1.011e-001  1.000e+000
66 2-1 -2.714e-001  2.744e-001  2.276e-002  1.000e+000
66 2-2  2.368e-001 -2.776e-001  6.929e-002 -8.663e-001  1.000e+000
66 2-3  2.235e-002  5.333e-002 -1.796e-001 -9.489e-002 -4.150e-001  1.000e+000
67  9.456e-001  4.561e-002  8.747e-003  1.714e-001  7.760e-001  5.264e-002 
67 1-1  1.000e+000
67 1-2 -9.081e-001  1.000e+000
67 1-3 -3.175e-001 -1.088e-001  1.000e+000
67 2-1 -2.762e-001  2.788e-001  2.453e-002  1.000e+000
67 2-2  2.424e-001 -2.853e-001  7.067e-002 -8.613e-001  1.000e+000
67 2-3  1.832e-002  6.127e-002 -1.822e-001 -9.774e-002 -4.215e-001  1.000e+000
68  9.428e-001  4.742e-002  9.803e-003  1.694e-001  7.741e-001  5.646e-002 
68 1-1  1.000e+000
68 1-2 -9.036e-001  1.000e+000
68 1-3 -3.183e-001 -1.186e-001  1.000e+000
68 2-1 -2.818e-001  2.831e-001  2.674e-002  1.000e+000
68 2-2  2.503e-001 -2.948e-001  7.219e-002 -8.581e-001  1.000e+000
68 2-3  1.179e-002  7.218e-002 -1.870e-001 -1.002e-001 -4.250e-001  1.000e+000
69  9.397e-001  4.930e-002  1.098e-002  1.675e-001  7.719e-001  6.055e-002 
69 1-1  1.000e+000
69 1-2 -9.002e-001  1.000e+000
69 1-3 -3.142e-001 -1.306e-001  1.000e+000
69 2-1 -2.878e-001  2.870e-001  2.943e-002  1.000e+000
69 2-2  2.600e-001 -3.056e-001  7.426e-002 -8.561e-001  1.000e+000
69 2-3  3.118e-003  8.591e-002 -1.944e-001 -1.024e-001 -4.265e-001  1.000e+000
70  9.365e-001  5.124e-002  1.230e-002  1.655e-001  7.696e-001  6.491e-002 
70 1-1  1.000e+000
70 1-2 -8.978e-001  1.000e+000
70 1-3 -3.059e-001 -1.446e-001  1.000e+000
70 2-1 -2.938e-001  2.903e-001  3.261e-002  1.000e+000
70 2-2  2.708e-001 -3.172e-001  7.731e-002 -8.545e-001  1.000e+000
70 2-3 -7.043e-003  1.020e-001 -2.048e-001 -1.045e-001 -4.274e-001  1.000e+000
71  9.330e-001  5.324e-002  1.378e-002  1.635e-001  7.669e-001  6.957e-002 
71 1-1  1.000e+000
71 1-2 -8.959e-001  1.000e+000
71 1-3 -2.948e-001 -1.604e-001  1.000e+000
71 2-1 -2.997e-001  2.927e-001  3.627e-002  1.000e+000
71 2-2  2.816e-001 -3.289e-001  8.176e-002 -8.525e-001  1.000e+000
71 2-3 -1.778e-002  1.198e-001 -2.182e-001 -1.067e-001 -4.289e-001  1.000e+000
72  9.293e-001  5.531e-002  1.543e-002  1.615e-001  7.640e-001  7.452e-002 
72 1-1  1.000e+000
72 1-2 -8.939e-001  1.000e+000
72 1-3 -2.824e-001 -1.776e-001  1.000e+000
72 2-1 -3.050e-001  2.941e-001  4.037e-002  1.000e+000
72 2-2  2.916e-001 -3.402e-001  8.794e-002 -8.491e-001  1.000e+000
72 2-3 -2.803e-002  1.383e-001 -2.344e-001 -1.092e-001 -4.323e-001  1.000e+000
73  9.253e-001  5.744e-002  1.727e-002  1.594e-001  7.608e-001  7.980e-002 
73 1-1  1.000e+000
73 1-2 -8.912e-001  1.000e+000
73 1-3 -2.705e-001 -1.955e-001  1.000e+000
73 2-1 -3.098e-001  2.945e-001  4.479e-002  1.000e+000
73 2-2  3.000e-001 -3.509e-001  9.604e-002 -8.438e-001  1.000e+000
73 2-3 -3.673e-002  1.566e-001 -2.529e-001 -1.121e-001 -4.386e-001  1.000e+000
74  9.210e-001  5.963e-002  1.932e-002  1.573e-001  7.573e-001  8.542e-002 
74 1-1  1.000e+000
74 1-2 -8.872e-001  1.000e+000
74 1-3 -2.611e-001 -2.136e-001  1.000e+000
74 2-1 -3.140e-001  2.941e-001  4.944e-002  1.000e+000
74 2-2  3.062e-001 -3.606e-001  1.061e-001 -8.360e-001  1.000e+000
74 2-3 -4.298e-002  1.738e-001 -2.726e-001 -1.155e-001 -4.485e-001  1.000e+000
75  9.165e-001  6.189e-002  2.162e-002  1.551e-001  7.535e-001  9.140e-002 
75 1-1  1.000e+000
75 1-2 -8.814e-001  1.000e+000
75 1-3 -2.558e-001 -2.312e-001  1.000e+000
75 2-1 -3.174e-001  2.930e-001  5.416e-002  1.000e+000
75 2-2  3.097e-001 -3.693e-001  1.180e-001 -8.251e-001  1.000e+000
75 2-3 -4.612e-002  1.892e-001 -2.923e-001 -1.195e-001 -4.623e-001  1.000e+000
76  9.116e-001  6.420e-002  2.417e-002  1.529e-001  7.494e-001  9.775e-002 
76 1-1  1.000e+000
76 1-2 -8.732e-001  1.000e+000
76 1-3 -2.558e-001 -2.477e-001  1.000e+000
76 2-1 -3.201e-001  2.911e-001  5.884e-002  1.000e+000
76 2-2  3.100e-001 -3.769e-001  1.313e-001 -8.110e-001  1.000e+000
76 2-3 -4.580e-002  2.026e-001 -3.109e-001 -1.241e-001 -4.799e-001  1.000e+000
77  9.064e-001  6.658e-002  2.701e-002  1.507e-001  7.449e-001  1.045e-001 
77 1-1  1.000e+000
77 1-2 -8.623e-001  1.000e+000
77 1-3 -2.621e-001 -2.628e-001  1.000e+000
77 2-1 -3.221e-001  2.888e-001  6.338e-002  1.000e+000
77 2-2  3.069e-001 -3.833e-001  1.457e-001 -7.934e-001  1.000e+000
77 2-3 -4.200e-002  2.139e-001 -3.275e-001 -1.294e-001 -5.010e-001  1.000e+000
78  9.008e-001  6.901e-002  3.018e-002  1.484e-001  7.400e-001  1.116e-001 
78 1-1  1.000e+000
78 1-2 -8.481e-001  1.000e+000
78 1-3 -2.749e-001 -2.763e-001  1.000e+000
78 2-1 -3.233e-001  2.859e-001  6.772e-002  1.000e+000
78 2-2  3.001e-001 -3.886e-001  1.608e-001 -7.722e-001  1.000e+000
78 2-3 -3.488e-002  2.230e-001 -3.415e-001 -1.354e-001 -5.250e-001  1.000e+000
79  8.948e-001  7.150e-002  3.370e-002  1.460e-001  7.348e-001  1.192e-001 
79 1-1  1.000e+000
79 1-2 -8.303e-001  1.000e+000
79 1-3 -2.941e-001 -2.885e-001  1.000e+000
79 2-1 -3.239e-001  2.826e-001  7.185e-002  1.000e+000
79 2-2  2.896e-001 -3.928e-001  1.761e-001 -7.474e-001  1.000e+000
79 2-3 -2.477e-002  2.304e-001 -3.526e-001 -1.421e-001 -5.514e-001  1.000e+000
80  8.884e-001  7.403e-002  3.761e-002  1.436e-001  7.292e-001  1.272e-001 
80 1-1  1.000e+000
80 1-2 -8.086e-001  1.000e+000
80 1-3 -3.192e-001 -2.994e-001  1.000e+000
80 2-1 -3.237e-001  2.788e-001  7.578e-002  1.000e+000
80 2-2  2.753e-001 -3.959e-001  1.913e-001 -7.191e-001  1.000e+000
80 2-3 -1.209e-002  2.363e-001 -3.611e-001 -1.495e-001 -5.796e-001  1.000e+000
81  8.814e-001  7.661e-002  4.195e-002  1.412e-001  7.231e-001  1.356e-001 
81 1-1  1.000e+000
81 1-2 -7.828e-001  1.000e+000
81 1-3 -3.495e-001 -3.095e-001  1.000e+000
81 2-1 -3.227e-001  2.747e-001  7.955e-002  1.000e+000
81 2-2  2.573e-001 -3.980e-001  2.061e-001 -6.875e-001  1.000e+000
81 2-3  2.729e-003  2.411e-001 -3.671e-001 -1.577e-001 -6.087e-001  1.000e+000
82  8.740e-001  7.923e-002  4.676e-002  1.387e-001  7.167e-001  1.446e-001 
82 1-1  1.000e+000
82 1-2 -7.526e-001  1.000e+000
82 1-3 -3.840e-001 -3.190e-001  1.000e+000
82 2-1 -3.210e-001  2.702e-001  8.321e-002  1.000e+000
82 2-2  2.359e-001 -3.992e-001  2.202e-001 -6.528e-001  1.000e+000
82 2-3  1.923e-002  2.449e-001 -3.712e-001 -1.667e-001 -6.382e-001  1.000e+000
83  8.660e-001  8.188e-002  5.208e-002  1.362e-001  7.098e-001  1.540e-001 
83 1-1  1.000e+000
83 1-2 -7.181e-001  1.000e+000
83 1-3 -4.216e-001 -3.283e-001  1.000e+000
83 2-1 -3.186e-001  2.653e-001  8.682e-002  1.000e+000
83 2-2  2.114e-001 -3.994e-001  2.335e-001 -6.153e-001  1.000e+000
83 2-3  3.698e-002  2.482e-001 -3.736e-001 -1.763e-001 -6.675e-001  1.000e+000
84  8.575e-001  8.455e-002  5.797e-002  1.336e-001  7.025e-001  1.639e-001 
84 1-1  1.000e+000
84 1-2 -6.792e-001  1.000e+000
84 1-3 -4.614e-001 -3.377e-001  1.000e+000
84 2-1 -3.155e-001  2.599e-001  9.041e-002  1.000e+000
84 2-2  1.843e-001 -3.990e-001  2.459e-001 -5.754e-001  1.000e+000
84 2-3  5.555e-002  2.511e-001 -3.747e-001 -1.867e-001 -6.961e-001  1.000e+000
85  8.483e-001  8.724e-002  6.447e-002  1.310e-001  6.948e-001  1.743e-001 
85 1-1  1.000e+000
85 1-2 -6.362e-001  1.000e+000
85 1-3 -5.023e-001 -3.475e-001  1.000e+000
85 2-1 -3.117e-001  2.542e-001  9.402e-002  1.000e+000
85 2-2  1.552e-001 -3.979e-001  2.573e-001 -5.334e-001  1.000e+000
85 2-3  7.454e-002  2.537e-001 -3.749e-001 -1.978e-001 -7.236e-001  1.000e+000
86  8.384e-001  8.994e-002  7.163e-002  1.283e-001  6.865e-001  1.852e-001 
86 1-1  1.000e+000
86 1-2 -5.894e-001  1.000e+000
86 1-3 -5.434e-001 -3.579e-001  1.000e+000
86 2-1 -3.074e-001  2.479e-001  9.769e-002  1.000e+000
86 2-2  1.246e-001 -3.962e-001  2.677e-001 -4.899e-001  1.000e+000
86 2-3  9.359e-002  2.562e-001 -3.744e-001 -2.096e-001 -7.497e-001  1.000e+000
87  8.279e-001  9.262e-002  7.950e-002  1.256e-001  6.778e-001  1.966e-001 
87 1-1  1.000e+000
87 1-2 -5.392e-001  1.000e+000
87 1-3 -5.838e-001 -3.690e-001  1.000e+000
87 2-1 -3.026e-001  2.412e-001  1.014e-001  1.000e+000
87 2-2  9.326e-002 -3.942e-001  2.771e-001 -4.451e-001  1.000e+000
87 2-3  1.123e-001  2.588e-001 -3.734e-001 -2.221e-001 -7.742e-001  1.000e+000
88  8.166e-001  9.528e-002  8.815e-002  1.228e-001  6.687e-001  2.086e-001 
88 1-1  1.000e+000
88 1-2 -4.861e-001  1.000e+000
88 1-3 -6.228e-001 -3.810e-001  1.000e+000
88 2-1 -2.975e-001  2.340e-001  1.053e-001  1.000e+000
88 2-2  6.176e-002 -3.920e-001  2.856e-001 -3.996e-001  1.000e+000
88 2-3  1.305e-001  2.614e-001 -3.721e-001 -2.352e-001 -7.970e-001  1.000e+000
89  8.045e-001  9.790e-002  9.762e-002  1.199e-001  6.590e-001  2.211e-001 
89 1-1  1.000e+000
89 1-2 -4.306e-001  1.000e+000
89 1-3 -6.599e-001 -3.940e-001  1.000e+000
89 2-1 -2.922e-001  2.263e-001  1.092e-001  1.000e+000
89 2-2  3.068e-002 -3.896e-001  2.930e-001 -3.536e-001  1.000e+000
89 2-3  1.479e-001  2.642e-001 -3.706e-001 -2.489e-001 -8.180e-001  1.000e+000
90  7.916e-001  1.005e-001  1.080e-001  1.171e-001  6.489e-001  2.341e-001 
90 1-1  1.000e+000
90 1-2 -3.733e-001  1.000e+000
90 1-3 -6.946e-001 -4.081e-001  1.000e+000
90 2-1 -2.868e-001  2.179e-001  1.132e-001  1.000e+000
90 2-2  5.444e-004 -3.871e-001  2.996e-001 -3.075e-001  1.000e+000
90 2-3  1.643e-001  2.672e-001 -3.689e-001 -2.632e-001 -8.371e-001  1.000e+000