# HRMgali.txt
#IMaCh version 0.99r45, April 2023,INED-EUROREVES-Institut de longevite-Japan Society for the Promotion of Science (Grant-in-Aid for Scientific Research 25293121), Intel Software 2015-2020, Nihon University 2021-202, INED 2000-2022
#$Revision: 1.353 $ $Date: 2023/05/08 18:48:22 $
# Tue Feb 04 20:24:32 2025
#One-step probabilities and covariance matrix
# Age p1-1  p1-2  p1-3  p2-1  p2-2  p2-3 
50  9.758e-001  2.301e-002  1.235e-003  2.009e-001  7.836e-001  1.546e-002 
50 1-1  3.530e-005
50 1-2 -3.518e-005  3.560e-005
50 1-3 -1.202e-007 -4.271e-007  5.473e-007
50 2-1 -7.624e-005  7.562e-005  6.206e-007  2.143e-003
50 2-2  7.886e-005 -7.945e-005  5.937e-007 -2.127e-003  2.170e-003
50 2-3 -2.619e-006  3.834e-006 -1.214e-006 -1.595e-005 -4.330e-005  5.924e-005
51  9.746e-001  2.398e-002  1.387e-003  1.993e-001  7.841e-001  1.663e-002 
51 1-1  3.492e-005
51 1-2 -3.474e-005  3.519e-005
51 1-3 -1.879e-007 -4.545e-007  6.424e-007
51 2-1 -7.148e-005  7.085e-005  6.332e-007  1.921e-003
51 2-2  7.395e-005 -7.467e-005  7.137e-007 -1.905e-003  1.952e-003
51 2-3 -2.472e-006  3.818e-006 -1.347e-006 -1.608e-005 -4.733e-005  6.340e-005
52  9.735e-001  2.498e-002  1.557e-003  1.976e-001  7.845e-001  1.789e-002 
52 1-1  3.447e-005
52 1-2 -3.420e-005  3.468e-005
52 1-3 -2.702e-007 -4.821e-007  7.523e-007
52 2-1 -6.681e-005  6.616e-005  6.447e-007  1.716e-003
52 2-2  6.910e-005 -6.994e-005  8.446e-007 -1.700e-003  1.751e-003
52 2-3 -2.290e-006  3.779e-006 -1.489e-006 -1.623e-005 -5.145e-005  6.767e-005
53  9.722e-001  2.602e-002  1.748e-003  1.960e-001  7.848e-001  1.925e-002 
53 1-1  3.393e-005
53 1-2 -3.356e-005  3.407e-005
53 1-3 -3.691e-007 -5.097e-007  8.787e-007
53 2-1 -6.223e-005  6.158e-005  6.550e-007  1.528e-003
53 2-2  6.431e-005 -6.529e-005  9.862e-007 -1.512e-003  1.568e-003
53 2-3 -2.075e-006  3.716e-006 -1.641e-006 -1.640e-005 -5.562e-005  7.202e-005
54  9.709e-001  2.710e-002  1.962e-003  1.943e-001  7.850e-001  2.071e-002 
54 1-1  3.332e-005
54 1-2 -3.283e-005  3.337e-005
54 1-3 -4.866e-007 -5.372e-007  1.024e-006
54 2-1 -5.780e-005  5.714e-005  6.642e-007  1.357e-003
54 2-2  5.963e-005 -6.076e-005  1.138e-006 -1.341e-003  1.400e-003
54 2-3 -1.825e-006  3.627e-006 -1.802e-006 -1.659e-005 -5.982e-005  7.641e-005
55  9.696e-001  2.822e-002  2.203e-003  1.926e-001  7.851e-001  2.227e-002 
55 1-1  3.265e-005
55 1-2 -3.203e-005  3.259e-005
55 1-3 -6.252e-007 -5.647e-007  1.190e-006
55 2-1 -5.354e-005  5.287e-005  6.725e-007  1.202e-003
55 2-2  5.509e-005 -5.639e-005  1.300e-006 -1.185e-003  1.249e-003
55 2-3 -1.543e-006  3.515e-006 -1.973e-006 -1.680e-005 -6.401e-005  8.081e-005
56  9.681e-001  2.939e-002  2.472e-003  1.910e-001  7.851e-001  2.395e-002 
56 1-1  3.195e-005
56 1-2 -3.116e-005  3.175e-005
56 1-3 -7.868e-007 -5.921e-007  1.379e-006
56 2-1 -4.950e-005  4.882e-005  6.803e-007  1.062e-003
56 2-2  5.073e-005 -5.220e-005  1.471e-006 -1.045e-003  1.113e-003
56 2-3 -1.230e-006  3.381e-006 -2.151e-006 -1.704e-005 -6.816e-005  8.520e-005
57  9.666e-001  3.061e-002  2.775e-003  1.893e-001  7.850e-001  2.575e-002 
57 1-1  3.123e-005
57 1-2 -3.026e-005  3.088e-005
57 1-3 -9.737e-007 -6.199e-007  1.594e-006
57 2-1 -4.571e-005  4.502e-005  6.880e-007  9.377e-004
57 2-2  4.660e-005 -4.825e-005  1.649e-006 -9.204e-004  9.926e-004
57 2-3 -8.924e-007  3.230e-006 -2.337e-006 -1.729e-005 -7.223e-005  8.953e-005
58  9.650e-001  3.187e-002  3.114e-003  1.876e-001  7.848e-001  2.768e-002 
58 1-1  3.053e-005
58 1-2 -2.934e-005  2.999e-005
58 1-3 -1.188e-006 -6.486e-007  1.836e-006
58 2-1 -4.222e-005  4.152e-005  6.966e-007  8.276e-004
58 2-2  4.275e-005 -4.458e-005  1.834e-006 -8.101e-004  8.862e-004
58 2-3 -5.353e-007  3.066e-006 -2.530e-006 -1.757e-005 -7.619e-005  9.377e-005
59  9.633e-001  3.318e-002  3.495e-003  1.858e-001  7.844e-001  2.975e-002 
59 1-1  2.988e-005
59 1-2 -2.845e-005  2.913e-005
59 1-3 -1.431e-006 -6.792e-007  2.110e-006
59 2-1 -3.906e-005  3.836e-005  7.070e-007  7.317e-004
59 2-2  3.923e-005 -4.125e-005  2.024e-006 -7.138e-004  7.938e-004
59 2-3 -1.675e-007  2.898e-006 -2.731e-006 -1.788e-005 -8.001e-005  9.789e-005
60  9.615e-001  3.454e-002  3.921e-003  1.841e-001  7.839e-001  3.198e-002 
60 1-1  2.932e-005
60 1-2 -2.761e-005  2.833e-005
60 1-3 -1.704e-006 -7.135e-007  2.418e-006
60 2-1 -3.630e-005  3.558e-005  7.209e-007  6.494e-004
60 2-2  3.610e-005 -3.832e-005  2.217e-006 -6.312e-004  7.149e-004
60 2-3  1.998e-007  2.738e-006 -2.938e-006 -1.821e-005 -8.365e-005  1.019e-004
61  9.596e-001  3.596e-002  4.399e-003  1.823e-001  7.833e-001  3.436e-002 
61 1-1  2.890e-005
61 1-2 -2.689e-005  2.764e-005
61 1-3 -2.009e-006 -7.538e-007  2.762e-006
61 2-1 -3.398e-005  3.324e-005  7.402e-007  5.803e-004
61 2-2  3.342e-005 -3.584e-005  2.414e-006 -5.617e-004  6.488e-004
61 2-3  5.526e-007  2.602e-006 -3.154e-006 -1.858e-005 -8.712e-005  1.057e-004
62  9.576e-001  3.742e-002  4.935e-003  1.806e-001  7.825e-001  3.691e-002 
62 1-1  2.868e-005
62 1-2 -2.634e-005  2.714e-005
62 1-3 -2.344e-006 -8.037e-007  3.148e-006
62 2-1 -3.215e-005  3.138e-005  7.680e-007  5.237e-004
62 2-2  3.127e-005 -3.389e-005  2.614e-006 -5.047e-004  5.952e-004
62 2-3  8.738e-007  2.508e-006 -3.382e-006 -1.900e-005 -9.042e-005  1.094e-004
63  9.555e-001  3.894e-002  5.535e-003  1.788e-001  7.816e-001  3.965e-002 
63 1-1  2.873e-005
63 1-2 -2.602e-005  2.689e-005
63 1-3 -2.711e-006 -8.683e-007  3.579e-006
63 2-1 -3.086e-005  3.006e-005  8.078e-007  4.793e-004
63 2-2  2.972e-005 -3.254e-005  2.819e-006 -4.598e-004  5.534e-004
63 2-3  1.143e-006  2.483e-006 -3.626e-006 -1.948e-005 -9.357e-005  1.130e-004
64  9.533e-001  4.052e-002  6.207e-003  1.770e-001  7.805e-001  4.257e-002 
64 1-1  2.913e-005
64 1-2 -2.602e-005  2.697e-005
64 1-3 -3.107e-006 -9.546e-007  4.062e-006
64 2-1 -3.019e-005  2.932e-005  8.647e-007  4.465e-004
64 2-2  2.885e-005 -3.188e-005  3.032e-006 -4.265e-004  5.231e-004
64 2-3  1.338e-006  2.559e-006 -3.897e-006 -2.004e-005 -9.665e-005  1.167e-004
65  9.509e-001  4.216e-002  6.960e-003  1.751e-001  7.792e-001  4.570e-002 
65 1-1  2.996e-005
65 1-2 -2.643e-005  2.750e-005
65 1-3 -3.532e-006 -1.072e-006  4.604e-006
65 2-1 -3.018e-005  2.923e-005  9.451e-007  4.248e-004
65 2-2  2.874e-005 -3.201e-005  3.262e-006 -4.041e-004  5.038e-004
65 2-3  1.432e-006  2.776e-006 -4.207e-006 -2.071e-005 -9.976e-005  1.205e-004
66  9.483e-001  4.385e-002  7.803e-003  1.733e-001  7.777e-001  4.905e-002 
66 1-1  3.133e-005
66 1-2 -2.734e-005  2.858e-005
66 1-3 -3.983e-006 -1.234e-006  5.217e-006
66 2-1 -3.089e-005  2.983e-005  1.057e-006  4.136e-004
66 2-2  2.949e-005 -3.302e-005  3.522e-006 -3.920e-004  4.951e-004
66 2-3  1.397e-006  3.182e-006 -4.579e-006 -2.154e-005 -1.031e-004  1.246e-004
67  9.456e-001  4.561e-002  8.747e-003  1.714e-001  7.760e-001  5.264e-002 
67 1-1  3.335e-005
67 1-2 -2.889e-005  3.035e-005
67 1-3 -4.461e-006 -1.458e-006  5.919e-006
67 2-1 -3.239e-005  3.118e-005  1.212e-006  4.124e-004
67 2-2  3.119e-005 -3.502e-005  3.832e-006 -3.898e-004  4.966e-004
67 2-3  1.204e-006  3.840e-006 -5.044e-006 -2.258e-005 -1.069e-004  1.294e-004
68  9.428e-001  4.742e-002  9.803e-003  1.694e-001  7.741e-001  5.646e-002 
68 1-1  3.616e-005
68 1-2 -3.119e-005  3.296e-005
68 1-3 -4.967e-006 -1.767e-006  6.734e-006
68 2-1 -3.475e-005  3.333e-005  1.423e-006  4.206e-004
68 2-2  3.393e-005 -3.815e-005  4.223e-006 -3.967e-004  5.081e-004
68 2-3  8.250e-007  4.821e-006 -5.646e-006 -2.390e-005 -1.115e-004  1.354e-004
69  9.397e-001  4.930e-002  1.098e-002  1.675e-001  7.719e-001  6.055e-002 
69 1-1  3.992e-005
69 1-2 -3.441e-005  3.660e-005
69 1-3 -5.507e-006 -2.191e-006  7.699e-006
69 2-1 -3.804e-005  3.633e-005  1.708e-006  4.376e-004
69 2-2  3.780e-005 -4.254e-005  4.741e-006 -4.120e-004  5.294e-004
69 2-3  2.355e-007  6.213e-006 -6.449e-006 -2.560e-005 -1.173e-004  1.429e-004
70  9.365e-001  5.124e-002  1.230e-002  1.655e-001  7.696e-001  6.491e-002 
70 1-1  4.478e-005
70 1-2 -3.869e-005  4.146e-005
70 1-3 -6.096e-006 -2.772e-006  8.869e-006
70 2-1 -4.231e-005  4.022e-005  2.090e-006  4.630e-004
70 2-2  4.289e-005 -4.834e-005  5.449e-006 -4.352e-004  5.603e-004
70 2-3 -5.828e-007  8.122e-006 -7.539e-006 -2.779e-005 -1.251e-004  1.529e-004
71  9.330e-001  5.324e-002  1.378e-002  1.635e-001  7.669e-001  6.957e-002 
71 1-1  5.097e-005
71 1-2 -4.421e-005  4.777e-005
71 1-3 -6.761e-006 -3.562e-006  1.032e-005
71 2-1 -4.765e-005  4.505e-005  2.596e-006  4.961e-004
71 2-2  4.928e-005 -5.572e-005  6.440e-006 -4.654e-004  6.010e-004
71 2-3 -1.636e-006  1.067e-005 -9.035e-006 -3.063e-005 -1.355e-004  1.661e-004
72  9.293e-001  5.531e-002  1.543e-002  1.615e-001  7.640e-001  7.452e-002 
72 1-1  5.871e-005
72 1-2 -5.116e-005  5.579e-005
72 1-3 -7.551e-006 -4.629e-006  1.218e-005
72 2-1 -5.412e-005  5.086e-005  3.262e-006  5.362e-004
72 2-2  5.704e-005 -6.487e-005  7.834e-006 -5.019e-004  6.516e-004
72 2-3 -2.913e-006  1.401e-005 -1.110e-005 -3.429e-005 -1.497e-004  1.840e-004
73  9.253e-001  5.744e-002  1.727e-002  1.594e-001  7.608e-001  7.980e-002 
73 1-1  6.828e-005
73 1-2 -5.974e-005  6.580e-005
73 1-3 -8.544e-006 -6.061e-006  1.460e-005
73 2-1 -6.181e-005  5.768e-005  4.133e-006  5.828e-004
73 2-2  6.619e-005 -7.598e-005  9.799e-006 -5.438e-004  7.126e-004
73 2-3 -4.376e-006  1.831e-005 -1.393e-005 -3.900e-005 -1.688e-004  2.078e-004
74  9.210e-001  5.963e-002  1.932e-002  1.573e-001  7.573e-001  8.542e-002 
74 1-1  8.001e-005
74 1-2 -7.014e-005  7.812e-005
74 1-3 -9.866e-006 -7.974e-006  1.784e-005
74 2-1 -7.079e-005  6.552e-005  5.263e-006  6.353e-004
74 2-2  7.674e-005 -8.929e-005  1.255e-005 -5.903e-004  7.847e-004
74 2-3 -5.949e-006  2.377e-005 -1.782e-005 -4.505e-005 -1.945e-004  2.395e-004
75  9.165e-001  6.189e-002  2.162e-002  1.551e-001  7.535e-001  9.140e-002 
75 1-1  9.429e-005
75 1-2 -8.258e-005  9.309e-005
75 1-3 -1.171e-005 -1.052e-005  2.223e-005
75 2-1 -8.114e-005  7.441e-005  6.722e-006  6.931e-004
75 2-2  8.865e-005 -1.050e-004  1.639e-005 -6.403e-004  8.689e-004
75 2-3 -7.510e-006  3.062e-005 -2.311e-005 -5.276e-005 -2.286e-004  2.813e-004
76  9.116e-001  6.420e-002  2.417e-002  1.529e-001  7.494e-001  9.775e-002 
76 1-1  1.116e-004
76 1-2 -9.725e-005  1.111e-004
76 1-3 -1.436e-005 -1.387e-005  2.823e-005
76 2-1 -9.294e-005  8.435e-005  8.593e-006  7.554e-004
76 2-2  1.018e-004 -1.235e-004  2.169e-005 -6.929e-004  9.663e-004
76 2-3 -8.869e-006  3.915e-005 -3.028e-005 -6.251e-005 -2.734e-004  3.359e-004
77  9.064e-001  6.658e-002  2.701e-002  1.507e-001  7.449e-001  1.045e-001 
77 1-1  1.326e-004
77 1-2 -1.143e-004  1.326e-004
77 1-3 -1.824e-005 -1.829e-005  3.653e-005
77 2-1 -1.063e-004  9.532e-005  1.098e-005  8.217e-004
77 2-2  1.161e-004 -1.450e-004  2.893e-005 -7.469e-004  1.079e-003
77 2-3 -9.749e-006  4.965e-005 -3.991e-005 -7.477e-005 -3.317e-004  4.065e-004
78  9.008e-001  6.901e-002  3.018e-002  1.484e-001  7.400e-001  1.116e-001 
78 1-1  1.579e-004
78 1-2 -1.340e-004  1.581e-004
78 1-3 -2.393e-005 -2.407e-005  4.801e-005
78 2-1 -1.213e-004  1.073e-004  1.401e-005  8.912e-004
78 2-2  1.311e-004 -1.698e-004  3.872e-005 -8.012e-004  1.208e-003
78 2-3 -9.769e-006  6.250e-005 -5.273e-005 -9.008e-005 -4.067e-004  4.968e-004
79  8.948e-001  7.150e-002  3.370e-002  1.460e-001  7.348e-001  1.192e-001 
79 1-1  1.886e-004
79 1-2 -1.563e-004  1.879e-004
79 1-3 -3.229e-005 -3.161e-005  6.390e-005
79 2-1 -1.381e-004  1.202e-004  1.783e-005  9.635e-004
79 2-2  1.465e-004 -1.983e-004  5.186e-005 -8.545e-004  1.357e-003
79 2-3 -8.410e-006  7.809e-005 -6.968e-005 -1.090e-004 -5.021e-004  6.111e-004
80  8.884e-001  7.403e-002  3.761e-002  1.436e-001  7.292e-001  1.272e-001 
80 1-1  2.258e-004
80 1-2 -1.814e-004  2.228e-004
80 1-3 -4.445e-005 -4.141e-005  8.586e-005
80 2-1 -1.567e-004  1.341e-004  2.262e-005  1.038e-003
80 2-2  1.617e-004 -2.310e-004  6.929e-005 -9.055e-004  1.528e-003
80 2-3 -4.990e-006  9.690e-005 -9.191e-005 -1.323e-004 -6.223e-004  7.546e-004
81  8.814e-001  7.661e-002  4.195e-002  1.412e-001  7.231e-001  1.356e-001 
81 1-1  2.711e-004
81 1-2 -2.091e-004  2.632e-004
81 1-3 -6.201e-005 -5.410e-005  1.161e-004
81 2-1 -1.773e-004  1.487e-004  2.860e-005  1.113e-003
81 2-2  1.759e-004 -2.681e-004  9.222e-005 -9.527e-004  1.725e-003
81 2-3  1.372e-006  1.194e-004 -1.208e-004 -1.608e-004 -7.720e-004  9.328e-004
82  8.740e-001  7.923e-002  4.676e-002  1.387e-001  7.167e-001  1.446e-001 
82 1-1  3.263e-004
82 1-2 -2.393e-004  3.098e-004
82 1-3 -8.706e-005 -7.047e-005  1.575e-004
82 2-1 -2.001e-004  1.640e-004  3.603e-005  1.190e-003
82 2-2  1.883e-004 -3.103e-004  1.221e-004 -9.948e-004  1.952e-003
82 2-3  1.179e-005  1.463e-004 -1.581e-004 -1.951e-004 -9.569e-004  1.152e-003
83  8.660e-001  8.188e-002  5.208e-002  1.362e-001  7.098e-001  1.540e-001 
83 1-1  3.941e-004
83 1-2 -2.716e-004  3.632e-004
83 1-3 -1.224e-004 -9.152e-005  2.139e-004
83 2-1 -2.251e-004  1.799e-004  4.519e-005  1.266e-003
83 2-2  1.974e-004 -3.581e-004  1.607e-004 -1.030e-003  2.213e-003
83 2-3  2.766e-005  1.782e-004 -2.059e-004 -2.364e-004 -1.183e-003  1.419e-003
84  8.575e-001  8.455e-002  5.797e-002  1.336e-001  7.025e-001  1.639e-001 
84 1-1  4.773e-004
84 1-2 -3.056e-004  4.241e-004
84 1-3 -1.717e-004 -1.185e-004  2.902e-004
84 2-1 -2.526e-004  1.961e-004  5.643e-005  1.343e-003
84 2-2  2.019e-004 -4.119e-004  2.100e-004 -1.057e-003  2.514e-003
84 2-3  5.066e-005  2.158e-004 -2.665e-004 -2.856e-004 -1.457e-003  1.742e-003
85  8.483e-001  8.724e-002  6.447e-002  1.310e-001  6.948e-001  1.743e-001 
85 1-1  5.800e-004
85 1-2 -3.403e-004  4.933e-004
85 1-3 -2.397e-004 -1.529e-004  3.927e-004
85 2-1 -2.827e-004  2.125e-004  7.015e-005  1.418e-003
85 2-2  1.999e-004 -4.725e-004  2.727e-004 -1.074e-003  2.859e-003
85 2-3  8.284e-005  2.600e-004 -3.428e-004 -3.437e-004 -1.785e-003  2.129e-003
86  8.384e-001  8.994e-002  7.163e-002  1.283e-001  6.865e-001  1.852e-001 
86 1-1  7.070e-004
86 1-2 -3.746e-004  5.714e-004
86 1-3 -3.323e-004 -1.968e-004  5.291e-004
86 2-1 -3.157e-004  2.289e-004  8.677e-005  1.491e-003
86 2-2  1.891e-004 -5.405e-004  3.514e-004 -1.079e-003  3.256e-003
86 2-3  1.266e-004  3.116e-004 -4.382e-004 -4.118e-004 -2.176e-003  2.588e-003
87  8.279e-001  9.262e-002  7.950e-002  1.256e-001  6.778e-001  1.966e-001 
87 1-1  8.641e-004
87 1-2 -4.070e-004  6.594e-004
87 1-3 -4.571e-004 -2.523e-004  7.094e-004
87 2-1 -3.517e-004  2.449e-004  1.068e-004  1.563e-003
87 2-2  1.670e-004 -6.165e-004  4.495e-004 -1.072e-003  3.709e-003
87 2-3  1.847e-004  3.716e-004 -5.563e-004 -4.910e-004 -2.637e-003  3.128e-003
88  8.166e-001  9.528e-002  8.815e-002  1.228e-001  6.687e-001  2.086e-001 
88 1-1  1.058e-003
88 1-2 -4.354e-004  7.579e-004
88 1-3 -6.231e-004 -3.225e-004  9.456e-004
88 2-1 -3.910e-004  2.602e-004  1.307e-004  1.631e-003
88 2-2  1.306e-004 -7.014e-004  5.708e-004 -1.049e-003  4.225e-003
88 2-3  2.604e-004  4.411e-004 -7.015e-004 -5.824e-004 -3.176e-003  3.758e-003
89  8.045e-001  9.790e-002  9.762e-002  1.199e-001  6.590e-001  2.211e-001 
89 1-1  1.299e-003
89 1-2 -4.571e-004  8.678e-004
89 1-3 -8.415e-004 -4.107e-004  1.252e-003
89 2-1 -4.337e-004  2.746e-004  1.592e-004  1.697e-003
89 2-2  7.668e-005 -7.958e-004  7.192e-004 -1.010e-003  4.810e-003
89 2-3  3.571e-004  5.213e-004 -8.783e-004 -6.868e-004 -3.799e-003  4.486e-003
90  7.916e-001  1.005e-001  1.080e-001  1.171e-001  6.489e-001  2.341e-001 
90 1-1  1.594e-003
90 1-2 -4.689e-004  9.899e-004
90 1-3 -1.125e-003 -5.210e-004  1.646e-003
90 2-1 -4.802e-004  2.876e-004  1.927e-004  1.759e-003
90 2-2  1.608e-006 -9.008e-004  8.992e-004 -9.536e-004  5.469e-003
90 2-3  4.786e-004  6.132e-004 -1.092e-003 -8.051e-004 -4.516e-003  5.321e-003