
#****** ******
# HRMgali.txt
#IMaCh version 0.99r45, April 2023,INED-EUROREVES-Institut de longevite-Japan Society for the Promotion of Science (Grant-in-Aid for Scientific Research 25293121), Intel Software 2015-2020, Nihon University 2021-202, INED 2000-2022
#$Revision: 1.353 $ $Date: 2023/05/08 18:48:22 $
# Tue Feb 04 20:24:32 2025
# Health expectancies with standard errors
# Age e11 (SE) e12 (SE) e1.  e21 (SE) e22 (SE) e2. 
 50   21.1348 (1.1069)    3.7936 (0.4431)   24.9284 (1.1983)   18.0024 (1.4910)    5.3831 (0.6163)   23.3855 (1.5867)
 51   20.3459 (1.0764)    3.7182 (0.4315)   24.0641 (1.1698)   17.1847 (1.4361)    5.2910 (0.5928)   22.4757 (1.5457)
 52   19.5693 (1.0463)    3.6410 (0.4204)   23.2103 (1.1410)   16.3817 (1.3812)    5.1961 (0.5704)   21.5778 (1.5028)
 53   18.8054 (1.0166)    3.5621 (0.4099)   22.3675 (1.1119)   15.5941 (1.3265)    5.0985 (0.5491)   20.6926 (1.4583)
 54   18.0547 (0.9876)    3.4815 (0.3999)   21.5363 (1.0828)   14.8227 (1.2723)    4.9982 (0.5290)   19.8210 (1.4125)
 55   17.3178 (0.9592)    3.3995 (0.3905)   20.7173 (1.0537)   14.0684 (1.2189)    4.8955 (0.5100)   18.9639 (1.3656)
 56   16.5952 (0.9316)    3.3159 (0.3816)   19.9112 (1.0248)   13.3318 (1.1666)    4.7904 (0.4921)   18.1222 (1.3179)
 57   15.8874 (0.9048)    3.2311 (0.3732)   19.1185 (0.9963)   12.6138 (1.1157)    4.6831 (0.4753)   17.2969 (1.2699)
 58   15.1948 (0.8789)    3.1450 (0.3653)   18.3398 (0.9682)   11.9150 (1.0665)    4.5737 (0.4594)   16.4887 (1.2217)
 59   14.5179 (0.8540)    3.0578 (0.3579)   17.5758 (0.9407)   11.2361 (1.0193)    4.4625 (0.4445)   15.6986 (1.1740)
 60   13.8573 (0.8300)    2.9697 (0.3510)   16.8270 (0.9140)   10.5777 (0.9743)    4.3496 (0.4306)   14.9273 (1.1269)
 61   13.2132 (0.8072)    2.8807 (0.3446)   16.0939 (0.8882)    9.9404 (0.9318)    4.2353 (0.4176)   14.1758 (1.0810)
 62   12.5861 (0.7853)    2.7910 (0.3386)   15.3772 (0.8634)    9.3249 (0.8919)    4.1198 (0.4054)   13.4446 (1.0367)
 63   11.9764 (0.7645)    2.7008 (0.3330)   14.6772 (0.8398)    8.7314 (0.8547)    4.0033 (0.3941)   12.7347 (0.9942)
 64   11.3844 (0.7447)    2.6103 (0.3278)   13.9946 (0.8174)    8.1605 (0.8202)    3.8860 (0.3837)   12.0465 (0.9540)
 65   10.8103 (0.7258)    2.5195 (0.3230)   13.3298 (0.7962)    7.6125 (0.7885)    3.7683 (0.3741)   11.3807 (0.9164)
 66   10.2543 (0.7080)    2.4288 (0.3186)   12.6831 (0.7765)    7.0876 (0.7593)    3.6503 (0.3655)   10.7379 (0.8816)
 67    9.7168 (0.6910)    2.3382 (0.3144)   12.0550 (0.7582)    6.5860 (0.7326)    3.5324 (0.3577)   10.1184 (0.8498)
 68    9.1978 (0.6749)    2.2479 (0.3106)   11.4457 (0.7412)    6.1077 (0.7081)    3.4148 (0.3508)    9.5225 (0.8209)
 69    8.6974 (0.6596)    2.1582 (0.3069)   10.8556 (0.7257)    5.6529 (0.6854)    3.2978 (0.3449)    8.9507 (0.7951)
 70    8.2157 (0.6451)    2.0691 (0.3035)   10.2848 (0.7117)    5.2214 (0.6644)    3.1816 (0.3399)    8.4030 (0.7722)
 71    7.7527 (0.6313)    1.9809 (0.3003)    9.7336 (0.6989)    4.8130 (0.6446)    3.0665 (0.3358)    7.8795 (0.7521)
 72    7.3082 (0.6181)    1.8938 (0.2972)    9.2021 (0.6875)    4.4274 (0.6258)    2.9527 (0.3326)    7.3802 (0.7344)
 73    6.8823 (0.6055)    1.8079 (0.2942)    8.6903 (0.6772)    4.0644 (0.6076)    2.8405 (0.3303)    6.9050 (0.7188)
 74    6.4748 (0.5936)    1.7234 (0.2913)    8.1982 (0.6681)    3.7235 (0.5897)    2.7302 (0.3288)    6.4537 (0.7051)
 75    6.0854 (0.5822)    1.6405 (0.2884)    7.7259 (0.6601)    3.4042 (0.5720)    2.6218 (0.3280)    6.0260 (0.6927)
 76    5.7139 (0.5712)    1.5592 (0.2855)    7.2732 (0.6529)    3.1059 (0.5542)    2.5156 (0.3279)    5.6215 (0.6814)
 77    5.3601 (0.5608)    1.4798 (0.2826)    6.8399 (0.6466)    2.8280 (0.5362)    2.4118 (0.3283)    5.2399 (0.6709)
 78    5.0235 (0.5508)    1.4024 (0.2796)    6.4259 (0.6409)    2.5698 (0.5179)    2.3106 (0.3292)    4.8804 (0.6607)
 79    4.7039 (0.5412)    1.3270 (0.2765)    6.0309 (0.6357)    2.3306 (0.4992)    2.2120 (0.3303)    4.5426 (0.6508)
 80    4.4008 (0.5320)    1.2539 (0.2733)    5.6547 (0.6310)    2.1094 (0.4802)    2.1163 (0.3317)    4.2258 (0.6407)
 81    4.1138 (0.5230)    1.1830 (0.2700)    5.2968 (0.6266)    1.9057 (0.4607)    2.0235 (0.3332)    3.9292 (0.6304)
 82    3.8424 (0.5143)    1.1145 (0.2665)    4.9569 (0.6223)    1.7183 (0.4410)    1.9337 (0.3346)    3.6521 (0.6198)
 83    3.5862 (0.5058)    1.0485 (0.2628)    4.6346 (0.6180)    1.5466 (0.4210)    1.8470 (0.3359)    3.3936 (0.6088)
 84    3.3446 (0.4975)    0.9849 (0.2589)    4.3295 (0.6136)    1.3896 (0.4008)    1.7634 (0.3370)    3.1530 (0.5973)
 85    3.1172 (0.4891)    0.9239 (0.2548)    4.0411 (0.6090)    1.2465 (0.3806)    1.6829 (0.3378)    2.9294 (0.5853)
 86    2.9033 (0.4808)    0.8655 (0.2506)    3.7688 (0.6040)    1.1163 (0.3604)    1.6056 (0.3382)    2.7219 (0.5728)
 87    2.7026 (0.4723)    0.8096 (0.2461)    3.5122 (0.5985)    0.9981 (0.3404)    1.5315 (0.3382)    2.5296 (0.5599)
 88    2.5144 (0.4637)    0.7564 (0.2414)    3.2708 (0.5924)    0.8913 (0.3207)    1.4605 (0.3377)    2.3517 (0.5467)
 89    2.3382 (0.4548)    0.7057 (0.2365)    3.0439 (0.5857)    0.7948 (0.3014)    1.3925 (0.3367)    2.1873 (0.5331)
 90    2.1735 (0.4456)    0.6576 (0.2314)    2.8311 (0.5783)    0.7078 (0.2825)    1.3277 (0.3352)    2.0355 (0.5192)
