
#****** ******
# HRMgali.txt
#IMaCh version 0.99r45, April 2023,INED-EUROREVES-Institut de longevite-Japan Society for the Promotion of Science (Grant-in-Aid for Scientific Research 25293121), Intel Software 2015-2020, Nihon University 2021-202, INED 2000-2022
#$Revision: 1.353 $ $Date: 2023/05/08 18:48:22 $
# Tue Feb 04 20:24:32 2025
# Variance and covariance of health expectancies e.j 
#  (weighted average of eij where weights are the age specific period (stable) prevalences in each health state 
# Age Cov(e.1, e.1) Cov(e.1, e.2) Cov(e.2, e.1) Cov(e.2, e.2)
50  1.3286 -0.0288 -0.0288 0.2240
51  1.2698 -0.0219 -0.0219 0.2098
52  1.1833 -0.0144 -0.0144 0.2006
53  1.1148 -0.0092 -0.0092 0.1901
54  1.0493 -0.0054 -0.0054 0.1803
55  0.9870 -0.0028 -0.0028 0.1712
56  0.9280 -0.0012 -0.0012 0.1629
57  0.8726 -0.0005 -0.0005 0.1552
58  0.8206 -0.0007 -0.0007 0.1482
59  0.7723 -0.0015 -0.0015 0.1418
60  0.7319 -0.0026 -0.0026 0.1354
61  0.6862 -0.0046 -0.0046 0.1307
62  0.6482 -0.0066 -0.0066 0.1259
63  0.6135 -0.0088 -0.0088 0.1217
64  0.5818 -0.0109 -0.0109 0.1178
65  0.5530 -0.0130 -0.0130 0.1143
66  0.5267 -0.0148 -0.0148 0.1113
67  0.5027 -0.0164 -0.0164 0.1085
68  0.4808 -0.0177 -0.0177 0.1061
69  0.4606 -0.0187 -0.0187 0.1040
70  0.4420 -0.0192 -0.0192 0.1021
71  0.4246 -0.0194 -0.0194 0.1004
72  0.4082 -0.0193 -0.0193 0.0988
73  0.3926 -0.0188 -0.0188 0.0975
74  0.3776 -0.0180 -0.0180 0.0962
75  0.3631 -0.0170 -0.0170 0.0951
76  0.3469 -0.0159 -0.0159 0.0951
77  0.3352 -0.0145 -0.0145 0.0930
78  0.3215 -0.0131 -0.0131 0.0920
79  0.3081 -0.0118 -0.0118 0.0909
80  0.2948 -0.0105 -0.0105 0.0899
81  0.2818 -0.0093 -0.0093 0.0888
82  0.2690 -0.0083 -0.0083 0.0877
83  0.2564 -0.0075 -0.0075 0.0865
84  0.2441 -0.0069 -0.0069 0.0852
85  0.2322 -0.0066 -0.0066 0.0839
86  0.2206 -0.0066 -0.0066 0.0825
87  0.2095 -0.0069 -0.0069 0.0810
88  0.1988 -0.0075 -0.0075 0.0795
89  0.1885 -0.0084 -0.0084 0.0780
90  0.1787 -0.0096 -0.0096 0.0765
