
#****** ******
# HRMgali.txt
#IMaCh version 0.99r45, April 2023,INED-EUROREVES-Institut de longevite-Japan Society for the Promotion of Science (Grant-in-Aid for Scientific Research 25293121), Intel Software 2015-2020, Nihon University 2021-202, INED 2000-2022
#$Revision: 1.353 $ $Date: 2023/05/08 18:48:22 $
# Tue Feb 04 20:24:32 2025
# Standard deviation of period (forward stable) prevalences 
# Age  Result#  1-1 2-2
50 1  0.91063 (0.02500) 0.08941 (0.02506)
51 1  0.90690 (0.02488) 0.09315 (0.02410)
52 1  0.90305 (0.02463) 0.09700 (0.02470)
53 1  0.89908 (0.02437) 0.10098 (0.02444)
54 1  0.89498 (0.02408) 0.10507 (0.02414)
55 1  0.89077 (0.02374) 0.10929 (0.02380)
56 1  0.88643 (0.02336) 0.11363 (0.02342)
57 1  0.88196 (0.02295) 0.11810 (0.02301)
58 1  0.87738 (0.02252) 0.12268 (0.02257)
59 1  0.87268 (0.02206) 0.12738 (0.02211)
60 1  0.86786 (0.02168) 0.13222 (0.02073)
61 1  0.86292 (0.02115) 0.13716 (0.02120)
62 1  0.85787 (0.02071) 0.14221 (0.02076)
63 1  0.85270 (0.02031) 0.14737 (0.02036)
64 1  0.84743 (0.01998) 0.15264 (0.02002)
65 1  0.84205 (0.01973) 0.15802 (0.01976)
66 1  0.83658 (0.01959) 0.16352 (0.01963)
67 1  0.83100 (0.01959) 0.16909 (0.01962)
68 1  0.82533 (0.01975) 0.17476 (0.01978)
69 1  0.81956 (0.02009) 0.18052 (0.02012)
70 1  0.81371 (0.02063) 0.18639 (0.02067)
71 1  0.80778 (0.02139) 0.19232 (0.02142)
72 1  0.80176 (0.02236) 0.19833 (0.02239)
73 1  0.79568 (0.02354) 0.20444 (0.02357)
74 1  0.78951 (0.02494) 0.21060 (0.02497)
75 1  0.78328 (0.02653) 0.21683 (0.02656)
76 1  0.77698 (0.02828) 0.22316 (0.02898)
77 1  0.77060 (0.03030) 0.22952 (0.03033)
78 1  0.76416 (0.03245) 0.23595 (0.03248)
79 1  0.75766 (0.03478) 0.24249 (0.03482)
80 1  0.75107 (0.03729) 0.24906 (0.03733)
81 1  0.74442 (0.03997) 0.25571 (0.04001)
82 1  0.73768 (0.04283) 0.26247 (0.04288)
83 1  0.73086 (0.04589) 0.26928 (0.04593)
84 1  0.72394 (0.04914) 0.27619 (0.04919)
85 1  0.71692 (0.05261) 0.28324 (0.05267)
86 1  0.70977 (0.05632) 0.29037 (0.05638)
87 1  0.70250 (0.06028) 0.29767 (0.06036)
88 1  0.69507 (0.06454) 0.30509 (0.06461)
89 1  0.68747 (0.06911) 0.31267 (0.06919)
90 1  0.67969 (0.07404) 0.32049 (0.07414)
