# EEFchr.txt
#IMaCh version 0.99r45, April 2023,INED-EUROREVES-Institut de longevite-Japan Society for the Promotion of Science (Grant-in-Aid for Scientific Research 25293121), Intel Software 2015-2020, Nihon University 2021-202, INED 2000-2022
#$Revision: 1.353 $ $Date: 2023/05/08 18:48:22 $
# Tue Feb 04 22:21:37 2025
# Forward period (stable) prevalence. Precision given by ftolpl=0.0006 
#Age 1-1 2-2 
#************
#Age   1-1     2-2   Total Years_to_converge
50  0.48743 0.51279 1.000 20
51  0.46709 0.53316 1.000 20
52  0.44671 0.55339 1.000 22
53  0.42645 0.57366 1.000 22
54  0.40635 0.59378 1.000 22
55  0.38647 0.61367 1.000 22
56  0.36689 0.63326 1.000 22
57  0.34768 0.65249 1.000 22
58  0.32888 0.67129 1.000 22
59  0.31057 0.68960 1.000 22
60  0.29277 0.70731 1.000 24
61  0.27557 0.72451 1.000 24
62  0.25898 0.74110 1.000 24
63  0.24305 0.75703 1.000 24
64  0.22779 0.77229 1.000 24
65  0.21321 0.78686 1.000 24
66  0.19934 0.80073 1.000 24
67  0.18617 0.81390 1.000 24
68  0.17370 0.82637 1.000 24
69  0.16192 0.83814 1.000 24
70  0.15082 0.84924 1.000 24
71  0.14038 0.85967 1.000 24
72  0.13058 0.86946 1.000 24
73  0.12140 0.87863 1.000 24
74  0.11284 0.88723 1.000 22
75  0.10481 0.89524 1.000 22
76  0.09733 0.90271 1.000 22
77  0.09036 0.90968 1.000 22
78  0.08387 0.91616 1.000 22
79  0.07783 0.92220 1.000 22
80  0.07223 0.92781 1.000 20
81  0.06701 0.93302 1.000 20
82  0.06217 0.93786 1.000 20
83  0.05767 0.94235 1.000 20
84  0.05350 0.94652 1.000 20
85  0.04963 0.95038 1.000 20
86  0.04605 0.95397 1.000 18
87  0.04273 0.95729 1.000 18
88  0.03964 0.96037 1.000 18
89  0.03679 0.96322 1.000 18
90  0.03416 0.96586 1.000 16
