# Powell
# iter -2*LL p12 p13 p21 p23
1 1 5531.613933442462 0 0.000000000000 0.000000000000 0.000000000000 0.000000000000 0.000000000000 0.000000000000 0.000000000000 0.000000000000
2 2 3222.119037409168 0 0.699317482336 0.000653668211 -3.005956177845 0.004743547375 -1.844106365988 -0.001686390171 -2.774042110133 0.002273906920
3 2 3111.121539161235 0 -0.185220185777 0.001339637742 -3.330130016977 0.009157294780 -2.206956082794 -0.003094594856 -2.819467563227 0.006095407534
4 3 3034.773141620836 0 -1.047628529385 0.016389866408 -10.738737791892 0.092456998088 0.208363231058 -0.032343925676 -3.818228234495 0.020158884473
5 3 2972.342499534720 0 -1.582374705242 0.024071984063 -12.780104578659 0.134337783186 1.217774722237 -0.049257604722 -4.511075009456 0.030001806629
6 4 2930.154112004111 0 -2.580906569463 0.038753059458 -17.542199618933 0.212462546841 3.041422494451 -0.080343773812 -5.937662430550 0.048788943058
7 4 2927.370321796889 0 -2.688769800594 0.041286332500 -18.622893256221 0.223662283180 3.281189989175 -0.084505536630 -6.201856362132 0.052127017758
8 5 2925.316774227076 1 -2.972296269513 0.045205584689 -20.077334405769 0.238288197144 3.602351278226 -0.088899666491 -6.612034730615 0.057494984901
9 5 2923.188480880835 1 -3.161529684398 0.048278598864 -20.898768401812 0.245893461032 3.728423096355 -0.091149925069 -7.013760505677 0.062739938322
10 6 2917.837218622076 1 -3.608403784811 0.054858508084 -21.413940610349 0.249567098012 3.740622119071 -0.090282127509 -7.917708488898 0.074633673433
11 6 2908.974215294646 1 -3.883505022755 0.059369215453 -19.950550815574 0.235542903114 3.195049939104 -0.079976332438 -8.757151727434 0.085700999657
12 7 2904.464092701997 1 -3.614605350322 0.055966839500 -17.562427947290 0.213708288278 2.652100145765 -0.071345036873 -8.513380613735 0.082412886972
13 7 2898.249548946371 1 -3.722466930134 0.059570763118 -15.641856727237 0.194677666741 2.168967629120 -0.065252014451 -9.265137417620 0.091723829630
14 8 2892.074731622593 2 -4.025091136367 0.064223247581 -15.910741754628 0.193410458551 2.179461145446 -0.066518390001 -9.944216356940 0.100385953631
15 8 2889.927875523793 2 -4.161365554036 0.064809616855 -14.961440189888 0.177579705949 1.896104361617 -0.062926513485 -10.193183936231 0.103651001873
16 9 2889.841464492622 2 -4.089624697373 0.063531540861 -14.803232329161 0.175638959444 1.865348071084 -0.062438320309 -10.060248358848 0.101968354393
17 9 2889.800346652598 2 -4.019493627328 0.062217249486 -14.773021792193 0.175259816027 1.852744583770 -0.062186803888 -9.958000398204 0.100678247802
18 10 2889.722349924472 2 -3.941879564417 0.060745925976 -14.766303618060 0.174885788953 1.821323659160 -0.061705607378 -9.916315279873 0.100161279184
19 10 2889.523573110126 2 -3.747420344258 0.057415440064 -14.606463704219 0.172743963308 1.720868431159 -0.060279063124 -9.933738534371 0.100386864575
20 11 2889.232654327753 3 -3.675629769703 0.056504498935 -14.639006447332 0.173138955815 1.692244670205 -0.059953399892 -10.095221732669 0.102420605753
21 11 2888.888307070105 3 -3.418171639991 0.052641961453 -15.275397347100 0.180556122625 1.751817337120 -0.060763478271 -10.320918278526 0.105262161766
22 12 2888.886970211441 3 -3.427032275727 0.052756559293 -15.278445862234 0.180527376296 1.752191113805 -0.060783000683 -10.337465425170 0.105469670935
23 12 2888.886848842310 3 -3.428109722185 0.052761975698 -15.284473059214 0.180585894576 1.753987700975 -0.060807256872 -10.337327386697 0.105468037007
24 13 2888.886409472409 3 -3.431486175366 0.052790797618 -15.289177107940 0.180596564038 1.758586025283 -0.060873229874 -10.340662348764 0.105510251449
25 13 2888.885215859120 3 -3.430907487249 0.052753811467 -15.279134372524 0.180447175462 1.763878319745 -0.060941274681 -10.343475000144 0.105545768584
26 14 2888.880648158591 3 -3.418410063469 0.052507583038 -15.193022564614 0.179342479145 1.775913446868 -0.061096444659 -10.349520815592 0.105621508169
27 14 2888.874654575815 4 -3.398535096537 0.052209397058 -15.067989156391 0.177738475181 1.788620066854 -0.061284776182 -10.347388334141 0.105593274226
28 15 2888.871332229068 4 -3.390276406095 0.052138740538 -15.023666884435 0.177155230204 1.787172587246 -0.061291505765 -10.349894681399 0.105624243757
29 15 2888.871006701989 4 -3.388860104883 0.052123513678 -15.015301384114 0.177011174164 1.788898894248 -0.061325922376 -10.352849187713 0.105661384799
30 16 2888.870949625038 4 -3.388683576372 0.052121180445 -15.014216882132 0.176980569980 1.789998285533 -0.061344658293 -10.353404540013 0.105668353709
31 16 2888.870924948757 4 -3.389093121691 0.052127526633 -15.014878170332 0.176971969463 1.791613191634 -0.061370053417 -10.353303713435 0.105667056518
32 17 2888.870923757240 4 -3.389230981881 0.052129751977 -15.014856910405 0.176972878981 1.791799153847 -0.061372312769 -10.353059066406 0.105663973805
33 17 2888.870923360189 5 -3.389380924390 0.052132117200 -15.015386686528 0.176980225174 1.791816285058 -0.061372372438 -10.352938269296 0.105662457293
34 18 2888.870923236153 5 -3.389459723470 0.052133329786 -15.015679164649 0.176984250715 1.791825743340 -0.061372406069 -10.352873947178 0.105661648803
35 18 2888.870923195675 5 -3.389504691980 0.052134014005 -15.015843244195 0.176986501494 1.791831767490 -0.061372435101 -10.352839871229 0.105661220529
36 19 2888.870923182025 5 -3.389529466638 0.052134386690 -15.015940016337 0.176987826116 1.791832664715 -0.061372411624 -10.352819833323 0.105660969055
37 19 2888.870923177430 5 -3.389544144214 0.052134608881 -15.015997705496 0.176988614935 1.791833484456 -0.061372401871 -10.352809043220 0.105660834117
38 20 2888.870923175956 5 -3.389552694724 0.052134739356 -15.016028215756 0.176989035782 1.791834750671 -0.061372410625 -10.352801712648 0.105660739696
39 20 2888.870923175455 5 -3.389557599021 0.052134813030 -15.016044662066 0.176989256242 1.791834790236 -0.061372402841 -10.352798916510 0.105660707520
40 21 2888.870923175254 5 -3.389560085485 0.052134850035 -15.016060180780 0.176989467986 1.791835383390 -0.061372409567 -10.352795118812 0.105660658306
41 21 2888.870923175201 6 -3.389561542410 0.052134873327 -15.016062982931 0.176989507511 1.791835535898 -0.061372408255 -10.352794581451 0.105660652394
42 22 2888.870923175200 6 -3.389561542415 0.052134873327 -15.016062982964 0.176989507512 1.791835535895 -0.061372408255 -10.352794581451 0.105660652394
43 22 2888.870923175199 6 -3.389561542415 0.052134873327 -15.016062982964 0.176989507512 1.791835535894 -0.061372408255 -10.352794581451 0.105660652394
