# EEFchr.txt
#IMaCh version 0.99r45, April 2023,INED-EUROREVES-Institut de longevite-Japan Society for the Promotion of Science (Grant-in-Aid for Scientific Research 25293121), Intel Software 2015-2020, Nihon University 2021-202, INED 2000-2022
#$Revision: 1.353 $ $Date: 2023/05/08 18:48:22 $
# Tue Feb 04 22:21:37 2025
#One-step probabilities and stand. devi in ()
# Age p1-1 (SE) p1-2 (SE) p1-3 (SE) p2-1 (SE) p2-2 (SE) p2-3 (SE)
50  6.853e-001 ( 3.832e-002)  3.133e-001 ( 3.825e-002)  1.438e-003 ( 1.332e-003)  2.170e-001 ( 2.470e-002)  7.781e-001 ( 2.462e-002)  4.889e-003 ( 1.522e-003) 
51  6.738e-001 ( 3.675e-002)  3.245e-001 ( 3.667e-002)  1.688e-003 ( 1.509e-003)  2.067e-001 ( 2.266e-002)  7.878e-001 ( 2.259e-002)  5.502e-003 ( 1.656e-003) 
52  6.621e-001 ( 3.515e-002)  3.359e-001 ( 3.506e-002)  1.979e-003 ( 1.707e-003)  1.967e-001 ( 2.073e-002)  7.971e-001 ( 2.068e-002)  6.188e-003 ( 1.798e-003) 
53  6.502e-001 ( 3.354e-002)  3.475e-001 ( 3.345e-002)  2.320e-003 ( 1.928e-003)  1.870e-001 ( 1.892e-002)  8.060e-001 ( 1.889e-002)  6.954e-003 ( 1.949e-003) 
54  6.380e-001 ( 3.195e-002)  3.593e-001 ( 3.186e-002)  2.718e-003 ( 2.173e-003)  1.777e-001 ( 1.723e-002)  8.145e-001 ( 1.722e-002)  7.810e-003 ( 2.108e-003) 
55  6.257e-001 ( 3.043e-002)  3.712e-001 ( 3.034e-002)  3.181e-003 ( 2.445e-003)  1.688e-001 ( 1.567e-002)  8.224e-001 ( 1.569e-002)  8.766e-003 ( 2.276e-003) 
56  6.131e-001 ( 2.901e-002)  3.832e-001 ( 2.892e-002)  3.721e-003 ( 2.745e-003)  1.602e-001 ( 1.423e-002)  8.300e-001 ( 1.430e-002)  9.832e-003 ( 2.453e-003) 
57  6.004e-001 ( 2.775e-002)  3.953e-001 ( 2.765e-002)  4.349e-003 ( 3.076e-003)  1.519e-001 ( 1.292e-002)  8.370e-001 ( 1.304e-002)  1.102e-002 ( 2.638e-003) 
58  5.874e-001 ( 2.669e-002)  4.075e-001 ( 2.659e-002)  5.079e-003 ( 3.440e-003)  1.440e-001 ( 1.174e-002)  8.436e-001 ( 1.193e-002)  1.234e-002 ( 2.831e-003) 
59  5.743e-001 ( 2.590e-002)  4.197e-001 ( 2.580e-002)  5.927e-003 ( 3.839e-003)  1.364e-001 ( 1.070e-002)  8.498e-001 ( 1.096e-002)  1.382e-002 ( 3.031e-003) 
60  5.611e-001 ( 2.542e-002)  4.320e-001 ( 2.532e-002)  6.912e-003 ( 4.275e-003)  1.292e-001 ( 9.778e-003)  8.554e-001 ( 1.013e-002)  1.546e-002 ( 3.238e-003) 
61  5.477e-001 ( 2.529e-002)  4.443e-001 ( 2.518e-002)  8.053e-003 ( 4.749e-003)  1.222e-001 ( 8.990e-003)  8.605e-001 ( 9.450e-003)  1.729e-002 ( 3.451e-003) 
62  5.342e-001 ( 2.553e-002)  4.565e-001 ( 2.542e-002)  9.374e-003 ( 5.265e-003)  1.155e-001 ( 8.327e-003)  8.651e-001 ( 8.908e-003)  1.932e-002 ( 3.668e-003) 
63  5.205e-001 ( 2.613e-002)  4.686e-001 ( 2.601e-002)  1.090e-002 ( 5.825e-003)  1.092e-001 ( 7.783e-003)  8.692e-001 ( 8.498e-003)  2.157e-002 ( 3.889e-003) 
64  5.067e-001 ( 2.707e-002)  4.806e-001 ( 2.695e-002)  1.267e-002 ( 6.431e-003)  1.031e-001 ( 7.350e-003)  8.728e-001 ( 8.206e-003)  2.408e-002 ( 4.113e-003) 
65  4.928e-001 ( 2.830e-002)  4.924e-001 ( 2.818e-002)  1.471e-002 ( 7.088e-003)  9.730e-002 ( 7.016e-003)  8.758e-001 ( 8.019e-003)  2.685e-002 ( 4.338e-003) 
66  4.789e-001 ( 2.978e-002)  5.041e-001 ( 2.966e-002)  1.706e-002 ( 7.800e-003)  9.177e-002 ( 6.767e-003)  8.783e-001 ( 7.918e-003)  2.993e-002 ( 4.562e-003) 
67  4.648e-001 ( 3.146e-002)  5.155e-001 ( 3.133e-002)  1.976e-002 ( 8.573e-003)  8.649e-002 ( 6.589e-003)  8.802e-001 ( 7.887e-003)  3.333e-002 ( 4.786e-003) 
68  4.506e-001 ( 3.326e-002)  5.265e-001 ( 3.314e-002)  2.287e-002 ( 9.419e-003)  8.146e-002 ( 6.464e-003)  8.814e-001 ( 7.908e-003)  3.710e-002 ( 5.008e-003) 
69  4.364e-001 ( 3.516e-002)  5.372e-001 ( 3.505e-002)  2.644e-002 ( 1.035e-002)  7.666e-002 ( 6.380e-003)  8.821e-001 ( 7.967e-003)  4.127e-002 ( 5.227e-003) 
70  4.221e-001 ( 3.709e-002)  5.474e-001 ( 3.702e-002)  3.052e-002 ( 1.139e-002)  7.210e-002 ( 6.322e-003)  8.820e-001 ( 8.052e-003)  4.586e-002 ( 5.447e-003) 
71  4.077e-001 ( 3.902e-002)  5.571e-001 ( 3.901e-002)  3.519e-002 ( 1.256e-002)  6.775e-002 ( 6.280e-003)  8.813e-001 ( 8.157e-003)  5.093e-002 ( 5.669e-003) 
72  3.933e-001 ( 4.091e-002)  5.661e-001 ( 4.100e-002)  4.052e-002 ( 1.390e-002)  6.361e-002 ( 6.245e-003)  8.799e-001 ( 8.276e-003)  5.652e-002 ( 5.898e-003) 
73  3.789e-001 ( 4.273e-002)  5.745e-001 ( 4.297e-002)  4.659e-002 ( 1.545e-002)  5.968e-002 ( 6.209e-003)  8.777e-001 ( 8.411e-003)  6.266e-002 ( 6.143e-003) 
74  3.644e-001 ( 4.446e-002)  5.821e-001 ( 4.491e-002)  5.349e-002 ( 1.729e-002)  5.593e-002 ( 6.168e-003)  8.747e-001 ( 8.567e-003)  6.940e-002 ( 6.417e-003) 
75  3.499e-001 ( 4.606e-002)  5.888e-001 ( 4.683e-002)  6.130e-002 ( 1.947e-002)  5.237e-002 ( 6.117e-003)  8.708e-001 ( 8.756e-003)  7.680e-002 ( 6.736e-003) 
76  3.353e-001 ( 4.752e-002)  5.945e-001 ( 4.875e-002)  7.012e-002 ( 2.208e-002)  4.899e-002 ( 6.055e-003)  8.661e-001 ( 8.994e-003)  8.490e-002 ( 7.123e-003) 
77  3.208e-001 ( 4.881e-002)  5.992e-001 ( 5.071e-002)  8.007e-002 ( 2.522e-002)  4.577e-002 ( 5.979e-003)  8.605e-001 ( 9.305e-003)  9.374e-002 ( 7.602e-003) 
78  3.062e-001 ( 4.993e-002)  6.026e-001 ( 5.276e-002)  9.123e-002 ( 2.896e-002)  4.272e-002 ( 5.888e-003)  8.539e-001 ( 9.719e-003)  1.034e-001 ( 8.205e-003) 
79  2.916e-001 ( 5.087e-002)  6.046e-001 ( 5.497e-002)  1.037e-001 ( 3.341e-002)  3.982e-002 ( 5.783e-003)  8.463e-001 ( 1.027e-002)  1.139e-001 ( 8.961e-003) 
80  2.771e-001 ( 5.162e-002)  6.053e-001 ( 5.746e-002)  1.176e-001 ( 3.865e-002)  3.706e-002 ( 5.663e-003)  8.376e-001 ( 1.099e-002)  1.253e-001 ( 9.900e-003) 
81  2.626e-001 ( 5.217e-002)  6.043e-001 ( 6.034e-002)  1.331e-001 ( 4.474e-002)  3.445e-002 ( 5.530e-003)  8.279e-001 ( 1.192e-002)  1.376e-001 ( 1.104e-002) 
82  2.482e-001 ( 5.254e-002)  6.017e-001 ( 6.374e-002)  1.501e-001 ( 5.175e-002)  3.198e-002 ( 5.383e-003)  8.171e-001 ( 1.307e-002)  1.510e-001 ( 1.241e-002) 
83  2.339e-001 ( 5.272e-002)  5.973e-001 ( 6.781e-002)  1.688e-001 ( 5.971e-002)  2.963e-002 ( 5.224e-003)  8.050e-001 ( 1.448e-002)  1.653e-001 ( 1.402e-002) 
84  2.197e-001 ( 5.273e-002)  5.911e-001 ( 7.265e-002)  1.893e-001 ( 6.860e-002)  2.741e-002 ( 5.055e-003)  7.918e-001 ( 1.615e-002)  1.807e-001 ( 1.588e-002) 
85  2.056e-001 ( 5.257e-002)  5.829e-001 ( 7.836e-002)  2.115e-001 ( 7.840e-002)  2.531e-002 ( 4.876e-003)  7.775e-001 ( 1.809e-002)  1.972e-001 ( 1.798e-002) 
86  1.918e-001 ( 5.226e-002)  5.728e-001 ( 8.495e-002)  2.354e-001 ( 8.901e-002)  2.333e-002 ( 4.689e-003)  7.619e-001 ( 2.028e-002)  2.148e-001 ( 2.032e-002) 
87  1.782e-001 ( 5.181e-002)  5.607e-001 ( 9.240e-002)  2.611e-001 ( 1.003e-001)  2.145e-002 ( 4.495e-003)  7.451e-001 ( 2.272e-002)  2.335e-001 ( 2.289e-002) 
88  1.649e-001 ( 5.121e-002)  5.466e-001 ( 1.006e-001)  2.884e-001 ( 1.122e-001)  1.969e-002 ( 4.296e-003)  7.271e-001 ( 2.539e-002)  2.532e-001 ( 2.567e-002) 
89  1.520e-001 ( 5.048e-002)  5.307e-001 ( 1.094e-001)  3.173e-001 ( 1.243e-001)  1.803e-002 ( 4.093e-003)  7.079e-001 ( 2.826e-002)  2.741e-001 ( 2.864e-002) 
90  1.395e-001 ( 4.961e-002)  5.130e-001 ( 1.186e-001)  3.475e-001 ( 1.365e-001)  1.647e-002 ( 3.888e-003)  6.877e-001 ( 3.130e-002)  2.959e-001 ( 3.176e-002) 