
# model  
#****** Result for:******
# EEFchr.txt
#IMaCh version 0.99r45, April 2023,INED-EUROREVES-Institut de longevite-Japan Society for the Promotion of Science (Grant-in-Aid for Scientific Research 25293121), Intel Software 2015-2020, Nihon University 2021-202, INED 2000-2022
#$Revision: 1.353 $ $Date: 2023/05/08 18:48:22 $
# Tue Feb 04 22:21:37 2025
# Total life expectancy with std error and decomposition into time to be expected in each health state
#  (weighted average of eij where weights are the age specific forward period (stable) prevalences in each health state 
# Age popbased mobilav e.. (std) e.1 (std) e.2 (std) 
   50 0 0  31.635 (  0.774)   6.920 (  0.568)  24.715 (  0.871)
   51 0 0  30.682 (  0.766)   6.453 (  0.524)  24.229 (  0.842)
   52 0 0  29.729 (  0.756)   6.006 (  0.483)  23.723 (  0.816)
   53 0 0  28.788 (  0.746)   5.581 (  0.446)  23.207 (  0.791)
   54 0 0  27.854 (  0.736)   5.177 (  0.412)  22.677 (  0.769)
   55 0 0  26.928 (  0.725)   4.794 (  0.381)  22.134 (  0.749)
   56 0 0  26.009 (  0.713)   4.431 (  0.354)  21.578 (  0.730)
   57 0 0  25.100 (  0.701)   4.089 (  0.329)  21.011 (  0.712)
   58 0 0  24.201 (  0.689)   3.767 (  0.308)  20.434 (  0.695)
   59 0 0  23.312 (  0.676)   3.464 (  0.289)  19.848 (  0.680)
   60 0 0  22.432 (  0.663)   3.179 (  0.273)  19.252 (  0.665)
   61 0 0  21.566 (  0.651)   2.913 (  0.258)  18.652 (  0.650)
   62 0 0  20.713 (  0.638)   2.665 (  0.245)  18.048 (  0.636)
   63 0 0  19.873 (  0.625)   2.434 (  0.233)  17.439 (  0.623)
   64 0 0  19.048 (  0.613)   2.220 (  0.223)  16.829 (  0.610)
   65 0 0  18.238 (  0.601)   2.020 (  0.212)  16.218 (  0.598)
   66 0 0  17.444 (  0.589)   1.836 (  0.203)  15.608 (  0.586)
   67 0 0  16.667 (  0.578)   1.666 (  0.193)  15.001 (  0.575)
   68 0 0  15.907 (  0.568)   1.509 (  0.184)  14.397 (  0.565)
   69 0 0  15.164 (  0.559)   1.365 (  0.175)  13.799 (  0.556)
   70 0 0  14.441 (  0.551)   1.233 (  0.166)  13.208 (  0.547)
   71 0 0  13.737 (  0.543)   1.111 (  0.157)  12.626 (  0.539)
   72 0 0  13.053 (  0.537)   1.000 (  0.149)  12.052 (  0.533)
   73 0 0  12.389 (  0.591)   0.899 (  0.156)  11.490 (  0.557)
   74 0 0  11.747 (  0.527)   0.807 (  0.132)  10.940 (  0.522)
   75 0 0  11.125 (  0.523)   0.723 (  0.123)  10.402 (  0.518)
   76 0 0  10.526 (  0.520)   0.647 (  0.116)   9.878 (  0.514)
   77 0 0   9.948 (  0.518)   0.579 (  0.108)   9.370 (  0.511)
   78 0 0   9.393 (  0.515)   0.516 (  0.100)   8.877 (  0.508)
   79 0 0   8.860 (  0.513)   0.460 (  0.093)   8.400 (  0.506)
   80 0 0   8.350 (  0.511)   0.410 (  0.087)   7.940 (  0.503)
   81 0 0   7.862 (  0.509)   0.364 (  0.080)   7.498 (  0.501)
   82 0 0   7.397 (  0.506)   0.323 (  0.074)   7.074 (  0.498)
   83 0 0   6.955 (  0.503)   0.287 (  0.069)   6.668 (  0.495)
   84 0 0   6.534 (  0.498)   0.254 (  0.063)   6.280 (  0.491)
   85 0 0   6.136 (  0.494)   0.225 (  0.058)   5.911 (  0.486)
   86 0 0   5.759 (  0.488)   0.199 (  0.054)   5.560 (  0.481)
   87 0 0   5.403 (  0.481)   0.176 (  0.049)   5.228 (  0.474)
   88 0 0   5.068 (  0.474)   0.155 (  0.045)   4.913 (  0.467)
   89 0 0   4.753 (  0.465)   0.137 (  0.042)   4.616 (  0.459)
   90 0 0   4.458 (  0.456)   0.121 (  0.047)   4.337 (  0.448)
