
#****** ******
# EEFchr.txt
#IMaCh version 0.99r45, April 2023,INED-EUROREVES-Institut de longevite-Japan Society for the Promotion of Science (Grant-in-Aid for Scientific Research 25293121), Intel Software 2015-2020, Nihon University 2021-202, INED 2000-2022
#$Revision: 1.353 $ $Date: 2023/05/08 18:48:22 $
# Tue Feb 04 22:21:37 2025
# Variance and covariance of health expectancies e.j 
#  (weighted average of eij where weights are the age specific period (stable) prevalences in each health state 
# Age Cov(e.1, e.1) Cov(e.1, e.2) Cov(e.2, e.1) Cov(e.2, e.2)
50  0.3229 -0.2412 -0.2412 0.7592
51  0.2747 -0.1989 -0.1989 0.7094
52  0.2334 -0.1635 -0.1635 0.6655
53  0.1986 -0.1340 -0.1340 0.6263
54  0.1694 -0.1097 -0.1097 0.5915
55  0.1451 -0.0900 -0.0900 0.5603
56  0.1250 -0.0742 -0.0742 0.5322
57  0.1085 -0.0617 -0.0617 0.5067
58  0.0949 -0.0518 -0.0518 0.4833
59  0.0837 -0.0440 -0.0440 0.4618
60  0.0745 -0.0379 -0.0379 0.4416
61  0.0667 -0.0331 -0.0331 0.4227
62  0.0602 -0.0292 -0.0292 0.4050
63  0.0545 -0.0261 -0.0261 0.3883
64  0.0496 -0.0234 -0.0234 0.3725
65  0.0451 -0.0211 -0.0211 0.3577
66  0.0411 -0.0190 -0.0190 0.3439
67  0.0373 -0.0171 -0.0171 0.3312
68  0.0339 -0.0153 -0.0153 0.3195
69  0.0306 -0.0135 -0.0135 0.3089
70  0.0276 -0.0118 -0.0118 0.2994
71  0.0247 -0.0102 -0.0102 0.2910
72  0.0221 -0.0087 -0.0087 0.2838
73  0.0243 0.0074 0.0074 0.3098
74  0.0173 -0.0058 -0.0058 0.2723
75  0.0152 -0.0045 -0.0045 0.2679
76  0.0134 -0.0034 -0.0034 0.2642
77  0.0116 -0.0023 -0.0023 0.2610
78  0.0101 -0.0014 -0.0014 0.2583
79  0.0087 -0.0005 -0.0005 0.2558
80  0.0075 0.0002 0.0002 0.2534
81  0.0065 0.0008 0.0008 0.2508
82  0.0055 0.0012 0.0012 0.2479
83  0.0047 0.0016 0.0016 0.2446
84  0.0040 0.0019 0.0019 0.2407
85  0.0034 0.0020 0.0020 0.2362
86  0.0029 0.0021 0.0021 0.2309
87  0.0024 0.0022 0.0022 0.2248
88  0.0021 0.0022 0.0022 0.2180
89  0.0017 0.0021 0.0021 0.2104
90  0.0022 0.0022 0.0022 0.2010
