
#****** ******
# EEFchr.txt
#IMaCh version 0.99r45, April 2023,INED-EUROREVES-Institut de longevite-Japan Society for the Promotion of Science (Grant-in-Aid for Scientific Research 25293121), Intel Software 2015-2020, Nihon University 2021-202, INED 2000-2022
#$Revision: 1.353 $ $Date: 2023/05/08 18:48:22 $
# Tue Feb 04 22:21:37 2025
# Standard deviation of period (forward stable) prevalences 
# Age  Result#  1-1 2-2
50 1  0.48743 (0.05284) 0.51279 (0.05277)
51 1  0.46709 (0.05009) 0.53316 (0.05001)
52 1  0.44671 (0.04723) 0.55339 (0.04720)
53 1  0.42645 (0.04430) 0.57366 (0.04427)
54 1  0.40635 (0.04134) 0.59378 (0.04130)
55 1  0.38647 (0.03838) 0.61367 (0.03834)
56 1  0.36689 (0.03546) 0.63326 (0.03542)
57 1  0.34768 (0.03261) 0.65249 (0.03257)
58 1  0.32888 (0.02988) 0.67129 (0.02984)
59 1  0.31057 (0.02730) 0.68960 (0.02726)
60 1  0.29276 (0.02489) 0.70731 (0.02487)
61 1  0.27556 (0.02269) 0.72451 (0.02268)
62 1  0.25898 (0.02073) 0.74110 (0.02071)
63 1  0.24305 (0.01901) 0.75703 (0.01900)
64 1  0.22779 (0.01755) 0.77229 (0.01754)
65 1  0.21321 (0.01634) 0.78686 (0.01633)
66 1  0.19934 (0.01536) 0.80073 (0.01535)
67 1  0.18617 (0.01460) 0.81390 (0.01459)
68 1  0.17369 (0.01402) 0.82637 (0.01401)
69 1  0.16191 (0.01358) 0.83814 (0.01357)
70 1  0.15081 (0.01325) 0.84924 (0.01324)
71 1  0.14037 (0.01299) 0.85967 (0.01298)
72 1  0.13058 (0.01277) 0.86946 (0.01276)
73 1  0.12140 (0.01669) 0.87863 (0.01515)
74 1  0.11283 (0.01237) 0.88723 (0.01236)
75 1  0.10481 (0.01217) 0.89524 (0.01215)
76 1  0.09733 (0.01195) 0.90272 (0.01194)
77 1  0.09036 (0.01171) 0.90968 (0.01170)
78 1  0.08386 (0.01146) 0.91617 (0.01144)
79 1  0.07782 (0.01118) 0.92220 (0.01117)
80 1  0.07223 (0.01090) 0.92781 (0.01088)
81 1  0.06701 (0.01059) 0.93302 (0.01058)
82 1  0.06216 (0.01028) 0.93786 (0.01026)
83 1  0.05767 (0.00995) 0.94235 (0.00994)
84 1  0.05350 (0.00962) 0.94652 (0.00961)
85 1  0.04963 (0.00929) 0.95038 (0.00928)
86 1  0.04605 (0.00897) 0.95397 (0.00895)
87 1  0.04272 (0.00864) 0.95729 (0.00863)
88 1  0.03964 (0.00831) 0.96037 (0.00830)
89 1  0.03679 (0.00799) 0.96322 (0.00799)
90 1  0.03415 (0.01191) 0.96587 (0.00736)
