# FRFgali.txt
#IMaCh version 0.99r45, April 2023,INED-EUROREVES-Institut de longevite-Japan Society for the Promotion of Science (Grant-in-Aid for Scientific Research 25293121), Intel Software 2015-2020, Nihon University 2021-202, INED 2000-2022
#$Revision: 1.353 $ $Date: 2023/05/08 18:48:22 $
# Tue Feb 04 20:24:32 2025
# probabilities of dying before estepm=6 months for people of exact age and weighted probabilities w1*p1j+w2*p2j+... stand dev in()
# Selected quantitative variables and dummies
# Age cov=1 p.3 SE w1 p13 w2 p23
 50 1   7.512e-004  4.289e-004  9.427e-001  2.484e-005   5.735e-002  1.269e-002 
 51 1   8.089e-004  4.433e-004  9.404e-001  3.027e-005   5.966e-002  1.308e-002 
 52 1   8.713e-004  4.576e-004  9.380e-001  3.689e-005   6.206e-002  1.348e-002 
 53 1   9.390e-004  4.719e-004  9.355e-001  4.495e-005   6.455e-002  1.390e-002 
 54 1   1.012e-003  4.794e-004  9.329e-001  5.477e-005   6.711e-002  1.432e-002 
 55 1   1.092e-003  5.000e-004  9.303e-001  6.674e-005   6.978e-002  1.476e-002 
 56 1   1.179e-003  5.140e-004  9.275e-001  8.132e-005   7.254e-002  1.521e-002 
 57 1   1.273e-003  5.279e-004  9.246e-001  9.909e-005   7.540e-002  1.567e-002 
 58 1   1.377e-003  5.418e-004  9.217e-001  1.207e-004   7.836e-002  1.615e-002 
 59 1   1.490e-003  5.558e-004  9.186e-001  1.471e-004   8.142e-002  1.664e-002 
 60 1   1.614e-003  5.701e-004  9.155e-001  1.792e-004   8.458e-002  1.715e-002 
 61 1   1.751e-003  5.850e-004  9.122e-001  2.183e-004   8.785e-002  1.767e-002 
 62 1   1.902e-003  6.010e-004  9.088e-001  2.660e-004   9.123e-002  1.820e-002 
 63 1   2.070e-003  6.185e-004  9.053e-001  3.241e-004   9.473e-002  1.875e-002 
 64 1   2.256e-003  6.381e-004  9.017e-001  3.948e-004   9.835e-002  1.932e-002 
 65 1   2.463e-003  6.606e-004  8.980e-001  4.809e-004   1.021e-001  1.990e-002 
 66 1   2.695e-003  6.871e-004  8.941e-001  5.858e-004   1.059e-001  2.050e-002 
 67 1   2.956e-003  7.187e-004  8.901e-001  7.136e-004   1.099e-001  2.111e-002 
 68 1   3.250e-003  7.566e-004  8.860e-001  8.691e-004   1.140e-001  2.175e-002 
 69 1   3.582e-003  8.021e-004  8.818e-001  1.058e-003   1.183e-001  2.240e-002 
 70 1   3.961e-003  8.565e-004  8.774e-001  1.289e-003   1.227e-001  2.307e-002 
 71 1   4.392e-003  9.211e-004  8.729e-001  1.570e-003   1.272e-001  2.376e-002 
 72 1   4.886e-003  9.968e-004  8.682e-001  1.911e-003   1.319e-001  2.446e-002 
 73 1   5.454e-003  1.085e-003  8.633e-001  2.327e-003   1.367e-001  2.519e-002 
 74 1   6.109e-003  1.185e-003  8.583e-001  2.833e-003   1.417e-001  2.594e-002 
 75 1   6.867e-003  1.299e-003  8.531e-001  3.448e-003   1.469e-001  2.671e-002 
 76 1   7.747e-003  1.428e-003  8.478e-001  4.196e-003   1.523e-001  2.750e-002 
 77 1   8.771e-003  1.571e-003  8.422e-001  5.106e-003   1.579e-001  2.831e-002 
 78 1   9.967e-003  1.732e-003  8.364e-001  6.211e-003   1.637e-001  2.915e-002 
 79 1   1.137e-002  1.913e-003  8.303e-001  7.553e-003   1.698e-001  3.001e-002 
 80 1   1.301e-002  2.124e-003  8.239e-001  9.182e-003   1.762e-001  3.089e-002 
 81 1   1.493e-002  2.375e-003  8.173e-001  1.116e-002   1.828e-001  3.180e-002 
 82 1   1.720e-002  2.687e-003  8.102e-001  1.355e-002   1.899e-001  3.273e-002 
 83 1   1.986e-002  3.092e-003  8.028e-001  1.645e-002   1.973e-001  3.369e-002 
 84 1   2.299e-002  3.630e-003  7.948e-001  1.996e-002   2.053e-001  3.467e-002 
 85 1   2.666e-002  4.357e-003  7.863e-001  2.420e-002   2.138e-001  3.569e-002 
 86 1   3.096e-002  5.333e-003  7.770e-001  2.931e-002   2.231e-001  3.673e-002 
 87 1   3.600e-002  6.627e-003  7.669e-001  3.545e-002   2.332e-001  3.779e-002 
 88 1   4.187e-002  8.304e-003  7.558e-001  4.282e-002   2.443e-001  3.889e-002 
 89 1   4.867e-002  1.043e-002  7.435e-001  5.164e-002   2.567e-001  4.001e-002 
 90 1   5.649e-002  1.305e-002  7.295e-001  6.216e-002   2.706e-001  4.117e-002 
