# FRFgali.txt
#IMaCh version 0.99r45, April 2023,INED-EUROREVES-Institut de longevite-Japan Society for the Promotion of Science (Grant-in-Aid for Scientific Research 25293121), Intel Software 2015-2020, Nihon University 2021-202, INED 2000-2022
#$Revision: 1.353 $ $Date: 2023/05/08 18:48:22 $
# Tue Feb 04 20:24:32 2025
#One-step probabilities and correlation matrix
# Age p1-1  p1-2  p1-3  p2-1  p2-2  p2-3 
50  9.866e-001  1.341e-002  2.484e-005  1.887e-001  7.986e-001  1.269e-002 
50 1-1  1.000e+000
50 1-2 -1.000e+000  1.000e+000
50 1-3 -9.081e-006 -9.485e-003  1.000e+000
50 2-1 -2.826e-001  2.824e-001  1.718e-002  1.000e+000
50 2-2  2.786e-001 -2.786e-001  5.210e-003 -9.817e-001  1.000e+000
50 2-3  1.076e-002 -9.650e-003 -1.167e-001 -5.971e-002 -1.315e-001  1.000e+000
51  9.861e-001  1.387e-002  3.027e-005  1.865e-001  8.004e-001  1.308e-002 
51 1-1  1.000e+000
51 1-2 -9.999e-001  1.000e+000
51 1-3 -7.242e-004 -1.060e-002  1.000e+000
51 2-1 -2.831e-001  2.829e-001  1.691e-002  1.000e+000
51 2-2  2.786e-001 -2.787e-001  6.515e-003 -9.801e-001  1.000e+000
51 2-3  1.104e-002 -9.711e-003 -1.172e-001 -5.860e-002 -1.405e-001  1.000e+000
52  9.856e-001  1.433e-002  3.689e-005  1.843e-001  8.022e-001  1.348e-002 
52 1-1  1.000e+000
52 1-2 -9.999e-001  1.000e+000
52 1-3 -1.699e-003 -1.182e-002  1.000e+000
52 2-1 -2.837e-001  2.835e-001  1.663e-002  1.000e+000
52 2-2  2.786e-001 -2.787e-001  7.881e-003 -9.785e-001  1.000e+000
52 2-3  1.135e-002 -9.753e-003 -1.178e-001 -5.750e-002 -1.498e-001  1.000e+000
53  9.851e-001  1.482e-002  4.495e-005  1.821e-001  8.040e-001  1.390e-002 
53 1-1  1.000e+000
53 1-2 -9.999e-001  1.000e+000
53 1-3 -2.994e-003 -1.314e-002  1.000e+000
53 2-1 -2.844e-001  2.841e-001  1.635e-002  1.000e+000
53 2-2  2.787e-001 -2.788e-001  9.309e-003 -9.767e-001  1.000e+000
53 2-3  1.168e-002 -9.766e-003 -1.184e-001 -5.643e-002 -1.594e-001  1.000e+000
54  9.846e-001  1.531e-002  5.477e-005  1.800e-001  8.057e-001  1.432e-002 
54 1-1  1.000e+000
54 1-2 -9.998e-001  1.000e+000
54 1-3 -4.677e-003 -1.459e-002  1.000e+000
54 2-1 -2.851e-001  2.848e-001  1.606e-002  1.000e+000
54 2-2  2.787e-001 -2.789e-001  1.080e-002 -9.747e-001  1.000e+000
54 2-3  1.203e-002 -9.737e-003 -1.191e-001 -5.539e-002 -1.692e-001  1.000e+000
55  9.841e-001  1.583e-002  6.674e-005  1.779e-001  8.074e-001  1.476e-002 
55 1-1  1.000e+000
55 1-2 -9.997e-001  1.000e+000
55 1-3 -6.835e-003 -1.617e-002  1.000e+000
55 2-1 -2.859e-001  2.855e-001  1.577e-002  1.000e+000
55 2-2  2.788e-001 -2.790e-001  1.236e-002 -9.726e-001  1.000e+000
55 2-3  1.241e-002 -9.652e-003 -1.198e-001 -5.439e-002 -1.793e-001  1.000e+000
56  9.836e-001  1.636e-002  8.132e-005  1.757e-001  8.090e-001  1.521e-002 
56 1-1  1.000e+000
56 1-2 -9.996e-001  1.000e+000
56 1-3 -9.568e-003 -1.791e-002  1.000e+000
56 2-1 -2.867e-001  2.862e-001  1.549e-002  1.000e+000
56 2-2  2.788e-001 -2.792e-001  1.398e-002 -9.703e-001  1.000e+000
56 2-3  1.281e-002 -9.492e-003 -1.207e-001 -5.346e-002 -1.896e-001  1.000e+000
57  9.830e-001  1.691e-002  9.909e-005  1.736e-001  8.107e-001  1.567e-002 
57 1-1  1.000e+000
57 1-2 -9.995e-001  1.000e+000
57 1-3 -1.300e-002 -1.983e-002  1.000e+000
57 2-1 -2.876e-001  2.871e-001  1.521e-002  1.000e+000
57 2-2  2.789e-001 -2.793e-001  1.567e-002 -9.679e-001  1.000e+000
57 2-3  1.322e-002 -9.230e-003 -1.216e-001 -5.261e-002 -2.000e-001  1.000e+000
58  9.824e-001  1.748e-002  1.207e-004  1.716e-001  8.123e-001  1.615e-002 
58 1-1  1.000e+000
58 1-2 -9.992e-001  1.000e+000
58 1-3 -1.726e-002 -2.193e-002  1.000e+000
58 2-1 -2.886e-001  2.880e-001  1.495e-002  1.000e+000
58 2-2  2.789e-001 -2.796e-001  1.743e-002 -9.653e-001  1.000e+000
58 2-3  1.365e-002 -8.839e-003 -1.226e-001 -5.186e-002 -2.106e-001  1.000e+000
59  9.818e-001  1.806e-002  1.471e-004  1.695e-001  8.138e-001  1.664e-002 
59 1-1  1.000e+000
59 1-2 -9.989e-001  1.000e+000
59 1-3 -2.252e-002 -2.425e-002  1.000e+000
59 2-1 -2.896e-001  2.889e-001  1.470e-002  1.000e+000
59 2-2  2.790e-001 -2.799e-001  1.924e-002 -9.626e-001  1.000e+000
59 2-3  1.407e-002 -8.279e-003 -1.238e-001 -5.126e-002 -2.213e-001  1.000e+000
60  9.812e-001  1.867e-002  1.792e-004  1.675e-001  8.154e-001  1.715e-002 
60 1-1  1.000e+000
60 1-2 -9.984e-001  1.000e+000
60 1-3 -2.895e-002 -2.680e-002  1.000e+000
60 2-1 -2.907e-001  2.899e-001  1.449e-002  1.000e+000
60 2-2  2.790e-001 -2.802e-001  2.110e-002 -9.597e-001  1.000e+000
60 2-3  1.448e-002 -7.505e-003 -1.251e-001 -5.084e-002 -2.319e-001  1.000e+000
61  9.805e-001  1.929e-002  2.183e-004  1.654e-001  8.169e-001  1.767e-002 
61 1-1  1.000e+000
61 1-2 -9.978e-001  1.000e+000
61 1-3 -3.675e-002 -2.959e-002  1.000e+000
61 2-1 -2.917e-001  2.908e-001  1.431e-002  1.000e+000
61 2-2  2.790e-001 -2.806e-001  2.301e-002 -9.566e-001  1.000e+000
61 2-3  1.486e-002 -6.464e-003 -1.266e-001 -5.066e-002 -2.424e-001  1.000e+000
62  9.798e-001  1.994e-002  2.660e-004  1.634e-001  8.184e-001  1.820e-002 
62 1-1  1.000e+000
62 1-2 -9.969e-001  1.000e+000
62 1-3 -4.614e-002 -3.264e-002  1.000e+000
62 2-1 -2.928e-001  2.918e-001  1.419e-002  1.000e+000
62 2-2  2.790e-001 -2.812e-001  2.495e-002 -9.535e-001  1.000e+000
62 2-3  1.519e-002 -5.091e-003 -1.282e-001 -5.079e-002 -2.526e-001  1.000e+000
63  9.791e-001  2.060e-002  3.241e-004  1.614e-001  8.198e-001  1.875e-002 
63 1-1  1.000e+000
63 1-2 -9.957e-001  1.000e+000
63 1-3 -5.730e-002 -3.594e-002  1.000e+000
63 2-1 -2.937e-001  2.927e-001  1.415e-002  1.000e+000
63 2-2  2.790e-001 -2.818e-001  2.690e-002 -9.502e-001  1.000e+000
63 2-3  1.543e-002 -3.316e-003 -1.300e-001 -5.130e-002 -2.624e-001  1.000e+000
64  9.783e-001  2.129e-002  3.948e-004  1.595e-001  8.212e-001  1.932e-002 
64 1-1  1.000e+000
64 1-2 -9.940e-001  1.000e+000
64 1-3 -7.039e-002 -3.950e-002  1.000e+000
64 2-1 -2.945e-001  2.934e-001  1.420e-002  1.000e+000
64 2-2  2.788e-001 -2.824e-001  2.883e-002 -9.469e-001  1.000e+000
64 2-3  1.557e-002 -1.065e-003 -1.321e-001 -5.228e-002 -2.715e-001  1.000e+000
65  9.775e-001  2.200e-002  4.809e-004  1.575e-001  8.226e-001  1.990e-002 
65 1-1  1.000e+000
65 1-2 -9.917e-001  1.000e+000
65 1-3 -8.551e-002 -4.327e-002  1.000e+000
65 2-1 -2.950e-001  2.940e-001  1.437e-002  1.000e+000
65 2-2  2.785e-001 -2.832e-001  3.073e-002 -9.436e-001  1.000e+000
65 2-3  1.556e-002  1.734e-003 -1.344e-001 -5.384e-002 -2.797e-001  1.000e+000
66  9.767e-001  2.273e-002  5.858e-004  1.556e-001  8.239e-001  2.050e-002 
66 1-1  1.000e+000
66 1-2 -9.888e-001  1.000e+000
66 1-3 -1.027e-001 -4.720e-002  1.000e+000
66 2-1 -2.952e-001  2.942e-001  1.471e-002  1.000e+000
66 2-2  2.780e-001 -2.840e-001  3.255e-002 -9.404e-001  1.000e+000
66 2-3  1.538e-002  5.140e-003 -1.370e-001 -5.608e-002 -2.869e-001  1.000e+000
67  9.758e-001  2.349e-002  7.136e-004  1.537e-001  8.252e-001  2.111e-002 
67 1-1  1.000e+000
67 1-2 -9.850e-001  1.000e+000
67 1-3 -1.217e-001 -5.122e-002  1.000e+000
67 2-1 -2.949e-001  2.940e-001  1.524e-002  1.000e+000
67 2-2  2.772e-001 -2.849e-001  3.425e-002 -9.372e-001  1.000e+000
67 2-3  1.501e-002  9.183e-003 -1.398e-001 -5.911e-002 -2.927e-001  1.000e+000
68  9.749e-001  2.427e-002  8.691e-004  1.518e-001  8.265e-001  2.175e-002 
68 1-1  1.000e+000
68 1-2 -9.805e-001  1.000e+000
68 1-3 -1.422e-001 -5.523e-002  1.000e+000
68 2-1 -2.940e-001  2.934e-001  1.602e-002  1.000e+000
68 2-2  2.762e-001 -2.857e-001  3.578e-002 -9.343e-001  1.000e+000
68 2-3  1.444e-002  1.385e-002 -1.431e-001 -6.303e-002 -2.969e-001  1.000e+000
69  9.739e-001  2.507e-002  1.058e-003  1.499e-001  8.277e-001  2.240e-002 
69 1-1  1.000e+000
69 1-2 -9.751e-001  1.000e+000
69 1-3 -1.638e-001 -5.913e-002  1.000e+000
69 2-1 -2.927e-001  2.923e-001  1.709e-002  1.000e+000
69 2-2  2.749e-001 -2.865e-001  3.712e-002 -9.315e-001  1.000e+000
69 2-3  1.372e-002  1.909e-002 -1.467e-001 -6.790e-002 -2.996e-001  1.000e+000
70  9.728e-001  2.590e-002  1.289e-003  1.480e-001  8.289e-001  2.307e-002 
70 1-1  1.000e+000
70 1-2 -9.690e-001  1.000e+000
70 1-3 -1.858e-001 -6.280e-002  1.000e+000
70 2-1 -2.908e-001  2.907e-001  1.851e-002  1.000e+000
70 2-2  2.733e-001 -2.872e-001  3.821e-002 -9.290e-001  1.000e+000
70 2-3  1.292e-002  2.476e-002 -1.507e-001 -7.374e-002 -3.005e-001  1.000e+000
71  9.717e-001  2.676e-002  1.570e-003  1.461e-001  8.301e-001  2.376e-002 
71 1-1  1.000e+000
71 1-2 -9.623e-001  1.000e+000
71 1-3 -2.075e-001 -6.619e-002  1.000e+000
71 2-1 -2.886e-001  2.887e-001  2.033e-002  1.000e+000
71 2-2  2.716e-001 -2.879e-001  3.903e-002 -9.267e-001  1.000e+000
71 2-3  1.216e-002  3.070e-002 -1.551e-001 -8.051e-002 -3.000e-001  1.000e+000
72  9.705e-001  2.764e-002  1.911e-003  1.443e-001  8.312e-001  2.446e-002 
72 1-1  1.000e+000
72 1-2 -9.554e-001  1.000e+000
72 1-3 -2.285e-001 -6.925e-002  1.000e+000
72 2-1 -2.862e-001  2.864e-001  2.262e-002  1.000e+000
72 2-2  2.698e-001 -2.885e-001  3.956e-002 -9.246e-001  1.000e+000
72 2-3  1.160e-002  3.668e-002 -1.601e-001 -8.807e-002 -2.981e-001  1.000e+000
73  9.691e-001  2.854e-002  2.327e-003  1.425e-001  8.323e-001  2.519e-002 
73 1-1  1.000e+000
73 1-2 -9.483e-001  1.000e+000
73 1-3 -2.482e-001 -7.198e-002  1.000e+000
73 2-1 -2.839e-001  2.840e-001  2.545e-002  1.000e+000
73 2-2  2.681e-001 -2.891e-001  3.983e-002 -9.225e-001  1.000e+000
73 2-3  1.142e-002  4.249e-002 -1.656e-001 -9.623e-002 -2.955e-001  1.000e+000
74  9.677e-001  2.947e-002  2.833e-003  1.407e-001  8.334e-001  2.594e-002 
74 1-1  1.000e+000
74 1-2 -9.414e-001  1.000e+000
74 1-3 -2.664e-001 -7.441e-002  1.000e+000
74 2-1 -2.819e-001  2.815e-001  2.887e-002  1.000e+000
74 2-2  2.664e-001 -2.895e-001  3.985e-002 -9.203e-001  1.000e+000
74 2-3  1.185e-002  4.791e-002 -1.719e-001 -1.047e-001 -2.926e-001  1.000e+000
75  9.661e-001  3.043e-002  3.448e-003  1.389e-001  8.344e-001  2.671e-002 
75 1-1  1.000e+000
75 1-2 -9.346e-001  1.000e+000
75 1-3 -2.831e-001 -7.661e-002  1.000e+000
75 2-1 -2.803e-001  2.791e-001  3.296e-002  1.000e+000
75 2-2  2.647e-001 -2.899e-001  3.968e-002 -9.180e-001  1.000e+000
75 2-3  1.307e-002  5.276e-002 -1.789e-001 -1.132e-001 -2.902e-001  1.000e+000
76  9.644e-001  3.141e-002  4.196e-003  1.371e-001  8.354e-001  2.750e-002 
76 1-1  1.000e+000
76 1-2 -9.280e-001  1.000e+000
76 1-3 -2.984e-001 -7.865e-002  1.000e+000
76 2-1 -2.792e-001  2.769e-001  3.778e-002  1.000e+000
76 2-2  2.631e-001 -2.902e-001  3.940e-002 -9.152e-001  1.000e+000
76 2-3  1.530e-002  5.693e-002 -1.868e-001 -1.215e-001 -2.888e-001  1.000e+000
77  9.625e-001  3.242e-002  5.106e-003  1.354e-001  8.363e-001  2.831e-002 
77 1-1  1.000e+000
77 1-2 -9.215e-001  1.000e+000
77 1-3 -3.128e-001 -8.056e-002  1.000e+000
77 2-1 -2.788e-001  2.749e-001  4.339e-002  1.000e+000
77 2-2  2.614e-001 -2.903e-001  3.910e-002 -9.119e-001  1.000e+000
77 2-3  1.872e-002  6.037e-002 -1.957e-001 -1.292e-001 -2.891e-001  1.000e+000
78  9.603e-001  3.346e-002  6.211e-003  1.336e-001  8.372e-001  2.915e-002 
78 1-1  1.000e+000
78 1-2 -9.149e-001  1.000e+000
78 1-3 -3.269e-001 -8.239e-002  1.000e+000
78 2-1 -2.791e-001  2.731e-001  4.979e-002  1.000e+000
78 2-2  2.596e-001 -2.903e-001  3.888e-002 -9.081e-001  1.000e+000
78 2-3  2.350e-002  6.307e-002 -2.057e-001 -1.361e-001 -2.914e-001  1.000e+000
79  9.579e-001  3.451e-002  7.553e-003  1.319e-001  8.381e-001  3.001e-002 
79 1-1  1.000e+000
79 1-2 -9.077e-001  1.000e+000
79 1-3 -3.419e-001 -8.411e-002  1.000e+000
79 2-1 -2.800e-001  2.714e-001  5.694e-002  1.000e+000
79 2-2  2.573e-001 -2.901e-001  3.881e-002 -9.034e-001  1.000e+000
79 2-3  2.980e-002  6.508e-002 -2.165e-001 -1.422e-001 -2.959e-001  1.000e+000
80  9.552e-001  3.559e-002  9.182e-003  1.302e-001  8.389e-001  3.089e-002 
80 1-1  1.000e+000
80 1-2 -8.991e-001  1.000e+000
80 1-3 -3.590e-001 -8.565e-002  1.000e+000
80 2-1 -2.813e-001  2.700e-001  6.468e-002  1.000e+000
80 2-2  2.543e-001 -2.897e-001  3.899e-002 -8.980e-001  1.000e+000
80 2-3  3.773e-002  6.651e-002 -2.277e-001 -1.474e-001 -3.028e-001  1.000e+000
81  9.522e-001  3.669e-002  1.116e-002  1.285e-001  8.397e-001  3.180e-002 
81 1-1  1.000e+000
81 1-2 -8.883e-001  1.000e+000
81 1-3 -3.804e-001 -8.693e-002  1.000e+000
81 2-1 -2.829e-001  2.686e-001  7.265e-002  1.000e+000
81 2-2  2.502e-001 -2.891e-001  3.944e-002 -8.917e-001  1.000e+000
81 2-3  4.740e-002  6.746e-002 -2.386e-001 -1.517e-001 -3.121e-001  1.000e+000
82  9.486e-001  3.780e-002  1.355e-002  1.268e-001  8.404e-001  3.273e-002 
82 1-1  1.000e+000
82 1-2 -8.735e-001  1.000e+000
82 1-3 -4.082e-001 -8.784e-002  1.000e+000
82 2-1 -2.843e-001  2.674e-001  8.034e-002  1.000e+000
82 2-2  2.446e-001 -2.883e-001  4.016e-002 -8.846e-001  1.000e+000
82 2-3  5.884e-002  6.807e-002 -2.480e-001 -1.553e-001 -3.234e-001  1.000e+000
83  9.446e-001  3.893e-002  1.645e-002  1.252e-001  8.411e-001  3.369e-002 
83 1-1  1.000e+000
83 1-2 -8.528e-001  1.000e+000
83 1-3 -4.448e-001 -8.840e-002  1.000e+000
83 2-1 -2.850e-001  2.662e-001  8.707e-002  1.000e+000
83 2-2  2.367e-001 -2.873e-001  4.110e-002 -8.765e-001  1.000e+000
83 2-3  7.195e-002  6.846e-002 -2.546e-001 -1.581e-001 -3.367e-001  1.000e+000
84  9.400e-001  4.006e-002  1.996e-002  1.235e-001  8.418e-001  3.467e-002 
84 1-1  1.000e+000
84 1-2 -8.236e-001  1.000e+000
84 1-3 -4.917e-001 -8.884e-002  1.000e+000
84 2-1 -2.842e-001  2.651e-001  9.220e-002  1.000e+000
84 2-2  2.261e-001 -2.861e-001  4.220e-002 -8.676e-001  1.000e+000
84 2-3  8.642e-002  6.875e-002 -2.573e-001 -1.604e-001 -3.516e-001  1.000e+000
85  9.346e-001  4.119e-002  2.420e-002  1.219e-001  8.424e-001  3.569e-002 
85 1-1  1.000e+000
85 1-2 -7.834e-001  1.000e+000
85 1-3 -5.488e-001 -8.962e-002  1.000e+000
85 2-1 -2.810e-001  2.639e-001  9.536e-002  1.000e+000
85 2-2  2.119e-001 -2.847e-001  4.337e-002 -8.578e-001  1.000e+000
85 2-3  1.017e-001  6.906e-002 -2.558e-001 -1.623e-001 -3.679e-001  1.000e+000
86  9.284e-001  4.232e-002  2.931e-002  1.203e-001  8.430e-001  3.673e-002 
86 1-1  1.000e+000
86 1-2 -7.300e-001  1.000e+000
86 1-3 -6.138e-001 -9.145e-002  1.000e+000
86 2-1 -2.745e-001  2.627e-001  9.655e-002  1.000e+000
86 2-2  1.938e-001 -2.831e-001  4.461e-002 -8.472e-001  1.000e+000
86 2-3  1.168e-001  6.948e-002 -2.505e-001 -1.638e-001 -3.854e-001  1.000e+000
87  9.211e-001  4.342e-002  3.545e-002  1.187e-001  8.435e-001  3.779e-002 
87 1-1  1.000e+000
87 1-2 -6.631e-001  1.000e+000
87 1-3 -6.821e-001 -9.511e-002  1.000e+000
87 2-1 -2.642e-001  2.613e-001  9.606e-002  1.000e+000
87 2-2  1.722e-001 -2.814e-001  4.591e-002 -8.357e-001  1.000e+000
87 2-3  1.308e-001  7.012e-002 -2.424e-001 -1.650e-001 -4.038e-001  1.000e+000
88  9.127e-001  4.450e-002  4.282e-002  1.171e-001  8.440e-001  3.889e-002 
88 1-1  1.000e+000
88 1-2 -5.841e-001  1.000e+000
88 1-3 -7.482e-001 -1.014e-001  1.000e+000
88 2-1 -2.502e-001  2.598e-001  9.439e-002  1.000e+000
88 2-2  1.479e-001 -2.796e-001  4.731e-002 -8.233e-001  1.000e+000
88 2-3  1.426e-001  7.106e-002 -2.329e-001 -1.661e-001 -4.230e-001  1.000e+000
89  9.028e-001  4.552e-002  5.164e-002  1.155e-001  8.444e-001  4.001e-002 
89 1-1  1.000e+000
89 1-2 -4.968e-001  1.000e+000
89 1-3 -8.074e-001 -1.110e-001  1.000e+000
89 2-1 -2.335e-001  2.580e-001  9.198e-002  1.000e+000
89 2-2  1.222e-001 -2.777e-001  4.884e-002 -8.102e-001  1.000e+000
89 2-3  1.516e-001  7.239e-002 -2.228e-001 -1.670e-001 -4.427e-001  1.000e+000
90  8.914e-001  4.648e-002  6.216e-002  1.140e-001  8.448e-001  4.117e-002 
90 1-1  1.000e+000
90 1-2 -4.051e-001  1.000e+000
90 1-3 -8.566e-001 -1.246e-001  1.000e+000
90 2-1 -2.153e-001  2.559e-001  8.922e-002  1.000e+000
90 2-2  9.680e-002 -2.757e-001  5.050e-002 -7.962e-001  1.000e+000
90 2-3  1.577e-001  7.419e-002 -2.130e-001 -1.679e-001 -4.627e-001  1.000e+000