# FRFgali.txt
#IMaCh version 0.99r45, April 2023,INED-EUROREVES-Institut de longevite-Japan Society for the Promotion of Science (Grant-in-Aid for Scientific Research 25293121), Intel Software 2015-2020, Nihon University 2021-202, INED 2000-2022
#$Revision: 1.353 $ $Date: 2023/05/08 18:48:22 $
# Tue Feb 04 20:24:32 2025
#One-step probabilities and stand. devi in ()
# Age p1-1 (SE) p1-2 (SE) p1-3 (SE) p2-1 (SE) p2-2 (SE) p2-3 (SE)
50  9.866e-001 ( 3.071e-003)  1.341e-002 ( 3.072e-003)  2.484e-005 ( 2.916e-005)  1.887e-001 ( 3.684e-002)  7.986e-001 ( 3.710e-002)  1.269e-002 ( 7.079e-003) 
51  9.861e-001 ( 3.048e-003)  1.387e-002 ( 3.048e-003)  3.027e-005 ( 3.452e-005)  1.865e-001 ( 3.523e-002)  8.004e-001 ( 3.552e-002)  1.308e-002 ( 7.057e-003) 
52  9.856e-001 ( 3.021e-003)  1.433e-002 ( 3.022e-003)  3.689e-005 ( 4.084e-005)  1.843e-001 ( 3.366e-002)  8.022e-001 ( 3.399e-002)  1.348e-002 ( 7.028e-003) 
53  9.851e-001 ( 2.991e-003)  1.482e-002 ( 2.991e-003)  4.495e-005 ( 4.826e-005)  1.821e-001 ( 3.213e-002)  8.040e-001 ( 3.250e-002)  1.390e-002 ( 6.993e-003) 
54  9.846e-001 ( 2.957e-003)  1.531e-002 ( 2.958e-003)  5.477e-005 ( 5.698e-005)  1.800e-001 ( 3.065e-002)  8.057e-001 ( 3.105e-002)  1.432e-002 ( 6.951e-003) 
55  9.841e-001 ( 2.921e-003)  1.583e-002 ( 2.921e-003)  6.674e-005 ( 6.721e-005)  1.779e-001 ( 2.921e-002)  8.074e-001 ( 2.964e-002)  1.476e-002 ( 6.902e-003) 
56  9.836e-001 ( 2.881e-003)  1.636e-002 ( 2.882e-003)  8.132e-005 ( 7.919e-005)  1.757e-001 ( 2.781e-002)  8.090e-001 ( 2.828e-002)  1.521e-002 ( 6.848e-003) 
57  9.830e-001 ( 2.839e-003)  1.691e-002 ( 2.840e-003)  9.909e-005 ( 9.320e-005)  1.736e-001 ( 2.646e-002)  8.107e-001 ( 2.697e-002)  1.567e-002 ( 6.786e-003) 
58  9.824e-001 ( 2.796e-003)  1.748e-002 ( 2.796e-003)  1.207e-004 ( 1.096e-004)  1.716e-001 ( 2.516e-002)  8.123e-001 ( 2.571e-002)  1.615e-002 ( 6.719e-003) 
59  9.818e-001 ( 2.751e-003)  1.806e-002 ( 2.751e-003)  1.471e-004 ( 1.286e-004)  1.695e-001 ( 2.392e-002)  8.138e-001 ( 2.450e-002)  1.664e-002 ( 6.647e-003) 
60  9.812e-001 ( 2.706e-003)  1.867e-002 ( 2.706e-003)  1.792e-004 ( 1.508e-004)  1.675e-001 ( 2.273e-002)  8.154e-001 ( 2.334e-002)  1.715e-002 ( 6.569e-003) 
61  9.805e-001 ( 2.662e-003)  1.929e-002 ( 2.662e-003)  2.183e-004 ( 1.766e-004)  1.654e-001 ( 2.161e-002)  8.169e-001 ( 2.224e-002)  1.767e-002 ( 6.486e-003) 
62  9.798e-001 ( 2.621e-003)  1.994e-002 ( 2.620e-003)  2.660e-004 ( 2.064e-004)  1.634e-001 ( 2.054e-002)  8.184e-001 ( 2.121e-002)  1.820e-002 ( 6.400e-003) 
63  9.791e-001 ( 2.585e-003)  2.060e-002 ( 2.583e-003)  3.241e-004 ( 2.409e-004)  1.614e-001 ( 1.955e-002)  8.198e-001 ( 2.024e-002)  1.875e-002 ( 6.312e-003) 
64  9.783e-001 ( 2.556e-003)  2.129e-002 ( 2.552e-003)  3.948e-004 ( 2.807e-004)  1.595e-001 ( 1.864e-002)  8.212e-001 ( 1.934e-002)  1.932e-002 ( 6.223e-003) 
65  9.775e-001 ( 2.537e-003)  2.200e-002 ( 2.530e-003)  4.809e-004 ( 3.264e-004)  1.575e-001 ( 1.780e-002)  8.226e-001 ( 1.851e-002)  1.990e-002 ( 6.136e-003) 
66  9.767e-001 ( 2.531e-003)  2.273e-002 ( 2.521e-003)  5.858e-004 ( 3.788e-004)  1.556e-001 ( 1.704e-002)  8.239e-001 ( 1.776e-002)  2.050e-002 ( 6.051e-003) 
67  9.758e-001 ( 2.542e-003)  2.349e-002 ( 2.527e-003)  7.136e-004 ( 4.387e-004)  1.537e-001 ( 1.638e-002)  8.252e-001 ( 1.710e-002)  2.111e-002 ( 5.973e-003) 
68  9.749e-001 ( 2.574e-003)  2.427e-002 ( 2.551e-003)  8.691e-004 ( 5.069e-004)  1.518e-001 ( 1.581e-002)  8.265e-001 ( 1.652e-002)  2.175e-002 ( 5.903e-003) 
69  9.739e-001 ( 2.629e-003)  2.507e-002 ( 2.598e-003)  1.058e-003 ( 5.842e-004)  1.499e-001 ( 1.534e-002)  8.277e-001 ( 1.604e-002)  2.240e-002 ( 5.847e-003) 
70  9.728e-001 ( 2.713e-003)  2.590e-002 ( 2.671e-003)  1.289e-003 ( 6.716e-004)  1.480e-001 ( 1.497e-002)  8.289e-001 ( 1.565e-002)  2.307e-002 ( 5.809e-003) 
71  9.717e-001 ( 2.826e-003)  2.676e-002 ( 2.771e-003)  1.570e-003 ( 7.699e-004)  1.461e-001 ( 1.470e-002)  8.301e-001 ( 1.536e-002)  2.376e-002 ( 5.792e-003) 
72  9.705e-001 ( 2.973e-003)  2.764e-002 ( 2.901e-003)  1.911e-003 ( 8.802e-004)  1.443e-001 ( 1.454e-002)  8.312e-001 ( 1.517e-002)  2.446e-002 ( 5.803e-003) 
73  9.691e-001 ( 3.154e-003)  2.854e-002 ( 3.063e-003)  2.327e-003 ( 1.003e-003)  1.425e-001 ( 1.447e-002)  8.323e-001 ( 1.508e-002)  2.519e-002 ( 5.848e-003) 
74  9.677e-001 ( 3.370e-003)  2.947e-002 ( 3.257e-003)  2.833e-003 ( 1.140e-003)  1.407e-001 ( 1.450e-002)  8.334e-001 ( 1.508e-002)  2.594e-002 ( 5.930e-003) 
75  9.661e-001 ( 3.622e-003)  3.043e-002 ( 3.484e-003)  3.448e-003 ( 1.292e-003)  1.389e-001 ( 1.461e-002)  8.344e-001 ( 1.517e-002)  2.671e-002 ( 6.057e-003) 
76  9.644e-001 ( 3.911e-003)  3.141e-002 ( 3.744e-003)  4.196e-003 ( 1.461e-003)  1.371e-001 ( 1.481e-002)  8.354e-001 ( 1.535e-002)  2.750e-002 ( 6.232e-003) 
77  9.625e-001 ( 4.235e-003)  3.242e-002 ( 4.036e-003)  5.106e-003 ( 1.650e-003)  1.354e-001 ( 1.507e-002)  8.363e-001 ( 1.561e-002)  2.831e-002 ( 6.460e-003) 
78  9.603e-001 ( 4.597e-003)  3.346e-002 ( 4.359e-003)  6.211e-003 ( 1.862e-003)  1.336e-001 ( 1.540e-002)  8.372e-001 ( 1.595e-002)  2.915e-002 ( 6.743e-003) 
79  9.579e-001 ( 4.998e-003)  3.451e-002 ( 4.714e-003)  7.553e-003 ( 2.105e-003)  1.319e-001 ( 1.578e-002)  8.381e-001 ( 1.635e-002)  3.001e-002 ( 7.084e-003) 
80  9.552e-001 ( 5.443e-003)  3.559e-002 ( 5.099e-003)  9.182e-003 ( 2.391e-003)  1.302e-001 ( 1.621e-002)  8.389e-001 ( 1.682e-002)  3.089e-002 ( 7.484e-003) 
81  9.522e-001 ( 5.939e-003)  3.669e-002 ( 5.513e-003)  1.116e-002 ( 2.738e-003)  1.285e-001 ( 1.667e-002)  8.397e-001 ( 1.735e-002)  3.180e-002 ( 7.944e-003) 
82  9.486e-001 ( 6.500e-003)  3.780e-002 ( 5.957e-003)  1.355e-002 ( 3.177e-003)  1.268e-001 ( 1.717e-002)  8.404e-001 ( 1.793e-002)  3.273e-002 ( 8.464e-003) 
83  9.446e-001 ( 7.149e-003)  3.893e-002 ( 6.428e-003)  1.645e-002 ( 3.748e-003)  1.252e-001 ( 1.769e-002)  8.411e-001 ( 1.855e-002)  3.369e-002 ( 9.044e-003) 
84  9.400e-001 ( 7.922e-003)  4.006e-002 ( 6.926e-003)  1.996e-002 ( 4.511e-003)  1.235e-001 ( 1.823e-002)  8.418e-001 ( 1.922e-002)  3.467e-002 ( 9.683e-003) 
85  9.346e-001 ( 8.875e-003)  4.119e-002 ( 7.449e-003)  2.420e-002 ( 5.539e-003)  1.219e-001 ( 1.878e-002)  8.424e-001 ( 1.993e-002)  3.569e-002 ( 1.038e-002) 
86  9.284e-001 ( 1.009e-002)  4.232e-002 ( 7.996e-003)  2.931e-002 ( 6.922e-003)  1.203e-001 ( 1.935e-002)  8.430e-001 ( 2.068e-002)  3.673e-002 ( 1.114e-002) 
87  9.211e-001 ( 1.166e-002)  4.342e-002 ( 8.563e-003)  3.545e-002 ( 8.766e-003)  1.187e-001 ( 1.992e-002)  8.435e-001 ( 2.147e-002)  3.779e-002 ( 1.196e-002) 
88  9.127e-001 ( 1.372e-002)  4.450e-002 ( 9.150e-003)  4.282e-002 ( 1.119e-002)  1.171e-001 ( 2.049e-002)  8.440e-001 ( 2.230e-002)  3.889e-002 ( 1.283e-002) 
89  9.028e-001 ( 1.643e-002)  4.552e-002 ( 9.752e-003)  5.164e-002 ( 1.434e-002)  1.155e-001 ( 2.106e-002)  8.444e-001 ( 2.316e-002)  4.001e-002 ( 1.377e-002) 
90  8.914e-001 ( 1.994e-002)  4.648e-002 ( 1.037e-002)  6.216e-002 ( 1.837e-002)  1.140e-001 ( 2.163e-002)  8.448e-001 ( 2.406e-002)  4.117e-002 ( 1.476e-002) 