
#****** ******
# FRFgali.txt
#IMaCh version 0.99r45, April 2023,INED-EUROREVES-Institut de longevite-Japan Society for the Promotion of Science (Grant-in-Aid for Scientific Research 25293121), Intel Software 2015-2020, Nihon University 2021-202, INED 2000-2022
#$Revision: 1.353 $ $Date: 2023/05/08 18:48:22 $
# Tue Feb 04 20:24:32 2025
# Variance and covariance of health expectancies e.j 
#  (weighted average of eij where weights are the age specific period (stable) prevalences in each health state 
# Age Cov(e.1, e.1) Cov(e.1, e.2) Cov(e.2, e.1) Cov(e.2, e.2)
50  1.0596 -0.0600 -0.0600 0.3338
51  1.0253 -0.0585 -0.0585 0.3324
52  0.9928 -0.0573 -0.0573 0.3313
53  0.9620 -0.0563 -0.0563 0.3303
54  0.9539 -0.0474 -0.0474 0.3323
55  0.9058 -0.0548 -0.0548 0.3288
56  0.8803 -0.0542 -0.0542 0.3283
57  0.8564 -0.0537 -0.0537 0.3278
58  0.8342 -0.0532 -0.0532 0.3275
59  0.8136 -0.0527 -0.0527 0.3273
60  0.7945 -0.0522 -0.0522 0.3271
61  0.7767 -0.0515 -0.0515 0.3270
62  0.7603 -0.0507 -0.0507 0.3269
63  0.7449 -0.0498 -0.0498 0.3268
64  0.7307 -0.0486 -0.0486 0.3267
65  0.7173 -0.0471 -0.0471 0.3265
66  0.7047 -0.0452 -0.0452 0.3262
67  0.6929 -0.0430 -0.0430 0.3258
68  0.6816 -0.0404 -0.0404 0.3253
69  0.6708 -0.0373 -0.0373 0.3246
70  0.6605 -0.0337 -0.0337 0.3237
71  0.6506 -0.0296 -0.0296 0.3226
72  0.6410 -0.0249 -0.0249 0.3213
73  0.6319 -0.0195 -0.0195 0.3197
74  0.6231 -0.0136 -0.0136 0.3179
75  0.6148 -0.0071 -0.0071 0.3159
76  0.6069 0.0000 0.0000 0.3136
77  0.5995 0.0077 0.0077 0.3110
78  0.5926 0.0159 0.0159 0.3082
79  0.5862 0.0246 0.0246 0.3052
80  0.5800 0.0335 0.0335 0.3021
81  0.5741 0.0426 0.0426 0.2988
82  0.5681 0.0516 0.0516 0.2954
83  0.5616 0.0603 0.0603 0.2919
84  0.5543 0.0683 0.0683 0.2884
85  0.5456 0.0753 0.0753 0.2848
86  0.5351 0.0809 0.0809 0.2812
87  0.5221 0.0845 0.0845 0.2777
88  0.5063 0.0857 0.0857 0.2744
89  0.4874 0.0840 0.0840 0.2713
90  0.4651 0.0790 0.0790 0.2688
