
#****** ******
# FRFgali.txt
#IMaCh version 0.99r45, April 2023,INED-EUROREVES-Institut de longevite-Japan Society for the Promotion of Science (Grant-in-Aid for Scientific Research 25293121), Intel Software 2015-2020, Nihon University 2021-202, INED 2000-2022
#$Revision: 1.353 $ $Date: 2023/05/08 18:48:22 $
# Tue Feb 04 20:24:32 2025
# Standard deviation of period (forward stable) prevalences 
# Age  Result#  1-1 2-2
50 1  0.94268 (0.01436) 0.05735 (0.01439)
51 1  0.94037 (0.01437) 0.05967 (0.01441)
52 1  0.93797 (0.01438) 0.06206 (0.01441)
53 1  0.93549 (0.01436) 0.06455 (0.01439)
54 1  0.93291 (0.01436) 0.06712 (0.01342)
55 1  0.93025 (0.01427) 0.06978 (0.01430)
56 1  0.92749 (0.01420) 0.07255 (0.01423)
57 1  0.92464 (0.01411) 0.07540 (0.01414)
58 1  0.92168 (0.01400) 0.07836 (0.01404)
59 1  0.91862 (0.01388) 0.08143 (0.01392)
60 1  0.91546 (0.01375) 0.08458 (0.01378)
61 1  0.91219 (0.01360) 0.08786 (0.01363)
62 1  0.90881 (0.01345) 0.09124 (0.01348)
63 1  0.90531 (0.01329) 0.09474 (0.01333)
64 1  0.90170 (0.01314) 0.09836 (0.01318)
65 1  0.89797 (0.01300) 0.10209 (0.01304)
66 1  0.89411 (0.01288) 0.10595 (0.01292)
67 1  0.89013 (0.01279) 0.10992 (0.01282)
68 1  0.88602 (0.01273) 0.11404 (0.01276)
69 1  0.88177 (0.01273) 0.11829 (0.01277)
70 1  0.87739 (0.01280) 0.12268 (0.01283)
71 1  0.87285 (0.01295) 0.12721 (0.01298)
72 1  0.86817 (0.01320) 0.13190 (0.01323)
73 1  0.86333 (0.01356) 0.13675 (0.01359)
74 1  0.85832 (0.01404) 0.14176 (0.01407)
75 1  0.85313 (0.01465) 0.14696 (0.01468)
76 1  0.84774 (0.01541) 0.15235 (0.01544)
77 1  0.84215 (0.01631) 0.15793 (0.01633)
78 1  0.83633 (0.01736) 0.16375 (0.01738)
79 1  0.83026 (0.01856) 0.16983 (0.01858)
80 1  0.82390 (0.01991) 0.17618 (0.01993)
81 1  0.81723 (0.02142) 0.18286 (0.02144)
82 1  0.81019 (0.02309) 0.18990 (0.02311)
83 1  0.80273 (0.02493) 0.19737 (0.02494)
84 1  0.79478 (0.02693) 0.20533 (0.02695)
85 1  0.78623 (0.02913) 0.21388 (0.02915)
86 1  0.77699 (0.03153) 0.22313 (0.03155)
87 1  0.76690 (0.03416) 0.23323 (0.03418)
88 1  0.75578 (0.03708) 0.24436 (0.03710)
89 1  0.74341 (0.04034) 0.25675 (0.04036)
90 1  0.72948 (0.04405) 0.27065 (0.04407)
