# ESMchr.txt
#IMaCh version 0.99r45, April 2023,INED-EUROREVES-Institut de longevite-Japan Society for the Promotion of Science (Grant-in-Aid for Scientific Research 25293121), Intel Software 2015-2020, Nihon University 2021-202, INED 2000-2022
#$Revision: 1.353 $ $Date: 2023/05/08 18:48:22 $
# Tue Feb 04 22:21:37 2025
# Forward period (stable) prevalence. Precision given by ftolpl=0.0006 
#Age 1-1 2-2 
#************
#Age   1-1     2-2   Total Years_to_converge
50  0.45141 0.54866 1.000 14
51  0.43414 0.56594 1.000 14
52  0.41690 0.58318 1.000 14
53  0.39975 0.60035 1.000 14
54  0.38272 0.61739 1.000 14
55  0.36587 0.63425 1.000 14
56  0.34925 0.65089 1.000 14
57  0.33289 0.66726 1.000 14
58  0.31684 0.68333 1.000 14
59  0.30114 0.69904 1.000 14
60  0.28575 0.71430 1.000 16
61  0.27083 0.72922 1.000 16
62  0.25636 0.74369 1.000 16
63  0.24236 0.75770 1.000 16
64  0.22884 0.77123 1.000 16
65  0.21581 0.78425 1.000 16
66  0.20331 0.79676 1.000 16
67  0.19132 0.80875 1.000 16
68  0.17985 0.82021 1.000 16
69  0.16891 0.83115 1.000 16
70  0.15849 0.84157 1.000 16
71  0.14858 0.85148 1.000 16
72  0.13917 0.86088 1.000 16
73  0.13027 0.86979 1.000 16
74  0.12184 0.87821 1.000 16
75  0.11388 0.88617 1.000 16
76  0.10637 0.89367 1.000 16
77  0.09930 0.90074 1.000 16
78  0.09264 0.90739 1.000 16
79  0.08639 0.91365 1.000 16
80  0.08051 0.91952 1.000 16
81  0.07499 0.92503 1.000 16
82  0.06982 0.93020 1.000 16
83  0.06498 0.93504 1.000 16
84  0.06044 0.93957 1.000 16
85  0.05620 0.94381 1.000 16
86  0.05223 0.94778 1.000 16
87  0.04852 0.95149 1.000 16
88  0.04506 0.95495 1.000 16
89  0.04183 0.95818 1.000 16
90  0.03882 0.96120 1.000 14
