# ESMchr.txt
#IMaCh version 0.99r45, April 2023,INED-EUROREVES-Institut de longevite-Japan Society for the Promotion of Science (Grant-in-Aid for Scientific Research 25293121), Intel Software 2015-2020, Nihon University 2021-202, INED 2000-2022
#$Revision: 1.353 $ $Date: 2023/05/08 18:48:22 $
# Tue Feb 04 22:21:37 2025
# probabilities of dying before estepm=24 months for people of exact age and weighted probabilities w1*p1j+w2*p2j+... stand dev in()
# Selected quantitative variables and dummies
# Age cov=1 p.3 SE w1 p13 w2 p23
 50 1   8.636e-003  2.250e-003  4.514e-001  7.660e-004   5.487e-001  1.511e-002 
 51 1   9.716e-003  2.418e-003  4.341e-001  8.976e-004   5.659e-001  1.648e-002 
 52 1   1.091e-002  2.592e-003  4.169e-001  1.051e-003   5.832e-001  1.796e-002 
 53 1   1.223e-002  2.771e-003  3.997e-001  1.231e-003   6.004e-001  1.955e-002 
 54 1   1.367e-002  2.955e-003  3.827e-001  1.440e-003   6.174e-001  2.126e-002 
 55 1   1.526e-002  3.143e-003  3.659e-001  1.684e-003   6.343e-001  2.310e-002 
 56 1   1.701e-002  3.334e-003  3.492e-001  1.968e-003   6.509e-001  2.507e-002 
 57 1   1.891e-002  3.526e-003  3.329e-001  2.300e-003   6.673e-001  2.719e-002 
 58 1   2.098e-002  3.720e-003  3.168e-001  2.685e-003   6.833e-001  2.946e-002 
 59 1   2.324e-002  3.915e-003  3.011e-001  3.133e-003   6.990e-001  3.190e-002 
 60 1   2.569e-002  4.108e-003  2.857e-001  3.655e-003   7.143e-001  3.451e-002 
 61 1   2.835e-002  4.301e-003  2.708e-001  4.260e-003   7.292e-001  3.730e-002 
 62 1   3.123e-002  4.492e-003  2.564e-001  4.963e-003   7.437e-001  4.029e-002 
 63 1   3.434e-002  4.681e-003  2.424e-001  5.779e-003   7.577e-001  4.347e-002 
 64 1   3.769e-002  4.870e-003  2.288e-001  6.724e-003   7.712e-001  4.688e-002 
 65 1   4.130e-002  5.058e-003  2.158e-001  7.820e-003   7.842e-001  5.051e-002 
 66 1   4.518e-002  5.248e-003  2.033e-001  9.088e-003   7.968e-001  5.438e-002 
 67 1   4.934e-002  5.445e-003  1.913e-001  1.055e-002   8.087e-001  5.851e-002 
 68 1   5.380e-002  5.652e-003  1.799e-001  1.225e-002   8.202e-001  6.290e-002 
 69 1   5.856e-002  5.878e-003  1.689e-001  1.421e-002   8.312e-001  6.757e-002 
 70 1   6.365e-002  6.131e-003  1.585e-001  1.646e-002   8.416e-001  7.253e-002 
 71 1   6.908e-002  6.421e-003  1.486e-001  1.907e-002   8.515e-001  7.780e-002 
 72 1   7.486e-002  6.762e-003  1.392e-001  2.206e-002   8.609e-001  8.340e-002 
 73 1   8.101e-002  7.169e-003  1.303e-001  2.550e-002   8.698e-001  8.932e-002 
 74 1   8.754e-002  7.657e-003  1.218e-001  2.945e-002   8.782e-001  9.560e-002 
 75 1   9.447e-002  8.240e-003  1.139e-001  3.397e-002   8.862e-001  1.022e-001 
 76 1   1.018e-001  8.935e-003  1.064e-001  3.915e-002   8.937e-001  1.093e-001 
 77 1   1.096e-001  9.754e-003  9.930e-002  4.506e-002   9.007e-001  1.167e-001 
 78 1   1.177e-001  1.071e-002  9.264e-002  5.179e-002   9.074e-001  1.245e-001 
 79 1   1.264e-001  1.181e-002  8.639e-002  5.945e-002   9.136e-001  1.327e-001 
 80 1   1.355e-001  1.306e-002  8.051e-002  6.813e-002   9.195e-001  1.414e-001 
 81 1   1.450e-001  1.446e-002  7.499e-002  7.795e-002   9.250e-001  1.504e-001 
 82 1   1.550e-001  1.603e-002  6.982e-002  8.902e-002   9.302e-001  1.600e-001 
 83 1   1.655e-001  1.776e-002  6.498e-002  1.015e-001   9.350e-001  1.700e-001 
 84 1   1.765e-001  1.965e-002  6.044e-002  1.154e-001   9.396e-001  1.805e-001 
 85 1   1.880e-001  2.170e-002  5.620e-002  1.309e-001   9.438e-001  1.914e-001 
 86 1   1.999e-001  2.391e-002  5.223e-002  1.481e-001   9.478e-001  2.028e-001 
 87 1   2.124e-001  2.627e-002  4.852e-002  1.671e-001   9.515e-001  2.147e-001 
 88 1   2.253e-001  2.878e-002  4.506e-002  1.879e-001   9.549e-001  2.270e-001 
 89 1   2.386e-001  3.142e-002  4.183e-002  2.106e-001   9.582e-001  2.399e-001 
 90 1   2.525e-001  3.419e-002  3.882e-002  2.352e-001   9.612e-001  2.532e-001 
