
# model  
#****** Result for:******
# ESMchr.txt
#IMaCh version 0.99r45, April 2023,INED-EUROREVES-Institut de longevite-Japan Society for the Promotion of Science (Grant-in-Aid for Scientific Research 25293121), Intel Software 2015-2020, Nihon University 2021-202, INED 2000-2022
#$Revision: 1.353 $ $Date: 2023/05/08 18:48:22 $
# Tue Feb 04 22:21:37 2025
# Total life expectancy with std error and decomposition into time to be expected in each health state
#  (weighted average of eij where weights are the age specific forward period (stable) prevalences in each health state 
# Age popbased mobilav e.. (std) e.1 (std) e.2 (std) 
   50 0 0  28.765 (  0.982)   6.433 (  0.478)  22.331 (  0.942)
   51 0 0  27.881 (  0.968)   6.016 (  0.442)  21.865 (  0.924)
   52 0 0  27.007 (  0.954)   5.617 (  0.410)  21.390 (  0.906)
   53 0 0  26.145 (  0.939)   5.237 (  0.381)  20.908 (  0.890)
   54 0 0  25.294 (  0.925)   4.875 (  0.356)  20.419 (  0.875)
   55 0 0  24.456 (  0.911)   4.531 (  0.334)  19.925 (  0.861)
   56 0 0  23.632 (  0.897)   4.206 (  0.315)  19.426 (  0.848)
   57 0 0  22.820 (  0.884)   3.897 (  0.299)  18.923 (  0.836)
   58 0 0  22.023 (  0.871)   3.606 (  0.285)  18.417 (  0.825)
   59 0 0  21.241 (  0.859)   3.332 (  0.273)  17.909 (  0.814)
   60 0 0  20.471 (  0.847)   3.074 (  0.263)  17.397 (  0.805)
   61 0 0  19.720 (  0.837)   2.832 (  0.254)  16.888 (  0.796)
   62 0 0  18.985 (  0.827)   2.605 (  0.246)  16.379 (  0.788)
   63 0 0  18.266 (  0.819)   2.394 (  0.239)  15.873 (  0.782)
   64 0 0  17.564 (  0.811)   2.196 (  0.232)  15.368 (  0.776)
   65 0 0  16.880 (  0.805)   2.012 (  0.225)  14.868 (  0.771)
   66 0 0  16.213 (  0.800)   1.841 (  0.218)  14.372 (  0.768)
   67 0 0  15.564 (  0.796)   1.682 (  0.211)  13.882 (  0.765)
   68 0 0  14.933 (  0.793)   1.535 (  0.204)  13.398 (  0.763)
   69 0 0  14.320 (  0.790)   1.400 (  0.197)  12.920 (  0.762)
   70 0 0  13.725 (  0.789)   1.274 (  0.190)  12.451 (  0.762)
   71 0 0  13.148 (  0.788)   1.159 (  0.182)  11.989 (  0.762)
   72 0 0  12.590 (  0.788)   1.052 (  0.175)  11.537 (  0.764)
   73 0 0  12.049 (  0.789)   0.955 (  0.167)  11.095 (  0.765)
   74 0 0  11.527 (  0.790)   0.865 (  0.160)  10.662 (  0.767)
   75 0 0  11.023 (  0.791)   0.783 (  0.152)  10.240 (  0.769)
   76 0 0  10.537 (  0.792)   0.708 (  0.144)   9.829 (  0.770)
   77 0 0  10.069 (  0.792)   0.640 (  0.137)   9.429 (  0.772)
   78 0 0   9.618 (  0.793)   0.578 (  0.129)   9.040 (  0.774)
   79 0 0   9.184 (  0.793)   0.521 (  0.122)   8.663 (  0.775)
   80 0 0   8.768 (  0.793)   0.469 (  0.115)   8.298 (  0.775)
   81 0 0   8.368 (  0.792)   0.422 (  0.108)   7.945 (  0.775)
   82 0 0   7.985 (  0.790)   0.380 (  0.101)   7.605 (  0.774)
   83 0 0   7.617 (  0.788)   0.341 (  0.095)   7.276 (  0.773)
   84 0 0   7.266 (  0.784)   0.307 (  0.089)   6.959 (  0.770)
   85 0 0   6.930 (  0.780)   0.275 (  0.083)   6.655 (  0.767)
   86 0 0   6.609 (  0.775)   0.247 (  0.077)   6.362 (  0.763)
   87 0 0   6.303 (  0.769)   0.221 (  0.072)   6.082 (  0.757)
   88 0 0   6.011 (  0.763)   0.198 (  0.067)   5.813 (  0.751)
   89 0 0   5.733 (  0.755)   0.177 (  0.062)   5.555 (  0.744)
   90 0 0   5.468 (  0.746)   0.159 (  0.058)   5.309 (  0.736)
