
#****** ******
# ESMchr.txt
#IMaCh version 0.99r45, April 2023,INED-EUROREVES-Institut de longevite-Japan Society for the Promotion of Science (Grant-in-Aid for Scientific Research 25293121), Intel Software 2015-2020, Nihon University 2021-202, INED 2000-2022
#$Revision: 1.353 $ $Date: 2023/05/08 18:48:22 $
# Tue Feb 04 22:21:37 2025
# Standard deviation of period (forward stable) prevalences 
# Age  Result#  1-1 2-2
50 1  0.45140 (0.04543) 0.54866 (0.04538)
51 1  0.43414 (0.04265) 0.56594 (0.04260)
52 1  0.41690 (0.03987) 0.58319 (0.03982)
53 1  0.39975 (0.03710) 0.60035 (0.03705)
54 1  0.38272 (0.03438) 0.61739 (0.03432)
55 1  0.36587 (0.03172) 0.63425 (0.03167)
56 1  0.34925 (0.02916) 0.65089 (0.02911)
57 1  0.33289 (0.02672) 0.66726 (0.02667)
58 1  0.31684 (0.02444) 0.68333 (0.02439)
59 1  0.30114 (0.02232) 0.69904 (0.02227)
60 1  0.28575 (0.02040) 0.71430 (0.02039)
61 1  0.27083 (0.01871) 0.72922 (0.01870)
62 1  0.25636 (0.01727) 0.74370 (0.01725)
63 1  0.24235 (0.01607) 0.75771 (0.01606)
64 1  0.22883 (0.01514) 0.77123 (0.01513)
65 1  0.21581 (0.01445) 0.78425 (0.01444)
66 1  0.20330 (0.01398) 0.79676 (0.01397)
67 1  0.19131 (0.01370) 0.80875 (0.01369)
68 1  0.17985 (0.01356) 0.82021 (0.01355)
69 1  0.16891 (0.01353) 0.83116 (0.01352)
70 1  0.15848 (0.01357) 0.84158 (0.01356)
71 1  0.14858 (0.01364) 0.85148 (0.01363)
72 1  0.13917 (0.01372) 0.86088 (0.01371)
73 1  0.13026 (0.01379) 0.86979 (0.01378)
74 1  0.12184 (0.01384) 0.87821 (0.01383)
75 1  0.11388 (0.01386) 0.88617 (0.01384)
76 1  0.10637 (0.01383) 0.89367 (0.01382)
77 1  0.09930 (0.01376) 0.90074 (0.01375)
78 1  0.09264 (0.01366) 0.90739 (0.01364)
79 1  0.08638 (0.01351) 0.91365 (0.01350)
80 1  0.08051 (0.01332) 0.91952 (0.01331)
81 1  0.07499 (0.01310) 0.92503 (0.01309)
82 1  0.06982 (0.01285) 0.93020 (0.01284)
83 1  0.06498 (0.01256) 0.93504 (0.01255)
84 1  0.06044 (0.01226) 0.93958 (0.01225)
85 1  0.05620 (0.01193) 0.94382 (0.01192)
86 1  0.05223 (0.01158) 0.94778 (0.01158)
87 1  0.04852 (0.01123) 0.95149 (0.01122)
88 1  0.04506 (0.01086) 0.95495 (0.01085)
89 1  0.04182 (0.01048) 0.95818 (0.01048)
90 1  0.03882 (0.01011) 0.96120 (0.01010)
