# CZMchr.txt
#IMaCh version 0.99r45, April 2023,INED-EUROREVES-Institut de longevite-Japan Society for the Promotion of Science (Grant-in-Aid for Scientific Research 25293121), Intel Software 2015-2020, Nihon University 2021-202, INED 2000-2022
#$Revision: 1.353 $ $Date: 2023/05/08 18:48:22 $
# Tue Feb 04 22:21:36 2025
# Forward period (stable) prevalence. Precision given by ftolpl=0.0006 
#Age 1-1 2-2 
#************
#Age   1-1     2-2   Total Years_to_converge
50  0.20268 0.79736 1.000 18
51  0.19607 0.80397 1.000 18
52  0.18962 0.81043 1.000 18
53  0.18331 0.81674 1.000 18
54  0.17714 0.82291 1.000 18
55  0.17113 0.82893 1.000 18
56  0.16526 0.83479 1.000 18
57  0.15955 0.84051 1.000 18
58  0.15399 0.84607 1.000 18
59  0.14858 0.85149 1.000 18
60  0.14332 0.85675 1.000 18
61  0.13821 0.86186 1.000 18
62  0.13325 0.86682 1.000 18
63  0.12840 0.87163 1.000 20
64  0.12373 0.87630 1.000 20
65  0.11921 0.88082 1.000 20
66  0.11482 0.88521 1.000 20
67  0.11058 0.88945 1.000 20
68  0.10647 0.89356 1.000 20
69  0.10249 0.89754 1.000 20
70  0.09865 0.90138 1.000 20
71  0.09493 0.90510 1.000 20
72  0.09133 0.90870 1.000 20
73  0.08786 0.91218 1.000 20
74  0.08449 0.91554 1.000 20
75  0.08124 0.91880 1.000 20
76  0.07809 0.92195 1.000 20
77  0.07504 0.92500 1.000 20
78  0.07208 0.92795 1.000 20
79  0.06922 0.93082 1.000 20
80  0.06644 0.93360 1.000 20
81  0.06371 0.93630 1.000 22
82  0.06108 0.93894 1.000 22
83  0.05851 0.94150 1.000 22
84  0.05601 0.94400 1.000 22
85  0.05357 0.94645 1.000 22
86  0.05117 0.94884 1.000 22
87  0.04883 0.95118 1.000 22
88  0.04653 0.95348 1.000 22
89  0.04428 0.95573 1.000 22
90  0.04207 0.95794 1.000 22
