# Powell
# iter -2*LL p12 p13 p21 p23
1 1 3471.939512109642 0 0.000000000000 0.000000000000 0.000000000000 0.000000000000 0.000000000000 0.000000000000 0.000000000000 0.000000000000
2 2 1909.681573839295 1 1.266761628268 0.000237714756 -2.861301943710 0.003725320662 -1.895054487926 -0.000901965252 -2.323757327166 0.001468872872
3 2 1798.323351211252 1 0.322963920125 0.000353765039 -3.673427365438 0.007528010202 -2.556544286301 -0.001716084415 -2.487403898796 0.002900028313
4 3 1788.370851880688 1 -0.033370124177 0.001002870205 -5.456927740149 0.028441720012 -2.286214322437 -0.006420886986 -3.056528336295 0.011187594288
5 3 1773.879657062579 1 -0.260614424453 0.002342352572 -8.312308116910 0.070931319238 -1.655283877129 -0.015996648957 -4.071237677578 0.025950858418
6 4 1742.627998213871 1 -0.372025435788 0.005563657848 -14.673059965762 0.171495989385 -0.104112829076 -0.038751000182 -6.474381283112 0.060584125080
7 4 1731.877881998969 1 -0.268059730294 0.008834739804 -15.942350695705 0.189154547674 0.186267760763 -0.042860878829 -6.873391771586 0.065618499080
8 5 1730.339502150639 1 -0.308829687845 0.009924421759 -17.298582017555 0.203298671947 0.381707542655 -0.046133502641 -7.223184803186 0.070057521140
9 5 1730.132833960597 1 -0.333907561231 0.010246461014 -17.831591171821 0.208534342239 0.452314102391 -0.047376365087 -7.364190596514 0.071820095067
10 6 1730.103604967167 1 -0.343770877883 0.010356112210 -17.975481219092 0.209851894270 0.471489219104 -0.047728959923 -7.411506617346 0.072411552872
11 6 1730.005988954393 1 -0.382046044262 0.010824245980 -18.118446875005 0.210311069033 0.499478233187 -0.048319099861 -7.564640667565 0.074358241293
12 7 1729.753639037092 1 -0.449558318467 0.011743294159 -17.774983260035 0.205426270088 0.483464766614 -0.048222715799 -7.789742788722 0.077328621624
13 7 1729.458933647627 1 -0.511388863934 0.012886169687 -16.989985782961 0.194519035126 0.416463213584 -0.047137838677 -8.045201956725 0.080919742894
14 8 1728.973551730503 1 -0.529825713647 0.013629089688 -15.041764892238 0.169998591781 0.177604385118 -0.043201692499 -8.135217610616 0.082374385457
15 8 1728.856141041686 1 -0.510222187770 0.013098562533 -14.688551020577 0.165742770399 0.111087043953 -0.042158861463 -8.038059436210 0.081026162887
16 9 1728.801386757595 1 -0.490207124050 0.012614480720 -14.456538221386 0.163815874792 0.070395056596 -0.041582468730 -7.986906113753 0.080264670057
17 9 1728.797066821904 1 -0.487041496866 0.012616624751 -14.533136761762 0.165027488066 0.084126018691 -0.041796088901 -7.994253229902 0.080366889713
18 10 1728.796259170151 2 -0.483565948854 0.012605778090 -14.538547902402 0.165198134624 0.085798340015 -0.041817656748 -7.992091645815 0.080340512143
19 10 1728.796242240863 2 -0.483265495815 0.012601023180 -14.538910805813 0.165196679474 0.085749213701 -0.041815696136 -7.990392075698 0.080318186386
20 11 1728.796227595987 2 -0.482539240211 0.012587878978 -14.538442279333 0.165191488307 0.085890487569 -0.041817226635 -7.987273479466 0.080275675286
21 11 1728.796218160474 2 -0.482507714066 0.012587220199 -14.537624313995 0.165179992570 0.086191258903 -0.041821925874 -7.987288168807 0.080275832689
22 12 1728.796066971497 2 -0.481234707528 0.012567579022 -14.512969898291 0.164838326737 0.096290684684 -0.041978200043 -7.987360574987 0.080276330477
23 12 1728.796066030598 2 -0.481203844622 0.012566349409 -14.511667157568 0.164826078213 0.096257553232 -0.041977831169 -7.987462338269 0.080277702162
24 13 1728.796066025254 2 -0.481215622519 0.012566583948 -14.511643900433 0.164825557293 0.096246322406 -0.041977656024 -7.987489498104 0.080278073583
25 13 1728.796066013862 2 -0.481249134965 0.012567171068 -14.511611125538 0.164825260713 0.096250108263 -0.041977750423 -7.987569995473 0.080279175825
26 14 1728.796066000986 2 -0.481259338114 0.012567334135 -14.511610381117 0.164825340208 0.096240425911 -0.041977592865 -7.987566175539 0.080279122161
27 14 1728.796065747950 2 -0.481645367088 0.012573714498 -14.511959642974 0.164830784709 0.096271281256 -0.041978037441 -7.987386267032 0.080276648264
28 15 1728.796065742649 2 -0.481649684662 0.012573745490 -14.511846237419 0.164829506995 0.096308560679 -0.041978608937 -7.987394107820 0.080276771992
29 15 1728.796065742541 3 -0.481649438548 0.012573737035 -14.511827982431 0.164829313423 0.096305923901 -0.041978569438 -7.987393163103 0.080276759309
30 16 1728.796065742536 3 -0.481649360335 0.012573734489 -14.511826629967 0.164829295060 0.096305650164 -0.041978560804 -7.987392902155 0.080276756478
31 16 1728.796065742535 3 -0.481649333590 0.012573734210 -14.511826103842 0.164829287107 0.096305527851 -0.041978558980 -7.987392701014 0.080276753581
32 17 1728.796065742534 3 -0.481649333573 0.012573734210 -14.511826103501 0.164829287102 0.096305527991 -0.041978558983 -7.987392701015 0.080276753581
