# CZMchr.txt
#IMaCh version 0.99r45, April 2023,INED-EUROREVES-Institut de longevite-Japan Society for the Promotion of Science (Grant-in-Aid for Scientific Research 25293121), Intel Software 2015-2020, Nihon University 2021-202, INED 2000-2022
#$Revision: 1.353 $ $Date: 2023/05/08 18:48:22 $
# Tue Feb 04 22:21:36 2025
# probabilities of dying before estepm=24 months for people of exact age and weighted probabilities w1*p1j+w2*p2j+... stand dev in()
# Selected quantitative variables and dummies
# Age cov=1 p.3 SE w1 p13 w2 p23
 50 1   1.317e-002  3.713e-003  2.027e-001  8.756e-004   7.974e-001  1.630e-002 
 51 1   1.445e-002  3.899e-003  1.961e-001  1.025e-003   8.040e-001  1.772e-002 
 52 1   1.584e-002  4.087e-003  1.896e-001  1.201e-003   8.104e-001  1.927e-002 
 53 1   1.736e-002  4.276e-003  1.833e-001  1.406e-003   8.167e-001  2.094e-002 
 54 1   1.901e-002  4.465e-003  1.771e-001  1.646e-003   8.229e-001  2.274e-002 
 55 1   2.080e-002  4.654e-003  1.711e-001  1.927e-003   8.289e-001  2.470e-002 
 56 1   2.276e-002  4.840e-003  1.653e-001  2.256e-003   8.348e-001  2.681e-002 
 57 1   2.488e-002  5.024e-003  1.596e-001  2.641e-003   8.405e-001  2.910e-002 
 58 1   2.719e-002  5.204e-003  1.540e-001  3.090e-003   8.461e-001  3.157e-002 
 59 1   2.969e-002  5.379e-003  1.486e-001  3.617e-003   8.515e-001  3.424e-002 
 60 1   3.241e-002  5.548e-003  1.433e-001  4.232e-003   8.567e-001  3.712e-002 
 61 1   3.535e-002  5.712e-003  1.382e-001  4.951e-003   8.619e-001  4.023e-002 
 62 1   3.855e-002  5.871e-003  1.333e-001  5.791e-003   8.668e-001  4.358e-002 
 63 1   4.200e-002  6.027e-003  1.284e-001  6.773e-003   8.716e-001  4.719e-002 
 64 1   4.574e-002  6.181e-003  1.237e-001  7.920e-003   8.763e-001  5.108e-002 
 65 1   4.978e-002  6.338e-003  1.192e-001  9.259e-003   8.808e-001  5.526e-002 
 66 1   5.414e-002  6.505e-003  1.148e-001  1.082e-002   8.852e-001  5.976e-002 
 67 1   5.885e-002  6.689e-003  1.106e-001  1.264e-002   8.895e-001  6.459e-002 
 68 1   6.393e-002  6.902e-003  1.065e-001  1.477e-002   8.936e-001  6.978e-002 
 69 1   6.939e-002  7.160e-003  1.025e-001  1.724e-002   8.975e-001  7.535e-002 
 70 1   7.528e-002  7.479e-003  9.865e-002  2.012e-002   9.014e-001  8.131e-002 
 71 1   8.160e-002  7.880e-003  9.493e-002  2.346e-002   9.051e-001  8.769e-002 
 72 1   8.839e-002  8.386e-003  9.133e-002  2.735e-002   9.087e-001  9.452e-002 
 73 1   9.566e-002  9.018e-003  8.786e-002  3.186e-002   9.122e-001  1.018e-001 
 74 1   1.035e-001  9.797e-003  8.449e-002  3.708e-002   9.155e-001  1.096e-001 
 75 1   1.118e-001  1.074e-002  8.124e-002  4.311e-002   9.188e-001  1.179e-001 
 76 1   1.207e-001  1.187e-002  7.809e-002  5.008e-002   9.219e-001  1.267e-001 
 77 1   1.302e-001  1.319e-002  7.504e-002  5.810e-002   9.250e-001  1.360e-001 
 78 1   1.403e-001  1.471e-002  7.208e-002  6.732e-002   9.280e-001  1.460e-001 
 79 1   1.510e-001  1.645e-002  6.922e-002  7.787e-002   9.308e-001  1.565e-001 
 80 1   1.624e-001  1.840e-002  6.644e-002  8.991e-002   9.336e-001  1.676e-001 
 81 1   1.745e-001  2.057e-002  6.371e-002  1.036e-001   9.363e-001  1.793e-001 
 82 1   1.872e-001  2.295e-002  6.108e-002  1.191e-001   9.389e-001  1.917e-001 
 83 1   2.006e-001  2.555e-002  5.851e-002  1.366e-001   9.415e-001  2.046e-001 
 84 1   2.148e-001  2.835e-002  5.601e-002  1.561e-001   9.440e-001  2.182e-001 
 85 1   2.295e-001  3.136e-002  5.357e-002  1.779e-001   9.464e-001  2.325e-001 
 86 1   2.450e-001  3.454e-002  5.117e-002  2.020e-001   9.488e-001  2.473e-001 
 87 1   2.611e-001  3.790e-002  4.883e-002  2.284e-001   9.512e-001  2.628e-001 
 88 1   2.779e-001  4.140e-002  4.653e-002  2.572e-001   9.535e-001  2.789e-001 
 89 1   2.952e-001  4.503e-002  4.428e-002  2.883e-001   9.557e-001  2.955e-001 
 90 1   3.131e-001  4.875e-002  4.207e-002  3.214e-001   9.579e-001  3.127e-001 
