# CZMchr.txt
#IMaCh version 0.99r45, April 2023,INED-EUROREVES-Institut de longevite-Japan Society for the Promotion of Science (Grant-in-Aid for Scientific Research 25293121), Intel Software 2015-2020, Nihon University 2021-202, INED 2000-2022
#$Revision: 1.353 $ $Date: 2023/05/08 18:48:22 $
# Tue Feb 04 22:21:36 2025
#One-step probabilities and stand. devi in ()
# Age p1-1 (SE) p1-2 (SE) p1-3 (SE) p2-1 (SE) p2-2 (SE) p2-3 (SE)
50  4.629e-001 ( 4.507e-002)  5.362e-001 ( 4.506e-002)  8.756e-004 ( 1.192e-003)  1.170e-001 ( 2.439e-002)  8.667e-001 ( 2.448e-002)  1.630e-002 ( 4.553e-003) 
51  4.597e-001 ( 4.230e-002)  5.393e-001 ( 4.230e-002)  1.025e-003 ( 1.346e-003)  1.126e-001 ( 2.233e-002)  8.697e-001 ( 2.250e-002)  1.772e-002 ( 4.753e-003) 
52  4.565e-001 ( 3.966e-002)  5.423e-001 ( 3.966e-002)  1.201e-003 ( 1.518e-003)  1.083e-001 ( 2.038e-002)  8.725e-001 ( 2.065e-002)  1.927e-002 ( 4.953e-003) 
53  4.533e-001 ( 3.717e-002)  5.453e-001 ( 3.717e-002)  1.406e-003 ( 1.709e-003)  1.041e-001 ( 1.857e-002)  8.749e-001 ( 1.895e-002)  2.094e-002 ( 5.152e-003) 
54  4.501e-001 ( 3.486e-002)  5.483e-001 ( 3.485e-002)  1.646e-003 ( 1.922e-003)  1.001e-001 ( 1.689e-002)  8.772e-001 ( 1.739e-002)  2.274e-002 ( 5.349e-003) 
55  4.469e-001 ( 3.276e-002)  5.512e-001 ( 3.276e-002)  1.927e-003 ( 2.158e-003)  9.620e-002 ( 1.533e-002)  8.791e-001 ( 1.598e-002)  2.470e-002 ( 5.544e-003) 
56  4.436e-001 ( 3.092e-002)  5.541e-001 ( 3.093e-002)  2.256e-003 ( 2.420e-003)  9.242e-002 ( 1.390e-002)  8.808e-001 ( 1.472e-002)  2.681e-002 ( 5.734e-003) 
57  4.403e-001 ( 2.939e-002)  5.570e-001 ( 2.940e-002)  2.641e-003 ( 2.710e-003)  8.876e-002 ( 1.261e-002)  8.821e-001 ( 1.361e-002)  2.910e-002 ( 5.919e-003) 
58  4.371e-001 ( 2.821e-002)  5.599e-001 ( 2.822e-002)  3.090e-003 ( 3.029e-003)  8.521e-002 ( 1.145e-002)  8.832e-001 ( 1.266e-002)  3.157e-002 ( 6.098e-003) 
59  4.337e-001 ( 2.742e-002)  5.626e-001 ( 2.743e-002)  3.617e-003 ( 3.380e-003)  8.178e-002 ( 1.043e-002)  8.840e-001 ( 1.185e-002)  3.424e-002 ( 6.269e-003) 
60  4.304e-001 ( 2.705e-002)  5.654e-001 ( 2.707e-002)  4.232e-003 ( 3.767e-003)  7.846e-002 ( 9.548e-003)  8.844e-001 ( 1.120e-002)  3.712e-002 ( 6.432e-003) 
61  4.270e-001 ( 2.711e-002)  5.680e-001 ( 2.714e-002)  4.951e-003 ( 4.191e-003)  7.524e-002 ( 8.809e-003)  8.845e-001 ( 1.068e-002)  4.023e-002 ( 6.587e-003) 
62  4.236e-001 ( 2.759e-002)  5.706e-001 ( 2.763e-002)  5.791e-003 ( 4.655e-003)  7.213e-002 ( 8.213e-003)  8.843e-001 ( 1.030e-002)  4.358e-002 ( 6.734e-003) 
63  4.201e-001 ( 2.847e-002)  5.731e-001 ( 2.852e-002)  6.773e-003 ( 5.164e-003)  6.911e-002 ( 7.755e-003)  8.837e-001 ( 1.004e-002)  4.719e-002 ( 6.875e-003) 
64  4.166e-001 ( 2.970e-002)  5.755e-001 ( 2.977e-002)  7.920e-003 ( 5.723e-003)  6.620e-002 ( 7.428e-003)  8.827e-001 ( 9.886e-003)  5.108e-002 ( 7.013e-003) 
65  4.130e-001 ( 3.124e-002)  5.777e-001 ( 3.131e-002)  9.259e-003 ( 6.337e-003)  6.338e-002 ( 7.218e-003)  8.814e-001 ( 9.826e-003)  5.526e-002 ( 7.153e-003) 
66  4.093e-001 ( 3.302e-002)  5.798e-001 ( 3.311e-002)  1.082e-002 ( 7.015e-003)  6.065e-002 ( 7.110e-003)  8.796e-001 ( 9.846e-003)  5.976e-002 ( 7.301e-003) 
67  4.056e-001 ( 3.500e-002)  5.818e-001 ( 3.511e-002)  1.264e-002 ( 7.768e-003)  5.801e-002 ( 7.083e-003)  8.774e-001 ( 9.937e-003)  6.459e-002 ( 7.467e-003) 
68  4.017e-001 ( 3.714e-002)  5.835e-001 ( 3.728e-002)  1.477e-002 ( 8.614e-003)  5.546e-002 ( 7.118e-003)  8.748e-001 ( 1.009e-002)  6.978e-002 ( 7.664e-003) 
69  3.977e-001 ( 3.940e-002)  5.850e-001 ( 3.958e-002)  1.724e-002 ( 9.576e-003)  5.299e-002 ( 7.196e-003)  8.717e-001 ( 1.031e-002)  7.535e-002 ( 7.907e-003) 
70  3.936e-001 ( 4.175e-002)  5.863e-001 ( 4.197e-002)  2.012e-002 ( 1.069e-002)  5.061e-002 ( 7.303e-003)  8.681e-001 ( 1.059e-002)  8.131e-002 ( 8.217e-003) 
71  3.893e-001 ( 4.416e-002)  5.872e-001 ( 4.444e-002)  2.346e-002 ( 1.199e-002)  4.830e-002 ( 7.423e-003)  8.640e-001 ( 1.095e-002)  8.769e-002 ( 8.616e-003) 
72  3.848e-001 ( 4.660e-002)  5.878e-001 ( 4.697e-002)  2.735e-002 ( 1.355e-002)  4.607e-002 ( 7.547e-003)  8.594e-001 ( 1.140e-002)  9.452e-002 ( 9.126e-003) 
73  3.801e-001 ( 4.906e-002)  5.880e-001 ( 4.955e-002)  3.186e-002 ( 1.543e-002)  4.391e-002 ( 7.667e-003)  8.543e-001 ( 1.195e-002)  1.018e-001 ( 9.773e-003) 
74  3.752e-001 ( 5.152e-002)  5.877e-001 ( 5.218e-002)  3.708e-002 ( 1.774e-002)  4.182e-002 ( 7.775e-003)  8.486e-001 ( 1.263e-002)  1.096e-001 ( 1.058e-002) 
75  3.700e-001 ( 5.397e-002)  5.869e-001 ( 5.487e-002)  4.311e-002 ( 2.059e-002)  3.981e-002 ( 7.868e-003)  8.423e-001 ( 1.345e-002)  1.179e-001 ( 1.156e-002) 
76  3.645e-001 ( 5.639e-002)  5.855e-001 ( 5.764e-002)  5.008e-002 ( 2.410e-002)  3.786e-002 ( 7.943e-003)  8.355e-001 ( 1.444e-002)  1.267e-001 ( 1.273e-002) 
77  3.586e-001 ( 5.879e-002)  5.833e-001 ( 6.052e-002)  5.810e-002 ( 2.843e-002)  3.598e-002 ( 7.997e-003)  8.280e-001 ( 1.562e-002)  1.360e-001 ( 1.410e-002) 
78  3.523e-001 ( 6.116e-002)  5.804e-001 ( 6.359e-002)  6.732e-002 ( 3.373e-002)  3.416e-002 ( 8.030e-003)  8.199e-001 ( 1.699e-002)  1.460e-001 ( 1.568e-002) 
79  3.456e-001 ( 6.352e-002)  5.765e-001 ( 6.691e-002)  7.787e-002 ( 4.016e-002)  3.241e-002 ( 8.040e-003)  8.111e-001 ( 1.857e-002)  1.565e-001 ( 1.748e-002) 
80  3.384e-001 ( 6.588e-002)  5.717e-001 ( 7.061e-002)  8.991e-002 ( 4.790e-002)  3.072e-002 ( 8.027e-003)  8.017e-001 ( 2.038e-002)  1.676e-001 ( 1.950e-002) 
81  3.307e-001 ( 6.827e-002)  5.657e-001 ( 7.481e-002)  1.036e-001 ( 5.710e-002)  2.908e-002 ( 7.992e-003)  7.916e-001 ( 2.240e-002)  1.793e-001 ( 2.173e-002) 
82  3.224e-001 ( 7.073e-002)  5.585e-001 ( 7.969e-002)  1.191e-001 ( 6.790e-002)  2.751e-002 ( 7.935e-003)  7.808e-001 ( 2.465e-002)  1.917e-001 ( 2.418e-002) 
83  3.135e-001 ( 7.330e-002)  5.499e-001 ( 8.541e-002)  1.366e-001 ( 8.044e-002)  2.599e-002 ( 7.857e-003)  7.694e-001 ( 2.712e-002)  2.046e-001 ( 2.683e-002) 
84  3.040e-001 ( 7.604e-002)  5.399e-001 ( 9.214e-002)  1.561e-001 ( 9.476e-002)  2.453e-002 ( 7.759e-003)  7.572e-001 ( 2.980e-002)  2.182e-001 ( 2.969e-002) 
85  2.937e-001 ( 7.899e-002)  5.284e-001 ( 1.000e-001)  1.779e-001 ( 1.109e-001)  2.312e-002 ( 7.642e-003)  7.444e-001 ( 3.269e-002)  2.325e-001 ( 3.273e-002) 
86  2.828e-001 ( 8.220e-002)  5.152e-001 ( 1.091e-001)  2.020e-001 ( 1.287e-001)  2.177e-002 ( 7.507e-003)  7.309e-001 ( 3.577e-002)  2.473e-001 ( 3.596e-002) 
87  2.712e-001 ( 8.567e-002)  5.003e-001 ( 1.193e-001)  2.284e-001 ( 1.481e-001)  2.047e-002 ( 7.356e-003)  7.167e-001 ( 3.902e-002)  2.628e-001 ( 3.935e-002) 
88  2.590e-001 ( 8.940e-002)  4.838e-001 ( 1.307e-001)  2.572e-001 ( 1.688e-001)  1.922e-002 ( 7.190e-003)  7.019e-001 ( 4.242e-002)  2.789e-001 ( 4.288e-002) 
89  2.461e-001 ( 9.331e-002)  4.656e-001 ( 1.429e-001)  2.883e-001 ( 1.903e-001)  1.802e-002 ( 7.010e-003)  6.864e-001 ( 4.596e-002)  2.955e-001 ( 4.653e-002) 
90  2.327e-001 ( 9.729e-002)  4.458e-001 ( 1.556e-001)  3.214e-001 ( 2.121e-001)  1.688e-002 ( 6.818e-003)  6.704e-001 ( 4.961e-002)  3.127e-001 ( 5.028e-002) 