# CZMchr.txt
#IMaCh version 0.99r45, April 2023,INED-EUROREVES-Institut de longevite-Japan Society for the Promotion of Science (Grant-in-Aid for Scientific Research 25293121), Intel Software 2015-2020, Nihon University 2021-202, INED 2000-2022
#$Revision: 1.353 $ $Date: 2023/05/08 18:48:22 $
# Tue Feb 04 22:21:36 2025
#One-step probabilities and correlation matrix
# Age p1-1  p1-2  p1-3  p2-1  p2-2  p2-3 
50  4.629e-001  5.362e-001  8.756e-004  1.170e-001  8.667e-001  1.630e-002 
50 1-1  1.000e+000
50 1-2 -9.996e-001  1.000e+000
50 1-3 -1.868e-002 -7.776e-003  1.000e+000
50 2-1 -3.134e-002  3.087e-002  1.781e-002  1.000e+000
50 2-2  3.107e-002 -3.071e-002 -1.365e-002 -9.827e-001  1.000e+000
50 2-3  7.986e-004 -2.159e-004 -2.202e-002 -7.327e-002 -1.130e-001  1.000e+000
51  4.597e-001  5.393e-001  1.025e-003  1.126e-001  8.697e-001  1.772e-002 
51 1-1  1.000e+000
51 1-2 -9.995e-001  1.000e+000
51 1-3 -2.042e-002 -1.141e-002  1.000e+000
51 2-1 -3.179e-002  3.124e-002  1.746e-002  1.000e+000
51 2-2  3.136e-002 -3.096e-002 -1.273e-002 -9.775e-001  1.000e+000
51 2-3  8.766e-004 -1.842e-004 -2.176e-002 -6.993e-002 -1.419e-001  1.000e+000
52  4.565e-001  5.423e-001  1.201e-003  1.083e-001  8.725e-001  1.927e-002 
52 1-1  1.000e+000
52 1-2 -9.993e-001  1.000e+000
52 1-3 -2.265e-002 -1.562e-002  1.000e+000
52 2-1 -3.227e-002  3.162e-002  1.708e-002  1.000e+000
52 2-2  3.162e-002 -3.118e-002 -1.171e-002 -9.710e-001  1.000e+000
52 2-3  9.808e-004 -1.587e-004 -2.148e-002 -6.695e-002 -1.737e-001  1.000e+000
53  4.533e-001  5.453e-001  1.406e-003  1.041e-001  8.749e-001  2.094e-002 
53 1-1  1.000e+000
53 1-2 -9.989e-001  1.000e+000
53 1-3 -2.547e-002 -2.051e-002  1.000e+000
53 2-1 -3.277e-002  3.201e-002  1.667e-002  1.000e+000
53 2-2  3.181e-002 -3.133e-002 -1.057e-002 -9.625e-001  1.000e+000
53 2-3  1.113e-003 -1.376e-004 -2.120e-002 -6.435e-002 -2.088e-001  1.000e+000
54  4.501e-001  5.483e-001  1.646e-003  1.001e-001  8.772e-001  2.274e-002 
54 1-1  1.000e+000
54 1-2 -9.985e-001  1.000e+000
54 1-3 -2.896e-002 -2.618e-002  1.000e+000
54 2-1 -3.327e-002  3.237e-002  1.622e-002  1.000e+000
54 2-2  3.191e-002 -3.139e-002 -9.318e-003 -9.517e-001  1.000e+000
54 2-3  1.272e-003 -1.186e-004 -2.091e-002 -6.215e-002 -2.472e-001  1.000e+000
55  4.469e-001  5.512e-001  1.927e-003  9.620e-002  8.791e-001  2.470e-002 
55 1-1  1.000e+000
55 1-2 -9.978e-001  1.000e+000
55 1-3 -3.317e-002 -3.271e-002  1.000e+000
55 2-1 -3.373e-002  3.269e-002  1.573e-002  1.000e+000
55 2-2  3.184e-002 -3.132e-002 -7.939e-003 -9.382e-001  1.000e+000
55 2-3  1.456e-003 -9.796e-005 -2.061e-002 -6.037e-002 -2.889e-001  1.000e+000
56  4.436e-001  5.541e-001  2.256e-003  9.242e-002  8.808e-001  2.681e-002 
56 1-1  1.000e+000
56 1-2 -9.969e-001  1.000e+000
56 1-3 -3.814e-002 -4.012e-002  1.000e+000
56 2-1 -3.411e-002  3.292e-002  1.520e-002  1.000e+000
56 2-2  3.157e-002 -3.106e-002 -6.443e-003 -9.213e-001  1.000e+000
56 2-3  1.660e-003 -7.097e-005 -2.030e-002 -5.905e-002 -3.337e-001  1.000e+000
57  4.403e-001  5.570e-001  2.641e-003  8.876e-002  8.821e-001  2.910e-002 
57 1-1  1.000e+000
57 1-2 -9.958e-001  1.000e+000
57 1-3 -4.382e-002 -4.836e-002  1.000e+000
57 2-1 -3.436e-002  3.301e-002  1.461e-002  1.000e+000
57 2-2  3.101e-002 -3.056e-002 -4.847e-003 -9.009e-001  1.000e+000
57 2-3  1.873e-003 -3.134e-005 -1.998e-002 -5.821e-002 -3.808e-001  1.000e+000
58  4.371e-001  5.599e-001  3.090e-003  8.521e-002  8.832e-001  3.157e-002 
58 1-1  1.000e+000
58 1-2 -9.942e-001  1.000e+000
58 1-3 -5.009e-002 -5.727e-002  1.000e+000
58 2-1 -3.442e-002  3.290e-002  1.398e-002  1.000e+000
58 2-2  3.013e-002 -2.978e-002 -3.182e-003 -8.768e-001  1.000e+000
58 2-3  2.082e-003  2.834e-005 -1.965e-002 -5.785e-002 -4.294e-001  1.000e+000
59  4.337e-001  5.626e-001  3.617e-003  8.178e-002  8.840e-001  3.424e-002 
59 1-1  1.000e+000
59 1-2 -9.924e-001  1.000e+000
59 1-3 -5.671e-002 -6.655e-002  1.000e+000
59 2-1 -3.423e-002  3.257e-002  1.331e-002  1.000e+000
59 2-2  2.892e-002 -2.872e-002 -1.496e-003 -8.492e-001  1.000e+000
59 2-3  2.265e-003  1.161e-004 -1.931e-002 -5.798e-002 -4.779e-001  1.000e+000
60  4.304e-001  5.654e-001  4.232e-003  7.846e-002  8.844e-001  3.712e-002 
60 1-1  1.000e+000
60 1-2 -9.903e-001  1.000e+000
60 1-3 -6.337e-002 -7.583e-002  1.000e+000
60 2-1 -3.376e-002  3.198e-002  1.261e-002  1.000e+000
60 2-2  2.741e-002 -2.741e-002  1.437e-004 -8.192e-001  1.000e+000
60 2-3  2.402e-003  2.395e-004 -1.897e-002 -5.855e-002 -5.246e-001  1.000e+000
61  4.270e-001  5.680e-001  4.951e-003  7.524e-002  8.845e-001  4.023e-002 
61 1-1  1.000e+000
61 1-2 -9.881e-001  1.000e+000
61 1-3 -6.976e-002 -8.473e-002  1.000e+000
61 2-1 -3.303e-002  3.116e-002  1.190e-002  1.000e+000
61 2-2  2.572e-002 -2.595e-002  1.661e-003 -7.881e-001  1.000e+000
61 2-3  2.472e-003  4.049e-004 -1.862e-002 -5.950e-002 -5.676e-001  1.000e+000
62  4.236e-001  5.706e-001  5.791e-003  7.213e-002  8.843e-001  4.358e-002 
62 1-1  1.000e+000
62 1-2 -9.858e-001  1.000e+000
62 1-3 -7.563e-002 -9.295e-002  1.000e+000
62 2-1 -3.210e-002  3.016e-002  1.124e-002  1.000e+000
62 2-2  2.399e-002 -2.445e-002  2.979e-003 -7.577e-001  1.000e+000
62 2-3  2.464e-003  6.169e-004 -1.827e-002 -6.075e-002 -6.054e-001  1.000e+000
63  4.201e-001  5.731e-001  6.773e-003  6.911e-002  8.837e-001  4.719e-002 
63 1-1  1.000e+000
63 1-2 -9.836e-001  1.000e+000
63 1-3 -8.083e-002 -1.004e-001  1.000e+000
63 2-1 -3.105e-002  2.906e-002  1.068e-002  1.000e+000
63 2-2  2.236e-002 -2.305e-002  4.027e-003 -7.299e-001  1.000e+000
63 2-3  2.372e-003  8.790e-004 -1.793e-002 -6.216e-002 -6.368e-001  1.000e+000
64  4.166e-001  5.755e-001  7.920e-003  6.620e-002  8.827e-001  5.108e-002 
64 1-1  1.000e+000
64 1-2 -9.815e-001  1.000e+000
64 1-3 -8.536e-002 -1.071e-001  1.000e+000
64 2-1 -2.997e-002  2.793e-002  1.030e-002  1.000e+000
64 2-2  2.096e-002 -2.183e-002  4.760e-003 -7.062e-001  1.000e+000
64 2-3  2.197e-003  1.194e-003 -1.761e-002 -6.363e-002 -6.616e-001  1.000e+000
65  4.130e-001  5.777e-001  9.259e-003  6.338e-002  8.814e-001  5.526e-002 
65 1-1  1.000e+000
65 1-2 -9.795e-001  1.000e+000
65 1-3 -8.934e-002 -1.132e-001  1.000e+000
65 2-1 -2.894e-002  2.681e-002  1.016e-002  1.000e+000
65 2-2  1.984e-002 -2.084e-002  5.158e-003 -6.873e-001  1.000e+000
65 2-3  1.947e-003  1.567e-003 -1.734e-002 -6.507e-002 -6.802e-001  1.000e+000
66  4.093e-001  5.798e-001  1.082e-002  6.065e-002  8.796e-001  5.976e-002 
66 1-1  1.000e+000
66 1-2 -9.775e-001  1.000e+000
66 1-3 -9.293e-002 -1.192e-001  1.000e+000
66 2-1 -2.802e-002  2.575e-002  1.034e-002  1.000e+000
66 2-2  1.903e-002 -2.008e-002  5.232e-003 -6.728e-001  1.000e+000
66 2-3  1.630e-003  2.003e-003 -1.713e-002 -6.646e-002 -6.935e-001  1.000e+000
67  4.056e-001  5.818e-001  1.264e-002  5.801e-002  8.774e-001  6.459e-002 
67 1-1  1.000e+000
67 1-2 -9.755e-001  1.000e+000
67 1-3 -9.631e-002 -1.252e-001  1.000e+000
67 2-1 -2.725e-002  2.476e-002  1.089e-002  1.000e+000
67 2-2  1.848e-002 -1.953e-002  5.020e-003 -6.618e-001  1.000e+000
67 2-3  1.260e-003  2.507e-003 -1.701e-002 -6.781e-002 -7.031e-001  1.000e+000
68  4.017e-001  5.835e-001  1.477e-002  5.546e-002  8.748e-001  6.978e-002 
68 1-1  1.000e+000
68 1-2 -9.732e-001  1.000e+000
68 1-3 -9.969e-002 -1.317e-001  1.000e+000
68 2-1 -2.664e-002  2.381e-002  1.182e-002  1.000e+000
68 2-2  1.815e-002 -1.914e-002  4.589e-003 -6.528e-001  1.000e+000
68 2-3  8.498e-004  3.086e-003 -1.702e-002 -6.915e-002 -7.106e-001  1.000e+000
69  3.977e-001  5.850e-001  1.724e-002  5.299e-002  8.717e-001  7.535e-002 
69 1-1  1.000e+000
69 1-2 -9.706e-001  1.000e+000
69 1-3 -1.033e-001 -1.391e-001  1.000e+000
69 2-1 -2.620e-002  2.291e-002  1.312e-002  1.000e+000
69 2-2  1.797e-002 -1.886e-002  4.027e-003 -6.440e-001  1.000e+000
69 2-3  4.174e-004  3.745e-003 -1.719e-002 -7.051e-002 -7.177e-001  1.000e+000
70  3.936e-001  5.863e-001  2.012e-002  5.061e-002  8.681e-001  8.131e-002 
70 1-1  1.000e+000
70 1-2 -9.674e-001  1.000e+000
70 1-3 -1.073e-001 -1.478e-001  1.000e+000
70 2-1 -2.592e-002  2.202e-002  1.478e-002  1.000e+000
70 2-2  1.788e-002 -1.866e-002  3.444e-003 -6.336e-001  1.000e+000
70 2-3 -1.338e-005  4.488e-003 -1.757e-002 -7.189e-002 -7.261e-001  1.000e+000
71  3.893e-001  5.872e-001  2.346e-002  4.830e-002  8.640e-001  8.769e-002 
71 1-1  1.000e+000
71 1-2 -9.634e-001  1.000e+000
71 1-3 -1.122e-001 -1.584e-001  1.000e+000
71 2-1 -2.579e-002  2.112e-002  1.672e-002  1.000e+000
71 2-2  1.781e-002 -1.849e-002  2.966e-003 -6.201e-001  1.000e+000
71 2-3 -4.137e-004  5.315e-003 -1.817e-002 -7.331e-002 -7.370e-001  1.000e+000
72  3.848e-001  5.878e-001  2.735e-002  4.607e-002  8.594e-001  9.452e-002 
72 1-1  1.000e+000
72 1-2 -9.581e-001  1.000e+000
72 1-3 -1.180e-001 -1.713e-001  1.000e+000
72 2-1 -2.581e-002  2.016e-002  1.886e-002  1.000e+000
72 2-2  1.769e-002 -1.833e-002  2.719e-003 -6.022e-001  1.000e+000
72 2-3 -7.505e-004  6.224e-003 -1.900e-002 -7.476e-002 -7.511e-001  1.000e+000
73  3.801e-001  5.880e-001  3.186e-002  4.391e-002  8.543e-001  1.018e-001 
73 1-1  1.000e+000
73 1-2 -9.511e-001  1.000e+000
73 1-3 -1.254e-001 -1.873e-001  1.000e+000
73 2-1 -2.596e-002  1.913e-002  2.111e-002  1.000e+000
73 2-2  1.746e-002 -1.817e-002  2.818e-003 -5.791e-001  1.000e+000
73 2-3 -9.900e-004  7.212e-003 -2.001e-002 -7.625e-002 -7.687e-001  1.000e+000
74  3.752e-001  5.877e-001  3.708e-002  4.182e-002  8.486e-001  1.096e-001 
74 1-1  1.000e+000
74 1-2 -9.415e-001  1.000e+000
74 1-3 -1.348e-001 -2.069e-001  1.000e+000
74 2-1 -2.625e-002  1.797e-002  2.335e-002  1.000e+000
74 2-2  1.708e-002 -1.800e-002  3.333e-003 -5.504e-001  1.000e+000
74 2-3 -1.102e-003  8.278e-003 -2.115e-002 -7.784e-002 -7.895e-001  1.000e+000
75  3.700e-001  5.869e-001  4.311e-002  3.981e-002  8.423e-001  1.179e-001 
75 1-1  1.000e+000
75 1-2 -9.286e-001  1.000e+000
75 1-3 -1.466e-001 -2.310e-001  1.000e+000
75 2-1 -2.666e-002  1.666e-002  2.548e-002  1.000e+000
75 2-2  1.650e-002 -1.784e-002  4.284e-003 -5.165e-001  1.000e+000
75 2-3 -1.061e-003  9.423e-003 -2.233e-002 -7.958e-002 -8.125e-001  1.000e+000
76  3.645e-001  5.855e-001  5.008e-002  3.786e-002  8.355e-001  1.267e-001 
76 1-1  1.000e+000
76 1-2 -9.109e-001  1.000e+000
76 1-3 -1.615e-001 -2.602e-001  1.000e+000
76 2-1 -2.720e-002  1.515e-002  2.740e-002  1.000e+000
76 2-2  1.571e-002 -1.772e-002  5.626e-003 -4.781e-001  1.000e+000
76 2-3 -8.513e-004  1.065e-002 -2.349e-002 -8.158e-002 -8.364e-001  1.000e+000
77  3.586e-001  5.833e-001  5.810e-002  3.598e-002  8.280e-001  1.360e-001 
77 1-1  1.000e+000
77 1-2 -8.868e-001  1.000e+000
77 1-3 -1.799e-001 -2.949e-001  1.000e+000
77 2-1 -2.787e-002  1.341e-002  2.908e-002  1.000e+000
77 2-2  1.469e-002 -1.768e-002  7.268e-003 -4.363e-001  1.000e+000
77 2-3 -4.629e-004  1.198e-002 -2.454e-002 -8.393e-002 -8.600e-001  1.000e+000
78  3.523e-001  5.804e-001  6.732e-002  3.416e-002  8.199e-001  1.460e-001 
78 1-1  1.000e+000
78 1-2 -8.545e-001  1.000e+000
78 1-3 -2.025e-001 -3.357e-001  1.000e+000
78 2-1 -2.867e-002  1.141e-002  3.048e-002  1.000e+000
78 2-2  1.345e-002 -1.776e-002  9.091e-003 -3.926e-001  1.000e+000
78 2-3  1.088e-004  1.340e-002 -2.545e-002 -8.672e-002 -8.822e-001  1.000e+000
79  3.456e-001  5.765e-001  7.787e-002  3.241e-002  8.111e-001  1.565e-001 
79 1-1  1.000e+000
79 1-2 -8.116e-001  1.000e+000
79 1-3 -2.295e-001 -3.823e-001  1.000e+000
79 2-1 -2.959e-002  9.111e-003  3.162e-002  1.000e+000
79 2-2  1.199e-002 -1.798e-002  1.098e-002 -3.481e-001  1.000e+000
79 2-3  8.650e-004  1.491e-002 -2.620e-002 -9.003e-002 -9.023e-001  1.000e+000
80  3.384e-001  5.717e-001  8.991e-002  3.072e-002  8.017e-001  1.676e-001 
80 1-1  1.000e+000
80 1-2 -7.558e-001  1.000e+000
80 1-3 -2.614e-001 -4.345e-001  1.000e+000
80 2-1 -3.063e-002  6.519e-003  3.253e-002  1.000e+000
80 2-2  1.034e-002 -1.835e-002  1.283e-002 -3.041e-001  1.000e+000
80 2-3  1.804e-003  1.650e-002 -2.680e-002 -9.390e-002 -9.199e-001  1.000e+000
81  3.307e-001  5.657e-001  1.036e-001  2.908e-002  7.916e-001  1.793e-001 
81 1-1  1.000e+000
81 1-2 -6.850e-001  1.000e+000
81 1-3 -2.982e-001 -4.911e-001  1.000e+000
81 2-1 -3.178e-002  3.644e-003  3.323e-002  1.000e+000
81 2-2  8.505e-003 -1.889e-002  1.458e-002 -2.613e-001  1.000e+000
81 2-3  2.920e-003  1.813e-002 -2.725e-002 -9.837e-002 -9.349e-001  1.000e+000
82  3.224e-001  5.585e-001  1.191e-001  2.751e-002  7.808e-001  1.917e-001 
82 1-1  1.000e+000
82 1-2 -5.981e-001  1.000e+000
82 1-3 -3.398e-001 -5.505e-001  1.000e+000
82 2-1 -3.302e-002  5.320e-004  3.377e-002  1.000e+000
82 2-2  6.505e-003 -1.955e-002  1.617e-002 -2.204e-001  1.000e+000
82 2-3  4.203e-003  1.976e-002 -2.757e-002 -1.035e-001 -9.474e-001  1.000e+000
83  3.135e-001  5.499e-001  1.366e-001  2.599e-002  7.694e-001  2.046e-001 
83 1-1  1.000e+000
83 1-2 -4.950e-001  1.000e+000
83 1-3 -3.857e-001 -6.107e-001  1.000e+000
83 2-1 -3.431e-002 -2.744e-003  3.418e-002  1.000e+000
83 2-2  4.363e-003 -2.032e-002  1.760e-002 -1.817e-001  1.000e+000
83 2-3  5.635e-003  2.134e-002 -2.780e-002 -1.092e-001 -9.576e-001  1.000e+000
84  3.040e-001  5.399e-001  1.561e-001  2.453e-002  7.572e-001  2.182e-001 
84 1-1  1.000e+000
84 1-2 -3.776e-001  1.000e+000
84 1-3 -4.353e-001 -6.693e-001  1.000e+000
84 2-1 -3.561e-002 -6.083e-003  3.449e-002  1.000e+000
84 2-2  2.108e-003 -2.113e-002  1.885e-002 -1.453e-001  1.000e+000
84 2-3  7.191e-003  2.280e-002 -2.794e-002 -1.155e-001 -9.660e-001  1.000e+000
85  2.937e-001  5.284e-001  1.779e-001  2.312e-002  7.444e-001  2.325e-001 
85 1-1  1.000e+000
85 1-2 -2.496e-001  1.000e+000
85 1-3 -4.873e-001 -7.240e-001  1.000e+000
85 2-1 -3.689e-002 -9.377e-003  3.474e-002  1.000e+000
85 2-2 -2.228e-004 -2.193e-002  1.994e-002 -1.112e-001  1.000e+000
85 2-3  8.835e-003  2.409e-002 -2.802e-002 -1.224e-001 -9.727e-001  1.000e+000
86  2.828e-001  5.152e-001  2.020e-001  2.177e-002  7.309e-001  2.473e-001 
86 1-1  1.000e+000
86 1-2 -1.159e-001  1.000e+000
86 1-3 -5.403e-001 -7.732e-001  1.000e+000
86 2-1 -3.809e-002 -1.252e-002  3.493e-002  1.000e+000
86 2-2 -2.583e-003 -2.269e-002  2.087e-002 -7.920e-002  1.000e+000
86 2-3  1.052e-002  2.518e-002 -2.805e-002 -1.300e-001 -9.781e-001  1.000e+000
87  2.712e-001  5.003e-001  2.284e-001  2.047e-002  7.167e-001  2.628e-001 
87 1-1  1.000e+000
87 1-2  1.800e-002  1.000e+000
87 1-3 -5.928e-001 -8.159e-001  1.000e+000
87 2-1 -3.917e-002 -1.543e-002  3.508e-002  1.000e+000
87 2-2 -4.920e-003 -2.337e-002  2.167e-002 -4.925e-002  1.000e+000
87 2-3  1.220e-002  2.606e-002 -2.804e-002 -1.381e-001 -9.824e-001  1.000e+000
88  2.590e-001  4.838e-001  2.572e-001  1.922e-002  7.019e-001  2.789e-001 
88 1-1  1.000e+000
88 1-2  1.468e-001  1.000e+000
88 1-3 -6.432e-001 -8.518e-001  1.000e+000
88 2-1 -4.009e-002 -1.806e-002  3.522e-002  1.000e+000
88 2-2 -7.181e-003 -2.395e-002  2.234e-002 -2.113e-002  1.000e+000
88 2-3  1.383e-002  2.673e-002 -2.801e-002 -1.468e-001 -9.858e-001  1.000e+000
89  2.461e-001  4.656e-001  2.883e-001  1.802e-002  6.864e-001  2.955e-001 
89 1-1  1.000e+000
89 1-2  2.662e-001  1.000e+000
89 1-3 -6.902e-001 -8.813e-001  1.000e+000
89 2-1 -4.084e-002 -2.039e-002  3.533e-002  1.000e+000
89 2-2 -9.315e-003 -2.444e-002  2.292e-002  5.376e-003  1.000e+000
89 2-3  1.535e-002  2.722e-002 -2.796e-002 -1.560e-001 -9.886e-001  1.000e+000
90  2.327e-001  4.458e-001  3.214e-001  1.688e-002  6.704e-001  3.127e-001 
90 1-1  1.000e+000
90 1-2  3.736e-001  1.000e+000
90 1-3 -7.328e-001 -9.050e-001  1.000e+000
90 2-1 -4.141e-002 -2.241e-002  3.544e-002  1.000e+000
90 2-2 -1.128e-002 -2.485e-002  2.340e-002  3.044e-002  1.000e+000
90 2-3  1.675e-002  2.755e-002 -2.790e-002 -1.656e-001 -9.908e-001  1.000e+000