
# model  
#****** Result for:******
# CZMchr.txt
#IMaCh version 0.99r45, April 2023,INED-EUROREVES-Institut de longevite-Japan Society for the Promotion of Science (Grant-in-Aid for Scientific Research 25293121), Intel Software 2015-2020, Nihon University 2021-202, INED 2000-2022
#$Revision: 1.353 $ $Date: 2023/05/08 18:48:22 $
# Tue Feb 04 22:21:36 2025
# Total life expectancy with std error and decomposition into time to be expected in each health state
#  (weighted average of eij where weights are the age specific forward period (stable) prevalences in each health state 
# Age popbased mobilav e.. (std) e.1 (std) e.2 (std) 
   50 0 0  26.482 (  1.063)   3.272 (  0.423)  23.209 (  1.021)
   51 0 0  25.647 (  1.038)   3.093 (  0.391)  22.554 (  0.994)
   52 0 0  24.822 (  1.013)   2.921 (  0.362)  21.901 (  0.969)
   53 0 0  24.008 (  0.989)   2.756 (  0.336)  21.252 (  0.945)
   54 0 0  23.205 (  0.966)   2.598 (  0.313)  20.607 (  0.922)
   55 0 0  22.414 (  0.944)   2.447 (  0.294)  19.967 (  0.901)
   56 0 0  21.636 (  0.924)   2.303 (  0.277)  19.333 (  0.881)
   57 0 0  20.869 (  0.904)   2.165 (  0.263)  18.704 (  0.864)
   58 0 0  20.116 (  0.886)   2.033 (  0.251)  18.083 (  0.847)
   59 0 0  19.376 (  0.870)   1.908 (  0.241)  17.468 (  0.832)
   60 0 0  18.650 (  0.856)   1.789 (  0.233)  16.862 (  0.819)
   61 0 0  17.939 (  0.843)   1.675 (  0.226)  16.263 (  0.808)
   62 0 0  17.242 (  0.832)   1.567 (  0.220)  15.674 (  0.798)
   63 0 0  16.559 (  0.822)   1.465 (  0.215)  15.094 (  0.790)
   64 0 0  15.892 (  0.815)   1.368 (  0.210)  14.524 (  0.784)
   65 0 0  15.241 (  0.809)   1.276 (  0.206)  13.965 (  0.779)
   66 0 0  14.605 (  0.805)   1.189 (  0.202)  13.416 (  0.776)
   67 0 0  13.987 (  0.802)   1.107 (  0.198)  12.880 (  0.774)
   68 0 0  13.384 (  0.800)   1.029 (  0.194)  12.355 (  0.773)
   69 0 0  12.799 (  0.800)   0.956 (  0.190)  11.843 (  0.773)
   70 0 0  12.230 (  0.800)   0.887 (  0.186)  11.343 (  0.774)
   71 0 0  11.678 (  0.800)   0.822 (  0.181)  10.856 (  0.775)
   72 0 0  11.144 (  0.802)   0.761 (  0.177)  10.383 (  0.777)
   73 0 0  10.627 (  0.803)   0.704 (  0.172)   9.923 (  0.779)
   74 0 0  10.127 (  0.804)   0.651 (  0.167)   9.477 (  0.780)
   75 0 0   9.645 (  0.805)   0.600 (  0.162)   9.045 (  0.782)
   76 0 0   9.181 (  0.805)   0.553 (  0.157)   8.627 (  0.783)
   77 0 0   8.733 (  0.805)   0.510 (  0.152)   8.224 (  0.783)
   78 0 0   8.303 (  0.804)   0.469 (  0.146)   7.835 (  0.783)
   79 0 0   7.891 (  0.802)   0.430 (  0.141)   7.460 (  0.782)
   80 0 0   7.495 (  0.799)   0.395 (  0.135)   7.100 (  0.780)
   81 0 0   7.116 (  0.795)   0.362 (  0.130)   6.755 (  0.777)
   82 0 0   6.755 (  0.790)   0.331 (  0.125)   6.424 (  0.773)
   83 0 0   6.409 (  0.784)   0.302 (  0.119)   6.107 (  0.767)
   84 0 0   6.080 (  0.776)   0.276 (  0.114)   5.804 (  0.761)
   85 0 0   5.767 (  0.767)   0.252 (  0.109)   5.515 (  0.753)
   86 0 0   5.469 (  0.758)   0.229 (  0.104)   5.240 (  0.744)
   87 0 0   5.187 (  0.747)   0.208 (  0.099)   4.979 (  0.735)
   88 0 0   4.920 (  0.735)   0.189 (  0.094)   4.731 (  0.723)
   89 0 0   4.667 (  0.722)   0.171 (  0.089)   4.495 (  0.711)
   90 0 0   4.428 (  0.708)   0.155 (  0.085)   4.272 (  0.698)
