# EEFsr.txt
#IMaCh version 0.99r45, April 2023,INED-EUROREVES-Institut de longevite-Japan Society for the Promotion of Science (Grant-in-Aid for Scientific Research 25293121), Intel Software 2015-2020, Nihon University 2021-202, INED 2000-2022
#$Revision: 1.353 $ $Date: 2023/05/08 18:48:22 $
# Tue Feb 04 22:13:35 2025

#****** ******
# (a) Life expectancies by health status at initial age and (b) health expectancies by health status at initial age
# Age e11  e12  e1.  e21  e22  e2. 
 50  10.4317  21.1150  31.5467   7.7967  23.5869  31.3836
 51   9.9713  20.6442  30.6155   7.3296  23.1112  30.4408
 52   9.5268  20.1640  29.6907   6.8812  22.6228  29.5040
 53   9.0980  19.6748  28.7728   6.4514  22.1223  28.5737
 54   8.6848  19.1774  27.8623   6.0401  21.6103  27.6504
 55   8.2871  18.6725  26.9596   5.6471  21.0877  26.7348
 56   7.9047  18.1607  26.0654   5.2720  20.5553  25.8273
 57   7.5373  17.6429  25.1802   4.9147  20.0139  24.9286
 58   7.1846  17.1199  24.3045   4.5748  19.4644  24.0392
 59   6.8465  16.5925  23.4389   4.2519  18.9080  23.1599
 60   6.5226  16.0615  22.5841   3.9458  18.3454  22.2912
 61   6.2126  15.5280  21.7406   3.6559  17.7780  21.4338
 62   5.9161  14.9929  20.9090   3.3818  17.2066  20.5884
 63   5.6330  14.4570  20.0900   3.1232  16.6325  19.7557
 64   5.3627  13.9214  19.2841   2.8796  16.0568  18.9364
 65   5.1049  13.3871  18.4920   2.6504  15.4807  18.1311
 66   4.8592  12.8551  17.7144   2.4352  14.9053  17.3405
 67   4.6253  12.3264  16.9517   2.2335  14.3318  16.5653
 68   4.4027  11.8019  16.2047   2.0448  13.7614  15.8062
 69   4.1911  11.2828  15.4738   1.8685  13.1952  15.0638
 70   3.9900  10.7698  14.7598   1.7043  12.6345  14.3387
 71   3.7990  10.2640  14.0630   1.5514  12.0802  13.6316
 72   3.6177   9.7664  13.3840   1.4095  11.5336  12.9431
 73   3.4456   9.2777  12.7234   1.2779  10.9957  12.2736
 74   3.2825   8.7990  12.0814   1.1563  10.4675  11.6238
 75   3.1277   8.3309  11.4586   1.0441   9.9499  10.9939
 76   2.9810   7.8743  10.8553   0.9407   9.4438  10.3846
 77   2.8420   7.4298  10.2718   0.8457   8.9502   9.7960
 78   2.7102   6.9982   9.7084   0.7587   8.4698   9.2285
 79   2.5852   6.5800   9.1653   0.6791   8.0033   8.6824
 80   2.4667   6.1758   8.6425   0.6064   7.5514   8.1578
 81   2.3543   5.7860   8.1403   0.5403   7.1146   7.6549
 82   2.2476   5.4110   7.6586   0.4803   6.6933   7.1736
 83   2.1463   5.0511   7.1974   0.4259   6.2880   6.7140
 84   2.0500   4.7066   6.7566   0.3768   5.8991   6.2759
 85   1.9585   4.3776   6.3361   0.3326   5.5266   5.8592
 86   1.8713   4.0642   5.9355   0.2928   5.1707   5.4636
 87   1.7883   3.7665   5.5548   0.2572   4.8316   5.0888
 88   1.7091   3.4843   5.1934   0.2254   4.5092   4.7346
 89   1.6335   3.2175   4.8510   0.1970   4.2033   4.4003
 90   1.5613   2.9660   4.5273   0.1718   3.9138   4.0856
