# Powell
# iter -2*LL p12 p13 p21 p23
1 1 4109.894046391552 1 -3.251091400000 0.032927300000 -13.101476000000 0.129031400000 0.502381000000 -0.044021400000 -10.874522700000 0.102963100000
2 2 3861.600801526882 2 -3.764024614597 0.032970382309 -14.614089640067 0.128927701593 -0.036397221226 -0.043907616846 -11.600519160915 0.102943045200
3 2 3846.356404471160 4 -3.975399099970 0.032905195183 -14.064749158229 0.128735302006 -0.136149430553 -0.043843598575 -11.627654754051 0.102943621332
4 3 3846.131344885190 6 -4.001965243039 0.032820335186 -14.057008651401 0.128546083737 -0.150191930590 -0.043782162149 -11.628590950962 0.102944752774
5 3 3846.053871099113 8 -3.979304395211 0.032218963668 -13.969827624544 0.127210837682 -0.184760773648 -0.043353605375 -11.629379036664 0.102953592020
6 4 3845.850072954534 10 -3.891098283902 0.030779683357 -13.714558077093 0.123718217026 -0.263219165186 -0.042239394336 -11.632445746275 0.102987803944
7 4 3845.759430326953 12 -3.867549293807 0.030495233090 -13.623660541096 0.122870082113 -0.279209358403 -0.041978746908 -11.634622030842 0.103000560840
8 5 3845.651680119980 14 -3.800128439402 0.029717131522 -13.417248707809 0.120474461781 -0.323261329853 -0.041263820338 -11.639206294048 0.103048830144
9 5 3845.651152989806 16 -3.799365217410 0.029709055778 -13.420005292437 0.120435057571 -0.322996478851 -0.041268838473 -11.639519765983 0.103055997321
10 6 3845.647969047050 18 -3.802293359800 0.029786906031 -13.424900813283 0.120373939725 -0.304604030434 -0.041531262631 -11.647687933146 0.103164382725
11 6 3845.643708143572 19 -3.797118733498 0.029702181975 -13.395519663312 0.120004844518 -0.298761579728 -0.041609012428 -11.654405693487 0.103246871754
12 7 3845.632063987602 21 -3.768331413254 0.029230747599 -13.226143101008 0.117881975752 -0.265484391484 -0.042120578792 -11.695453370701 0.103750330312
13 7 3845.632031725165 24 -3.767982346660 0.029224317614 -13.226615343150 0.117882558660 -0.266095889845 -0.042113149990 -11.695499064008 0.103750881973
14 8 3845.631366709466 -34 -3.764770466032 0.029179447631 -13.271265834987 0.118472355428 -0.264880312144 -0.042131400715 -11.708020682445 0.103907372240
15 8 3845.631321241929 -32 -3.764090966352 0.029165942863 -13.273290267513 0.118508013879 -0.266263790357 -0.042110447109 -11.708099282965 0.103907801937
16 9 3845.631316517470 -31 -3.763988002022 0.029163297954 -13.275252362076 0.118537559316 -0.267105957150 -0.042098062098 -11.707854296914 0.103904570735
17 9 3845.631316505146 -30 -3.763979047699 0.029163158697 -13.275240125603 0.118537045824 -0.267113367134 -0.042097953728 -11.707853658336 0.103904574713
18 10 3845.631316500051 -29 -3.763958632449 0.029162812625 -13.275155139649 0.118535797170 -0.267107566522 -0.042098051730 -11.707865251118 0.103904719706
19 10 3845.631316497316 -28 -3.763957064614 0.029162791951 -13.275151218879 0.118535750586 -0.267105772636 -0.042098078159 -11.707865193602 0.103904692653
20 11 3845.631316373896 -28 -3.763886324725 0.029161766788 -13.275889624060 0.118544536550 -0.267101344688 -0.042098187248 -11.707722211524 0.103902972655
21 11 3845.631316279529 -25 -3.763851366371 0.029161200012 -13.275891648856 0.118544907589 -0.267055634307 -0.042098861313 -11.707622658216 0.103901748277
22 12 3845.631316237109 -22 -3.763826666254 0.029160807329 -13.276014033420 0.118547012499 -0.267008943220 -0.042099542168 -11.707497684406 0.103900135689
23 12 3845.631316236753 -18 -3.763830631871 0.029160871066 -13.276027887323 0.118547215833 -0.267012100524 -0.042099495568 -11.707499046684 0.103900145297
24 13 3845.631316236677 -15 -3.763831356625 0.029160884561 -13.276034035186 0.118547305412 -0.267011255208 -0.042099506641 -11.707500827550 0.103900166715
25 13 3845.631316236663 -11 -3.763831833100 0.029160892356 -13.276037518801 0.118547349662 -0.267011893831 -0.042099496860 -11.707500182527 0.103900158811
