# EEFsr.txt
#IMaCh version 0.99r45, April 2023,INED-EUROREVES-Institut de longevite-Japan Society for the Promotion of Science (Grant-in-Aid for Scientific Research 25293121), Intel Software 2015-2020, Nihon University 2021-202, INED 2000-2022
#$Revision: 1.353 $ $Date: 2023/05/08 18:48:22 $
# Tue Feb 04 22:13:35 2025
#One-step probabilities and covariance matrix
# Age p1-1  p1-2  p1-3  p2-1  p2-2  p2-3 
50  9.088e-001  9.059e-002  5.848e-004  8.522e-002  9.134e-001  1.356e-003 
50 1-1  1.061e-004
50 1-2 -1.062e-004  1.067e-004
50 1-3  1.307e-007 -5.087e-007  3.780e-007
50 2-1 -3.019e-005  2.967e-005  5.199e-007  1.308e-004
50 2-2  3.028e-005 -2.987e-005 -4.163e-007 -1.305e-004  1.304e-004
50 2-3 -8.858e-008  1.921e-007 -1.036e-007 -3.398e-007  9.964e-008  2.402e-007
51  9.063e-001  9.302e-002  6.566e-004  8.198e-002  9.165e-001  1.510e-003 
51 1-1  1.005e-004
51 1-2 -1.006e-004  1.012e-004
51 1-3  9.098e-008 -5.342e-007  4.432e-007
51 2-1 -2.708e-005  2.657e-005  5.126e-007  1.112e-004
51 2-2  2.716e-005 -2.677e-005 -3.916e-007 -1.108e-004  1.108e-004
51 2-3 -8.345e-008  2.044e-007 -1.210e-007 -3.294e-007  5.019e-008  2.793e-007
52  9.038e-001  9.550e-002  7.371e-004  7.885e-002  9.195e-001  1.681e-003 
52 1-1  9.502e-005
52 1-2 -9.506e-005  9.562e-005
52 1-3  4.081e-008 -5.592e-007  5.184e-007
52 2-1 -2.421e-005  2.371e-005  5.034e-007  9.414e-005
52 2-2  2.428e-005 -2.392e-005 -3.624e-007 -9.383e-005  9.383e-005
52 2-3 -7.577e-008  2.168e-007 -1.410e-007 -3.188e-007 -5.141e-009  3.240e-007
53  9.011e-001  9.804e-002  8.275e-004  7.584e-002  9.223e-001  1.870e-003 
53 1-1  8.955e-005
53 1-2 -8.953e-005  9.011e-005
53 1-3 -2.121e-008 -5.835e-007  6.047e-007
53 2-1 -2.158e-005  2.109e-005  4.924e-007  7.948e-005
53 2-2  2.164e-005 -2.132e-005 -3.285e-007 -7.917e-005  7.924e-005
53 2-3 -6.514e-008  2.290e-007 -1.639e-007 -3.080e-007 -6.693e-008  3.750e-007
54  8.984e-001  1.006e-001  9.288e-004  7.292e-002  9.250e-001  2.081e-003 
54 1-1  8.420e-005
54 1-2 -8.410e-005  8.471e-005
54 1-3 -9.648e-008 -6.071e-007  7.036e-007
54 2-1 -1.919e-005  1.871e-005  4.796e-007  6.690e-005
54 2-2  1.924e-005 -1.895e-005 -2.896e-007 -6.660e-005  6.674e-005
54 2-3 -5.113e-008  2.411e-007 -1.900e-007 -2.971e-007 -1.358e-007  4.329e-007
55  8.957e-001  1.033e-001  1.043e-003  7.011e-002  9.276e-001  2.315e-003 
55 1-1  7.905e-005
55 1-2 -7.886e-005  7.949e-005
55 1-3 -1.864e-007 -6.299e-007  8.164e-007
55 2-1 -1.702e-005  1.656e-005  4.651e-007  5.616e-005
55 2-2  1.706e-005 -1.681e-005 -2.455e-007 -5.588e-005  5.609e-005
55 2-3 -3.333e-008  2.530e-007 -2.197e-007 -2.862e-007 -2.123e-007  4.985e-007
56  8.928e-001  1.060e-001  1.170e-003  6.740e-002  9.300e-001  2.576e-003 
56 1-1  7.417e-005
56 1-2 -7.388e-005  7.453e-005
56 1-3 -2.924e-007 -6.521e-007  9.444e-007
56 2-1 -1.509e-005  1.464e-005  4.492e-007  4.705e-005
56 2-2  1.510e-005 -1.490e-005 -1.960e-007 -4.677e-005  4.707e-005
56 2-3 -1.130e-008  2.644e-007 -2.531e-007 -2.753e-007 -2.972e-007  5.725e-007
57  8.899e-001  1.088e-001  1.313e-003  6.478e-002  9.324e-001  2.865e-003 
57 1-1  6.966e-005
57 1-2 -6.925e-005  6.992e-005
57 1-3 -4.155e-007 -6.738e-007  1.089e-006
57 2-1 -1.337e-005  1.294e-005  4.320e-007  3.936e-005
57 2-2  1.336e-005 -1.322e-005 -1.412e-007 -3.909e-005  3.948e-005
57 2-3  1.535e-008  2.754e-007 -2.908e-007 -2.645e-007 -3.911e-007  6.555e-007
58  8.869e-001  1.116e-001  1.473e-003  6.226e-002  9.346e-001  3.186e-003 
58 1-1  6.561e-005
58 1-2 -6.506e-005  6.575e-005
58 1-3 -5.569e-007 -6.956e-007  1.252e-006
58 2-1 -1.187e-005  1.146e-005  4.138e-007  3.291e-005
58 2-2  1.183e-005 -1.174e-005 -8.091e-008 -3.266e-005  3.315e-005
58 2-3  4.699e-008  2.859e-007 -3.329e-007 -2.539e-007 -4.944e-007  7.483e-007
59  8.838e-001  1.145e-001  1.653e-003  5.982e-002  9.366e-001  3.543e-003 
59 1-1  6.214e-005
59 1-2 -6.142e-005  6.214e-005
59 1-3 -7.172e-007 -7.184e-007  1.436e-006
59 2-1 -1.058e-005  1.018e-005  3.951e-007  2.755e-005
59 2-2  1.050e-005 -1.048e-005 -1.538e-008 -2.731e-005  2.792e-005
59 2-3  8.390e-008  2.958e-007 -3.797e-007 -2.436e-007 -6.079e-007  8.515e-007
60  8.806e-001  1.175e-001  1.854e-003  5.748e-002  9.386e-001  3.939e-003 
60 1-1  5.934e-005
60 1-2 -5.844e-005  5.919e-005
60 1-3 -8.968e-007 -7.435e-007  1.640e-006
60 2-1 -9.488e-006  9.112e-006  3.762e-007  2.313e-005
60 2-2  9.362e-006 -9.417e-006  5.514e-008 -2.290e-005  2.363e-005
60 2-3  1.263e-007  3.051e-007 -4.314e-007 -2.337e-007 -7.319e-007  9.656e-007
61  8.774e-001  1.205e-001  2.080e-003  5.521e-002  9.404e-001  4.379e-003 
61 1-1  5.736e-005
61 1-2 -5.626e-005  5.703e-005
61 1-3 -1.095e-006 -7.731e-007  1.868e-006
61 2-1 -8.592e-006  8.234e-006  3.578e-007  1.952e-005
61 2-2  8.418e-006 -8.548e-006  1.302e-007 -1.929e-005  2.016e-005
61 2-3  1.742e-007  3.138e-007 -4.880e-007 -2.243e-007 -8.668e-007  1.091e-006
62  8.740e-001  1.236e-001  2.333e-003  5.303e-002  9.421e-001  4.867e-003 
62 1-1  5.631e-005
62 1-2 -5.500e-005  5.581e-005
62 1-3 -1.312e-006 -8.099e-007  2.122e-006
62 2-1 -7.883e-006  7.542e-006  3.406e-007  1.660e-005
62 2-2  7.656e-006 -7.865e-006  2.090e-007 -1.639e-005  1.740e-005
62 2-3  2.274e-007  3.222e-007 -5.496e-007 -2.155e-007 -1.013e-006  1.228e-006
63  8.706e-001  1.268e-001  2.616e-003  5.093e-002  9.437e-001  5.409e-003 
63 1-1  5.635e-005
63 1-2 -5.480e-005  5.566e-005
63 1-3 -1.545e-006 -8.579e-007  2.403e-006
63 2-1 -7.355e-006  7.030e-006  3.253e-007  1.428e-005
63 2-2  7.070e-006 -7.360e-006  2.908e-007 -1.408e-005  1.525e-005
63 2-3  2.856e-007  3.305e-007 -6.161e-007 -2.073e-007 -1.170e-006  1.377e-006
64  8.671e-001  1.300e-001  2.933e-003  4.891e-002  9.451e-001  6.010e-003 
64 1-1  5.761e-005
64 1-2 -5.582e-005  5.674e-005
64 1-3 -1.793e-006 -9.226e-007  2.716e-006
64 2-1 -7.001e-006  6.688e-006  3.130e-007  1.247e-005
64 2-2  6.653e-006 -7.027e-006  3.741e-007 -1.227e-005  1.361e-005
64 2-3  3.480e-007  3.391e-007 -6.871e-007 -1.999e-007 -1.337e-006  1.537e-006
65  8.634e-001  1.333e-001  3.289e-003  4.695e-002  9.464e-001  6.677e-003 
65 1-1  6.028e-005
65 1-2 -5.822e-005  5.923e-005
65 1-3 -2.052e-006 -1.011e-006  3.064e-006
65 2-1 -6.814e-006  6.509e-006  3.048e-007  1.108e-005
65 2-2  6.400e-006 -6.858e-006  4.574e-007 -1.088e-005  1.240e-005
65 2-3  4.137e-007  3.485e-007 -7.622e-007 -1.935e-007 -1.515e-006  1.708e-006
66  8.597e-001  1.366e-001  3.686e-003  4.507e-002  9.475e-001  7.417e-003 
66 1-1  6.450e-005
66 1-2 -6.218e-005  6.331e-005
66 1-3 -2.320e-006 -1.134e-006  3.454e-006
66 2-1 -6.786e-006  6.484e-006  3.020e-007  1.004e-005
66 2-2  6.305e-006 -6.844e-006  5.388e-007 -9.851e-006  1.155e-005
66 2-3  4.811e-007  3.598e-007 -8.408e-007 -1.880e-007 -1.702e-006  1.890e-006
67  8.558e-001  1.401e-001  4.132e-003  4.326e-002  9.485e-001  8.237e-003 
67 1-1  7.045e-005
67 1-2 -6.786e-005  6.917e-005
67 1-3 -2.592e-006 -1.305e-006  3.897e-006
67 2-1 -6.910e-006  6.604e-006  3.062e-007  9.295e-006
67 2-2  6.362e-006 -6.978e-006  6.159e-007 -9.111e-006  1.101e-005
67 2-3  5.482e-007  3.740e-007 -9.221e-007 -1.837e-007 -1.897e-006  2.080e-006
68  8.518e-001  1.435e-001  4.630e-003  4.151e-002  9.493e-001  9.147e-003 
68 1-1  7.833e-005
68 1-2 -7.546e-005  7.700e-005
68 1-3 -2.867e-006 -1.540e-006  4.407e-006
68 2-1 -7.180e-006  6.861e-006  3.191e-007  8.791e-006
68 2-2  6.567e-006 -7.254e-006  6.862e-007 -8.610e-006  1.071e-005
68 2-3  6.125e-007  3.927e-007 -1.005e-006 -1.808e-007 -2.098e-006  2.279e-006
69  8.477e-001  1.471e-001  5.188e-003  3.983e-002  9.500e-001  1.016e-002 
69 1-1  8.832e-005
69 1-2 -8.518e-005  8.704e-005
69 1-3 -3.144e-006 -1.863e-006  5.007e-006
69 2-1 -7.588e-006  7.245e-006  3.427e-007  8.480e-006
69 2-2  6.916e-006 -7.663e-006  7.467e-007 -8.301e-006  1.061e-005
69 2-3  6.712e-007  4.183e-007 -1.089e-006 -1.793e-007 -2.305e-006  2.484e-006
70  8.435e-001  1.507e-001  5.812e-003  3.821e-002  9.505e-001  1.127e-002 
70 1-1  1.006e-004
70 1-2 -9.721e-005  9.951e-005
70 1-3 -3.428e-006 -2.305e-006  5.734e-006
70 2-1 -8.126e-006  7.747e-006  3.795e-007  8.323e-006
70 2-2  7.406e-006 -8.200e-006  7.947e-007 -8.143e-006  1.066e-005
70 2-3  7.208e-007  4.534e-007 -1.174e-006 -1.796e-007 -2.516e-006  2.696e-006
71  8.392e-001  1.543e-001  6.509e-003  3.664e-002  9.508e-001  1.251e-002 
71 1-1  1.155e-004
71 1-2 -1.117e-004  1.147e-004
71 1-3 -3.731e-006 -2.906e-006  6.637e-006
71 2-1 -8.789e-006  8.357e-006  4.321e-007  8.284e-006
71 2-2  8.032e-006 -8.859e-006  8.275e-007 -8.102e-006  1.083e-005
71 2-3  7.575e-007  5.021e-007 -1.260e-006 -1.819e-007 -2.731e-006  2.913e-006
72  8.347e-001  1.580e-001  7.289e-003  3.514e-002  9.510e-001  1.388e-002 
72 1-1  1.331e-004
72 1-2 -1.290e-004  1.327e-004
72 1-3 -4.077e-006 -3.719e-006  7.796e-006
72 2-1 -9.570e-006  9.066e-006  5.034e-007  8.335e-006
72 2-2  8.792e-006 -9.636e-006  8.434e-007 -8.148e-006  1.110e-005
72 2-3  7.775e-007  5.693e-007 -1.347e-006 -1.865e-007 -2.950e-006  3.136e-006
73  8.300e-001  1.618e-001  8.161e-003  3.369e-002  9.509e-001  1.540e-002 
73 1-1  1.537e-004
73 1-2 -1.492e-004  1.540e-004
73 1-3 -4.510e-006 -4.813e-006  9.323e-006
73 2-1 -1.046e-005  9.864e-006  5.970e-007  8.450e-006
73 2-2  9.683e-006 -1.053e-005  8.422e-007 -8.256e-006  1.143e-005
73 2-3  7.777e-007  6.615e-007 -1.439e-006 -1.940e-007 -3.176e-006  3.370e-006
74  8.252e-001  1.656e-001  9.135e-003  3.229e-002  9.506e-001  1.709e-002 
74 1-1  1.775e-004
74 1-2 -1.724e-004  1.787e-004
74 1-3 -5.102e-006 -6.281e-006  1.138e-005
74 2-1 -1.146e-005  1.074e-005  7.167e-007  8.607e-006
74 2-2  1.070e-005 -1.153e-005  8.263e-007 -8.402e-006  1.182e-005
74 2-3  7.557e-007  7.873e-007 -1.543e-006 -2.049e-007 -3.417e-006  3.622e-006
75  8.203e-001  1.695e-001  1.022e-002  3.094e-002  9.501e-001  1.895e-002 
75 1-1  2.049e-004
75 1-2 -1.990e-004  2.072e-004
75 1-3 -5.967e-006 -8.241e-006  1.421e-005
75 2-1 -1.255e-005  1.168e-005  8.670e-007  8.790e-006
75 2-2  1.184e-005 -1.264e-005  8.026e-007 -8.570e-006  1.226e-005
75 2-3  7.116e-007  9.581e-007 -1.670e-006 -2.200e-007 -3.685e-006  3.905e-006
76  8.151e-001  1.734e-001  1.144e-002  2.964e-002  9.494e-001  2.100e-002 
76 1-1  2.362e-004
76 1-2 -2.289e-004  2.398e-004
76 1-3 -7.282e-006 -1.085e-005  1.814e-005
76 2-1 -1.374e-005  1.268e-005  1.053e-006  8.983e-006
76 2-2  1.309e-005 -1.387e-005  7.846e-007 -8.743e-006  1.275e-005
76 2-3  6.490e-007  1.188e-006 -1.837e-006 -2.402e-007 -4.003e-006  4.243e-006
77  8.098e-001  1.774e-001  1.279e-002  2.839e-002  9.483e-001  2.328e-002 
77 1-1  2.717e-004
77 1-2 -2.624e-004  2.767e-004
77 1-3 -9.309e-006 -1.432e-005  2.363e-005
77 2-1 -1.501e-005  1.373e-005  1.280e-006  9.175e-006
77 2-2  1.443e-005 -1.523e-005  7.955e-007 -8.908e-006  1.331e-005
77 2-3  5.777e-007  1.497e-006 -2.075e-006 -2.670e-007 -4.404e-006  4.671e-006
78  8.043e-001  1.814e-001  1.431e-002  2.718e-002  9.470e-001  2.579e-002 
78 1-1  3.119e-004
78 1-2 -2.995e-004  3.184e-004
78 1-3 -1.243e-005 -1.893e-005  3.136e-005
78 2-1 -1.636e-005  1.481e-005  1.554e-006  9.354e-006
78 2-2  1.585e-005 -1.672e-005  8.727e-007 -9.052e-006  1.399e-005
78 2-3  5.162e-007  1.910e-006 -2.427e-006 -3.020e-007 -4.941e-006  5.243e-006
79  7.986e-001  1.854e-001  1.599e-002  2.602e-002  9.454e-001  2.857e-002 
79 1-1  3.574e-004
79 1-2 -3.402e-004  3.652e-004
79 1-3 -1.718e-005 -2.503e-005  4.221e-005
79 2-1 -1.779e-005  1.591e-005  1.883e-006  9.515e-006
79 2-2  1.730e-005 -1.837e-005  1.074e-006 -9.167e-006  1.486e-005
79 2-3  4.959e-007  2.460e-006 -2.956e-006 -3.473e-007 -5.693e-006  6.041e-006
80  7.926e-001  1.895e-001  1.787e-002  2.489e-002  9.435e-001  3.163e-002 
80 1-1  4.088e-004
80 1-2 -3.844e-004  4.175e-004
80 1-3 -2.435e-005 -3.309e-005  5.744e-005
80 2-1 -1.930e-005  1.702e-005  2.274e-006  9.650e-006
80 2-2  1.873e-005 -2.021e-005  1.483e-006 -9.244e-006  1.602e-005
80 2-3  5.669e-007  3.191e-006 -3.757e-006 -4.057e-007 -6.774e-006  7.179e-006
81  7.865e-001  1.936e-001  1.996e-002  2.381e-002  9.412e-001  3.501e-002 
81 1-1  4.669e-004
81 1-2 -4.320e-004  4.757e-004
81 1-3 -3.499e-005 -4.375e-005  7.875e-005
81 2-1 -2.087e-005  1.813e-005  2.737e-006  9.754e-006
81 2-2  2.006e-005 -2.229e-005  2.225e-006 -9.273e-006  1.762e-005
81 2-3  8.045e-007  4.157e-006 -4.962e-006 -4.808e-007 -8.342e-006  8.823e-006
82  7.800e-001  1.977e-001  2.229e-002  2.276e-002  9.385e-001  3.873e-002 
82 1-1  5.330e-004
82 1-2 -4.824e-004  5.403e-004
82 1-3 -5.058e-005 -5.782e-005  1.084e-004
82 2-1 -2.250e-005  1.922e-005  3.280e-006  9.826e-006
82 2-2  2.118e-005 -2.465e-005  3.474e-006 -9.249e-006  1.987e-005
82 2-3  1.319e-006  5.435e-006 -6.754e-006 -5.771e-007 -1.062e-005  1.120e-005
83  7.733e-001  2.018e-001  2.488e-002  2.175e-002  9.354e-001  4.283e-002 
83 1-1  6.084e-004
83 1-2 -5.353e-004  6.117e-004
83 1-3 -7.312e-005 -7.638e-005  1.495e-004
83 2-1 -2.419e-005  2.028e-005  3.917e-006  9.861e-006
83 2-2  2.193e-005 -2.740e-005  5.472e-006 -9.161e-006  2.307e-005
83 2-3  2.268e-006  7.121e-006 -9.389e-006 -7.001e-007 -1.391e-005  1.461e-005
84  7.664e-001  2.059e-001  2.776e-002  2.078e-002  9.319e-001  4.734e-002 
84 1-1  6.950e-004
84 1-2 -5.897e-004  6.906e-004
84 1-3 -1.053e-004 -1.008e-004  2.061e-004
84 2-1 -2.595e-005  2.129e-005  4.658e-006  9.860e-006
84 2-2  2.208e-005 -3.063e-005  8.552e-006 -9.004e-006  2.763e-005
84 2-3  3.869e-006  9.342e-006 -1.321e-005 -8.568e-007 -1.863e-005  1.949e-005
85  7.591e-001  2.100e-001  3.096e-002  1.983e-002  9.279e-001  5.230e-002 
85 1-1  7.952e-004
85 1-2 -6.446e-004  7.776e-004
85 1-3 -1.506e-004 -1.330e-004  2.837e-004
85 2-1 -2.775e-005  2.224e-005  5.519e-006  9.822e-006
85 2-2  2.133e-005 -3.450e-005  1.316e-005 -8.767e-006  3.408e-005
85 2-3  6.422e-006  1.226e-005 -1.868e-005 -1.056e-006 -2.532e-005  2.637e-005
86  7.515e-001  2.140e-001  3.450e-002  1.892e-002  9.233e-001  5.774e-002 
86 1-1  9.122e-004
86 1-2 -6.983e-004  8.737e-004
86 1-3 -2.139e-004 -1.753e-004  3.892e-004
86 2-1 -2.962e-005  2.311e-005  6.513e-006  9.747e-006
86 2-2  1.929e-005 -3.920e-005  1.991e-005 -8.440e-006  4.313e-005
86 2-3  1.033e-005  1.610e-005 -2.642e-005 -1.307e-006 -3.469e-005  3.600e-005
87  7.435e-001  2.180e-001  3.844e-002  1.804e-002  9.182e-001  6.371e-002 
87 1-1  1.050e-003
87 1-2 -7.488e-004  9.797e-004
87 1-3 -3.011e-004 -2.309e-004  5.320e-004
87 2-1 -3.154e-005  2.388e-005  7.659e-006  9.635e-006
87 2-2  1.543e-005 -4.500e-005  2.957e-005 -8.012e-006  5.569e-005
87 2-3  1.611e-005  2.112e-005 -3.723e-005 -1.623e-006 -4.768e-005  4.930e-005
88  7.352e-001  2.220e-001  4.279e-002  1.719e-002  9.126e-001  7.024e-002 
88 1-1  1.213e-003
88 1-2 -7.932e-004  1.097e-003
88 1-3 -4.202e-004 -3.036e-004  7.239e-004
88 2-1 -3.351e-005  2.454e-005  8.975e-006  9.488e-006
88 2-2  9.041e-006 -5.223e-005  4.319e-005 -7.471e-006  7.293e-005
88 2-3  2.447e-005  2.769e-005 -5.216e-005 -2.018e-006 -6.546e-005  6.748e-005
89  7.266e-001  2.258e-001  4.761e-002  1.637e-002  9.062e-001  7.739e-002 
89 1-1  1.409e-003
89 1-2 -8.281e-004  1.227e-003
89 1-3 -5.813e-004 -3.987e-004  9.801e-004
89 2-1 -3.555e-005  2.507e-005  1.048e-005  9.309e-006
89 2-2 -7.459e-007 -6.132e-005  6.207e-005 -6.799e-006  9.633e-005
89 2-3  3.629e-005  3.625e-005 -7.255e-005 -2.510e-006 -8.953e-005  9.204e-005
90  7.175e-001  2.296e-001  5.293e-002  1.557e-002  8.992e-001  8.520e-002 
90 1-1  1.646e-003
90 1-2 -8.487e-004  1.371e-003
90 1-3 -7.972e-004 -5.227e-004  1.320e-003
90 2-1 -3.764e-005  2.544e-005  1.220e-005  9.098e-006
90 2-2 -1.506e-005 -7.283e-005  8.789e-005 -5.980e-006  1.277e-004
90 2-3  5.270e-005  4.739e-005 -1.001e-004 -3.117e-006 -1.218e-004  1.249e-004