
#****** ******
# EEFsr.txt
#IMaCh version 0.99r45, April 2023,INED-EUROREVES-Institut de longevite-Japan Society for the Promotion of Science (Grant-in-Aid for Scientific Research 25293121), Intel Software 2015-2020, Nihon University 2021-202, INED 2000-2022
#$Revision: 1.353 $ $Date: 2023/05/08 18:48:22 $
# Tue Feb 04 22:13:35 2025
# Health expectancies with standard errors
# Age e11 (SE) e12 (SE) e1.  e21 (SE) e22 (SE) e2. 
 50   10.4317 (0.4754)   21.1150 (0.7684)   31.5467 (0.7733)    7.7967 (0.4859)   23.5869 (0.7879)   31.3836 (0.7937)
 51    9.9713 (0.4518)   20.6442 (0.7489)   30.6155 (0.7612)    7.3296 (0.4560)   23.1112 (0.7674)   30.4408 (0.7835)
 52    9.5268 (0.4303)   20.1640 (0.7306)   29.6907 (0.7488)    6.8812 (0.4286)   22.6228 (0.7486)   29.5040 (0.7729)
 53    9.0980 (0.4108)   19.6748 (0.7132)   28.7728 (0.7361)    6.4514 (0.4035)   22.1223 (0.7311)   28.5737 (0.7619)
 54    8.6848 (0.3930)   19.1774 (0.6967)   27.8623 (0.7231)    6.0401 (0.3807)   21.6103 (0.7148)   27.6504 (0.7503)
 55    8.2871 (0.3771)   18.6725 (0.6811)   26.9596 (0.7099)    5.6471 (0.3600)   21.0877 (0.6994)   26.7348 (0.7384)
 56    7.9047 (0.3628)   18.1607 (0.6663)   26.0654 (0.6966)    5.2720 (0.3413)   20.5553 (0.6847)   25.8273 (0.7259)
 57    7.5373 (0.3501)   17.6429 (0.6522)   25.1802 (0.6832)    4.9147 (0.3242)   20.0139 (0.6705)   24.9286 (0.7130)
 58    7.1846 (0.3388)   17.1199 (0.6387)   24.3045 (0.6698)    4.5748 (0.3087)   19.4644 (0.6567)   24.0392 (0.6997)
 59    6.8465 (0.3287)   16.5925 (0.6259)   23.4389 (0.6566)    4.2519 (0.2946)   18.9080 (0.6432)   23.1599 (0.6860)
 60    6.5226 (0.3198)   16.0615 (0.6137)   22.5841 (0.6436)    3.9458 (0.2815)   18.3454 (0.6298)   22.2912 (0.6719)
 61    6.2126 (0.3119)   15.5280 (0.6022)   21.7406 (0.6309)    3.6559 (0.2693)   17.7780 (0.6165)   21.4338 (0.6577)
 62    5.9161 (0.3049)   14.9929 (0.5913)   20.9090 (0.6188)    3.3818 (0.2579)   17.2066 (0.6033)   20.5884 (0.6432)
 63    5.6330 (0.2987)   14.4570 (0.5811)   20.0900 (0.6073)    3.1232 (0.2470)   16.6325 (0.5902)   19.7557 (0.6287)
 64    5.3627 (0.2931)   13.9214 (0.5716)   19.2841 (0.5964)    2.8796 (0.2366)   16.0568 (0.5771)   18.9364 (0.6143)
 65    5.1049 (0.2881)   13.3871 (0.5630)   18.4920 (0.5865)    2.6504 (0.2265)   15.4807 (0.5643)   18.1311 (0.6001)
 66    4.8592 (0.2836)   12.8551 (0.5552)   17.7144 (0.5775)    2.4352 (0.2167)   14.9053 (0.5517)   17.3405 (0.5863)
 67    4.6253 (0.2796)   12.3264 (0.5482)   16.9517 (0.5696)    2.2335 (0.2071)   14.3318 (0.5396)   16.5653 (0.5729)
 68    4.4027 (0.2759)   11.8019 (0.5422)   16.2047 (0.5629)    2.0448 (0.1977)   13.7614 (0.5280)   15.8062 (0.5603)
 69    4.1911 (0.2725)   11.2828 (0.5371)   15.4738 (0.5574)    1.8685 (0.1884)   13.1952 (0.5171)   15.0638 (0.5484)
 70    3.9900 (0.2694)   10.7698 (0.5329)   14.7598 (0.5532)    1.7043 (0.1792)   12.6345 (0.5071)   14.3387 (0.5376)
 71    3.7990 (0.2666)   10.2640 (0.5297)   14.0630 (0.5502)    1.5514 (0.1701)   12.0802 (0.4981)   13.6316 (0.5279)
 72    3.6177 (0.2640)    9.7664 (0.5274)   13.3840 (0.5485)    1.4095 (0.1611)   11.5336 (0.4901)   12.9431 (0.5193)
 73    3.4456 (0.2616)    9.2777 (0.5259)   12.7234 (0.5481)    1.2779 (0.1523)   10.9957 (0.4834)   12.2736 (0.5121)
 74    3.2825 (0.2594)    8.7990 (0.5251)   12.0814 (0.5489)    1.1563 (0.1436)   10.4675 (0.4779)   11.6238 (0.5061)
 75    3.1277 (0.2575)    8.3309 (0.5251)   11.4586 (0.5508)    1.0441 (0.1352)    9.9499 (0.4736)   10.9939 (0.5014)
 76    2.9810 (0.2557)    7.8743 (0.5256)   10.8553 (0.5538)    0.9407 (0.1269)    9.4438 (0.4706)   10.3846 (0.4978)
 77    2.8420 (0.2541)    7.4298 (0.5266)   10.2718 (0.5577)    0.8457 (0.1189)    8.9502 (0.4686)    9.7960 (0.4954)
 78    2.7102 (0.2527)    6.9982 (0.5280)    9.7084 (0.5625)    0.7587 (0.1111)    8.4698 (0.4676)    9.2285 (0.4938)
 79    2.5852 (0.2516)    6.5800 (0.5296)    9.1653 (0.5682)    0.6791 (0.1036)    8.0033 (0.4673)    8.6824 (0.4929)
 80    2.4667 (0.2507)    6.1758 (0.5313)    8.6425 (0.5746)    0.6064 (0.0963)    7.5514 (0.4676)    8.1578 (0.4926)
 81    2.3543 (0.2501)    5.7860 (0.5331)    8.1403 (0.5817)    0.5403 (0.0894)    7.1146 (0.4683)    7.6549 (0.4925)
 82    2.2476 (0.2497)    5.4110 (0.5349)    7.6586 (0.5894)    0.4803 (0.0828)    6.6933 (0.4691)    7.1736 (0.4924)
 83    2.1463 (0.2497)    5.0511 (0.5364)    7.1974 (0.5977)    0.4259 (0.0765)    6.2880 (0.4697)    6.7140 (0.4922)
 84    2.0500 (0.2501)    4.7066 (0.5378)    6.7566 (0.6066)    0.3768 (0.0705)    5.8991 (0.4701)    6.2759 (0.4916)
 85    1.9585 (0.2508)    4.3776 (0.5389)    6.3361 (0.6159)    0.3326 (0.0649)    5.5266 (0.4699)    5.8592 (0.4904)
 86    1.8713 (0.2520)    4.0642 (0.5397)    5.9355 (0.6256)    0.2928 (0.0595)    5.1707 (0.4690)    5.4636 (0.4884)
 87    1.7883 (0.2537)    3.7665 (0.5401)    5.5548 (0.6357)    0.2572 (0.0545)    4.8316 (0.4673)    5.0888 (0.4856)
 88    1.7091 (0.2558)    3.4843 (0.5401)    5.1934 (0.6461)    0.2254 (0.0498)    4.5092 (0.4646)    4.7346 (0.4818)
 89    1.6335 (0.2584)    3.2175 (0.5396)    4.8510 (0.6567)    0.1970 (0.0455)    4.2033 (0.4608)    4.4003 (0.4769)
 90    1.5613 (0.2615)    2.9660 (0.5387)    4.5273 (0.6674)    0.1718 (0.0414)    3.9138 (0.4559)    4.0856 (0.4710)
