
# model  
#****** Result for:******
# EEFsr.txt
#IMaCh version 0.99r45, April 2023,INED-EUROREVES-Institut de longevite-Japan Society for the Promotion of Science (Grant-in-Aid for Scientific Research 25293121), Intel Software 2015-2020, Nihon University 2021-202, INED 2000-2022
#$Revision: 1.353 $ $Date: 2023/05/08 18:48:22 $
# Tue Feb 04 22:13:35 2025
# Total life expectancy with std error and decomposition into time to be expected in each health state
#  (weighted average of eij where weights are the age specific forward period (stable) prevalences in each health state 
# Age popbased mobilav e.. (std) e.1 (std) e.2 (std) 
   50 0 0  31.478 (  0.778)   9.196 (  0.548)  22.282 (  0.816)
   51 0 0  30.539 (  0.767)   8.691 (  0.516)  21.848 (  0.792)
   52 0 0  29.604 (  0.755)   8.203 (  0.487)  21.402 (  0.769)
   53 0 0  28.678 (  0.743)   7.732 (  0.460)  20.946 (  0.748)
   54 0 0  27.756 (  0.731)   7.277 (  0.434)  20.479 (  0.727)
   55 0 0  26.843 (  0.718)   6.841 (  0.411)  20.003 (  0.708)
   56 0 0  25.937 (  0.705)   6.421 (  0.390)  19.516 (  0.691)
   57 0 0  25.040 (  0.692)   6.018 (  0.370)  19.023 (  0.674)
   58 0 0  24.152 (  0.679)   5.632 (  0.352)  18.520 (  0.658)
   59 0 0  23.274 (  0.665)   5.263 (  0.336)  18.011 (  0.643)
   60 0 0  22.405 (  0.652)   4.911 (  0.322)  17.495 (  0.629)
   61 0 0  21.548 (  0.638)   4.575 (  0.308)  16.974 (  0.615)
   62 0 0  20.702 (  0.625)   4.255 (  0.296)  16.447 (  0.601)
   63 0 0  19.870 (  0.611)   3.952 (  0.285)  15.918 (  0.589)
   64 0 0  19.050 (  0.598)   3.664 (  0.275)  15.385 (  0.576)
   65 0 0  18.243 (  0.586)   3.392 (  0.265)  14.851 (  0.564)
   66 0 0  17.451 (  0.574)   3.135 (  0.256)  14.316 (  0.553)
   67 0 0  16.674 (  0.562)   2.892 (  0.247)  13.782 (  0.542)
   68 0 0  15.913 (  0.551)   2.664 (  0.238)  13.249 (  0.531)
   69 0 0  15.168 (  0.541)   2.450 (  0.230)  12.718 (  0.522)
   70 0 0  14.441 (  0.532)   2.249 (  0.221)  12.192 (  0.513)
   71 0 0  13.731 (  0.524)   2.061 (  0.213)  11.670 (  0.504)
   72 0 0  13.040 (  0.517)   1.885 (  0.204)  11.154 (  0.497)
   73 0 0  12.367 (  0.511)   1.722 (  0.196)  10.645 (  0.491)
   74 0 0  11.714 (  0.506)   1.570 (  0.188)  10.144 (  0.485)
   75 0 0  11.081 (  0.501)   1.429 (  0.179)   9.652 (  0.481)
   76 0 0  10.468 (  0.498)   1.298 (  0.171)   9.170 (  0.477)
   77 0 0   9.876 (  0.496)   1.177 (  0.163)   8.699 (  0.474)
   78 0 0   9.305 (  0.494)   1.066 (  0.155)   8.239 (  0.472)
   79 0 0   8.755 (  0.492)   0.963 (  0.147)   7.792 (  0.471)
   80 0 0   8.227 (  0.491)   0.869 (  0.139)   7.358 (  0.470)
   81 0 0   7.720 (  0.490)   0.783 (  0.131)   6.938 (  0.469)
   82 0 0   7.235 (  0.489)   0.704 (  0.124)   6.532 (  0.468)
   83 0 0   6.772 (  0.488)   0.632 (  0.117)   6.140 (  0.468)
   84 0 0   6.331 (  0.486)   0.566 (  0.110)   5.764 (  0.467)
   85 0 0   5.911 (  0.484)   0.507 (  0.103)   5.404 (  0.466)
   86 0 0   5.512 (  0.481)   0.453 (  0.097)   5.059 (  0.464)
   87 0 0   5.134 (  0.477)   0.404 (  0.091)   4.729 (  0.461)
   88 0 0   4.777 (  0.472)   0.360 (  0.086)   4.416 (  0.458)
   89 0 0   4.439 (  0.466)   0.321 (  0.080)   4.119 (  0.453)
   90 0 0   4.122 (  0.459)   0.285 (  0.076)   3.837 (  0.448)
