# PLMgali.txt
#IMaCh version 0.99r45, April 2023,INED-EUROREVES-Institut de longevite-Japan Society for the Promotion of Science (Grant-in-Aid for Scientific Research 25293121), Intel Software 2015-2020, Nihon University 2021-202, INED 2000-2022
#$Revision: 1.353 $ $Date: 2023/05/08 18:48:22 $
# Tue Feb 04 20:24:32 2025

#****** ******
# (a) Life expectancies by health status at initial age and (b) health expectancies by health status at initial age
# Age e11  e12  e1.  e21  e22  e2. 
 50  18.0073   5.7229  23.7302  15.9625   7.6351  23.5976
 51  17.4474   5.6433  23.0907  15.3224   7.5736  22.8960
 52  16.8959   5.5596  22.4556  14.6885   7.5054  22.1940
 53  16.3532   5.4720  21.8252  14.0616   7.4303  21.4919
 54  15.8198   5.3804  21.2001  13.4421   7.3481  20.7902
 55  15.2959   5.2848  20.5808  12.8308   7.2587  20.0895
 56  14.7821   5.1855  19.9676  12.2284   7.1619  19.3903
 57  14.2787   5.0825  19.3612  11.6356   7.0577  18.6934
 58  13.7862   4.9759  18.7621  11.0533   6.9461  17.9994
 59  13.3048   4.8661  18.1709  10.4822   6.8272  17.3094
 60  12.8351   4.7530  17.5881   9.9231   6.7010  16.6241
 61  12.3772   4.6371  17.0143   9.3768   6.5678  15.9446
 62  11.9316   4.5185  16.4501   8.8441   6.4278  15.2718
 63  11.4986   4.3976  15.8961   8.3257   6.2813  14.6070
 64  11.0783   4.2746  15.3529   7.8225   6.1286  13.9511
 65  10.6711   4.1499  14.8210   7.3351   5.9703  13.3054
 66  10.2770   4.0239  14.3009   6.8642   5.8067  12.6709
 67   9.8963   3.8968  13.7932   6.4104   5.6385  12.0488
 68   9.5291   3.7692  13.2983   5.9741   5.4662  11.4402
 69   9.1753   3.6413  12.8165   5.5558   5.2904  10.8462
 70   8.8349   3.5135  12.3484   5.1558   5.1118  10.2677
 71   8.5080   3.3862  11.8942   4.7744   4.9312   9.7056
 72   8.1943   3.2598  11.4542   4.4118   4.7491   9.1610
 73   7.8938   3.1347  11.0285   4.0680   4.5663   8.6344
 74   7.6063   3.0111  10.6174   3.7430   4.3836   8.1266
 75   7.3314   2.8895  10.2209   3.4366   4.2015   7.6381
 76   7.0690   2.7700   9.8390   3.1486   4.0208   7.1694
 77   6.8187   2.6531   9.4718   2.8787   3.8420   6.7208
 78   6.5801   2.5389   9.1190   2.6265   3.6659   6.2924
 79   6.3528   2.4278   8.7806   2.3915   3.4929   5.8845
 80   6.1366   2.3198   8.4564   2.1732   3.3237   5.4968
 81   5.9308   2.2152   8.1460   1.9708   3.1585   5.1294
 82   5.7352   2.1141   7.8493   1.7839   2.9980   4.7819
 83   5.5492   2.0167   7.5659   1.6117   2.8423   4.4540
 84   5.3724   1.9230   7.2954   1.4534   2.6919   4.1453
 85   5.2043   1.8331   7.0374   1.3084   2.5470   3.8553
 86   5.0446   1.7470   6.7915   1.1757   2.4076   3.5834
 87   4.8926   1.6647   6.5573   1.0548   2.2741   3.3290
 88   4.7480   1.5863   6.3343   0.9448   2.1465   3.0913
 89   4.6104   1.5116   6.1221   0.8450   2.0248   2.8698
 90   4.4794   1.4407   5.9201   0.7546   1.9090   2.6636
