# PLMgali.txt
#IMaCh version 0.99r45, April 2023,INED-EUROREVES-Institut de longevite-Japan Society for the Promotion of Science (Grant-in-Aid for Scientific Research 25293121), Intel Software 2015-2020, Nihon University 2021-202, INED 2000-2022
#$Revision: 1.353 $ $Date: 2023/05/08 18:48:22 $
# Tue Feb 04 20:24:32 2025
# Forward period (stable) prevalence. Precision given by ftolpl=0.0006 
#Age 1-1 2-2 
#************
#Age   1-1     2-2   Total Years_to_converge
50  0.84833 0.15173 1.000 16
51  0.84229 0.15779 1.000 16
52  0.83606 0.16401 1.000 16
53  0.82965 0.17044 1.000 16
54  0.82306 0.17705 1.000 16
55  0.81630 0.18379 1.000 17
56  0.80937 0.19074 1.000 17
57  0.80228 0.19782 1.000 17
58  0.79505 0.20507 1.000 17
59  0.78767 0.21244 1.000 18
60  0.78016 0.21996 1.000 18
61  0.77254 0.22757 1.000 18
62  0.76483 0.23530 1.000 18
63  0.75703 0.24309 1.000 19
64  0.74918 0.25096 1.000 19
65  0.74128 0.25884 1.000 19
66  0.73338 0.26676 1.000 19
67  0.72549 0.27464 1.000 20
68  0.71765 0.28250 1.000 20
69  0.70988 0.29029 1.000 20
70  0.70221 0.29794 1.000 20
71  0.69470 0.30547 1.000 20
72  0.68736 0.31279 1.000 21
73  0.68024 0.31993 1.000 21
74  0.67340 0.32679 1.000 21
75  0.66685 0.33332 1.000 21
76  0.66066 0.33952 1.000 21
77  0.65487 0.34533 1.000 21
78  0.64952 0.35066 1.000 22
79  0.64467 0.35552 1.000 22
80  0.64037 0.35984 1.000 22
81  0.63665 0.36353 1.000 22
82  0.63357 0.36661 1.000 22
83  0.63118 0.36901 1.000 22
84  0.62952 0.37069 1.000 22
85  0.62862 0.37159 1.000 22
86  0.62852 0.37170 1.000 22
87  0.62923 0.37095 1.000 23
88  0.63079 0.36939 1.000 23
89  0.63319 0.36699 1.000 23
90  0.63642 0.36379 1.000 22
