# Powell
# iter -2*LL p12 p13 p21 p23
1 1 1123.761878085463 0 -3.874335900000 0.025061000000 -5.453768400000 0.027494100000 1.062851000000 -0.034968100000 -8.422415300000 0.089084900000
2 2 1060.142543853753 0 -4.254919890125 0.024903625267 -6.532766250879 0.026974520233 0.507327071217 -0.034757887048 -9.175637336795 0.088900771974
3 2 1054.920646869034 0 -4.444583160876 0.024874493426 -6.245310248762 0.026870281094 0.335535184568 -0.034711770733 -9.253001342821 0.088792289228
4 3 1054.570596937944 0 -4.516679412008 0.024831856785 -6.218130651743 0.026807751419 0.297276858675 -0.034670707372 -9.259929784652 0.088680874380
5 3 1054.568148651392 1 -4.515013193913 0.024807565996 -6.215718995807 0.026763015034 0.295339136590 -0.034637972571 -9.252543294532 0.088683360821
6 4 1054.464352193488 1 -4.426962108193 0.023544081686 -6.060535592131 0.024312242776 0.176774739944 -0.032846725572 -8.849053287874 0.083490192862
7 4 1054.464096314622 1 -4.426774780586 0.023531993833 -6.062448819686 0.024323834180 0.177215703806 -0.032855572596 -8.848882658210 0.083472342825
8 5 1054.462567390123 1 -4.413876096012 0.023354782244 -6.079445544799 0.024709478560 0.196060073862 -0.033138054541 -8.838608494191 0.083305959698
9 5 1054.460156154041 1 -4.395279928188 0.023061942683 -6.114492538951 0.025270701530 0.223027050839 -0.033531623577 -8.818137185473 0.083016770005
10 6 1054.458750793958 1 -4.387684392257 0.022932212104 -6.129640171446 0.025435409631 0.234183678497 -0.033702546076 -8.809325157035 0.082906378736
11 6 1054.458291293077 2 -4.380228570336 0.022835901270 -6.143192020194 0.025575956144 0.243684198608 -0.033847092825 -8.802534806496 0.082826887847
12 7 1054.458270030744 2 -4.380998351359 0.022844884939 -6.142567118363 0.025561924463 0.242977006361 -0.033838025378 -8.802695462462 0.082829810846
13 7 1054.458091535123 2 -4.386999047936 0.022954173479 -6.140035819084 0.025524964015 0.242712512413 -0.033826012961 -8.797529058845 0.082766112725
14 8 1054.457823327469 2 -4.393982113365 0.023057792648 -6.140949929995 0.025531457917 0.245167493786 -0.033865469578 -8.788071857591 0.082643755309
15 8 1054.457742201794 2 -4.397698952218 0.023110004696 -6.141250128720 0.025523954249 0.245832705661 -0.033878908212 -8.783774189413 0.082589529521
16 9 1054.457714195758 2 -4.399561876244 0.023134030428 -6.141042686166 0.025515211527 0.245822041126 -0.033881325383 -8.782104429128 0.082568404015
17 9 1054.457696883329 3 -4.400692081127 0.023147491339 -6.141413867503 0.025521558144 0.246616740295 -0.033895062392 -8.780187556052 0.082542546210
18 10 1054.457656735783 3 -4.399415468827 0.023119583599 -6.143813147846 0.025564383016 0.249237438319 -0.033938079072 -8.778338780258 0.082514657513
19 10 1054.457646544355 3 -4.397598959769 0.023092532594 -6.145077614498 0.025585134151 0.250149236177 -0.033951493217 -8.778839415400 0.082520310627
20 11 1054.457642777192 3 -4.396001603474 0.023068073374 -6.145930836473 0.025598298233 0.250520415791 -0.033957158386 -8.779775601049 0.082532016903
21 11 1054.457642236546 3 -4.396080070413 0.023068972184 -6.145725242621 0.025595543460 0.250268359095 -0.033953404472 -8.780002258389 0.082534968593
22 12 1054.457636907083 3 -4.396654375779 0.023076845006 -6.144777274374 0.025583158739 0.247838176425 -0.033916469845 -8.781860065819 0.082559444468
23 12 1054.457628117637 3 -4.397087751430 0.023082725164 -6.145500684628 0.025593742067 0.246012278963 -0.033888797960 -8.782622235149 0.082569547142
24 13 1054.457622431292 3 -4.397112313347 0.023081051654 -6.146577216836 0.025613200593 0.246090810704 -0.033890693163 -8.782135570460 0.082562011399
25 13 1054.457590169133 3 -4.396920241344 0.023074637221 -6.156699186391 0.025772199392 0.245448327996 -0.033881656633 -8.778479668866 0.082510206203
26 14 1054.457580973117 3 -4.396841433761 0.023076432996 -6.157832892421 0.025784106793 0.245010195592 -0.033873846392 -8.778267689721 0.082508662635
27 14 1054.457579707728 3 -4.396792029311 0.023077247928 -6.158440789542 0.025790350742 0.244843244692 -0.033870718979 -8.778106155723 0.082507218641
28 15 1054.457579707597 3 -4.396788452996 0.023077199962 -6.158446838803 0.025790452063 0.244856220164 -0.033870913193 -8.778096370814 0.082507085611
29 15 1054.457579707583 4 -4.396788208855 0.023077198921 -6.158440965409 0.025790365021 0.244856759554 -0.033870920041 -8.778098746556 0.082507117950
30 16 1054.457579707582 4 -4.396788300008 0.023077201016 -6.158441174507 0.025790366913 0.244856147640 -0.033870910402 -8.778099023615 0.082507121978
31 16 1054.457579707582 4 -4.396788301450 0.023077201036 -6.158441172128 0.025790366882 0.244856141543 -0.033870910310 -8.778099028275 0.082507122039
