# PLMgali.txt
#IMaCh version 0.99r45, April 2023,INED-EUROREVES-Institut de longevite-Japan Society for the Promotion of Science (Grant-in-Aid for Scientific Research 25293121), Intel Software 2015-2020, Nihon University 2021-202, INED 2000-2022
#$Revision: 1.353 $ $Date: 2023/05/08 18:48:22 $
# Tue Feb 04 20:24:32 2025
#One-step probabilities and stand. devi in ()
# Age p1-1 (SE) p1-2 (SE) p1-3 (SE) p2-1 (SE) p2-2 (SE) p2-3 (SE)
50  9.554e-001 ( 9.652e-003)  3.731e-002 ( 9.387e-003)  7.339e-003 ( 3.680e-003)  1.887e-001 ( 5.015e-002)  8.036e-001 ( 5.012e-002)  7.663e-003 ( 4.610e-003) 
51  9.543e-001 ( 9.420e-003)  3.814e-002 ( 9.146e-003)  7.522e-003 ( 3.579e-003)  1.835e-001 ( 4.669e-002)  8.081e-001 ( 4.669e-002)  8.369e-003 ( 4.864e-003) 
52  9.533e-001 ( 9.180e-003)  3.898e-002 ( 8.898e-003)  7.711e-003 ( 3.475e-003)  1.783e-001 ( 4.338e-002)  8.125e-001 ( 4.343e-002)  9.138e-003 ( 5.126e-003) 
53  9.522e-001 ( 8.934e-003)  3.985e-002 ( 8.645e-003)  7.903e-003 ( 3.370e-003)  1.733e-001 ( 4.024e-002)  8.167e-001 ( 4.033e-002)  9.975e-003 ( 5.395e-003) 
54  9.512e-001 ( 8.684e-003)  4.073e-002 ( 8.387e-003)  8.101e-003 ( 3.263e-003)  1.684e-001 ( 3.725e-002)  8.208e-001 ( 3.740e-002)  1.089e-002 ( 5.670e-003) 
55  9.501e-001 ( 8.430e-003)  4.164e-002 ( 8.127e-003)  8.302e-003 ( 3.157e-003)  1.635e-001 ( 3.443e-002)  8.246e-001 ( 3.465e-002)  1.188e-002 ( 5.950e-003) 
56  9.489e-001 ( 8.175e-003)  4.256e-002 ( 7.868e-003)  8.509e-003 ( 3.054e-003)  1.588e-001 ( 3.179e-002)  8.283e-001 ( 3.209e-002)  1.296e-002 ( 6.236e-003) 
57  9.478e-001 ( 7.923e-003)  4.350e-002 ( 7.613e-003)  8.721e-003 ( 2.955e-003)  1.541e-001 ( 2.933e-002)  8.317e-001 ( 2.972e-002)  1.413e-002 ( 6.525e-003) 
58  9.466e-001 ( 7.677e-003)  4.446e-002 ( 7.367e-003)  8.938e-003 ( 2.864e-003)  1.496e-001 ( 2.706e-002)  8.350e-001 ( 2.755e-002)  1.541e-002 ( 6.818e-003) 
59  9.454e-001 ( 7.440e-003)  4.544e-002 ( 7.133e-003)  9.160e-003 ( 2.784e-003)  1.451e-001 ( 2.499e-002)  8.381e-001 ( 2.560e-002)  1.679e-002 ( 7.112e-003) 
60  9.442e-001 ( 7.219e-003)  4.644e-002 ( 6.919e-003)  9.387e-003 ( 2.719e-003)  1.408e-001 ( 2.313e-002)  8.409e-001 ( 2.387e-002)  1.830e-002 ( 7.407e-003) 
61  9.429e-001 ( 7.020e-003)  4.746e-002 ( 6.732e-003)  9.619e-003 ( 2.675e-003)  1.365e-001 ( 2.150e-002)  8.436e-001 ( 2.238e-002)  1.993e-002 ( 7.703e-003) 
62  9.416e-001 ( 6.850e-003)  4.850e-002 ( 6.580e-003)  9.857e-003 ( 2.655e-003)  1.323e-001 ( 2.010e-002)  8.460e-001 ( 2.112e-002)  2.171e-002 ( 7.998e-003) 
63  9.403e-001 ( 6.717e-003)  4.957e-002 ( 6.472e-003)  1.010e-002 ( 2.664e-003)  1.283e-001 ( 1.894e-002)  8.481e-001 ( 2.012e-002)  2.364e-002 ( 8.291e-003) 
64  9.390e-001 ( 6.630e-003)  5.065e-002 ( 6.418e-003)  1.035e-002 ( 2.708e-003)  1.243e-001 ( 1.802e-002)  8.500e-001 ( 1.935e-002)  2.573e-002 ( 8.584e-003) 
65  9.376e-001 ( 6.598e-003)  5.176e-002 ( 6.426e-003)  1.060e-002 ( 2.789e-003)  1.204e-001 ( 1.734e-002)  8.517e-001 ( 1.883e-002)  2.800e-002 ( 8.876e-003) 
66  9.362e-001 ( 6.630e-003)  5.289e-002 ( 6.506e-003)  1.087e-002 ( 2.910e-003)  1.165e-001 ( 1.689e-002)  8.530e-001 ( 1.852e-002)  3.045e-002 ( 9.170e-003) 
67  9.348e-001 ( 6.734e-003)  5.404e-002 ( 6.663e-003)  1.113e-002 ( 3.071e-003)  1.128e-001 ( 1.666e-002)  8.541e-001 ( 1.841e-002)  3.311e-002 ( 9.469e-003) 
68  9.334e-001 ( 6.914e-003)  5.522e-002 ( 6.902e-003)  1.141e-002 ( 3.273e-003)  1.091e-001 ( 1.660e-002)  8.549e-001 ( 1.847e-002)  3.599e-002 ( 9.777e-003) 
69  9.319e-001 ( 7.173e-003)  5.642e-002 ( 7.223e-003)  1.169e-002 ( 3.513e-003)  1.056e-001 ( 1.670e-002)  8.553e-001 ( 1.869e-002)  3.911e-002 ( 1.010e-002) 
70  9.304e-001 ( 7.513e-003)  5.764e-002 ( 7.626e-003)  1.197e-002 ( 3.790e-003)  1.021e-001 ( 1.692e-002)  8.555e-001 ( 1.902e-002)  4.248e-002 ( 1.045e-002) 
71  9.288e-001 ( 7.933e-003)  5.889e-002 ( 8.109e-003)  1.226e-002 ( 4.103e-003)  9.863e-002 ( 1.723e-002)  8.552e-001 ( 1.947e-002)  4.612e-002 ( 1.085e-002) 
72  9.273e-001 ( 8.431e-003)  6.016e-002 ( 8.669e-003)  1.256e-002 ( 4.449e-003)  9.528e-002 ( 1.760e-002)  8.547e-001 ( 2.000e-002)  5.005e-002 ( 1.130e-002) 
73  9.257e-001 ( 9.002e-003)  6.146e-002 ( 9.300e-003)  1.287e-002 ( 4.828e-003)  9.201e-002 ( 1.802e-002)  8.537e-001 ( 2.061e-002)  5.430e-002 ( 1.182e-002) 
74  9.240e-001 ( 9.643e-003)  6.278e-002 ( 1.000e-002)  1.318e-002 ( 5.238e-003)  8.880e-002 ( 1.845e-002)  8.523e-001 ( 2.130e-002)  5.887e-002 ( 1.246e-002) 
75  9.224e-001 ( 1.035e-002)  6.413e-002 ( 1.077e-002)  1.350e-002 ( 5.678e-003)  8.566e-002 ( 1.889e-002)  8.505e-001 ( 2.206e-002)  6.380e-002 ( 1.322e-002) 
76  9.207e-001 ( 1.112e-002)  6.551e-002 ( 1.159e-002)  1.383e-002 ( 6.147e-003)  8.259e-002 ( 1.931e-002)  8.483e-001 ( 2.292e-002)  6.911e-002 ( 1.415e-002) 
77  9.189e-001 ( 1.195e-002)  6.691e-002 ( 1.248e-002)  1.416e-002 ( 6.646e-003)  7.959e-002 ( 1.972e-002)  8.456e-001 ( 2.389e-002)  7.481e-002 ( 1.527e-002) 
78  9.172e-001 ( 1.284e-002)  6.834e-002 ( 1.342e-002)  1.450e-002 ( 7.174e-003)  7.665e-002 ( 2.009e-002)  8.424e-001 ( 2.499e-002)  8.094e-002 ( 1.663e-002) 
79  9.153e-001 ( 1.379e-002)  6.980e-002 ( 1.442e-002)  1.485e-002 ( 7.730e-003)  7.377e-002 ( 2.043e-002)  8.387e-001 ( 2.626e-002)  8.752e-002 ( 1.823e-002) 
80  9.135e-001 ( 1.479e-002)  7.128e-002 ( 1.547e-002)  1.521e-002 ( 8.315e-003)  7.095e-002 ( 2.073e-002)  8.345e-001 ( 2.771e-002)  9.456e-002 ( 2.013e-002) 
81  9.116e-001 ( 1.584e-002)  7.280e-002 ( 1.657e-002)  1.558e-002 ( 8.929e-003)  6.820e-002 ( 2.099e-002)  8.297e-001 ( 2.939e-002)  1.021e-001 ( 2.233e-002) 
82  9.097e-001 ( 1.694e-002)  7.434e-002 ( 1.773e-002)  1.595e-002 ( 9.573e-003)  6.550e-002 ( 2.119e-002)  8.243e-001 ( 3.134e-002)  1.102e-001 ( 2.486e-002) 
83  9.078e-001 ( 1.809e-002)  7.591e-002 ( 1.894e-002)  1.633e-002 ( 1.025e-002)  6.286e-002 ( 2.135e-002)  8.184e-001 ( 3.358e-002)  1.188e-001 ( 2.774e-002) 
84  9.058e-001 ( 1.930e-002)  7.752e-002 ( 2.020e-002)  1.672e-002 ( 1.095e-002)  6.027e-002 ( 2.146e-002)  8.118e-001 ( 3.616e-002)  1.280e-001 ( 3.098e-002) 
85  9.037e-001 ( 2.055e-002)  7.915e-002 ( 2.151e-002)  1.712e-002 ( 1.168e-002)  5.775e-002 ( 2.152e-002)  8.045e-001 ( 3.910e-002)  1.377e-001 ( 3.460e-002) 
86  9.017e-001 ( 2.185e-002)  8.081e-002 ( 2.287e-002)  1.753e-002 ( 1.245e-002)  5.528e-002 ( 2.153e-002)  7.966e-001 ( 4.242e-002)  1.481e-001 ( 3.860e-002) 
87  8.996e-001 ( 2.321e-002)  8.250e-002 ( 2.428e-002)  1.794e-002 ( 1.325e-002)  5.286e-002 ( 2.149e-002)  7.880e-001 ( 4.613e-002)  1.591e-001 ( 4.300e-002) 
88  8.974e-001 ( 2.461e-002)  8.423e-002 ( 2.575e-002)  1.837e-002 ( 1.408e-002)  5.050e-002 ( 2.140e-002)  7.788e-001 ( 5.026e-002)  1.708e-001 ( 4.779e-002) 
89  8.952e-001 ( 2.606e-002)  8.598e-002 ( 2.727e-002)  1.880e-002 ( 1.494e-002)  4.819e-002 ( 2.127e-002)  7.688e-001 ( 5.480e-002)  1.831e-001 ( 5.297e-002) 
90  8.930e-001 ( 2.756e-002)  8.777e-002 ( 2.884e-002)  1.925e-002 ( 1.584e-002)  4.593e-002 ( 2.109e-002)  7.580e-001 ( 5.975e-002)  1.960e-001 ( 5.854e-002) 