# PLMgali.txt
#IMaCh version 0.99r45, April 2023,INED-EUROREVES-Institut de longevite-Japan Society for the Promotion of Science (Grant-in-Aid for Scientific Research 25293121), Intel Software 2015-2020, Nihon University 2021-202, INED 2000-2022
#$Revision: 1.353 $ $Date: 2023/05/08 18:48:22 $
# Tue Feb 04 20:24:32 2025
#One-step probabilities and correlation matrix
# Age p1-1  p1-2  p1-3  p2-1  p2-2  p2-3 
50  9.554e-001  3.731e-002  7.339e-003  1.887e-001  8.036e-001  7.663e-003 
50 1-1  1.000e+000
50 1-2 -9.257e-001  1.000e+000
50 1-3 -2.616e-001 -1.230e-001  1.000e+000
50 2-1 -3.201e-001  3.301e-001 -2.643e-003  1.000e+000
50 2-2  3.188e-001 -3.345e-001  1.706e-002 -9.958e-001  1.000e+000
50 2-3  1.599e-002  4.498e-002 -1.567e-001 -5.278e-002 -3.918e-002  1.000e+000
51  9.543e-001  3.814e-002  7.522e-003  1.835e-001  8.081e-001  8.369e-003 
51 1-1  1.000e+000
51 1-2 -9.261e-001  1.000e+000
51 1-3 -2.653e-001 -1.181e-001  1.000e+000
51 2-1 -3.211e-001  3.315e-001 -2.036e-003  1.000e+000
51 2-2  3.194e-001 -3.363e-001  1.870e-002 -9.946e-001  1.000e+000
51 2-3  1.543e-002  4.670e-002 -1.600e-001 -5.114e-002 -5.304e-002  1.000e+000
52  9.533e-001  3.898e-002  7.711e-003  1.783e-001  8.125e-001  9.138e-003 
52 1-1  1.000e+000
52 1-2 -9.266e-001  1.000e+000
52 1-3 -2.692e-001 -1.129e-001  1.000e+000
52 2-1 -3.221e-001  3.328e-001 -1.257e-003  1.000e+000
52 2-2  3.200e-001 -3.382e-001  2.058e-002 -9.930e-001  1.000e+000
52 2-3  1.493e-002  4.855e-002 -1.637e-001 -4.989e-002 -6.819e-002  1.000e+000
53  9.522e-001  3.985e-002  7.903e-003  1.733e-001  8.167e-001  9.975e-003 
53 1-1  1.000e+000
53 1-2 -9.270e-001  1.000e+000
53 1-3 -2.732e-001 -1.075e-001  1.000e+000
53 2-1 -3.232e-001  3.342e-001 -2.647e-004  1.000e+000
53 2-2  3.205e-001 -3.401e-001  2.275e-002 -9.910e-001  1.000e+000
53 2-3  1.451e-002  5.054e-002 -1.681e-001 -4.907e-002 -8.481e-002  1.000e+000
54  9.512e-001  4.073e-002  8.101e-003  1.684e-001  8.208e-001  1.089e-002 
54 1-1  1.000e+000
54 1-2 -9.275e-001  1.000e+000
54 1-3 -2.773e-001 -1.020e-001  1.000e+000
54 2-1 -3.244e-001  3.355e-001  9.894e-004  1.000e+000
54 2-2  3.209e-001 -3.421e-001  2.526e-002 -9.885e-001  1.000e+000
54 2-3  1.417e-002  5.271e-002 -1.732e-001 -4.871e-002 -1.031e-001  1.000e+000
55  9.501e-001  4.164e-002  8.302e-003  1.635e-001  8.246e-001  1.188e-002 
55 1-1  1.000e+000
55 1-2 -9.279e-001  1.000e+000
55 1-3 -2.815e-001 -9.656e-002  1.000e+000
55 2-1 -3.256e-001  3.367e-001  2.564e-003  1.000e+000
55 2-2  3.211e-001 -3.440e-001  2.818e-002 -9.852e-001  1.000e+000
55 2-3  1.391e-002  5.511e-002 -1.790e-001 -4.887e-002 -1.232e-001  1.000e+000
56  9.489e-001  4.256e-002  8.509e-003  1.588e-001  8.283e-001  1.296e-002 
56 1-1  1.000e+000
56 1-2 -9.282e-001  1.000e+000
56 1-3 -2.855e-001 -9.148e-002  1.000e+000
56 2-1 -3.268e-001  3.378e-001  4.527e-003  1.000e+000
56 2-2  3.211e-001 -3.459e-001  3.158e-002 -9.810e-001  1.000e+000
56 2-3  1.373e-002  5.777e-002 -1.856e-001 -4.959e-002 -1.452e-001  1.000e+000
57  9.478e-001  4.350e-002  8.721e-003  1.541e-001  8.317e-001  1.413e-002 
57 1-1  1.000e+000
57 1-2 -9.284e-001  1.000e+000
57 1-3 -2.893e-001 -8.709e-002  1.000e+000
57 2-1 -3.280e-001  3.387e-001  6.947e-003  1.000e+000
57 2-2  3.207e-001 -3.476e-001  3.553e-002 -9.757e-001  1.000e+000
57 2-3  1.364e-002  6.075e-002 -1.931e-001 -5.093e-002 -1.693e-001  1.000e+000
58  9.466e-001  4.446e-002  8.938e-003  1.496e-001  8.350e-001  1.541e-002 
58 1-1  1.000e+000
58 1-2 -9.283e-001  1.000e+000
58 1-3 -2.926e-001 -8.390e-002  1.000e+000
58 2-1 -3.291e-001  3.391e-001  9.893e-003  1.000e+000
58 2-2  3.198e-001 -3.489e-001  4.013e-002 -9.690e-001  1.000e+000
58 2-3  1.363e-002  6.410e-002 -2.014e-001 -5.293e-002 -1.955e-001  1.000e+000
59  9.454e-001  4.544e-002  9.160e-003  1.451e-001  8.381e-001  1.679e-002 
59 1-1  1.000e+000
59 1-2 -9.279e-001  1.000e+000
59 1-3 -2.950e-001 -8.258e-002  1.000e+000
59 2-1 -3.300e-001  3.390e-001  1.341e-002  1.000e+000
59 2-2  3.183e-001 -3.498e-001  4.542e-002 -9.608e-001  1.000e+000
59 2-3  1.372e-002  6.789e-002 -2.106e-001 -5.560e-002 -2.236e-001  1.000e+000
60  9.442e-001  4.644e-002  9.387e-003  1.408e-001  8.409e-001  1.830e-002 
60 1-1  1.000e+000
60 1-2 -9.269e-001  1.000e+000
60 1-3 -2.962e-001 -8.395e-002  1.000e+000
60 2-1 -3.306e-001  3.380e-001  1.751e-002  1.000e+000
60 2-2  3.160e-001 -3.500e-001  5.145e-002 -9.508e-001  1.000e+000
60 2-3  1.388e-002  7.216e-002 -2.205e-001 -5.895e-002 -2.532e-001  1.000e+000
61  9.429e-001  4.746e-002  9.619e-003  1.365e-001  8.436e-001  1.993e-002 
61 1-1  1.000e+000
61 1-2 -9.252e-001  1.000e+000
61 1-3 -2.958e-001 -8.887e-002  1.000e+000
61 2-1 -3.307e-001  3.360e-001  2.212e-002  1.000e+000
61 2-2  3.128e-001 -3.493e-001  5.819e-002 -9.391e-001  1.000e+000
61 2-3  1.412e-002  7.696e-002 -2.308e-001 -6.293e-002 -2.838e-001  1.000e+000
62  9.416e-001  4.850e-002  9.857e-003  1.323e-001  8.460e-001  2.171e-002 
62 1-1  1.000e+000
62 1-2 -9.226e-001  1.000e+000
62 1-3 -2.932e-001 -9.818e-002  1.000e+000
62 2-1 -3.301e-001  3.327e-001  2.709e-002  1.000e+000
62 2-2  3.086e-001 -3.477e-001  6.554e-002 -9.259e-001  1.000e+000
62 2-3  1.440e-002  8.232e-002 -2.412e-001 -6.741e-002 -3.145e-001  1.000e+000
63  9.403e-001  4.957e-002  1.010e-002  1.283e-001  8.481e-001  2.364e-002 
63 1-1  1.000e+000
63 1-2 -9.190e-001  1.000e+000
63 1-3 -2.884e-001 -1.124e-001  1.000e+000
63 2-1 -3.288e-001  3.280e-001  3.213e-002  1.000e+000
63 2-2  3.034e-001 -3.451e-001  7.334e-002 -9.116e-001  1.000e+000
63 2-3  1.470e-002  8.821e-002 -2.513e-001 -7.222e-002 -3.442e-001  1.000e+000
64  9.390e-001  5.065e-002  1.035e-002  1.243e-001  8.500e-001  2.573e-002 
64 1-1  1.000e+000
64 1-2 -9.143e-001  1.000e+000
64 1-3 -2.813e-001 -1.314e-001  1.000e+000
64 2-1 -3.266e-001  3.218e-001  3.690e-002  1.000e+000
64 2-2  2.974e-001 -3.416e-001  8.134e-002 -8.969e-001  1.000e+000
64 2-3  1.497e-002  9.461e-002 -2.609e-001 -7.711e-002 -3.717e-001  1.000e+000
65  9.376e-001  5.176e-002  1.060e-002  1.204e-001  8.517e-001  2.800e-002 
65 1-1  1.000e+000
65 1-2 -9.086e-001  1.000e+000
65 1-3 -2.722e-001 -1.546e-001  1.000e+000
65 2-1 -3.235e-001  3.144e-001  4.102e-002  1.000e+000
65 2-2  2.909e-001 -3.375e-001  8.932e-002 -8.827e-001  1.000e+000
65 2-3  1.517e-002  1.014e-001 -2.696e-001 -8.179e-002 -3.962e-001  1.000e+000
66  9.362e-001  5.289e-002  1.087e-002  1.165e-001  8.530e-001  3.045e-002 
66 1-1  1.000e+000
66 1-2 -9.020e-001  1.000e+000
66 1-3 -2.618e-001 -1.805e-001  1.000e+000
66 2-1 -3.198e-001  3.062e-001  4.420e-002  1.000e+000
66 2-2  2.842e-001 -3.331e-001  9.709e-002 -8.698e-001  1.000e+000
66 2-3  1.525e-002  1.086e-001 -2.775e-001 -8.599e-002 -4.168e-001  1.000e+000
67  9.348e-001  5.404e-002  1.113e-002  1.128e-001  8.541e-001  3.311e-002 
67 1-1  1.000e+000
67 1-2 -8.949e-001  1.000e+000
67 1-3 -2.509e-001 -2.074e-001  1.000e+000
67 2-1 -3.157e-001  2.977e-001  4.630e-002  1.000e+000
67 2-2  2.778e-001 -3.290e-001  1.046e-001 -8.588e-001  1.000e+000
67 2-3  1.515e-002  1.160e-001 -2.848e-001 -8.949e-002 -4.334e-001  1.000e+000
68  9.334e-001  5.522e-002  1.141e-002  1.091e-001  8.549e-001  3.599e-002 
68 1-1  1.000e+000
68 1-2 -8.878e-001  1.000e+000
68 1-3 -2.403e-001 -2.334e-001  1.000e+000
68 2-1 -3.114e-001  2.895e-001  4.734e-002  1.000e+000
68 2-2  2.720e-001 -3.255e-001  1.119e-001 -8.498e-001  1.000e+000
68 2-3  1.483e-002  1.235e-001 -2.917e-001 -9.215e-002 -4.465e-001  1.000e+000
69  9.319e-001  5.642e-002  1.169e-002  1.056e-001  8.553e-001  3.911e-002 
69 1-1  1.000e+000
69 1-2 -8.809e-001  1.000e+000
69 1-3 -2.306e-001 -2.573e-001  1.000e+000
69 2-1 -3.073e-001  2.821e-001  4.747e-002  1.000e+000
69 2-2  2.669e-001 -3.229e-001  1.191e-001 -8.428e-001  1.000e+000
69 2-3  1.425e-002  1.311e-001 -2.987e-001 -9.393e-002 -4.567e-001  1.000e+000
70  9.304e-001  5.764e-002  1.197e-002  1.021e-001  8.555e-001  4.248e-002 
70 1-1  1.000e+000
70 1-2 -8.748e-001  1.000e+000
70 1-3 -2.222e-001 -2.780e-001  1.000e+000
70 2-1 -3.035e-001  2.757e-001  4.692e-002  1.000e+000
70 2-2  2.625e-001 -3.214e-001  1.264e-001 -8.371e-001  1.000e+000
70 2-3  1.340e-002  1.388e-001 -3.059e-001 -9.485e-002 -4.652e-001  1.000e+000
71  9.288e-001  5.889e-002  1.226e-002  9.863e-002  8.552e-001  4.612e-002 
71 1-1  1.000e+000
71 1-2 -8.694e-001  1.000e+000
71 1-3 -2.152e-001 -2.954e-001  1.000e+000
71 2-1 -3.002e-001  2.705e-001  4.592e-002  1.000e+000
71 2-2  2.589e-001 -3.210e-001  1.339e-001 -8.321e-001  1.000e+000
71 2-3  1.229e-002  1.465e-001 -3.133e-001 -9.498e-002 -4.731e-001  1.000e+000
72  9.273e-001  6.016e-002  1.256e-002  9.528e-002  8.547e-001  5.005e-002 
72 1-1  1.000e+000
72 1-2 -8.650e-001  1.000e+000
72 1-3 -2.096e-001 -3.094e-001  1.000e+000
72 2-1 -2.975e-001  2.664e-001  4.468e-002  1.000e+000
72 2-2  2.557e-001 -3.214e-001  1.418e-001 -8.269e-001  1.000e+000
72 2-3  1.092e-002  1.540e-001 -3.207e-001 -9.442e-002 -4.817e-001  1.000e+000
73  9.257e-001  6.146e-002  1.287e-002  9.201e-002  8.537e-001  5.430e-002 
73 1-1  1.000e+000
73 1-2 -8.613e-001  1.000e+000
73 1-3 -2.053e-001 -3.204e-001  1.000e+000
73 2-1 -2.952e-001  2.632e-001  4.335e-002  1.000e+000
73 2-2  2.527e-001 -3.226e-001  1.503e-001 -8.208e-001  1.000e+000
73 2-3  9.324e-003  1.612e-001 -3.279e-001 -9.325e-002 -4.922e-001  1.000e+000
74  9.240e-001  6.278e-002  1.318e-002  8.880e-002  8.523e-001  5.887e-002 
74 1-1  1.000e+000
74 1-2 -8.584e-001  1.000e+000
74 1-3 -2.021e-001 -3.288e-001  1.000e+000
74 2-1 -2.933e-001  2.608e-001  4.206e-002  1.000e+000
74 2-2  2.498e-001 -3.242e-001  1.592e-001 -8.129e-001  1.000e+000
74 2-3  7.527e-003  1.679e-001 -3.344e-001 -9.158e-002 -5.056e-001  1.000e+000
75  9.224e-001  6.413e-002  1.350e-002  8.566e-002  8.505e-001  6.380e-002 
75 1-1  1.000e+000
75 1-2 -8.561e-001  1.000e+000
75 1-3 -1.999e-001 -3.352e-001  1.000e+000
75 2-1 -2.919e-001  2.591e-001  4.088e-002  1.000e+000
75 2-2  2.465e-001 -3.259e-001  1.686e-001 -8.024e-001  1.000e+000
75 2-3  5.580e-003  1.738e-001 -3.397e-001 -8.955e-002 -5.225e-001  1.000e+000
76  9.207e-001  6.551e-002  1.383e-002  8.259e-002  8.483e-001  6.911e-002 
76 1-1  1.000e+000
76 1-2 -8.543e-001  1.000e+000
76 1-3 -1.984e-001 -3.400e-001  1.000e+000
76 2-1 -2.907e-001  2.578e-001  3.986e-002  1.000e+000
76 2-2  2.428e-001 -3.275e-001  1.783e-001 -7.886e-001  1.000e+000
76 2-3  3.539e-003  1.786e-001 -3.433e-001 -8.732e-002 -5.437e-001  1.000e+000
77  9.189e-001  6.691e-002  1.416e-002  7.959e-002  8.456e-001  7.481e-002 
77 1-1  1.000e+000
77 1-2 -8.529e-001  1.000e+000
77 1-3 -1.975e-001 -3.435e-001  1.000e+000
77 2-1 -2.898e-001  2.569e-001  3.902e-002  1.000e+000
77 2-2  2.382e-001 -3.285e-001  1.882e-001 -7.709e-001  1.000e+000
77 2-3  1.465e-003  1.823e-001 -3.448e-001 -8.508e-002 -5.690e-001  1.000e+000
78  9.172e-001  6.834e-002  1.450e-002  7.665e-002  8.424e-001  8.094e-002 
78 1-1  1.000e+000
78 1-2 -8.517e-001  1.000e+000
78 1-3 -1.970e-001 -3.460e-001  1.000e+000
78 2-1 -2.891e-001  2.561e-001  3.838e-002  1.000e+000
78 2-2  2.328e-001 -3.287e-001  1.981e-001 -7.488e-001  1.000e+000
78 2-3 -5.787e-004  1.846e-001 -3.443e-001 -8.302e-002 -5.984e-001  1.000e+000
79  9.153e-001  6.980e-002  1.485e-002  7.377e-002  8.387e-001  8.752e-002 
79 1-1  1.000e+000
79 1-2 -8.507e-001  1.000e+000
79 1-3 -1.969e-001 -3.478e-001  1.000e+000
79 2-1 -2.885e-001  2.556e-001  3.795e-002  1.000e+000
79 2-2  2.263e-001 -3.278e-001  2.077e-001 -7.218e-001  1.000e+000
79 2-3 -2.538e-003  1.856e-001 -3.417e-001 -8.138e-002 -6.311e-001  1.000e+000
80  9.135e-001  7.128e-002  1.521e-002  7.095e-002  8.345e-001  9.456e-002 
80 1-1  1.000e+000
80 1-2 -8.499e-001  1.000e+000
80 1-3 -1.972e-001 -3.491e-001  1.000e+000
80 2-1 -2.880e-001  2.550e-001  3.771e-002  1.000e+000
80 2-2  2.187e-001 -3.255e-001  2.167e-001 -6.898e-001  1.000e+000
80 2-3 -4.369e-003  1.855e-001 -3.373e-001 -8.033e-002 -6.662e-001  1.000e+000
81  9.116e-001  7.280e-002  1.558e-002  6.820e-002  8.297e-001  1.021e-001 
81 1-1  1.000e+000
81 1-2 -8.491e-001  1.000e+000
81 1-3 -1.976e-001 -3.500e-001  1.000e+000
81 2-1 -2.876e-001  2.546e-001  3.768e-002  1.000e+000
81 2-2  2.100e-001 -3.218e-001  2.249e-001 -6.532e-001  1.000e+000
81 2-3 -6.047e-003  1.844e-001 -3.315e-001 -8.005e-002 -7.025e-001  1.000e+000
82  9.097e-001  7.434e-002  1.595e-002  6.550e-002  8.243e-001  1.102e-001 
82 1-1  1.000e+000
82 1-2 -8.485e-001  1.000e+000
82 1-3 -1.981e-001 -3.506e-001  1.000e+000
82 2-1 -2.873e-001  2.541e-001  3.784e-002  1.000e+000
82 2-2  2.003e-001 -3.166e-001  2.320e-001 -6.123e-001  1.000e+000
82 2-3 -7.558e-003  1.826e-001 -3.247e-001 -8.065e-002 -7.387e-001  1.000e+000
83  9.078e-001  7.591e-002  1.633e-002  6.286e-002  8.184e-001  1.188e-001 
83 1-1  1.000e+000
83 1-2 -8.478e-001  1.000e+000
83 1-3 -1.988e-001 -3.511e-001  1.000e+000
83 2-1 -2.870e-001  2.535e-001  3.819e-002  1.000e+000
83 2-2  1.898e-001 -3.100e-001  2.378e-001 -5.679e-001  1.000e+000
83 2-3 -8.901e-003  1.802e-001 -3.174e-001 -8.222e-002 -7.736e-001  1.000e+000
84  9.058e-001  7.752e-002  1.672e-002  6.027e-002  8.118e-001  1.280e-001 
84 1-1  1.000e+000
84 1-2 -8.472e-001  1.000e+000
84 1-3 -1.996e-001 -3.515e-001  1.000e+000
84 2-1 -2.867e-001  2.529e-001  3.872e-002  1.000e+000
84 2-2  1.788e-001 -3.022e-001  2.423e-001 -5.208e-001  1.000e+000
84 2-3 -1.009e-002  1.775e-001 -3.097e-001 -8.481e-002 -8.064e-001  1.000e+000
85  9.037e-001  7.915e-002  1.712e-002  5.775e-002  8.045e-001  1.377e-001 
85 1-1  1.000e+000
85 1-2 -8.466e-001  1.000e+000
85 1-3 -2.004e-001 -3.518e-001  1.000e+000
85 2-1 -2.864e-001  2.522e-001  3.942e-002  1.000e+000
85 2-2  1.675e-001 -2.934e-001  2.455e-001 -4.722e-001  1.000e+000
85 2-3 -1.112e-002  1.747e-001 -3.020e-001 -8.844e-002 -8.363e-001  1.000e+000
86  9.017e-001  8.081e-002  1.753e-002  5.528e-002  7.966e-001  1.481e-001 
86 1-1  1.000e+000
86 1-2 -8.460e-001  1.000e+000
86 1-3 -2.013e-001 -3.520e-001  1.000e+000
86 2-1 -2.861e-001  2.514e-001  4.031e-002  1.000e+000
86 2-2  1.562e-001 -2.839e-001  2.475e-001 -4.228e-001  1.000e+000
86 2-3 -1.203e-002  1.717e-001 -2.944e-001 -9.311e-002 -8.629e-001  1.000e+000
87  8.996e-001  8.250e-002  1.794e-002  5.286e-002  7.880e-001  1.591e-001 
87 1-1  1.000e+000
87 1-2 -8.453e-001  1.000e+000
87 1-3 -2.021e-001 -3.523e-001  1.000e+000
87 2-1 -2.858e-001  2.505e-001  4.135e-002  1.000e+000
87 2-2  1.451e-001 -2.741e-001  2.483e-001 -3.737e-001  1.000e+000
87 2-3 -1.281e-002  1.689e-001 -2.871e-001 -9.882e-002 -8.861e-001  1.000e+000
88  8.974e-001  8.423e-002  1.837e-002  5.050e-002  7.788e-001  1.708e-001 
88 1-1  1.000e+000
88 1-2 -8.447e-001  1.000e+000
88 1-3 -2.030e-001 -3.527e-001  1.000e+000
88 2-1 -2.854e-001  2.495e-001  4.256e-002  1.000e+000
88 2-2  1.344e-001 -2.641e-001  2.483e-001 -3.255e-001  1.000e+000
88 2-3 -1.350e-002  1.661e-001 -2.802e-001 -1.056e-001 -9.059e-001  1.000e+000
89  8.952e-001  8.598e-002  1.880e-002  4.819e-002  7.688e-001  1.831e-001 
89 1-1  1.000e+000
89 1-2 -8.440e-001  1.000e+000
89 1-3 -2.039e-001 -3.530e-001  1.000e+000
89 2-1 -2.850e-001  2.483e-001  4.393e-002  1.000e+000
89 2-2  1.242e-001 -2.543e-001  2.474e-001 -2.786e-001  1.000e+000
89 2-3 -1.409e-002  1.634e-001 -2.736e-001 -1.133e-001 -9.227e-001  1.000e+000
90  8.930e-001  8.777e-002  1.925e-002  4.593e-002  7.580e-001  1.960e-001 
90 1-1  1.000e+000
90 1-2 -8.432e-001  1.000e+000
90 1-3 -2.048e-001 -3.534e-001  1.000e+000
90 2-1 -2.845e-001  2.469e-001  4.545e-002  1.000e+000
90 2-2  1.147e-001 -2.447e-001  2.460e-001 -2.334e-001  1.000e+000
90 2-3 -1.461e-002  1.608e-001 -2.674e-001 -1.220e-001 -9.366e-001  1.000e+000