
#****** ******
# PLMgali.txt
#IMaCh version 0.99r45, April 2023,INED-EUROREVES-Institut de longevite-Japan Society for the Promotion of Science (Grant-in-Aid for Scientific Research 25293121), Intel Software 2015-2020, Nihon University 2021-202, INED 2000-2022
#$Revision: 1.353 $ $Date: 2023/05/08 18:48:22 $
# Tue Feb 04 20:24:32 2025
# Variance and covariance of health expectancies e.j 
#  (weighted average of eij where weights are the age specific period (stable) prevalences in each health state 
# Age Cov(e.1, e.1) Cov(e.1, e.2) Cov(e.2, e.1) Cov(e.2, e.2)
50  1.9326 0.1243 0.1243 0.6053
51  1.7948 0.0992 0.0992 0.5699
52  1.7772 0.0898 0.0898 0.5248
53  1.5847 0.0631 0.0631 0.5120
54  1.5733 0.0646 0.0646 0.4849
55  1.4421 0.0397 0.0397 0.4691
56  1.3899 0.0308 0.0308 0.4522
57  1.3480 0.0228 0.0228 0.4377
58  1.3146 0.0154 0.0154 0.4255
59  1.2882 0.0082 0.0082 0.4148
60  1.2677 0.0011 0.0011 0.4058
61  1.2520 -0.0063 -0.0063 0.3977
62  1.2403 -0.0139 -0.0139 0.3907
63  1.2318 -0.0217 -0.0217 0.3842
64  1.2260 -0.0296 -0.0296 0.3783
65  1.2222 -0.0375 -0.0375 0.3727
66  1.2200 -0.0452 -0.0452 0.3675
67  1.2191 -0.0525 -0.0525 0.3624
68  1.2190 -0.0593 -0.0593 0.3576
69  1.2195 -0.0655 -0.0655 0.3530
70  1.2200 -0.0709 -0.0709 0.3487
71  1.2206 -0.0755 -0.0755 0.3446
72  1.2208 -0.0793 -0.0793 0.3407
73  1.2206 -0.0822 -0.0822 0.3373
74  1.2197 -0.0845 -0.0845 0.3341
75  1.2181 -0.0862 -0.0862 0.3311
76  1.2158 -0.0876 -0.0876 0.3285
77  1.2128 -0.0887 -0.0887 0.3261
78  1.2093 -0.0899 -0.0899 0.3238
79  1.2054 -0.0914 -0.0914 0.3215
80  1.2016 -0.0933 -0.0933 0.3191
81  1.1981 -0.0960 -0.0960 0.3165
82  1.1955 -0.0994 -0.0994 0.3136
83  1.1941 -0.1039 -0.1039 0.3103
84  1.1947 -0.1093 -0.1093 0.3064
85  1.1976 -0.1158 -0.1158 0.3018
86  1.2035 -0.1232 -0.1232 0.2965
87  1.2106 -0.1320 -0.1320 0.2917
88  1.2258 -0.1403 -0.1403 0.2833
89  1.2104 -0.1691 -0.1691 0.2729
90  1.2642 -0.1588 -0.1588 0.2668
