# Powell
# iter -2*LL p12 p13 p21 p23
1 1 6765.264110739905 1 0.000000000000 0.000000000000 0.000000000000 0.000000000000 0.000000000000 0.000000000000 0.000000000000 0.000000000000
2 2 1912.090871881176 2 29.058148643100 0.861897013075 0.861897013075 0.000000000000 2.591876425283 -0.000812311134 -0.907732237577 0.002039972485
3 2 1770.238678426237 3 29.868172088687 1.856262097141 1.856262097141 2.141041389585 2.574931238624 -0.009788680707 -1.603339317368 -0.011363811812
4 3 1743.861137721935 3 29.745463365692 1.855038235432 2.024617299703 2.139189951391 2.565659375982 -0.021999758277 -2.640373473791 -0.011059609643
5 3 1741.451655675060 4 29.631386434356 1.857082289291 2.107515634781 2.138297877823 2.569110752139 -0.022515907482 -2.758515973043 -0.007793856711
6 4 1726.812445015097 5 27.249313614065 1.890926988712 3.721745798209 2.120895327790 2.618284260114 -0.023534331423 -4.821558306423 0.028536307442
7 4 1720.234728539655 6 26.495947197768 1.905848567277 4.431170129048 2.113255039639 2.640058874240 -0.025268221676 -6.007253958545 0.043298066043
8 5 1710.936459549254 6 24.094926708811 1.953815326316 6.243560819149 2.093829191582 2.725570045193 -0.024080293303 -8.796453440863 0.082396217637
9 5 1709.471293495490 7 49.169201214222 2.992085725837 7.386687848603 2.092675592149 2.837168364348 -0.024711527381 -9.025135391576 0.084617118678
10 6 1709.261143973230 8 50.520949180060 3.999307284831 8.424361912894 4.199313273152 2.857874911790 -0.025559710866 -9.105153095918 0.085066410359
11 6 1709.130723295834 8 32.824570139624 4.011876152556 9.410214712542 4.194362981739 2.877036052967 -0.025929603401 -9.101152485855 0.084821619832
12 7 1708.642362230356 9 28.644410721520 4.030630514393 10.392048419670 4.186783859941 2.908802275957 -0.026638989421 -9.072176668431 0.083882628961
13 7 1708.311224305537 10 27.713791812758 4.039824393233 10.744316853406 4.183833691944 2.920475709815 -0.026772159163 -9.017899878737 0.082846914372
14 8 1707.675401270573 11 25.462188140797 4.063145873671 11.648655639565 4.175742162401 2.951790090129 -0.026842530914 -9.138970647013 0.083509919712
15 8 1707.517607279913 11 24.840424977636 4.073483026392 11.946837724732 4.172915172617 2.964216742336 -0.026771981684 -9.312304199278 0.085512052583
16 9 1707.506645163709 12 24.888636747714 4.072667380468 11.891644836248 4.173561725787 2.963194451375 -0.026691397465 -9.231955608274 0.084461402438
17 9 1707.484173026706 13 25.115161768586 4.068478531102 11.667184996859 4.176170124691 2.962005769334 -0.026579202031 -9.044549570374 0.081933804548
18 10 1707.465172161338 13 25.107087817473 4.068733764280 11.661273811186 4.176734114223 2.965441703084 -0.026608229483 -9.067121260524 0.082173422565
19 10 1707.380140695667 14 25.362949885113 4.067474186817 11.408320728454 4.183009913866 2.992068359987 -0.026897916220 -9.228309697319 0.084020931053
20 11 1707.360175941139 15 25.291821717026 4.068834276515 11.385984114344 4.183204022120 2.997765727603 -0.027025912309 -9.284388934710 0.084788173765
21 11 1700.726173569114 16 2.205408761420 4.297534421345 -15.340005048945 4.452401064125 5.106121512696 -0.063171733122 -6.851183053885 0.047835807042
22 12 1698.848180478976 16 -4.553760105107 4.378980617636 -20.538669267839 4.511164485966 5.661372988114 -0.071081529886 -7.356887789549 0.054614164709
23 12 1698.421630733808 17 -9.075774366932 4.430790088999 -24.936318850354 4.557939356543 6.064420883663 -0.076248585771 -7.164987650603 0.052831794919
24 13 1698.407409970076 18 -9.191801242367 4.432033039843 -24.940115185189 4.554801851347 6.067270579002 -0.076323494833 -7.184554856477 0.053188371776
25 13 1698.401884425965 18 -9.438940845221 4.434458048401 -25.018361053948 4.551155626624 6.076968703927 -0.076535092725 -7.201119919089 0.053517388724
26 14 1698.401795251516 19 -9.451713999595 4.434583162402 -25.013614914208 4.550860976381 6.077238494810 -0.076536328788 -7.201046524927 0.053512705537
27 14 1698.401790804498 20 -9.445990073143 4.434524487491 -25.012881609583 4.550815825467 6.077045455915 -0.076534077042 -7.200720794581 0.053508124293
28 15 1698.401789559631 21 -9.437523715894 4.434447659233 -25.015967754438 4.550845673351 6.077018175250 -0.076534122070 -7.200279110402 0.053502849782
29 15 1698.401789467677 22 -9.437298239754 4.434445152060 -25.016686324093 4.550850061219 6.077042875810 -0.076534402654 -7.200082259711 0.053500884958
30 16 1698.401789456164 23 -9.436854295242 4.434440121311 -25.016750298188 4.550853628068 6.077032474043 -0.076534177588 -7.200032808124 0.053500316045
31 16 1698.401789454724 24 -9.436678959160 4.434438305147 -25.016772908350 4.550855136318 6.077029316665 -0.076534116985 -7.200029038676 0.053500277578
32 17 1698.401789454512 25 -9.436618921919 4.434437683333 -25.016779501184 4.550855704754 6.077028287451 -0.076534099130 -7.200030595141 0.053500297142
33 17 1698.401789454484 26 -9.436596235036 4.434437464853 -25.016789780176 4.550855946710 6.077028389201 -0.076534101391 -7.200030946194 0.053500301891
34 18 1698.401789454480 27 -9.436588932190 4.434437379282 -25.016791273997 4.550855976987 6.077028259124 -0.076534101139 -7.200031426462 0.053500309052
35 18 1698.401789454478 29 -9.436587789121 4.434437368065 -25.016790912219 4.550855993852 6.077028214271 -0.076534100160 -7.200031349773 0.053500307530
36 19 1698.401789454477 30 -9.436587968143 4.434437371376 -25.016790734836 4.550855991790 6.077028215211 -0.076534100249 -7.200031497872 0.053500309527
