# Powell
# iter -2*LL p12 p13 p21 p23
1 1 9683.485455527130 1 0.000000000000 0.000000000000 0.000000000000 0.000000000000 0.000000000000 0.000000000000 0.000000000000 0.000000000000
2 2 3283.200839597597 2 7.491651249589 -0.002608655383 -0.785759047473 0.002878903177 2.774794856634 -0.000879129119 -1.009575234030 0.002115145110
3 2 3031.288042899858 2 3.387645383066 -0.003542221908 -1.985281164975 0.006411965493 2.755281129253 -0.002418313544 -1.649816608040 0.004642701772
4 3 2720.180615506981 3 0.115671847969 -0.005584532359 -5.444590603122 0.018347425348 3.258378079179 -0.010411980552 -2.369475497293 0.012887230170
5 3 2695.855968012088 4 -0.134789244269 -0.002415978931 -6.012176349745 0.024026075509 3.499678733979 -0.014306743551 -2.621277281849 0.018366585227
6 4 2592.795506496603 5 -1.711259912662 0.018169250106 -10.363151534332 0.065452861265 4.689166793605 -0.035330420815 -4.154405768551 0.046078912505
7 4 2552.301284672803 5 -2.274461380548 0.027444783024 -12.000838889419 0.084746383040 5.151331352883 -0.043786362505 -4.852613412001 0.050887146138
8 5 2432.072918707177 6 -6.146169386389 0.077379396971 -19.987188171409 0.206320361525 7.949622938905 -0.101234761545 -9.899211634956 0.087326821321
9 5 2423.584719490261 6 -6.109217695632 0.073515454516 -19.808784126666 0.204080221017 7.780063529592 -0.100563437074 -9.940051439693 0.085412038458
10 6 2236.839970777815 7 -2.658278550135 -0.007773670412 -8.214998066991 0.059904710114 0.655926283514 -0.045388309301 -7.315380523774 0.038897101570
11 6 2057.526029896149 7 -4.115445559251 0.007096540399 -12.377243708340 0.108856295829 1.937291334166 -0.071973577012 -8.357694601515 0.060864398031
12 7 2011.771905921885 8 -5.797796032963 0.027795197896 -17.734253644651 0.166616035969 3.649632908805 -0.101115577897 -9.597864316252 0.077276700870
13 7 2009.605744314659 8 -6.121029156870 0.033234694226 -18.647247493460 0.179037205062 3.975579488615 -0.105985337278 -9.855245067756 0.079998110414
14 8 2009.380197295872 9 -6.245307688819 0.034973011074 -18.942924854073 0.183153397027 4.066688820852 -0.106757072074 -9.939049850500 0.080966578697
15 8 2008.844580114077 9 -6.401328011578 0.036805327182 -19.148726502099 0.186485506927 4.038764959478 -0.106115775953 -9.987209362690 0.081434241381
16 9 2006.996384708782 10 -6.924500212853 0.044222386299 -19.727204582009 0.194588771986 3.893624865417 -0.103365950915 -10.100696319308 0.082754015226
17 9 2000.011032143117 10 -8.282963194482 0.063728518053 -20.196789235551 0.201130317789 2.726471805859 -0.086472036001 -10.037701728080 0.082038082321
18 10 1991.975609206306 11 -8.597853130420 0.067808275210 -18.945638330588 0.184236166866 1.429582822572 -0.069400870224 -9.568200187614 0.076442363606
19 10 1990.225151436905 11 -8.767910179193 0.069664082123 -18.380277073049 0.176755963493 0.825516024795 -0.061126122986 -9.363946257364 0.073945246317
20 11 1989.823745248010 12 -8.850645692305 0.070568511714 -18.118084451746 0.173241098437 0.546573309272 -0.057297865998 -9.274713623766 0.072858515435
21 11 1989.719181083149 12 -8.888727554756 0.070988317453 -17.996308314157 0.171604251905 0.423109772611 -0.055605949235 -9.239786340430 0.072435137432
22 12 1989.601033900771 13 -8.970411014452 0.071898718785 -17.716671977202 0.167877545334 0.171942382477 -0.052170752424 -9.189782238441 0.071832775782
23 12 1989.518173251211 13 -8.996463347283 0.072230071363 -17.689171320608 0.167637998315 0.153717216129 -0.051948808005 -9.214353855323 0.072119470826
24 13 1988.461605276702 14 -9.041886263956 0.072334069733 -16.635534752686 0.156016088586 0.069807742053 -0.052110874740 -9.789245978431 0.078937793429
25 13 1987.841886220892 14 -9.022394384279 0.072151366182 -16.549369508723 0.154887739491 0.219798532448 -0.054148761488 -10.012455327164 0.081693548928
26 14 1985.256888341057 14 -9.065667400417 0.073360997090 -15.313984607038 0.139491160638 0.963023048714 -0.063364665738 -11.790861547652 0.103504028526
27 14 1984.934885190600 15 -9.257626251201 0.075877093031 -15.315577581398 0.139255986144 0.858737108257 -0.061850053835 -11.901675624588 0.104748527492
28 15 1984.456410115536 15 -9.471815696533 0.078581134460 -14.508719809729 0.128386825279 0.459583098502 -0.056414153396 -12.149914378169 0.107831602651
29 15 1984.412929991689 16 -9.466320999280 0.078573325671 -14.557833466977 0.128761735700 0.457523645751 -0.056225399116 -12.101248316341 0.107254909254
30 16 1984.337320751729 16 -9.372891905476 0.077305141787 -14.441061222948 0.126937584679 0.607138342838 -0.058047880156 -12.157347392921 0.107968770739
31 16 1984.192148633477 16 -9.329145164936 0.076735313880 -14.249433170120 0.124156757133 0.708195904802 -0.059297465747 -12.150470662886 0.107933278909
32 17 1983.466199646510 17 -9.365835099131 0.077364359166 -13.328020018221 0.111258079707 1.034485000080 -0.063592246038 -11.939240433643 0.105583314027
33 17 1982.474105216219 17 -9.640393003210 0.081134063361 -13.093762962285 0.108432235114 1.037697356347 -0.064059048355 -11.655007234282 0.102177378840
34 18 1981.612104851068 18 -10.039351793143 0.086397388497 -13.118126653712 0.109627667009 1.402983819976 -0.069704962723 -11.065978144976 0.094985887469
35 18 1981.595635170308 18 -10.017073701786 0.085983940459 -13.172861404387 0.110394433873 1.454467293862 -0.070390414564 -11.069130404117 0.094987639431
36 19 1981.594299886687 18 -10.002540901076 0.085782836327 -13.207068119646 0.110859783458 1.476742054908 -0.070668739609 -11.062749787804 0.094902883404
37 19 1981.594162783264 19 -10.006313066993 0.085834325766 -13.211160804786 0.110912930090 1.473889469396 -0.070623135114 -11.055451844841 0.094814765616
38 20 1981.594088697924 19 -10.007217059362 0.085846003270 -13.214144067071 0.110944433239 1.467664972384 -0.070524581544 -11.054249961284 0.094800865028
39 20 1981.594088218189 20 -10.007349329256 0.085847020545 -13.213971785188 0.110942561535 1.467685728594 -0.070524970599 -11.054347340420 0.094801962130
40 21 1981.594088188571 22 -10.007414793488 0.085847802839 -13.213944734828 0.110942312491 1.467698608001 -0.070525122194 -11.054365139180 0.094802166206
41 21 1981.594088181687 23 -10.007472165955 0.085848541696 -13.213926370596 0.110942133073 1.467711645173 -0.070525268110 -11.054374026934 0.094802272800
42 22 1981.594088181655 25 -10.007472863519 0.085848558247 -13.213925356371 0.110942119150 1.467712452547 -0.070525279031 -11.054376135444 0.094802298864
43 22 1981.594088181654 26 -10.007472863523 0.085848558136 -13.213925356360 0.110942119150 1.467712452541 -0.070525279031 -11.054376135446 0.094802298864
