# HRMsr.txt
#IMaCh version 0.99r45, April 2023,INED-EUROREVES-Institut de longevite-Japan Society for the Promotion of Science (Grant-in-Aid for Scientific Research 25293121), Intel Software 2015-2020, Nihon University 2021-202, INED 2000-2022
#$Revision: 1.353 $ $Date: 2023/05/08 18:48:22 $
# Tue Feb 04 22:13:35 2025
# Forward period (stable) prevalence. Precision given by ftolpl=0.0006 
#Age 1-1 2-2 
#************
#Age   1-1     2-2   Total Years_to_converge
50  0.68268 0.31751 1.000 51
51  0.67577 0.32442 1.000 48
52  0.66884 0.33135 1.000 45
53  0.66189 0.33831 1.000 42
54  0.65492 0.34527 1.000 40
55  0.64795 0.35225 1.000 37
56  0.64097 0.35923 1.000 35
57  0.63399 0.36621 1.000 33
58  0.62702 0.37319 1.000 31
59  0.62006 0.38017 1.000 29
60  0.61312 0.38711 1.000 28
61  0.60619 0.39404 1.000 26
62  0.59929 0.40093 1.000 25
63  0.59243 0.40780 1.000 24
64  0.58559 0.41463 1.000 23
65  0.57881 0.42144 1.000 21
66  0.57206 0.42818 1.000 20
67  0.56536 0.43488 1.000 19
68  0.55872 0.44153 1.000 18
69  0.55214 0.44812 1.000 17
70  0.54561 0.45463 1.000 17
71  0.53916 0.46110 1.000 16
72  0.53276 0.46747 1.000 15
73  0.52646 0.47381 1.000 14
74  0.52021 0.48004 1.000 14
75  0.51405 0.48619 1.000 13
76  0.50799 0.49230 1.000 12
77  0.50200 0.49828 1.000 12
78  0.49609 0.50419 1.000 11
79  0.49028 0.51000 1.000 11
80  0.48455 0.51573 1.000 10
81  0.47889 0.52131 1.000 10
82  0.47336 0.52685 1.000 10
83  0.46792 0.53230 1.000 9
84  0.46259 0.53765 1.000 9
85  0.45736 0.54291 1.000 8
86  0.45218 0.54801 1.000 8
87  0.44715 0.55307 1.000 8
88  0.44222 0.55803 1.000 7
89  0.43734 0.56284 1.000 7
90  0.43262 0.56760 1.000 7
