
# model  
#****** Result for:******
# HRMsr.txt
#IMaCh version 0.99r45, April 2023,INED-EUROREVES-Institut de longevite-Japan Society for the Promotion of Science (Grant-in-Aid for Scientific Research 25293121), Intel Software 2015-2020, Nihon University 2021-202, INED 2000-2022
#$Revision: 1.353 $ $Date: 2023/05/08 18:48:22 $
# Tue Feb 04 22:13:35 2025
# Total life expectancy with std error and decomposition into time to be expected in each health state
#  (weighted average of eij where weights are the age specific forward period (stable) prevalences in each health state 
# Age popbased mobilav e.. (std) e.1 (std) e.2 (std) 
   50 0 0  24.392 (  1.271)  14.294 (  1.045)  10.097 (  0.877)
   51 0 0  23.535 (  1.239)  13.699 (  0.996)   9.836 (  0.841)
   52 0 0  22.688 (  1.343)  13.116 (  0.928)   9.573 (  0.929)
   53 0 0  21.853 (  1.173)  12.545 (  0.907)   9.308 (  0.775)
   54 0 0  21.030 (  1.140)  11.988 (  0.866)   9.042 (  0.745)
   55 0 0  20.219 (  1.107)  11.444 (  0.828)   8.775 (  0.717)
   56 0 0  19.421 (  1.074)  10.914 (  0.792)   8.508 (  0.691)
   57 0 0  18.637 (  1.041)  10.397 (  0.758)   8.240 (  0.666)
   58 0 0  17.867 (  1.009)   9.894 (  0.728)   7.973 (  0.644)
   59 0 0  17.112 (  1.001)   9.406 (  0.704)   7.706 (  0.637)
   60 0 0  16.372 (  0.947)   8.932 (  0.673)   7.440 (  0.604)
   61 0 0  15.648 (  0.918)   8.472 (  0.650)   7.176 (  0.587)
   62 0 0  14.941 (  0.890)   8.027 (  0.628)   6.914 (  0.570)
   63 0 0  14.251 (  0.864)   7.597 (  0.608)   6.653 (  0.556)
   64 0 0  13.578 (  0.859)   7.182 (  0.594)   6.396 (  0.553)
   65 0 0  12.923 (  0.817)   6.782 (  0.574)   6.141 (  0.530)
   66 0 0  12.286 (  0.796)   6.396 (  0.559)   5.890 (  0.518)
   67 0 0  11.669 (  0.777)   6.026 (  0.546)   5.643 (  0.508)
   68 0 0  11.070 (  0.760)   5.670 (  0.533)   5.400 (  0.499)
   69 0 0  10.491 (  0.744)   5.330 (  0.521)   5.161 (  0.490)
   70 0 0   9.931 (  0.731)   5.004 (  0.510)   4.927 (  0.483)
   71 0 0   9.392 (  0.719)   4.692 (  0.500)   4.699 (  0.475)
   72 0 0   8.872 (  0.708)   4.395 (  0.489)   4.476 (  0.469)
   73 0 0   8.372 (  0.699)   4.113 (  0.480)   4.259 (  0.463)
   74 0 0   7.892 (  0.691)   3.844 (  0.470)   4.048 (  0.457)
   75 0 0   7.433 (  0.683)   3.589 (  0.460)   3.844 (  0.452)
   76 0 0   6.994 (  0.676)   3.348 (  0.450)   3.646 (  0.447)
   77 0 0   6.574 (  0.669)   3.119 (  0.440)   3.455 (  0.441)
   78 0 0   6.174 (  0.662)   2.904 (  0.430)   3.270 (  0.436)
   79 0 0   5.793 (  0.655)   2.700 (  0.420)   3.092 (  0.431)
   80 0 0   5.431 (  0.648)   2.509 (  0.409)   2.922 (  0.426)
   81 0 0   5.087 (  0.640)   2.330 (  0.399)   2.758 (  0.420)
   82 0 0   4.762 (  0.632)   2.161 (  0.388)   2.601 (  0.414)
   83 0 0   4.455 (  0.623)   2.004 (  0.377)   2.451 (  0.408)
   84 0 0   4.165 (  0.613)   1.856 (  0.366)   2.309 (  0.401)
   85 0 0   3.892 (  0.603)   1.719 (  0.355)   2.173 (  0.394)
   86 0 0   3.634 (  0.592)   1.591 (  0.344)   2.044 (  0.387)
   87 0 0   3.393 (  0.580)   1.471 (  0.333)   1.921 (  0.379)
   88 0 0   3.166 (  0.567)   1.361 (  0.321)   1.805 (  0.371)
   89 0 0   2.954 (  0.554)   1.258 (  0.310)   1.696 (  0.363)
   90 0 0   2.755 (  0.540)   1.163 (  0.299)   1.592 (  0.354)
