
#****** ******
# HRMsr.txt
#IMaCh version 0.99r45, April 2023,INED-EUROREVES-Institut de longevite-Japan Society for the Promotion of Science (Grant-in-Aid for Scientific Research 25293121), Intel Software 2015-2020, Nihon University 2021-202, INED 2000-2022
#$Revision: 1.353 $ $Date: 2023/05/08 18:48:22 $
# Tue Feb 04 22:13:35 2025
# Variance and covariance of health expectancies e.j 
#  (weighted average of eij where weights are the age specific period (stable) prevalences in each health state 
# Age Cov(e.1, e.1) Cov(e.1, e.2) Cov(e.2, e.1) Cov(e.2, e.2)
50  1.0910 -0.1227 -0.1227 0.7699
51  0.9924 -0.0826 -0.0826 0.7074
52  0.8603 0.0408 0.0408 0.8625
53  0.8223 -0.0234 -0.0234 0.6003
54  0.7498 -0.0027 -0.0027 0.5547
55  0.6848 0.0129 0.0129 0.5138
56  0.6268 0.0243 0.0243 0.4771
57  0.5752 0.0320 0.0320 0.4442
58  0.5295 0.0367 0.0367 0.4148
59  0.4961 0.0508 0.0508 0.4052
60  0.4534 0.0394 0.0394 0.3651
61  0.4220 0.0384 0.0384 0.3441
62  0.3944 0.0365 0.0365 0.3254
63  0.3701 0.0339 0.0339 0.3087
64  0.3530 0.0394 0.0394 0.3063
65  0.3297 0.0284 0.0284 0.2805
66  0.3129 0.0259 0.0259 0.2687
67  0.2978 0.0237 0.0237 0.2582
68  0.2842 0.0221 0.0221 0.2488
69  0.2718 0.0210 0.0210 0.2404
70  0.2604 0.0205 0.0205 0.2329
71  0.2497 0.0205 0.0205 0.2261
72  0.2396 0.0211 0.0211 0.2199
73  0.2300 0.0221 0.0221 0.2143
74  0.2206 0.0236 0.0236 0.2091
75  0.2115 0.0253 0.0253 0.2042
76  0.2026 0.0273 0.0273 0.1995
77  0.1938 0.0293 0.0293 0.1949
78  0.1850 0.0314 0.0314 0.1904
79  0.1763 0.0334 0.0334 0.1858
80  0.1677 0.0353 0.0353 0.1812
81  0.1591 0.0370 0.0370 0.1764
82  0.1506 0.0384 0.0384 0.1715
83  0.1423 0.0396 0.0396 0.1663
84  0.1341 0.0404 0.0404 0.1610
85  0.1261 0.0409 0.0409 0.1555
86  0.1182 0.0410 0.0410 0.1497
87  0.1106 0.0408 0.0408 0.1438
88  0.1033 0.0404 0.0404 0.1378
89  0.0962 0.0396 0.0396 0.1316
90  0.0894 0.0386 0.0386 0.1253
