
#****** ******
# HRMsr.txt
#IMaCh version 0.99r45, April 2023,INED-EUROREVES-Institut de longevite-Japan Society for the Promotion of Science (Grant-in-Aid for Scientific Research 25293121), Intel Software 2015-2020, Nihon University 2021-202, INED 2000-2022
#$Revision: 1.353 $ $Date: 2023/05/08 18:48:22 $
# Tue Feb 04 22:13:35 2025
# Standard deviation of period (forward stable) prevalences 
# Age  Result#  1-1 2-2
50 1  0.68267 (0.05848) 0.31751 (0.05867)
51 1  0.67577 (0.05641) 0.32442 (0.05659)
52 1  0.66883 (0.05203) 0.33136 (0.07348)
53 1  0.66188 (0.05214) 0.33831 (0.05229)
54 1  0.65492 (0.04995) 0.34528 (0.05010)
55 1  0.64794 (0.04775) 0.35226 (0.04789)
56 1  0.64096 (0.04554) 0.35924 (0.04567)
57 1  0.63398 (0.04335) 0.36622 (0.04346)
58 1  0.62701 (0.04118) 0.37320 (0.04128)
59 1  0.62005 (0.03999) 0.38018 (0.03764)
60 1  0.61310 (0.03700) 0.38713 (0.03709)
61 1  0.60618 (0.03504) 0.39405 (0.03512)
62 1  0.59927 (0.03320) 0.40094 (0.03327)
63 1  0.59241 (0.03150) 0.40782 (0.03157)
64 1  0.58557 (0.03135) 0.41465 (0.02813)
65 1  0.57879 (0.02871) 0.42146 (0.02876)
66 1  0.57204 (0.02767) 0.42820 (0.02772)
67 1  0.56534 (0.02692) 0.43490 (0.02696)
68 1  0.55870 (0.02647) 0.44155 (0.02650)
69 1  0.55212 (0.02634) 0.44815 (0.02636)
70 1  0.54558 (0.02652) 0.45466 (0.02653)
71 1  0.53913 (0.02700) 0.46113 (0.02701)
72 1  0.53273 (0.02775) 0.46750 (0.02776)
73 1  0.52643 (0.02875) 0.47384 (0.02875)
74 1  0.52018 (0.02996) 0.48007 (0.02995)
75 1  0.51401 (0.03133) 0.48622 (0.03132)
76 1  0.50795 (0.03284) 0.49234 (0.03282)
77 1  0.50196 (0.03446) 0.49832 (0.03444)
78 1  0.49605 (0.03615) 0.50423 (0.03613)
79 1  0.49023 (0.03791) 0.51005 (0.03788)
80 1  0.48451 (0.03971) 0.51577 (0.03968)
81 1  0.47884 (0.04153) 0.52136 (0.04150)
82 1  0.47331 (0.04336) 0.52691 (0.04333)
83 1  0.46787 (0.04520) 0.53235 (0.04517)
84 1  0.46253 (0.04703) 0.53771 (0.04699)
85 1  0.45730 (0.04885) 0.54296 (0.04881)
86 1  0.45212 (0.05065) 0.54807 (0.05062)
87 1  0.44709 (0.05243) 0.55313 (0.05239)
88 1  0.44216 (0.05418) 0.55809 (0.05414)
89 1  0.43728 (0.05590) 0.56290 (0.05587)
90 1  0.43255 (0.05759) 0.56767 (0.05754)
