# DEMchr.txt
#IMaCh version 0.99r45, April 2023,INED-EUROREVES-Institut de longevite-Japan Society for the Promotion of Science (Grant-in-Aid for Scientific Research 25293121), Intel Software 2015-2020, Nihon University 2021-202, INED 2000-2022
#$Revision: 1.353 $ $Date: 2023/05/08 18:48:22 $
# Wed Feb 05 12:01:34 2025
# Forward period (stable) prevalence. Precision given by ftolpl=0.0006 
#Age 1-1 2-2 
#************
#Age   1-1     2-2   Total Years_to_converge
50  0.16672 0.83336 1.000 52
51  0.16167 0.83841 1.000 50
52  0.15682 0.84326 1.000 48
53  0.15216 0.84792 1.000 46
54  0.14768 0.85240 1.000 46
55  0.14338 0.85670 1.000 44
56  0.13925 0.86083 1.000 42
57  0.13527 0.86479 1.000 42
58  0.13147 0.86860 1.000 40
59  0.12780 0.87225 1.000 40
60  0.12430 0.87576 1.000 38
61  0.12094 0.87913 1.000 36
62  0.11770 0.88235 1.000 36
63  0.11461 0.88545 1.000 34
64  0.11163 0.88842 1.000 34
65  0.10879 0.89127 1.000 32
66  0.10605 0.89400 1.000 32
67  0.10344 0.89662 1.000 30
68  0.10092 0.89912 1.000 30
69  0.09851 0.90153 1.000 30
70  0.09621 0.90384 1.000 28
71  0.09399 0.90605 1.000 28
72  0.09189 0.90817 1.000 26
73  0.08985 0.91019 1.000 26
74  0.08790 0.91214 1.000 26
75  0.08603 0.91400 1.000 26
76  0.08426 0.91578 1.000 24
77  0.08255 0.91748 1.000 24
78  0.08092 0.91911 1.000 24
79  0.07937 0.92067 1.000 22
80  0.07787 0.92216 1.000 22
81  0.07644 0.92359 1.000 22
82  0.07508 0.92495 1.000 22
83  0.07378 0.92624 1.000 22
84  0.07256 0.92748 1.000 20
85  0.07137 0.92866 1.000 20
86  0.07024 0.92979 1.000 20
87  0.06917 0.93085 1.000 20
88  0.06815 0.93187 1.000 20
89  0.06719 0.93283 1.000 20
90  0.06627 0.93374 1.000 20
