
#****** ******
# DEMchr.txt
#IMaCh version 0.99r45, April 2023,INED-EUROREVES-Institut de longevite-Japan Society for the Promotion of Science (Grant-in-Aid for Scientific Research 25293121), Intel Software 2015-2020, Nihon University 2021-202, INED 2000-2022
#$Revision: 1.353 $ $Date: 2023/05/08 18:48:22 $
# Wed Feb 05 12:01:34 2025
# Standard deviation of period (forward stable) prevalences 
# Age  Result#  1-1 2-2
50 1  0.16672 (0.04875) 0.83336 (0.04687)
51 1  0.16167 (0.04401) 0.83841 (0.04399)
52 1  0.15682 (0.04068) 0.84326 (0.04066)
53 1  0.15216 (0.03754) 0.84793 (0.03751)
54 1  0.14768 (0.03459) 0.85240 (0.03457)
55 1  0.14338 (0.03182) 0.85670 (0.03180)
56 1  0.13925 (0.02923) 0.86083 (0.02921)
57 1  0.13527 (0.02682) 0.86479 (0.02680)
58 1  0.13147 (0.02458) 0.86860 (0.02456)
59 1  0.12780 (0.02099) 0.87225 (0.02386)
60 1  0.12430 (0.02062) 0.87576 (0.02061)
61 1  0.12094 (0.01891) 0.87913 (0.01890)
62 1  0.11770 (0.01737) 0.88235 (0.01737)
63 1  0.11461 (0.01602) 0.88545 (0.01601)
64 1  0.11163 (0.01485) 0.88842 (0.01484)
65 1  0.10879 (0.01387) 0.89127 (0.01387)
66 1  0.10605 (0.01308) 0.89400 (0.01308)
67 1  0.10344 (0.01249) 0.89662 (0.01248)
68 1  0.10092 (0.01208) 0.89913 (0.01208)
69 1  0.09851 (0.01184) 0.90153 (0.01184)
70 1  0.09621 (0.01177) 0.90384 (0.01177)
71 1  0.09399 (0.01183) 0.90605 (0.01183)
72 1  0.09188 (0.01202) 0.90817 (0.01201)
73 1  0.08985 (0.01230) 0.91020 (0.01230)
74 1  0.08790 (0.01266) 0.91214 (0.01265)
75 1  0.08603 (0.01307) 0.91400 (0.01307)
76 1  0.08426 (0.01354) 0.91578 (0.01353)
77 1  0.08255 (0.01403) 0.91749 (0.01402)
78 1  0.08091 (0.01454) 0.91912 (0.01454)
79 1  0.07937 (0.01508) 0.92068 (0.01507)
80 1  0.07787 (0.01562) 0.92217 (0.01561)
81 1  0.07644 (0.01616) 0.92359 (0.01615)
82 1  0.07507 (0.01671) 0.92495 (0.01670)
83 1  0.07377 (0.01726) 0.92625 (0.01725)
84 1  0.07255 (0.01781) 0.92749 (0.01779)
85 1  0.07137 (0.01835) 0.92867 (0.01834)
86 1  0.07024 (0.01890) 0.92979 (0.01888)
87 1  0.06917 (0.01944) 0.93086 (0.01942)
88 1  0.06815 (0.01997) 0.93188 (0.01996)
89 1  0.06718 (0.02051) 0.93284 (0.02050)
90 1  0.06626 (0.02105) 0.93375 (0.02104)
