# PLFadl.txt
#IMaCh version 0.99r45, April 2023,INED-EUROREVES-Institut de longevite-Japan Society for the Promotion of Science (Grant-in-Aid for Scientific Research 25293121), Intel Software 2015-2020, Nihon University 2021-202, INED 2000-2022
#$Revision: 1.353 $ $Date: 2023/05/08 18:48:22 $
# Tue Feb 04 22:03:38 2025
# Forward period (stable) prevalence. Precision given by ftolpl=0.0006 
#Age 1-1 2-2 
#************
#Age   1-1     2-2   Total Years_to_converge
50  0.97205 0.02796 1.000 12
51  0.96961 0.03040 1.000 12
52  0.96696 0.03306 1.000 12
53  0.96408 0.03594 1.000 12
54  0.96096 0.03906 1.000 13
55  0.95757 0.04245 1.000 13
56  0.95391 0.04611 1.000 13
57  0.94995 0.05007 1.000 13
58  0.94568 0.05434 1.000 14
59  0.94106 0.05897 1.000 14
60  0.93609 0.06394 1.000 14
61  0.93074 0.06930 1.000 14
62  0.92498 0.07505 1.000 15
63  0.91881 0.08124 1.000 15
64  0.91218 0.08785 1.000 15
65  0.90510 0.09495 1.000 15
66  0.89753 0.10253 1.000 15
67  0.88946 0.11059 1.000 16
68  0.88087 0.11919 1.000 16
69  0.87175 0.12831 1.000 16
70  0.86208 0.13799 1.000 16
71  0.85185 0.14822 1.000 17
72  0.84105 0.15903 1.000 17
73  0.82967 0.17043 1.000 17
74  0.81772 0.18237 1.000 17
75  0.80518 0.19492 1.000 17
76  0.79206 0.20806 1.000 17
77  0.77837 0.22174 1.000 18
78  0.76411 0.23602 1.000 18
79  0.74929 0.25085 1.000 18
80  0.73392 0.26620 1.000 18
81  0.71802 0.28212 1.000 18
82  0.70161 0.29855 1.000 18
83  0.68470 0.31548 1.000 18
84  0.66731 0.33288 1.000 18
85  0.64946 0.35075 1.000 18
86  0.63117 0.36900 1.000 19
87  0.61247 0.38772 1.000 19
88  0.59338 0.40682 1.000 19
89  0.57392 0.42629 1.000 19
90  0.55411 0.44610 1.000 19
