# Powell
# iter -2*LL p12 p13 p21 p23
1 1 1112.037324563133 1 -7.222758000000 0.065119600000 -12.483071000000 0.121881700000 2.441949800000 -0.046669200000 -6.350824200000 0.060744300000
2 2 1050.791994905171 1 -7.534656856780 0.065059080336 -13.774362981762 0.121490515312 1.906062160133 -0.046442281886 -6.962337408817 0.060712879716
3 2 1045.887120611357 2 -7.693471497785 0.065033787438 -13.432263237442 0.121321014459 1.717978825403 -0.046330265861 -7.093946436218 0.060733790056
4 3 1044.832147725141 2 -7.835184524283 0.064942313920 -13.327873991862 0.121149481232 1.630505837963 -0.046188373506 -7.157508581009 0.060782654331
5 3 1044.825299060315 2 -7.834993060805 0.064939167702 -13.317749457072 0.121037450371 1.624835888305 -0.046086673188 -7.161094435118 0.060781578537
6 4 1044.621883271819 3 -7.836338941451 0.065009800069 -12.816491384912 0.114951949050 1.228845180843 -0.040593167641 -7.350889252534 0.063085940784
7 4 1044.609461942036 3 -7.832106054315 0.064930993950 -12.802423091103 0.114491305201 1.202257572933 -0.040238902321 -7.362473439584 0.063303437093
8 5 1044.606946651852 3 -7.825028379216 0.064834864563 -12.794213103991 0.114235957846 1.191800492528 -0.040092171185 -7.378199951725 0.063540955309
9 5 1044.602528915616 4 -7.809436304284 0.064620827852 -12.760315831298 0.113727023410 1.172548964364 -0.039826025201 -7.413806747689 0.064003566005
10 6 1044.588546633673 4 -7.752457512734 0.063827376221 -12.713424364115 0.113071201285 1.160066152542 -0.039656697434 -7.523308502684 0.065369725474
11 6 1044.562856861783 4 -7.662195182941 0.062547850404 -12.731683791677 0.113538929598 1.230400651866 -0.040641211354 -7.664310281643 0.067027166932
12 7 1044.556320957971 4 -7.658767155997 0.062478549563 -12.796955178015 0.114516900309 1.293106234536 -0.041513011775 -7.646850846765 0.066756280947
13 7 1044.556241420960 5 -7.658147858621 0.062463492815 -12.803987274443 0.114596492636 1.300244636715 -0.041613581199 -7.646012689688 0.066745183852
14 8 1044.556018638242 5 -7.658642608376 0.062464737495 -12.811429833380 0.114708012271 1.311536375889 -0.041768099690 -7.645483233654 0.066730166098
15 8 1044.555138493294 5 -7.663041698899 0.062521979643 -12.808710339238 0.114716198767 1.330080029220 -0.042019679091 -7.652762177295 0.066805059288
16 9 1044.552005231437 5 -7.680845243519 0.062776818744 -12.751478683306 0.114023134577 1.354043141694 -0.042345026849 -7.694603544614 0.067317181514
17 9 1044.548604545565 6 -7.692074621802 0.062946772884 -12.692631304441 0.113189228157 1.344034789323 -0.042212491835 -7.728266900635 0.067767342897
18 10 1044.547753840462 6 -7.701486691836 0.063086756145 -12.649563408060 0.112561180824 1.339963792093 -0.042160051951 -7.753965497659 0.068112909666
19 10 1044.547753575160 6 -7.701485881447 0.063086662030 -12.649440822434 0.112559833874 1.339791612297 -0.042157816385 -7.753926404092 0.068112254423
20 11 1044.547737929274 7 -7.699422872551 0.063062146591 -12.647262639014 0.112532127000 1.339913260291 -0.042158774388 -7.749593566529 0.068059120763
21 11 1044.547727952134 7 -7.698893911136 0.063052900568 -12.646857293975 0.112527662236 1.341612294718 -0.042182349995 -7.748153487538 0.068040328103
22 12 1044.547723879436 7 -7.698208810879 0.063041026577 -12.646035811676 0.112515540506 1.343048083294 -0.042202708451 -7.746852407244 0.068023743534
23 12 1044.547723823380 8 -7.698155377769 0.063040409026 -12.646246652902 0.112517965855 1.343120486887 -0.042203780491 -7.746742976531 0.068022484873
24 13 1044.547723811766 8 -7.698146104312 0.063040399911 -12.646306306534 0.112518570939 1.343209570575 -0.042204955035 -7.746742123078 0.068022531071
25 13 1044.547723811723 9 -7.698144259981 0.063040381936 -12.646301014561 0.112518498521 1.343209047708 -0.042204942207 -7.746738585128 0.068022490895
26 14 1044.547723811722 9 -7.698144261434 0.063040381961 -12.646301016258 0.112518498546 1.343209044754 -0.042204942165 -7.746738587581 0.068022490928
