# PLFadl.txt
#IMaCh version 0.99r45, April 2023,INED-EUROREVES-Institut de longevite-Japan Society for the Promotion of Science (Grant-in-Aid for Scientific Research 25293121), Intel Software 2015-2020, Nihon University 2021-202, INED 2000-2022
#$Revision: 1.353 $ $Date: 2023/05/08 18:48:22 $
# Tue Feb 04 22:03:38 2025
# probabilities of dying before estepm=6 months for people of exact age and weighted probabilities w1*p1j+w2*p2j+... stand dev in()
# Selected quantitative variables and dummies
# Age cov=1 p.3 SE w1 p13 w2 p23
 50 1   1.104e-003  5.754e-004  9.721e-001  8.833e-004   2.796e-002  8.775e-003 
 51 1   1.247e-003  6.196e-004  9.696e-001  9.877e-004   3.040e-002  9.510e-003 
 52 1   1.409e-003  6.667e-004  9.670e-001  1.104e-003   3.306e-002  1.030e-002 
 53 1   1.592e-003  7.169e-004  9.641e-001  1.235e-003   3.594e-002  1.116e-002 
 54 1   1.798e-003  7.703e-004  9.610e-001  1.381e-003   3.906e-002  1.208e-002 
 55 1   2.033e-003  8.270e-004  9.576e-001  1.543e-003   4.245e-002  1.306e-002 
 56 1   2.297e-003  8.872e-004  9.539e-001  1.725e-003   4.611e-002  1.413e-002 
 57 1   2.597e-003  9.512e-004  9.500e-001  1.928e-003   5.007e-002  1.527e-002 
 58 1   2.935e-003  1.019e-003  9.457e-001  2.155e-003   5.434e-002  1.650e-002 
 59 1   3.318e-003  1.091e-003  9.411e-001  2.409e-003   5.897e-002  1.782e-002 
 60 1   3.750e-003  1.167e-003  9.361e-001  2.692e-003   6.394e-002  1.924e-002 
 61 1   4.238e-003  1.248e-003  9.307e-001  3.007e-003   6.930e-002  2.077e-002 
 62 1   4.789e-003  1.333e-003  9.250e-001  3.360e-003   7.505e-002  2.240e-002 
 63 1   5.410e-003  1.424e-003  9.188e-001  3.753e-003   8.124e-002  2.415e-002 
 64 1   6.110e-003  1.519e-003  9.122e-001  4.192e-003   8.785e-002  2.603e-002 
 65 1   6.899e-003  1.620e-003  9.051e-001  4.681e-003   9.495e-002  2.804e-002 
 66 1   7.787e-003  1.722e-003  8.975e-001  5.227e-003   1.025e-001  3.019e-002 
 67 1   8.784e-003  1.839e-003  8.895e-001  5.835e-003   1.106e-001  3.250e-002 
 68 1   9.904e-003  1.959e-003  8.809e-001  6.512e-003   1.192e-001  3.497e-002 
 69 1   1.116e-002  2.086e-003  8.718e-001  7.267e-003   1.283e-001  3.760e-002 
 70 1   1.257e-002  2.223e-003  8.621e-001  8.108e-003   1.380e-001  4.042e-002 
 71 1   1.414e-002  2.371e-003  8.518e-001  9.044e-003   1.482e-001  4.343e-002 
 72 1   1.590e-002  2.534e-003  8.410e-001  1.009e-002   1.590e-001  4.664e-002 
 73 1   1.786e-002  2.715e-003  8.297e-001  1.124e-002   1.704e-001  5.006e-002 
 74 1   2.004e-002  2.920e-003  8.177e-001  1.253e-002   1.824e-001  5.371e-002 
 75 1   2.247e-002  3.156e-003  8.052e-001  1.396e-002   1.949e-001  5.760e-002 
 76 1   2.516e-002  3.432e-003  7.921e-001  1.555e-002   2.081e-001  6.174e-002 
 77 1   2.814e-002  3.760e-003  7.784e-001  1.731e-002   2.217e-001  6.614e-002 
 78 1   3.144e-002  4.151e-003  7.641e-001  1.927e-002   2.360e-001  7.082e-002 
 79 1   3.507e-002  4.621e-003  7.493e-001  2.143e-002   2.509e-001  7.579e-002 
 80 1   3.907e-002  5.184e-003  7.339e-001  2.383e-002   2.662e-001  8.106e-002 
 81 1   4.346e-002  5.856e-003  7.180e-001  2.648e-002   2.821e-001  8.666e-002 
 82 1   4.828e-002  6.654e-003  7.016e-001  2.941e-002   2.985e-001  9.258e-002 
 83 1   5.354e-002  7.595e-003  6.847e-001  3.265e-002   3.155e-001  9.885e-002 
 84 1   5.928e-002  8.695e-003  6.673e-001  3.622e-002   3.329e-001  1.055e-001 
 85 1   6.553e-002  1.005e-002  6.495e-001  4.015e-002   3.507e-001  1.125e-001 
 86 1   7.230e-002  1.144e-002  6.312e-001  4.447e-002   3.690e-001  1.199e-001 
 87 1   7.965e-002  1.311e-002  6.125e-001  4.922e-002   3.877e-001  1.277e-001 
 88 1   8.757e-002  1.502e-002  5.934e-001  5.443e-002   4.068e-001  1.359e-001 
 89 1   9.611e-002  1.716e-002  5.739e-001  6.014e-002   4.263e-001  1.445e-001 
 90 1   1.053e-001  1.957e-002  5.541e-001  6.638e-002   4.461e-001  1.535e-001 
