# PLFadl.txt
#IMaCh version 0.99r45, April 2023,INED-EUROREVES-Institut de longevite-Japan Society for the Promotion of Science (Grant-in-Aid for Scientific Research 25293121), Intel Software 2015-2020, Nihon University 2021-202, INED 2000-2022
#$Revision: 1.353 $ $Date: 2023/05/08 18:48:22 $
# Tue Feb 04 22:03:38 2025
#One-step probabilities and stand. devi in ()
# Age p1-1 (SE) p1-2 (SE) p1-3 (SE) p2-1 (SE) p2-2 (SE) p2-3 (SE)
50  9.886e-001 ( 3.590e-003)  1.049e-002 ( 3.636e-003)  8.833e-004 ( 6.403e-004)  3.143e-001 ( 8.970e-002)  6.769e-001 ( 8.911e-002)  8.775e-003 ( 7.499e-003) 
51  9.879e-001 ( 3.669e-003)  1.116e-002 ( 3.715e-003)  9.877e-004 ( 6.911e-004)  3.051e-001 ( 8.482e-002)  6.854e-001 ( 8.427e-002)  9.510e-003 ( 7.868e-003) 
52  9.870e-001 ( 3.746e-003)  1.188e-002 ( 3.789e-003)  1.104e-003 ( 7.449e-004)  2.960e-001 ( 8.004e-002)  6.936e-001 ( 7.953e-002)  1.030e-002 ( 8.244e-003) 
53  9.861e-001 ( 3.819e-003)  1.264e-002 ( 3.860e-003)  1.235e-003 ( 8.021e-004)  2.871e-001 ( 7.537e-002)  7.017e-001 ( 7.492e-002)  1.116e-002 ( 8.626e-003) 
54  9.852e-001 ( 3.890e-003)  1.345e-002 ( 3.927e-003)  1.381e-003 ( 8.624e-004)  2.783e-001 ( 7.083e-002)  7.096e-001 ( 7.045e-002)  1.208e-002 ( 9.012e-003) 
55  9.841e-001 ( 3.956e-003)  1.431e-002 ( 3.989e-003)  1.543e-003 ( 9.261e-004)  2.697e-001 ( 6.642e-002)  7.172e-001 ( 6.612e-002)  1.306e-002 ( 9.401e-003) 
56  9.831e-001 ( 4.019e-003)  1.522e-002 ( 4.045e-003)  1.725e-003 ( 9.932e-004)  2.612e-001 ( 6.216e-002)  7.246e-001 ( 6.194e-002)  1.413e-002 ( 9.791e-003) 
57  9.819e-001 ( 4.078e-003)  1.619e-002 ( 4.097e-003)  1.928e-003 ( 1.064e-003)  2.529e-001 ( 5.805e-002)  7.318e-001 ( 5.794e-002)  1.527e-002 ( 1.018e-002) 
58  9.806e-001 ( 4.134e-003)  1.723e-002 ( 4.144e-003)  2.155e-003 ( 1.137e-003)  2.448e-001 ( 5.411e-002)  7.387e-001 ( 5.412e-002)  1.650e-002 ( 1.057e-002) 
59  9.793e-001 ( 4.187e-003)  1.832e-002 ( 4.186e-003)  2.409e-003 ( 1.214e-003)  2.368e-001 ( 5.034e-002)  7.454e-001 ( 5.049e-002)  1.782e-002 ( 1.095e-002) 
60  9.778e-001 ( 4.238e-003)  1.948e-002 ( 4.224e-003)  2.692e-003 ( 1.294e-003)  2.289e-001 ( 4.676e-002)  7.518e-001 ( 4.707e-002)  1.924e-002 ( 1.132e-002) 
61  9.763e-001 ( 4.287e-003)  2.072e-002 ( 4.259e-003)  3.007e-003 ( 1.378e-003)  2.213e-001 ( 4.338e-002)  7.580e-001 ( 4.386e-002)  2.077e-002 ( 1.168e-002) 
62  9.746e-001 ( 4.337e-003)  2.203e-002 ( 4.293e-003)  3.360e-003 ( 1.464e-003)  2.138e-001 ( 4.020e-002)  7.638e-001 ( 4.088e-002)  2.240e-002 ( 1.203e-002) 
63  9.728e-001 ( 4.389e-003)  2.342e-002 ( 4.329e-003)  3.753e-003 ( 1.555e-003)  2.064e-001 ( 3.724e-002)  7.694e-001 ( 3.814e-002)  2.415e-002 ( 1.236e-002) 
64  9.709e-001 ( 4.447e-003)  2.490e-002 ( 4.371e-003)  4.192e-003 ( 1.648e-003)  1.993e-001 ( 3.451e-002)  7.747e-001 ( 3.565e-002)  2.603e-002 ( 1.267e-002) 
65  9.689e-001 ( 4.515e-003)  2.646e-002 ( 4.423e-003)  4.681e-003 ( 1.746e-003)  1.923e-001 ( 3.203e-002)  7.797e-001 ( 3.342e-002)  2.804e-002 ( 1.295e-002) 
66  9.667e-001 ( 4.596e-003)  2.812e-002 ( 4.491e-003)  5.227e-003 ( 1.849e-003)  1.854e-001 ( 2.979e-002)  7.844e-001 ( 3.145e-002)  3.019e-002 ( 1.322e-002) 
67  9.643e-001 ( 4.698e-003)  2.987e-002 ( 4.582e-003)  5.835e-003 ( 1.957e-003)  1.787e-001 ( 2.782e-002)  7.888e-001 ( 2.975e-002)  3.250e-002 ( 1.345e-002) 
68  9.618e-001 ( 4.826e-003)  3.173e-002 ( 4.707e-003)  6.512e-003 ( 2.075e-003)  1.722e-001 ( 2.612e-002)  7.928e-001 ( 2.831e-002)  3.497e-002 ( 1.365e-002) 
69  9.590e-001 ( 4.988e-003)  3.370e-002 ( 4.875e-003)  7.267e-003 ( 2.203e-003)  1.659e-001 ( 2.469e-002)  7.965e-001 ( 2.714e-002)  3.760e-002 ( 1.383e-002) 
70  9.561e-001 ( 5.194e-003)  3.579e-002 ( 5.097e-003)  8.108e-003 ( 2.346e-003)  1.597e-001 ( 2.353e-002)  7.999e-001 ( 2.621e-002)  4.042e-002 ( 1.397e-002) 
71  9.530e-001 ( 5.452e-003)  3.799e-002 ( 5.384e-003)  9.044e-003 ( 2.510e-003)  1.537e-001 ( 2.263e-002)  8.029e-001 ( 2.551e-002)  4.343e-002 ( 1.409e-002) 
72  9.496e-001 ( 5.772e-003)  4.032e-002 ( 5.747e-003)  1.009e-002 ( 2.703e-003)  1.478e-001 ( 2.198e-002)  8.055e-001 ( 2.502e-002)  4.664e-002 ( 1.418e-002) 
73  9.460e-001 ( 6.163e-003)  4.278e-002 ( 6.196e-003)  1.124e-002 ( 2.934e-003)  1.421e-001 ( 2.155e-002)  8.078e-001 ( 2.472e-002)  5.006e-002 ( 1.426e-002) 
74  9.421e-001 ( 6.635e-003)  4.537e-002 ( 6.740e-003)  1.253e-002 ( 3.214e-003)  1.366e-001 ( 2.131e-002)  8.097e-001 ( 2.458e-002)  5.371e-002 ( 1.434e-002) 
75  9.379e-001 ( 7.196e-003)  4.811e-002 ( 7.386e-003)  1.396e-002 ( 3.558e-003)  1.312e-001 ( 2.123e-002)  8.112e-001 ( 2.459e-002)  5.760e-002 ( 1.444e-002) 
76  9.335e-001 ( 7.854e-003)  5.100e-002 ( 8.141e-003)  1.555e-002 ( 3.981e-003)  1.259e-001 ( 2.128e-002)  8.124e-001 ( 2.472e-002)  6.174e-002 ( 1.459e-002) 
77  9.287e-001 ( 8.618e-003)  5.404e-002 ( 9.010e-003)  1.731e-002 ( 4.499e-003)  1.208e-001 ( 2.143e-002)  8.130e-001 ( 2.497e-002)  6.614e-002 ( 1.482e-002) 
78  9.235e-001 ( 9.497e-003)  5.724e-002 ( 9.998e-003)  1.927e-002 ( 5.133e-003)  1.159e-001 ( 2.164e-002)  8.133e-001 ( 2.533e-002)  7.082e-002 ( 1.518e-002) 
79  9.180e-001 ( 1.050e-002)  6.060e-002 ( 1.111e-002)  2.143e-002 ( 5.900e-003)  1.110e-001 ( 2.189e-002)  8.132e-001 ( 2.581e-002)  7.579e-002 ( 1.571e-002) 
80  9.121e-001 ( 1.163e-002)  6.412e-002 ( 1.235e-002)  2.383e-002 ( 6.823e-003)  1.064e-001 ( 2.217e-002)  8.126e-001 ( 2.643e-002)  8.106e-002 ( 1.647e-002) 
81  9.057e-001 ( 1.291e-002)  6.782e-002 ( 1.373e-002)  2.648e-002 ( 7.923e-003)  1.018e-001 ( 2.244e-002)  8.115e-001 ( 2.721e-002)  8.666e-002 ( 1.750e-002) 
82  8.989e-001 ( 1.434e-002)  7.169e-002 ( 1.525e-002)  2.941e-002 ( 9.225e-003)  9.746e-002 ( 2.270e-002)  8.100e-001 ( 2.818e-002)  9.258e-002 ( 1.887e-002) 
83  8.916e-001 ( 1.593e-002)  7.574e-002 ( 1.691e-002)  3.265e-002 ( 1.075e-002)  9.320e-002 ( 2.295e-002)  8.080e-001 ( 2.937e-002)  9.885e-002 ( 2.060e-002) 
84  8.838e-001 ( 1.770e-002)  7.996e-002 ( 1.872e-002)  3.622e-002 ( 1.254e-002)  8.907e-002 ( 2.315e-002)  8.054e-001 ( 3.083e-002)  1.055e-001 ( 2.271e-002) 
85  8.755e-001 ( 1.967e-002)  8.436e-002 ( 2.069e-002)  4.015e-002 ( 1.461e-002)  8.507e-002 ( 2.333e-002)  8.024e-001 ( 3.259e-002)  1.125e-001 ( 2.524e-002) 
86  8.666e-001 ( 2.184e-002)  8.893e-002 ( 2.282e-002)  4.447e-002 ( 1.700e-002)  8.120e-002 ( 2.346e-002)  7.989e-001 ( 3.470e-002)  1.199e-001 ( 2.819e-002) 
87  8.571e-001 ( 2.424e-002)  9.368e-002 ( 2.512e-002)  4.922e-002 ( 1.974e-002)  7.745e-002 ( 2.354e-002)  7.949e-001 ( 3.720e-002)  1.277e-001 ( 3.156e-002) 
88  8.470e-001 ( 2.688e-002)  9.860e-002 ( 2.760e-002)  5.443e-002 ( 2.286e-002)  7.382e-002 ( 2.358e-002)  7.903e-001 ( 4.010e-002)  1.359e-001 ( 3.537e-002) 
89  8.362e-001 ( 2.978e-002)  1.037e-001 ( 3.025e-002)  6.014e-002 ( 2.642e-002)  7.031e-002 ( 2.357e-002)  7.852e-001 ( 4.344e-002)  1.445e-001 ( 3.961e-002) 
90  8.247e-001 ( 3.296e-002)  1.089e-001 ( 3.310e-002)  6.638e-002 ( 3.044e-002)  6.692e-002 ( 2.351e-002)  7.795e-001 ( 4.723e-002)  1.535e-001 ( 4.428e-002) 