
#****** ******
# PLFadl.txt
#IMaCh version 0.99r45, April 2023,INED-EUROREVES-Institut de longevite-Japan Society for the Promotion of Science (Grant-in-Aid for Scientific Research 25293121), Intel Software 2015-2020, Nihon University 2021-202, INED 2000-2022
#$Revision: 1.353 $ $Date: 2023/05/08 18:48:22 $
# Tue Feb 04 22:03:38 2025
# Health expectancies with standard errors
# Age e11 (SE) e12 (SE) e1.  e21 (SE) e22 (SE) e2. 
 50   25.6074 (1.0927)    3.8928 (0.5062)   29.5002 (1.2436)   23.6775 (1.4758)    5.0773 (0.6777)   28.7548 (1.5386)
 51   24.7009 (1.0733)    3.8688 (0.5027)   28.5697 (1.2233)   22.6902 (1.4662)    5.0809 (0.6724)   27.7711 (1.5378)
 52   23.8029 (1.0532)    3.8430 (0.4991)   27.6459 (1.2023)   21.7096 (1.4543)    5.0822 (0.6668)   26.7918 (1.5359)
 53   22.9141 (1.0327)    3.8153 (0.4955)   26.7294 (1.1808)   20.7366 (1.4399)    5.0811 (0.6608)   25.8177 (1.5324)
 54   22.0353 (1.0118)    3.7855 (0.4919)   25.8208 (1.1587)   19.7724 (1.4227)    5.0773 (0.6546)   24.8497 (1.5271)
 55   21.1671 (0.9905)    3.7535 (0.4883)   24.9207 (1.1362)   18.8183 (1.4026)    5.0703 (0.6481)   23.8886 (1.5196)
 56   20.3105 (0.9689)    3.7193 (0.4847)   24.0298 (1.1132)   17.8756 (1.3795)    5.0600 (0.6415)   22.9356 (1.5096)
 57   19.4662 (0.9472)    3.6827 (0.4812)   23.1489 (1.0900)   16.9458 (1.3532)    5.0460 (0.6348)   21.9918 (1.4967)
 58   18.6352 (0.9254)    3.6436 (0.4777)   22.2788 (1.0666)   16.0304 (1.3239)    5.0280 (0.6280)   21.0584 (1.4808)
 59   17.8182 (0.9037)    3.6019 (0.4742)   21.4201 (1.0432)   15.1310 (1.2915)    5.0056 (0.6211)   20.1366 (1.4616)
 60   17.0163 (0.8822)    3.5575 (0.4708)   20.5738 (1.0198)   14.2494 (1.2563)    4.9785 (0.6142)   19.2279 (1.4389)
 61   16.2303 (0.8610)    3.5105 (0.4675)   19.7407 (0.9966)   13.3871 (1.2185)    4.9466 (0.6071)   18.3337 (1.4126)
 62   15.4611 (0.8403)    3.4606 (0.4642)   18.9217 (0.9739)   12.5461 (1.1784)    4.9094 (0.5999)   17.4555 (1.3827)
 63   14.7096 (0.8200)    3.4079 (0.4611)   18.1175 (0.9516)   11.7279 (1.1365)    4.8668 (0.5924)   16.5948 (1.3494)
 64   13.9767 (0.8005)    3.3523 (0.4581)   17.3290 (0.9301)   10.9344 (1.0931)    4.8187 (0.5846)   15.7531 (1.3128)
 65   13.2632 (0.7816)    3.2938 (0.4552)   16.5571 (0.9095)   10.1672 (1.0489)    4.7648 (0.5765)   14.9319 (1.2733)
 66   12.5700 (0.7636)    3.2325 (0.4525)   15.8025 (0.8899)    9.4277 (1.0042)    4.7051 (0.5679)   14.1328 (1.2312)
 67   11.8976 (0.7463)    3.1685 (0.4500)   15.0661 (0.8716)    8.7175 (0.9597)    4.6395 (0.5587)   13.3570 (1.1870)
 68   11.2469 (0.7300)    3.1017 (0.4476)   14.3486 (0.8545)    8.0377 (0.9159)    4.5682 (0.5491)   12.6059 (1.1414)
 69   10.6184 (0.7144)    3.0323 (0.4455)   13.6507 (0.8388)    7.3894 (0.8730)    4.4912 (0.5390)   11.8806 (1.0950)
 70   10.0126 (0.6997)    2.9604 (0.4436)   12.9729 (0.8246)    6.7735 (0.8316)    4.4087 (0.5285)   11.1822 (1.0485)
 71    9.4298 (0.6858)    2.8861 (0.4421)   12.3160 (0.8119)    6.1907 (0.7918)    4.3209 (0.5178)   10.5116 (1.0028)
 72    8.8705 (0.6725)    2.8097 (0.4408)   11.6802 (0.8007)    5.6412 (0.7538)    4.2282 (0.5071)    9.8694 (0.9585)
 73    8.3348 (0.6599)    2.7313 (0.4398)   11.0661 (0.7910)    5.1252 (0.7175)    4.1309 (0.4969)    9.2561 (0.9164)
 74    7.8228 (0.6478)    2.6512 (0.4392)   10.4740 (0.7826)    4.6427 (0.6830)    4.0293 (0.4874)    8.6720 (0.8773)
 75    7.3344 (0.6360)    2.5696 (0.4389)    9.9040 (0.7754)    4.1933 (0.6502)    3.9241 (0.4791)    8.1173 (0.8417)
 76    6.8696 (0.6247)    2.4867 (0.4389)    9.3563 (0.7693)    3.7763 (0.6188)    3.8156 (0.4723)    7.5919 (0.8101)
 77    6.4281 (0.6135)    2.4029 (0.4391)    8.8309 (0.7641)    3.3910 (0.5886)    3.7043 (0.4675)    7.0954 (0.7829)
 78    6.0095 (0.6025)    2.3183 (0.4397)    8.3279 (0.7597)    3.0365 (0.5594)    3.5908 (0.4649)    6.6274 (0.7603)
 79    5.6135 (0.5916)    2.2334 (0.4404)    7.8469 (0.7558)    2.7115 (0.5311)    3.4757 (0.4648)    6.1872 (0.7422)
 80    5.2396 (0.5808)    2.1483 (0.4412)    7.3879 (0.7522)    2.4148 (0.5034)    3.3594 (0.4672)    5.7742 (0.7283)
 81    4.8871 (0.5699)    2.0634 (0.4420)    6.9504 (0.7488)    2.1449 (0.4763)    3.2426 (0.4720)    5.3875 (0.7183)
 82    4.5553 (0.5590)    1.9789 (0.4429)    6.5342 (0.7455)    1.9003 (0.4497)    3.1256 (0.4790)    5.0259 (0.7117)
 83    4.2437 (0.5480)    1.8951 (0.4436)    6.1388 (0.7420)    1.6795 (0.4236)    3.0091 (0.4878)    4.6885 (0.7079)
 84    3.9513 (0.5370)    1.8123 (0.4440)    5.7636 (0.7383)    1.4808 (0.3980)    2.8934 (0.4982)    4.3742 (0.7062)
 85    3.6775 (0.5258)    1.7307 (0.4442)    5.4083 (0.7342)    1.3028 (0.3728)    2.7790 (0.5096)    4.0817 (0.7060)
 86    3.4214 (0.5146)    1.6506 (0.4440)    5.0720 (0.7298)    1.1436 (0.3483)    2.6662 (0.5215)    3.8099 (0.7068)
 87    3.1822 (0.5033)    1.5721 (0.4434)    4.7543 (0.7248)    1.0019 (0.3244)    2.5555 (0.5336)    3.5574 (0.7080)
 88    2.9591 (0.4919)    1.4954 (0.4423)    4.4545 (0.7193)    0.8761 (0.3012)    2.4471 (0.5454)    3.3233 (0.7093)
 89    2.7511 (0.4804)    1.4207 (0.4406)    4.1718 (0.7132)    0.7647 (0.2789)    2.3414 (0.5566)    3.1061 (0.7102)
 90    2.5575 (0.4688)    1.3482 (0.4384)    3.9057 (0.7066)    0.6664 (0.2575)    2.2384 (0.5669)    2.9049 (0.7104)
