
# model  
#****** Result for:******
# PLFadl.txt
#IMaCh version 0.99r45, April 2023,INED-EUROREVES-Institut de longevite-Japan Society for the Promotion of Science (Grant-in-Aid for Scientific Research 25293121), Intel Software 2015-2020, Nihon University 2021-202, INED 2000-2022
#$Revision: 1.353 $ $Date: 2023/05/08 18:48:22 $
# Tue Feb 04 22:03:38 2025
# Total life expectancy with std error and decomposition into time to be expected in each health state
#  (weighted average of eij where weights are the age specific forward period (stable) prevalences in each health state 
# Age popbased mobilav e.. (std) e.1 (std) e.2 (std) 
   50 0 0  29.480 (  1.247)  25.554 (  1.101)   3.926 (  0.512)
   51 0 0  28.546 (  1.228)  24.640 (  1.082)   3.906 (  0.509)
   52 0 0  27.618 (  1.207)  23.734 (  1.063)   3.884 (  0.506)
   53 0 0  26.697 (  1.186)  22.836 (  1.043)   3.861 (  0.502)
   54 0 0  25.783 (  1.165)  21.947 (  1.023)   3.836 (  0.499)
   55 0 0  24.877 (  1.143)  21.068 (  1.003)   3.810 (  0.496)
   56 0 0  23.980 (  1.121)  20.199 (  0.982)   3.781 (  0.493)
   57 0 0  23.092 (  1.099)  19.341 (  0.962)   3.751 (  0.490)
   58 0 0  22.213 (  1.076)  18.494 (  0.941)   3.719 (  0.486)
   59 0 0  21.345 (  1.054)  17.660 (  0.920)   3.685 (  0.483)
   60 0 0  20.488 (  1.031)  16.840 (  0.899)   3.648 (  0.480)
   61 0 0  19.644 (  1.008)  16.034 (  0.879)   3.610 (  0.477)
   62 0 0  18.812 (  0.986)  15.243 (  0.859)   3.569 (  0.475)
   63 0 0  17.995 (  0.964)  14.468 (  0.839)   3.527 (  0.472)
   64 0 0  17.191 (  0.942)  13.710 (  0.820)   3.481 (  0.469)
   65 0 0  16.404 (  0.921)  12.970 (  0.802)   3.434 (  0.467)
   66 0 0  15.632 (  0.903)  12.249 (  0.786)   3.384 (  0.465)
   67 0 0  14.878 (  0.882)  11.547 (  0.767)   3.331 (  0.463)
   68 0 0  14.142 (  0.863)  10.865 (  0.751)   3.277 (  0.461)
   69 0 0  13.424 (  0.845)  10.205 (  0.736)   3.220 (  0.459)
   70 0 0  12.727 (  0.829)   9.566 (  0.722)   3.160 (  0.457)
   71 0 0  12.049 (  0.813)   8.950 (  0.708)   3.099 (  0.455)
   72 0 0  11.393 (  0.799)   8.358 (  0.695)   3.036 (  0.454)
   73 0 0  10.759 (  0.785)   7.789 (  0.683)   2.970 (  0.453)
   74 0 0  10.146 (  0.773)   7.244 (  0.671)   2.903 (  0.452)
   75 0 0   9.557 (  0.761)   6.723 (  0.659)   2.834 (  0.451)
   76 0 0   8.990 (  0.750)   6.227 (  0.647)   2.763 (  0.451)
   77 0 0   8.447 (  0.740)   5.755 (  0.635)   2.692 (  0.451)
   78 0 0   7.928 (  0.730)   5.309 (  0.623)   2.619 (  0.451)
   79 0 0   7.432 (  0.721)   4.886 (  0.611)   2.545 (  0.452)
   80 0 0   6.959 (  0.712)   4.488 (  0.598)   2.471 (  0.453)
   81 0 0   6.510 (  0.703)   4.114 (  0.584)   2.396 (  0.455)
   82 0 0   6.085 (  0.694)   3.763 (  0.570)   2.322 (  0.457)
   83 0 0   5.682 (  0.684)   3.435 (  0.556)   2.247 (  0.460)
   84 0 0   5.302 (  0.674)   3.130 (  0.540)   2.173 (  0.463)
   85 0 0   4.944 (  0.678)   2.845 (  0.533)   2.099 (  0.462)
   86 0 0   4.607 (  0.654)   2.582 (  0.508)   2.026 (  0.472)
   87 0 0   4.291 (  0.643)   2.337 (  0.492)   1.954 (  0.477)
   88 0 0   3.995 (  0.631)   2.112 (  0.475)   1.883 (  0.482)
   89 0 0   3.718 (  0.619)   1.905 (  0.459)   1.813 (  0.488)
   90 0 0   3.460 (  0.607)   1.714 (  0.442)   1.746 (  0.494)
