
#****** ******
# PLFadl.txt
#IMaCh version 0.99r45, April 2023,INED-EUROREVES-Institut de longevite-Japan Society for the Promotion of Science (Grant-in-Aid for Scientific Research 25293121), Intel Software 2015-2020, Nihon University 2021-202, INED 2000-2022
#$Revision: 1.353 $ $Date: 2023/05/08 18:48:22 $
# Tue Feb 04 22:03:38 2025
# Variance and covariance of health expectancies e.j 
#  (weighted average of eij where weights are the age specific period (stable) prevalences in each health state 
# Age Cov(e.1, e.1) Cov(e.1, e.2) Cov(e.2, e.1) Cov(e.2, e.2)
50  1.2118 0.0409 0.0409 0.2623
51  1.1711 0.0384 0.0384 0.2590
52  1.1299 0.0359 0.0359 0.2558
53  1.0886 0.0333 0.0333 0.2525
54  1.0472 0.0305 0.0305 0.2492
55  1.0059 0.0277 0.0277 0.2460
56  0.9651 0.0247 0.0247 0.2428
57  0.9246 0.0216 0.0216 0.2396
58  0.8850 0.0184 0.0184 0.2366
59  0.8462 0.0151 0.0151 0.2336
60  0.8086 0.0117 0.0117 0.2307
61  0.7722 0.0082 0.0082 0.2280
62  0.7374 0.0047 0.0047 0.2253
63  0.7041 0.0011 0.0011 0.2228
64  0.6725 -0.0024 -0.0024 0.2204
65  0.6427 -0.0060 -0.0060 0.2181
66  0.6177 -0.0087 -0.0087 0.2160
67  0.5886 -0.0128 -0.0128 0.2140
68  0.5643 -0.0159 -0.0159 0.2121
69  0.5418 -0.0189 -0.0189 0.2104
70  0.5209 -0.0215 -0.0215 0.2088
71  0.5014 -0.0239 -0.0239 0.2074
72  0.4832 -0.0258 -0.0258 0.2061
73  0.4661 -0.0274 -0.0274 0.2051
74  0.4498 -0.0286 -0.0286 0.2042
75  0.4341 -0.0293 -0.0293 0.2036
76  0.4188 -0.0296 -0.0296 0.2032
77  0.4036 -0.0296 -0.0296 0.2031
78  0.3884 -0.0292 -0.0292 0.2035
79  0.3731 -0.0286 -0.0286 0.2041
80  0.3574 -0.0279 -0.0279 0.2052
81  0.3415 -0.0271 -0.0271 0.2068
82  0.3252 -0.0265 -0.0265 0.2088
83  0.3087 -0.0260 -0.0260 0.2114
84  0.2919 -0.0258 -0.0258 0.2145
85  0.2841 -0.0191 -0.0191 0.2136
86  0.2584 -0.0267 -0.0267 0.2224
87  0.2419 -0.0280 -0.0280 0.2272
88  0.2259 -0.0300 -0.0300 0.2324
89  0.2104 -0.0326 -0.0326 0.2382
90  0.1957 -0.0359 -0.0359 0.2445
