# DEMsr.txt
#IMaCh version 0.99r45, April 2023,INED-EUROREVES-Institut de longevite-Japan Society for the Promotion of Science (Grant-in-Aid for Scientific Research 25293121), Intel Software 2015-2020, Nihon University 2021-202, INED 2000-2022
#$Revision: 1.353 $ $Date: 2023/05/08 18:48:22 $
# Tue Feb 04 22:13:35 2025

#****** ******
# (a) Life expectancies by health status at initial age and (b) health expectancies by health status at initial age
# Age e11  e12  e1.  e21  e22  e2. 
 50  17.5214  12.0460  29.5674  12.2887  15.8859  28.1746
 51  17.0575  11.7416  28.7991  11.9001  15.4421  27.3422
 52  16.5993  11.4379  28.0372  11.5158  15.0013  26.5170
 53  16.1468  11.1352  27.2820  11.1359  14.5638  25.6997
 54  15.7003  10.8336  26.5339  10.7607  14.1299  24.8906
 55  15.2599  10.5334  25.7933  10.3904  13.6998  24.0903
 56  14.8258  10.2349  25.0607  10.0252  13.2738  23.2991
 57  14.3981   9.9383  24.3364   9.6654  12.8522  22.5175
 58  13.9769   9.6438  23.6208   9.3110  12.4351  21.7461
 59  13.5625   9.3518  22.9143   8.9624  12.0229  20.9853
 60  13.1550   9.0624  22.2174   8.6197  11.6159  20.2356
 61  12.7544   8.7759  21.5303   8.2831  11.2143  19.4974
 62  12.3611   8.4925  20.8536   7.9529  10.8183  18.7712
 63  11.9750   8.2125  20.1875   7.6291  10.4283  18.0575
 64  11.5963   7.9362  19.5325   7.3121  10.0445  17.3567
 65  11.2251   7.6637  18.8888   7.0019   9.6673  16.6692
 66  10.8616   7.3953  18.2570   6.6988   9.2967  15.9955
 67  10.5059   7.1313  17.6372   6.4028   8.9331  15.3360
 68  10.1580   6.8718  17.0298   6.1142   8.5768  14.6910
 69   9.8180   6.6170  16.4350   5.8331   8.2279  14.0610
 70   9.4860   6.3673  15.8533   5.5595   7.8867  13.4462
 71   9.1621   6.1227  15.2848   5.2936   7.5534  12.8470
 72   8.8464   5.8834  14.7297   5.0355   7.2282  12.2637
 73   8.5387   5.6496  14.1883   4.7853   6.9112  11.6965
 74   8.2393   5.4214  13.6608   4.5430   6.6027  11.1457
 75   7.9481   5.1991  13.1472   4.3087   6.3027  10.6114
 76   7.6652   4.9827  12.6478   4.0824   6.0114  10.0938
 77   7.3904   4.7723  12.1627   3.8641   5.7290   9.5931
 78   7.1238   4.5680  11.6919   3.6538   5.4554   9.1092
 79   6.8654   4.3700  11.2354   3.4515   5.1908   8.6423
 80   6.6151   4.1782  10.7933   3.2572   4.9351   8.1923
 81   6.3728   3.9928  10.3655   3.0707   4.6885   7.7592
 82   6.1384   3.8136   9.9521   2.8920   4.4509   7.3430
 83   5.9120   3.6409   9.5528   2.7211   4.2223   6.9435
 84   5.6933   3.4745   9.1677   2.5578   4.0027   6.5605
 85   5.4822   3.3144   8.7966   2.4020   3.7920   6.1940
 86   5.2788   3.1606   8.4393   2.2535   3.5900   5.8436
 87   5.0827   3.0130   8.0957   2.1123   3.3968   5.5091
 88   4.8938   2.8716   7.7655   1.9781   3.2121   5.1902
 89   4.7121   2.7364   7.4485   1.8507   3.0359   4.8866
 90   4.5373   2.6070   7.1444   1.7300   2.8679   4.5979
