# DEMsr.txt
#IMaCh version 0.99r45, April 2023,INED-EUROREVES-Institut de longevite-Japan Society for the Promotion of Science (Grant-in-Aid for Scientific Research 25293121), Intel Software 2015-2020, Nihon University 2021-202, INED 2000-2022
#$Revision: 1.353 $ $Date: 2023/05/08 18:48:22 $
# Tue Feb 04 22:13:35 2025
# Forward period (stable) prevalence. Precision given by ftolpl=0.0006 
#Age 1-1 2-2 
#************
#Age   1-1     2-2   Total Years_to_converge
50  0.54763 0.45281 1.000 200
51  0.54523 0.45513 1.000 200
52  0.54289 0.45741 1.000 200
53  0.54061 0.45967 1.000 155
54  0.53839 0.46188 1.000 126
55  0.53624 0.46404 1.000 109
56  0.53414 0.46613 1.000 98
57  0.53212 0.46816 1.000 89
58  0.53016 0.47012 1.000 82
59  0.52827 0.47201 1.000 76
60  0.52645 0.47383 1.000 71
61  0.52471 0.47557 1.000 66
62  0.52305 0.47723 1.000 62
63  0.52147 0.47881 1.000 59
64  0.51998 0.48030 1.000 56
65  0.51858 0.48170 1.000 53
66  0.51728 0.48301 1.000 50
67  0.51607 0.48421 1.000 48
68  0.51497 0.48532 1.000 46
69  0.51397 0.48631 1.000 44
70  0.51309 0.48720 1.000 42
71  0.51232 0.48796 1.000 40
72  0.51168 0.48861 1.000 38
73  0.51115 0.48913 1.000 37
74  0.51077 0.48952 1.000 35
75  0.51050 0.48977 1.000 34
76  0.51039 0.48989 1.000 33
77  0.51043 0.48986 1.000 31
78  0.51061 0.48968 1.000 30
79  0.51094 0.48933 1.000 29
80  0.51144 0.48883 1.000 28
81  0.51210 0.48817 1.000 27
82  0.51293 0.48734 1.000 26
83  0.51394 0.48634 1.000 25
84  0.51512 0.48516 1.000 24
85  0.51647 0.48379 1.000 24
86  0.51801 0.48226 1.000 23
87  0.51974 0.48054 1.000 22
88  0.52164 0.47862 1.000 21
89  0.52374 0.47655 1.000 20
90  0.52600 0.47426 1.000 20
