# Powell
# iter -2*LL p12 p13 p21 p23
1 1 2676.742189940696 1 -3.741836900000 0.027747800000 -10.854951700000 0.086314600000 -3.336344200000 0.020832600000 -8.340958300000 0.080083700000
2 2 2508.040837020720 2 -4.247587956941 0.027908049395 -12.706600319098 0.085767438964 -3.918591287349 0.020932407533 -9.068338043334 0.080034296367
3 2 2499.455644521928 4 -4.407549023572 0.027956308971 -11.986337111376 0.085499763794 -4.042576682178 0.020919118190 -9.109092247676 0.079991951521
4 3 2499.139603854363 5 -4.449918959547 0.027973141876 -11.943966947905 0.085185315129 -4.056546239605 0.020898877886 -9.108992331471 0.079946072649
5 3 2499.135432846540 6 -4.450816722927 0.027987160783 -11.926132853076 0.084892937218 -4.055210313235 0.020880174104 -9.105631623426 0.079945049711
6 4 2498.907046795788 8 -4.535096206613 0.029286484937 -10.131757901207 0.058707146897 -3.940014190349 0.019229670797 -8.822349773485 0.076267723658
7 4 2498.905676894428 9 -4.536291809296 0.029304814920 -10.115556611926 0.058346938555 -3.938864277764 0.019216667001 -8.821759519073 0.076238314390
8 5 2498.619500591856 10 -4.736865806160 0.032348042981 -6.931787370704 0.008809440998 -3.861518770169 0.018175826129 -9.057726767299 0.079580721308
9 5 2498.557763132068 11 -4.739545772333 0.032390462864 -6.906612196474 0.009437606608 -3.884810663756 0.018489723881 -9.160454424179 0.080870879005
10 6 2498.531182115510 12 -4.740371278393 0.032401964525 -6.962809251617 0.010589224649 -3.919182411091 0.018977715558 -9.307370946220 0.082804395364
11 6 2498.528647842345 14 -4.738569089450 0.032373323832 -6.964549531991 0.010569388147 -3.920698542280 0.019002002384 -9.307580856766 0.082800503771
12 7 2498.456040890576 15 -4.687595248254 0.031619504241 -6.037072893632 -0.003594487666 -3.996242190920 0.020032642824 -9.316744177972 0.082944235009
13 7 2498.449728028724 16 -4.667316646133 0.031318909354 -6.206185849189 -0.001326395868 -4.008542423084 0.020218876899 -9.300169893385 0.082731992171
14 8 2498.449462655195 17 -4.664625806033 0.031277171655 -6.214469321443 -0.001309203611 -4.009722466897 0.020240513858 -9.300613007464 0.082740447550
15 8 2498.449292245008 18 -4.663039598214 0.031252859383 -6.197465349187 -0.001618149487 -4.009922373991 0.020244944493 -9.301968024566 0.082759746648
16 9 2498.448405897775 19 -4.654626012925 0.031125188264 -6.125655980056 -0.002819074776 -4.007422788060 0.020210294370 -9.307443928939 0.082835107870
17 9 2498.446910503053 20 -4.646506585572 0.031002400722 -6.121932361006 -0.002967891748 -3.993645161194 0.020006981353 -9.313229168717 0.082912934195
18 10 2498.445112017590 21 -4.642932556089 0.030949523215 -6.170980773125 -0.002106876336 -3.971482199200 0.019684443325 -9.317237390342 0.082960108309
19 10 2498.444769362410 22 -4.641840122770 0.030933637843 -6.164603633144 -0.002146666165 -3.971433597030 0.019684172032 -9.316590887047 0.082949831265
20 11 2498.444461890394 23 -4.639382832361 0.030896518249 -6.162620892112 -0.002043949647 -3.971589621170 0.019687988822 -9.315375797674 0.082929748211
21 11 2498.444461868837 -35 -4.639421572267 0.030897049851 -6.162032441925 -0.002052977113 -3.971581973514 0.019687910575 -9.315439119812 0.082930583185
22 12 2498.444461868800 -33 -4.639423423227 0.030897077772 -6.162018187825 -0.002053201231 -3.971580772299 0.019687892468 -9.315440885786 0.082930605384
23 12 2498.444461868799 -30 -4.639423423385 0.030897077775 -6.162018187374 -0.002053201243 -3.971580772405 0.019687892469 -9.315440886719 0.082930605393
24 13 2498.444461868798 -29 -4.639423269544 0.030897075451 -6.162018063243 -0.002053194812 -3.971580782173 0.019687892708 -9.315440810647 0.082930604135
25 13 2498.444461868796 -26 -4.639423330645 0.030897076343 -6.162019523498 -0.002053171406 -3.971580663267 0.019687891098 -9.315440785969 0.082930603740
