# DEMsr.txt
#IMaCh version 0.99r45, April 2023,INED-EUROREVES-Institut de longevite-Japan Society for the Promotion of Science (Grant-in-Aid for Scientific Research 25293121), Intel Software 2015-2020, Nihon University 2021-202, INED 2000-2022
#$Revision: 1.353 $ $Date: 2023/05/08 18:48:22 $
# Tue Feb 04 22:13:35 2025
# probabilities of dying before estepm=6 months for people of exact age and weighted probabilities w1*p1j+w2*p2j+... stand dev in()
# Selected quantitative variables and dummies
# Age cov=1 p.3 SE w1 p13 w2 p23
 50 1   3.435e-003  1.332e-003  5.476e-001  1.817e-003   4.528e-001  5.388e-003 
 51 1   3.648e-003  1.291e-003  5.452e-001  1.810e-003   4.551e-001  5.846e-003 
 52 1   3.880e-003  1.260e-003  5.429e-001  1.804e-003   4.574e-001  6.342e-003 
 53 1   4.134e-003  1.238e-003  5.406e-001  1.798e-003   4.597e-001  6.880e-003 
 54 1   4.412e-003  1.227e-003  5.384e-001  1.792e-003   4.619e-001  7.463e-003 
 55 1   4.714e-003  1.223e-003  5.362e-001  1.785e-003   4.640e-001  8.095e-003 
 56 1   5.042e-003  1.233e-003  5.341e-001  1.779e-003   4.661e-001  8.779e-003 
 57 1   5.401e-003  1.249e-003  5.321e-001  1.772e-003   4.682e-001  9.521e-003 
 58 1   5.790e-003  1.273e-003  5.302e-001  1.766e-003   4.701e-001  1.032e-002 
 59 1   6.214e-003  1.304e-003  5.283e-001  1.759e-003   4.720e-001  1.120e-002 
 60 1   6.674e-003  1.340e-003  5.264e-001  1.752e-003   4.738e-001  1.214e-002 
 61 1   7.174e-003  1.380e-003  5.247e-001  1.746e-003   4.756e-001  1.316e-002 
 62 1   7.717e-003  1.423e-003  5.230e-001  1.739e-003   4.772e-001  1.426e-002 
 63 1   8.306e-003  1.469e-003  5.215e-001  1.732e-003   4.788e-001  1.546e-002 
 64 1   8.944e-003  1.557e-003  5.200e-001  1.725e-003   4.803e-001  1.675e-002 
 65 1   9.636e-003  1.563e-003  5.186e-001  1.718e-003   4.817e-001  1.815e-002 
 66 1   1.039e-002  1.618e-003  5.173e-001  1.711e-003   4.830e-001  1.967e-002 
 67 1   1.120e-002  1.660e-003  5.161e-001  1.703e-003   4.842e-001  2.131e-002 
 68 1   1.207e-002  1.710e-003  5.150e-001  1.696e-003   4.853e-001  2.308e-002 
 69 1   1.302e-002  1.763e-003  5.140e-001  1.689e-003   4.863e-001  2.499e-002 
 70 1   1.404e-002  1.820e-003  5.131e-001  1.681e-003   4.872e-001  2.706e-002 
 71 1   1.515e-002  1.885e-003  5.123e-001  1.674e-003   4.880e-001  2.929e-002 
 72 1   1.634e-002  1.960e-003  5.117e-001  1.666e-003   4.886e-001  3.170e-002 
 73 1   1.762e-002  2.051e-003  5.112e-001  1.659e-003   4.891e-001  3.430e-002 
 74 1   1.900e-002  2.162e-003  5.108e-001  1.651e-003   4.895e-001  3.710e-002 
 75 1   2.049e-002  2.341e-003  5.105e-001  1.643e-003   4.898e-001  4.012e-002 
 76 1   2.208e-002  2.474e-003  5.104e-001  1.635e-003   4.899e-001  4.338e-002 
 77 1   2.380e-002  2.687e-003  5.104e-001  1.627e-003   4.899e-001  4.688e-002 
 78 1   2.563e-002  2.946e-003  5.106e-001  1.619e-003   4.897e-001  5.065e-002 
 79 1   2.760e-002  3.257e-003  5.109e-001  1.611e-003   4.893e-001  5.471e-002 
 80 1   2.970e-002  3.625e-003  5.114e-001  1.602e-003   4.888e-001  5.907e-002 
 81 1   3.194e-002  4.053e-003  5.121e-001  1.594e-003   4.882e-001  6.375e-002 
 82 1   3.433e-002  4.544e-003  5.129e-001  1.586e-003   4.873e-001  6.878e-002 
 83 1   3.688e-002  5.103e-003  5.139e-001  1.577e-003   4.863e-001  7.417e-002 
 84 1   3.959e-002  5.730e-003  5.151e-001  1.568e-003   4.852e-001  7.994e-002 
 85 1   4.247e-002  6.428e-003  5.165e-001  1.559e-003   4.838e-001  8.611e-002 
 86 1   4.552e-002  7.198e-003  5.180e-001  1.550e-003   4.823e-001  9.271e-002 
 87 1   4.874e-002  8.041e-003  5.197e-001  1.541e-003   4.805e-001  9.976e-002 
 88 1   5.215e-002  8.958e-003  5.216e-001  1.532e-003   4.786e-001  1.073e-001 
 89 1   5.574e-002  9.948e-003  5.237e-001  1.523e-003   4.765e-001  1.153e-001 
 90 1   5.952e-002  1.101e-002  5.260e-001  1.514e-003   4.743e-001  1.238e-001 
