# DEMsr.txt
#IMaCh version 0.99r45, April 2023,INED-EUROREVES-Institut de longevite-Japan Society for the Promotion of Science (Grant-in-Aid for Scientific Research 25293121), Intel Software 2015-2020, Nihon University 2021-202, INED 2000-2022
#$Revision: 1.353 $ $Date: 2023/05/08 18:48:22 $
# Tue Feb 04 22:13:35 2025
#One-step probabilities and covariance matrix
# Age p1-1  p1-2  p1-3  p2-1  p2-2  p2-3 
50  9.549e-001  4.325e-002  1.817e-003  4.775e-002  9.469e-001  5.388e-003 
50 1-1  4.148e-005
50 1-2 -3.836e-005  4.016e-005
50 1-3 -3.120e-006 -1.801e-006  4.921e-006
50 2-1 -1.223e-005  1.154e-005  6.859e-007  8.410e-005
50 2-2  1.182e-005 -1.216e-005  3.357e-007 -8.397e-005  8.744e-005
50 2-3  4.030e-007  6.186e-007 -1.022e-006 -1.286e-007 -3.467e-006  3.595e-006
51  9.536e-001  4.455e-002  1.810e-003  4.863e-002  9.455e-001  5.846e-003 
51 1-1  3.970e-005
51 1-2 -3.701e-005  3.864e-005
51 1-3 -2.687e-006 -1.623e-006  4.310e-006
51 2-1 -1.157e-005  1.094e-005  6.330e-007  8.001e-005
51 2-2  1.120e-005 -1.157e-005  3.739e-007 -7.984e-005  8.361e-005
51 2-3  3.784e-007  6.285e-007 -1.007e-006 -1.696e-007 -3.770e-006  3.940e-006
52  9.523e-001  4.588e-002  1.804e-003  4.952e-002  9.441e-001  6.342e-003 
52 1-1  3.789e-005
52 1-2 -3.559e-005  3.705e-005
52 1-3 -2.300e-006 -1.451e-006  3.751e-006
52 2-1 -1.092e-005  1.034e-005  5.819e-007  7.591e-005
52 2-2  1.057e-005 -1.098e-005  4.066e-007 -7.570e-005  7.979e-005
52 2-3  3.526e-007  6.359e-007 -9.884e-007 -2.137e-007 -4.093e-006  4.307e-006
53  9.509e-001  4.726e-002  1.798e-003  5.043e-002  9.427e-001  6.880e-003 
53 1-1  3.608e-005
53 1-2 -3.412e-005  3.541e-005
53 1-3 -1.956e-006 -1.287e-006  3.243e-006
53 2-1 -1.027e-005  9.742e-006  5.325e-007  7.183e-005
53 2-2  9.948e-006 -1.038e-005  4.336e-007 -7.157e-005  7.600e-005
53 2-3  3.256e-007  6.405e-007 -9.661e-007 -2.608e-007 -4.435e-006  4.696e-006
54  9.495e-001  4.867e-002  1.792e-003  5.135e-002  9.412e-001  7.463e-003 
54 1-1  3.426e-005
54 1-2 -3.260e-005  3.374e-005
54 1-3 -1.654e-006 -1.132e-006  2.786e-006
54 2-1 -9.637e-006  9.152e-006  4.852e-007  6.779e-005
54 2-2  9.339e-006 -9.794e-006  4.548e-007 -6.748e-005  7.228e-005
54 2-3  2.978e-007  6.421e-007 -9.400e-007 -3.109e-007 -4.796e-006  5.107e-006
55  9.481e-001  5.012e-002  1.785e-003  5.229e-002  9.396e-001  8.095e-003 
55 1-1  3.246e-005
55 1-2 -3.107e-005  3.206e-005
55 1-3 -1.392e-006 -9.872e-007  2.379e-006
55 2-1 -9.018e-006  8.578e-006  4.399e-007  6.382e-005
55 2-2  8.748e-006 -9.218e-006  4.702e-007 -6.346e-005  6.863e-005
55 2-3  2.696e-007  6.405e-007 -9.100e-007 -3.635e-007 -5.174e-006  5.538e-006
56  9.466e-001  5.161e-002  1.779e-003  5.323e-002  9.380e-001  8.779e-003 
56 1-1  3.070e-005
56 1-2 -2.953e-005  3.038e-005
56 1-3 -1.168e-006 -8.532e-007  2.021e-006
56 2-1 -8.423e-006  8.026e-006  3.968e-007  5.995e-005
56 2-2  8.181e-006 -8.661e-006  4.797e-007 -5.953e-005  6.510e-005
56 2-3  2.412e-007  6.353e-007 -8.765e-007 -4.182e-007 -5.569e-006  5.988e-006
57  9.451e-001  5.314e-002  1.772e-003  5.419e-002  9.363e-001  9.521e-003 
57 1-1  2.900e-005
57 1-2 -2.802e-005  2.875e-005
57 1-3 -9.792e-007 -7.314e-007  1.711e-006
57 2-1 -7.860e-006  7.504e-006  3.560e-007  5.619e-005
57 2-2  7.647e-006 -8.131e-006  4.836e-007 -5.572e-005  6.170e-005
57 2-3  2.131e-007  6.265e-007 -8.396e-007 -4.746e-007 -5.980e-006  6.454e-006
58  9.435e-001  5.472e-002  1.766e-003  5.517e-002  9.345e-001  1.032e-002 
58 1-1  2.738e-005
58 1-2 -2.656e-005  2.718e-005
58 1-3 -8.245e-007 -6.230e-007  1.447e-006
58 2-1 -7.340e-006  7.022e-006  3.177e-007  5.259e-005
58 2-2  7.154e-006 -7.636e-006  4.819e-007 -5.206e-005  5.846e-005
58 2-3  1.858e-007  6.138e-007 -7.996e-007 -5.321e-007 -6.403e-006  6.935e-006
59  9.419e-001  5.634e-002  1.759e-003  5.615e-002  9.327e-001  1.120e-002 
59 1-1  2.589e-005
59 1-2 -2.519e-005  2.572e-005
59 1-3 -7.011e-007 -5.293e-007  1.230e-006
59 2-1 -6.871e-006  6.589e-006  2.820e-007  4.918e-005
59 2-2  6.711e-006 -7.187e-006  4.751e-007 -4.859e-005  5.543e-005
59 2-3  1.597e-007  5.974e-007 -7.571e-007 -5.898e-007 -6.838e-006  7.427e-006
60  9.402e-001  5.801e-002  1.752e-003  5.715e-002  9.307e-001  1.214e-002 
60 1-1  2.455e-005
60 1-2 -2.394e-005  2.440e-005
60 1-3 -6.070e-007 -4.517e-007  1.059e-006
60 2-1 -6.465e-006  6.216e-006  2.490e-007  4.600e-005
60 2-2  6.329e-006 -6.793e-006  4.636e-007 -4.535e-005  5.263e-005
60 2-3  1.354e-007  5.772e-007 -7.126e-007 -6.468e-007 -7.281e-006  7.927e-006
61  9.385e-001  5.972e-002  1.746e-003  5.816e-002  9.287e-001  1.316e-002 
61 1-1  2.341e-005
61 1-2 -2.287e-005  2.326e-005
61 1-3 -5.397e-007 -3.915e-007  9.312e-007
61 2-1 -6.133e-006  5.914e-006  2.190e-007  4.308e-005
61 2-2  6.019e-006 -6.467e-006  4.481e-007 -4.237e-005  5.010e-005
61 2-3  1.135e-007  5.535e-007 -6.670e-007 -7.022e-007 -7.730e-006  8.432e-006
62  9.368e-001  6.148e-002  1.739e-003  5.918e-002  9.266e-001  1.426e-002 
62 1-1  2.250e-005
62 1-2 -2.201e-005  2.236e-005
62 1-3 -4.969e-007 -3.502e-007  8.471e-007
62 2-1 -5.888e-006  5.696e-006  1.921e-007  4.046e-005
62 2-2  5.794e-006 -6.223e-006  4.292e-007 -3.970e-005  4.789e-005
62 2-3  9.447e-008  5.269e-007 -6.213e-007 -7.547e-007 -8.184e-006  8.939e-006
63  9.350e-001  6.328e-002  1.732e-003  6.021e-002  9.243e-001  1.546e-002 
63 1-1  2.189e-005
63 1-2 -2.142e-005  2.174e-005
63 1-3 -4.761e-007 -3.293e-007  8.053e-007
63 2-1 -5.744e-006  5.576e-006  1.685e-007  3.819e-005
63 2-2  5.665e-006 -6.074e-006  4.082e-007 -3.739e-005  4.603e-005
63 2-3  7.891e-008  4.978e-007 -5.767e-007 -8.032e-007 -8.640e-006  9.444e-006
64  9.331e-001  6.514e-002  1.725e-003  6.125e-002  9.220e-001  1.675e-002 
64 1-1  2.163e-005
64 1-2 -2.116e-005  2.149e-005
64 1-3 -4.746e-007 -3.303e-007  8.050e-007
64 2-1 -5.717e-006  5.568e-006  1.484e-007  3.632e-005
64 2-2  5.649e-006 -6.036e-006  3.863e-007 -3.547e-005  4.457e-005
64 2-3  6.738e-008  4.673e-007 -5.347e-007 -8.463e-007 -9.100e-006  9.946e-006
65  9.312e-001  6.705e-002  1.718e-003  6.230e-002  9.195e-001  1.815e-002 
65 1-1  2.178e-005
65 1-2 -2.129e-005  2.165e-005
65 1-3 -4.900e-007 -3.550e-007  8.450e-007
65 2-1 -5.821e-006  5.689e-006  1.321e-007  3.489e-005
65 2-2  5.761e-006 -6.126e-006  3.649e-007 -3.401e-005  4.358e-005
65 2-3  6.037e-008  4.367e-007 -4.970e-007 -8.827e-007 -9.564e-006  1.045e-005
66  9.293e-001  6.901e-002  1.711e-003  6.336e-002  9.170e-001  1.967e-002 
66 1-1  2.242e-005
66 1-2 -2.191e-005  2.231e-005
66 1-3 -5.196e-007 -4.049e-007  9.245e-007
66 2-1 -6.076e-006  5.956e-006  1.199e-007  3.396e-005
66 2-2  6.018e-006 -6.364e-006  3.460e-007 -3.305e-005  4.309e-005
66 2-3  5.833e-008  4.076e-007 -4.659e-007 -9.112e-007 -1.004e-005  1.095e-005
67  9.273e-001  7.102e-002  1.703e-003  6.443e-002  9.143e-001  2.131e-002 
67 1-1  2.363e-005
67 1-2 -2.307e-005  2.355e-005
67 1-3 -5.605e-007 -4.818e-007  1.042e-006
67 2-1 -6.500e-006  6.388e-006  1.120e-007  3.358e-005
67 2-2  6.438e-006 -6.770e-006  3.318e-007 -3.265e-005  4.318e-005
67 2-3  6.155e-008  3.822e-007 -4.438e-007 -9.309e-007 -1.053e-005  1.146e-005
68  9.252e-001  7.308e-002  1.696e-003  6.551e-002  9.114e-001  2.308e-002 
68 1-1  2.549e-005
68 1-2 -2.488e-005  2.547e-005
68 1-3 -6.100e-007 -5.875e-007  1.198e-006
68 2-1 -7.112e-006  7.003e-006  1.089e-007  3.381e-005
68 2-2  7.042e-006 -7.366e-006  3.247e-007 -3.287e-005  4.392e-005
68 2-3  7.022e-008  3.634e-007 -4.336e-007 -9.412e-007 -1.106e-005  1.200e-005
69  9.231e-001  7.521e-002  1.689e-003  6.659e-002  9.084e-001  2.499e-002 
69 1-1  2.811e-005
69 1-2 -2.744e-005  2.817e-005
69 1-3 -6.652e-007 -7.239e-007  1.389e-006
69 2-1 -7.934e-006  7.824e-006  1.108e-007  3.470e-005
69 2-2  7.850e-006 -8.178e-006  3.280e-007 -3.376e-005  4.540e-005
69 2-3  8.428e-008  3.544e-007 -4.387e-007 -9.422e-007 -1.164e-005  1.258e-005
70  9.209e-001  7.738e-002  1.681e-003  6.768e-002  9.053e-001  2.706e-002 
70 1-1  3.158e-005
70 1-2 -3.086e-005  3.175e-005
70 1-3 -7.231e-007 -8.928e-007  1.616e-006
70 2-1 -8.989e-006  8.871e-006  1.182e-007  3.632e-005
70 2-2  8.886e-006 -9.231e-006  3.449e-007 -3.538e-005  4.770e-005
70 2-3  1.034e-007  3.596e-007 -4.630e-007 -9.351e-007 -1.231e-005  1.325e-005
71  9.187e-001  7.962e-002  1.674e-003  6.877e-002  9.019e-001  2.929e-002 
71 1-1  3.603e-005
71 1-2 -3.525e-005  3.634e-005
71 1-3 -7.807e-007 -1.096e-006  1.877e-006
71 2-1 -1.030e-005  1.017e-005  1.316e-007  3.872e-005
71 2-2  1.017e-005 -1.055e-005  3.795e-007 -3.780e-005  5.093e-005
71 2-3  1.270e-007  3.840e-007 -5.111e-007 -9.224e-007 -1.313e-005  1.405e-005
72  9.164e-001  8.191e-002  1.666e-003  6.987e-002  8.984e-001  3.170e-002 
72 1-1  4.158e-005
72 1-2 -4.075e-005  4.208e-005
72 1-3 -8.350e-007 -1.336e-006  2.171e-006
72 2-1 -1.190e-005  1.174e-005  1.515e-007  4.198e-005
72 2-2  1.174e-005 -1.218e-005  4.363e-007 -4.107e-005  5.523e-005
72 2-3  1.540e-007  4.339e-007 -5.878e-007 -9.086e-007 -1.416e-005  1.507e-005
73  9.141e-001  8.427e-002  1.659e-003  7.096e-002  8.947e-001  3.430e-002 
73 1-1  4.837e-005
73 1-2 -4.749e-005  4.911e-005
73 1-3 -8.827e-007 -1.615e-006  2.497e-006
73 2-1 -1.380e-005  1.362e-005  1.786e-007  4.615e-005
73 2-2  1.362e-005 -1.414e-005  5.205e-007 -4.525e-005  6.074e-005
73 2-3  1.827e-007  5.164e-007 -6.992e-007 -9.009e-007 -1.549e-005  1.639e-005
74  9.117e-001  8.668e-002  1.651e-003  7.206e-002  8.908e-001  3.710e-002 
74 1-1  5.656e-005
74 1-2 -5.564e-005  5.757e-005
74 1-3 -9.207e-007 -1.934e-006  2.855e-006
74 2-1 -1.604e-005  1.582e-005  2.136e-007  5.131e-005
74 2-2  1.583e-005 -1.646e-005  6.379e-007 -5.040e-005  6.765e-005
74 2-3  2.111e-007  6.404e-007 -8.515e-007 -9.100e-007 -1.725e-005  1.816e-005
75  9.092e-001  8.916e-002  1.643e-003  7.315e-002  8.867e-001  4.012e-002 
75 1-1  6.631e-005
75 1-2 -6.536e-005  6.766e-005
75 1-3 -9.457e-007 -2.296e-006  3.242e-006
75 2-1 -1.864e-005  1.839e-005  2.572e-007  5.752e-005
75 2-2  1.841e-005 -1.920e-005  7.950e-007 -5.657e-005  7.617e-005
75 2-3  2.362e-007  8.160e-007 -1.052e-006 -9.513e-007 -1.960e-005  2.055e-005
76  9.067e-001  9.170e-002  1.635e-003  7.424e-002  8.824e-001  4.338e-002 
76 1-1  7.779e-005
76 1-2 -7.683e-005  7.954e-005
76 1-3 -9.543e-007 -2.703e-006  3.657e-006
76 2-1 -2.164e-005  2.133e-005  3.104e-007  6.484e-005
76 2-2  2.139e-005 -2.239e-005  9.989e-007 -6.379e-005  8.655e-005
76 2-3  2.542e-007  1.055e-006 -1.309e-006 -1.046e-006 -2.276e-005  2.380e-005
77  9.041e-001  9.431e-002  1.627e-003  7.532e-002  8.778e-001  4.688e-002 
77 1-1  9.120e-005
77 1-2 -9.025e-005  9.341e-005
77 1-3 -9.433e-007 -3.157e-006  4.101e-006
77 2-1 -2.507e-005  2.470e-005  3.741e-007  7.335e-005
77 2-2  2.481e-005 -2.607e-005  1.258e-006 -7.212e-005  9.911e-005
77 2-3  2.603e-007  1.372e-006 -1.632e-006 -1.224e-006 -2.699e-005  2.821e-005
78  9.014e-001  9.698e-002  1.619e-003  7.640e-002  8.729e-001  5.065e-002 
78 1-1  1.067e-004
78 1-2 -1.058e-004  1.095e-004
78 1-3 -9.091e-007 -3.661e-006  4.570e-006
78 2-1 -2.896e-005  2.851e-005  4.494e-007  8.310e-005
78 2-2  2.871e-005 -3.029e-005  1.580e-006 -8.158e-005  1.142e-004
78 2-3  2.486e-007  1.781e-006 -2.030e-006 -1.523e-006 -3.265e-005  3.417e-005
79  8.987e-001  9.972e-002  1.611e-003  7.746e-002  8.678e-001  5.471e-002 
79 1-1  1.246e-004
79 1-2 -1.238e-004  1.280e-004
79 1-3 -8.483e-007 -4.217e-006  5.065e-006
79 2-1 -3.333e-005  3.279e-005  5.376e-007  9.417e-005
79 2-2  3.312e-005 -3.510e-005  1.976e-006 -9.217e-005  1.323e-004
79 2-3  2.118e-007  2.302e-006 -2.514e-006 -1.995e-006 -4.017e-005  4.216e-005
80  8.959e-001  1.025e-001  1.602e-003  7.851e-002  8.624e-001  5.907e-002 
80 1-1  1.451e-004
80 1-2 -1.444e-004  1.492e-004
80 1-3 -7.575e-007 -4.826e-006  5.584e-006
80 2-1 -3.823e-005  3.759e-005  6.401e-007  1.066e-004
80 2-2  3.809e-005 -4.055e-005  2.456e-006 -1.039e-004  1.540e-004
80 2-3  1.411e-007  2.955e-006 -3.097e-006 -2.705e-006 -5.009e-005  5.279e-005
81  8.930e-001  1.054e-001  1.594e-003  7.954e-002  8.567e-001  6.375e-002 
81 1-1  1.685e-004
81 1-2 -1.678e-004  1.733e-004
81 1-3 -6.329e-007 -5.493e-006  6.125e-006
81 2-1 -4.369e-005  4.293e-005  7.584e-007  1.205e-004
81 2-2  4.366e-005 -4.669e-005  3.032e-006 -1.167e-004  1.798e-004
81 2-3  2.629e-008  3.764e-006 -3.790e-006 -3.737e-006 -6.308e-005  6.681e-005
82  8.901e-001  1.084e-001  1.586e-003  8.055e-002  8.507e-001  6.878e-002 
82 1-1  1.949e-004
82 1-2 -1.945e-004  2.007e-004
82 1-3 -4.712e-007 -6.217e-006  6.689e-006
82 2-1 -4.973e-005  4.884e-005  8.941e-007  1.358e-004
82 2-2  4.987e-005 -5.359e-005  3.714e-006 -1.306e-004  2.106e-004
82 2-3 -1.450e-007  4.754e-006 -4.608e-006 -5.197e-006 -7.996e-005  8.515e-005
83  8.870e-001  1.114e-001  1.577e-003  8.153e-002  8.443e-001  7.417e-002 
83 1-1  2.248e-004
83 1-2 -2.246e-004  2.316e-004
83 1-3 -2.688e-007 -7.003e-006  7.272e-006
83 2-1 -5.639e-005  5.535e-005  1.049e-006  1.527e-004
83 2-2  5.678e-005 -6.130e-005  4.517e-006 -1.455e-004  2.472e-004
83 2-3 -3.871e-007  5.954e-006 -5.567e-006 -7.219e-006 -1.017e-004  1.089e-004
84  8.840e-001  1.145e-001  1.568e-003  8.249e-002  8.376e-001  7.994e-002 
84 1-1  2.584e-004
84 1-2 -2.584e-004  2.663e-004
84 1-3 -2.190e-008 -7.853e-006  7.875e-006
84 2-1 -6.371e-005  6.249e-005  1.226e-006  1.711e-004
84 2-2  6.443e-005 -6.988e-005  5.455e-006 -1.611e-004  2.907e-004
84 2-3 -7.162e-007  7.397e-006 -6.680e-006 -9.965e-006 -1.295e-004  1.395e-004
85  8.808e-001  1.176e-001  1.559e-003  8.342e-002  8.305e-001  8.611e-002 
85 1-1  2.961e-004
85 1-2 -2.964e-004  3.051e-004
85 1-3  2.729e-007 -8.768e-006  8.495e-006
85 2-1 -7.171e-005  7.028e-005  1.426e-006  1.911e-004
85 2-2  7.286e-005 -7.940e-005  6.540e-006 -1.775e-004  3.423e-004
85 2-3 -1.151e-006  9.117e-006 -7.966e-006 -1.364e-005 -1.648e-004  1.784e-004
86  8.776e-001  1.209e-001  1.550e-003  8.431e-002  8.230e-001  9.271e-002 
86 1-1  3.381e-004
86 1-2 -3.387e-004  3.485e-004
86 1-3  6.193e-007 -9.752e-006  9.132e-006
86 2-1 -8.042e-005  7.877e-005  1.651e-006  2.128e-004
86 2-2  8.213e-005 -8.992e-005  7.789e-006 -1.943e-004  4.036e-004
86 2-3 -1.713e-006  1.115e-005 -9.441e-006 -1.848e-005 -2.092e-004  2.277e-004
87  8.742e-001  1.242e-001  1.541e-003  8.516e-002  8.151e-001  9.976e-002 
87 1-1  3.849e-004
87 1-2 -3.860e-004  3.968e-004
87 1-3  1.021e-006 -1.081e-005  9.785e-006
87 2-1 -8.986e-005  8.795e-005  1.906e-006  2.361e-004
87 2-2  9.229e-005 -1.015e-004  9.216e-006 -2.114e-004  4.760e-004
87 2-3 -2.426e-006  1.355e-005 -1.112e-005 -2.477e-005 -2.647e-004  2.894e-004
88  8.709e-001  1.276e-001  1.532e-003  8.597e-002  8.068e-001  1.073e-001 
88 1-1  4.369e-004
88 1-2 -4.384e-004  4.503e-004
88 1-3  1.481e-006 -1.193e-005  1.045e-005
88 2-1 -1.001e-004  9.787e-005  2.191e-006  2.611e-004
88 2-2  1.034e-004 -1.142e-004  1.084e-005 -2.282e-004  5.616e-004
88 2-3 -3.314e-006  1.634e-005 -1.303e-005 -3.288e-005 -3.334e-004  3.662e-004
89  8.674e-001  1.311e-001  1.523e-003  8.672e-002  7.980e-001  1.153e-001 
89 1-1  4.944e-004
89 1-2 -4.964e-004  5.096e-004
89 1-3  2.004e-006 -1.313e-005  1.113e-005
89 2-1 -1.110e-004  1.085e-004  2.510e-006  2.878e-004
89 2-2  1.154e-004 -1.281e-004  1.267e-005 -2.446e-004  6.624e-004
89 2-3 -4.409e-006  1.959e-005 -1.518e-005 -4.319e-005 -4.178e-004  4.610e-004
90  8.638e-001  1.347e-001  1.514e-003  8.743e-002  7.888e-001  1.238e-001 
90 1-1  5.579e-004
90 1-2 -5.605e-004  5.749e-004
90 1-3  2.592e-006 -1.441e-005  1.182e-005
90 2-1 -1.228e-004  1.199e-004  2.866e-006  3.160e-004
90 2-2  1.285e-004 -1.433e-004  1.472e-005 -2.599e-004  7.808e-004
90 2-3 -5.738e-006  2.333e-005 -1.759e-005 -5.619e-005 -5.209e-004  5.771e-004