# DEMsr.txt
#IMaCh version 0.99r45, April 2023,INED-EUROREVES-Institut de longevite-Japan Society for the Promotion of Science (Grant-in-Aid for Scientific Research 25293121), Intel Software 2015-2020, Nihon University 2021-202, INED 2000-2022
#$Revision: 1.353 $ $Date: 2023/05/08 18:48:22 $
# Tue Feb 04 22:13:35 2025
#One-step probabilities and correlation matrix
# Age p1-1  p1-2  p1-3  p2-1  p2-2  p2-3 
50  9.549e-001  4.325e-002  1.817e-003  4.775e-002  9.469e-001  5.388e-003 
50 1-1  1.000e+000
50 1-2 -9.398e-001  1.000e+000
50 1-3 -2.184e-001 -1.281e-001  1.000e+000
50 2-1 -2.070e-001  1.986e-001  3.372e-002  1.000e+000
50 2-2  1.963e-001 -2.052e-001  1.618e-002 -9.792e-001  1.000e+000
50 2-3  3.300e-002  5.148e-002 -2.429e-001 -7.397e-003 -1.955e-001  1.000e+000
51  9.536e-001  4.455e-002  1.810e-003  4.863e-002  9.455e-001  5.846e-003 
51 1-1  1.000e+000
51 1-2 -9.451e-001  1.000e+000
51 1-3 -2.054e-001 -1.257e-001  1.000e+000
51 2-1 -2.054e-001  1.968e-001  3.409e-002  1.000e+000
51 2-2  1.943e-001 -2.036e-001  1.970e-002 -9.762e-001  1.000e+000
51 2-3  3.026e-002  5.094e-002 -2.444e-001 -9.551e-003 -2.077e-001  1.000e+000
52  9.523e-001  4.588e-002  1.804e-003  4.952e-002  9.441e-001  6.342e-003 
52 1-1  1.000e+000
52 1-2 -9.500e-001  1.000e+000
52 1-3 -1.929e-001 -1.231e-001  1.000e+000
52 2-1 -2.036e-001  1.950e-001  3.448e-002  1.000e+000
52 2-2  1.922e-001 -2.019e-001  2.350e-002 -9.726e-001  1.000e+000
52 2-3  2.760e-002  5.034e-002 -2.459e-001 -1.182e-002 -2.208e-001  1.000e+000
53  9.509e-001  4.726e-002  1.798e-003  5.043e-002  9.427e-001  6.880e-003 
53 1-1  1.000e+000
53 1-2 -9.547e-001  1.000e+000
53 1-3 -1.808e-001 -1.201e-001  1.000e+000
53 2-1 -2.018e-001  1.932e-001  3.489e-002  1.000e+000
53 2-2  1.900e-001 -2.001e-001  2.762e-002 -9.686e-001  1.000e+000
53 2-3  2.502e-002  4.967e-002 -2.476e-001 -1.420e-002 -2.348e-001  1.000e+000
54  9.495e-001  4.867e-002  1.792e-003  5.135e-002  9.412e-001  7.463e-003 
54 1-1  1.000e+000
54 1-2 -9.591e-001  1.000e+000
54 1-3 -1.693e-001 -1.168e-001  1.000e+000
54 2-1 -2.000e-001  1.914e-001  3.530e-002  1.000e+000
54 2-2  1.877e-001 -1.983e-001  3.205e-002 -9.640e-001  1.000e+000
54 2-3  2.252e-002  4.892e-002 -2.492e-001 -1.671e-002 -2.496e-001  1.000e+000
55  9.481e-001  5.012e-002  1.785e-003  5.229e-002  9.396e-001  8.095e-003 
55 1-1  1.000e+000
55 1-2 -9.631e-001  1.000e+000
55 1-3 -1.584e-001 -1.130e-001  1.000e+000
55 2-1 -1.981e-001  1.896e-001  3.570e-002  1.000e+000
55 2-2  1.853e-001 -1.965e-001  3.679e-002 -9.588e-001  1.000e+000
55 2-3  2.011e-002  4.807e-002 -2.507e-001 -1.933e-002 -2.654e-001  1.000e+000
56  9.466e-001  5.161e-002  1.779e-003  5.323e-002  9.380e-001  8.779e-003 
56 1-1  1.000e+000
56 1-2 -9.669e-001  1.000e+000
56 1-3 -1.482e-001 -1.089e-001  1.000e+000
56 2-1 -1.963e-001  1.881e-001  3.605e-002  1.000e+000
56 2-2  1.830e-001 -1.947e-001  4.183e-002 -9.529e-001  1.000e+000
56 2-3  1.779e-002  4.710e-002 -2.520e-001 -2.207e-002 -2.821e-001  1.000e+000
57  9.451e-001  5.314e-002  1.772e-003  5.419e-002  9.363e-001  9.521e-003 
57 1-1  1.000e+000
57 1-2 -9.704e-001  1.000e+000
57 1-3 -1.390e-001 -1.043e-001  1.000e+000
57 2-1 -1.947e-001  1.867e-001  3.631e-002  1.000e+000
57 2-2  1.808e-001 -1.931e-001  4.707e-002 -9.463e-001  1.000e+000
57 2-3  1.558e-002  4.599e-002 -2.527e-001 -2.492e-002 -2.997e-001  1.000e+000
58  9.435e-001  5.472e-002  1.766e-003  5.517e-002  9.345e-001  1.032e-002 
58 1-1  1.000e+000
58 1-2 -9.735e-001  1.000e+000
58 1-3 -1.310e-001 -9.932e-002  1.000e+000
58 2-1 -1.934e-001  1.857e-001  3.641e-002  1.000e+000
58 2-2  1.788e-001 -1.915e-001  5.239e-002 -9.389e-001  1.000e+000
58 2-3  1.348e-002  4.471e-002 -2.524e-001 -2.786e-002 -3.180e-001  1.000e+000
59  9.419e-001  5.634e-002  1.759e-003  5.615e-002  9.327e-001  1.120e-002 
59 1-1  1.000e+000
59 1-2 -9.762e-001  1.000e+000
59 1-3 -1.242e-001 -9.409e-002  1.000e+000
59 2-1 -1.926e-001  1.853e-001  3.625e-002  1.000e+000
59 2-2  1.772e-001 -1.903e-001  5.753e-002 -9.307e-001  1.000e+000
59 2-3  1.152e-002  4.322e-002 -2.504e-001 -3.086e-002 -3.370e-001  1.000e+000
60  9.402e-001  5.801e-002  1.752e-003  5.715e-002  9.307e-001  1.214e-002 
60 1-1  1.000e+000
60 1-2 -9.784e-001  1.000e+000
60 1-3 -1.191e-001 -8.888e-002  1.000e+000
60 2-1 -1.924e-001  1.856e-001  3.568e-002  1.000e+000
60 2-2  1.761e-001 -1.896e-001  6.211e-002 -9.217e-001  1.000e+000
60 2-3  9.708e-003  4.150e-002 -2.460e-001 -3.387e-002 -3.564e-001  1.000e+000
61  9.385e-001  5.972e-002  1.746e-003  5.816e-002  9.287e-001  1.316e-002 
61 1-1  1.000e+000
61 1-2 -9.800e-001  1.000e+000
61 1-3 -1.156e-001 -8.412e-002  1.000e+000
61 2-1 -1.931e-001  1.868e-001  3.458e-002  1.000e+000
61 2-2  1.758e-001 -1.895e-001  6.559e-002 -9.121e-001  1.000e+000
61 2-3  8.079e-003  3.953e-002 -2.380e-001 -3.684e-002 -3.761e-001  1.000e+000
62  9.368e-001  6.148e-002  1.739e-003  5.918e-002  9.266e-001  1.426e-002 
62 1-1  1.000e+000
62 1-2 -9.811e-001  1.000e+000
62 1-3 -1.138e-001 -8.047e-002  1.000e+000
62 2-1 -1.951e-001  1.894e-001  3.281e-002  1.000e+000
62 2-2  1.765e-001 -1.902e-001  6.739e-002 -9.020e-001  1.000e+000
62 2-3  6.661e-003  3.727e-002 -2.258e-001 -3.969e-002 -3.956e-001  1.000e+000
63  9.350e-001  6.328e-002  1.732e-003  6.021e-002  9.243e-001  1.546e-002 
63 1-1  1.000e+000
63 1-2 -9.815e-001  1.000e+000
63 1-3 -1.134e-001 -7.869e-002  1.000e+000
63 2-1 -1.987e-001  1.935e-001  3.038e-002  1.000e+000
63 2-2  1.785e-001 -1.920e-001  6.705e-002 -8.917e-001  1.000e+000
63 2-3  5.488e-003  3.474e-002 -2.091e-001 -4.229e-002 -4.144e-001  1.000e+000
64  9.331e-001  6.514e-002  1.725e-003  6.125e-002  9.220e-001  1.675e-002 
64 1-1  1.000e+000
64 1-2 -9.813e-001  1.000e+000
64 1-3 -1.137e-001 -7.943e-002  1.000e+000
64 2-1 -2.040e-001  1.993e-001  2.745e-002  1.000e+000
64 2-2  1.819e-001 -1.950e-001  6.448e-002 -8.816e-001  1.000e+000
64 2-3  4.594e-003  3.197e-002 -1.890e-001 -4.453e-002 -4.322e-001  1.000e+000
65  9.312e-001  6.705e-002  1.718e-003  6.230e-002  9.195e-001  1.815e-002 
65 1-1  1.000e+000
65 1-2 -9.805e-001  1.000e+000
65 1-3 -1.142e-001 -8.300e-002  1.000e+000
65 2-1 -2.111e-001  2.070e-001  2.433e-002  1.000e+000
65 2-2  1.870e-001 -1.995e-001  6.013e-002 -8.722e-001  1.000e+000
65 2-3  4.002e-003  2.904e-002 -1.673e-001 -4.623e-002 -4.483e-001  1.000e+000
66  9.293e-001  6.901e-002  1.711e-003  6.336e-002  9.170e-001  1.967e-002 
66 1-1  1.000e+000
66 1-2 -9.793e-001  1.000e+000
66 1-3 -1.141e-001 -8.915e-002  1.000e+000
66 2-1 -2.202e-001  2.164e-001  2.140e-002  1.000e+000
66 2-2  1.936e-001 -2.053e-001  5.482e-002 -8.640e-001  1.000e+000
66 2-3  3.722e-003  2.608e-002 -1.464e-001 -4.725e-002 -4.621e-001  1.000e+000
67  9.273e-001  7.102e-002  1.703e-003  6.443e-002  9.143e-001  2.131e-002 
67 1-1  1.000e+000
67 1-2 -9.779e-001  1.000e+000
67 1-3 -1.129e-001 -9.724e-002  1.000e+000
67 2-1 -2.307e-001  2.271e-001  1.894e-002  1.000e+000
67 2-2  2.015e-001 -2.123e-001  4.945e-002 -8.574e-001  1.000e+000
67 2-3  3.740e-003  2.327e-002 -1.284e-001 -4.745e-002 -4.733e-001  1.000e+000
68  9.252e-001  7.308e-002  1.696e-003  6.551e-002  9.114e-001  2.308e-002 
68 1-1  1.000e+000
68 1-2 -9.765e-001  1.000e+000
68 1-3 -1.104e-001 -1.064e-001  1.000e+000
68 2-1 -2.422e-001  2.386e-001  1.711e-002  1.000e+000
68 2-2  2.104e-001 -2.202e-001  4.478e-002 -8.529e-001  1.000e+000
68 2-3  4.015e-003  2.079e-002 -1.144e-001 -4.673e-002 -4.816e-001  1.000e+000
69  9.231e-001  7.521e-002  1.689e-003  6.659e-002  9.084e-001  2.499e-002 
69 1-1  1.000e+000
69 1-2 -9.753e-001  1.000e+000
69 1-3 -1.065e-001 -1.157e-001  1.000e+000
69 2-1 -2.541e-001  2.502e-001  1.595e-002  1.000e+000
69 2-2  2.198e-001 -2.287e-001  4.130e-002 -8.505e-001  1.000e+000
69 2-3  4.481e-003  1.883e-002 -1.049e-001 -4.510e-002 -4.870e-001  1.000e+000
70  9.209e-001  7.738e-002  1.681e-003  6.768e-002  9.053e-001  2.706e-002 
70 1-1  1.000e+000
70 1-2 -9.745e-001  1.000e+000
70 1-3 -1.012e-001 -1.246e-001  1.000e+000
70 2-1 -2.654e-001  2.613e-001  1.542e-002  1.000e+000
70 2-2  2.290e-001 -2.372e-001  3.928e-002 -8.501e-001  1.000e+000
70 2-3  5.056e-003  1.753e-002 -1.001e-001 -4.263e-002 -4.899e-001  1.000e+000
71  9.187e-001  7.962e-002  1.674e-003  6.877e-002  9.019e-001  2.929e-002 
71 1-1  1.000e+000
71 1-2 -9.741e-001  1.000e+000
71 1-3 -9.494e-002 -1.327e-001  1.000e+000
71 2-1 -2.758e-001  2.711e-001  1.543e-002  1.000e+000
71 2-2  2.375e-001 -2.453e-001  3.881e-002 -8.512e-001  1.000e+000
71 2-3  5.644e-003  1.699e-002 -9.950e-002 -3.954e-002 -4.908e-001  1.000e+000
72  9.164e-001  8.191e-002  1.666e-003  6.987e-002  8.984e-001  3.170e-002 
72 1-1  1.000e+000
72 1-2 -9.741e-001  1.000e+000
72 1-3 -8.788e-002 -1.398e-001  1.000e+000
72 2-1 -2.847e-001  2.794e-001  1.587e-002  1.000e+000
72 2-2  2.450e-001 -2.526e-001  3.985e-002 -8.529e-001  1.000e+000
72 2-3  6.151e-003  1.723e-002 -1.028e-001 -3.613e-002 -4.908e-001  1.000e+000
73  9.141e-001  8.427e-002  1.659e-003  7.096e-002  8.947e-001  3.430e-002 
73 1-1  1.000e+000
73 1-2 -9.744e-001  1.000e+000
73 1-3 -8.031e-002 -1.458e-001  1.000e+000
73 2-1 -2.920e-001  2.861e-001  1.664e-002  1.000e+000
73 2-2  2.512e-001 -2.588e-001  4.226e-002 -8.547e-001  1.000e+000
73 2-3  6.490e-003  1.820e-002 -1.093e-001 -3.275e-002 -4.909e-001  1.000e+000
74  9.117e-001  8.668e-002  1.651e-003  7.206e-002  8.908e-001  3.710e-002 
74 1-1  1.000e+000
74 1-2 -9.750e-001  1.000e+000
74 1-3 -7.246e-002 -1.509e-001  1.000e+000
74 2-1 -2.977e-001  2.911e-001  1.765e-002  1.000e+000
74 2-2  2.559e-001 -2.638e-001  4.591e-002 -8.555e-001  1.000e+000
74 2-3  6.588e-003  1.981e-002 -1.183e-001 -2.981e-002 -4.921e-001  1.000e+000
75  9.092e-001  8.916e-002  1.643e-003  7.315e-002  8.867e-001  4.012e-002 
75 1-1  1.000e+000
75 1-2 -9.759e-001  1.000e+000
75 1-3 -6.450e-002 -1.550e-001  1.000e+000
75 2-1 -3.019e-001  2.947e-001  1.884e-002  1.000e+000
75 2-2  2.590e-001 -2.675e-001  5.059e-002 -8.546e-001  1.000e+000
75 2-3  6.399e-003  2.188e-002 -1.289e-001 -2.767e-002 -4.954e-001  1.000e+000
76  9.067e-001  9.170e-002  1.635e-003  7.424e-002  8.824e-001  4.338e-002 
76 1-1  1.000e+000
76 1-2 -9.768e-001  1.000e+000
76 1-3 -5.658e-002 -1.585e-001  1.000e+000
76 2-1 -3.047e-001  2.971e-001  2.016e-002  1.000e+000
76 2-2  2.607e-001 -2.698e-001  5.615e-002 -8.516e-001  1.000e+000
76 2-3  5.907e-003  2.425e-002 -1.403e-001 -2.663e-002 -5.014e-001  1.000e+000
77  9.041e-001  9.431e-002  1.627e-003  7.532e-002  8.778e-001  4.688e-002 
77 1-1  1.000e+000
77 1-2 -9.779e-001  1.000e+000
77 1-3 -4.878e-002 -1.613e-001  1.000e+000
77 2-1 -3.065e-001  2.984e-001  2.157e-002  1.000e+000
77 2-2  2.610e-001 -2.709e-001  6.239e-002 -8.459e-001  1.000e+000
77 2-3  5.131e-003  2.672e-002 -1.517e-001 -2.691e-002 -5.104e-001  1.000e+000
78  9.014e-001  9.698e-002  1.619e-003  7.640e-002  8.729e-001  5.065e-002 
78 1-1  1.000e+000
78 1-2 -9.789e-001  1.000e+000
78 1-3 -4.116e-002 -1.637e-001  1.000e+000
78 2-1 -3.074e-001  2.988e-001  2.306e-002  1.000e+000
78 2-2  2.600e-001 -2.708e-001  6.917e-002 -8.373e-001  1.000e+000
78 2-3  4.116e-003  2.912e-002 -1.624e-001 -2.859e-002 -5.226e-001  1.000e+000
79  8.987e-001  9.972e-002  1.611e-003  7.746e-002  8.678e-001  5.471e-002 
79 1-1  1.000e+000
79 1-2 -9.800e-001  1.000e+000
79 1-3 -3.376e-002 -1.656e-001  1.000e+000
79 2-1 -3.077e-001  2.987e-001  2.462e-002  1.000e+000
79 2-2  2.579e-001 -2.696e-001  7.634e-002 -8.257e-001  1.000e+000
79 2-3  2.921e-003  3.134e-002 -1.720e-001 -3.166e-002 -5.377e-001  1.000e+000
80  8.959e-001  1.025e-001  1.602e-003  7.851e-002  8.624e-001  5.907e-002 
80 1-1  1.000e+000
80 1-2 -9.811e-001  1.000e+000
80 1-3 -2.661e-002 -1.672e-001  1.000e+000
80 2-1 -3.074e-001  2.981e-001  2.624e-002  1.000e+000
80 2-2  2.548e-001 -2.675e-001  8.377e-002 -8.109e-001  1.000e+000
80 2-3  1.613e-003  3.330e-002 -1.804e-001 -3.606e-002 -5.555e-001  1.000e+000
81  8.930e-001  1.054e-001  1.594e-003  7.954e-002  8.567e-001  6.375e-002 
81 1-1  1.000e+000
81 1-2 -9.822e-001  1.000e+000
81 1-3 -1.970e-002 -1.686e-001  1.000e+000
81 2-1 -3.066e-001  2.971e-001  2.792e-002  1.000e+000
81 2-2  2.508e-001 -2.645e-001  9.135e-002 -7.931e-001  1.000e+000
81 2-3  2.478e-004  3.497e-002 -1.873e-001 -4.165e-002 -5.755e-001  1.000e+000
82  8.901e-001  1.084e-001  1.586e-003  8.055e-002  8.507e-001  6.878e-002 
82 1-1  1.000e+000
82 1-2 -9.832e-001  1.000e+000
82 1-3 -1.305e-002 -1.697e-001  1.000e+000
82 2-1 -3.056e-001  2.958e-001  2.967e-002  1.000e+000
82 2-2  2.462e-001 -2.607e-001  9.897e-002 -7.724e-001  1.000e+000
82 2-3 -1.126e-003  3.636e-002 -1.931e-001 -4.833e-002 -5.971e-001  1.000e+000
83  8.870e-001  1.114e-001  1.577e-003  8.153e-002  8.443e-001  7.417e-002 
83 1-1  1.000e+000
83 1-2 -9.842e-001  1.000e+000
83 1-3 -6.647e-003 -1.707e-001  1.000e+000
83 2-1 -3.044e-001  2.944e-001  3.149e-002  1.000e+000
83 2-2  2.409e-001 -2.562e-001  1.066e-001 -7.488e-001  1.000e+000
83 2-3 -2.473e-003  3.749e-002 -1.978e-001 -5.598e-002 -6.199e-001  1.000e+000
84  8.840e-001  1.145e-001  1.568e-003  8.249e-002  8.376e-001  7.994e-002 
84 1-1  1.000e+000
84 1-2 -9.851e-001  1.000e+000
84 1-3 -4.856e-004 -1.715e-001  1.000e+000
84 2-1 -3.030e-001  2.928e-001  3.339e-002  1.000e+000
84 2-2  2.351e-001 -2.512e-001  1.140e-001 -7.226e-001  1.000e+000
84 2-3 -3.772e-003  3.838e-002 -2.016e-001 -6.450e-002 -6.433e-001  1.000e+000
85  8.808e-001  1.176e-001  1.559e-003  8.342e-002  8.305e-001  8.611e-002 
85 1-1  1.000e+000
85 1-2 -9.860e-001  1.000e+000
85 1-3  5.442e-003 -1.722e-001  1.000e+000
85 2-1 -3.014e-001  2.910e-001  3.538e-002  1.000e+000
85 2-2  2.289e-001 -2.457e-001  1.213e-001 -6.939e-001  1.000e+000
85 2-3 -5.008e-003  3.907e-002 -2.046e-001 -7.383e-002 -6.668e-001  1.000e+000
86  8.776e-001  1.209e-001  1.550e-003  8.431e-002  8.230e-001  9.271e-002 
86 1-1  1.000e+000
86 1-2 -9.868e-001  1.000e+000
86 1-3  1.115e-002 -1.729e-001  1.000e+000
86 2-1 -2.998e-001  2.892e-001  3.746e-002  1.000e+000
86 2-2  2.223e-001 -2.398e-001  1.283e-001 -6.631e-001  1.000e+000
86 2-3 -6.174e-003  3.960e-002 -2.070e-001 -8.393e-002 -6.902e-001  1.000e+000
87  8.742e-001  1.242e-001  1.541e-003  8.516e-002  8.151e-001  9.976e-002 
87 1-1  1.000e+000
87 1-2 -9.876e-001  1.000e+000
87 1-3  1.663e-002 -1.734e-001  1.000e+000
87 2-1 -2.981e-001  2.874e-001  3.965e-002  1.000e+000
87 2-2  2.156e-001 -2.336e-001  1.350e-001 -6.304e-001  1.000e+000
87 2-3 -7.267e-003  3.998e-002 -2.090e-001 -9.477e-002 -7.130e-001  1.000e+000
88  8.709e-001  1.276e-001  1.532e-003  8.597e-002  8.068e-001  1.073e-001 
88 1-1  1.000e+000
88 1-2 -9.883e-001  1.000e+000
88 1-3  2.192e-002 -1.739e-001  1.000e+000
88 2-1 -2.962e-001  2.854e-001  4.194e-002  1.000e+000
88 2-2  2.087e-001 -2.271e-001  1.415e-001 -5.960e-001  1.000e+000
88 2-3 -8.286e-003  4.024e-002 -2.106e-001 -1.063e-001 -7.351e-001  1.000e+000
89  8.674e-001  1.311e-001  1.523e-003  8.672e-002  7.980e-001  1.153e-001 
89 1-1  1.000e+000
89 1-2 -9.890e-001  1.000e+000
89 1-3  2.701e-002 -1.744e-001  1.000e+000
89 2-1 -2.944e-001  2.834e-001  4.435e-002  1.000e+000
89 2-2  2.017e-001 -2.205e-001  1.475e-001 -5.602e-001  1.000e+000
89 2-3 -9.234e-003  4.041e-002 -2.119e-001 -1.186e-001 -7.561e-001  1.000e+000
90  8.638e-001  1.347e-001  1.514e-003  8.743e-002  7.888e-001  1.238e-001 
90 1-1  1.000e+000
90 1-2 -9.897e-001  1.000e+000
90 1-3  3.192e-002 -1.748e-001  1.000e+000
90 2-1 -2.924e-001  2.814e-001  4.689e-002  1.000e+000
90 2-2  1.947e-001 -2.138e-001  1.532e-001 -5.231e-001  1.000e+000
90 2-3 -1.011e-002  4.050e-002 -2.129e-001 -1.316e-001 -7.760e-001  1.000e+000