
#****** ******
# DEMsr.txt
#IMaCh version 0.99r45, April 2023,INED-EUROREVES-Institut de longevite-Japan Society for the Promotion of Science (Grant-in-Aid for Scientific Research 25293121), Intel Software 2015-2020, Nihon University 2021-202, INED 2000-2022
#$Revision: 1.353 $ $Date: 2023/05/08 18:48:22 $
# Tue Feb 04 22:13:35 2025
# Health expectancies with standard errors
# Age e11 (SE) e12 (SE) e1.  e21 (SE) e22 (SE) e2. 
 50   17.5214 (0.9607)   12.0460 (0.7450)   29.5674 (1.2215)   12.2887 (1.0848)   15.8859 (0.9094)   28.1746 (1.4123)
 51   17.0575 (0.9332)   11.7416 (0.7156)   28.7991 (1.1820)   11.9001 (1.0493)   15.4421 (0.8759)   27.3422 (1.3836)
 52   16.5993 (0.9103)   11.4379 (0.6900)   28.0372 (1.1493)   11.5158 (1.0163)   15.0013 (0.8445)   26.5170 (1.3550)
 53   16.1468 (0.8916)   11.1352 (0.6679)   27.2820 (1.1225)   11.1359 (0.9857)   14.5638 (0.8150)   25.6997 (1.3265)
 54   15.7003 (0.8766)   10.8336 (0.6490)   26.5339 (1.1008)   10.7607 (0.9573)   14.1299 (0.7873)   24.8906 (1.2981)
 55   15.2599 (0.8649)   10.5334 (0.6329)   25.7933 (1.0834)   10.3904 (0.9311)   13.6998 (0.7613)   24.0903 (1.2699)
 56   14.8258 (0.8560)   10.2349 (0.6193)   25.0607 (1.0696)   10.0252 (0.9070)   13.2738 (0.7369)   23.2991 (1.2421)
 57   14.3981 (0.8497)    9.9383 (0.6079)   24.3364 (1.0589)    9.6654 (0.8849)   12.8522 (0.7141)   22.5175 (1.2149)
 58   13.9769 (0.8455)    9.6438 (0.5983)   23.6208 (1.0507)    9.3110 (0.8646)   12.4351 (0.6928)   21.7461 (1.1884)
 59   13.5625 (0.8431)    9.3518 (0.5905)   22.9143 (1.0446)    8.9624 (0.8460)   12.0229 (0.6730)   20.9853 (1.1629)
 60   13.1550 (0.8422)    9.0624 (0.5840)   22.2174 (1.0403)    8.6197 (0.8291)   11.6159 (0.6546)   20.2356 (1.1386)
 61   12.7544 (0.8425)    8.7759 (0.5786)   21.5303 (1.0376)    8.2831 (0.8137)   11.2143 (0.6377)   19.4974 (1.1158)
 62   12.3611 (0.8438)    8.4925 (0.5743)   20.8536 (1.0361)    7.9529 (0.7997)   10.8183 (0.6223)   18.7712 (1.0945)
 63   11.9750 (0.8459)    8.2125 (0.5709)   20.1875 (1.0358)    7.6291 (0.7870)   10.4283 (0.6084)   18.0575 (1.0751)
 64   11.5963 (0.8486)    7.9362 (0.5681)   19.5325 (1.0365)    7.3121 (0.7754)   10.0445 (0.5960)   17.3567 (1.0576)
 65   11.2251 (0.8518)    7.6637 (0.5659)   18.8888 (1.0380)    7.0019 (0.7648)    9.6673 (0.5850)   16.6692 (1.0421)
 66   10.8616 (0.8552)    7.3953 (0.5642)   18.2570 (1.0403)    6.6988 (0.7550)    9.2967 (0.5756)   15.9955 (1.0289)
 67   10.5059 (0.8588)    7.1313 (0.5629)   17.6372 (1.0433)    6.4028 (0.7461)    8.9331 (0.5676)   15.3360 (1.0178)
 68   10.1580 (0.8624)    6.8718 (0.5618)   17.0298 (1.0468)    6.1142 (0.7377)    8.5768 (0.5610)   14.6910 (1.0089)
 69    9.8180 (0.8660)    6.6170 (0.5610)   16.4350 (1.0508)    5.8331 (0.7299)    8.2279 (0.5557)   14.0610 (1.0020)
 70    9.4860 (0.8694)    6.3673 (0.5603)   15.8533 (1.0551)    5.5595 (0.7224)    7.8867 (0.5517)   13.4462 (0.9971)
 71    9.1621 (0.8726)    6.1227 (0.5597)   15.2848 (1.0596)    5.2936 (0.7151)    7.5534 (0.5488)   12.8470 (0.9938)
 72    8.8464 (0.8755)    5.8834 (0.5591)   14.7297 (1.0643)    5.0355 (0.7080)    7.2282 (0.5469)   12.2637 (0.9921)
 73    8.5387 (0.8780)    5.6496 (0.5584)   14.1883 (1.0689)    4.7853 (0.7009)    6.9112 (0.5459)   11.6965 (0.9916)
 74    8.2393 (0.8801)    5.4214 (0.5576)   13.6608 (1.0733)    4.5430 (0.6937)    6.6027 (0.5457)   11.1457 (0.9921)
 75    7.9481 (0.8817)    5.1991 (0.5566)   13.1472 (1.0775)    4.3087 (0.6864)    6.3027 (0.5459)   10.6114 (0.9932)
 76    7.6652 (0.8828)    4.9827 (0.5553)   12.6478 (1.0812)    4.0824 (0.6789)    6.0114 (0.5466)   10.0938 (0.9947)
 77    7.3904 (0.8834)    4.7723 (0.5537)   12.1627 (1.0844)    3.8641 (0.6710)    5.7290 (0.5475)    9.5931 (0.9962)
 78    7.1238 (0.8834)    4.5680 (0.5518)   11.6919 (1.0870)    3.6538 (0.6627)    5.4554 (0.5484)    9.1092 (0.9975)
 79    6.8654 (0.8828)    4.3700 (0.5495)   11.2354 (1.0888)    3.4515 (0.6540)    5.1908 (0.5493)    8.6423 (0.9984)
 80    6.6151 (0.8816)    4.1782 (0.5467)   10.7933 (1.0898)    3.2572 (0.6448)    4.9351 (0.5499)    8.1923 (0.9985)
 81    6.3728 (0.8797)    3.9928 (0.5434)   10.3655 (1.0898)    3.0707 (0.6351)    4.6885 (0.5502)    7.7592 (0.9978)
 82    6.1384 (0.8773)    3.8136 (0.5396)    9.9521 (1.0888)    2.8920 (0.6249)    4.4509 (0.5499)    7.3430 (0.9959)
 83    5.9120 (0.8742)    3.6409 (0.5352)    9.5528 (1.0868)    2.7211 (0.6141)    4.2223 (0.5491)    6.9435 (0.9928)
 84    5.6933 (0.8705)    3.4745 (0.5302)    9.1677 (1.0837)    2.5578 (0.6027)    4.0027 (0.5477)    6.5605 (0.9882)
 85    5.4822 (0.8663)    3.3144 (0.5246)    8.7966 (1.0795)    2.4020 (0.5908)    3.7920 (0.5454)    6.1940 (0.9823)
 86    5.2788 (0.8614)    3.1606 (0.5184)    8.4393 (1.0741)    2.2535 (0.5784)    3.5900 (0.5424)    5.8436 (0.9747)
 87    5.0827 (0.8560)    3.0130 (0.5117)    8.0957 (1.0676)    2.1123 (0.5655)    3.3968 (0.5386)    5.5091 (0.9657)
 88    4.8938 (0.8501)    2.8716 (0.5043)    7.7655 (1.0600)    1.9781 (0.5521)    3.2121 (0.5339)    5.1902 (0.9550)
 89    4.7121 (0.8437)    2.7364 (0.4963)    7.4485 (1.0513)    1.8507 (0.5382)    3.0359 (0.5284)    4.8866 (0.9428)
 90    4.5373 (0.8369)    2.6070 (0.4878)    7.1444 (1.0415)    1.7300 (0.5239)    2.8679 (0.5220)    4.5979 (0.9291)
