
#****** ******
# DEMsr.txt
#IMaCh version 0.99r45, April 2023,INED-EUROREVES-Institut de longevite-Japan Society for the Promotion of Science (Grant-in-Aid for Scientific Research 25293121), Intel Software 2015-2020, Nihon University 2021-202, INED 2000-2022
#$Revision: 1.353 $ $Date: 2023/05/08 18:48:22 $
# Tue Feb 04 22:13:35 2025
# Variance and covariance of health expectancies e.j 
#  (weighted average of eij where weights are the age specific period (stable) prevalences in each health state 
# Age Cov(e.1, e.1) Cov(e.1, e.2) Cov(e.2, e.1) Cov(e.2, e.2)
50  1.3025 -0.3010 -0.3010 0.8766
51  1.2011 -0.2438 -0.2438 0.7934
52  1.1127 -0.1944 -0.1944 0.7211
53  1.0355 -0.1528 -0.1528 0.6579
54  0.9689 -0.1169 -0.1169 0.6047
55  0.9599 -0.0659 -0.0659 0.5468
56  0.8634 -0.0632 -0.0632 0.5177
57  0.8227 -0.0436 -0.0436 0.4829
58  0.7888 -0.0280 -0.0280 0.4529
59  0.7610 -0.0158 -0.0158 0.4272
60  0.7385 -0.0065 -0.0065 0.4053
61  0.7208 0.0005 0.0005 0.3867
62  0.7073 0.0056 0.0056 0.3709
63  0.6973 0.0093 0.0093 0.3577
64  0.9070 0.1728 0.1728 0.4465
65  0.6860 0.0141 0.0141 0.3377
66  0.6719 0.0147 0.0147 0.3408
67  0.6834 0.0174 0.0174 0.3246
68  0.6843 0.0190 0.0190 0.3201
69  0.6863 0.0208 0.0208 0.3168
70  0.6888 0.0230 0.0230 0.3144
71  0.6918 0.0255 0.0255 0.3128
72  0.6948 0.0284 0.0284 0.3119
73  0.6977 0.0317 0.0317 0.3114
74  0.7001 0.0353 0.0353 0.3113
75  0.6887 0.0386 0.0386 0.3232
76  0.7031 0.0433 0.0433 0.3114
77  0.7032 0.0475 0.0475 0.3115
78  0.7024 0.0517 0.0517 0.3113
79  0.7004 0.0557 0.0557 0.3108
80  0.6972 0.0596 0.0596 0.3099
81  0.6928 0.0631 0.0631 0.3085
82  0.6872 0.0661 0.0661 0.3065
83  0.6804 0.0687 0.0687 0.3038
84  0.6725 0.0707 0.0707 0.3004
85  0.6634 0.0721 0.0721 0.2963
86  0.6534 0.0728 0.0728 0.2914
87  0.6424 0.0729 0.0729 0.2857
88  0.6306 0.0723 0.0723 0.2793
89  0.6182 0.0711 0.0711 0.2722
90  0.6051 0.0692 0.0692 0.2644
