# DKMgali.txt
#IMaCh version 0.99r45, April 2023,INED-EUROREVES-Institut de longevite-Japan Society for the Promotion of Science (Grant-in-Aid for Scientific Research 25293121), Intel Software 2015-2020, Nihon University 2021-202, INED 2000-2022
#$Revision: 1.353 $ $Date: 2023/05/08 18:48:22 $
# Tue Feb 04 20:24:32 2025
# probabilities of dying before estepm=6 months for people of exact age and weighted probabilities w1*p1j+w2*p2j+... stand dev in()
# Selected quantitative variables and dummies
# Age cov=1 p.3 SE w1 p13 w2 p23
 50 1   9.615e-004  4.882e-004  9.525e-001  7.777e-005   4.755e-002  1.866e-002 
 51 1   1.093e-003  5.278e-004  9.500e-001  9.373e-005   5.004e-002  2.006e-002 
 52 1   1.241e-003  5.691e-004  9.474e-001  1.130e-004   5.262e-002  2.156e-002 
 53 1   1.410e-003  6.124e-004  9.447e-001  1.361e-004   5.531e-002  2.317e-002 
 54 1   1.601e-003  6.574e-004  9.419e-001  1.641e-004   5.809e-002  2.489e-002 
 55 1   1.816e-003  7.039e-004  9.391e-001  1.977e-004   6.098e-002  2.674e-002 
 56 1   2.060e-003  7.518e-004  9.361e-001  2.382e-004   6.397e-002  2.872e-002 
 57 1   2.336e-003  8.010e-004  9.330e-001  2.871e-004   6.705e-002  3.084e-002 
 58 1   2.648e-003  8.379e-004  9.298e-001  3.459e-004   7.024e-002  3.312e-002 
 59 1   2.999e-003  9.022e-004  9.265e-001  4.168e-004   7.350e-002  3.555e-002 
 60 1   3.396e-003  9.545e-004  9.232e-001  5.022e-004   7.686e-002  3.816e-002 
 61 1   3.844e-003  1.008e-003  9.197e-001  6.050e-004   8.031e-002  4.094e-002 
 62 1   4.350e-003  1.063e-003  9.162e-001  7.289e-004   8.384e-002  4.392e-002 
 63 1   4.920e-003  1.120e-003  9.126e-001  8.781e-004   8.744e-002  4.710e-002 
 64 1   5.563e-003  1.180e-003  9.089e-001  1.058e-003   9.111e-002  5.050e-002 
 65 1   6.288e-003  1.244e-003  9.052e-001  1.274e-003   9.485e-002  5.414e-002 
 66 1   7.105e-003  1.314e-003  9.014e-001  1.534e-003   9.864e-002  5.801e-002 
 67 1   8.027e-003  1.393e-003  8.976e-001  1.848e-003   1.025e-001  6.214e-002 
 68 1   9.066e-003  1.483e-003  8.937e-001  2.225e-003   1.064e-001  6.655e-002 
 69 1   1.024e-002  1.588e-003  8.898e-001  2.679e-003   1.103e-001  7.124e-002 
 70 1   1.156e-002  1.807e-003  8.859e-001  3.225e-003   1.142e-001  7.624e-002 
 71 1   1.306e-002  1.854e-003  8.819e-001  3.881e-003   1.182e-001  8.155e-002 
 72 1   1.475e-002  2.023e-003  8.779e-001  4.671e-003   1.221e-001  8.719e-002 
 73 1   1.667e-002  2.221e-003  8.739e-001  5.619e-003   1.261e-001  9.319e-002 
 74 1   1.884e-002  2.450e-003  8.699e-001  6.759e-003   1.301e-001  9.955e-002 
 75 1   2.130e-002  2.720e-003  8.659e-001  8.128e-003   1.342e-001  1.063e-001 
 76 1   2.410e-002  3.014e-003  8.619e-001  9.770e-003   1.382e-001  1.134e-001 
 77 1   2.728e-002  3.357e-003  8.578e-001  1.174e-002   1.423e-001  1.210e-001 
 78 1   3.091e-002  3.747e-003  8.537e-001  1.410e-002   1.463e-001  1.290e-001 
 79 1   3.505e-002  4.198e-003  8.496e-001  1.692e-002   1.505e-001  1.374e-001 
 80 1   3.978e-002  4.723e-003  8.454e-001  2.030e-002   1.547e-001  1.462e-001 
 81 1   4.520e-002  5.350e-003  8.411e-001  2.433e-002   1.590e-001  1.556e-001 
 82 1   5.141e-002  6.117e-003  8.367e-001  2.914e-002   1.634e-001  1.654e-001 
 83 1   5.853e-002  7.077e-003  8.321e-001  3.486e-002   1.680e-001  1.757e-001 
 84 1   6.669e-002  8.297e-003  8.272e-001  4.165e-002   1.729e-001  1.865e-001 
 85 1   7.606e-002  9.838e-003  8.221e-001  4.969e-002   1.780e-001  1.978e-001 
 86 1   8.679e-002  1.186e-002  8.166e-001  5.918e-002   1.835e-001  2.096e-001 
 87 1   9.908e-002  1.440e-002  8.106e-001  7.034e-002   1.895e-001  2.219e-001 
 88 1   1.131e-001  1.756e-002  8.039e-001  8.341e-002   1.962e-001  2.348e-001 
 89 1   1.291e-001  2.144e-002  7.965e-001  9.865e-002   2.036e-001  2.481e-001 
 90 1   1.472e-001  2.645e-002  7.881e-001  1.163e-001   2.120e-001  2.619e-001 
