# DKMgali.txt
#IMaCh version 0.99r45, April 2023,INED-EUROREVES-Institut de longevite-Japan Society for the Promotion of Science (Grant-in-Aid for Scientific Research 25293121), Intel Software 2015-2020, Nihon University 2021-202, INED 2000-2022
#$Revision: 1.353 $ $Date: 2023/05/08 18:48:22 $
# Tue Feb 04 20:24:32 2025
#One-step probabilities and stand. devi in ()
# Age p1-1 (SE) p1-2 (SE) p1-3 (SE) p2-1 (SE) p2-2 (SE) p2-3 (SE)
50  9.910e-001 ( 2.394e-003)  8.906e-003 ( 2.398e-003)  7.777e-005 ( 6.892e-005)  1.349e-001 ( 3.974e-002)  8.464e-001 ( 4.017e-002)  1.866e-002 ( 8.514e-003) 
51  9.906e-001 ( 2.399e-003)  9.341e-003 ( 2.403e-003)  9.373e-005 ( 8.061e-005)  1.329e-001 ( 3.757e-002)  8.470e-001 ( 3.811e-002)  2.006e-002 ( 8.834e-003) 
52  9.901e-001 ( 2.400e-003)  9.798e-003 ( 2.405e-003)  1.130e-004 ( 9.422e-005)  1.309e-001 ( 3.548e-002)  8.475e-001 ( 3.614e-002)  2.156e-002 ( 9.154e-003) 
53  9.896e-001 ( 2.397e-003)  1.028e-002 ( 2.403e-003)  1.361e-004 ( 1.100e-004)  1.289e-001 ( 3.347e-002)  8.479e-001 ( 3.427e-002)  2.317e-002 ( 9.474e-003) 
54  9.891e-001 ( 2.391e-003)  1.078e-002 ( 2.397e-003)  1.641e-004 ( 1.283e-004)  1.270e-001 ( 3.154e-002)  8.481e-001 ( 3.249e-002)  2.489e-002 ( 9.793e-003) 
55  9.885e-001 ( 2.381e-003)  1.130e-002 ( 2.388e-003)  1.977e-004 ( 1.496e-004)  1.250e-001 ( 2.970e-002)  8.483e-001 ( 3.081e-002)  2.674e-002 ( 1.011e-002) 
56  9.879e-001 ( 2.367e-003)  1.185e-002 ( 2.375e-003)  2.382e-004 ( 1.741e-004)  1.230e-001 ( 2.795e-002)  8.482e-001 ( 2.924e-002)  2.872e-002 ( 1.042e-002) 
57  9.873e-001 ( 2.351e-003)  1.243e-002 ( 2.360e-003)  2.871e-004 ( 2.024e-004)  1.211e-001 ( 2.630e-002)  8.481e-001 ( 2.779e-002)  3.084e-002 ( 1.072e-002) 
58  9.866e-001 ( 2.333e-003)  1.304e-002 ( 2.342e-003)  3.459e-004 ( 2.351e-004)  1.192e-001 ( 2.474e-002)  8.477e-001 ( 2.645e-002)  3.312e-002 ( 1.102e-002) 
59  9.859e-001 ( 2.313e-003)  1.367e-002 ( 2.322e-003)  4.168e-004 ( 2.726e-004)  1.172e-001 ( 2.330e-002)  8.472e-001 ( 2.524e-002)  3.555e-002 ( 1.131e-002) 
60  9.852e-001 ( 2.294e-003)  1.434e-002 ( 2.303e-003)  5.022e-004 ( 3.158e-004)  1.153e-001 ( 2.198e-002)  8.466e-001 ( 2.415e-002)  3.816e-002 ( 1.159e-002) 
61  9.844e-001 ( 2.277e-003)  1.503e-002 ( 2.286e-003)  6.050e-004 ( 3.652e-004)  1.134e-001 ( 2.078e-002)  8.457e-001 ( 2.320e-002)  4.094e-002 ( 1.185e-002) 
62  9.835e-001 ( 2.265e-003)  1.576e-002 ( 2.273e-003)  7.289e-004 ( 4.218e-004)  1.115e-001 ( 1.972e-002)  8.446e-001 ( 2.239e-002)  4.392e-002 ( 1.211e-002) 
63  9.826e-001 ( 2.262e-003)  1.652e-002 ( 2.267e-003)  8.781e-004 ( 4.863e-004)  1.096e-001 ( 1.880e-002)  8.433e-001 ( 2.171e-002)  4.710e-002 ( 1.235e-002) 
64  9.816e-001 ( 2.270e-003)  1.732e-002 ( 2.272e-003)  1.058e-003 ( 5.598e-004)  1.076e-001 ( 1.802e-002)  8.418e-001 ( 2.116e-002)  5.050e-002 ( 1.259e-002) 
65  9.806e-001 ( 2.295e-003)  1.816e-002 ( 2.293e-003)  1.274e-003 ( 6.432e-004)  1.057e-001 ( 1.741e-002)  8.401e-001 ( 2.076e-002)  5.414e-002 ( 1.281e-002) 
66  9.794e-001 ( 2.342e-003)  1.903e-002 ( 2.333e-003)  1.534e-003 ( 7.377e-004)  1.039e-001 ( 1.694e-002)  8.381e-001 ( 2.048e-002)  5.801e-002 ( 1.304e-002) 
67  9.782e-001 ( 2.415e-003)  1.995e-002 ( 2.399e-003)  1.848e-003 ( 8.445e-004)  1.020e-001 ( 1.663e-002)  8.359e-001 ( 2.034e-002)  6.214e-002 ( 1.326e-002) 
68  9.769e-001 ( 2.519e-003)  2.090e-002 ( 2.496e-003)  2.225e-003 ( 9.649e-004)  1.001e-001 ( 1.646e-002)  8.334e-001 ( 2.031e-002)  6.655e-002 ( 1.349e-002) 
69  9.754e-001 ( 2.660e-003)  2.190e-002 ( 2.628e-003)  2.679e-003 ( 1.100e-003)  9.816e-002 ( 1.642e-002)  8.306e-001 ( 2.040e-002)  7.124e-002 ( 1.374e-002) 
70  9.738e-001 ( 2.839e-003)  2.295e-002 ( 2.799e-003)  3.225e-003 ( 1.252e-003)  9.627e-002 ( 1.651e-002)  8.275e-001 ( 2.060e-002)  7.624e-002 ( 1.402e-002) 
71  9.721e-001 ( 3.058e-003)  2.404e-002 ( 3.012e-003)  3.881e-003 ( 1.423e-003)  9.437e-002 ( 1.670e-002)  8.241e-001 ( 2.091e-002)  8.155e-002 ( 1.435e-002) 
72  9.702e-001 ( 3.320e-003)  2.517e-002 ( 3.269e-003)  4.671e-003 ( 1.613e-003)  9.248e-002 ( 1.698e-002)  8.203e-001 ( 2.132e-002)  8.719e-002 ( 1.475e-002) 
73  9.680e-001 ( 3.624e-003)  2.636e-002 ( 3.573e-003)  5.619e-003 ( 1.828e-003)  9.058e-002 ( 1.734e-002)  8.162e-001 ( 2.184e-002)  9.319e-002 ( 1.525e-002) 
74  9.657e-001 ( 3.970e-003)  2.759e-002 ( 3.923e-003)  6.759e-003 ( 2.069e-003)  8.867e-002 ( 1.775e-002)  8.118e-001 ( 2.248e-002)  9.955e-002 ( 1.586e-002) 
75  9.630e-001 ( 4.359e-003)  2.887e-002 ( 4.322e-003)  8.128e-003 ( 2.343e-003)  8.677e-002 ( 1.820e-002)  8.069e-001 ( 2.323e-002)  1.063e-001 ( 1.663e-002) 
76  9.600e-001 ( 4.791e-003)  3.021e-002 ( 4.768e-003)  9.770e-003 ( 2.656e-003)  8.486e-002 ( 1.868e-002)  8.017e-001 ( 2.411e-002)  1.134e-001 ( 1.757e-002) 
77  9.567e-001 ( 5.267e-003)  3.159e-002 ( 5.264e-003)  1.174e-002 ( 3.020e-003)  8.294e-002 ( 1.917e-002)  7.961e-001 ( 2.513e-002)  1.210e-001 ( 1.872e-002) 
78  9.529e-001 ( 5.792e-003)  3.301e-002 ( 5.809e-003)  1.410e-002 ( 3.450e-003)  8.102e-002 ( 1.967e-002)  7.900e-001 ( 2.632e-002)  1.290e-001 ( 2.009e-002) 
79  9.486e-001 ( 6.374e-003)  3.449e-002 ( 6.404e-003)  1.692e-002 ( 3.969e-003)  7.910e-002 ( 2.017e-002)  7.835e-001 ( 2.767e-002)  1.374e-001 ( 2.171e-002) 
80  9.437e-001 ( 7.027e-003)  3.600e-002 ( 7.050e-003)  2.030e-002 ( 4.609e-003)  7.718e-002 ( 2.065e-002)  7.766e-001 ( 2.922e-002)  1.462e-001 ( 2.359e-002) 
81  9.381e-001 ( 7.775e-003)  3.756e-002 ( 7.746e-003)  2.433e-002 ( 5.411e-003)  7.524e-002 ( 2.112e-002)  7.692e-001 ( 3.097e-002)  1.556e-001 ( 2.574e-002) 
82  9.317e-001 ( 8.654e-003)  3.914e-002 ( 8.493e-003)  2.914e-002 ( 6.430e-003)  7.331e-002 ( 2.156e-002)  7.613e-001 ( 3.294e-002)  1.654e-001 ( 2.817e-002) 
83  9.244e-001 ( 9.716e-003)  4.075e-002 ( 9.291e-003)  3.486e-002 ( 7.735e-003)  7.137e-002 ( 2.198e-002)  7.529e-001 ( 3.514e-002)  1.757e-001 ( 3.088e-002) 
84  9.160e-001 ( 1.103e-002)  4.238e-002 ( 1.014e-002)  4.165e-002 ( 9.405e-003)  6.943e-002 ( 2.237e-002)  7.441e-001 ( 3.759e-002)  1.865e-001 ( 3.387e-002) 
85  9.063e-001 ( 1.270e-002)  4.400e-002 ( 1.103e-002)  4.969e-002 ( 1.153e-002)  6.748e-002 ( 2.272e-002)  7.347e-001 ( 4.028e-002)  1.978e-001 ( 3.714e-002) 
86  8.952e-001 ( 1.483e-002)  4.561e-002 ( 1.197e-002)  5.918e-002 ( 1.422e-002)  6.554e-002 ( 2.303e-002)  7.248e-001 ( 4.323e-002)  2.096e-001 ( 4.068e-002) 
87  8.825e-001 ( 1.755e-002)  4.718e-002 ( 1.296e-002)  7.034e-002 ( 1.759e-002)  6.359e-002 ( 2.331e-002)  7.145e-001 ( 4.643e-002)  2.219e-001 ( 4.448e-002) 
88  8.679e-001 ( 2.098e-002)  4.869e-002 ( 1.398e-002)  8.341e-002 ( 2.175e-002)  6.164e-002 ( 2.354e-002)  7.036e-001 ( 4.987e-002)  2.348e-001 ( 4.852e-002) 
89  8.512e-001 ( 2.525e-002)  5.011e-002 ( 1.504e-002)  9.865e-002 ( 2.682e-002)  5.970e-002 ( 2.373e-002)  6.922e-001 ( 5.354e-002)  2.481e-001 ( 5.281e-002) 
90  8.323e-001 ( 3.046e-002)  5.142e-002 ( 1.612e-002)  1.163e-001 ( 3.291e-002)  5.776e-002 ( 2.388e-002)  6.803e-001 ( 5.744e-002)  2.619e-001 ( 5.731e-002) 