
#****** ******
# DKMgali.txt
#IMaCh version 0.99r45, April 2023,INED-EUROREVES-Institut de longevite-Japan Society for the Promotion of Science (Grant-in-Aid for Scientific Research 25293121), Intel Software 2015-2020, Nihon University 2021-202, INED 2000-2022
#$Revision: 1.353 $ $Date: 2023/05/08 18:48:22 $
# Tue Feb 04 20:24:32 2025
# Health expectancies with standard errors
# Age e11 (SE) e12 (SE) e1.  e21 (SE) e22 (SE) e2. 
 50   26.8011 (0.9499)    2.9022 (0.3389)   29.7033 (0.9123)   20.6434 (2.2286)    5.3429 (0.7776)   25.9863 (2.1161)
 51   25.9224 (0.9305)    2.8545 (0.3324)   28.7769 (0.8957)   19.6545 (2.1457)    5.2724 (0.7441)   24.9269 (2.0672)
 52   25.0521 (0.9116)    2.8049 (0.3261)   27.8571 (0.8789)   18.6804 (2.0606)    5.1973 (0.7121)   23.8777 (2.0136)
 53   24.1908 (0.8931)    2.7536 (0.3201)   26.9444 (0.8622)   17.7225 (1.9740)    5.1177 (0.6817)   22.8402 (1.9557)
 54   23.3387 (0.8752)    2.7005 (0.3143)   26.0392 (0.8456)   16.7822 (1.8865)    5.0337 (0.6528)   21.8159 (1.8939)
 55   22.4964 (0.8579)    2.6456 (0.3088)   25.1420 (0.8291)   15.8609 (1.7987)    4.9452 (0.6254)   20.8061 (1.8288)
 56   21.6643 (0.8411)    2.5890 (0.3035)   24.2533 (0.8129)   14.9599 (1.7113)    4.8526 (0.5995)   19.8125 (1.7610)
 57   20.8429 (0.8250)    2.5306 (0.2984)   23.3735 (0.7969)   14.0807 (1.6251)    4.7558 (0.5749)   18.8365 (1.6910)
 58   20.0326 (0.8095)    2.4706 (0.2936)   22.5031 (0.7813)   13.2244 (1.5405)    4.6552 (0.5517)   17.8796 (1.6195)
 59   19.2338 (0.7945)    2.4089 (0.2889)   21.6427 (0.7661)   12.3925 (1.4584)    4.5510 (0.5295)   16.9435 (1.5471)
 60   18.4469 (0.7801)    2.3457 (0.2845)   20.7927 (0.7512)   11.5862 (1.3791)    4.4433 (0.5085)   16.0295 (1.4745)
 61   17.6725 (0.7661)    2.2810 (0.2802)   19.9535 (0.7367)   10.8064 (1.3032)    4.3326 (0.4884)   15.1390 (1.4024)
 62   16.9108 (0.7524)    2.2149 (0.2761)   19.1257 (0.7225)   10.0543 (1.2310)    4.2191 (0.4692)   14.2734 (1.3313)
 63   16.1622 (0.7390)    2.1475 (0.2721)   18.3097 (0.7086)    9.3307 (1.1629)    4.1032 (0.4509)   13.4339 (1.2619)
 64   15.4272 (0.7256)    2.0788 (0.2682)   17.5061 (0.6950)    8.6366 (1.0988)    3.9852 (0.4333)   12.6217 (1.1946)
 65   14.7062 (0.7122)    2.0091 (0.2645)   16.7152 (0.6815)    7.9724 (1.0388)    3.8655 (0.4165)   11.8379 (1.1298)
 66   13.9993 (0.6987)    1.9383 (0.2608)   15.9376 (0.6682)    7.3389 (0.9829)    3.7444 (0.4006)   11.0833 (1.0681)
 67   13.3071 (0.6849)    1.8666 (0.2571)   15.1737 (0.6550)    6.7363 (0.9306)    3.6225 (0.3854)   10.3588 (1.0094)
 68   12.6297 (0.6707)    1.7942 (0.2535)   14.4239 (0.6418)    6.1650 (0.8818)    3.5000 (0.3712)    9.6650 (0.9542)
 69   11.9677 (0.6562)    1.7211 (0.2498)   13.6888 (0.6287)    5.6250 (0.8359)    3.3774 (0.3579)    9.0024 (0.9023)
 70   11.3212 (0.6412)    1.6476 (0.2462)   12.9688 (0.6156)    5.1163 (0.7926)    3.2551 (0.3457)    8.3714 (0.8539)
 71   10.6906 (0.6258)    1.5738 (0.2424)   12.2644 (0.6027)    4.6386 (0.7514)    3.1335 (0.3346)    7.7721 (0.8087)
 72   10.0762 (0.6100)    1.4999 (0.2386)   11.5761 (0.5899)    4.1918 (0.7119)    3.0129 (0.3247)    7.2047 (0.7666)
 73    9.4784 (0.5940)    1.4260 (0.2346)   10.9043 (0.5775)    3.7752 (0.6738)    2.8937 (0.3159)    6.6689 (0.7275)
 74    8.8975 (0.5779)    1.3523 (0.2305)   10.2498 (0.5657)    3.3882 (0.6366)    2.7763 (0.3084)    6.1645 (0.6910)
 75    8.3339 (0.5619)    1.2790 (0.2263)    9.6129 (0.5546)    3.0302 (0.6003)    2.6610 (0.3020)    5.6911 (0.6570)
 76    7.7880 (0.5463)    1.2063 (0.2218)    8.9942 (0.5445)    2.7002 (0.5646)    2.5480 (0.2968)    5.2482 (0.6253)
 77    7.2601 (0.5312)    1.1344 (0.2171)    8.3945 (0.5356)    2.3973 (0.5295)    2.4377 (0.2926)    4.8350 (0.5956)
 78    6.7508 (0.5169)    1.0635 (0.2123)    7.8143 (0.5281)    2.1204 (0.4949)    2.3303 (0.2893)    4.4507 (0.5677)
 79    6.2604 (0.5037)    0.9939 (0.2072)    7.2543 (0.5220)    1.8684 (0.4609)    2.2259 (0.2868)    4.0943 (0.5415)
 80    5.7895 (0.4917)    0.9256 (0.2018)    6.7151 (0.5175)    1.6401 (0.4277)    2.1248 (0.2849)    3.7649 (0.5170)
 81    5.3385 (0.4810)    0.8591 (0.1963)    6.1975 (0.5143)    1.4342 (0.3952)    2.0271 (0.2835)    3.4613 (0.4939)
 82    4.9078 (0.4715)    0.7944 (0.1905)    5.7022 (0.5124)    1.2493 (0.3638)    1.9330 (0.2825)    3.1823 (0.4723)
 83    4.4979 (0.4632)    0.7318 (0.1844)    5.2297 (0.5112)    1.0842 (0.3334)    1.8424 (0.2817)    2.9266 (0.4520)
 84    4.1093 (0.4557)    0.6715 (0.1782)    4.7808 (0.5103)    0.9374 (0.3043)    1.7554 (0.2809)    2.6928 (0.4331)
 85    3.7422 (0.4487)    0.6137 (0.1717)    4.3559 (0.5092)    0.8076 (0.2765)    1.6722 (0.2801)    2.4798 (0.4155)
 86    3.3971 (0.4418)    0.5585 (0.1650)    3.9556 (0.5073)    0.6934 (0.2502)    1.5926 (0.2791)    2.2859 (0.3990)
 87    3.0740 (0.4344)    0.5061 (0.1581)    3.5801 (0.5040)    0.5934 (0.2256)    1.5166 (0.2780)    2.1100 (0.3838)
 88    2.7730 (0.4261)    0.4567 (0.1510)    3.2297 (0.4988)    0.5064 (0.2025)    1.4442 (0.2766)    1.9506 (0.3696)
 89    2.4941 (0.4165)    0.4103 (0.1437)    2.9045 (0.4912)    0.4310 (0.1812)    1.3753 (0.2748)    1.8063 (0.3565)
 90    2.2372 (0.4054)    0.3671 (0.1363)    2.6043 (0.4811)    0.3661 (0.1616)    1.3098 (0.2727)    1.6759 (0.3443)
