# Powell
# iter -2*LL p12 p13 p21 p23
1 1 19816.428485576886 0 0.000000000000 0.000000000000 0.000000000000 0.000000000000 0.000000000000 0.000000000000 0.000000000000 0.000000000000
2 2 5362.854030435404 2 5.909524289022 -0.002296613188 -0.626677054511 0.002288829048 2.763754824292 -0.001103480585 -1.095566549210 0.003132520974
3 2 5055.305909805455 3 3.890270063759 -0.004763056734 -1.407644091431 0.006915459732 2.602589266832 -0.005299577872 -1.641790688132 -0.016304512175
4 3 4989.965040881089 5 3.241422842090 -0.010196721138 -2.155308583792 0.013341265319 2.510210969374 0.001726279684 -2.031842541603 -0.032397349450
5 3 4946.918861980144 6 3.307529803494 -0.014060181078 -2.459686178473 0.014801686813 2.532937773071 0.005689441848 -2.530343982827 -0.021144059416
6 4 4720.358508288155 8 3.416189927412 -0.044007605541 -5.025959805805 0.020524415768 2.638330644437 0.039690141824 -6.679922783416 0.083940496202
7 4 4703.390348292615 9 3.636702965824 -0.046035243900 -5.225351573555 0.022809861693 2.626030486066 0.043824165950 -7.189262462905 0.102597668848
8 5 4659.011868651859 10 4.873968595043 -0.055831322470 -6.330664056329 0.035919933745 2.533802483536 0.064676210623 -10.064498285406 0.171950246939
9 5 4654.296565690557 13 5.012772796543 -0.056037051745 -6.512178729150 0.038319813743 2.508352973773 0.068057798336 -10.614080739567 0.180053461789
10 6 4646.757582908414 16 5.210973480606 -0.062213830773 -7.244965677924 0.046152863551 2.394556441796 0.080282763666 -12.401472260661 0.212688962058
11 6 4642.589737900490 18 5.150466878333 -0.061096738835 -7.281362997470 0.048293749363 2.302588763092 0.082443607415 -12.732292445950 0.214988419874
12 7 4631.467767672150 21 5.137491315406 -0.057544959281 -7.953154713892 0.061748449120 1.780701987130 0.098819844536 -15.474935886040 0.254870689689
13 7 4623.352744710516 24 4.947124298561 -0.054882189370 -8.230689499476 0.064570659217 1.614078235519 0.101122500684 -16.397288974417 0.266572443384
14 8 4565.038543771716 27 1.308913960208 -0.010186840318 -10.964386813571 0.092382145029 -0.610062972537 0.106011725523 -26.306611935260 0.368518258020
15 8 4516.637028737143 30 -0.145959810356 0.002357165174 -10.807100225677 0.082752389581 -0.908810123676 0.088251989723 -26.205303807726 0.347047838940
16 9 4479.947258826780 -27 -2.350275705956 0.029597208165 -10.867107798142 0.088848513247 -1.842259324900 0.075545582865 -27.996339180889 0.337689613536
17 9 4476.296935214687 -24 -2.443058262210 0.033124392198 -11.000737074437 0.093287491252 -2.045804094523 0.079869418096 -28.764530581624 0.346209760904
18 10 4472.759629316099 -21 -2.834407924702 0.039608339975 -12.434273903040 0.112856792140 -2.901627807649 0.110679907972 -33.447322649082 0.417431715319
19 10 4472.601816139460 -18 -2.841856016447 0.039720623416 -12.472112942186 0.113533399070 -2.927488469262 0.112256576012 -33.544280590212 0.419448373180
20 11 4471.731070330890 -15 -2.482998138942 0.035134897773 -12.665378590127 0.116486171368 -2.890860117796 0.127040614289 -33.346215706012 0.431639519864
