# EEMgali.txt
#IMaCh version 0.99r45, April 2023,INED-EUROREVES-Institut de longevite-Japan Society for the Promotion of Science (Grant-in-Aid for Scientific Research 25293121), Intel Software 2015-2020, Nihon University 2021-202, INED 2000-2022
#$Revision: 1.353 $ $Date: 2023/05/08 18:48:22 $
# Tue Feb 04 20:24:32 2025

#****** ******
# (a) Life expectancies by health status at initial age and (b) health expectancies by health status at initial age
# Age e11  e12  e1.  e21  e22  e2. 
 50  18.4084   5.0158  23.4242  15.2721   6.9644  22.2365
 51  17.7023   4.9530  22.6553  14.5339   6.8917  21.4257
 52  17.0102   4.8877  21.8978  13.8126   6.8142  20.6268
 53  16.3324   4.8198  21.1521  13.1089   6.7318  19.8407
 54  15.6693   4.7493  20.4186  12.4233   6.6444  19.0677
 55  15.0213   4.6764  19.6977  11.7565   6.5521  18.3086
 56  14.3887   4.6011  18.9898  11.1091   6.4550  17.5641
 57  13.7720   4.5233  18.2953  10.4815   6.3532  16.8346
 58  13.1714   4.4432  17.6146   9.8742   6.2467  16.1209
 59  12.5872   4.3609  16.9481   9.2876   6.1357  15.4234
 60  12.0197   4.2764  16.2961   8.7222   6.0205  14.7427
 61  11.4691   4.1899  15.6590   8.1782   5.9011  14.0793
 62  10.9355   4.1016  15.0371   7.6558   5.7779  13.4336
 63  10.4191   4.0114  14.4305   7.1551   5.6511  12.8061
 64   9.9200   3.9197  13.8397   6.6763   5.5209  12.1972
 65   9.4383   3.8266  13.2648   6.2193   5.3878  11.6071
 66   8.9739   3.7322  12.7061   5.7841   5.2521  11.0362
 67   8.5268   3.6367  12.1636   5.3705   5.1140  10.4845
 68   8.0970   3.5404  11.6374   4.9783   4.9741   9.9524
 69   7.6843   3.4435  11.1278   4.6072   4.8325   9.4397
 70   7.2886   3.3461  10.6347   4.2568   4.6899   8.9467
 71   6.9097   3.2484  10.1581   3.9267   4.5464   8.4731
 72   6.5472   3.1507   9.6980   3.6164   4.4026   8.0190
 73   6.2010   3.0532   9.2543   3.3254   4.2587   7.5841
 74   5.8707   2.9561   8.8269   3.0530   4.1153   7.1682
 75   5.5560   2.8597   8.4156   2.7986   3.9726   6.7712
 76   5.2564   2.7640   8.0204   2.5615   3.8310   6.3925
 77   4.9716   2.6693   7.6409   2.3411   3.6909   6.0319
 78   4.7011   2.5758   7.2769   2.1365   3.5525   5.6890
 79   4.4445   2.4837   6.9281   1.9471   3.4162   5.3633
 80   4.2012   2.3931   6.5943   1.7721   3.2823   5.0543
 81   3.9709   2.3042   6.2751   1.6106   3.1509   4.7616
 82   3.7531   2.2171   5.9702   1.4620   3.0224   4.4845
 83   3.5471   2.1319   5.6791   1.3255   2.8970   4.2225
 84   3.3526   2.0489   5.4015   1.2003   2.7747   3.9751
 85   3.1691   1.9680   5.1370   1.0858   2.6559   3.7416
 86   2.9959   1.8893   4.8852   0.9811   2.5405   3.5216
 87   2.8327   1.8130   4.6457   0.8856   2.4288   3.3143
 88   2.6789   1.7390   4.4180   0.7986   2.3207   3.1193
 89   2.5341   1.6675   4.2017   0.7195   2.2164   2.9359
 90   2.3979   1.5984   3.9963   0.6477   2.1158   2.7636
