
# model  
#****** Result for:******
# EEMgali.txt
#IMaCh version 0.99r45, April 2023,INED-EUROREVES-Institut de longevite-Japan Society for the Promotion of Science (Grant-in-Aid for Scientific Research 25293121), Intel Software 2015-2020, Nihon University 2021-202, INED 2000-2022
#$Revision: 1.353 $ $Date: 2023/05/08 18:48:22 $
# Tue Feb 04 20:24:32 2025
# Total life expectancy with std error and decomposition into time to be expected in each health state
#  (weighted average of eij where weights are the age specific forward period (stable) prevalences in each health state 
# Age popbased mobilav e.. (std) e.1 (std) e.2 (std) 
   50 0 0  23.308 (  0.917)  18.098 (  0.780)   5.209 (  0.424)
   51 0 0  22.527 (  0.885)  17.370 (  0.751)   5.157 (  0.415)
   52 0 0  21.758 (  0.854)  16.655 (  0.723)   5.102 (  0.405)
   53 0 0  20.999 (  0.824)  15.954 (  0.696)   5.045 (  0.396)
   54 0 0  20.252 (  0.796)  15.266 (  0.670)   4.986 (  0.387)
   55 0 0  19.516 (  0.769)  14.593 (  0.645)   4.924 (  0.378)
   56 0 0  18.793 (  0.743)  13.934 (  0.622)   4.859 (  0.370)
   57 0 0  18.082 (  0.719)  13.290 (  0.600)   4.792 (  0.363)
   58 0 0  17.385 (  0.697)  12.662 (  0.579)   4.723 (  0.356)
   59 0 0  16.701 (  0.676)  12.050 (  0.560)   4.651 (  0.350)
   60 0 0  16.031 (  0.656)  11.454 (  0.543)   4.577 (  0.344)
   61 0 0  15.375 (  0.638)  10.875 (  0.527)   4.500 (  0.339)
   62 0 0  14.734 (  0.622)  10.313 (  0.513)   4.421 (  0.334)
   63 0 0  14.108 (  0.635)   9.768 (  0.519)   4.340 (  0.331)
   64 0 0  13.497 (  0.623)   9.241 (  0.508)   4.256 (  0.327)
   65 0 0  12.902 (  0.581)   8.731 (  0.478)   4.171 (  0.324)
   66 0 0  12.323 (  0.570)   8.239 (  0.469)   4.083 (  0.321)
   67 0 0  11.760 (  0.561)   7.766 (  0.461)   3.994 (  0.319)
   68 0 0  11.213 (  0.552)   7.310 (  0.454)   3.903 (  0.317)
   69 0 0  10.684 (  0.545)   6.873 (  0.447)   3.811 (  0.316)
   70 0 0  10.171 (  0.538)   6.454 (  0.441)   3.717 (  0.315)
   71 0 0   9.675 (  0.532)   6.053 (  0.436)   3.622 (  0.315)
   72 0 0   9.196 (  0.527)   5.670 (  0.430)   3.526 (  0.315)
   73 0 0   8.735 (  0.522)   5.305 (  0.425)   3.430 (  0.315)
   74 0 0   8.291 (  0.517)   4.958 (  0.420)   3.333 (  0.315)
   75 0 0   7.863 (  0.513)   4.628 (  0.414)   3.235 (  0.316)
   76 0 0   7.453 (  0.509)   4.315 (  0.409)   3.137 (  0.316)
   77 0 0   7.059 (  0.505)   4.019 (  0.403)   3.040 (  0.317)
   78 0 0   6.683 (  0.501)   3.740 (  0.397)   2.943 (  0.319)
   79 0 0   6.322 (  0.496)   3.476 (  0.390)   2.846 (  0.320)
   80 0 0   5.978 (  0.492)   3.228 (  0.383)   2.750 (  0.321)
   81 0 0   5.650 (  0.486)   2.994 (  0.375)   2.655 (  0.322)
   82 0 0   5.337 (  0.481)   2.776 (  0.368)   2.562 (  0.323)
   83 0 0   5.040 (  0.475)   2.571 (  0.359)   2.469 (  0.324)
   84 0 0   4.757 (  0.469)   2.379 (  0.351)   2.378 (  0.325)
   85 0 0   4.489 (  0.462)   2.200 (  0.342)   2.289 (  0.326)
   86 0 0   4.235 (  0.455)   2.034 (  0.333)   2.201 (  0.326)
   87 0 0   3.994 (  0.447)   1.878 (  0.324)   2.116 (  0.327)
   88 0 0   3.766 (  0.439)   1.734 (  0.314)   2.032 (  0.326)
   89 0 0   3.551 (  0.430)   1.600 (  0.305)   1.951 (  0.326)
   90 0 0   3.348 (  0.421)   1.476 (  0.296)   1.871 (  0.325)
