
#****** ******
# EEMgali.txt
#IMaCh version 0.99r45, April 2023,INED-EUROREVES-Institut de longevite-Japan Society for the Promotion of Science (Grant-in-Aid for Scientific Research 25293121), Intel Software 2015-2020, Nihon University 2021-202, INED 2000-2022
#$Revision: 1.353 $ $Date: 2023/05/08 18:48:22 $
# Tue Feb 04 20:24:32 2025
# Variance and covariance of health expectancies e.j 
#  (weighted average of eij where weights are the age specific period (stable) prevalences in each health state 
# Age Cov(e.1, e.1) Cov(e.1, e.2) Cov(e.2, e.1) Cov(e.2, e.2)
50  0.6089 0.0259 0.0259 0.1802
51  0.5641 0.0236 0.0236 0.1718
52  0.5225 0.0215 0.0215 0.1639
53  0.4840 0.0195 0.0195 0.1565
54  0.4485 0.0177 0.0177 0.1496
55  0.4161 0.0160 0.0160 0.1431
56  0.3865 0.0144 0.0144 0.1372
57  0.3597 0.0128 0.0128 0.1318
58  0.3356 0.0114 0.0114 0.1269
59  0.3141 0.0099 0.0099 0.1224
60  0.2949 0.0085 0.0085 0.1185
61  0.2779 0.0072 0.0072 0.1149
62  0.2630 0.0058 0.0058 0.1118
63  0.2692 0.0125 0.0125 0.1097
64  0.2584 0.0115 0.0115 0.1068
65  0.2286 0.0022 0.0022 0.1048
66  0.2200 0.0011 0.0011 0.1031
67  0.2124 0.0000 0.0000 0.1018
68  0.2059 -0.0009 -0.0009 0.1007
69  0.2000 -0.0017 -0.0017 0.0999
70  0.1947 -0.0024 -0.0024 0.0994
71  0.1898 -0.0029 -0.0029 0.0991
72  0.1852 -0.0034 -0.0034 0.0989
73  0.1807 -0.0037 -0.0037 0.0990
74  0.1763 -0.0039 -0.0039 0.0993
75  0.1718 -0.0040 -0.0040 0.0996
76  0.1671 -0.0041 -0.0041 0.1002
77  0.1623 -0.0041 -0.0041 0.1008
78  0.1573 -0.0041 -0.0041 0.1015
79  0.1521 -0.0040 -0.0040 0.1022
80  0.1466 -0.0040 -0.0040 0.1030
81  0.1409 -0.0041 -0.0041 0.1038
82  0.1351 -0.0041 -0.0041 0.1045
83  0.1291 -0.0043 -0.0043 0.1052
84  0.1231 -0.0046 -0.0046 0.1058
85  0.1170 -0.0049 -0.0049 0.1062
86  0.1109 -0.0054 -0.0054 0.1065
87  0.1048 -0.0059 -0.0059 0.1066
88  0.0989 -0.0066 -0.0066 0.1065
89  0.0931 -0.0073 -0.0073 0.1062
90  0.0875 -0.0081 -0.0081 0.1057
