# HRFgali.txt
#IMaCh version 0.99r45, April 2023,INED-EUROREVES-Institut de longevite-Japan Society for the Promotion of Science (Grant-in-Aid for Scientific Research 25293121), Intel Software 2015-2020, Nihon University 2021-202, INED 2000-2022
#$Revision: 1.353 $ $Date: 2023/05/08 18:48:22 $
# Tue Feb 04 20:24:32 2025
# Forward period (stable) prevalence. Precision given by ftolpl=0.0006 
#Age 1-1 2-2 
#************
#Age   1-1     2-2   Total Years_to_converge
50  0.91547 0.08458 1.000 23
51  0.91127 0.08878 1.000 23
52  0.90689 0.09316 1.000 22
53  0.90233 0.09772 1.000 22
54  0.89760 0.10245 1.000 22
55  0.89269 0.10737 1.000 21
56  0.88759 0.11247 1.000 21
57  0.88231 0.11776 1.000 20
58  0.87684 0.12322 1.000 20
59  0.87119 0.12888 1.000 20
60  0.86535 0.13472 1.000 19
61  0.85933 0.14075 1.000 19
62  0.85313 0.14694 1.000 19
63  0.84674 0.15333 1.000 18
64  0.84018 0.15990 1.000 18
65  0.83345 0.16665 1.000 17
66  0.82655 0.17356 1.000 17
67  0.81948 0.18061 1.000 17
68  0.81225 0.18785 1.000 16
69  0.80487 0.19524 1.000 16
70  0.79734 0.20278 1.000 15
71  0.78967 0.21043 1.000 15
72  0.78186 0.21825 1.000 15
73  0.77392 0.22620 1.000 14
74  0.76586 0.23427 1.000 14
75  0.75768 0.24243 1.000 14
76  0.74938 0.25074 1.000 13
77  0.74097 0.25916 1.000 13
78  0.73245 0.26770 1.000 12
79  0.72381 0.27631 1.000 12
80  0.71507 0.28508 1.000 12
81  0.70620 0.29396 1.000 11
82  0.69720 0.30293 1.000 11
83  0.68807 0.31208 1.000 11
84  0.67879 0.32138 1.000 10
85  0.66934 0.33080 1.000 10
86  0.65972 0.34045 1.000 10
87  0.64989 0.35031 1.000 9
88  0.63982 0.36034 1.000 9
89  0.62951 0.37068 1.000 9
90  0.61890 0.38125 1.000 9
