
#****** ******
# HRFgali.txt
#IMaCh version 0.99r45, April 2023,INED-EUROREVES-Institut de longevite-Japan Society for the Promotion of Science (Grant-in-Aid for Scientific Research 25293121), Intel Software 2015-2020, Nihon University 2021-202, INED 2000-2022
#$Revision: 1.353 $ $Date: 2023/05/08 18:48:22 $
# Tue Feb 04 20:24:32 2025
# Health expectancies with standard errors
# Age e11 (SE) e12 (SE) e1.  e21 (SE) e22 (SE) e2. 
 50   24.0127 (0.9511)    5.0604 (0.4707)   29.0731 (1.0280)   21.2672 (1.3447)    6.8542 (0.6829)   28.1215 (1.3898)
 51   23.1457 (0.9305)    4.9773 (0.4590)   28.1230 (1.0126)   20.3967 (1.3078)    6.7329 (0.6558)   27.1296 (1.3737)
 52   22.2875 (0.9097)    4.8911 (0.4475)   27.1786 (0.9963)   19.5355 (1.2704)    6.6076 (0.6300)   26.1432 (1.3554)
 53   21.4385 (0.8887)    4.8017 (0.4362)   26.2403 (0.9792)   18.6846 (1.2325)    6.4784 (0.6055)   25.1630 (1.3347)
 54   20.5995 (0.8676)    4.7093 (0.4253)   25.3087 (0.9613)   17.8446 (1.1940)    6.3452 (0.5821)   24.1899 (1.3116)
 55   19.7709 (0.8463)    4.6137 (0.4146)   24.3846 (0.9425)   17.0165 (1.1550)    6.2082 (0.5600)   23.2247 (1.2860)
 56   18.9534 (0.8250)    4.5151 (0.4042)   23.4685 (0.9229)   16.2009 (1.1155)    6.0674 (0.5390)   22.2683 (1.2581)
 57   18.1477 (0.8037)    4.4135 (0.3941)   22.5612 (0.9027)   15.3989 (1.0757)    5.9229 (0.5190)   21.3218 (1.2279)
 58   17.3544 (0.7824)    4.3090 (0.3843)   21.6634 (0.8818)   14.6114 (1.0356)    5.7749 (0.5000)   20.3863 (1.1954)
 59   16.5743 (0.7613)    4.2016 (0.3747)   20.7759 (0.8603)   13.8391 (0.9954)    5.6235 (0.4819)   19.4627 (1.1607)
 60   15.8080 (0.7403)    4.0915 (0.3654)   19.8995 (0.8384)   13.0832 (0.9551)    5.4690 (0.4645)   18.5522 (1.1242)
 61   15.0563 (0.7196)    3.9788 (0.3564)   19.0351 (0.8161)   12.3445 (0.9149)    5.3116 (0.4479)   17.6561 (1.0859)
 62   14.3198 (0.6991)    3.8636 (0.3476)   18.1834 (0.7935)   11.6240 (0.8749)    5.1515 (0.4318)   16.7755 (1.0461)
 63   13.5993 (0.6789)    3.7462 (0.3391)   17.3455 (0.7709)   10.9226 (0.8354)    4.9891 (0.4163)   15.9117 (1.0051)
 64   12.8956 (0.6590)    3.6267 (0.3309)   16.5222 (0.7482)   10.2413 (0.7965)    4.8247 (0.4013)   15.0660 (0.9633)
 65   12.2091 (0.6395)    3.5053 (0.3229)   15.7145 (0.7257)    9.5809 (0.7584)    4.6586 (0.3866)   14.2395 (0.9209)
 66   11.5408 (0.6205)    3.3824 (0.3151)   14.9232 (0.7035)    8.9423 (0.7213)    4.4913 (0.3724)   13.4336 (0.8785)
 67   10.8912 (0.6018)    3.2581 (0.3076)   14.1493 (0.6818)    8.3263 (0.6853)    4.3231 (0.3586)   12.6493 (0.8364)
 68   10.2610 (0.5835)    3.1328 (0.3004)   13.3937 (0.6607)    7.7335 (0.6506)    4.1545 (0.3452)   11.8880 (0.7950)
 69    9.6507 (0.5657)    3.0067 (0.2935)   12.6574 (0.6404)    7.1647 (0.6174)    3.9860 (0.3322)   11.1507 (0.7548)
 70    9.0608 (0.5484)    2.8802 (0.2869)   11.9410 (0.6210)    6.6205 (0.5858)    3.8180 (0.3197)   10.4385 (0.7162)
 71    8.4919 (0.5316)    2.7536 (0.2806)   11.2455 (0.6027)    6.1013 (0.5558)    3.6511 (0.3078)    9.7523 (0.6796)
 72    7.9444 (0.5153)    2.6273 (0.2746)   10.5717 (0.5857)    5.6074 (0.5276)    3.4856 (0.2964)    9.0930 (0.6453)
 73    7.4186 (0.4996)    2.5016 (0.2690)    9.9202 (0.5701)    5.1391 (0.5010)    3.3221 (0.2858)    8.4613 (0.6136)
 74    6.9148 (0.4845)    2.3768 (0.2637)    9.2916 (0.5560)    4.6966 (0.4761)    3.1612 (0.2759)    7.8578 (0.5846)
 75    6.4332 (0.4701)    2.2533 (0.2588)    8.6866 (0.5435)    4.2798 (0.4528)    3.0031 (0.2668)    7.2830 (0.5584)
 76    5.9740 (0.4564)    2.1316 (0.2543)    8.1056 (0.5329)    3.8887 (0.4310)    2.8485 (0.2586)    6.7372 (0.5350)
 77    5.5371 (0.4437)    2.0118 (0.2501)    7.5489 (0.5241)    3.5230 (0.4105)    2.6977 (0.2511)    6.2207 (0.5141)
 78    5.1226 (0.4318)    1.8944 (0.2463)    7.0170 (0.5171)    3.1823 (0.3911)    2.5511 (0.2445)    5.7333 (0.4956)
 79    4.7302 (0.4210)    1.7797 (0.2428)    6.5099 (0.5120)    2.8660 (0.3727)    2.4090 (0.2386)    5.2750 (0.4791)
 80    4.3598 (0.4112)    1.6679 (0.2397)    6.0277 (0.5087)    2.5736 (0.3552)    2.2719 (0.2333)    4.8455 (0.4642)
 81    4.0111 (0.4025)    1.5594 (0.2369)    5.5704 (0.5070)    2.3044 (0.3384)    2.1399 (0.2286)    4.4442 (0.4506)
 82    3.6836 (0.3949)    1.4544 (0.2343)    5.1380 (0.5068)    2.0574 (0.3220)    2.0133 (0.2244)    4.0706 (0.4377)
 83    3.3769 (0.3882)    1.3531 (0.2321)    4.7301 (0.5077)    1.8318 (0.3061)    1.8922 (0.2205)    3.7240 (0.4254)
 84    3.0906 (0.3822)    1.2558 (0.2300)    4.3464 (0.5094)    1.6265 (0.2905)    1.7769 (0.2168)    3.4033 (0.4132)
 85    2.8240 (0.3770)    1.1626 (0.2281)    3.9865 (0.5117)    1.4405 (0.2751)    1.6673 (0.2132)    3.1078 (0.4009)
 86    2.5764 (0.3721)    1.0736 (0.2262)    3.6500 (0.5140)    1.2726 (0.2599)    1.5636 (0.2096)    2.8362 (0.3884)
 87    2.3471 (0.3674)    0.9890 (0.2244)    3.3361 (0.5159)    1.1217 (0.2450)    1.4656 (0.2059)    2.5874 (0.3756)
 88    2.1355 (0.3626)    0.9088 (0.2225)    3.0443 (0.5172)    0.9867 (0.2302)    1.3735 (0.2022)    2.3601 (0.3624)
 89    1.9408 (0.3575)    0.8330 (0.2205)    2.7738 (0.5173)    0.8663 (0.2156)    1.2869 (0.1983)    2.1532 (0.3489)
 90    1.7621 (0.3517)    0.7617 (0.2182)    2.5238 (0.5160)    0.7593 (0.2014)    1.2059 (0.1942)    1.9653 (0.3351)
