
#****** ******
# HRFgali.txt
#IMaCh version 0.99r45, April 2023,INED-EUROREVES-Institut de longevite-Japan Society for the Promotion of Science (Grant-in-Aid for Scientific Research 25293121), Intel Software 2015-2020, Nihon University 2021-202, INED 2000-2022
#$Revision: 1.353 $ $Date: 2023/05/08 18:48:22 $
# Tue Feb 04 20:24:32 2025
# Variance and covariance of health expectancies e.j 
#  (weighted average of eij where weights are the age specific period (stable) prevalences in each health state 
# Age Cov(e.1, e.1) Cov(e.1, e.2) Cov(e.2, e.1) Cov(e.2, e.2)
50  1.0003 -0.0708 -0.0708 0.2561
51  0.9594 -0.0598 -0.0598 0.2424
52  0.9176 -0.0487 -0.0487 0.2300
53  0.8761 -0.0388 -0.0388 0.2182
54  0.8350 -0.0300 -0.0300 0.2069
55  0.7942 -0.0225 -0.0225 0.1962
56  0.7540 -0.0160 -0.0160 0.1859
57  0.7145 -0.0107 -0.0107 0.1762
58  0.6760 -0.0066 -0.0066 0.1670
59  0.6384 -0.0034 -0.0034 0.1583
60  0.6019 -0.0012 -0.0012 0.1501
61  0.5667 0.0002 0.0002 0.1423
62  0.5329 0.0007 0.0007 0.1349
63  0.5004 0.0007 0.0007 0.1279
64  0.4695 0.0001 0.0001 0.1213
65  0.4401 -0.0008 -0.0008 0.1151
66  0.4123 -0.0020 -0.0020 0.1092
67  0.3861 -0.0034 -0.0034 0.1037
68  0.3615 -0.0047 -0.0047 0.0986
69  0.3384 -0.0059 -0.0059 0.0938
70  0.3169 -0.0069 -0.0069 0.0893
71  0.2968 -0.0076 -0.0076 0.0851
72  0.2781 -0.0080 -0.0080 0.0812
73  0.2606 -0.0080 -0.0080 0.0777
74  0.2444 -0.0075 -0.0075 0.0744
75  0.2294 -0.0066 -0.0066 0.0715
76  0.2154 -0.0054 -0.0054 0.0688
77  0.2024 -0.0037 -0.0037 0.0663
78  0.1903 -0.0018 -0.0018 0.0641
79  0.1791 0.0004 0.0004 0.0621
80  0.1686 0.0027 0.0027 0.0602
81  0.1590 0.0051 0.0051 0.0585
82  0.1499 0.0076 0.0076 0.0569
83  0.1415 0.0099 0.0099 0.0553
84  0.1336 0.0120 0.0120 0.0537
85  0.1261 0.0139 0.0139 0.0520
86  0.1190 0.0155 0.0155 0.0504
87  0.1121 0.0168 0.0168 0.0486
88  0.1055 0.0176 0.0176 0.0467
89  0.0991 0.0180 0.0180 0.0447
90  0.0928 0.0179 0.0179 0.0426
