
#****** ******
# HRFgali.txt
#IMaCh version 0.99r45, April 2023,INED-EUROREVES-Institut de longevite-Japan Society for the Promotion of Science (Grant-in-Aid for Scientific Research 25293121), Intel Software 2015-2020, Nihon University 2021-202, INED 2000-2022
#$Revision: 1.353 $ $Date: 2023/05/08 18:48:22 $
# Tue Feb 04 20:24:32 2025
# Standard deviation of period (forward stable) prevalences 
# Age  Result#  1-1 2-2
50 1  0.91547 (0.02175) 0.08458 (0.02245)
51 1  0.91127 (0.02187) 0.08878 (0.02193)
52 1  0.90689 (0.02193) 0.09316 (0.02200)
53 1  0.90233 (0.02195) 0.09772 (0.02202)
54 1  0.89760 (0.02193) 0.10245 (0.02199)
55 1  0.89269 (0.02185) 0.10737 (0.02192)
56 1  0.88759 (0.02174) 0.11247 (0.02180)
57 1  0.88231 (0.02157) 0.11776 (0.02164)
58 1  0.87684 (0.02137) 0.12322 (0.02143)
59 1  0.87119 (0.02112) 0.12888 (0.02118)
60 1  0.86535 (0.02083) 0.13472 (0.02089)
61 1  0.85933 (0.02051) 0.14075 (0.02057)
62 1  0.85312 (0.02016) 0.14695 (0.02021)
63 1  0.84674 (0.01980) 0.15334 (0.01985)
64 1  0.84018 (0.01943) 0.15991 (0.01948)
65 1  0.83344 (0.01907) 0.16665 (0.01912)
66 1  0.82654 (0.01873) 0.17356 (0.01878)
67 1  0.81947 (0.01844) 0.18062 (0.01849)
68 1  0.81224 (0.01823) 0.18786 (0.01827)
69 1  0.80486 (0.01810) 0.19525 (0.01814)
70 1  0.79733 (0.01809) 0.20279 (0.01814)
71 1  0.78966 (0.01823) 0.21044 (0.01827)
72 1  0.78185 (0.01854) 0.21826 (0.01857)
73 1  0.77391 (0.01902) 0.22621 (0.01905)
74 1  0.76585 (0.01969) 0.23428 (0.01973)
75 1  0.75766 (0.02056) 0.24245 (0.02059)
76 1  0.74936 (0.02162) 0.25076 (0.02164)
77 1  0.74095 (0.02286) 0.25918 (0.02288)
78 1  0.73243 (0.02427) 0.26772 (0.02429)
79 1  0.72379 (0.02584) 0.27634 (0.02586)
80 1  0.71504 (0.02757) 0.28510 (0.02758)
81 1  0.70617 (0.02942) 0.29399 (0.02944)
82 1  0.69716 (0.03141) 0.30297 (0.03142)
83 1  0.68803 (0.03352) 0.31212 (0.03353)
84 1  0.67875 (0.03575) 0.32142 (0.03576)
85 1  0.66930 (0.03810) 0.33084 (0.03810)
86 1  0.65967 (0.04057) 0.34049 (0.04057)
87 1  0.64984 (0.04317) 0.35035 (0.04317)
88 1  0.63977 (0.04591) 0.36039 (0.04592)
89 1  0.62946 (0.04882) 0.37074 (0.04883)
90 1  0.61884 (0.05193) 0.38131 (0.05193)
