# Powell
# iter -2*LL p12 p13 p21 p23
1 1 14963.991486276978 1 0.000000000000 0.000000000000 0.000000000000 0.000000000000 0.000000000000 0.000000000000 0.000000000000 0.000000000000
2 2 3930.899582840904 1 8.046640201963 -0.000232747699 -0.332100278692 0.000443683757 3.144188509495 -0.000974682521 -1.328509906616 0.002636443470
3 2 3635.410699990375 2 4.409481438504 -0.002294772506 -1.305966271977 0.004400872370 2.564541026439 -0.002187769255 -2.536773188633 0.005926473266
4 3 3301.386245534957 3 3.751858349978 -0.011498825183 -3.299312190885 0.020591879080 0.255342109436 -0.009993222976 -6.064963665881 0.018709910180
5 3 3294.074865163211 4 3.620197403857 -0.013542483907 -3.329555867608 0.024046187854 0.322837304516 -0.012343606104 -5.995300164053 0.019266318514
6 4 3158.688996079548 5 14.753538042032 -0.075996598332 -6.483223224703 0.122630656003 4.975735167044 -0.071173227216 -4.400746458947 0.011023468226
7 4 3096.707340982862 6 19.284861228898 -0.107647206654 -8.360759731207 0.172403192577 6.656648943082 -0.100095392726 -4.259429667905 0.005248263893
8 5 3061.813691596939 7 23.694025073154 -0.146201277655 -10.660807233513 0.233396135550 9.052865099484 -0.135843548733 -4.123615985509 -0.003352738742
9 5 3060.145791629189 8 22.348308208979 -0.139788115337 -10.330844199262 0.223415788459 8.643794582835 -0.130029015916 -4.286587381539 -0.002290970734
10 6 3059.601472790238 8 21.781976179554 -0.136740668363 -10.176485187112 0.218847208064 8.518129012963 -0.127520162436 -4.386316641674 -0.001347456959
11 6 3059.229896841628 8 21.376439807335 -0.133863406737 -10.032798551781 0.214748459317 8.399642726831 -0.125467202609 -4.505841075536 0.000457959117
12 7 3058.785161380851 9 21.287733823985 -0.133113646304 -10.010230541076 0.213932691016 8.386342238139 -0.125276089715 -4.596286584355 0.001090081851
13 7 3057.759542950047 10 21.136004403251 -0.130596442931 -9.931249962096 0.212219274524 8.460188643460 -0.126171332987 -4.990293232594 0.005104358969
14 8 3056.872521799224 10 21.378821252803 -0.131460465787 -9.975445778217 0.214366228097 8.566372808025 -0.128152240323 -5.044407788426 0.006003037817
15 8 3040.779177379955 11 19.436927789069 -0.101442728086 -8.342415316009 0.194559037418 9.479262115497 -0.141273757182 -8.167802165974 0.052722984903
16 9 3034.829496041129 12 17.649132113158 -0.081124975804 -7.337658652323 0.172980329188 9.052548166048 -0.136415508532 -9.436954434160 0.068781232776
17 9 3031.927440783420 13 14.611087875288 -0.058025026155 -5.543862451252 0.136915395072 8.613993498280 -0.131045364350 -11.846776978033 0.097733100941
18 10 3030.646756598008 13 11.621561890372 -0.040052275132 -3.806197045948 0.102113447560 8.171274942995 -0.124987246308 -13.953286522691 0.122320475817
19 10 3028.759070939778 14 11.224155454494 -0.042531488403 -3.653962446476 0.100165257247 8.341015208772 -0.126945254178 -14.413535268369 0.126558793172
20 11 3027.392538724553 15 10.763830138389 -0.036372243839 -3.362360812411 0.098678990550 8.867900802191 -0.134141944865 -15.531061631688 0.138159834421
21 11 3027.108869082361 16 10.736569740528 -0.033729302174 -3.291256707776 0.098628824916 9.000466012632 -0.135956504418 -15.746309892961 0.141285603380
22 12 3027.075558592846 17 10.702364647229 -0.032971496987 -3.242590515391 0.098341510347 9.056665180498 -0.136809397057 -15.863529332494 0.142900365159
23 12 3027.066911475956 18 10.713387909685 -0.033054356369 -3.238326769749 0.098453998658 9.066238753390 -0.137020414819 -15.862710524643 0.142917030955
24 13 3027.052611357134 18 10.759773912013 -0.033224288529 -3.241724166527 0.099080814118 9.109523407590 -0.137668591699 -15.838882594802 0.142673332271
25 13 3027.007645566348 19 10.875330210568 -0.033576346280 -3.255823726792 0.100631107405 9.190462024802 -0.138840125509 -15.667104324833 0.140613761595
26 14 3026.897789332251 20 11.027107559201 -0.033424812630 -3.235503329956 0.102348291033 9.253875756757 -0.139757095203 -15.139866468714 0.134278249790
27 14 3026.757492429444 21 10.972457533725 -0.031930029793 -3.135457518068 0.101148264107 9.205411235837 -0.139132405787 -14.846883710309 0.130934703889
28 15 3026.493298965954 22 10.719751208604 -0.024415037245 -2.692703098722 0.096647188345 9.138315293027 -0.138393800292 -13.877260679356 0.120207035365
29 15 3026.410811224778 22 10.596868030886 -0.022580574021 -2.663760033465 0.095431093920 9.135868729208 -0.138253767092 -13.815929603142 0.119608655139
30 16 3026.365163492739 23 10.568511935689 -0.020792858000 -2.670220103702 0.095655537411 9.199577466782 -0.138993328771 -13.530750007876 0.116409491198
31 16 3026.364329698733 24 10.569243916968 -0.020905586935 -2.680377919728 0.095669796740 9.191102922233 -0.138864370667 -13.539480957880 0.116544285330
32 17 3026.364309072151 25 10.569913938954 -0.020939727828 -2.683001057152 0.095690143237 9.190519388497 -0.138853840807 -13.544468912249 0.116604490923
33 17 3026.364307600207 27 10.570343824810 -0.020951558820 -2.683829108344 0.095697939837 9.190342220238 -0.138850772653 -13.545391948600 0.116615662082
34 18 3026.364307349728 28 10.570580741757 -0.020958398157 -2.684303836147 0.095701752521 9.190216786027 -0.138848725274 -13.545686642489 0.116619401983
35 18 3026.364307216340 29 10.570617512509 -0.020962346339 -2.684518238577 0.095702158043 9.190134938524 -0.138847560445 -13.545920485873 0.116622184828
36 19 3026.364307079927 31 10.570709226812 -0.020963785458 -2.684649214512 0.095703221576 9.190182074275 -0.138848086303 -13.545653020258 0.116619040462
37 19 3026.364302319551 32 10.570934911700 -0.021040967613 -2.686232863046 0.095650211777 9.190030660560 -0.138846704340 -13.542066652487 0.116576658891
38 20 3026.364291543007 33 10.568744955686 -0.021199454701 -2.688885504756 0.095496882299 9.189560740436 -0.138841297008 -13.539370280650 0.116544996930
39 20 3026.364225170622 34 10.548111933967 -0.022361518598 -2.709236973197 0.094326422288 9.186771265150 -0.138807235268 -13.531679597630 0.116456103172
40 21 3025.564641183463 36 9.281433446122 -0.088773888876 -3.912419287917 0.026829957766 9.076411374208 -0.137430506212 -13.331722935272 0.114198827449
41 21 3024.158181586345 36 9.476165916919 -0.097850018811 -4.017340464680 0.023142053239 9.379917621539 -0.142261047464 -13.833307735152 0.120129798343
42 22 3019.582504070910 37 10.650836771241 -0.130305611227 -4.379292337842 0.015700826795 10.470662216056 -0.159849429815 -15.084295771080 0.134282039586
43 22 3014.420025787721 38 11.458783298479 -0.144164546525 -4.573336930113 0.015619599533 11.321464110783 -0.172894405546 -14.826143163682 0.131325748685
44 23 3005.229065043129 39 13.740491499039 -0.181749881370 -4.910883606167 0.013504994447 13.821559007929 -0.211452642036 -14.027914329218 0.122614854556
45 23 3004.417904401579 39 13.904494279885 -0.181863313715 -4.864197214039 0.011578764656 13.966005127138 -0.213656183083 -13.343057841390 0.114646596570
46 24 2997.583412568240 -20 15.147601788828 -0.201042899567 -4.071382277256 -0.005281137882 13.559538146690 -0.211279985216 -11.813745704358 0.095390905621
47 24 2996.258782105112 -19 14.897430112836 -0.198402353629 -3.770524335708 -0.009527389220 13.528694135937 -0.211052318602 -11.940875175316 0.097416421321
48 25 2993.888145246173 -18 13.866755659448 -0.186621607296 -2.442154491864 -0.030162078257 13.484722583588 -0.211324893213 -12.276323367777 0.103241794071
49 25 2993.514811238574 -18 13.798595370029 -0.185715626501 -2.252053941369 -0.033630982335 13.550697348433 -0.212479590376 -12.240636304434 0.102808077548
50 26 2989.473223005015 -17 12.518979663597 -0.174068961751 0.150370840237 -0.070072161206 14.586121384829 -0.229797392230 -12.968443163362 0.110935244729
51 26 2988.997791795246 -16 12.466231739861 -0.173504298411 0.429515491529 -0.076691317219 14.739325090362 -0.232403252936 -13.033458843329 0.111446796961
52 27 2988.929239852773 -16 12.434401483398 -0.172977495943 0.513972575545 -0.078201691765 14.761853508989 -0.232828473118 -13.072001943519 0.111773353289
53 27 2988.910421812307 -15 12.441808341718 -0.173015574068 0.545521087094 -0.078609871507 14.788608235450 -0.233293977075 -13.129953656853 0.112364839823
54 28 2988.898106541815 -14 12.473034086226 -0.173402724186 0.486419420756 -0.077433557778 14.778609884577 -0.233119362091 -13.192582973623 0.113025446083
55 28 2988.884071514156 -13 12.529352191298 -0.174043391749 0.366785094612 -0.074604217287 14.744092119682 -0.232536872674 -13.291253462822 0.114133147506
56 29 2988.870740454256 -13 12.548977798647 -0.174287633967 0.315623266671 -0.073354172228 14.718101803254 -0.232123718422 -13.323819722724 0.114584924334
57 29 2988.856874314775 -12 12.575575952932 -0.174721995596 0.290925028736 -0.072801825905 14.703470753035 -0.231970366837 -13.451551847732 0.116215062127
58 30 2988.855546928647 -11 12.567357741202 -0.174618729329 0.313494746367 -0.073271829401 14.716395415930 -0.232186650157 -13.465197767934 0.116370269715
59 30 2988.854486376396 -10 12.575308892398 -0.174716217907 0.312667788322 -0.073215836278 14.734691189977 -0.232468018739 -13.474950757438 0.116486787916
60 31 2988.852112446562 -10 12.592779052477 -0.174958925646 0.294279382049 -0.072870332076 14.757209995222 -0.232801323024 -13.481140627681 0.116562828519
61 31 2988.848627187902 -9 12.585688628761 -0.174856471895 0.299953111356 -0.072978714488 14.776172517095 -0.233106541096 -13.496994988632 0.116751803044
62 32 2988.833411395267 -8 12.522580560732 -0.173975630485 0.323641067318 -0.073531270089 14.784446678857 -0.233307349215 -13.532984370469 0.117173870388
63 32 2988.784602393403 -8 12.349167332479 -0.171634848759 0.327332413504 -0.074135013459 14.720998380082 -0.232508718146 -13.561692587259 0.117491954468
64 33 2988.661650113165 -7 12.110524308470 -0.168733706438 0.124236441347 -0.071843211434 14.832829149042 -0.234523034043 -13.635276473543 0.118343733295
65 33 2988.307968381999 -6 11.668494054288 -0.163700654227 -0.788307311815 -0.059185523040 15.066444149647 -0.238668445722 -13.746355102141 0.119623211181
66 34 2987.811360828636 -5 11.740446112046 -0.165405094792 -1.729188614809 -0.044778436047 15.260852724710 -0.241609211424 -13.686623178836 0.118917530262
67 34 2987.591047709874 -5 11.744825011020 -0.166081423006 -2.811920831428 -0.029123164963 15.317022687570 -0.242515758030 -13.525700096600 0.116980207109
68 35 2987.505844558645 -4 11.700390544781 -0.165495640315 -3.174419225608 -0.024330718006 15.199218191060 -0.240842107780 -13.385583569698 0.115320322841
69 35 2987.471669204730 -3 11.587962310369 -0.164158078082 -3.356871338391 -0.022370265871 15.156246920897 -0.240345400703 -13.286212332514 0.114175336921
70 36 2987.409945656358 -2 11.380444577692 -0.161460403111 -3.303042624655 -0.023554347095 15.022956265424 -0.238568187895 -13.255005289489 0.113854225666
71 36 2987.387531458242 -2 11.402349832912 -0.161619296807 -3.150023099077 -0.025249481548 14.976207677313 -0.237805189853 -13.354341816546 0.114996569775
72 37 2987.382183791780 -1 11.410525535079 -0.161656942659 -3.115264587196 -0.025671757282 14.950435012120 -0.237392150619 -13.386136193195 0.115344152717
73 37 2987.381145678569 0 11.411117009910 -0.161636367154 -3.103280241032 -0.025844523898 14.941024179658 -0.237242775645 -13.397540440117 0.115464938849
74 38 2987.380959456120 1 11.411157218707 -0.161624631994 -3.097099565773 -0.025934327573 14.937277561519 -0.237183437317 -13.402243163488 0.115514754708
75 38 2987.380925300167 2 11.411170733754 -0.161619406281 -3.093926558158 -0.025979558731 14.935718565452 -0.237158802707 -13.404316321791 0.115536951769
76 39 2987.380918795958 3 11.411179888650 -0.161617125002 -3.092356338937 -0.026001662471 14.935057545784 -0.237148382890 -13.405241940383 0.115546955188
77 39 2987.380917519954 4 11.411181306095 -0.161616070615 -3.091598055439 -0.026012254721 14.934773264224 -0.237143915868 -13.405659515997 0.115551505483
78 40 2987.380917197917 5 11.411182526574 -0.161615204498 -3.090935327850 -0.026021445708 14.934548327592 -0.237140387746 -13.406005848591 0.115555302931
79 40 2987.380917197736 6 11.411181971529 -0.161615187794 -3.090927002958 -0.026021538326 14.934545827192 -0.237140349964 -13.406004778647 0.115555294945
80 41 2987.380917197582 8 11.411181642480 -0.161615192922 -3.090910954259 -0.026021757427 14.934551202370 -0.237140441751 -13.406007860417 0.115555337760
81 41 2987.380917197578 9 11.411181586818 -0.161615192021 -3.090910913100 -0.026021758422 14.934551244702 -0.237140442249 -13.406007598227 0.115555334404
