# Powell
# iter -2*LL p12 p13 p21 p23
1 1 991.420032767881 0 -8.757716900000 0.085625700000 -10.573586500000 0.103137000000 3.537669600000 -0.053427300000 -7.132157100000 0.085954000000
2 2 919.766601291274 0 -9.182993451320 0.085546388824 -11.677007265174 0.102826804422 2.890763526252 -0.052846160011 -8.034269309323 0.085771208267
3 2 916.621719866963 0 -9.287723403574 0.085452442647 -11.488657307588 0.102620826513 2.623692562247 -0.052697297295 -8.115470418839 0.085655600858
4 3 916.483401982158 0 -9.332072349124 0.085367066709 -11.470265381320 0.102427811285 2.589584101112 -0.052583578114 -8.117759520678 0.085550089340
5 3 916.391997107924 0 -9.309834141405 0.084549407931 -11.322475365237 0.100567268310 2.491256458882 -0.051523780967 -8.041410128236 0.084530662726
6 4 916.253778071283 0 -9.219140624936 0.083218556149 -11.100104191923 0.097613040710 2.367621200100 -0.049812239160 -7.908253334996 0.083075322149
7 4 916.099944936332 0 -9.100908724720 0.081936353737 -10.789977780526 0.093409432072 2.210562127592 -0.047365833064 -7.709989008538 0.080859964668
8 5 916.062766971635 0 -9.087930103999 0.082114893479 -10.800235630087 0.093467566749 2.229459231521 -0.047422811356 -7.705443730271 0.080741730663
9 5 916.061382239056 0 -9.085704936535 0.082044159492 -10.794102266188 0.093373149816 2.233153309303 -0.047499434648 -7.696615225698 0.080549047333
10 6 916.058958508859 0 -9.078106880314 0.081910140369 -10.784863953380 0.093251339651 2.249179290047 -0.047751129475 -7.671205401556 0.080177504586
11 6 916.051301094080 0 -9.051246698088 0.081522727868 -10.767281933284 0.093043436249 2.316565341211 -0.048742562798 -7.577345483861 0.078980211119
12 7 916.045446473164 0 -9.043611891956 0.081473455157 -10.780726751261 0.093213956373 2.355805314977 -0.049253303025 -7.544831462736 0.078681041177
13 7 916.044415552787 0 -9.041341487408 0.081468507079 -10.794995488188 0.093359938250 2.382500992891 -0.049587578717 -7.532570419167 0.078561873196
14 8 916.044406267946 0 -9.040696600371 0.081464904405 -10.793686575762 0.093345026488 2.382140948111 -0.049582412290 -7.531265871684 0.078547589003
15 8 916.044404660492 0 -9.040253001716 0.081457318138 -10.793726006195 0.093345888594 2.383197028489 -0.049598155516 -7.530064901879 0.078531732319
16 9 916.044401080428 0 -9.039715931354 0.081448039248 -10.793569891664 0.093345408343 2.383121106149 -0.049598971764 -7.529672610694 0.078525055543
17 9 916.044395956793 1 -9.038837341154 0.081434516875 -10.793579859650 0.093347596145 2.382944658936 -0.049598585526 -7.529174954040 0.078517522988
18 10 916.044374817097 1 -9.036398697584 0.081398844317 -10.795112574123 0.093372141845 2.380656566257 -0.049569779604 -7.530563610089 0.078533082441
19 10 916.044349331575 1 -9.035848689771 0.081393888043 -10.797417276262 0.093400478465 2.378867544544 -0.049541167698 -7.533624666062 0.078573418844
20 11 916.044328758480 1 -9.032968029953 0.081359483588 -10.801092711857 0.093445707728 2.379372526102 -0.049543068026 -7.534270013508 0.078583600750
21 11 916.044325318440 1 -9.032163997773 0.081347682837 -10.801202015248 0.093447210958 2.380837495662 -0.049563949447 -7.532534292709 0.078561750093
22 12 916.044325002061 1 -9.032027513748 0.081345988767 -10.801155288111 0.093446743786 2.381127733875 -0.049568266317 -7.532165823035 0.078557068416
23 12 916.044324833682 1 -9.032007808052 0.081346201841 -10.801019807965 0.093444995922 2.381477794181 -0.049573356271 -7.531782393200 0.078552287505
24 13 916.044324815310 1 -9.031997894622 0.081346041544 -10.801023159393 0.093445022341 2.381501742376 -0.049573679931 -7.531772902448 0.078552171222
25 13 916.044323774766 1 -9.032067203405 0.081345706733 -10.800049092993 0.093432201907 2.382164077467 -0.049583255006 -7.532386632217 0.078559425660
26 14 916.044323070253 1 -9.032009679847 0.081345504522 -10.799787141510 0.093428731392 2.382142393328 -0.049582787233 -7.533081227074 0.078568071282
27 14 916.044322742582 1 -9.031738330208 0.081342352375 -10.799636109201 0.093426710434 2.382207195857 -0.049583801380 -7.533858475513 0.078577660862
28 15 916.044322732967 1 -9.031692075061 0.081341683923 -10.799672669140 0.093427224834 2.382231713919 -0.049584203161 -7.533826786145 0.078577242879
29 15 916.044322728965 1 -9.031633066638 0.081340840812 -10.799712604550 0.093427770097 2.382263579990 -0.049584661996 -7.533788879671 0.078576756341
30 16 916.044322728954 1 -9.031632884478 0.081340841692 -10.799715164640 0.093427803792 2.382262215279 -0.049584636830 -7.533787266636 0.078576737274
