# Powell
# iter -2*LL p12 p13 p21 p23
1 1 18884.432169285268 0 0.000000000000 0.000000000000 0.000000000000 0.000000000000 0.000000000000 0.000000000000 0.000000000000 0.000000000000
2 2 4997.989166605088 2 34.965504498888 0.844763574212 0.844763574212 0.522283993683 2.659144881833 -0.000776162102 -1.104009580963 0.002122042744
3 2 4594.945737222351 3 35.531982097136 2.693416654723 1.834289710361 3.046282008042 2.626175276724 -0.009607919284 -1.800824764564 -0.015940202249
4 3 4582.038803945203 4 35.464573688223 2.692182695073 1.887284518513 3.044530827149 2.620365961798 -0.012070018227 -2.081373399900 -0.017016020400
5 3 4576.875700300995 5 35.296188993836 2.692571508817 2.110730150588 3.040696250460 2.613653187193 -0.014056309644 -2.722218679675 -0.010983259567
6 4 4568.063154576915 7 34.938668714314 2.695803438976 2.643572733900 3.033016470205 2.604977362997 -0.015387211264 -3.964005785477 0.006493243153
7 4 4561.879282779713 9 34.841486156706 2.699256684909 2.854587934052 3.031357431647 2.608457909908 -0.015441485046 -4.313947594020 0.014915000920
8 5 4544.366627183703 11 33.945026995072 2.715211021883 4.116091823372 3.018466317288 2.614357073292 -0.014590580519 -6.213030524199 0.048372360550
9 5 4533.624324521378 13 33.551657672548 2.720103388544 4.699896045997 3.010923223051 2.609170954323 -0.014210735558 -7.016097810614 0.058836194190
10 6 4509.487315323134 15 31.033340786873 2.744350555441 7.765246013824 2.970416724417 2.577377687091 -0.010778465454 -10.778240146692 0.107465458819
11 6 4508.271067338722 17 30.630527602179 2.745445312136 8.091384824147 2.965166214732 2.569274783397 -0.010597824807 -11.117719826764 0.110709324061
12 7 4504.934363169060 19 28.426180091355 2.756631506607 10.434319087810 2.929520206426 2.521561680487 -0.009579088243 -13.587419727342 0.138021560528
13 7 4501.789037383629 21 27.528404365054 2.765766857185 11.759036175639 2.911106792336 2.503435200204 -0.008997872308 -15.200881746691 0.157961774161
14 8 4500.242288683400 22 26.891453897115 2.770984849235 12.849678585432 2.894316391644 2.480835597579 -0.008967377544 -16.349560913339 0.171092667237
15 8 4499.708127046197 23 27.000676587465 2.769088100884 12.765675440581 2.894558868247 2.477641927181 -0.009077783822 -16.133206075045 0.168063938214
16 9 4498.735959439985 24 27.117938224296 2.762114148006 12.703263635594 2.891146056774 2.458277474417 -0.009080349815 -15.449587286730 0.157699634630
17 9 4498.629064908429 25 27.162304560544 2.761535706596 12.684418407815 2.891139441158 2.457427223600 -0.009074970102 -15.365427070356 0.156646171446
18 10 4494.192651139147 26 28.279236682073 2.735468619578 13.507217813403 2.866651529113 2.400573728576 -0.008440775106 -12.442342068198 0.124132945923
19 10 4494.012454258334 27 28.118596372598 2.736021075783 13.794377770187 2.861971862693 2.394176764132 -0.008081983995 -12.534095992819 0.125350505648
20 11 4494.009744684958 28 28.107739182553 2.735883447457 13.823668708741 2.861326651585 2.392767403009 -0.008070995526 -12.530099204107 0.125240085273
21 11 4494.009695875497 29 28.107537712456 2.735856708319 13.825451814205 2.861273503923 2.392621580076 -0.008069118070 -12.527706429007 0.125202276210
22 12 4494.009677669428 31 28.108320546168 2.735817950030 13.826386790249 2.861231776543 2.392484511366 -0.008068101334 -12.525448675042 0.125167346701
23 12 4494.009646213467 33 28.109964728528 2.735760227283 13.827784957459 2.861175963663 2.392311157048 -0.008066294683 -12.523254643475 0.125136079819
24 13 4494.009395838123 36 28.123916519998 2.735298754351 13.840415521397 2.860725894827 2.390978409266 -0.008049917633 -12.513476419523 0.124999420595
25 13 4494.007964389241 38 28.193493078705 2.733085581598 13.905613673677 2.858557045294 2.384758409913 -0.007964721180 -12.494192750672 0.124741335700
26 14 4494.000974017670 40 28.523235411833 2.722737885410 14.221557320371 2.848367308391 2.355949654113 -0.007550205420 -12.474767419633 0.124516664484
27 14 4493.991161880844 42 28.752241086655 2.715649932987 14.446846889353 2.841343693051 2.336395267683 -0.007252709423 -12.523169757044 0.125204581625
28 15 4493.987368298001 44 29.005850701880 2.707787137024 14.696332294155 2.833551683187 2.314653328129 -0.006921997115 -12.584287303818 0.126048714967
29 15 4493.987368222811 -14 29.006061930917 2.707780922303 14.696451392978 2.833546526106 2.314635830804 -0.006921804471 -12.584451690895 0.126050381166
30 16 4493.987368219249 -11 29.005963731708 2.707784011055 14.696340341812 2.833549849528 2.314644461440 -0.006921933763 -12.584476164429 0.126050583279
31 16 4493.987368218877 -7 29.005951143957 2.707784415383 14.696323086085 2.833550353700 2.314645607192 -0.006921953672 -12.584474193964 0.126050533428
32 17 4493.987368218836 -4 29.005975876681 2.707783620118 14.696348358046 2.833549551587 2.314643358003 -0.006921920721 -12.584472777405 0.126050515984
