# HRMchr.txt
#IMaCh version 0.99r45, April 2023,INED-EUROREVES-Institut de longevite-Japan Society for the Promotion of Science (Grant-in-Aid for Scientific Research 25293121), Intel Software 2015-2020, Nihon University 2021-202, INED 2000-2022
#$Revision: 1.353 $ $Date: 2023/05/08 18:48:22 $
# Tue Feb 04 22:21:37 2025

#****** ******
# (a) Life expectancies by health status at initial age and (b) health expectancies by health status at initial age
# Age e11  e12  e1.  e21  e22  e2. 
 50   5.8893  18.3467  24.2361   4.1605  20.0222  24.1827
 51   5.6859  17.7072  23.3931   3.9380  19.3762  23.3143
 52   5.4893  17.0724  22.5617   3.7226  18.7324  22.4550
 53   5.2997  16.4431  21.7428   3.5141  18.0913  21.6054
 54   5.1170  15.8200  20.9370   3.3126  17.4537  20.7663
 55   4.9410  15.2041  20.1451   3.1181  16.8202  19.9383
 56   4.7720  14.5960  19.3679   2.9305  16.1916  19.1221
 57   4.6097  13.9966  18.6062   2.7500  15.5686  18.3186
 58   4.4541  13.4067  17.8608   2.5764  14.9520  17.5284
 59   4.3052  12.8272  17.1324   2.4097  14.3426  16.7523
 60   4.1629  12.2589  16.4218   2.2500  13.7412  15.9912
 61   4.0271  11.7026  15.7297   2.0971  13.1487  15.2458
 62   3.8977  11.1591  15.0568   1.9511  12.5658  14.5169
 63   3.7747  10.6290  14.4037   1.8118  11.9935  13.8053
 64   3.6578  10.1133  13.7711   1.6792  11.4325  13.1117
 65   3.5470   9.6125  13.1595   1.5532  10.8837  12.4370
 66   3.4422   9.1272  12.5694   1.4338  10.3479  11.7817
 67   3.3431   8.6581  12.0012   1.3208   9.8258  11.1466
 68   3.2496   8.2056  11.4552   1.2142   9.3181  10.5323
 69   3.1616   7.7701  10.9317   1.1138   8.8257   9.9394
 70   3.0788   7.3521  10.4309   1.0194   8.3489   9.3683
 71   3.0010   6.9517   9.9527   0.9309   7.8886   8.8195
 72   2.9280   6.5692   9.4972   0.8483   7.4451   8.2934
 73   2.8595   6.2047   9.0642   0.7712   7.0189   7.7901
 74   2.7955   5.8581   8.6536   0.6995   6.6104   7.3099
 75   2.7356   5.5293   8.2649   0.6330   6.2198   6.8528
 76   2.6795   5.2182   7.8977   0.5715   5.8474   6.4189
 77   2.6271   4.9246   7.5516   0.5148   5.4932   6.0079
 78   2.5780   4.6480   7.2260   0.4626   5.1571   5.6197
 79   2.5321   4.3881   6.9202   0.4148   4.8393   5.2540
 80   2.4891   4.1443   6.6334   0.3711   4.5393   4.9104
 81   2.4487   3.9162   6.3649   0.3312   4.2571   4.5883
 82   2.4108   3.7031   6.1138   0.2950   3.9923   4.2872
 83   2.3750   3.5043   5.8793   0.2621   3.7443   4.0065
 84   2.3413   3.3191   5.6604   0.2325   3.5129   3.7454
 85   2.3093   3.1470   5.4563   0.2057   3.2974   3.5031
 86   2.2789   2.9870   5.2659   0.1817   3.0972   3.2789
 87   2.2499   2.8385   5.0884   0.1602   2.9117   3.0718
 88   2.2221   2.7007   4.9228   0.1409   2.7402   2.8811
 89   2.1953   2.5729   4.7683   0.1238   2.5820   2.7058
 90   2.1695   2.4544   4.6239   0.1085   2.4364   2.5449
