# HRMchr.txt
#IMaCh version 0.99r45, April 2023,INED-EUROREVES-Institut de longevite-Japan Society for the Promotion of Science (Grant-in-Aid for Scientific Research 25293121), Intel Software 2015-2020, Nihon University 2021-202, INED 2000-2022
#$Revision: 1.353 $ $Date: 2023/05/08 18:48:22 $
# Tue Feb 04 22:21:37 2025
# Forward period (stable) prevalence. Precision given by ftolpl=0.0006 
#Age 1-1 2-2 
#************
#Age   1-1     2-2   Total Years_to_converge
50  0.25601 0.74414 1.000 12
51  0.25044 0.74959 1.000 14
52  0.24501 0.75503 1.000 14
53  0.23963 0.76041 1.000 14
54  0.23432 0.76573 1.000 14
55  0.22907 0.77099 1.000 14
56  0.22389 0.77617 1.000 14
57  0.21879 0.78129 1.000 14
58  0.21376 0.78633 1.000 14
59  0.20881 0.79129 1.000 14
60  0.20394 0.79617 1.000 14
61  0.19909 0.80094 1.000 16
62  0.19439 0.80564 1.000 16
63  0.18979 0.81025 1.000 16
64  0.18529 0.81476 1.000 16
65  0.18089 0.81916 1.000 16
66  0.17659 0.82346 1.000 16
67  0.17241 0.82765 1.000 16
68  0.16834 0.83173 1.000 16
69  0.16439 0.83568 1.000 16
70  0.16057 0.83951 1.000 16
71  0.15688 0.84321 1.000 16
72  0.15327 0.84676 1.000 18
73  0.14986 0.85018 1.000 18
74  0.14659 0.85345 1.000 18
75  0.14347 0.85657 1.000 18
76  0.14053 0.85952 1.000 18
77  0.13775 0.86230 1.000 18
78  0.13516 0.86490 1.000 18
79  0.13275 0.86731 1.000 18
80  0.13056 0.86952 1.000 18
81  0.12853 0.87150 1.000 20
82  0.12678 0.87325 1.000 20
83  0.12528 0.87476 1.000 20
84  0.12404 0.87600 1.000 20
85  0.12310 0.87695 1.000 20
86  0.12248 0.87758 1.000 20
87  0.12217 0.87786 1.000 22
88  0.12227 0.87776 1.000 22
89  0.12280 0.87724 1.000 22
90  0.12380 0.87625 1.000 22
