# HRMchr.txt
#IMaCh version 0.99r45, April 2023,INED-EUROREVES-Institut de longevite-Japan Society for the Promotion of Science (Grant-in-Aid for Scientific Research 25293121), Intel Software 2015-2020, Nihon University 2021-202, INED 2000-2022
#$Revision: 1.353 $ $Date: 2023/05/08 18:48:22 $
# Tue Feb 04 22:21:37 2025
#One-step probabilities and correlation matrix
# Age p1-1  p1-2  p1-3  p2-1  p2-2  p2-3 
50  4.369e-001  5.517e-001  1.132e-002  1.750e-001  8.126e-001  1.240e-002 
50 1-1  1.000e+000
50 1-2 -9.900e-001  1.000e+000
50 1-3 -8.853e-002 -5.296e-002  1.000e+000
50 2-1 -1.023e-003  4.665e-004  3.944e-003  1.000e+000
50 2-2  9.873e-004 -4.843e-004 -3.567e-003 -9.919e-001  1.000e+000
50 2-3  2.787e-004  1.399e-004 -2.959e-003 -6.325e-002 -6.423e-002  1.000e+000
51  4.359e-001  5.521e-001  1.204e-002  1.697e-001  8.163e-001  1.391e-002 
51 1-1  1.000e+000
51 1-2 -9.884e-001  1.000e+000
51 1-3 -9.265e-002 -5.993e-002  1.000e+000
51 2-1 -1.008e-003  4.531e-004  3.651e-003  1.000e+000
51 2-2  9.644e-004 -4.760e-004 -3.211e-003 -9.890e-001  1.000e+000
51 2-3  2.834e-004  1.608e-004 -2.912e-003 -6.091e-002 -8.765e-002  1.000e+000
52  4.347e-001  5.524e-001  1.281e-002  1.646e-001  8.198e-001  1.559e-002 
52 1-1  1.000e+000
52 1-2 -9.865e-001  1.000e+000
52 1-3 -9.715e-002 -6.738e-002  1.000e+000
52 2-1 -9.938e-004  4.437e-004  3.354e-003  1.000e+000
52 2-2  9.390e-004 -4.731e-004 -2.842e-003 -9.850e-001  1.000e+000
52 2-3  2.896e-004  1.825e-004 -2.870e-003 -5.907e-002 -1.140e-001  1.000e+000
53  4.336e-001  5.528e-001  1.362e-002  1.596e-001  8.229e-001  1.747e-002 
53 1-1  1.000e+000
53 1-2 -9.843e-001  1.000e+000
53 1-3 -1.021e-001 -7.532e-002  1.000e+000
53 2-1 -9.802e-004  4.393e-004  3.059e-003  1.000e+000
53 2-2  9.119e-004 -4.767e-004 -2.462e-003 -9.797e-001  1.000e+000
53 2-3  2.975e-004  2.053e-004 -2.835e-003 -5.779e-002 -1.437e-001  1.000e+000
54  4.325e-001  5.530e-001  1.448e-002  1.546e-001  8.258e-001  1.957e-002 
54 1-1  1.000e+000
54 1-2 -9.817e-001  1.000e+000
54 1-3 -1.074e-001 -8.369e-002  1.000e+000
54 2-1 -9.696e-004  4.409e-004  2.775e-003  1.000e+000
54 2-2  8.841e-004 -4.881e-004 -2.081e-003 -9.725e-001  1.000e+000
54 2-3  3.073e-004  2.290e-004 -2.807e-003 -5.713e-002 -1.770e-001  1.000e+000
55  4.313e-001  5.533e-001  1.540e-002  1.498e-001  8.283e-001  2.192e-002 
55 1-1  1.000e+000
55 1-2 -9.789e-001  1.000e+000
55 1-3 -1.130e-001 -9.243e-002  1.000e+000
55 2-1 -9.649e-004  4.494e-004  2.516e-003  1.000e+000
55 2-2  8.578e-004 -5.083e-004 -1.708e-003 -9.630e-001  1.000e+000
55 2-3  3.194e-004  2.537e-004 -2.790e-003 -5.715e-002 -2.142e-001  1.000e+000
56  4.301e-001  5.535e-001  1.638e-002  1.450e-001  8.304e-001  2.453e-002 
56 1-1  1.000e+000
56 1-2 -9.757e-001  1.000e+000
56 1-3 -1.190e-001 -1.014e-001  1.000e+000
56 2-1 -9.707e-004  4.651e-004  2.300e-003  1.000e+000
56 2-2  8.360e-004 -5.374e-004 -1.361e-003 -9.505e-001  1.000e+000
56 2-3  3.341e-004  2.793e-004 -2.784e-003 -5.791e-002 -2.553e-001  1.000e+000
57  4.289e-001  5.537e-001  1.741e-002  1.403e-001  8.322e-001  2.744e-002 
57 1-1  1.000e+000
57 1-2 -9.723e-001  1.000e+000
57 1-3 -1.252e-001 -1.103e-001  1.000e+000
57 2-1 -9.928e-004  4.872e-004  2.153e-003  1.000e+000
57 2-2  8.232e-004 -5.747e-004 -1.061e-003 -9.344e-001  1.000e+000
57 2-3  3.518e-004  3.057e-004 -2.792e-003 -5.945e-002 -3.001e-001  1.000e+000
58  4.277e-001  5.538e-001  1.851e-002  1.358e-001  8.336e-001  3.068e-002 
58 1-1  1.000e+000
58 1-2 -9.687e-001  1.000e+000
58 1-3 -1.313e-001 -1.189e-001  1.000e+000
58 2-1 -1.039e-003  5.134e-004  2.105e-003  1.000e+000
58 2-2  8.247e-004 -6.172e-004 -8.336e-004 -9.143e-001  1.000e+000
58 2-3  3.727e-004  3.326e-004 -2.818e-003 -6.180e-002 -3.478e-001  1.000e+000
59  4.264e-001  5.539e-001  1.968e-002  1.312e-001  8.345e-001  3.428e-002 
59 1-1  1.000e+000
59 1-2 -9.651e-001  1.000e+000
59 1-3 -1.373e-001 -1.268e-001  1.000e+000
59 2-1 -1.118e-003  5.389e-004  2.196e-003  1.000e+000
59 2-2  8.464e-004 -6.599e-004 -7.103e-004 -8.900e-001  1.000e+000
59 2-3  3.970e-004  3.596e-004 -2.865e-003 -6.493e-002 -3.971e-001  1.000e+000
60  4.251e-001  5.540e-001  2.092e-002  1.268e-001  8.349e-001  3.829e-002 
60 1-1  1.000e+000
60 1-2 -9.618e-001  1.000e+000
60 1-3 -1.428e-001 -1.335e-001  1.000e+000
60 2-1 -1.237e-003  5.565e-004  2.467e-003  1.000e+000
60 2-2  8.936e-004 -6.955e-004 -7.205e-004 -8.620e-001  1.000e+000
60 2-3  4.251e-004  3.865e-004 -2.937e-003 -6.873e-002 -4.464e-001  1.000e+000
61  4.238e-001  5.540e-001  2.224e-002  1.224e-001  8.348e-001  4.274e-002 
61 1-1  1.000e+000
61 1-2 -9.590e-001  1.000e+000
61 1-3 -1.476e-001 -1.387e-001  1.000e+000
61 2-1 -1.402e-003  5.564e-004  2.959e-003  1.000e+000
61 2-2  9.684e-004 -7.154e-004 -8.873e-004 -8.314e-001  1.000e+000
61 2-3  4.569e-004  4.132e-004 -3.038e-003 -7.303e-002 -4.935e-001  1.000e+000
62  4.224e-001  5.540e-001  2.363e-002  1.182e-001  8.342e-001  4.767e-002 
62 1-1  1.000e+000
62 1-2 -9.568e-001  1.000e+000
62 1-3 -1.516e-001 -1.422e-001  1.000e+000
62 2-1 -1.614e-003  5.282e-004  3.699e-003  1.000e+000
62 2-2  1.069e-003 -7.120e-004 -1.220e-003 -7.998e-001  1.000e+000
62 2-3  4.928e-004  4.399e-004 -3.174e-003 -7.757e-002 -5.364e-001  1.000e+000
63  4.210e-001  5.539e-001  2.511e-002  1.139e-001  8.329e-001  5.314e-002 
63 1-1  1.000e+000
63 1-2 -9.554e-001  1.000e+000
63 1-3 -1.548e-001 -1.440e-001  1.000e+000
63 2-1 -1.863e-003  4.633e-004  4.693e-003  1.000e+000
63 2-2  1.190e-003 -6.804e-004 -1.710e-003 -7.693e-001  1.000e+000
63 2-3  5.330e-004  4.674e-004 -3.349e-003 -8.204e-002 -5.736e-001  1.000e+000
64  4.196e-001  5.537e-001  2.669e-002  1.098e-001  8.310e-001  5.918e-002 
64 1-1  1.000e+000
64 1-2 -9.545e-001  1.000e+000
64 1-3 -1.572e-001 -1.443e-001  1.000e+000
64 2-1 -2.139e-003  3.573e-004  5.916e-003  1.000e+000
64 2-2  1.321e-003 -6.205e-004 -2.329e-003 -7.416e-001  1.000e+000
64 2-3  5.784e-004  4.972e-004 -3.567e-003 -8.613e-002 -6.044e-001  1.000e+000
65  4.181e-001  5.535e-001  2.836e-002  1.057e-001  8.285e-001  6.586e-002 
65 1-1  1.000e+000
65 1-2 -9.541e-001  1.000e+000
65 1-3 -1.592e-001 -1.437e-001  1.000e+000
65 2-1 -2.423e-003  2.112e-004  7.313e-003  1.000e+000
65 2-2  1.452e-003 -5.360e-004 -3.030e-003 -7.179e-001  1.000e+000
65 2-3  6.296e-004  5.309e-004 -3.831e-003 -8.962e-002 -6.290e-001  1.000e+000
66  4.166e-001  5.533e-001  3.012e-002  1.016e-001  8.251e-001  7.322e-002 
66 1-1  1.000e+000
66 1-2 -9.538e-001  1.000e+000
66 1-3 -1.611e-001 -1.429e-001  1.000e+000
66 2-1 -2.703e-003  3.040e-005  8.805e-003  1.000e+000
66 2-2  1.573e-003 -4.336e-004 -3.758e-003 -6.984e-001  1.000e+000
66 2-3  6.877e-004  5.709e-004 -4.141e-003 -9.241e-002 -6.481e-001  1.000e+000
67  4.150e-001  5.530e-001  3.200e-002  9.766e-002  8.210e-001  8.133e-002 
67 1-1  1.000e+000
67 1-2 -9.534e-001  1.000e+000
67 1-3 -1.631e-001 -1.423e-001  1.000e+000
67 2-1 -2.967e-003 -1.773e-004  1.031e-002  1.000e+000
67 2-2  1.678e-003 -3.211e-004 -4.453e-003 -6.825e-001  1.000e+000
67 2-3  7.534e-004  6.189e-004 -4.494e-003 -9.452e-002 -6.631e-001  1.000e+000
68  4.135e-001  5.526e-001  3.399e-002  9.374e-002  8.160e-001  9.024e-002 
68 1-1  1.000e+000
68 1-2 -9.525e-001  1.000e+000
68 1-3 -1.655e-001 -1.426e-001  1.000e+000
68 2-1 -3.211e-003 -4.039e-004  1.175e-002  1.000e+000
68 2-2  1.761e-003 -2.062e-004 -5.057e-003 -6.690e-001  1.000e+000
68 2-3  8.271e-004  6.768e-004 -4.882e-003 -9.605e-002 -6.755e-001  1.000e+000
69  4.118e-001  5.521e-001  3.610e-002  8.987e-002  8.101e-001  1.000e-001 
69 1-1  1.000e+000
69 1-2 -9.512e-001  1.000e+000
69 1-3 -1.684e-001 -1.441e-001  1.000e+000
69 2-1 -3.433e-003 -6.431e-004  1.306e-002  1.000e+000
69 2-2  1.818e-003 -9.563e-005 -5.523e-003 -6.565e-001  1.000e+000
69 2-3  9.086e-004  7.457e-004 -5.294e-003 -9.717e-002 -6.870e-001  1.000e+000
70  4.101e-001  5.516e-001  3.833e-002  8.605e-002  8.033e-001  1.107e-001 
70 1-1  1.000e+000
70 1-2 -9.491e-001  1.000e+000
70 1-3 -1.720e-001 -1.470e-001  1.000e+000
70 2-1 -3.637e-003 -8.904e-004  1.421e-002  1.000e+000
70 2-2  1.847e-003  4.757e-006 -5.816e-003 -6.432e-001  1.000e+000
70 2-3  9.968e-004  8.256e-004 -5.713e-003 -9.807e-002 -6.989e-001  1.000e+000
71  4.084e-001  5.509e-001  4.069e-002  8.229e-002  7.954e-001  1.223e-001 
71 1-1  1.000e+000
71 1-2 -9.463e-001  1.000e+000
71 1-3 -1.763e-001 -1.515e-001  1.000e+000
71 2-1 -3.827e-003 -1.143e-003  1.517e-002  1.000e+000
71 2-2  1.846e-003  8.990e-005 -5.915e-003 -6.277e-001  1.000e+000
71 2-3  1.089e-003  9.156e-004 -6.116e-003 -9.896e-002 -7.125e-001  1.000e+000
72  4.066e-001  5.502e-001  4.320e-002  7.857e-002  7.864e-001  1.350e-001 
72 1-1  1.000e+000
72 1-2 -9.425e-001  1.000e+000
72 1-3 -1.813e-001 -1.577e-001  1.000e+000
72 2-1 -4.005e-003 -1.401e-003  1.596e-002  1.000e+000
72 2-2  1.812e-003  1.555e-004 -5.814e-003 -6.084e-001  1.000e+000
72 2-3  1.183e-003  1.014e-003 -6.481e-003 -1.001e-001 -7.288e-001  1.000e+000
73  4.047e-001  5.495e-001  4.585e-002  7.490e-002  7.763e-001  1.488e-001 
73 1-1  1.000e+000
73 1-2 -9.379e-001  1.000e+000
73 1-3 -1.870e-001 -1.654e-001  1.000e+000
73 2-1 -4.177e-003 -1.663e-003  1.658e-002  1.000e+000
73 2-2  1.745e-003  1.978e-004 -5.521e-003 -5.840e-001  1.000e+000
73 2-3  1.275e-003  1.117e-003 -6.785e-003 -1.016e-001 -7.482e-001  1.000e+000
74  4.028e-001  5.486e-001  4.865e-002  7.128e-002  7.650e-001  1.637e-001 
74 1-1  1.000e+000
74 1-2 -9.322e-001  1.000e+000
74 1-3 -1.935e-001 -1.747e-001  1.000e+000
74 2-1 -4.345e-003 -1.929e-003  1.705e-002  1.000e+000
74 2-2  1.645e-003  2.142e-004 -5.057e-003 -5.538e-001  1.000e+000
74 2-3  1.360e-003  1.221e-003 -7.011e-003 -1.038e-001 -7.706e-001  1.000e+000
75  4.008e-001  5.476e-001  5.162e-002  6.771e-002  7.525e-001  1.797e-001 
75 1-1  1.000e+000
75 1-2 -9.255e-001  1.000e+000
75 1-3 -2.006e-001 -1.854e-001  1.000e+000
75 2-1 -4.512e-003 -2.202e-003  1.740e-002  1.000e+000
75 2-2  1.514e-003  2.035e-004 -4.454e-003 -5.175e-001  1.000e+000
75 2-3  1.437e-003  1.323e-003 -7.150e-003 -1.070e-001 -7.954e-001  1.000e+000
76  3.987e-001  5.465e-001  5.476e-002  6.419e-002  7.388e-001  1.970e-001 
76 1-1  1.000e+000
76 1-2 -9.176e-001  1.000e+000
76 1-3 -2.085e-001 -1.974e-001  1.000e+000
76 2-1 -4.680e-003 -2.481e-003  1.765e-002  1.000e+000
76 2-2  1.355e-003  1.660e-004 -3.750e-003 -4.754e-001  1.000e+000
76 2-3  1.503e-003  1.421e-003 -7.203e-003 -1.112e-001 -8.214e-001  1.000e+000
77  3.966e-001  5.453e-001  5.808e-002  6.074e-002  7.238e-001  2.154e-001 
77 1-1  1.000e+000
77 1-2 -9.085e-001  1.000e+000
77 1-3 -2.171e-001 -2.107e-001  1.000e+000
77 2-1 -4.852e-003 -2.767e-003  1.781e-002  1.000e+000
77 2-2  1.175e-003  1.036e-004 -2.991e-003 -4.285e-001  1.000e+000
77 2-3  1.560e-003  1.512e-003 -7.181e-003 -1.168e-001 -8.473e-001  1.000e+000
78  3.944e-001  5.440e-001  6.158e-002  5.734e-002  7.076e-001  2.351e-001 
78 1-1  1.000e+000
78 1-2 -8.980e-001  1.000e+000
78 1-3 -2.263e-001 -2.252e-001  1.000e+000
78 2-1 -5.027e-003 -3.061e-003  1.791e-002  1.000e+000
78 2-2  9.815e-004  1.984e-005 -2.218e-003 -3.780e-001  1.000e+000
78 2-3  1.607e-003  1.598e-003 -7.098e-003 -1.238e-001 -8.719e-001  1.000e+000
79  3.921e-001  5.426e-001  6.528e-002  5.400e-002  6.901e-001  2.559e-001 
79 1-1  1.000e+000
79 1-2 -8.862e-001  1.000e+000
79 1-3 -2.363e-001 -2.408e-001  1.000e+000
79 2-1 -5.208e-003 -3.363e-003  1.796e-002  1.000e+000
79 2-2  7.810e-004 -8.104e-005 -1.466e-003 -3.256e-001  1.000e+000
79 2-3  1.648e-003  1.678e-003 -6.970e-003 -1.323e-001 -8.941e-001  1.000e+000
80  3.898e-001  5.410e-001  6.919e-002  5.073e-002  6.713e-001  2.779e-001 
80 1-1  1.000e+000
80 1-2 -8.728e-001  1.000e+000
80 1-3 -2.470e-001 -2.575e-001  1.000e+000
80 2-1 -5.394e-003 -3.674e-003  1.797e-002  1.000e+000
80 2-2  5.802e-004 -1.946e-004 -7.623e-004 -2.726e-001  1.000e+000
80 2-3  1.683e-003  1.753e-003 -6.812e-003 -1.422e-001 -9.136e-001  1.000e+000
81  3.874e-001  5.393e-001  7.331e-002  4.754e-002  6.514e-001  3.010e-001 
81 1-1  1.000e+000
81 1-2 -8.577e-001  1.000e+000
81 1-3 -2.583e-001 -2.751e-001  1.000e+000
81 2-1 -5.586e-003 -3.994e-003  1.795e-002  1.000e+000
81 2-2  3.840e-004 -3.166e-004 -1.232e-004 -2.202e-001  1.000e+000
81 2-3  1.715e-003  1.825e-003 -6.637e-003 -1.536e-001 -9.301e-001  1.000e+000
82  3.848e-001  5.375e-001  7.766e-002  4.442e-002  6.304e-001  3.252e-001 
82 1-1  1.000e+000
82 1-2 -8.409e-001  1.000e+000
82 1-3 -2.703e-001 -2.937e-001  1.000e+000
82 2-1 -5.784e-003 -4.322e-003  1.791e-002  1.000e+000
82 2-2  1.960e-004 -4.437e-004  4.432e-004 -1.693e-001  1.000e+000
82 2-3  1.745e-003  1.895e-003 -6.454e-003 -1.663e-001 -9.437e-001  1.000e+000
83  3.822e-001  5.355e-001  8.224e-002  4.140e-002  6.083e-001  3.503e-001 
83 1-1  1.000e+000
83 1-2 -8.223e-001  1.000e+000
83 1-3 -2.830e-001 -3.131e-001  1.000e+000
83 2-1 -5.988e-003 -4.659e-003  1.784e-002  1.000e+000
83 2-2  1.800e-005 -5.731e-004  9.358e-004 -1.203e-001  1.000e+000
83 2-3  1.775e-003  1.963e-003 -6.271e-003 -1.802e-001 -9.548e-001  1.000e+000
84  3.795e-001  5.334e-001  8.706e-002  3.846e-002  5.853e-001  3.763e-001 
84 1-1  1.000e+000
84 1-2 -8.017e-001  1.000e+000
84 1-3 -2.963e-001 -3.334e-001  1.000e+000
84 2-1 -6.197e-003 -5.002e-003  1.777e-002  1.000e+000
84 2-2 -1.490e-004 -7.027e-004  1.358e-003 -7.370e-002  1.000e+000
84 2-3  1.805e-003  2.030e-003 -6.091e-003 -1.952e-001 -9.637e-001  1.000e+000
85  3.767e-001  5.312e-001  9.214e-002  3.563e-002  5.615e-001  4.029e-001 
85 1-1  1.000e+000
85 1-2 -7.790e-001  1.000e+000
85 1-3 -3.102e-001 -3.544e-001  1.000e+000
85 2-1 -6.411e-003 -5.352e-003  1.768e-002  1.000e+000
85 2-2 -3.051e-004 -8.311e-004  1.715e-003 -2.946e-002  1.000e+000
85 2-3  1.837e-003  2.097e-003 -5.918e-003 -2.111e-001 -9.708e-001  1.000e+000
86  3.738e-001  5.287e-001  9.749e-002  3.291e-002  5.370e-001  4.301e-001 
86 1-1  1.000e+000
86 1-2 -7.542e-001  1.000e+000
86 1-3 -3.248e-001 -3.761e-001  1.000e+000
86 2-1 -6.630e-003 -5.706e-003  1.758e-002  1.000e+000
86 2-2 -4.508e-004 -9.575e-004  2.015e-003  1.239e-002  1.000e+000
86 2-3  1.869e-003  2.163e-003 -5.754e-003 -2.278e-001 -9.765e-001  1.000e+000
87  3.708e-001  5.261e-001  1.031e-001  3.030e-002  5.119e-001  4.578e-001 
87 1-1  1.000e+000
87 1-2 -7.272e-001  1.000e+000
87 1-3 -3.399e-001 -3.984e-001  1.000e+000
87 2-1 -6.853e-003 -6.064e-003  1.747e-002  1.000e+000
87 2-2 -5.868e-004 -1.081e-003  2.265e-003  5.190e-002  1.000e+000
87 2-3  1.904e-003  2.230e-003 -5.599e-003 -2.450e-001 -9.809e-001  1.000e+000
88  3.677e-001  5.233e-001  1.090e-001  2.781e-002  4.865e-001  4.857e-001 
88 1-1  1.000e+000
88 1-2 -6.979e-001  1.000e+000
88 1-3 -3.556e-001 -4.211e-001  1.000e+000
88 2-1 -7.079e-003 -6.423e-003  1.735e-002  1.000e+000
88 2-2 -7.141e-004 -1.201e-003  2.472e-003  8.917e-002  1.000e+000
88 2-3  1.940e-003  2.296e-003 -5.453e-003 -2.627e-001 -9.845e-001  1.000e+000
89  3.644e-001  5.204e-001  1.152e-001  2.544e-002  4.609e-001  5.136e-001 
89 1-1  1.000e+000
89 1-2 -6.664e-001  1.000e+000
89 1-3 -3.719e-001 -4.443e-001  1.000e+000
89 2-1 -7.306e-003 -6.782e-003  1.722e-002  1.000e+000
89 2-2 -8.336e-004 -1.318e-003  2.643e-003  1.243e-001  1.000e+000
89 2-3  1.977e-003  2.362e-003 -5.317e-003 -2.805e-001 -9.873e-001  1.000e+000
90  3.611e-001  5.172e-001  1.217e-001  2.320e-002  4.353e-001  5.415e-001 
90 1-1  1.000e+000
90 1-2 -6.325e-001  1.000e+000
90 1-3 -3.886e-001 -4.678e-001  1.000e+000
90 2-1 -7.536e-003 -7.139e-003  1.709e-002  1.000e+000
90 2-2 -9.462e-004 -1.431e-003  2.782e-003  1.574e-001  1.000e+000
90 2-3  2.017e-003  2.428e-003 -5.189e-003 -2.984e-001 -9.895e-001  1.000e+000