# HRMchr.txt
#IMaCh version 0.99r45, April 2023,INED-EUROREVES-Institut de longevite-Japan Society for the Promotion of Science (Grant-in-Aid for Scientific Research 25293121), Intel Software 2015-2020, Nihon University 2021-202, INED 2000-2022
#$Revision: 1.353 $ $Date: 2023/05/08 18:48:22 $
# Tue Feb 04 22:21:37 2025
#One-step probabilities and stand. devi in ()
# Age p1-1 (SE) p1-2 (SE) p1-3 (SE) p2-1 (SE) p2-2 (SE) p2-3 (SE)
50  4.369e-001 ( 6.615e-002)  5.517e-001 ( 6.598e-002)  1.132e-002 ( 9.351e-003)  1.750e-001 ( 3.906e-002)  8.126e-001 ( 3.906e-002)  1.240e-002 ( 4.980e-003) 
51  4.359e-001 ( 6.249e-002)  5.521e-001 ( 6.233e-002)  1.204e-002 ( 9.525e-003)  1.697e-001 ( 3.609e-002)  8.163e-001 ( 3.616e-002)  1.391e-002 ( 5.368e-003) 
52  4.347e-001 ( 5.896e-002)  5.524e-001 ( 5.881e-002)  1.281e-002 ( 9.691e-003)  1.646e-001 ( 3.327e-002)  8.198e-001 ( 3.343e-002)  1.559e-002 ( 5.776e-003) 
53  4.336e-001 ( 5.558e-002)  5.528e-001 ( 5.545e-002)  1.362e-002 ( 9.849e-003)  1.596e-001 ( 3.060e-002)  8.229e-001 ( 3.087e-002)  1.747e-002 ( 6.203e-003) 
54  4.325e-001 ( 5.240e-002)  5.530e-001 ( 5.228e-002)  1.448e-002 ( 1.000e-002)  1.546e-001 ( 2.810e-002)  8.258e-001 ( 2.850e-002)  1.957e-002 ( 6.649e-003) 
55  4.313e-001 ( 4.942e-002)  5.533e-001 ( 4.932e-002)  1.540e-002 ( 1.014e-002)  1.498e-001 ( 2.577e-002)  8.283e-001 ( 2.634e-002)  2.192e-002 ( 7.113e-003) 
56  4.301e-001 ( 4.671e-002)  5.535e-001 ( 4.662e-002)  1.638e-002 ( 1.028e-002)  1.450e-001 ( 2.361e-002)  8.304e-001 ( 2.438e-002)  2.453e-002 ( 7.592e-003) 
57  4.289e-001 ( 4.430e-002)  5.537e-001 ( 4.422e-002)  1.741e-002 ( 1.042e-002)  1.403e-001 ( 2.165e-002)  8.322e-001 ( 2.265e-002)  2.744e-002 ( 8.085e-003) 
58  4.277e-001 ( 4.224e-002)  5.538e-001 ( 4.218e-002)  1.851e-002 ( 1.056e-002)  1.358e-001 ( 1.988e-002)  8.336e-001 ( 2.117e-002)  3.068e-002 ( 8.590e-003) 
59  4.264e-001 ( 4.059e-002)  5.539e-001 ( 4.053e-002)  1.968e-002 ( 1.071e-002)  1.312e-001 ( 1.833e-002)  8.345e-001 ( 1.993e-002)  3.428e-002 ( 9.104e-003) 
60  4.251e-001 ( 3.938e-002)  5.540e-001 ( 3.933e-002)  2.092e-002 ( 1.088e-002)  1.268e-001 ( 1.699e-002)  8.349e-001 ( 1.894e-002)  3.829e-002 ( 9.624e-003) 
61  4.238e-001 ( 3.866e-002)  5.540e-001 ( 3.861e-002)  2.224e-002 ( 1.106e-002)  1.224e-001 ( 1.588e-002)  8.348e-001 ( 1.821e-002)  4.274e-002 ( 1.015e-002) 
62  4.224e-001 ( 3.846e-002)  5.540e-001 ( 3.840e-002)  2.363e-002 ( 1.129e-002)  1.182e-001 ( 1.501e-002)  8.342e-001 ( 1.773e-002)  4.767e-002 ( 1.067e-002) 
63  4.210e-001 ( 3.876e-002)  5.539e-001 ( 3.870e-002)  2.511e-002 ( 1.157e-002)  1.139e-001 ( 1.436e-002)  8.329e-001 ( 1.747e-002)  5.314e-002 ( 1.120e-002) 
64  4.196e-001 ( 3.957e-002)  5.537e-001 ( 3.949e-002)  2.669e-002 ( 1.192e-002)  1.098e-001 ( 1.393e-002)  8.310e-001 ( 1.742e-002)  5.918e-002 ( 1.173e-002) 
65  4.181e-001 ( 4.084e-002)  5.535e-001 ( 4.074e-002)  2.836e-002 ( 1.236e-002)  1.057e-001 ( 1.369e-002)  8.285e-001 ( 1.753e-002)  6.586e-002 ( 1.226e-002) 
66  4.166e-001 ( 4.252e-002)  5.533e-001 ( 4.240e-002)  3.012e-002 ( 1.291e-002)  1.016e-001 ( 1.361e-002)  8.251e-001 ( 1.780e-002)  7.322e-002 ( 1.279e-002) 
67  4.150e-001 ( 4.458e-002)  5.530e-001 ( 4.443e-002)  3.200e-002 ( 1.359e-002)  9.766e-002 ( 1.367e-002)  8.210e-001 ( 1.818e-002)  8.133e-002 ( 1.334e-002) 
68  4.135e-001 ( 4.694e-002)  5.526e-001 ( 4.677e-002)  3.399e-002 ( 1.444e-002)  9.374e-002 ( 1.382e-002)  8.160e-001 ( 1.866e-002)  9.024e-002 ( 1.393e-002) 
69  4.118e-001 ( 4.957e-002)  5.521e-001 ( 4.938e-002)  3.610e-002 ( 1.546e-002)  8.987e-002 ( 1.404e-002)  8.101e-001 ( 1.923e-002)  1.000e-001 ( 1.457e-002) 
70  4.101e-001 ( 5.242e-002)  5.516e-001 ( 5.221e-002)  3.833e-002 ( 1.669e-002)  8.605e-002 ( 1.429e-002)  8.033e-001 ( 1.988e-002)  1.107e-001 ( 1.530e-002) 
71  4.084e-001 ( 5.545e-002)  5.509e-001 ( 5.522e-002)  4.069e-002 ( 1.814e-002)  8.229e-002 ( 1.456e-002)  7.954e-001 ( 2.064e-002)  1.223e-001 ( 1.615e-002) 
72  4.066e-001 ( 5.864e-002)  5.502e-001 ( 5.839e-002)  4.320e-002 ( 1.984e-002)  7.857e-002 ( 1.481e-002)  7.864e-001 ( 2.152e-002)  1.350e-001 ( 1.717e-002) 
73  4.047e-001 ( 6.194e-002)  5.495e-001 ( 6.170e-002)  4.585e-002 ( 2.179e-002)  7.490e-002 ( 1.504e-002)  7.763e-001 ( 2.256e-002)  1.488e-001 ( 1.841e-002) 
74  4.028e-001 ( 6.535e-002)  5.486e-001 ( 6.511e-002)  4.865e-002 ( 2.402e-002)  7.128e-002 ( 1.524e-002)  7.650e-001 ( 2.379e-002)  1.637e-001 ( 1.991e-002) 
75  4.008e-001 ( 6.884e-002)  5.476e-001 ( 6.863e-002)  5.162e-002 ( 2.653e-002)  6.771e-002 ( 1.539e-002)  7.525e-001 ( 2.525e-002)  1.797e-001 ( 2.173e-002) 
76  3.987e-001 ( 7.240e-002)  5.465e-001 ( 7.223e-002)  5.476e-002 ( 2.935e-002)  6.419e-002 ( 1.549e-002)  7.388e-001 ( 2.698e-002)  1.970e-001 ( 2.389e-002) 
77  3.966e-001 ( 7.601e-002)  5.453e-001 ( 7.591e-002)  5.808e-002 ( 3.250e-002)  6.074e-002 ( 1.552e-002)  7.238e-001 ( 2.903e-002)  2.154e-001 ( 2.641e-002) 
78  3.944e-001 ( 7.968e-002)  5.440e-001 ( 7.966e-002)  6.158e-002 ( 3.597e-002)  5.734e-002 ( 1.550e-002)  7.076e-001 ( 3.141e-002)  2.351e-001 ( 2.930e-002) 
79  3.921e-001 ( 8.338e-002)  5.426e-001 ( 8.348e-002)  6.528e-002 ( 3.981e-002)  5.400e-002 ( 1.542e-002)  6.901e-001 ( 3.412e-002)  2.559e-001 ( 3.255e-002) 
80  3.898e-001 ( 8.712e-002)  5.410e-001 ( 8.737e-002)  6.919e-002 ( 4.401e-002)  5.073e-002 ( 1.527e-002)  6.713e-001 ( 3.717e-002)  2.779e-001 ( 3.613e-002) 
81  3.874e-001 ( 9.089e-002)  5.393e-001 ( 9.133e-002)  7.331e-002 ( 4.860e-002)  4.754e-002 ( 1.506e-002)  6.514e-001 ( 4.051e-002)  3.010e-001 ( 3.999e-002) 
82  3.848e-001 ( 9.469e-002)  5.375e-001 ( 9.537e-002)  7.766e-002 ( 5.360e-002)  4.442e-002 ( 1.480e-002)  6.304e-001 ( 4.411e-002)  3.252e-001 ( 4.409e-002) 
83  3.822e-001 ( 9.851e-002)  5.355e-001 ( 9.949e-002)  8.224e-002 ( 5.903e-002)  4.140e-002 ( 1.448e-002)  6.083e-001 ( 4.790e-002)  3.503e-001 ( 4.835e-002) 
84  3.795e-001 ( 1.024e-001)  5.334e-001 ( 1.037e-001)  8.706e-002 ( 6.490e-002)  3.846e-002 ( 1.411e-002)  5.853e-001 ( 5.182e-002)  3.763e-001 ( 5.270e-002) 
85  3.767e-001 ( 1.062e-001)  5.312e-001 ( 1.080e-001)  9.214e-002 ( 7.123e-002)  3.563e-002 ( 1.369e-002)  5.615e-001 ( 5.579e-002)  4.029e-001 ( 5.705e-002) 
86  3.738e-001 ( 1.101e-001)  5.287e-001 ( 1.124e-001)  9.749e-002 ( 7.804e-002)  3.291e-002 ( 1.323e-002)  5.370e-001 ( 5.972e-002)  4.301e-001 ( 6.133e-002) 
87  3.708e-001 ( 1.141e-001)  5.261e-001 ( 1.169e-001)  1.031e-001 ( 8.536e-002)  3.030e-002 ( 1.273e-002)  5.119e-001 ( 6.351e-002)  4.578e-001 ( 6.542e-002) 
88  3.677e-001 ( 1.180e-001)  5.233e-001 ( 1.216e-001)  1.090e-001 ( 9.319e-002)  2.781e-002 ( 1.221e-002)  4.865e-001 ( 6.709e-002)  4.857e-001 ( 6.926e-002) 
89  3.644e-001 ( 1.220e-001)  5.204e-001 ( 1.264e-001)  1.152e-001 ( 1.016e-001)  2.544e-002 ( 1.166e-002)  4.609e-001 ( 7.038e-002)  5.136e-001 ( 7.275e-002) 
90  3.611e-001 ( 1.260e-001)  5.172e-001 ( 1.314e-001)  1.217e-001 ( 1.105e-001)  2.320e-002 ( 1.109e-002)  4.353e-001 ( 7.329e-002)  5.415e-001 ( 7.583e-002) 