
# model  
#****** Result for:******
# HRMchr.txt
#IMaCh version 0.99r45, April 2023,INED-EUROREVES-Institut de longevite-Japan Society for the Promotion of Science (Grant-in-Aid for Scientific Research 25293121), Intel Software 2015-2020, Nihon University 2021-202, INED 2000-2022
#$Revision: 1.353 $ $Date: 2023/05/08 18:48:22 $
# Tue Feb 04 22:21:37 2025
# Total life expectancy with std error and decomposition into time to be expected in each health state
#  (weighted average of eij where weights are the age specific forward period (stable) prevalences in each health state 
# Age popbased mobilav e.. (std) e.1 (std) e.2 (std) 
   50 0 0  24.200 (  1.273)   4.604 (  0.643)  19.596 (  1.209)
   51 0 0  23.335 (  1.241)   4.376 (  0.605)  18.959 (  1.168)
   52 0 0  22.482 (  1.209)   4.156 (  0.570)  18.326 (  1.128)
   53 0 0  21.639 (  1.177)   3.942 (  0.538)  17.697 (  1.090)
   54 0 0  20.807 (  1.144)   3.736 (  0.510)  17.072 (  1.054)
   55 0 0  19.987 (  1.111)   3.536 (  0.486)  16.451 (  1.019)
   56 0 0  19.178 (  1.078)   3.343 (  0.464)  15.835 (  0.986)
   57 0 0  18.383 (  1.046)   3.157 (  0.445)  15.226 (  0.953)
   58 0 0  17.601 (  1.014)   2.978 (  0.429)  14.623 (  0.922)
   59 0 0  16.833 (  0.982)   2.806 (  0.415)  14.028 (  0.892)
   60 0 0  16.081 (  0.952)   2.640 (  0.402)  13.440 (  0.863)
   61 0 0  15.343 (  0.922)   2.481 (  0.392)  12.861 (  0.836)
   62 0 0  14.622 (  0.893)   2.330 (  0.382)  12.293 (  0.810)
   63 0 0  13.919 (  0.866)   2.184 (  0.374)  11.735 (  0.785)
   64 0 0  13.234 (  0.840)   2.046 (  0.366)  11.189 (  0.762)
   65 0 0  12.568 (  0.816)   1.914 (  0.359)  10.654 (  0.740)
   66 0 0  11.921 (  0.794)   1.789 (  0.352)  10.133 (  0.720)
   67 0 0  11.295 (  0.774)   1.670 (  0.346)   9.625 (  0.702)
   68 0 0  10.688 (  0.755)   1.557 (  0.340)   9.131 (  0.685)
   69 0 0  10.103 (  0.739)   1.450 (  0.334)   8.653 (  0.670)
   70 0 0   9.540 (  0.724)   1.350 (  0.328)   8.190 (  0.656)
   71 0 0   8.998 (  0.710)   1.256 (  0.322)   7.742 (  0.644)
   72 0 0   8.478 (  0.698)   1.167 (  0.316)   7.311 (  0.632)
   73 0 0   7.981 (  0.686)   1.084 (  0.310)   6.897 (  0.622)
   74 0 0   7.507 (  0.676)   1.007 (  0.304)   6.500 (  0.612)
   75 0 0   7.056 (  0.665)   0.935 (  0.298)   6.121 (  0.603)
   76 0 0   6.627 (  0.655)   0.868 (  0.292)   5.759 (  0.594)
   77 0 0   6.221 (  0.645)   0.806 (  0.287)   5.415 (  0.585)
   78 0 0   5.837 (  0.634)   0.749 (  0.282)   5.089 (  0.576)
   79 0 0   5.476 (  0.622)   0.696 (  0.277)   4.780 (  0.566)
   80 0 0   5.136 (  0.610)   0.648 (  0.272)   4.488 (  0.555)
   81 0 0   4.817 (  0.597)   0.603 (  0.268)   4.213 (  0.544)
   82 0 0   4.519 (  0.583)   0.563 (  0.265)   3.956 (  0.533)
   83 0 0   4.241 (  0.568)   0.527 (  0.263)   3.714 (  0.520)
   84 0 0   3.983 (  0.553)   0.494 (  0.261)   3.489 (  0.507)
   85 0 0   3.744 (  0.536)   0.465 (  0.261)   3.279 (  0.493)
   86 0 0   3.522 (  0.519)   0.439 (  0.262)   3.084 (  0.478)
   87 0 0   3.318 (  0.502)   0.415 (  0.264)   2.903 (  0.463)
   88 0 0   3.131 (  0.484)   0.395 (  0.268)   2.735 (  0.447)
   89 0 0   2.959 (  0.467)   0.378 (  0.274)   2.581 (  0.431)
   90 0 0   2.802 (  0.450)   0.364 (  0.282)   2.439 (  0.416)
