# ITFadl.txt
#IMaCh version 0.99r45, April 2023,INED-EUROREVES-Institut de longevite-Japan Society for the Promotion of Science (Grant-in-Aid for Scientific Research 25293121), Intel Software 2015-2020, Nihon University 2021-202, INED 2000-2022
#$Revision: 1.353 $ $Date: 2023/05/08 18:48:22 $
# Tue Feb 04 22:03:38 2025

#****** ******
# (a) Life expectancies by health status at initial age and (b) health expectancies by health status at initial age
# Age e11  e12  e1.  e21  e22  e2. 
 50  30.1191   4.4290  34.5481  27.8720   6.4449  34.3169
 51  29.1685   4.4230  33.5916  26.8279   6.5029  33.3308
 52  28.2225   4.4162  32.6387  25.7845   6.5606  32.3451
 53  27.2816   4.4082  31.6898  24.7425   6.6174  31.3599
 54  26.3462   4.3990  30.7452  23.7024   6.6728  30.3752
 55  25.4167   4.3885  29.8052  22.6652   6.7261  29.3913
 56  24.4939   4.3763  28.8702  21.6319   6.7765  28.4084
 57  23.5783   4.3624  27.9407  20.6037   6.8232  27.4269
 58  22.6705   4.3465  27.0170  19.5819   6.8652  26.4471
 59  21.7713   4.3283  26.0997  18.5682   6.9014  25.4697
 60  20.8816   4.3077  25.1893  17.5644   6.9310  24.4953
 61  20.0020   4.2843  24.2863  16.5723   6.9526  23.5249
 62  19.1336   4.2579  23.3915  15.5942   6.9651  22.5593
 63  18.2772   4.2283  22.5055  14.6323   6.9675  21.5998
 64  17.4339   4.1950  21.6289  13.6890   6.9586  20.6476
 65  16.6046   4.1579  20.7626  12.7670   6.9373  19.7043
 66  15.7906   4.1168  19.9073  11.8686   6.9027  18.7714
 67  14.9928   4.0712  19.0640  10.9966   6.8541  17.8507
 68  14.2124   4.0211  18.2335  10.1534   6.7907  16.9440
 69  13.4505   3.9662  17.4167   9.3412   6.7120  16.0533
 70  12.7083   3.9064  16.6147   8.5625   6.6179  15.1804
 71  11.9867   3.8416  15.8283   7.8191   6.5083  14.3274
 72  11.2869   3.7717  15.0586   7.1127   6.3834  13.4962
 73  10.6099   3.6968  14.3066   6.4448   6.2437  12.6885
 74   9.9564   3.6168  13.5733   5.8164   6.0899  11.9063
 75   9.3274   3.5321  12.8595   5.2281   5.9228  11.1509
 76   8.7236   3.4427  12.1662   4.6802   5.7437  10.4239
 77   8.1454   3.3489  11.4943   4.1727   5.5538   9.7265
 78   7.5933   3.2512  10.8445   3.7050   5.3546   9.0596
 79   7.0677   3.1498  10.2175   3.2764   5.1476   8.4240
 80   6.5687   3.0454   9.6140   2.8857   4.9344   7.8201
 81   6.0962   2.9383   9.0344   2.5314   4.7169   7.2483
 82   5.6501   2.8292   8.4792   2.2118   4.4966   6.7084
 83   5.2300   2.7186   7.9486   1.9252   4.2751   6.2003
 84   4.8356   2.6071   7.4427   1.6694   4.0541   5.7235
 85   4.4663   2.4954   6.9617   1.4422   3.8351   5.2773
 86   4.1213   2.3840   6.5053   1.2416   3.6194   4.8610
 87   3.7999   2.2735   6.0734   1.0652   3.4082   4.4735
 88   3.5012   2.1645   5.6657   0.9110   3.2027   4.1137
 89   3.2241   2.0575   5.2816   0.7766   3.0037   3.7804
 90   2.9678   1.9529   4.9207   0.6602   2.8121   3.4723
