# ITFadl.txt
#IMaCh version 0.99r45, April 2023,INED-EUROREVES-Institut de longevite-Japan Society for the Promotion of Science (Grant-in-Aid for Scientific Research 25293121), Intel Software 2015-2020, Nihon University 2021-202, INED 2000-2022
#$Revision: 1.353 $ $Date: 2023/05/08 18:48:22 $
# Tue Feb 04 22:03:38 2025
# Forward period (stable) prevalence. Precision given by ftolpl=0.0006 
#Age 1-1 2-2 
#************
#Age   1-1     2-2   Total Years_to_converge
50  0.99174 0.00827 1.000 18
51  0.99067 0.00933 1.000 18
52  0.98947 0.01054 1.000 18
53  0.98811 0.01190 1.000 19
54  0.98658 0.01343 1.000 19
55  0.98486 0.01515 1.000 19
56  0.98292 0.01709 1.000 20
57  0.98073 0.01927 1.000 20
58  0.97828 0.02173 1.000 20
59  0.97553 0.02448 1.000 21
60  0.97243 0.02758 1.000 21
61  0.96897 0.03105 1.000 21
62  0.96509 0.03493 1.000 22
63  0.96075 0.03927 1.000 22
64  0.95591 0.04411 1.000 22
65  0.95051 0.04951 1.000 23
66  0.94450 0.05553 1.000 23
67  0.93783 0.06220 1.000 23
68  0.93043 0.06961 1.000 23
69  0.92225 0.07779 1.000 24
70  0.91322 0.08682 1.000 24
71  0.90329 0.09676 1.000 24
72  0.89240 0.10765 1.000 25
73  0.88050 0.11957 1.000 25
74  0.86753 0.13254 1.000 25
75  0.85345 0.14664 1.000 25
76  0.83822 0.16186 1.000 26
77  0.82184 0.17827 1.000 26
78  0.80427 0.19582 1.000 26
79  0.78554 0.21457 1.000 26
80  0.76567 0.23447 1.000 26
81  0.74469 0.25544 1.000 27
82  0.72267 0.27748 1.000 27
83  0.69968 0.30048 1.000 27
84  0.67583 0.32435 1.000 27
85  0.65123 0.34897 1.000 27
86  0.62600 0.37420 1.000 27
87  0.60031 0.39990 1.000 27
88  0.57429 0.42593 1.000 27
89  0.54810 0.45216 1.000 26
90  0.52191 0.47835 1.000 26
