# Powell
# iter -2*LL p12 p13 p21 p23
1 1 2301.272487861527 1 -10.320313600000 0.099260800000 -12.546470400000 0.114128600000 1.747265400000 -0.043059500000 -10.340048300000 0.102348900000
2 2 2153.355252337279 1 -10.786863588579 0.099267797141 -13.563490796115 0.113710710296 1.112918312272 -0.042780268318 -11.095758654348 0.102318079154
3 2 2146.944877652029 2 -10.953682158836 0.099264366673 -13.330693487970 0.113587514440 0.994179122740 -0.042671528021 -11.155462213197 0.102308218304
4 3 2146.731226222855 3 -10.991278010181 0.099246657402 -13.311577180827 0.113481260514 0.974541907794 -0.042576489287 -11.161197032775 0.102300247786
5 3 2146.686139261608 4 -11.002051801025 0.099141186288 -13.258836522443 0.112871699790 0.928296815157 -0.042038124723 -11.159852753270 0.102255031507
6 4 2146.617356186050 5 -10.993487628822 0.098936424681 -13.163583274300 0.111673190752 0.849638111601 -0.041014935759 -11.156279458865 0.102225520358
7 4 2146.501715221500 5 -10.980842257142 0.098841427352 -12.962076915401 0.109050217732 0.687224604479 -0.038819684736 -11.147819550709 0.102183252743
8 5 2146.452218470601 6 -10.967607380778 0.098920543412 -12.931445786754 0.108575132358 0.667309456139 -0.038477716917 -11.145735946093 0.102191430255
9 5 2146.450998716828 7 -10.966222308480 0.098930025730 -12.926003566714 0.108496826392 0.665635792720 -0.038449715295 -11.145431373538 0.102188436602
10 6 2146.434273990225 8 -10.961432340055 0.098991448189 -12.796666481539 0.106796032996 0.688028272711 -0.038732883156 -11.139796482249 0.102129323757
11 6 2146.421149089167 9 -10.964426815789 0.098984487937 -12.743651787085 0.106104817986 0.708553628492 -0.039017593855 -11.137720167988 0.102118243425
12 7 2146.414375701636 10 -10.968655634451 0.098975670333 -12.670248603521 0.105130105255 0.737601999964 -0.039423104910 -11.135052365952 0.102104429656
13 7 2146.414367609679 10 -10.968685053154 0.098976997052 -12.669063942112 0.105113229214 0.737560002504 -0.039422473926 -11.135200300942 0.102106512547
14 8 2146.413718310651 11 -10.980515085638 0.099145913531 -12.645177340826 0.104782172498 0.734723363120 -0.039380559966 -11.164789327953 0.102467099405
15 8 2146.413371466160 12 -10.985397936971 0.099202437726 -12.652886814581 0.104891899380 0.733492947746 -0.039365816141 -11.176207122465 0.102597636898
16 9 2146.413288989674 13 -10.989249214621 0.099246126464 -12.656848705163 0.104952161667 0.733195993206 -0.039363299212 -11.184956608929 0.102697868805
17 9 2146.413288981212 13 -10.989251628813 0.099246122237 -12.656811798933 0.104951640827 0.733222795657 -0.039363665206 -11.184946698476 0.102697764522
18 10 2146.413288415552 14 -10.989258615017 0.099246200155 -12.656820370653 0.104951769968 0.733222330899 -0.039363389942 -11.183522995376 0.102680931470
19 10 2146.413288024581 15 -10.989545759689 0.099250022521 -12.656812713512 0.104951789707 0.733215723902 -0.039363412105 -11.183539473531 0.102681169769
20 11 2146.413287888381 15 -10.989712585193 0.099252230425 -12.656782604138 0.104951232745 0.733173446713 -0.039362898095 -11.183550286718 0.102681360181
21 11 2146.413287829501 16 -10.989891716509 0.099254563895 -12.656834752854 0.104951709100 0.733105531379 -0.039362071688 -11.183538302040 0.102681279322
22 12 2146.413287828453 16 -10.989882776542 0.099254440916 -12.656849358131 0.104951870946 0.733097620483 -0.039361966123 -11.183527575880 0.102681151184
23 12 2146.413287828271 17 -10.989877611789 0.099254363572 -12.656862496073 0.104952044529 0.733096047337 -0.039361952124 -11.183523869064 0.102681106383
24 13 2146.413287828258 17 -10.989877697667 0.099254364684 -12.656862513658 0.104952044659 0.733096017824 -0.039361947099 -11.183523863127 0.102681106344
25 13 2146.413287828255 18 -10.989877697624 0.099254364683 -12.656862512778 0.104952044648 0.733096017107 -0.039361947089 -11.183523863103 0.102681106344
26 14 2146.413287828255 19 -10.989877697624 0.099254364683 -12.656862512778 0.104952044648 0.733096017107 -0.039361947089 -11.183523863103 0.102681106344
