# ITFadl.txt
#IMaCh version 0.99r45, April 2023,INED-EUROREVES-Institut de longevite-Japan Society for the Promotion of Science (Grant-in-Aid for Scientific Research 25293121), Intel Software 2015-2020, Nihon University 2021-202, INED 2000-2022
#$Revision: 1.353 $ $Date: 2023/05/08 18:48:22 $
# Tue Feb 04 22:03:38 2025
#One-step probabilities and correlation matrix
# Age p1-1  p1-2  p1-3  p2-1  p2-2  p2-3 
50  9.970e-001  2.405e-003  6.038e-004  2.249e-001  7.733e-001  1.824e-003 
50 1-1  1.000e+000
50 1-2 -9.044e-001  1.000e+000
50 1-3 -3.206e-001 -1.142e-001  1.000e+000
50 2-1 -1.830e-001  1.827e-001  2.050e-002  1.000e+000
50 2-2  1.832e-001 -1.859e-001 -1.389e-002 -9.994e-001  1.000e+000
50 2-3  3.419e-003  8.148e-002 -1.889e-001 -5.928e-002  2.426e-002  1.000e+000
51  9.967e-001  2.655e-003  6.704e-004  2.181e-001  7.799e-001  2.039e-003 
51 1-1  1.000e+000
51 1-2 -9.037e-001  1.000e+000
51 1-3 -3.239e-001 -1.124e-001  1.000e+000
51 2-1 -1.823e-001  1.823e-001  2.018e-002  1.000e+000
51 2-2  1.824e-001 -1.859e-001 -1.258e-002 -9.992e-001  1.000e+000
51 2-3  3.680e-003  8.162e-002 -1.889e-001 -5.803e-002  1.775e-002  1.000e+000
52  9.963e-001  2.931e-003  7.443e-004  2.114e-001  7.863e-001  2.278e-003 
52 1-1  1.000e+000
52 1-2 -9.030e-001  1.000e+000
52 1-3 -3.272e-001 -1.105e-001  1.000e+000
52 2-1 -1.815e-001  1.818e-001  1.987e-002  1.000e+000
52 2-2  1.816e-001 -1.859e-001 -1.112e-002 -9.989e-001  1.000e+000
52 2-3  3.974e-003  8.172e-002 -1.889e-001 -5.697e-002  1.062e-002  1.000e+000
53  9.959e-001  3.236e-003  8.264e-004  2.048e-001  7.926e-001  2.544e-003 
53 1-1  1.000e+000
53 1-2 -9.023e-001  1.000e+000
53 1-3 -3.306e-001 -1.085e-001  1.000e+000
53 2-1 -1.807e-001  1.814e-001  1.956e-002  1.000e+000
53 2-2  1.807e-001 -1.860e-001 -9.494e-003 -9.986e-001  1.000e+000
53 2-3  4.303e-003  8.179e-002 -1.890e-001 -5.612e-002  2.778e-003  1.000e+000
54  9.955e-001  3.572e-003  9.174e-004  1.985e-001  7.987e-001  2.841e-003 
54 1-1  1.000e+000
54 1-2 -9.016e-001  1.000e+000
54 1-3 -3.341e-001 -1.064e-001  1.000e+000
54 2-1 -1.798e-001  1.809e-001  1.927e-002  1.000e+000
54 2-2  1.798e-001 -1.862e-001 -7.674e-003 -9.981e-001  1.000e+000
54 2-3  4.669e-003  8.183e-002 -1.890e-001 -5.549e-002 -5.910e-003  1.000e+000
55  9.950e-001  3.943e-003  1.018e-003  1.922e-001  8.046e-001  3.172e-003 
55 1-1  1.000e+000
55 1-2 -9.010e-001  1.000e+000
55 1-3 -3.377e-001 -1.041e-001  1.000e+000
55 2-1 -1.790e-001  1.804e-001  1.899e-002  1.000e+000
55 2-2  1.789e-001 -1.864e-001 -5.640e-003 -9.975e-001  1.000e+000
55 2-3  5.074e-003  8.183e-002 -1.891e-001 -5.509e-002 -1.558e-002  1.000e+000
56  9.945e-001  4.352e-003  1.131e-003  1.861e-001  8.104e-001  3.540e-003 
56 1-1  1.000e+000
56 1-2 -9.003e-001  1.000e+000
56 1-3 -3.414e-001 -1.017e-001  1.000e+000
56 2-1 -1.781e-001  1.799e-001  1.875e-002  1.000e+000
56 2-2  1.779e-001 -1.867e-001 -3.364e-003 -9.967e-001  1.000e+000
56 2-3  5.522e-003  8.179e-002 -1.893e-001 -5.495e-002 -2.638e-002  1.000e+000
57  9.939e-001  4.803e-003  1.255e-003  1.801e-001  8.159e-001  3.950e-003 
57 1-1  1.000e+000
57 1-2 -8.997e-001  1.000e+000
57 1-3 -3.451e-001 -9.913e-002  1.000e+000
57 2-1 -1.773e-001  1.794e-001  1.854e-002  1.000e+000
57 2-2  1.769e-001 -1.871e-001 -8.203e-004 -9.956e-001  1.000e+000
57 2-3  6.015e-003  8.171e-002 -1.894e-001 -5.509e-002 -3.850e-002  1.000e+000
58  9.933e-001  5.301e-003  1.393e-003  1.743e-001  8.213e-001  4.405e-003 
58 1-1  1.000e+000
58 1-2 -8.991e-001  1.000e+000
58 1-3 -3.490e-001 -9.639e-002  1.000e+000
58 2-1 -1.765e-001  1.789e-001  1.839e-002  1.000e+000
58 2-2  1.758e-001 -1.877e-001  2.020e-003 -9.942e-001  1.000e+000
58 2-3  6.556e-003  8.159e-002 -1.896e-001 -5.553e-002 -5.211e-002  1.000e+000
59  9.926e-001  5.850e-003  1.546e-003  1.687e-001  8.264e-001  4.912e-003 
59 1-1  1.000e+000
59 1-2 -8.986e-001  1.000e+000
59 1-3 -3.529e-001 -9.347e-002  1.000e+000
59 2-1 -1.757e-001  1.784e-001  1.830e-002  1.000e+000
59 2-2  1.747e-001 -1.883e-001  5.185e-003 -9.923e-001  1.000e+000
59 2-3  7.151e-003  8.142e-002 -1.898e-001 -5.628e-002 -6.742e-002  1.000e+000
60  9.918e-001  6.456e-003  1.716e-003  1.631e-001  8.314e-001  5.476e-003 
60 1-1  1.000e+000
60 1-2 -8.980e-001  1.000e+000
60 1-3 -3.570e-001 -9.038e-002  1.000e+000
60 2-1 -1.750e-001  1.780e-001  1.831e-002  1.000e+000
60 2-2  1.736e-001 -1.892e-001  8.698e-003 -9.899e-001  1.000e+000
60 2-3  7.802e-003  8.120e-002 -1.901e-001 -5.737e-002 -8.464e-002  1.000e+000
61  9.910e-001  7.123e-003  1.904e-003  1.577e-001  8.362e-001  6.103e-003 
61 1-1  1.000e+000
61 1-2 -8.975e-001  1.000e+000
61 1-3 -3.611e-001 -8.711e-002  1.000e+000
61 2-1 -1.744e-001  1.776e-001  1.844e-002  1.000e+000
61 2-2  1.724e-001 -1.901e-001  1.258e-002 -9.867e-001  1.000e+000
61 2-3  8.514e-003  8.092e-002 -1.904e-001 -5.882e-002 -1.040e-001  1.000e+000
62  9.900e-001  7.859e-003  2.113e-003  1.525e-001  8.407e-001  6.800e-003 
62 1-1  1.000e+000
62 1-2 -8.971e-001  1.000e+000
62 1-3 -3.653e-001 -8.370e-002  1.000e+000
62 2-1 -1.740e-001  1.774e-001  1.872e-002  1.000e+000
62 2-2  1.712e-001 -1.913e-001  1.684e-002 -9.826e-001  1.000e+000
62 2-3  9.293e-003  8.058e-002 -1.907e-001 -6.063e-002 -1.256e-001  1.000e+000
63  9.890e-001  8.670e-003  2.344e-003  1.473e-001  8.451e-001  7.575e-003 
63 1-1  1.000e+000
63 1-2 -8.966e-001  1.000e+000
63 1-3 -3.695e-001 -8.016e-002  1.000e+000
63 2-1 -1.738e-001  1.773e-001  1.920e-002  1.000e+000
63 2-2  1.700e-001 -1.926e-001  2.146e-002 -9.774e-001  1.000e+000
63 2-3  1.014e-002  8.017e-002 -1.911e-001 -6.282e-002 -1.496e-001  1.000e+000
64  9.878e-001  9.563e-003  2.600e-003  1.423e-001  8.492e-001  8.435e-003 
64 1-1  1.000e+000
64 1-2 -8.962e-001  1.000e+000
64 1-3 -3.738e-001 -7.657e-002  1.000e+000
64 2-1 -1.739e-001  1.774e-001  1.992e-002  1.000e+000
64 2-2  1.689e-001 -1.942e-001  2.641e-002 -9.708e-001  1.000e+000
64 2-3  1.107e-002  7.969e-002 -1.915e-001 -6.538e-002 -1.761e-001  1.000e+000
65  9.866e-001  1.055e-002  2.884e-003  1.375e-001  8.531e-001  9.390e-003 
65 1-1  1.000e+000
65 1-2 -8.957e-001  1.000e+000
65 1-3 -3.780e-001 -7.303e-002  1.000e+000
65 2-1 -1.744e-001  1.778e-001  2.096e-002  1.000e+000
65 2-2  1.678e-001 -1.960e-001  3.163e-002 -9.625e-001  1.000e+000
65 2-3  1.208e-002  7.913e-002 -1.919e-001 -6.830e-002 -2.050e-001  1.000e+000
66  9.852e-001  1.163e-002  3.199e-003  1.327e-001  8.568e-001  1.045e-002 
66 1-1  1.000e+000
66 1-2 -8.952e-001  1.000e+000
66 1-3 -3.821e-001 -6.970e-002  1.000e+000
66 2-1 -1.755e-001  1.786e-001  2.237e-002  1.000e+000
66 2-2  1.669e-001 -1.980e-001  3.700e-002 -9.523e-001  1.000e+000
66 2-3  1.318e-002  7.847e-002 -1.923e-001 -7.153e-002 -2.361e-001  1.000e+000
67  9.836e-001  1.283e-002  3.547e-003  1.281e-001  8.602e-001  1.163e-002 
67 1-1  1.000e+000
67 1-2 -8.947e-001  1.000e+000
67 1-3 -3.860e-001 -6.681e-002  1.000e+000
67 2-1 -1.772e-001  1.800e-001  2.423e-002  1.000e+000
67 2-2  1.663e-001 -2.004e-001  4.238e-002 -9.402e-001  1.000e+000
67 2-3  1.437e-002  7.772e-002 -1.926e-001 -7.502e-002 -2.691e-001  1.000e+000
68  9.819e-001  1.414e-002  3.933e-003  1.236e-001  8.634e-001  1.293e-002 
68 1-1  1.000e+000
68 1-2 -8.940e-001  1.000e+000
68 1-3 -3.893e-001 -6.473e-002  1.000e+000
68 2-1 -1.798e-001  1.819e-001  2.661e-002  1.000e+000
68 2-2  1.660e-001 -2.030e-001  4.754e-002 -9.261e-001  1.000e+000
68 2-3  1.564e-002  7.686e-002 -1.928e-001 -7.870e-002 -3.033e-001  1.000e+000
69  9.801e-001  1.558e-002  4.360e-003  1.193e-001  8.663e-001  1.438e-002 
69 1-1  1.000e+000
69 1-2 -8.930e-001  1.000e+000
69 1-3 -3.920e-001 -6.391e-002  1.000e+000
69 2-1 -1.835e-001  1.846e-001  2.957e-002  1.000e+000
69 2-2  1.662e-001 -2.059e-001  5.225e-002 -9.101e-001  1.000e+000
69 2-3  1.700e-002  7.589e-002 -1.928e-001 -8.245e-002 -3.379e-001  1.000e+000
70  9.780e-001  1.717e-002  4.832e-003  1.150e-001  8.690e-001  1.598e-002 
70 1-1  1.000e+000
70 1-2 -8.917e-001  1.000e+000
70 1-3 -3.937e-001 -6.499e-002  1.000e+000
70 2-1 -1.883e-001  1.881e-001  3.312e-002  1.000e+000
70 2-2  1.671e-001 -2.091e-001  5.626e-002 -8.927e-001  1.000e+000
70 2-3  1.842e-002  7.483e-002 -1.926e-001 -8.615e-002 -3.721e-001  1.000e+000
71  9.757e-001  1.892e-002  5.354e-003  1.109e-001  8.714e-001  1.776e-002 
71 1-1  1.000e+000
71 1-2 -8.899e-001  1.000e+000
71 1-3 -3.939e-001 -6.867e-002  1.000e+000
71 2-1 -1.945e-001  1.926e-001  3.725e-002  1.000e+000
71 2-2  1.688e-001 -2.127e-001  5.933e-002 -8.744e-001  1.000e+000
71 2-3  1.988e-002  7.370e-002 -1.920e-001 -8.966e-002 -4.048e-001  1.000e+000
72  9.732e-001  2.084e-002  5.932e-003  1.069e-001  8.734e-001  1.973e-002 
72 1-1  1.000e+000
72 1-2 -8.874e-001  1.000e+000
72 1-3 -3.924e-001 -7.570e-002  1.000e+000
72 2-1 -2.018e-001  1.978e-001  4.184e-002  1.000e+000
72 2-2  1.714e-001 -2.166e-001  6.133e-002 -8.560e-001  1.000e+000
72 2-3  2.133e-002  7.258e-002 -1.910e-001 -9.286e-002 -4.353e-001  1.000e+000
73  9.705e-001  2.295e-002  6.569e-003  1.029e-001  8.752e-001  2.190e-002 
73 1-1  1.000e+000
73 1-2 -8.842e-001  1.000e+000
73 1-3 -3.888e-001 -8.664e-002  1.000e+000
73 2-1 -2.103e-001  2.037e-001  4.672e-002  1.000e+000
73 2-2  1.749e-001 -2.206e-001  6.225e-002 -8.382e-001  1.000e+000
73 2-3  2.272e-002  7.156e-002 -1.896e-001 -9.561e-002 -4.627e-001  1.000e+000
74  9.675e-001  2.527e-002  7.274e-003  9.912e-002  8.766e-001  2.431e-002 
74 1-1  1.000e+000
74 1-2 -8.799e-001  1.000e+000
74 1-3 -3.831e-001 -1.017e-001  1.000e+000
74 2-1 -2.195e-001  2.099e-001  5.162e-002  1.000e+000
74 2-2  1.790e-001 -2.248e-001  6.231e-002 -8.218e-001  1.000e+000
74 2-3  2.398e-002  7.086e-002 -1.880e-001 -9.784e-002 -4.866e-001  1.000e+000
75  9.641e-001  2.781e-002  8.051e-003  9.541e-002  8.776e-001  2.697e-002 
75 1-1  1.000e+000
75 1-2 -8.748e-001  1.000e+000
75 1-3 -3.756e-001 -1.204e-001  1.000e+000
75 2-1 -2.290e-001  2.159e-001  5.625e-002  1.000e+000
75 2-2  1.835e-001 -2.290e-001  6.192e-002 -8.074e-001  1.000e+000
75 2-3  2.502e-002  7.074e-002 -1.866e-001 -9.948e-002 -5.068e-001  1.000e+000
76  9.605e-001  3.060e-002  8.908e-003  9.180e-002  8.783e-001  2.991e-002 
76 1-1  1.000e+000
76 1-2 -8.689e-001  1.000e+000
76 1-3 -3.668e-001 -1.417e-001  1.000e+000
76 2-1 -2.380e-001  2.211e-001  6.035e-002  1.000e+000
76 2-2  1.882e-001 -2.330e-001  6.170e-002 -7.954e-001  1.000e+000
76 2-3  2.579e-002  7.158e-002 -1.861e-001 -1.005e-001 -5.231e-001  1.000e+000
77  9.565e-001  3.365e-002  9.852e-003  8.828e-002  8.786e-001  3.316e-002 
77 1-1  1.000e+000
77 1-2 -8.625e-001  1.000e+000
77 1-3 -3.575e-001 -1.642e-001  1.000e+000
77 2-1 -2.460e-001  2.253e-001  6.374e-002  1.000e+000
77 2-2  1.925e-001 -2.371e-001  6.238e-002 -7.858e-001  1.000e+000
77 2-3  2.623e-002  7.381e-002 -1.874e-001 -1.010e-001 -5.360e-001  1.000e+000
78  9.521e-001  3.699e-002  1.089e-002  8.486e-002  8.784e-001  3.673e-002 
78 1-1  1.000e+000
78 1-2 -8.559e-001  1.000e+000
78 1-3 -3.486e-001 -1.864e-001  1.000e+000
78 2-1 -2.526e-001  2.282e-001  6.637e-002  1.000e+000
78 2-2  1.961e-001 -2.413e-001  6.472e-002 -7.785e-001  1.000e+000
78 2-3  2.633e-002  7.789e-002 -1.912e-001 -1.010e-001 -5.459e-001  1.000e+000
79  9.473e-001  4.064e-002  1.204e-002  8.153e-002  8.778e-001  4.068e-002 
79 1-1  1.000e+000
79 1-2 -8.493e-001  1.000e+000
79 1-3 -3.405e-001 -2.071e-001  1.000e+000
79 2-1 -2.575e-001  2.296e-001  6.829e-002  1.000e+000
79 2-2  1.989e-001 -2.459e-001  6.937e-002 -7.730e-001  1.000e+000
79 2-3  2.609e-002  8.424e-002 -1.984e-001 -1.005e-001 -5.536e-001  1.000e+000
80  9.421e-001  4.464e-002  1.329e-002  7.828e-002  8.767e-001  4.502e-002 
80 1-1  1.000e+000
80 1-2 -8.431e-001  1.000e+000
80 1-3 -3.338e-001 -2.256e-001  1.000e+000
80 2-1 -2.608e-001  2.298e-001  6.963e-002  1.000e+000
80 2-2  2.006e-001 -2.512e-001  7.688e-002 -7.682e-001  1.000e+000
80 2-3  2.554e-002  9.319e-002 -2.096e-001 -9.967e-002 -5.604e-001  1.000e+000
81  9.363e-001  4.899e-002  1.468e-002  7.512e-002  8.751e-001  4.980e-002 
81 1-1  1.000e+000
81 1-2 -8.371e-001  1.000e+000
81 1-3 -3.284e-001 -2.418e-001  1.000e+000
81 2-1 -2.625e-001  2.288e-001  7.055e-002  1.000e+000
81 2-2  2.011e-001 -2.573e-001  8.764e-002 -7.629e-001  1.000e+000
81 2-3  2.468e-002  1.048e-001 -2.247e-001 -9.860e-002 -5.681e-001  1.000e+000
82  9.301e-001  5.374e-002  1.619e-002  7.204e-002  8.729e-001  5.505e-002 
82 1-1  1.000e+000
82 1-2 -8.315e-001  1.000e+000
82 1-3 -3.242e-001 -2.559e-001  1.000e+000
82 2-1 -2.630e-001  2.270e-001  7.119e-002  1.000e+000
82 2-2  2.000e-001 -2.641e-001  1.018e-001 -7.550e-001  1.000e+000
82 2-3  2.351e-002  1.187e-001 -2.430e-001 -9.738e-002 -5.791e-001  1.000e+000
83  9.232e-001  5.892e-002  1.785e-002  6.904e-002  8.702e-001  6.081e-002 
83 1-1  1.000e+000
83 1-2 -8.263e-001  1.000e+000
83 1-3 -3.210e-001 -2.682e-001  1.000e+000
83 2-1 -2.626e-001  2.245e-001  7.170e-002  1.000e+000
83 2-2  1.970e-001 -2.713e-001  1.192e-001 -7.418e-001  1.000e+000
83 2-3  2.203e-002  1.339e-001 -2.628e-001 -9.615e-002 -5.962e-001  1.000e+000
84  9.158e-001  6.454e-002  1.967e-002  6.612e-002  8.668e-001  6.712e-002 
84 1-1  1.000e+000
84 1-2 -8.212e-001  1.000e+000
84 1-3 -3.187e-001 -2.792e-001  1.000e+000
84 2-1 -2.615e-001  2.215e-001  7.219e-002  1.000e+000
84 2-2  1.916e-001 -2.780e-001  1.394e-001 -7.201e-001  1.000e+000
84 2-3  2.025e-002  1.489e-001 -2.814e-001 -9.516e-002 -6.222e-001  1.000e+000
85  9.077e-001  7.064e-002  2.165e-002  6.327e-002  8.627e-001  7.403e-002 
85 1-1  1.000e+000
85 1-2 -8.163e-001  1.000e+000
85 1-3 -3.168e-001 -2.893e-001  1.000e+000
85 2-1 -2.600e-001  2.181e-001  7.274e-002  1.000e+000
85 2-2  1.833e-001 -2.831e-001  1.611e-001 -6.870e-001  1.000e+000
85 2-3  1.826e-002  1.619e-001 -2.961e-001 -9.483e-002 -6.582e-001  1.000e+000
86  8.989e-001  7.726e-002  2.381e-002  6.049e-002  8.579e-001  8.158e-002 
86 1-1  1.000e+000
86 1-2 -8.113e-001  1.000e+000
86 1-3 -3.153e-001 -2.989e-001  1.000e+000
86 2-1 -2.581e-001  2.143e-001  7.343e-002  1.000e+000
86 2-2  1.719e-001 -2.855e-001  1.829e-001 -6.405e-001  1.000e+000
86 2-3  1.621e-002  1.716e-001 -3.050e-001 -9.573e-002 -7.032e-001  1.000e+000
87  8.894e-001  8.442e-002  2.617e-002  5.778e-002  8.524e-001  8.982e-002 
87 1-1  1.000e+000
87 1-2 -8.063e-001  1.000e+000
87 1-3 -3.140e-001 -3.084e-001  1.000e+000
87 2-1 -2.561e-001  2.103e-001  7.430e-002  1.000e+000
87 2-2  1.576e-001 -2.843e-001  2.029e-001 -5.805e-001  1.000e+000
87 2-3  1.429e-002  1.776e-001 -3.080e-001 -9.848e-002 -7.531e-001  1.000e+000
88  8.791e-001  9.215e-002  2.873e-002  5.514e-002  8.461e-001  9.879e-002 
88 1-1  1.000e+000
88 1-2 -8.011e-001  1.000e+000
88 1-3 -3.127e-001 -3.180e-001  1.000e+000
88 2-1 -2.539e-001  2.059e-001  7.539e-002  1.000e+000
88 2-2  1.413e-001 -2.795e-001  2.198e-001 -5.098e-001  1.000e+000
88 2-3  1.263e-002  1.804e-001 -3.063e-001 -1.035e-001 -8.029e-001  1.000e+000
89  8.680e-001  1.005e-001  3.150e-002  5.256e-002  8.389e-001  1.085e-001 
89 1-1  1.000e+000
89 1-2 -7.956e-001  1.000e+000
89 1-3 -3.114e-001 -3.280e-001  1.000e+000
89 2-1 -2.517e-001  2.013e-001  7.674e-002  1.000e+000
89 2-2  1.240e-001 -2.716e-001  2.326e-001 -4.325e-001  1.000e+000
89 2-3  1.130e-002  1.810e-001 -3.015e-001 -1.112e-001 -8.480e-001  1.000e+000
90  8.561e-001  1.094e-001  3.451e-002  5.005e-002  8.308e-001  1.191e-001 
90 1-1  1.000e+000
90 1-2 -7.898e-001  1.000e+000
90 1-3 -3.098e-001 -3.384e-001  1.000e+000
90 2-1 -2.495e-001  1.964e-001  7.835e-002  1.000e+000
90 2-2  1.070e-001 -2.617e-001  2.416e-001 -3.531e-001  1.000e+000
90 2-3  1.031e-002  1.802e-001 -2.952e-001 -1.215e-001 -8.857e-001  1.000e+000