# ITFadl.txt
#IMaCh version 0.99r45, April 2023,INED-EUROREVES-Institut de longevite-Japan Society for the Promotion of Science (Grant-in-Aid for Scientific Research 25293121), Intel Software 2015-2020, Nihon University 2021-202, INED 2000-2022
#$Revision: 1.353 $ $Date: 2023/05/08 18:48:22 $
# Tue Feb 04 22:03:38 2025
#One-step probabilities and covariance matrix
# Age p1-1  p1-2  p1-3  p2-1  p2-2  p2-3 
50  9.970e-001  2.405e-003  6.038e-004  2.249e-001  7.733e-001  1.824e-003 
50 1-1  5.931e-007
50 1-2 -5.114e-007  5.392e-007
50 1-3 -8.164e-008 -2.772e-008  1.094e-007
50 2-1 -6.124e-006  5.830e-006  2.945e-007  1.888e-003
50 2-2  6.120e-006 -5.921e-006 -1.993e-007 -1.884e-003  1.882e-003
50 2-3  4.011e-009  9.113e-008 -9.514e-008 -3.923e-006  1.603e-006  2.320e-006
51  9.967e-001  2.655e-003  6.704e-004  2.181e-001  7.799e-001  2.039e-003 
51 1-1  6.749e-007
51 1-2 -5.808e-007  6.119e-007
51 1-3 -9.418e-008 -3.112e-008  1.253e-007
51 2-1 -6.144e-006  5.851e-006  2.931e-007  1.684e-003
51 2-2  6.139e-006 -5.957e-006 -1.825e-007 -1.680e-003  1.679e-003
51 2-3  5.001e-009  1.056e-007 -1.106e-007 -3.939e-006  1.203e-006  2.736e-006
52  9.963e-001  2.931e-003  7.443e-004  2.114e-001  7.863e-001  2.278e-003 
52 1-1  7.663e-007
52 1-2 -6.579e-007  6.927e-007
52 1-3 -1.084e-007 -3.481e-008  1.432e-007
52 2-1 -6.147e-006  5.856e-006  2.909e-007  1.498e-003
52 2-2  6.141e-006 -5.978e-006 -1.626e-007 -1.494e-003  1.493e-003
52 2-3  6.241e-009  1.220e-007 -1.283e-007 -3.956e-006  7.364e-007  3.219e-006
53  9.959e-001  3.236e-003  8.264e-004  2.048e-001  7.926e-001  2.544e-003 
53 1-1  8.679e-007
53 1-2 -7.435e-007  7.823e-007
53 1-3 -1.244e-007 -3.878e-008  1.632e-007
53 2-1 -6.134e-006  5.846e-006  2.880e-007  1.328e-003
53 2-2  6.126e-006 -5.986e-006 -1.396e-007 -1.324e-003  1.324e-003
53 2-3  7.793e-009  1.406e-007 -1.484e-007 -3.976e-006  1.965e-007  3.779e-006
54  9.955e-001  3.572e-003  9.174e-004  1.985e-001  7.987e-001  2.841e-003 
54 1-1  9.806e-007
54 1-2 -8.380e-007  8.810e-007
54 1-3 -1.425e-007 -4.302e-008  1.855e-007
54 2-1 -6.103e-006  5.818e-006  2.844e-007  1.175e-003
54 2-2  6.093e-006 -5.980e-006 -1.131e-007 -1.171e-003  1.171e-003
54 2-3  9.726e-009  1.616e-007 -1.713e-007 -4.001e-006 -4.255e-007  4.426e-006
55  9.950e-001  3.943e-003  1.018e-003  1.922e-001  8.046e-001  3.172e-003 
55 1-1  1.105e-006
55 1-2 -9.420e-007  9.895e-007
55 1-3 -1.628e-007 -4.750e-008  2.103e-007
55 2-1 -6.055e-006  5.775e-006  2.803e-007  1.036e-003
55 2-2  6.043e-006 -5.960e-006 -8.312e-008 -1.032e-003  1.033e-003
55 2-3  1.213e-008  1.851e-007 -1.972e-007 -4.032e-006 -1.139e-006  5.171e-006
56  9.945e-001  4.352e-003  1.131e-003  1.861e-001  8.104e-001  3.540e-003 
56 1-1  1.241e-006
56 1-2 -1.056e-006  1.108e-006
56 1-3 -1.854e-007 -5.218e-008  2.376e-007
56 2-1 -5.991e-006  5.715e-006  2.759e-007  9.113e-004
56 2-2  5.976e-006 -5.927e-006 -4.944e-008 -9.072e-004  9.092e-004
56 2-3  1.510e-008  2.113e-007 -2.264e-007 -4.072e-006 -1.953e-006  6.024e-006
57  9.939e-001  4.803e-003  1.255e-003  1.801e-001  8.159e-001  3.950e-003 
57 1-1  1.390e-006
57 1-2 -1.180e-006  1.237e-006
57 1-3 -2.105e-007 -5.703e-008  2.675e-007
57 2-1 -5.912e-006  5.641e-006  2.712e-007  7.996e-004
57 2-2  5.893e-006 -5.881e-006 -1.199e-008 -7.955e-004  7.984e-004
57 2-3  1.876e-008  2.404e-007 -2.592e-007 -4.122e-006 -2.878e-006  7.000e-006
58  9.933e-001  5.301e-003  1.393e-003  1.743e-001  8.213e-001  4.405e-003 
58 1-1  1.553e-006
58 1-2 -1.314e-006  1.376e-006
58 1-3 -2.383e-007 -6.196e-008  3.002e-007
58 2-1 -5.818e-006  5.552e-006  2.666e-007  7.000e-004
58 2-2  5.795e-006 -5.824e-006  2.928e-008 -6.958e-004  6.998e-004
58 2-3  2.326e-008  2.726e-007 -2.958e-007 -4.184e-006 -3.925e-006  8.109e-006
59  9.926e-001  5.850e-003  1.546e-003  1.687e-001  8.264e-001  4.912e-003 
59 1-1  1.728e-006
59 1-2 -1.459e-006  1.526e-006
59 1-3 -2.688e-007 -6.691e-008  3.357e-007
59 2-1 -5.713e-006  5.450e-006  2.623e-007  6.116e-004
59 2-2  5.684e-006 -5.758e-006  7.435e-008 -6.073e-004  6.124e-004
59 2-3  2.877e-008  3.078e-007 -3.366e-007 -4.260e-006 -5.106e-006  9.366e-006
60  9.918e-001  6.456e-003  1.716e-003  1.631e-001  8.314e-001  5.476e-003 
60 1-1  1.917e-006
60 1-2 -1.615e-006  1.687e-006
60 1-3 -3.023e-007 -7.179e-008  3.741e-007
60 2-1 -5.597e-006  5.338e-006  2.586e-007  5.334e-004
60 2-2  5.561e-006 -5.684e-006  1.231e-007 -5.290e-004  5.355e-004
60 2-3  3.547e-008  3.463e-007 -3.817e-007 -4.351e-006 -6.431e-006  1.078e-005
61  9.910e-001  7.123e-003  1.904e-003  1.577e-001  8.362e-001  6.103e-003 
61 1-1  2.119e-006
61 1-2 -1.781e-006  1.857e-006
61 1-3 -3.387e-007 -7.649e-008  4.152e-007
61 2-1 -5.474e-006  5.218e-006  2.561e-007  4.646e-004
61 2-2  5.430e-006 -5.605e-006  1.754e-007 -4.602e-004  4.681e-004
61 2-3  4.359e-008  3.878e-007 -4.314e-007 -4.459e-006 -7.911e-006  1.237e-005
62  9.900e-001  7.859e-003  2.113e-003  1.525e-001  8.407e-001  6.800e-003 
62 1-1  2.335e-006
62 1-2 -1.956e-006  2.037e-006
62 1-3 -3.782e-007 -8.095e-008  4.591e-007
62 2-1 -5.347e-006  5.092e-006  2.551e-007  4.045e-004
62 2-2  5.294e-006 -5.524e-006  2.308e-007 -3.999e-004  4.094e-004
62 2-3  5.339e-008  4.325e-007 -4.859e-007 -4.585e-006 -9.554e-006  1.414e-005
63  9.890e-001  8.670e-003  2.344e-003  1.473e-001  8.451e-001  7.575e-003 
63 1-1  2.563e-006
63 1-2 -2.142e-006  2.227e-006
63 1-3 -4.207e-007 -8.508e-008  5.058e-007
63 2-1 -5.221e-006  4.965e-006  2.562e-007  3.522e-004
63 2-2  5.156e-006 -5.445e-006  2.891e-007 -3.474e-004  3.588e-004
63 2-3  6.516e-008  4.801e-007 -5.452e-007 -4.730e-006 -1.137e-005  1.610e-005
64  9.878e-001  9.563e-003  2.600e-003  1.423e-001  8.492e-001  8.435e-003 
64 1-1  2.803e-006
64 1-2 -2.337e-006  2.426e-006
64 1-3 -4.664e-007 -8.887e-008  5.552e-007
64 2-1 -5.101e-006  4.841e-006  2.601e-007  3.069e-004
64 2-2  5.022e-006 -5.372e-006  3.495e-007 -3.020e-004  3.154e-004
64 2-3  7.921e-008  5.304e-007 -6.096e-007 -4.894e-006 -1.336e-005  1.826e-005
65  9.866e-001  1.055e-002  2.884e-003  1.375e-001  8.531e-001  9.390e-003 
65 1-1  3.057e-006
65 1-2 -2.542e-006  2.634e-006
65 1-3 -5.152e-007 -9.240e-008  6.076e-007
65 2-1 -4.994e-006  4.726e-006  2.675e-007  2.681e-004
65 2-2  4.898e-006 -5.309e-006  4.115e-007 -2.630e-004  2.785e-004
65 2-3  9.592e-008  5.831e-007 -6.790e-007 -5.077e-006 -1.553e-005  2.061e-005
66  9.852e-001  1.163e-002  3.199e-003  1.327e-001  8.568e-001  1.045e-002 
66 1-1  3.325e-006
66 1-2 -2.757e-006  2.853e-006
66 1-3 -5.675e-007 -9.588e-008  6.634e-007
66 2-1 -4.905e-006  4.626e-006  2.793e-007  2.350e-004
66 2-2  4.789e-006 -5.263e-006  4.742e-007 -2.297e-004  2.476e-004
66 2-3  1.157e-007  6.378e-007 -7.535e-007 -5.276e-006 -1.788e-005  2.316e-005
67  9.836e-001  1.283e-002  3.547e-003  1.281e-001  8.602e-001  1.163e-002 
67 1-1  3.608e-006
67 1-2 -2.984e-006  3.084e-006
67 1-3 -6.234e-007 -9.978e-008  7.232e-007
67 2-1 -4.843e-006  4.547e-006  2.965e-007  2.070e-004
67 2-2  4.705e-006 -5.241e-006  5.368e-007 -2.015e-004  2.219e-004
67 2-3  1.389e-007  6.944e-007 -8.333e-007 -5.492e-006 -2.039e-005  2.589e-005
68  9.819e-001  1.414e-002  3.933e-003  1.236e-001  8.634e-001  1.293e-002 
68 1-1  3.911e-006
68 1-2 -3.227e-006  3.332e-006
68 1-3 -6.838e-007 -1.049e-007  7.887e-007
68 2-1 -4.819e-006  4.498e-006  3.202e-007  1.836e-004
68 2-2  4.653e-006 -5.251e-006  5.984e-007 -1.778e-004  2.009e-004
68 2-3  1.660e-007  7.526e-007 -9.186e-007 -5.720e-006 -2.306e-005  2.878e-005
69  9.801e-001  1.558e-002  4.360e-003  1.193e-001  8.663e-001  1.438e-002 
69 1-1  4.240e-006
69 1-2 -3.491e-006  3.603e-006
69 1-3 -7.496e-007 -1.127e-007  8.623e-007
69 2-1 -4.841e-006  4.489e-006  3.517e-007  1.641e-004
69 2-2  4.644e-006 -5.302e-006  6.582e-007 -1.582e-004  1.840e-004
69 2-3  1.974e-007  8.125e-007 -1.010e-006 -5.957e-006 -2.585e-005  3.181e-005
70  9.780e-001  1.717e-002  4.832e-003  1.150e-001  8.690e-001  1.598e-002 
70 1-1  4.609e-006
70 1-2 -3.786e-006  3.911e-006
70 1-3 -8.229e-007 -1.251e-007  9.480e-007
70 2-1 -4.922e-006  4.530e-006  3.926e-007  1.482e-004
70 2-2  4.689e-006 -5.404e-006  7.158e-007 -1.420e-004  1.708e-004
70 2-3  2.337e-007  8.747e-007 -1.108e-006 -6.199e-006 -2.874e-005  3.494e-005
71  9.757e-001  1.892e-002  5.354e-003  1.109e-001  8.714e-001  1.776e-002 
71 1-1  5.033e-006
71 1-2 -4.127e-006  4.272e-006
71 1-3 -9.066e-007 -1.456e-007  1.052e-006
71 2-1 -5.076e-006  4.631e-006  4.445e-007  1.354e-004
71 2-2  4.801e-006 -5.572e-006  7.713e-007 -1.289e-004  1.606e-004
71 2-3  2.753e-007  9.405e-007 -1.216e-006 -6.440e-006 -3.167e-005  3.811e-005
72  9.732e-001  2.084e-002  5.932e-003  1.069e-001  8.734e-001  1.973e-002 
72 1-1  5.543e-006
72 1-2 -4.537e-006  4.716e-006
72 1-3 -1.005e-006 -1.789e-007  1.184e-006
72 2-1 -5.316e-006  4.807e-006  5.095e-007  1.252e-004
72 2-2  4.993e-006 -5.819e-006  8.258e-007 -1.185e-004  1.531e-004
72 2-3  3.226e-007  1.013e-006 -1.335e-006 -6.674e-006 -3.460e-005  4.128e-005
73  9.705e-001  2.295e-002  6.569e-003  1.029e-001  8.752e-001  2.190e-002 
73 1-1  6.177e-006
73 1-2 -5.051e-006  5.283e-006
73 1-3 -1.126e-006 -2.321e-007  1.359e-006
73 2-1 -5.659e-006  5.070e-006  5.896e-007  1.172e-004
73 2-2  5.283e-006 -6.165e-006  8.821e-007 -1.103e-004  1.478e-004
73 2-3  3.761e-007  1.096e-006 -1.472e-006 -6.894e-006 -3.747e-005  4.436e-005
74  9.675e-001  2.527e-002  7.274e-003  9.912e-002  8.766e-001  2.431e-002 
74 1-1  6.995e-006
74 1-2 -5.716e-006  6.031e-006
74 1-3 -1.280e-006 -3.154e-007  1.595e-006
74 2-1 -6.122e-006  5.435e-006  6.875e-007  1.112e-004
74 2-2  5.686e-006 -6.631e-006  9.453e-007 -1.041e-004  1.443e-004
74 2-3  4.361e-007  1.197e-006 -1.633e-006 -7.094e-006 -4.020e-005  4.729e-005
75  9.641e-001  2.781e-002  8.051e-003  9.541e-002  8.776e-001  2.697e-002 
75 1-1  8.080e-006
75 1-2 -6.599e-006  7.042e-006
75 1-3 -1.481e-006 -4.432e-007  1.924e-006
75 2-1 -6.724e-006  5.918e-006  8.061e-007  1.067e-004
75 2-2  6.221e-006 -7.245e-006  1.024e-006 -9.945e-005  1.422e-004
75 2-3  5.029e-007  1.327e-006 -1.830e-006 -7.266e-006 -4.272e-005  4.999e-005
76  9.605e-001  3.060e-002  8.908e-003  9.180e-002  8.783e-001  2.991e-002 
76 1-1  9.545e-006
76 1-2 -7.795e-006  8.430e-006
76 1-3 -1.751e-006 -6.357e-007  2.386e-006
76 2-1 -7.484e-006  6.535e-006  9.488e-007  1.036e-004
76 2-2  6.907e-006 -8.039e-006  1.132e-006 -9.618e-005  1.412e-004
76 2-3  5.768e-007  1.504e-006 -2.081e-006 -7.405e-006 -4.499e-005  5.240e-005
77  9.565e-001  3.365e-002  9.852e-003  8.828e-002  8.786e-001  3.316e-002 
77 1-1  1.155e-005
77 1-2 -9.430e-006  1.035e-005
77 1-3 -2.118e-006 -9.210e-007  3.039e-006
77 2-1 -8.423e-006  7.304e-006  1.119e-006  1.015e-004
77 2-2  7.765e-006 -9.056e-006  1.291e-006 -9.399e-005  1.410e-004
77 2-3  6.580e-007  1.753e-006 -2.411e-006 -7.510e-006 -4.697e-005  5.448e-005
78  9.521e-001  3.699e-002  1.089e-002  8.486e-002  8.784e-001  3.673e-002 
78 1-1  1.430e-005
78 1-2 -1.167e-005  1.301e-005
78 1-3 -2.623e-006 -1.338e-006  3.961e-006
78 2-1 -9.563e-006  8.241e-006  1.323e-006  1.002e-004
78 2-2  8.817e-006 -1.035e-005  1.531e-006 -9.266e-005  1.413e-004
78 2-3  7.467e-007  2.107e-006 -2.854e-006 -7.581e-006 -4.867e-005  5.625e-005
79  9.473e-001  4.064e-002  1.204e-002  8.153e-002  8.778e-001  4.068e-002 
79 1-1  1.807e-005
79 1-2 -1.475e-005  1.669e-005
79 1-3 -3.320e-006 -1.940e-006  5.261e-006
79 2-1 -1.093e-005  9.363e-006  1.563e-006  9.962e-005
79 2-2  1.008e-005 -1.198e-005  1.897e-006 -9.199e-005  1.422e-004
79 2-3  8.435e-007  2.617e-006 -3.461e-006 -7.626e-006 -5.019e-005  5.782e-005
80  9.421e-001  4.464e-002  1.329e-002  7.828e-002  8.767e-001  4.502e-002 
80 1-1  2.324e-005
80 1-2 -1.896e-005  2.176e-005
80 1-3 -4.282e-006 -2.800e-006  7.082e-006
80 2-1 -1.253e-005  1.069e-005  1.848e-006  9.943e-005
80 2-2  1.159e-005 -1.404e-005  2.451e-006 -9.177e-005  1.435e-004
80 2-3  9.488e-007  3.350e-006 -4.299e-006 -7.660e-006 -5.175e-005  5.941e-005
81  9.363e-001  4.899e-002  1.468e-002  7.512e-002  8.751e-001  4.980e-002 
81 1-1  3.026e-005
81 1-2 -2.466e-005  2.868e-005
81 1-3 -5.603e-006 -4.016e-006  9.618e-006
81 2-1 -1.441e-005  1.223e-005  2.183e-006  9.954e-005
81 2-2  1.334e-005 -1.662e-005  3.279e-006 -9.183e-005  1.455e-004
81 2-3  1.064e-006  4.398e-006 -5.462e-006 -7.710e-006 -5.372e-005  6.143e-005
82  9.301e-001  5.374e-002  1.619e-002  7.204e-002  8.729e-001  5.505e-002 
82 1-1  3.976e-005
82 1-2 -3.235e-005  3.807e-005
82 1-3 -7.406e-006 -5.720e-006  1.313e-005
82 2-1 -1.657e-005  1.399e-005  2.577e-006  9.980e-005
82 2-2  1.538e-005 -1.988e-005  4.498e-006 -9.198e-005  1.487e-004
82 2-3  1.191e-006  5.883e-006 -7.075e-006 -7.817e-006 -5.675e-005  6.457e-005
83  9.232e-001  5.892e-002  1.785e-002  6.904e-002  8.702e-001  6.081e-002 
83 1-1  5.247e-005
83 1-2 -4.262e-005  5.071e-005
83 1-3 -9.850e-006 -8.089e-006  1.794e-005
83 2-1 -1.903e-005  1.600e-005  3.038e-006  1.001e-004
83 2-2  1.770e-005 -2.397e-005  6.265e-006 -9.207e-005  1.539e-004
83 2-3  1.334e-006  7.969e-006 -9.303e-006 -8.041e-006 -6.182e-005  6.986e-005
84  9.158e-001  6.454e-002  1.967e-002  6.612e-002  8.668e-001  6.712e-002 
84 1-1  6.936e-005
84 1-2 -5.623e-005  6.759e-005
84 1-3 -1.314e-005 -1.136e-005  2.449e-005
84 2-1 -2.182e-005  1.824e-005  3.579e-006  1.004e-004
84 2-2  2.032e-005 -2.911e-005  8.786e-006 -9.190e-005  1.623e-004
84 2-3  1.497e-006  1.087e-005 -1.237e-005 -8.464e-006 -7.036e-005  7.883e-005
85  9.077e-001  7.064e-002  2.165e-002  6.327e-002  8.627e-001  7.403e-002 
85 1-1  9.158e-005
85 1-2 -7.407e-005  8.991e-005
85 1-3 -1.751e-005 -1.584e-005  3.335e-005
85 2-1 -2.494e-005  2.073e-005  4.211e-006  1.005e-004
85 2-2  2.325e-005 -3.558e-005  1.233e-005 -9.128e-005  1.757e-004
85 2-3  1.690e-006  1.485e-005 -1.654e-005 -9.197e-006 -8.441e-005  9.361e-005
86  8.989e-001  7.726e-002  2.381e-002  6.049e-002  8.579e-001  8.158e-002 
86 1-1  1.205e-004
86 1-2 -9.724e-005  1.192e-004
86 1-3 -2.328e-005 -2.195e-005  4.523e-005
86 2-1 -2.839e-005  2.345e-005  4.948e-006  1.004e-004
86 2-2  2.647e-005 -4.372e-005  1.725e-005 -9.002e-005  1.968e-004
86 2-3  1.926e-006  2.028e-005 -2.220e-005 -1.038e-005 -1.067e-004  1.171e-004
87  8.894e-001  8.442e-002  2.617e-002  5.778e-002  8.524e-001  8.982e-002 
87 1-1  1.579e-004
87 1-2 -1.270e-004  1.573e-004
87 1-3 -3.083e-005 -3.022e-005  6.105e-005
87 2-1 -3.219e-005  2.638e-005  5.808e-006  1.001e-004
87 2-2  2.997e-005 -5.396e-005  2.399e-005 -8.788e-005  2.290e-004
87 2-3  2.223e-006  2.758e-005 -2.980e-005 -1.220e-005 -1.411e-004  1.533e-004
88  8.791e-001  9.215e-002  2.873e-002  5.514e-002  8.461e-001  9.879e-002 
88 1-1  2.056e-004
88 1-2 -1.650e-004  2.063e-004
88 1-3 -4.059e-005 -4.135e-005  8.194e-005
88 2-1 -3.632e-005  2.951e-005  6.807e-006  9.949e-005
88 2-2  3.371e-005 -6.682e-005  3.311e-005 -8.462e-005  2.770e-004
88 2-3  2.607e-006  3.731e-005 -3.991e-005 -1.487e-005 -1.923e-004  2.072e-004
89  8.680e-001  1.005e-001  3.150e-002  5.256e-002  8.389e-001  1.085e-001 
89 1-1  2.659e-004
89 1-2 -2.128e-004  2.690e-004
89 1-3 -5.309e-005 -5.625e-005  1.093e-004
89 2-1 -4.076e-005  3.279e-005  7.967e-006  9.859e-005
89 2-2  3.764e-005 -8.293e-005  4.529e-005 -7.994e-005  3.466e-004
89 2-3  3.113e-006  5.014e-005 -5.326e-005 -1.865e-005 -2.667e-004  2.853e-004
90  8.561e-001  1.094e-001  3.451e-002  5.005e-002  8.308e-001  1.191e-001 
90 1-1  3.413e-004
90 1-2 -2.724e-004  3.485e-004
90 1-3 -6.893e-005 -7.607e-005  1.450e-004
90 2-1 -4.549e-005  3.618e-005  9.311e-006  9.739e-005
90 2-2  4.170e-005 -1.031e-004  6.139e-005 -7.354e-005  4.454e-004
90 2-3  3.787e-006  6.691e-005 -7.070e-005 -2.385e-005 -3.718e-004  3.957e-004