
#****** ******
# ITFadl.txt
#IMaCh version 0.99r45, April 2023,INED-EUROREVES-Institut de longevite-Japan Society for the Promotion of Science (Grant-in-Aid for Scientific Research 25293121), Intel Software 2015-2020, Nihon University 2021-202, INED 2000-2022
#$Revision: 1.353 $ $Date: 2023/05/08 18:48:22 $
# Tue Feb 04 22:03:38 2025
# Standard deviation of period (forward stable) prevalences 
# Age  Result#  1-1 2-2
50 1  0.99174 (0.00273) 0.00827 (0.00274)
51 1  0.99067 (0.00299) 0.00933 (0.00299)
52 1  0.98947 (0.00326) 0.01054 (0.00327)
53 1  0.98811 (0.00355) 0.01190 (0.00356)
54 1  0.98658 (0.00387) 0.01343 (0.00387)
55 1  0.98486 (0.00420) 0.01515 (0.00421)
56 1  0.98292 (0.00456) 0.01709 (0.00457)
57 1  0.98073 (0.00494) 0.01927 (0.00506)
58 1  0.97828 (0.00534) 0.02173 (0.00534)
59 1  0.97553 (0.00576) 0.02449 (0.00576)
60 1  0.97243 (0.00620) 0.02758 (0.00621)
61 1  0.96897 (0.00666) 0.03105 (0.00667)
62 1  0.96509 (0.00713) 0.03493 (0.00714)
63 1  0.96075 (0.00762) 0.03927 (0.00764)
64 1  0.95591 (0.00813) 0.04411 (0.00814)
65 1  0.95051 (0.00865) 0.04951 (0.00866)
66 1  0.94450 (0.00917) 0.05553 (0.00919)
67 1  0.93782 (0.00971) 0.06221 (0.00972)
68 1  0.93043 (0.01025) 0.06961 (0.01027)
69 1  0.92224 (0.01079) 0.07780 (0.01081)
70 1  0.91322 (0.01135) 0.08682 (0.01137)
71 1  0.90329 (0.01192) 0.09676 (0.01194)
72 1  0.89240 (0.01251) 0.10765 (0.01253)
73 1  0.88049 (0.01313) 0.11958 (0.01316)
74 1  0.86752 (0.01381) 0.13255 (0.01383)
75 1  0.85344 (0.01456) 0.14665 (0.01459)
76 1  0.83821 (0.01541) 0.16187 (0.01543)
77 1  0.82182 (0.01638) 0.17828 (0.01641)
78 1  0.80426 (0.01751) 0.19584 (0.01753)
79 1  0.78552 (0.01881) 0.21459 (0.01884)
80 1  0.76564 (0.02032) 0.23449 (0.02036)
81 1  0.74466 (0.02205) 0.25546 (0.02208)
82 1  0.72263 (0.02402) 0.27751 (0.02405)
83 1  0.69964 (0.02621) 0.30052 (0.02624)
84 1  0.67578 (0.02865) 0.32439 (0.02868)
85 1  0.65117 (0.03132) 0.34902 (0.03135)
86 1  0.62594 (0.03422) 0.37426 (0.03425)
87 1  0.60024 (0.03736) 0.39997 (0.03738)
88 1  0.57421 (0.04073) 0.42601 (0.04074)
89 1  0.54801 (0.04433) 0.45225 (0.04434)
90 1  0.52181 (0.04817) 0.47845 (0.04818)
