# FRFchr.txt
#IMaCh version 0.99r45, April 2023,INED-EUROREVES-Institut de longevite-Japan Society for the Promotion of Science (Grant-in-Aid for Scientific Research 25293121), Intel Software 2015-2020, Nihon University 2021-202, INED 2000-2022
#$Revision: 1.353 $ $Date: 2023/05/08 18:48:22 $
# Tue Feb 04 22:21:37 2025

#****** ******
# (a) Life expectancies by health status at initial age and (b) health expectancies by health status at initial age
# Age e11  e12  e1.  e21  e22  e2. 
 50   8.6261  28.9794  37.6056   5.7145  31.7816  37.4960
 51   8.2419  28.3932  36.6351   5.3682  31.1494  36.5176
 52   7.8726  27.7955  35.6681   5.0386  30.5037  35.5423
 53   7.5180  27.1868  34.7048   4.7250  29.8453  34.5703
 54   7.1777  26.5678  33.7455   4.4270  29.1750  33.6020
 55   6.8514  25.9393  32.7907   4.1440  28.4938  32.6378
 56   6.5388  25.3019  31.8407   3.8756  27.8024  31.6780
 57   6.2395  24.6565  30.8960   3.6211  27.1020  30.7232
 58   5.9532  24.0038  29.9570   3.3802  26.3935  29.7737
 59   5.6795  23.3447  29.0242   3.1522  25.6778  28.8300
 60   5.4182  22.6800  28.0981   2.9367  24.9560  27.8927
 61   5.1686  22.0107  27.1793   2.7331  24.2293  26.9623
 62   4.9307  21.3377  26.2683   2.5409  23.4985  26.0394
 63   4.7038  20.6619  25.3657   2.3597  22.7649  25.1246
 64   4.4878  19.9844  24.4722   2.1889  22.0296  24.2185
 65   4.2822  19.3062  23.5883   2.0281  21.2937  23.3218
 66   4.0866  18.6282  22.7149   1.8769  20.5583  22.4352
 67   3.9007  17.9517  21.8524   1.7348  19.8245  21.5594
 68   3.7242  17.2776  21.0018   1.6014  19.0937  20.6951
 69   3.5567  16.6069  20.1636   1.4763  18.3669  19.8432
 70   3.3978  15.9410  19.3388   1.3591  17.6453  19.0043
 71   3.2473  15.2807  18.5280   1.2493  16.9301  18.1794
 72   3.1047  14.6273  17.7320   1.1468  16.2224  17.3692
 73   2.9698  13.9818  16.9515   1.0510  15.5236  16.5746
 74   2.8422  13.3453  16.1875   0.9617  14.8346  15.7963
 75   2.7217  12.7189  15.4405   0.8785  14.1568  15.0352
 76   2.6079  12.1036  14.7115   0.8011  13.4911  14.2922
 77   2.5005  11.5005  14.0010   0.7293  12.8387  13.5679
 78   2.3993  10.9105  13.3098   0.6627  12.2006  12.8633
 79   2.3039  10.3346  12.6385   0.6010  11.5779  12.1789
 80   2.2141   9.7737  11.9878   0.5440  10.9715  11.5156
 81   2.1296   9.2286  11.3582   0.4915  10.3824  10.8739
 82   2.0501   8.7000  10.7501   0.4431   9.8113  10.2545
 83   1.9755   8.1886  10.1641   0.3987   9.2591   9.6578
 84   1.9054   7.6950   9.6004   0.3579   8.7265   9.0844
 85   1.8396   7.2198   9.0594   0.3207   8.2139   8.5346
 86   1.7779   6.7633   8.5412   0.2867   7.7220   8.0087
 87   1.7200   6.3259   8.0459   0.2557   7.2512   7.5069
 88   1.6658   5.9077   7.5735   0.2276   6.8017   7.0292
 89   1.6150   5.5089   7.1239   0.2021   6.3738   6.5758
 90   1.5674   5.1295   6.6968   0.1790   5.9675   6.1465
