# FRFchr.txt
#IMaCh version 0.99r45, April 2023,INED-EUROREVES-Institut de longevite-Japan Society for the Promotion of Science (Grant-in-Aid for Scientific Research 25293121), Intel Software 2015-2020, Nihon University 2021-202, INED 2000-2022
#$Revision: 1.353 $ $Date: 2023/05/08 18:48:22 $
# Tue Feb 04 22:21:37 2025
#One-step probabilities and correlation matrix
# Age p1-1  p1-2  p1-3  p2-1  p2-2  p2-3 
50  6.757e-001  3.237e-001  5.940e-004  1.788e-001  8.194e-001  1.881e-003 
50 1-1  1.000e+000
50 1-2 -9.994e-001  1.000e+000
50 1-3 -2.160e-002 -1.422e-002  1.000e+000
50 2-1 -2.739e-002  2.522e-002  6.064e-002  1.000e+000
50 2-2  2.759e-002 -2.583e-002 -4.917e-002 -9.991e-001  1.000e+000
50 2-3 -3.444e-003  1.342e-002 -2.785e-001 -6.744e-002  2.598e-002  1.000e+000
51  6.644e-001  3.349e-001  6.886e-004  1.722e-001  8.256e-001  2.131e-003 
51 1-1  1.000e+000
51 1-2 -9.991e-001  1.000e+000
51 1-3 -2.261e-002 -1.917e-002  1.000e+000
51 2-1 -2.766e-002  2.510e-002  6.129e-002  1.000e+000
51 2-2  2.785e-002 -2.586e-002 -4.766e-002 -9.988e-001  1.000e+000
51 2-3 -2.771e-003  1.442e-002 -2.787e-001 -6.555e-002  1.634e-002  1.000e+000
52  6.530e-001  3.462e-001  7.978e-004  1.659e-001  8.317e-001  2.413e-003 
52 1-1  1.000e+000
52 1-2 -9.988e-001  1.000e+000
52 1-3 -2.411e-002 -2.464e-002  1.000e+000
52 2-1 -2.797e-002  2.495e-002  6.195e-002  1.000e+000
52 2-2  2.814e-002 -2.591e-002 -4.574e-002 -9.983e-001  1.000e+000
52 2-3 -1.957e-003  1.556e-002 -2.789e-001 -6.388e-002  5.439e-003  1.000e+000
53  6.414e-001  3.577e-001  9.238e-004  1.598e-001  8.375e-001  2.732e-003 
53 1-1  1.000e+000
53 1-2 -9.984e-001  1.000e+000
53 1-3 -2.619e-002 -3.071e-002  1.000e+000
53 2-1 -2.833e-002  2.477e-002  6.261e-002  1.000e+000
53 2-2  2.846e-002 -2.599e-002 -4.332e-002 -9.976e-001  1.000e+000
53 2-3 -9.783e-004  1.686e-002 -2.791e-001 -6.245e-002 -6.978e-003  1.000e+000
54  6.296e-001  3.694e-001  1.069e-003  1.538e-001  8.431e-001  3.092e-003 
54 1-1  1.000e+000
54 1-2 -9.978e-001  1.000e+000
54 1-3 -2.893e-002 -3.744e-002  1.000e+000
54 2-1 -2.876e-002  2.455e-002  6.325e-002  1.000e+000
54 2-2  2.879e-002 -2.611e-002 -4.030e-002 -9.966e-001  1.000e+000
54 2-3  1.859e-004  1.835e-002 -2.793e-001 -6.126e-002 -2.121e-002  1.000e+000
55  6.176e-001  3.812e-001  1.236e-003  1.480e-001  8.485e-001  3.498e-003 
55 1-1  1.000e+000
55 1-2 -9.970e-001  1.000e+000
55 1-3 -3.241e-002 -4.489e-002  1.000e+000
55 2-1 -2.924e-002  2.429e-002  6.383e-002  1.000e+000
55 2-2  2.912e-002 -2.628e-002 -3.654e-002 -9.952e-001  1.000e+000
55 2-3  1.557e-003  2.003e-002 -2.793e-001 -6.033e-002 -3.757e-002  1.000e+000
56  6.055e-001  3.931e-001  1.429e-003  1.424e-001  8.537e-001  3.957e-003 
56 1-1  1.000e+000
56 1-2 -9.960e-001  1.000e+000
56 1-3 -3.671e-002 -5.308e-002  1.000e+000
56 2-1 -2.977e-002  2.398e-002  6.432e-002  1.000e+000
56 2-2  2.941e-002 -2.653e-002 -3.191e-002 -9.933e-001  1.000e+000
56 2-3  3.149e-003  2.193e-002 -2.794e-001 -5.966e-002 -5.641e-002  1.000e+000
57  5.932e-001  4.051e-001  1.650e-003  1.369e-001  8.586e-001  4.474e-003 
57 1-1  1.000e+000
57 1-2 -9.946e-001  1.000e+000
57 1-3 -4.185e-002 -6.197e-002  1.000e+000
57 2-1 -3.036e-002  2.362e-002  6.467e-002  1.000e+000
57 2-2  2.964e-002 -2.688e-002 -2.625e-002 -9.906e-001  1.000e+000
57 2-3  4.966e-003  2.402e-002 -2.793e-001 -5.925e-002 -7.806e-002  1.000e+000
58  5.808e-001  4.173e-001  1.905e-003  1.317e-001  8.633e-001  5.057e-003 
58 1-1  1.000e+000
58 1-2 -9.929e-001  1.000e+000
58 1-3 -4.781e-002 -7.146e-002  1.000e+000
58 2-1 -3.098e-002  2.321e-002  6.479e-002  1.000e+000
58 2-2  2.973e-002 -2.738e-002 -1.943e-002 -9.869e-001  1.000e+000
58 2-3  6.994e-003  2.629e-002 -2.791e-001 -5.909e-002 -1.028e-001  1.000e+000
59  5.683e-001  4.295e-001  2.197e-003  1.265e-001  8.677e-001  5.714e-003 
59 1-1  1.000e+000
59 1-2 -9.908e-001  1.000e+000
59 1-3 -5.447e-002 -8.134e-002  1.000e+000
59 2-1 -3.159e-002  2.277e-002  6.461e-002  1.000e+000
59 2-2  2.964e-002 -2.805e-002 -1.132e-002 -9.819e-001  1.000e+000
59 2-3  9.192e-003  2.866e-002 -2.788e-001 -5.917e-002 -1.308e-001  1.000e+000
60  5.557e-001  4.418e-001  2.533e-003  1.216e-001  8.719e-001  6.455e-003 
60 1-1  1.000e+000
60 1-2 -9.883e-001  1.000e+000
60 1-3 -6.162e-002 -9.131e-002  1.000e+000
60 2-1 -3.218e-002  2.232e-002  6.403e-002  1.000e+000
60 2-2  2.927e-002 -2.892e-002 -1.864e-003 -9.754e-001  1.000e+000
60 2-3  1.149e-002  3.107e-002 -2.784e-001 -5.943e-002 -1.619e-001  1.000e+000
61  5.430e-001  4.541e-001  2.918e-003  1.168e-001  8.759e-001  7.290e-003 
61 1-1  1.000e+000
61 1-2 -9.856e-001  1.000e+000
61 1-3 -6.897e-002 -1.010e-001  1.000e+000
61 2-1 -3.268e-002  2.191e-002  6.293e-002  1.000e+000
61 2-2  2.860e-002 -3.003e-002  8.905e-003 -9.671e-001  1.000e+000
61 2-3  1.378e-002  3.339e-002 -2.777e-001 -5.981e-002 -1.959e-001  1.000e+000
62  5.302e-001  4.664e-001  3.358e-003  1.122e-001  8.796e-001  8.230e-003 
62 1-1  1.000e+000
62 1-2 -9.827e-001  1.000e+000
62 1-3 -7.616e-002 -1.099e-001  1.000e+000
62 2-1 -3.306e-002  2.158e-002  6.122e-002  1.000e+000
62 2-2  2.758e-002 -3.136e-002  2.081e-002 -9.569e-001  1.000e+000
62 2-3  1.595e-002  3.553e-002 -2.767e-001 -6.024e-002 -2.321e-001  1.000e+000
63  5.174e-001  4.788e-001  3.863e-003  1.077e-001  8.830e-001  9.288e-003 
63 1-1  1.000e+000
63 1-2 -9.798e-001  1.000e+000
63 1-3 -8.288e-002 -1.179e-001  1.000e+000
63 2-1 -3.329e-002  2.137e-002  5.884e-002  1.000e+000
63 2-2  2.625e-002 -3.288e-002  3.353e-002 -9.449e-001  1.000e+000
63 2-3  1.790e-002  3.739e-002 -2.754e-001 -6.064e-002 -2.694e-001  1.000e+000
64  5.045e-001  4.911e-001  4.441e-003  1.033e-001  8.862e-001  1.048e-002 
64 1-1  1.000e+000
64 1-2 -9.772e-001  1.000e+000
64 1-3 -8.887e-002 -1.248e-001  1.000e+000
64 2-1 -3.335e-002  2.132e-002  5.577e-002  1.000e+000
64 2-2  2.469e-002 -3.453e-002  4.660e-002 -9.314e-001  1.000e+000
64 2-3  1.952e-002  3.893e-002 -2.737e-001 -6.090e-002 -3.065e-001  1.000e+000
65  4.915e-001  5.034e-001  5.101e-003  9.912e-002  8.891e-001  1.182e-002 
65 1-1  1.000e+000
65 1-2 -9.748e-001  1.000e+000
65 1-3 -9.398e-002 -1.305e-001  1.000e+000
65 2-1 -3.324e-002  2.144e-002  5.207e-002  1.000e+000
65 2-2  2.299e-002 -3.622e-002  5.947e-002 -9.170e-001  1.000e+000
65 2-3  2.077e-002  4.013e-002 -2.714e-001 -6.098e-002 -3.423e-001  1.000e+000
66  4.786e-001  5.155e-001  5.855e-003  9.506e-002  8.916e-001  1.332e-002 
66 1-1  1.000e+000
66 1-2 -9.728e-001  1.000e+000
66 1-3 -9.819e-002 -1.352e-001  1.000e+000
66 2-1 -3.299e-002  2.170e-002  4.785e-002  1.000e+000
66 2-2  2.128e-002 -3.787e-002  7.158e-002 -9.022e-001  1.000e+000
66 2-3  2.163e-002  4.100e-002 -2.685e-001 -6.083e-002 -3.757e-001  1.000e+000
67  4.656e-001  5.276e-001  6.716e-003  9.113e-002  8.939e-001  1.502e-002 
67 1-1  1.000e+000
67 1-2 -9.710e-001  1.000e+000
67 1-3 -1.016e-001 -1.391e-001  1.000e+000
67 2-1 -3.262e-002  2.208e-002  4.328e-002  1.000e+000
67 2-2  1.967e-002 -3.939e-002  8.246e-002 -8.876e-001  1.000e+000
67 2-3  2.210e-002  4.157e-002 -2.646e-001 -6.047e-002 -4.060e-001  1.000e+000
68  4.527e-001  5.396e-001  7.697e-003  8.732e-002  8.958e-001  1.692e-002 
68 1-1  1.000e+000
68 1-2 -9.695e-001  1.000e+000
68 1-3 -1.042e-001 -1.426e-001  1.000e+000
68 2-1 -3.217e-002  2.253e-002  3.853e-002  1.000e+000
68 2-2  1.824e-002 -4.073e-002  9.171e-002 -8.737e-001  1.000e+000
68 2-3  2.218e-002  4.184e-002 -2.596e-001 -5.993e-002 -4.332e-001  1.000e+000
69  4.398e-001  5.514e-001  8.814e-003  8.364e-002  8.973e-001  1.905e-002 
69 1-1  1.000e+000
69 1-2 -9.683e-001  1.000e+000
69 1-3 -1.061e-001 -1.458e-001  1.000e+000
69 2-1 -3.167e-002  2.302e-002  3.378e-002  1.000e+000
69 2-2  1.704e-002 -4.185e-002  9.904e-002 -8.606e-001  1.000e+000
69 2-3  2.191e-002  4.183e-002 -2.531e-001 -5.926e-002 -4.574e-001  1.000e+000
70  4.269e-001  5.631e-001  1.009e-002  8.009e-002  8.985e-001  2.145e-002 
70 1-1  1.000e+000
70 1-2 -9.671e-001  1.000e+000
70 1-3 -1.075e-001 -1.490e-001  1.000e+000
70 2-1 -3.115e-002  2.352e-002  2.917e-002  1.000e+000
70 2-2  1.611e-002 -4.270e-002  1.042e-001 -8.483e-001  1.000e+000
70 2-3  2.128e-002  4.152e-002 -2.449e-001 -5.853e-002 -4.789e-001  1.000e+000
71  4.140e-001  5.745e-001  1.153e-002  7.665e-002  8.992e-001  2.413e-002 
71 1-1  1.000e+000
71 1-2 -9.659e-001  1.000e+000
71 1-3 -1.085e-001 -1.526e-001  1.000e+000
71 2-1 -3.064e-002  2.400e-002  2.480e-002  1.000e+000
71 2-2  1.546e-002 -4.326e-002  1.071e-001 -8.367e-001  1.000e+000
71 2-3  2.031e-002  4.085e-002 -2.344e-001 -5.781e-002 -4.984e-001  1.000e+000
72  4.012e-001  5.856e-001  1.317e-002  7.332e-002  8.995e-001  2.714e-002 
72 1-1  1.000e+000
72 1-2 -9.646e-001  1.000e+000
72 1-3 -1.092e-001 -1.567e-001  1.000e+000
72 2-1 -3.015e-002  2.445e-002  2.075e-002  1.000e+000
72 2-2  1.511e-002 -4.347e-002  1.073e-001 -8.253e-001  1.000e+000
72 2-3  1.899e-002  3.977e-002 -2.211e-001 -5.714e-002 -5.167e-001  1.000e+000
73  3.885e-001  5.965e-001  1.504e-002  7.010e-002  8.994e-001  3.050e-002 
73 1-1  1.000e+000
73 1-2 -9.631e-001  1.000e+000
73 1-3 -1.096e-001 -1.618e-001  1.000e+000
73 2-1 -2.969e-002  2.486e-002  1.707e-002  1.000e+000
73 2-2  1.506e-002 -4.329e-002  1.047e-001 -8.137e-001  1.000e+000
73 2-3  1.732e-002  3.820e-002 -2.047e-001 -5.659e-002 -5.343e-001  1.000e+000
74  3.758e-001  6.070e-001  1.715e-002  6.698e-002  8.988e-001  3.426e-002 
74 1-1  1.000e+000
74 1-2 -9.612e-001  1.000e+000
74 1-3 -1.100e-001 -1.683e-001  1.000e+000
74 2-1 -2.928e-002  2.521e-002  1.380e-002  1.000e+000
74 2-2  1.528e-002 -4.266e-002  9.914e-002 -8.014e-001  1.000e+000
74 2-3  1.531e-002  3.606e-002 -1.847e-001 -5.621e-002 -5.522e-001  1.000e+000
75  3.633e-001  6.172e-001  1.954e-002  6.396e-002  8.976e-001  3.847e-002 
75 1-1  1.000e+000
75 1-2 -9.586e-001  1.000e+000
75 1-3 -1.105e-001 -1.770e-001  1.000e+000
75 2-1 -2.892e-002  2.549e-002  1.101e-002  1.000e+000
75 2-2  1.577e-002 -4.151e-002  9.043e-002 -7.875e-001  1.000e+000
75 2-3  1.297e-002  3.331e-002 -1.611e-001 -5.608e-002 -5.712e-001  1.000e+000
76  3.508e-001  6.270e-001  2.225e-002  6.104e-002  8.958e-001  4.316e-002 
76 1-1  1.000e+000
76 1-2 -9.550e-001  1.000e+000
76 1-3 -1.113e-001 -1.886e-001  1.000e+000
76 2-1 -2.862e-002  2.567e-002  8.740e-003  1.000e+000
76 2-2  1.647e-002 -3.980e-002  7.880e-002 -7.710e-001  1.000e+000
76 2-3  1.038e-002  2.993e-002 -1.346e-001 -5.627e-002 -5.925e-001  1.000e+000
77  3.384e-001  6.363e-001  2.530e-002  5.822e-002  8.934e-001  4.839e-002 
77 1-1  1.000e+000
77 1-2 -9.497e-001  1.000e+000
77 1-3 -1.128e-001 -2.041e-001  1.000e+000
77 2-1 -2.837e-002  2.572e-002  7.067e-003  1.000e+000
77 2-2  1.731e-002 -3.750e-002  6.487e-002 -7.507e-001  1.000e+000
77 2-3  7.638e-003  2.603e-002 -1.064e-001 -5.689e-002 -6.169e-001  1.000e+000
78  3.262e-001  6.451e-001  2.875e-002  5.548e-002  8.903e-001  5.421e-002 
78 1-1  1.000e+000
78 1-2 -9.420e-001  1.000e+000
78 1-3 -1.155e-001 -2.247e-001  1.000e+000
78 2-1 -2.820e-002  2.562e-002  6.053e-003  1.000e+000
78 2-2  1.818e-002 -3.467e-002  4.983e-002 -7.251e-001  1.000e+000
78 2-3  4.920e-003  2.185e-002 -7.895e-002 -5.806e-002 -6.454e-001  1.000e+000
79  3.140e-001  6.533e-001  3.263e-002  5.282e-002  8.865e-001  6.068e-002 
79 1-1  1.000e+000
79 1-2 -9.308e-001  1.000e+000
79 1-3 -1.198e-001 -2.514e-001  1.000e+000
79 2-1 -2.810e-002  2.528e-002  5.739e-003  1.000e+000
79 2-2  1.891e-002 -3.148e-002  3.545e-002 -6.927e-001  1.000e+000
79 2-3  2.457e-003  1.782e-002 -5.490e-002 -5.995e-002 -6.784e-001  1.000e+000
80  3.020e-001  6.610e-001  3.700e-002  5.025e-002  8.819e-001  6.787e-002 
80 1-1  1.000e+000
80 1-2 -9.147e-001  1.000e+000
80 1-3 -1.264e-001 -2.853e-001  1.000e+000
80 2-1 -2.809e-002  2.465e-002  6.128e-003  1.000e+000
80 2-2  1.927e-002 -2.826e-002  2.367e-002 -6.521e-001  1.000e+000
80 2-3  5.151e-004  1.450e-002 -3.681e-002 -6.272e-002 -7.157e-001  1.000e+000
81  2.901e-001  6.680e-001  4.190e-002  4.775e-002  8.764e-001  7.582e-002 
81 1-1  1.000e+000
81 1-2 -8.917e-001  1.000e+000
81 1-3 -1.359e-001 -3.273e-001  1.000e+000
81 2-1 -2.820e-002  2.361e-002  7.180e-003  1.000e+000
81 2-2  1.901e-002 -2.554e-002  1.620e-002 -6.028e-001  1.000e+000
81 2-3 -6.430e-004  1.256e-002 -2.615e-002 -6.655e-002 -7.560e-001  1.000e+000
82  2.784e-001  6.742e-001  4.739e-002  4.533e-002  8.701e-001  8.462e-002 
82 1-1  1.000e+000
82 1-2 -8.596e-001  1.000e+000
82 1-3 -1.487e-001 -3.775e-001  1.000e+000
82 2-1 -2.843e-002  2.206e-002  8.824e-003  1.000e+000
82 2-2  1.788e-002 -2.398e-002  1.400e-002 -5.451e-001  1.000e+000
82 2-3 -8.026e-004  1.264e-002 -2.301e-002 -7.162e-002 -7.972e-001  1.000e+000
83  2.668e-001  6.797e-001  5.354e-002  4.298e-002  8.627e-001  9.432e-002 
83 1-1  1.000e+000
83 1-2 -8.159e-001  1.000e+000
83 1-3 -1.652e-001 -4.355e-001  1.000e+000
83 2-1 -2.882e-002  1.986e-002  1.098e-002  1.000e+000
83 2-2  1.567e-002 -2.432e-002  1.708e-002 -4.806e-001  1.000e+000
83 2-3  1.803e-004  1.524e-002 -2.627e-002 -7.808e-002 -8.367e-001  1.000e+000
84  2.553e-001  6.843e-001  6.041e-002  4.070e-002  8.543e-001  1.050e-001 
84 1-1  1.000e+000
84 1-2 -7.581e-001  1.000e+000
84 1-3 -1.856e-001 -5.001e-001  1.000e+000
84 2-1 -2.940e-002  1.689e-002  1.358e-002  1.000e+000
84 2-2  1.225e-002 -2.714e-002  2.464e-002 -4.119e-001  1.000e+000
84 2-3  2.378e-003  2.062e-002 -3.422e-002 -8.607e-002 -8.724e-001  1.000e+000
85  2.440e-001  6.879e-001  6.806e-002  3.848e-002  8.448e-001  1.167e-001 
85 1-1  1.000e+000
85 1-2 -6.847e-001  1.000e+000
85 1-3 -2.101e-001 -5.687e-001  1.000e+000
85 2-1 -3.020e-002  1.306e-002  1.657e-002  1.000e+000
85 2-2  7.573e-003 -3.277e-002  3.542e-002 -3.419e-001  1.000e+000
85 2-3  5.807e-003  2.873e-002 -4.510e-002 -9.569e-002 -9.027e-001  1.000e+000
86  2.329e-001  6.906e-001  7.657e-002  3.633e-002  8.341e-001  1.296e-001 
86 1-1  1.000e+000
86 1-2 -5.953e-001  1.000e+000
86 1-3 -2.387e-001 -6.382e-001  1.000e+000
86 2-1 -3.129e-002  8.329e-003  1.991e-002  1.000e+000
86 2-2  1.674e-003 -4.111e-002  4.809e-002 -2.730e-001  1.000e+000
86 2-3  1.045e-002  3.925e-002 -5.745e-002 -1.070e-001 -9.273e-001  1.000e+000
87  2.219e-001  6.921e-001  8.600e-002  3.424e-002  8.222e-001  1.436e-001 
87 1-1  1.000e+000
87 1-2 -4.915e-001  1.000e+000
87 1-3 -2.713e-001 -7.049e-001  1.000e+000
87 2-1 -3.270e-002  2.746e-003  2.360e-002  1.000e+000
87 2-2 -5.375e-003 -5.169e-002  6.151e-002 -2.071e-001  1.000e+000
87 2-3  1.625e-002  5.155e-002 -7.021e-002 -1.201e-001 -9.464e-001  1.000e+000
88  2.110e-001  6.925e-001  9.643e-002  3.222e-002  8.090e-001  1.588e-001 
88 1-1  1.000e+000
88 1-2 -3.764e-001  1.000e+000
88 1-3 -3.077e-001 -7.657e-001  1.000e+000
88 2-1 -3.450e-002 -3.569e-003  2.762e-002  1.000e+000
88 2-2 -1.348e-002 -6.377e-002  7.485e-002 -1.449e-001  1.000e+000
88 2-3  2.317e-002  6.486e-002 -8.270e-002 -1.351e-001 -9.608e-001  1.000e+000
89  2.004e-001  6.917e-001  1.079e-001  3.026e-002  7.944e-001  1.753e-001 
89 1-1  1.000e+000
89 1-2 -2.545e-001  1.000e+000
89 1-3 -3.476e-001 -8.184e-001  1.000e+000
89 2-1 -3.674e-002 -1.045e-002  3.197e-002  1.000e+000
89 2-2 -2.253e-002 -7.654e-002  8.761e-002 -8.691e-002  1.000e+000
89 2-3  3.111e-002  7.843e-002 -9.453e-002 -1.518e-001 -9.715e-001  1.000e+000
90  1.899e-001  6.895e-001  1.206e-001  2.835e-002  7.785e-001  1.932e-001 
90 1-1  1.000e+000
90 1-2 -1.304e-001  1.000e+000
90 1-3 -3.904e-001 -8.619e-001  1.000e+000
90 2-1 -3.949e-002 -1.773e-002  3.666e-002  1.000e+000
90 2-2 -3.242e-002 -8.927e-002  9.948e-002 -3.273e-002  1.000e+000
90 2-3  3.996e-002  9.161e-002 -1.055e-001 -1.705e-001 -9.793e-001  1.000e+000