# FRFchr.txt
#IMaCh version 0.99r45, April 2023,INED-EUROREVES-Institut de longevite-Japan Society for the Promotion of Science (Grant-in-Aid for Scientific Research 25293121), Intel Software 2015-2020, Nihon University 2021-202, INED 2000-2022
#$Revision: 1.353 $ $Date: 2023/05/08 18:48:22 $
# Tue Feb 04 22:21:37 2025
#One-step probabilities and covariance matrix
# Age p1-1  p1-2  p1-3  p2-1  p2-2  p2-3 
50  6.757e-001  3.237e-001  5.940e-004  1.788e-001  8.194e-001  1.881e-003 
50 1-1  1.808e-003
50 1-2 -1.807e-003  1.808e-003
50 1-3 -1.400e-006 -9.213e-007  2.321e-006
50 2-1 -3.091e-005  2.846e-005  2.451e-006  7.042e-004
50 2-2  3.108e-005 -2.909e-005 -1.984e-006 -7.023e-004  7.015e-004
50 2-3 -1.613e-007  6.287e-007 -4.674e-007 -1.971e-006  7.580e-007  1.213e-006
51  6.644e-001  3.349e-001  6.886e-004  1.722e-001  8.256e-001  2.131e-003 
51 1-1  1.673e-003
51 1-2 -1.671e-003  1.672e-003
51 1-3 -1.580e-006 -1.339e-006  2.919e-006
51 2-1 -2.776e-005  2.519e-005  2.569e-006  6.020e-004
51 2-2  2.789e-005 -2.590e-005 -1.994e-006 -6.001e-004  5.996e-004
51 2-3 -1.369e-007  7.124e-007 -5.754e-007 -1.943e-006  4.834e-007  1.460e-006
52  6.530e-001  3.462e-001  7.978e-004  1.659e-001  8.317e-001  2.413e-003 
52 1-1  1.540e-003
52 1-2 -1.538e-003  1.540e-003
52 1-3 -1.810e-006 -1.850e-006  3.659e-006
52 2-1 -2.485e-005  2.217e-005  2.684e-006  5.127e-004
52 2-2  2.495e-005 -2.298e-005 -1.977e-006 -5.108e-004  5.107e-004
52 2-3 -1.016e-007  8.079e-007 -7.063e-007 -1.915e-006  1.627e-007  1.752e-006
53  6.414e-001  3.577e-001  9.238e-004  1.598e-001  8.375e-001  2.732e-003 
53 1-1  1.412e-003
53 1-2 -1.410e-003  1.412e-003
53 1-3 -2.104e-006 -2.468e-006  4.572e-006
53 2-1 -2.221e-005  1.942e-005  2.793e-006  4.352e-004
53 2-2  2.227e-005 -2.034e-005 -1.929e-006 -4.333e-004  4.335e-004
53 2-3 -5.323e-008  9.174e-007 -8.642e-007 -1.886e-006 -2.104e-007  2.097e-006
54  6.296e-001  3.694e-001  1.069e-003  1.538e-001  8.431e-001  3.092e-003 
54 1-1  1.292e-003
54 1-2 -1.289e-003  1.292e-003
54 1-3 -2.480e-006 -3.211e-006  5.691e-006
54 2-1 -1.983e-005  1.694e-005  2.896e-006  3.683e-004
54 2-2  1.982e-005 -1.798e-005 -1.842e-006 -3.664e-004  3.671e-004
54 2-3  1.057e-008  1.043e-006 -1.054e-006 -1.860e-006 -6.428e-007  2.503e-006
55  6.176e-001  3.812e-001  1.236e-003  1.480e-001  8.485e-001  3.498e-003 
55 1-1  1.180e-003
55 1-2 -1.177e-003  1.182e-003
55 1-3 -2.959e-006 -4.099e-006  7.058e-006
55 2-1 -1.771e-005  1.472e-005  2.991e-006  3.110e-004
55 2-2  1.762e-005 -1.591e-005 -1.710e-006 -3.092e-004  3.103e-004
55 2-3  9.229e-008  1.188e-006 -1.281e-006 -1.836e-006 -1.142e-006  2.978e-006
56  6.055e-001  3.931e-001  1.429e-003  1.424e-001  8.537e-001  3.957e-003 
56 1-1  1.080e-003
56 1-2 -1.077e-003  1.082e-003
56 1-3 -3.563e-006 -5.155e-006  8.719e-006
56 2-1 -1.585e-005  1.277e-005  3.076e-006  2.623e-004
56 2-2  1.565e-005 -1.413e-005 -1.526e-006 -2.605e-004  2.622e-004
56 2-3  1.945e-007  1.356e-006 -1.550e-006 -1.816e-006 -1.717e-006  3.533e-006
57  5.932e-001  4.051e-001  1.650e-003  1.369e-001  8.586e-001  4.474e-003 
57 1-1  9.938e-004
57 1-2 -9.895e-004  9.959e-004
57 1-3 -4.321e-006 -6.405e-006  1.073e-005
57 2-1 -1.424e-005  1.108e-005  3.150e-006  2.212e-004
57 2-2  1.392e-005 -1.263e-005 -1.281e-006 -2.194e-004  2.218e-004
57 2-3  3.200e-007  1.550e-006 -1.870e-006 -1.801e-006 -2.376e-006  4.178e-006
58  5.808e-001  4.173e-001  1.905e-003  1.317e-001  8.633e-001  5.057e-003 
58 1-1  9.221e-004
58 1-2 -9.168e-004  9.247e-004
58 1-3 -5.262e-006 -7.877e-006  1.314e-005
58 2-1 -1.286e-005  9.650e-006  3.212e-006  1.870e-004
58 2-2  1.239e-005 -1.142e-005 -9.667e-007 -1.852e-004  1.883e-004
58 2-3  4.713e-007  1.774e-006 -2.245e-006 -1.793e-006 -3.130e-006  4.924e-006
59  5.683e-001  4.295e-001  2.197e-003  1.265e-001  8.677e-001  5.714e-003 
59 1-1  8.668e-004
59 1-2 -8.603e-004  8.700e-004
59 1-3 -6.419e-006 -9.604e-006  1.602e-005
59 2-1 -1.172e-005  8.461e-006  3.259e-006  1.587e-004
59 2-2  1.107e-005 -1.049e-005 -5.750e-007 -1.570e-004  1.609e-004
59 2-3  6.507e-007  2.033e-006 -2.684e-006 -1.793e-006 -3.989e-006  5.782e-006
60  5.557e-001  4.418e-001  2.533e-003  1.216e-001  8.719e-001  6.455e-003 
60 1-1  8.293e-004
60 1-2 -8.215e-004  8.331e-004
60 1-3 -7.825e-006 -1.162e-005  1.945e-005
60 2-1 -1.080e-005  7.506e-006  3.289e-006  1.357e-004
60 2-2  9.936e-006 -9.839e-006 -9.688e-008 -1.339e-004  1.389e-004
60 2-3  8.604e-007  2.332e-006 -3.193e-006 -1.801e-006 -4.964e-006  6.765e-006
61  5.430e-001  4.541e-001  2.918e-003  1.168e-001  8.759e-001  7.290e-003 
61 1-1  8.106e-004
61 1-2 -8.011e-004  8.151e-004
61 1-3 -9.516e-006 -1.397e-005  2.348e-005
61 2-1 -1.008e-005  6.774e-006  3.303e-006  1.173e-004
61 2-2  8.975e-006 -9.451e-006  4.757e-007 -1.155e-004  1.215e-004
61 2-3  1.102e-006  2.677e-006 -3.778e-006 -1.819e-006 -6.065e-006  7.884e-006
62  5.302e-001  4.664e-001  3.358e-003  1.122e-001  8.796e-001  8.230e-003 
62 1-1  8.116e-004
62 1-2 -8.000e-004  8.167e-004
62 1-3 -1.153e-005 -1.669e-005  2.821e-005
62 2-1 -9.548e-006  6.251e-006  3.296e-006  1.027e-004
62 2-2  8.173e-006 -9.323e-006  1.150e-006 -1.009e-004  1.082e-004
62 2-3  1.375e-006  3.071e-006 -4.446e-006 -1.847e-006 -7.303e-006  9.150e-006
63  5.174e-001  4.788e-001  3.863e-003  1.077e-001  8.830e-001  9.288e-003 
63 1-1  8.326e-004
63 1-2 -8.187e-004  8.385e-004
63 1-3 -1.389e-005 -1.983e-005  3.371e-005
63 2-1 -9.192e-006  5.923e-006  3.269e-006  9.157e-005
63 2-2  7.513e-006 -9.444e-006  1.931e-006 -8.969e-005  9.837e-005
63 2-3  1.679e-006  3.521e-006 -5.201e-006 -1.887e-006 -8.688e-006  1.057e-005
64  5.045e-001  4.911e-001  4.441e-003  1.033e-001  8.862e-001  1.048e-002 
64 1-1  8.737e-004
64 1-2 -8.571e-004  8.805e-004
64 1-3 -1.663e-005 -2.343e-005  4.006e-005
64 2-1 -8.994e-006  5.773e-006  3.221e-006  8.324e-005
64 2-2  6.981e-006 -9.803e-006  2.822e-006 -8.130e-005  9.153e-005
64 2-3  2.013e-006  4.030e-006 -6.042e-006 -1.938e-006 -1.023e-005  1.217e-005
65  4.915e-001  5.034e-001  5.101e-003  9.912e-002  8.891e-001  1.182e-002 
65 1-1  9.347e-004
65 1-2 -9.150e-004  9.425e-004
65 1-3 -1.977e-005 -2.756e-005  4.733e-005
65 2-1 -8.935e-006  5.786e-006  3.149e-006  7.728e-005
65 2-2  6.564e-006 -1.038e-005  3.820e-006 -7.528e-005  8.721e-005
65 2-3  2.371e-006  4.599e-006 -6.969e-006 -2.001e-006 -1.193e-005  1.393e-005
66  4.786e-001  5.155e-001  5.855e-003  9.506e-002  8.916e-001  1.332e-002 
66 1-1  1.015e-003
66 1-2 -9.917e-004  1.024e-003
66 1-3 -2.332e-005 -3.225e-005  5.557e-005
66 2-1 -8.999e-006  5.945e-006  3.054e-006  7.329e-005
66 2-2  6.252e-006 -1.117e-005  4.920e-006 -7.122e-005  8.502e-005
66 2-3  2.746e-006  5.228e-006 -7.974e-006 -2.075e-006 -1.380e-005  1.588e-005
67  4.656e-001  5.276e-001  6.716e-003  9.113e-002  8.939e-001  1.502e-002 
67 1-1  1.114e-003
67 1-2 -1.086e-003  1.124e-003
67 1-3 -2.730e-005 -3.758e-005  6.487e-005
67 2-1 -9.167e-006  6.232e-006  2.935e-006  7.089e-005
67 2-2  6.038e-006 -1.215e-005  6.108e-006 -6.873e-005  8.458e-005
67 2-3  3.129e-006  5.914e-006 -9.043e-006 -2.160e-006 -1.585e-005  1.801e-005
68  4.527e-001  5.396e-001  7.697e-003  8.732e-002  8.958e-001  1.692e-002 
68 1-1  1.230e-003
68 1-2 -1.198e-003  1.241e-003
68 1-3 -3.169e-005 -4.359e-005  7.528e-005
68 2-1 -9.422e-006  6.630e-006  2.792e-006  6.976e-005
68 2-2  5.915e-006 -1.328e-005  7.361e-006 -6.751e-005  8.557e-005
68 2-3  3.507e-006  6.646e-006 -1.015e-005 -2.256e-006 -1.807e-005  2.032e-005
69  4.398e-001  5.514e-001  8.814e-003  8.364e-002  8.973e-001  1.905e-002 
69 1-1  1.361e-003
69 1-2 -1.324e-003  1.375e-003
69 1-3 -3.648e-005 -5.038e-005  8.686e-005
69 2-1 -9.748e-006  7.121e-006  2.627e-006  6.961e-005
69 2-2  5.886e-006 -1.453e-005  8.645e-006 -6.725e-005  8.771e-005
69 2-3  3.862e-006  7.411e-006 -1.127e-005 -2.362e-006 -2.047e-005  2.283e-005
70  4.269e-001  5.631e-001  1.009e-002  8.009e-002  8.985e-001  2.145e-002 
70 1-1  1.506e-003
70 1-2 -1.464e-003  1.522e-003
70 1-3 -4.167e-005 -5.806e-005  9.973e-005
70 2-1 -1.013e-005  7.687e-006  2.440e-006  7.019e-005
70 2-2  5.954e-006 -1.587e-005  9.917e-006 -6.771e-005  9.077e-005
70 2-3  4.173e-006  8.184e-006 -1.236e-005 -2.478e-006 -2.305e-005  2.553e-005
71  4.140e-001  5.745e-001  1.153e-002  7.665e-002  8.992e-001  2.413e-002 
71 1-1  1.662e-003
71 1-2 -1.615e-003  1.681e-003
71 1-3 -4.725e-005 -6.680e-005  1.141e-004
71 2-1 -1.055e-005  8.309e-006  2.236e-006  7.128e-005
71 2-2  6.129e-006 -1.724e-005  1.112e-005 -6.868e-005  9.453e-005
71 2-3  4.417e-006  8.935e-006 -1.335e-005 -2.603e-006 -2.585e-005  2.845e-005
72  4.012e-001  5.856e-001  1.317e-002  7.332e-002  8.995e-001  2.714e-002 
72 1-1  1.827e-003
72 1-2 -1.774e-003  1.851e-003
72 1-3 -5.324e-005 -7.689e-005  1.301e-004
72 2-1 -1.099e-005  8.970e-006  2.018e-006  7.270e-005
72 2-2  6.423e-006 -1.859e-005  1.217e-005 -6.996e-005  9.884e-005
72 2-3  4.565e-006  9.622e-006 -1.419e-005 -2.740e-006 -2.889e-005  3.163e-005
73  3.885e-001  5.965e-001  1.504e-002  7.010e-002  8.994e-001  3.050e-002 
73 1-1  1.999e-003
73 1-2 -1.939e-003  2.028e-003
73 1-3 -5.974e-005 -8.879e-005  1.485e-004
73 2-1 -1.144e-005  9.649e-006  1.793e-006  7.428e-005
73 2-2  6.852e-006 -1.984e-005  1.299e-005 -7.139e-005  1.036e-004
73 2-3  4.590e-006  1.020e-005 -1.478e-005 -2.890e-006 -3.223e-005  3.512e-005
74  3.758e-001  6.070e-001  1.715e-002  6.698e-002  8.988e-001  3.426e-002 
74 1-1  2.175e-003
74 1-2 -2.108e-003  2.211e-003
74 1-3 -6.692e-005 -1.033e-004  1.702e-004
74 2-1 -1.190e-005  1.033e-005  1.569e-006  7.589e-005
74 2-2  7.434e-006 -2.093e-005  1.349e-005 -7.283e-005  1.088e-004
74 2-3  4.462e-006  1.060e-005 -1.506e-005 -3.061e-006 -3.601e-005  3.907e-005
75  3.633e-001  6.172e-001  1.954e-002  6.396e-002  8.976e-001  3.847e-002 
75 1-1  2.352e-003
75 1-2 -2.277e-003  2.398e-003
75 1-3 -7.513e-005 -1.216e-004  1.967e-004
75 2-1 -1.234e-005  1.098e-005  1.359e-006  7.742e-005
75 2-2  8.183e-006 -2.176e-005  1.358e-005 -7.416e-005  1.146e-004
75 2-3  4.157e-006  1.078e-005 -1.493e-005 -3.260e-006 -4.040e-005  4.366e-005
76  3.508e-001  6.270e-001  2.225e-002  6.104e-002  8.958e-001  4.316e-002 
76 1-1  2.527e-003
76 1-2 -2.442e-003  2.588e-003
76 1-3 -8.497e-005 -1.457e-004  2.307e-004
76 2-1 -1.277e-005  1.159e-005  1.178e-006  7.878e-005
76 2-2  9.107e-006 -2.227e-005  1.317e-005 -7.528e-005  1.210e-004
76 2-3  3.662e-006  1.068e-005 -1.435e-005 -3.505e-006 -4.573e-005  4.924e-005
77  3.384e-001  6.363e-001  2.530e-002  5.822e-002  8.934e-001  4.839e-002 
77 1-1  2.699e-003
77 1-2 -2.601e-003  2.780e-003
77 1-3 -9.740e-005 -1.789e-004  2.763e-004
77 2-1 -1.317e-005  1.212e-005  1.050e-006  7.990e-005
77 2-2  1.020e-005 -2.242e-005  1.223e-005 -7.608e-005  1.286e-004
77 2-3  2.977e-006  1.030e-005 -1.328e-005 -3.815e-006 -5.249e-005  5.630e-005
78  3.262e-001  6.451e-001  2.875e-002  5.548e-002  8.903e-001  5.421e-002 
78 1-1  2.864e-003
78 1-2 -2.750e-003  2.976e-003
78 1-3 -1.139e-004 -2.259e-004  3.398e-004
78 2-1 -1.356e-005  1.255e-005  1.002e-006  8.071e-005
78 2-2  1.142e-005 -2.221e-005  1.079e-005 -7.648e-005  1.379e-004
78 2-3  2.133e-006  9.656e-006 -1.179e-005 -4.225e-006 -6.138e-005  6.560e-005
79  3.140e-001  6.533e-001  3.263e-002  5.282e-002  8.865e-001  6.068e-002 
79 1-1  3.021e-003
79 1-2 -2.884e-003  3.178e-003
79 1-3 -1.367e-004 -2.942e-004  4.308e-004
79 2-1 -1.391e-005  1.284e-005  1.073e-006  8.117e-005
79 2-2  1.272e-005 -2.173e-005  9.007e-006 -7.639e-005  1.499e-004
79 2-3  1.194e-006  8.886e-006 -1.008e-005 -4.778e-006 -7.346e-005  7.824e-005
80  3.020e-001  6.610e-001  3.700e-002  5.025e-002  8.819e-001  6.787e-002 
80 1-1  3.167e-003
80 1-2 -2.998e-003  3.393e-003
80 1-3 -1.689e-004 -3.945e-004  5.634e-004
80 2-1 -1.425e-005  1.294e-005  1.311e-006  8.126e-005
80 2-2  1.397e-005 -2.121e-005  7.238e-006 -7.573e-005  1.660e-004
80 2-3  2.837e-007  8.266e-006 -8.549e-006 -5.533e-006 -9.023e-005  9.576e-005
81  2.901e-001  6.680e-001  4.190e-002  4.775e-002  8.764e-001  7.582e-002 
81 1-1  3.302e-003
81 1-2 -3.087e-003  3.630e-003
81 1-3 -2.150e-004 -5.428e-004  7.578e-004
81 2-1 -1.458e-005  1.280e-005  1.778e-006  8.095e-005
81 2-2  1.498e-005 -2.110e-005  6.118e-006 -7.439e-005  1.881e-004
81 2-3 -4.053e-007  8.302e-006 -7.896e-006 -6.568e-006 -1.137e-004  1.203e-004
82  2.784e-001  6.742e-001  4.739e-002  4.533e-002  8.701e-001  8.462e-002 
82 1-1  3.424e-003
82 1-2 -3.143e-003  3.905e-003
82 1-3 -2.810e-004 -7.617e-004  1.043e-003
82 2-1 -1.490e-005  1.235e-005  2.553e-006  8.025e-005
82 2-2  1.549e-005 -2.218e-005  6.692e-006 -7.227e-005  2.190e-004
82 2-3 -5.843e-007  9.828e-006 -9.244e-006 -7.981e-006 -1.468e-004  1.548e-004
83  2.668e-001  6.797e-001  5.354e-002  4.298e-002  8.627e-001  9.432e-002 
83 1-1  3.534e-003
83 1-2 -3.159e-003  4.242e-003
83 1-3 -3.750e-004 -1.083e-003  1.458e-003
83 2-1 -1.524e-005  1.151e-005  3.731e-006  7.915e-005
83 2-2  1.509e-005 -2.565e-005  1.056e-005 -6.925e-005  2.623e-004
83 2-3  1.527e-007  1.414e-005 -1.429e-005 -9.896e-006 -1.931e-004  2.030e-004
84  2.553e-001  6.843e-001  6.041e-002  4.070e-002  8.543e-001  1.050e-001 
84 1-1  3.631e-003
84 1-2 -3.123e-003  4.675e-003
84 1-3 -5.075e-004 -1.551e-003  2.059e-003
84 2-1 -1.561e-005  1.018e-005  5.430e-006  7.766e-005
84 2-2  1.325e-005 -3.333e-005  2.008e-005 -6.520e-005  3.226e-004
84 2-3  2.354e-006  2.315e-005 -2.551e-005 -1.246e-005 -2.574e-004  2.698e-004
85  2.440e-001  6.879e-001  6.806e-002  3.848e-002  8.448e-001  1.167e-001 
85 1-1  3.717e-003
85 1-2 -3.025e-003  5.251e-003
85 1-3 -6.918e-004 -2.226e-003  2.918e-003
85 2-1 -1.603e-005  8.239e-006  7.792e-006  7.580e-005
85 2-2  9.299e-006 -4.783e-005  3.853e-005 -5.996e-005  4.057e-004
85 2-3  6.732e-006  3.959e-005 -4.632e-005 -1.584e-005 -3.458e-004  3.616e-004
86  2.329e-001  6.906e-001  7.657e-002  3.633e-002  8.341e-001  1.296e-001 
86 1-1  3.793e-003
86 1-2 -2.848e-003  6.034e-003
86 1-3 -9.447e-004 -3.186e-003  4.131e-003
86 2-1 -1.653e-005  5.550e-006  1.098e-005  7.360e-005
86 2-2  2.349e-006 -7.276e-005  7.041e-005 -5.336e-005  5.190e-004
86 2-3  1.418e-005  6.721e-005 -8.139e-005 -2.024e-005 -4.656e-004  4.859e-004
87  2.219e-001  6.921e-001  8.600e-002  3.424e-002  8.222e-001  1.436e-001 
87 1-1  3.862e-003
87 1-2 -2.576e-003  7.112e-003
87 1-3 -1.286e-003 -4.536e-003  5.823e-003
87 2-1 -1.713e-005  1.952e-006  1.518e-005  7.109e-005
87 2-2 -8.654e-006 -1.129e-004  1.216e-004 -4.523e-005  6.712e-004
87 2-3  2.579e-005  1.110e-004 -1.368e-004 -2.586e-005 -6.259e-004  6.518e-004
88  2.110e-001  6.925e-001  9.643e-002  3.222e-002  8.090e-001  1.588e-001 
88 1-1  3.928e-003
88 1-2 -2.187e-003  8.596e-003
88 1-3 -1.741e-003 -6.409e-003  8.150e-003
88 2-1 -1.787e-005 -2.735e-006  2.060e-005  6.830e-005
88 2-2 -2.495e-005 -1.746e-004  1.996e-004 -3.538e-005  8.723e-004
88 2-3  4.282e-005  1.774e-004 -2.202e-004 -3.292e-005 -8.369e-004  8.698e-004
89  2.004e-001  6.917e-001  1.079e-001  3.026e-002  7.944e-001  1.753e-001 
89 1-1  3.993e-003
89 1-2 -1.658e-003  1.063e-002
89 1-3 -2.335e-003 -8.971e-003  1.131e-002
89 2-1 -1.876e-005 -8.705e-006  2.746e-005  6.528e-005
89 2-2 -4.795e-005 -2.657e-004  3.137e-004 -2.364e-005  1.134e-003
89 2-3  6.671e-005  2.744e-004 -3.411e-004 -4.164e-005 -1.110e-003  1.152e-003
90  1.899e-001  6.895e-001  1.206e-001  2.835e-002  7.785e-001  1.932e-001 
90 1-1  4.062e-003
90 1-2 -9.617e-004  1.339e-002
90 1-3 -3.100e-003 -1.242e-002  1.552e-002
90 2-1 -1.983e-005 -1.616e-005  3.598e-005  6.206e-005
90 2-2 -7.914e-005 -3.957e-004  4.748e-004 -9.879e-006  1.468e-003
90 2-3  9.897e-005  4.118e-004 -5.108e-004 -5.218e-005 -1.458e-003  1.510e-003