
#****** ******
# FRFchr.txt
#IMaCh version 0.99r45, April 2023,INED-EUROREVES-Institut de longevite-Japan Society for the Promotion of Science (Grant-in-Aid for Scientific Research 25293121), Intel Software 2015-2020, Nihon University 2021-202, INED 2000-2022
#$Revision: 1.353 $ $Date: 2023/05/08 18:48:22 $
# Tue Feb 04 22:21:37 2025
# Health expectancies with standard errors
# Age e11 (SE) e12 (SE) e1.  e21 (SE) e22 (SE) e2. 
 50    8.6261 (0.5635)   28.9794 (1.2229)   37.6056 (1.1785)    5.7145 (0.4887)   31.7816 (1.1862)   37.4960 (1.1728)
 51    8.2419 (0.5328)   28.3932 (1.2083)   36.6351 (1.1763)    5.3682 (0.4609)   31.1494 (1.1739)   36.5176 (1.1700)
 52    7.8726 (0.5055)   27.7955 (1.1956)   35.6681 (1.1740)    5.0386 (0.4364)   30.5037 (1.1633)   35.5423 (1.1670)
 53    7.5180 (0.4815)   27.1868 (1.1847)   34.7048 (1.1717)    4.7250 (0.4151)   29.8453 (1.1541)   34.5703 (1.1639)
 54    7.1777 (0.4605)   26.5678 (1.1753)   33.7455 (1.1695)    4.4270 (0.3964)   29.1750 (1.1461)   33.6020 (1.1607)
 55    6.8514 (0.4423)   25.9393 (1.1672)   32.7907 (1.1672)    4.1440 (0.3800)   28.4938 (1.1389)   32.6378 (1.1573)
 56    6.5388 (0.4266)   25.3019 (1.1603)   31.8407 (1.1650)    3.8756 (0.3655)   27.8024 (1.1324)   31.6780 (1.1538)
 57    6.2395 (0.4130)   24.6565 (1.1544)   30.8960 (1.1629)    3.6211 (0.3525)   27.1020 (1.1265)   30.7232 (1.1503)
 58    5.9532 (0.4013)   24.0038 (1.1493)   29.9570 (1.1610)    3.3802 (0.3406)   26.3935 (1.1210)   29.7737 (1.1466)
 59    5.6795 (0.3911)   23.3447 (1.1450)   29.0242 (1.1592)    3.1522 (0.3296)   25.6778 (1.1159)   28.8300 (1.1430)
 60    5.4182 (0.3822)   22.6800 (1.1414)   28.0981 (1.1576)    2.9367 (0.3193)   24.9560 (1.1110)   27.8927 (1.1394)
 61    5.1686 (0.3743)   22.0107 (1.1383)   27.1793 (1.1563)    2.7331 (0.3093)   24.2293 (1.1064)   26.9623 (1.1358)
 62    4.9307 (0.3672)   21.3377 (1.1358)   26.2683 (1.1552)    2.5409 (0.2997)   23.4985 (1.1021)   26.0394 (1.1324)
 63    4.7038 (0.3607)   20.6619 (1.1337)   25.3657 (1.1544)    2.3597 (0.2901)   22.7649 (1.0981)   25.1246 (1.1291)
 64    4.4878 (0.3545)   19.9844 (1.1321)   24.4722 (1.1540)    2.1889 (0.2806)   22.0296 (1.0943)   24.2185 (1.1260)
 65    4.2822 (0.3486)   19.3062 (1.1309)   23.5883 (1.1538)    2.0281 (0.2711)   21.2937 (1.0908)   23.3218 (1.1232)
 66    4.0866 (0.3428)   18.6282 (1.1301)   22.7149 (1.1540)    1.8769 (0.2616)   20.5583 (1.0877)   22.4352 (1.1207)
 67    3.9007 (0.3371)   17.9517 (1.1296)   21.8524 (1.1545)    1.7348 (0.2520)   19.8245 (1.0851)   21.5594 (1.1186)
 68    3.7242 (0.3314)   17.2776 (1.1294)   21.0018 (1.1552)    1.6014 (0.2423)   19.0937 (1.0828)   20.6951 (1.1170)
 69    3.5567 (0.3255)   16.6069 (1.1294)   20.1636 (1.1562)    1.4763 (0.2326)   18.3669 (1.0811)   19.8432 (1.1158)
 70    3.3978 (0.3196)   15.9410 (1.1296)   19.3388 (1.1573)    1.3591 (0.2228)   17.6453 (1.0799)   19.0043 (1.1151)
 71    3.2473 (0.3136)   15.2807 (1.1299)   18.5280 (1.1586)    1.2493 (0.2130)   16.9301 (1.0792)   18.1794 (1.1149)
 72    3.1047 (0.3075)   14.6273 (1.1302)   17.7320 (1.1598)    1.1468 (0.2032)   16.2224 (1.0790)   17.3692 (1.1152)
 73    2.9698 (0.3012)   13.9818 (1.1305)   16.9515 (1.1611)    1.0510 (0.1935)   15.5236 (1.0793)   16.5746 (1.1159)
 74    2.8422 (0.2948)   13.3453 (1.1306)   16.1875 (1.1622)    0.9617 (0.1839)   14.8346 (1.0801)   15.7963 (1.1170)
 75    2.7217 (0.2884)   12.7189 (1.1307)   15.4405 (1.1632)    0.8785 (0.1744)   14.1568 (1.0812)   15.0352 (1.1184)
 76    2.6079 (0.2818)   12.1036 (1.1305)   14.7115 (1.1640)    0.8011 (0.1650)   13.4911 (1.0825)   14.2922 (1.1199)
 77    2.5005 (0.2752)   11.5005 (1.1301)   14.0010 (1.1647)    0.7293 (0.1558)   12.8387 (1.0839)   13.5679 (1.1214)
 78    2.3993 (0.2686)   10.9105 (1.1295)   13.3098 (1.1653)    0.6627 (0.1468)   12.2006 (1.0852)   12.8633 (1.1228)
 79    2.3039 (0.2620)   10.3346 (1.1289)   12.6385 (1.1661)    0.6010 (0.1381)   11.5779 (1.0863)   12.1789 (1.1238)
 80    2.2141 (0.2555)    9.7737 (1.1284)   11.9878 (1.1672)    0.5440 (0.1296)   10.9715 (1.0869)   11.5156 (1.1242)
 81    2.1296 (0.2490)    9.2286 (1.1283)   11.3582 (1.1689)    0.4915 (0.1214)   10.3824 (1.0867)   10.8739 (1.1237)
 82    2.0501 (0.2427)    8.7000 (1.1288)   10.7501 (1.1718)    0.4431 (0.1135)    9.8113 (1.0856)   10.2545 (1.1222)
 83    1.9755 (0.2366)    8.1886 (1.1305)   10.1641 (1.1762)    0.3987 (0.1059)    9.2591 (1.0833)    9.6578 (1.1194)
 84    1.9054 (0.2307)    7.6950 (1.1338)    9.6004 (1.1829)    0.3579 (0.0986)    8.7265 (1.0796)    9.0844 (1.1150)
 85    1.8396 (0.2251)    7.2198 (1.1393)    9.0594 (1.1923)    0.3207 (0.0917)    8.2139 (1.0742)    8.5346 (1.1088)
 86    1.7779 (0.2198)    6.7633 (1.1476)    8.5412 (1.2053)    0.2867 (0.0850)    7.7220 (1.0670)    8.0087 (1.1007)
 87    1.7200 (0.2149)    6.3259 (1.1592)    8.0459 (1.2223)    0.2557 (0.0787)    7.2512 (1.0577)    7.5069 (1.0904)
 88    1.6658 (0.2105)    5.9077 (1.1748)    7.5735 (1.2440)    0.2276 (0.0727)    6.8017 (1.0462)    7.0292 (1.0778)
 89    1.6150 (0.2065)    5.5089 (1.1948)    7.1239 (1.2706)    0.2021 (0.0671)    6.3738 (1.0324)    6.5758 (1.0629)
 90    1.5674 (0.2031)    5.1295 (1.2193)    6.6968 (1.3025)    0.1790 (0.0618)    5.9675 (1.0163)    6.1465 (1.0455)
