
# model  
#****** Result for:******
# FRFchr.txt
#IMaCh version 0.99r45, April 2023,INED-EUROREVES-Institut de longevite-Japan Society for the Promotion of Science (Grant-in-Aid for Scientific Research 25293121), Intel Software 2015-2020, Nihon University 2021-202, INED 2000-2022
#$Revision: 1.353 $ $Date: 2023/05/08 18:48:22 $
# Tue Feb 04 22:21:37 2025
# Total life expectancy with std error and decomposition into time to be expected in each health state
#  (weighted average of eij where weights are the age specific forward period (stable) prevalences in each health state 
# Age popbased mobilav e.. (std) e.1 (std) e.2 (std) 
   50 0 0  37.548 (  1.172)   6.956 (  0.654)  30.592 (  1.262)
   51 0 0  36.571 (  1.169)   6.543 (  0.607)  30.028 (  1.237)
   52 0 0  35.597 (  1.166)   6.148 (  0.565)  29.449 (  1.216)
   53 0 0  34.626 (  1.163)   5.770 (  0.528)  28.856 (  1.198)
   54 0 0  33.658 (  1.159)   5.410 (  0.494)  28.249 (  1.182)
   55 0 0  32.695 (  1.156)   5.067 (  0.465)  27.628 (  1.168)
   56 0 0  31.736 (  1.152)   4.740 (  0.439)  26.995 (  1.156)
   57 0 0  30.781 (  1.148)   4.430 (  0.417)  26.351 (  1.146)
   58 0 0  29.832 (  1.145)   4.136 (  0.398)  25.696 (  1.137)
   59 0 0  28.888 (  1.141)   3.857 (  0.381)  25.031 (  1.129)
   60 0 0  27.950 (  1.137)   3.594 (  0.367)  24.357 (  1.123)
   61 0 0  27.020 (  1.134)   3.345 (  0.354)  23.675 (  1.117)
   62 0 0  26.097 (  1.130)   3.109 (  0.343)  22.987 (  1.111)
   63 0 0  25.181 (  1.127)   2.888 (  0.332)  22.294 (  1.107)
   64 0 0  24.275 (  1.124)   2.679 (  0.322)  21.596 (  1.102)
   65 0 0  23.377 (  1.122)   2.483 (  0.312)  20.895 (  1.099)
   66 0 0  22.490 (  1.120)   2.298 (  0.303)  20.192 (  1.095)
   67 0 0  21.614 (  1.118)   2.125 (  0.294)  19.489 (  1.092)
   68 0 0  20.749 (  1.116)   1.963 (  0.284)  18.786 (  1.090)
   69 0 0  19.896 (  1.115)   1.811 (  0.275)  18.085 (  1.088)
   70 0 0  19.056 (  1.115)   1.669 (  0.265)  17.388 (  1.087)
   71 0 0  18.230 (  1.115)   1.536 (  0.256)  16.694 (  1.086)
   72 0 0  17.419 (  1.115)   1.412 (  0.246)  16.007 (  1.085)
   73 0 0  16.624 (  1.116)   1.297 (  0.236)  15.328 (  1.085)
   74 0 0  15.845 (  1.117)   1.189 (  0.226)  14.656 (  1.086)
   75 0 0  15.082 (  1.118)   1.089 (  0.216)  13.993 (  1.086)
   76 0 0  14.338 (  1.120)   0.996 (  0.206)  13.342 (  1.087)
   77 0 0  13.612 (  1.121)   0.910 (  0.197)  12.703 (  1.088)
   78 0 0  12.907 (  1.122)   0.830 (  0.187)  12.077 (  1.088)
   79 0 0  12.221 (  1.122)   0.756 (  0.177)  11.465 (  1.088)
   80 0 0  11.557 (  1.122)   0.688 (  0.168)  10.869 (  1.088)
   81 0 0  10.914 (  1.121)   0.625 (  0.159)  10.289 (  1.087)
   82 0 0  10.293 (  1.119)   0.567 (  0.150)   9.726 (  1.085)
   83 0 0   9.695 (  1.115)   0.513 (  0.142)   9.182 (  1.082)
   84 0 0   9.120 (  1.110)   0.465 (  0.133)   8.656 (  1.077)
   85 0 0   8.569 (  1.103)   0.420 (  0.125)   8.149 (  1.071)
   86 0 0   8.042 (  1.094)   0.379 (  0.117)   7.663 (  1.062)
   87 0 0   7.539 (  1.082)   0.341 (  0.110)   7.197 (  1.052)
   88 0 0   7.060 (  1.069)   0.307 (  0.103)   6.752 (  1.040)
   89 0 0   6.605 (  1.053)   0.276 (  0.096)   6.328 (  1.025)
   90 0 0   6.174 (  1.035)   0.248 (  0.090)   5.926 (  1.008)
