# GRMsr.txt
#IMaCh version 0.99r45, April 2023,INED-EUROREVES-Institut de longevite-Japan Society for the Promotion of Science (Grant-in-Aid for Scientific Research 25293121), Intel Software 2015-2020, Nihon University 2021-202, INED 2000-2022
#$Revision: 1.353 $ $Date: 2023/05/08 18:48:22 $
# Tue Feb 04 22:13:35 2025

#****** ******
# (a) Life expectancies by health status at initial age and (b) health expectancies by health status at initial age
# Age e11  e12  e1.  e21  e22  e2. 
 50  23.0781   6.4022  29.4803  20.4122   8.5527  28.9650
 51  22.1577   6.3758  28.5335  19.3051   8.6481  27.9532
 52  21.2471   6.3455  27.5926  18.2009   8.7414  26.9422
 53  20.3474   6.3111  26.6585  17.1028   8.8305  25.9333
 54  19.4597   6.2721  25.7318  16.0145   8.9132  24.9277
 55  18.5854   6.2279  24.8133  14.9401   8.9871  23.9272
 56  17.7256   6.1782  23.9039  13.8841   9.0497  22.9338
 57  16.8818   6.1226  23.0044  12.8511   9.0985  21.9496
 58  16.0553   6.0605  22.1158  11.8460   9.1311  20.9771
 59  15.2474   5.9916  21.2390  10.8734   9.1452  20.0186
 60  14.4593   5.9157  20.3750   9.9377   9.1391  19.0768
 61  13.6923   5.8324  19.5248   9.0430   9.1110  18.1540
 62  12.9476   5.7417  18.6893   8.1927   9.0600  17.2527
 63  12.2262   5.6434  17.8696   7.3896   8.9853  16.3749
 64  11.5289   5.5376  17.0665   6.6360   8.8868  15.5228
 65  10.8567   5.4243  16.2810   5.9331   8.7648  14.6980
 66  10.2101   5.3039  15.5139   5.2818   8.6200  13.9018
 67   9.5896   5.1765  14.7661   4.6818   8.4536  13.1355
 68   8.9955   5.0426  14.0381   4.1326   8.2671  12.3997
 69   8.4281   4.9027  13.3308   3.6328   8.0622  11.6950
 70   7.8873   4.7573  12.6446   3.1805   7.8409  11.0215
 71   7.3729   4.6071  11.9801   2.7737   7.6054  10.3791
 72   6.8849   4.4527  11.3376   2.4096   7.3580   9.7676
 73   6.4226   4.2949  10.7175   2.0856   7.1009   9.1864
 74   5.9857   4.1343  10.1201   1.7986   6.8363   8.6349
 75   5.5735   3.9719   9.5454   1.5458   6.5665   8.1122
 76   5.1854   3.8082   8.9936   1.3240   6.2934   7.6174
 77   4.8205   3.6441   8.4646   1.1304   6.0191   7.1496
 78   4.4780   3.4804   7.9584   0.9622   5.7454   6.7076
 79   4.1571   3.3177   7.4748   0.8166   5.4739   6.2904
 80   3.8569   3.1567   7.0136   0.6910   5.2059   5.8970
 81   3.5765   2.9981   6.5746   0.5833   4.9429   5.5262
 82   3.3148   2.8425   6.1573   0.4910   4.6859   5.1769
 83   3.0711   2.6903   5.7614   0.4124   4.4358   4.8482
 84   2.8443   2.5421   5.3864   0.3456   4.1933   4.5389
 85   2.6335   2.3983   5.0318   0.2890   3.9592   4.2482
 86   2.4379   2.2592   4.6970   0.2412   3.7339   3.9751
 87   2.2565   2.1251   4.3816   0.2010   3.5176   3.7186
 88   2.0886   1.9963   4.0848   0.1672   3.3108   3.4780
 89   1.9332   1.8729   3.8061   0.1389   3.1134   3.2523
 90   1.7897   1.7551   3.5448   0.1152   2.9256   3.0408
