# GRMsr.txt
#IMaCh version 0.99r45, April 2023,INED-EUROREVES-Institut de longevite-Japan Society for the Promotion of Science (Grant-in-Aid for Scientific Research 25293121), Intel Software 2015-2020, Nihon University 2021-202, INED 2000-2022
#$Revision: 1.353 $ $Date: 2023/05/08 18:48:22 $
# Tue Feb 04 22:13:35 2025
# Forward period (stable) prevalence. Precision given by ftolpl=0.0006 
#Age 1-1 2-2 
#************
#Age   1-1     2-2   Total Years_to_converge
50  0.97459 0.02542 1.000 15
51  0.97134 0.02868 1.000 15
52  0.96767 0.03234 1.000 16
53  0.96356 0.03646 1.000 16
54  0.95894 0.04108 1.000 17
55  0.95377 0.04625 1.000 17
56  0.94800 0.05203 1.000 18
57  0.94155 0.05847 1.000 18
58  0.93438 0.06565 1.000 19
59  0.92641 0.07362 1.000 19
60  0.91758 0.08245 1.000 20
61  0.90783 0.09221 1.000 20
62  0.89708 0.10297 1.000 21
63  0.88527 0.11479 1.000 21
64  0.87233 0.12773 1.000 22
65  0.85821 0.14186 1.000 22
66  0.84285 0.15724 1.000 23
67  0.82620 0.17390 1.000 23
68  0.80822 0.19188 1.000 24
69  0.78890 0.21123 1.000 24
70  0.76820 0.23194 1.000 25
71  0.74614 0.25397 1.000 26
72  0.72272 0.27740 1.000 26
73  0.69799 0.30215 1.000 27
74  0.67199 0.32816 1.000 27
75  0.64479 0.35537 1.000 28
76  0.61648 0.38369 1.000 28
77  0.58718 0.41301 1.000 29
78  0.55700 0.44326 1.000 29
79  0.52610 0.47417 1.000 29
80  0.49464 0.50564 1.000 30
81  0.46279 0.53743 1.000 31
82  0.43076 0.56947 1.000 31
83  0.39875 0.60148 1.000 32
84  0.36697 0.63321 1.000 33
85  0.33565 0.66453 1.000 33
86  0.30501 0.69516 1.000 34
87  0.27529 0.72487 1.000 34
88  0.24671 0.75341 1.000 35
89  0.21948 0.78064 1.000 36
90  0.19378 0.80632 1.000 36
