# Powell
# iter -2*LL p12 p13 p21 p23
1 1 1930.048880789784 1 -8.474677400000 0.083748100000 -13.368926800000 0.134885700000 3.204568800000 -0.075328600000 -8.672281100000 0.083484600000
2 2 1787.142559611299 2 -9.031039026576 0.083696425048 -14.423629126493 0.134606189407 2.559784694524 -0.075200629176 -9.409435875925 0.083485321107
3 2 1783.992314991086 3 -9.159177710121 0.083652880018 -14.211761206752 0.134480318733 2.491022284939 -0.075136275494 -9.444125526329 0.083492196004
4 3 1783.955008985369 4 -9.174200453786 0.083603752381 -14.196290086933 0.134361853179 2.482479194005 -0.075075098134 -9.446955320230 0.083499278492
5 3 1783.789861747406 5 -9.074739748994 0.081884020537 -13.856249957427 0.130207644212 2.327058978473 -0.072943692135 -9.471508325103 0.083753140324
6 4 1783.675999930762 5 -9.003600417875 0.081137793871 -13.712083202629 0.128284695735 2.266232202500 -0.072022725814 -9.481208955897 0.083889241329
7 4 1783.642638806373 6 -8.939659740000 0.080468434183 -13.580877725936 0.126537338876 2.211867737798 -0.071202251589 -9.490800659425 0.084029012781
8 5 1783.642364849827 7 -8.940701539872 0.080485793271 -13.583019696194 0.126560085644 2.214025278947 -0.071233097725 -9.491360024391 0.084036714398
9 5 1783.620655939569 8 -8.955831357837 0.080691854821 -13.424210498975 0.124492807388 2.322666243607 -0.072777160672 -9.610121321530 0.085510042704
10 6 1783.620539965436 9 -8.955678185483 0.080688733643 -13.421510998385 0.124471635573 2.321543209328 -0.072761992252 -9.610565273324 0.085513361440
11 6 1783.618394463894 10 -8.981885760615 0.081028987945 -13.378002231865 0.123924527993 2.291853808070 -0.072347278320 -9.614115479552 0.085558900515
12 7 1783.618014084070 11 -8.990796676158 0.081162278375 -13.384728542951 0.123995629297 2.292936453189 -0.072359625283 -9.613577763457 0.085555781027
13 7 1783.617999511891 12 -8.992887713816 0.081193546951 -13.386486247903 0.124014584402 2.293077416163 -0.072360906435 -9.613417699836 0.085554633588
14 8 1783.617998108325 13 -8.993230889539 0.081198697789 -13.386819541081 0.124018452755 2.293067505663 -0.072360663694 -9.613513651409 0.085555928166
15 8 1783.617996911415 14 -8.993246151164 0.081198966300 -13.386857588065 0.124019385810 2.293040196299 -0.072360304974 -9.613553257007 0.085557492165
16 9 1783.617964957682 16 -8.992046172731 0.081183737964 -13.392465994492 0.124096469572 2.290852350007 -0.072329270076 -9.615857908342 0.085580902859
17 9 1783.617936996666 17 -8.992317959723 0.081186865354 -13.391501381089 0.124082603462 2.290618375055 -0.072326000952 -9.619180278430 0.085622969141
18 10 1783.617918952427 17 -8.992920138553 0.081193841856 -13.390318938826 0.124064806560 2.289257105907 -0.072306836327 -9.624006092804 0.085684895475
19 10 1783.617918949409 18 -8.992921685614 0.081193849841 -13.390348567816 0.124065159642 2.289212196956 -0.072306194209 -9.623970217670 0.085684466152
20 11 1783.617918949373 18 -8.992922666611 0.081193862339 -13.390347726308 0.124065144870 2.289210296724 -0.072306169277 -9.623966244016 0.085684420333
21 11 1783.617918949369 18 -8.992922698837 0.081193862678 -13.390347791279 0.124065145735 2.289210324443 -0.072306169695 -9.623966239858 0.085684422204
22 12 1783.617918949366 19 -8.992923183867 0.081193868976 -13.390346984217 0.124065135586 2.289209774889 -0.072306162018 -9.623966306187 0.085684423055
23 12 1783.617918949366 19 -8.992923183868 0.081193868976 -13.390346984218 0.124065135586 2.289209774889 -0.072306162018 -9.623966306187 0.085684423807
