# GRMsr.txt
#IMaCh version 0.99r45, April 2023,INED-EUROREVES-Institut de longevite-Japan Society for the Promotion of Science (Grant-in-Aid for Scientific Research 25293121), Intel Software 2015-2020, Nihon University 2021-202, INED 2000-2022
#$Revision: 1.353 $ $Date: 2023/05/08 18:48:22 $
# Tue Feb 04 22:13:35 2025
# probabilities of dying before estepm=6 months for people of exact age and weighted probabilities w1*p1j+w2*p2j+... stand dev in()
# Selected quantitative variables and dummies
# Age cov=1 p.3 SE w1 p13 w2 p23
 50 1   8.272e-004  4.452e-004  9.746e-001  7.503e-004   2.542e-002  3.776e-003 
 51 1   9.442e-004  4.844e-004  9.713e-001  8.488e-004   2.868e-002  4.174e-003 
 52 1   1.078e-003  5.262e-004  9.677e-001  9.602e-004   3.234e-002  4.609e-003 
 53 1   1.232e-003  5.708e-004  9.636e-001  1.086e-003   3.646e-002  5.085e-003 
 54 1   1.408e-003  6.183e-004  9.589e-001  1.228e-003   4.108e-002  5.606e-003 
 55 1   1.611e-003  6.687e-004  9.538e-001  1.389e-003   4.625e-002  6.175e-003 
 56 1   1.843e-003  7.220e-004  9.480e-001  1.571e-003   5.203e-002  6.797e-003 
 57 1   2.110e-003  7.785e-004  9.416e-001  1.777e-003   5.847e-002  7.477e-003 
 58 1   2.416e-003  8.380e-004  9.344e-001  2.009e-003   6.565e-002  8.219e-003 
 59 1   2.768e-003  9.007e-004  9.264e-001  2.271e-003   7.362e-002  9.028e-003 
 60 1   3.172e-003  9.667e-004  9.176e-001  2.567e-003   8.245e-002  9.912e-003 
 61 1   3.636e-003  1.036e-003  9.078e-001  2.901e-003   9.221e-002  1.087e-002 
 62 1   4.168e-003  1.109e-003  8.971e-001  3.278e-003   1.030e-001  1.192e-002 
 63 1   4.779e-003  1.186e-003  8.853e-001  3.704e-003   1.148e-001  1.307e-002 
 64 1   5.478e-003  1.266e-003  8.723e-001  4.184e-003   1.277e-001  1.431e-002 
 65 1   6.278e-003  1.352e-003  8.582e-001  4.725e-003   1.419e-001  1.567e-002 
 66 1   7.192e-003  1.442e-003  8.428e-001  5.335e-003   1.572e-001  1.714e-002 
 67 1   8.235e-003  1.537e-003  8.262e-001  6.022e-003   1.739e-001  1.874e-002 
 68 1   9.425e-003  1.638e-003  8.082e-001  6.797e-003   1.919e-001  2.049e-002 
 69 1   1.078e-002  1.746e-003  7.889e-001  7.668e-003   2.112e-001  2.238e-002 
 70 1   1.231e-002  1.862e-003  7.682e-001  8.649e-003   2.319e-001  2.444e-002 
 71 1   1.405e-002  2.066e-003  7.461e-001  9.751e-003   2.540e-001  2.668e-002 
 72 1   1.602e-002  2.121e-003  7.227e-001  1.099e-002   2.774e-001  2.910e-002 
 73 1   1.823e-002  2.268e-003  6.980e-001  1.238e-002   3.021e-001  3.173e-002 
 74 1   2.072e-002  2.430e-003  6.720e-001  1.394e-002   3.282e-001  3.459e-002 
 75 1   2.351e-002  2.611e-003  6.448e-001  1.569e-002   3.554e-001  3.768e-002 
 76 1   2.662e-002  2.815e-003  6.165e-001  1.765e-002   3.837e-001  4.103e-002 
 77 1   3.009e-002  3.050e-003  5.872e-001  1.984e-002   4.130e-001  4.465e-002 
 78 1   3.395e-002  3.324e-003  5.570e-001  2.229e-002   4.433e-001  4.857e-002 
 79 1   3.820e-002  3.651e-003  5.261e-001  2.503e-002   4.742e-001  5.280e-002 
 80 1   4.290e-002  4.046e-003  4.946e-001  2.808e-002   5.056e-001  5.737e-002 
 81 1   4.805e-002  4.527e-003  4.628e-001  3.148e-002   5.374e-001  6.231e-002 
 82 1   5.369e-002  5.118e-003  4.308e-001  3.525e-002   5.695e-001  6.762e-002 
 83 1   5.985e-002  5.844e-003  3.987e-001  3.944e-002   6.015e-001  7.335e-002 
 84 1   6.653e-002  6.733e-003  3.670e-001  4.408e-002   6.332e-001  7.952e-002 
 85 1   7.376e-002  7.816e-003  3.356e-001  4.921e-002   6.645e-001  8.614e-002 
 86 1   8.156e-002  9.125e-003  3.050e-001  5.486e-002   6.952e-001  9.325e-002 
 87 1   8.994e-002  1.069e-002  2.753e-001  6.109e-002   7.249e-001  1.009e-001 
 88 1   9.891e-002  1.255e-002  2.467e-001  6.793e-002   7.534e-001  1.090e-001 
 89 1   1.085e-001  1.474e-002  2.195e-001  7.542e-002   7.806e-001  1.178e-001 
 90 1   1.187e-001  1.728e-002  1.938e-001  8.359e-002   8.063e-001  1.271e-001 
