# GRMsr.txt
#IMaCh version 0.99r45, April 2023,INED-EUROREVES-Institut de longevite-Japan Society for the Promotion of Science (Grant-in-Aid for Scientific Research 25293121), Intel Software 2015-2020, Nihon University 2021-202, INED 2000-2022
#$Revision: 1.353 $ $Date: 2023/05/08 18:48:22 $
# Tue Feb 04 22:13:35 2025
#One-step probabilities and stand. devi in ()
# Age p1-1 (SE) p1-2 (SE) p1-3 (SE) p2-1 (SE) p2-2 (SE) p2-3 (SE)
50  9.921e-001 ( 2.118e-003)  7.146e-003 ( 2.102e-003)  7.503e-004 ( 4.657e-004)  2.090e-001 ( 5.603e-002)  7.872e-001 ( 5.576e-002)  3.776e-003 ( 2.136e-003) 
51  9.914e-001 ( 2.213e-003)  7.745e-003 ( 2.193e-003)  8.488e-004 ( 5.087e-004)  1.972e-001 ( 5.137e-002)  7.986e-001 ( 5.111e-002)  4.174e-003 ( 2.285e-003) 
52  9.906e-001 ( 2.309e-003)  8.394e-003 ( 2.284e-003)  9.602e-004 ( 5.550e-004)  1.860e-001 ( 4.696e-002)  8.094e-001 ( 4.670e-002)  4.609e-003 ( 2.440e-003) 
53  9.898e-001 ( 2.407e-003)  9.096e-003 ( 2.375e-003)  1.086e-003 ( 6.048e-004)  1.752e-001 ( 4.278e-002)  8.197e-001 ( 4.254e-002)  5.085e-003 ( 2.601e-003) 
54  9.889e-001 ( 2.506e-003)  9.857e-003 ( 2.467e-003)  1.228e-003 ( 6.582e-004)  1.649e-001 ( 3.885e-002)  8.295e-001 ( 3.863e-002)  5.606e-003 ( 2.768e-003) 
55  9.879e-001 ( 2.605e-003)  1.068e-002 ( 2.558e-003)  1.389e-003 ( 7.152e-004)  1.551e-001 ( 3.518e-002)  8.387e-001 ( 3.498e-002)  6.175e-003 ( 2.940e-003) 
56  9.869e-001 ( 2.705e-003)  1.157e-002 ( 2.648e-003)  1.571e-003 ( 7.761e-004)  1.458e-001 ( 3.175e-002)  8.474e-001 ( 3.158e-002)  6.797e-003 ( 3.117e-003) 
57  9.857e-001 ( 2.805e-003)  1.253e-002 ( 2.736e-003)  1.777e-003 ( 8.407e-004)  1.369e-001 ( 2.858e-002)  8.556e-001 ( 2.844e-002)  7.477e-003 ( 3.299e-003) 
58  9.844e-001 ( 2.904e-003)  1.358e-002 ( 2.823e-003)  2.009e-003 ( 9.092e-004)  1.285e-001 ( 2.565e-002)  8.633e-001 ( 2.556e-002)  8.219e-003 ( 3.484e-003) 
59  9.830e-001 ( 3.003e-003)  1.470e-002 ( 2.907e-003)  2.271e-003 ( 9.816e-004)  1.206e-001 ( 2.297e-002)  8.704e-001 ( 2.293e-002)  9.028e-003 ( 3.671e-003) 
60  9.815e-001 ( 3.102e-003)  1.592e-002 ( 2.989e-003)  2.567e-003 ( 1.058e-003)  1.130e-001 ( 2.052e-002)  8.771e-001 ( 2.055e-002)  9.912e-003 ( 3.861e-003) 
61  9.799e-001 ( 3.199e-003)  1.724e-002 ( 3.068e-003)  2.901e-003 ( 1.138e-003)  1.059e-001 ( 1.831e-002)  8.833e-001 ( 1.842e-002)  1.087e-002 ( 4.051e-003) 
62  9.781e-001 ( 3.295e-003)  1.867e-002 ( 3.143e-003)  3.278e-003 ( 1.221e-003)  9.912e-002 ( 1.632e-002)  8.890e-001 ( 1.654e-002)  1.192e-002 ( 4.240e-003) 
63  9.761e-001 ( 3.391e-003)  2.020e-002 ( 3.216e-003)  3.704e-003 ( 1.308e-003)  9.274e-002 ( 1.456e-002)  8.942e-001 ( 1.489e-002)  1.307e-002 ( 4.428e-003) 
64  9.740e-001 ( 3.487e-003)  2.186e-002 ( 3.287e-003)  4.184e-003 ( 1.398e-003)  8.673e-002 ( 1.301e-002)  8.990e-001 ( 1.347e-002)  1.431e-002 ( 4.612e-003) 
65  9.716e-001 ( 3.584e-003)  2.366e-002 ( 3.358e-003)  4.725e-003 ( 1.491e-003)  8.107e-002 ( 1.166e-002)  9.033e-001 ( 1.228e-002)  1.567e-002 ( 4.791e-003) 
66  9.691e-001 ( 3.685e-003)  2.559e-002 ( 3.430e-003)  5.335e-003 ( 1.588e-003)  7.574e-002 ( 1.051e-002)  9.071e-001 ( 1.130e-002)  1.714e-002 ( 4.963e-003) 
67  9.663e-001 ( 3.792e-003)  2.768e-002 ( 3.507e-003)  6.022e-003 ( 1.688e-003)  7.072e-002 ( 9.538e-003)  9.105e-001 ( 1.052e-002)  1.874e-002 ( 5.127e-003) 
68  9.633e-001 ( 3.908e-003)  2.992e-002 ( 3.594e-003)  6.797e-003 ( 1.792e-003)  6.600e-002 ( 8.743e-003)  9.135e-001 ( 9.911e-003)  2.049e-002 ( 5.281e-003) 
69  9.600e-001 ( 4.040e-003)  3.234e-002 ( 3.697e-003)  7.668e-003 ( 1.901e-003)  6.157e-002 ( 8.104e-003)  9.160e-001 ( 9.458e-003)  2.238e-002 ( 5.423e-003) 
70  9.564e-001 ( 4.193e-003)  3.495e-002 ( 3.824e-003)  8.649e-003 ( 2.018e-003)  5.741e-002 ( 7.603e-003)  9.182e-001 ( 9.131e-003)  2.444e-002 ( 5.552e-003) 
71  9.525e-001 ( 4.378e-003)  3.775e-002 ( 3.985e-003)  9.751e-003 ( 2.145e-003)  5.350e-002 ( 7.217e-003)  9.198e-001 ( 8.903e-003)  2.668e-002 ( 5.667e-003) 
72  9.483e-001 ( 4.604e-003)  4.076e-002 ( 4.193e-003)  1.099e-002 ( 2.289e-003)  4.983e-002 ( 6.926e-003)  9.211e-001 ( 8.750e-003)  2.910e-002 ( 5.769e-003) 
73  9.436e-001 ( 4.883e-003)  4.399e-002 ( 4.459e-003)  1.238e-002 ( 2.455e-003)  4.640e-002 ( 6.708e-003)  9.219e-001 ( 8.650e-003)  3.173e-002 ( 5.859e-003) 
74  9.386e-001 ( 5.231e-003)  4.746e-002 ( 4.799e-003)  1.394e-002 ( 2.655e-003)  4.318e-002 ( 6.543e-003)  9.222e-001 ( 8.587e-003)  3.459e-002 ( 5.941e-003) 
75  9.331e-001 ( 5.660e-003)  5.117e-002 ( 5.224e-003)  1.569e-002 ( 2.901e-003)  4.016e-002 ( 6.414e-003)  9.222e-001 ( 8.550e-003)  3.768e-002 ( 6.022e-003) 
76  9.272e-001 ( 6.187e-003)  5.515e-002 ( 5.747e-003)  1.765e-002 ( 3.211e-003)  3.734e-002 ( 6.308e-003)  9.216e-001 ( 8.535e-003)  4.103e-002 ( 6.111e-003) 
77  9.208e-001 ( 6.826e-003)  5.939e-002 ( 6.380e-003)  1.984e-002 ( 3.603e-003)  3.470e-002 ( 6.214e-003)  9.207e-001 ( 8.544e-003)  4.465e-002 ( 6.225e-003) 
78  9.138e-001 ( 7.591e-003)  6.393e-002 ( 7.132e-003)  2.229e-002 ( 4.097e-003)  3.223e-002 ( 6.123e-003)  9.192e-001 ( 8.588e-003)  4.857e-002 ( 6.385e-003) 
79  9.062e-001 ( 8.498e-003)  6.876e-002 ( 8.012e-003)  2.503e-002 ( 4.718e-003)  2.992e-002 ( 6.031e-003)  9.173e-001 ( 8.685e-003)  5.280e-002 ( 6.618e-003) 
80  8.980e-001 ( 9.559e-003)  7.390e-002 ( 9.028e-003)  2.808e-002 ( 5.489e-003)  2.776e-002 ( 5.933e-003)  9.149e-001 ( 8.861e-003)  5.737e-002 ( 6.957e-003) 
81  8.892e-001 ( 1.079e-002)  7.936e-002 ( 1.019e-002)  3.148e-002 ( 6.434e-003)  2.574e-002 ( 5.827e-003)  9.120e-001 ( 9.150e-003)  6.231e-002 ( 7.438e-003) 
82  8.796e-001 ( 1.220e-002)  8.515e-002 ( 1.150e-002)  3.525e-002 ( 7.579e-003)  2.385e-002 ( 5.712e-003)  9.085e-001 ( 9.593e-003)  6.762e-002 ( 8.097e-003) 
83  8.693e-001 ( 1.380e-002)  9.127e-002 ( 1.296e-002)  3.944e-002 ( 8.951e-003)  2.209e-002 ( 5.586e-003)  9.046e-001 ( 1.023e-002)  7.335e-002 ( 8.966e-003) 
84  8.582e-001 ( 1.561e-002)  9.773e-002 ( 1.459e-002)  4.408e-002 ( 1.058e-002)  2.045e-002 ( 5.452e-003)  9.000e-001 ( 1.110e-002)  7.952e-002 ( 1.007e-002) 
85  8.463e-001 ( 1.763e-002)  1.045e-001 ( 1.639e-002)  4.921e-002 ( 1.249e-002)  1.891e-002 ( 5.308e-003)  8.949e-001 ( 1.223e-002)  8.614e-002 ( 1.143e-002) 
86  8.335e-001 ( 1.988e-002)  1.116e-001 ( 1.837e-002)  5.486e-002 ( 1.472e-002)  1.748e-002 ( 5.155e-003)  8.893e-001 ( 1.365e-002)  9.325e-002 ( 1.306e-002) 
87  8.198e-001 ( 2.237e-002)  1.191e-001 ( 2.053e-002)  6.109e-002 ( 1.730e-002)  1.615e-002 ( 4.995e-003)  8.830e-001 ( 1.538e-002)  1.009e-001 ( 1.497e-002) 
88  8.052e-001 ( 2.511e-002)  1.269e-001 ( 2.287e-002)  6.793e-002 ( 2.027e-002)  1.491e-002 ( 4.829e-003)  8.761e-001 ( 1.743e-002)  1.090e-001 ( 1.718e-002) 
89  7.896e-001 ( 2.809e-002)  1.349e-001 ( 2.541e-002)  7.542e-002 ( 2.365e-002)  1.375e-002 ( 4.658e-003)  8.685e-001 ( 1.980e-002)  1.178e-001 ( 1.969e-002) 
90  7.731e-001 ( 3.131e-002)  1.433e-001 ( 2.815e-002)  8.359e-002 ( 2.748e-002)  1.267e-002 ( 4.482e-003)  8.602e-001 ( 2.251e-002)  1.271e-001 ( 2.251e-002) 