
#****** ******
# GRMsr.txt
#IMaCh version 0.99r45, April 2023,INED-EUROREVES-Institut de longevite-Japan Society for the Promotion of Science (Grant-in-Aid for Scientific Research 25293121), Intel Software 2015-2020, Nihon University 2021-202, INED 2000-2022
#$Revision: 1.353 $ $Date: 2023/05/08 18:48:22 $
# Tue Feb 04 22:13:35 2025
# Health expectancies with standard errors
# Age e11 (SE) e12 (SE) e1.  e21 (SE) e22 (SE) e2. 
 50   23.0781 (0.8467)    6.4022 (0.6454)   29.4803 (0.9867)   20.4122 (1.2364)    8.5527 (0.9566)   28.9650 (1.0672)
 51   22.1577 (0.8293)    6.3758 (0.6383)   28.5335 (0.9683)   19.3051 (1.2276)    8.6481 (0.9498)   27.9532 (1.0634)
 52   21.2471 (0.8111)    6.3455 (0.6306)   27.5926 (0.9492)   18.2009 (1.2127)    8.7414 (0.9397)   26.9422 (1.0600)
 53   20.3474 (0.7919)    6.3111 (0.6224)   26.6585 (0.9293)   17.1028 (1.1912)    8.8305 (0.9264)   25.9333 (1.0565)
 54   19.4597 (0.7719)    6.2721 (0.6137)   25.7318 (0.9087)   16.0145 (1.1629)    8.9132 (0.9102)   24.9277 (1.0526)
 55   18.5854 (0.7511)    6.2279 (0.6046)   24.8133 (0.8874)   14.9401 (1.1279)    8.9871 (0.8917)   23.9272 (1.0479)
 56   17.7256 (0.7296)    6.1782 (0.5950)   23.9039 (0.8655)   13.8841 (1.0867)    9.0497 (0.8716)   22.9338 (1.0419)
 57   16.8818 (0.7075)    6.1226 (0.5850)   23.0044 (0.8430)   12.8511 (1.0402)    9.0985 (0.8506)   21.9496 (1.0342)
 58   16.0553 (0.6849)    6.0605 (0.5746)   22.1158 (0.8201)   11.8460 (0.9893)    9.1311 (0.8295)   20.9771 (1.0244)
 59   15.2474 (0.6619)    5.9916 (0.5639)   21.2390 (0.7969)   10.8734 (0.9354)    9.1452 (0.8088)   20.0186 (1.0121)
 60   14.4593 (0.6388)    5.9157 (0.5530)   20.3750 (0.7735)    9.9377 (0.8798)    9.1391 (0.7889)   19.0768 (0.9971)
 61   13.6923 (0.6156)    5.8324 (0.5419)   19.5248 (0.7500)    9.0430 (0.8238)    9.1110 (0.7700)   18.1540 (0.9791)
 62   12.9476 (0.5925)    5.7417 (0.5306)   18.6893 (0.7266)    8.1927 (0.7688)    9.0600 (0.7520)   17.2527 (0.9580)
 63   12.2262 (0.5697)    5.6434 (0.5194)   17.8696 (0.7034)    7.3896 (0.7156)    8.9853 (0.7346)   16.3749 (0.9339)
 64   11.5289 (0.5474)    5.5376 (0.5082)   17.0665 (0.6808)    6.6360 (0.6649)    8.8868 (0.7174)   15.5228 (0.9070)
 65   10.8567 (0.5257)    5.4243 (0.4973)   16.2810 (0.6588)    5.9331 (0.6173)    8.7648 (0.7000)   14.6980 (0.8775)
 66   10.2101 (0.5048)    5.3039 (0.4866)   15.5139 (0.6376)    5.2818 (0.5728)    8.6200 (0.6820)   13.9018 (0.8457)
 67    9.5896 (0.4848)    5.1765 (0.4764)   14.7661 (0.6176)    4.6818 (0.5314)    8.4536 (0.6632)   13.1355 (0.8122)
 68    8.9955 (0.4659)    5.0426 (0.4667)   14.0381 (0.5989)    4.1326 (0.4929)    8.2671 (0.6434)   12.3997 (0.7775)
 69    8.4281 (0.4482)    4.9027 (0.4576)   13.3308 (0.5817)    3.6328 (0.4569)    8.0622 (0.6229)   11.6950 (0.7424)
 70    7.8873 (0.4318)    4.7573 (0.4494)   12.6446 (0.5661)    3.1805 (0.4232)    7.8409 (0.6019)   11.0215 (0.7075)
 71    7.3729 (0.4166)    4.6071 (0.4420)   11.9801 (0.5522)    2.7737 (0.3913)    7.6054 (0.5808)   10.3791 (0.6737)
 72    6.8849 (0.4028)    4.4527 (0.4356)   11.3376 (0.5402)    2.4096 (0.3611)    7.3580 (0.5602)    9.7676 (0.6417)
 73    6.4226 (0.3902)    4.2949 (0.4301)   10.7175 (0.5301)    2.0856 (0.3323)    7.1009 (0.5407)    9.1864 (0.6123)
 74    5.9857 (0.3788)    4.1343 (0.4256)   10.1201 (0.5218)    1.7986 (0.3048)    6.8363 (0.5231)    8.6349 (0.5861)
 75    5.5735 (0.3685)    3.9719 (0.4221)    9.5454 (0.5153)    1.5458 (0.2787)    6.5665 (0.5078)    8.1122 (0.5637)
 76    5.1854 (0.3591)    3.8082 (0.4193)    8.9936 (0.5103)    1.3240 (0.2538)    6.2934 (0.4953)    7.6174 (0.5453)
 77    4.8205 (0.3506)    3.6441 (0.4174)    8.4646 (0.5068)    1.1304 (0.2302)    6.0191 (0.4860)    7.1496 (0.5312)
 78    4.4780 (0.3427)    3.4804 (0.4160)    7.9584 (0.5044)    0.9622 (0.2079)    5.7454 (0.4799)    6.7076 (0.5211)
 79    4.1571 (0.3352)    3.3177 (0.4151)    7.4748 (0.5029)    0.8166 (0.1870)    5.4739 (0.4768)    6.2904 (0.5148)
 80    3.8569 (0.3282)    3.1567 (0.4145)    7.0136 (0.5022)    0.6910 (0.1676)    5.2059 (0.4764)    5.8970 (0.5116)
 81    3.5765 (0.3213)    2.9981 (0.4140)    6.5746 (0.5019)    0.5833 (0.1495)    4.9429 (0.4783)    5.5262 (0.5110)
 82    3.3148 (0.3146)    2.8425 (0.4135)    6.1573 (0.5017)    0.4910 (0.1329)    4.6859 (0.4818)    5.1769 (0.5124)
 83    3.0711 (0.3078)    2.6903 (0.4128)    5.7614 (0.5016)    0.4124 (0.1177)    4.4358 (0.4864)    4.8482 (0.5149)
 84    2.8443 (0.3010)    2.5421 (0.4118)    5.3864 (0.5013)    0.3456 (0.1039)    4.1933 (0.4916)    4.5389 (0.5181)
 85    2.6335 (0.2940)    2.3983 (0.4104)    5.0318 (0.5005)    0.2890 (0.0914)    3.9592 (0.4967)    4.2482 (0.5213)
 86    2.4379 (0.2869)    2.2592 (0.4085)    4.6970 (0.4993)    0.2412 (0.0801)    3.7339 (0.5014)    3.9751 (0.5241)
 87    2.2565 (0.2796)    2.1251 (0.4060)    4.3816 (0.4974)    0.2010 (0.0700)    3.5176 (0.5053)    3.7186 (0.5262)
 88    2.0886 (0.2720)    1.9963 (0.4029)    4.0848 (0.4949)    0.1672 (0.0610)    3.3108 (0.5081)    3.4780 (0.5272)
 89    1.9332 (0.2643)    1.8729 (0.3991)    3.8061 (0.4916)    0.1389 (0.0530)    3.1134 (0.5097)    3.2523 (0.5271)
 90    1.7897 (0.2564)    1.7551 (0.3947)    3.5448 (0.4876)    0.1152 (0.0460)    2.9256 (0.5098)    3.0408 (0.5256)
