
#****** ******
# GRMsr.txt
#IMaCh version 0.99r45, April 2023,INED-EUROREVES-Institut de longevite-Japan Society for the Promotion of Science (Grant-in-Aid for Scientific Research 25293121), Intel Software 2015-2020, Nihon University 2021-202, INED 2000-2022
#$Revision: 1.353 $ $Date: 2023/05/08 18:48:22 $
# Tue Feb 04 22:13:35 2025
# Standard deviation of period (forward stable) prevalences 
# Age  Result#  1-1 2-2
50 1  0.97459 (0.00876) 0.02542 (0.00879)
51 1  0.97134 (0.00953) 0.02868 (0.00955)
52 1  0.96767 (0.01033) 0.03234 (0.01036)
53 1  0.96356 (0.01119) 0.03646 (0.01121)
54 1  0.95894 (0.01208) 0.04108 (0.01211)
55 1  0.95377 (0.01301) 0.04625 (0.01304)
56 1  0.94800 (0.01397) 0.05203 (0.01400)
57 1  0.94155 (0.01496) 0.05847 (0.01499)
58 1  0.93438 (0.01597) 0.06565 (0.01601)
59 1  0.92641 (0.01699) 0.07362 (0.01703)
60 1  0.91758 (0.01802) 0.08245 (0.01807)
61 1  0.90783 (0.01905) 0.09221 (0.01910)
62 1  0.89708 (0.02006) 0.10297 (0.02011)
63 1  0.88526 (0.02106) 0.11479 (0.02111)
64 1  0.87233 (0.02202) 0.12774 (0.02208)
65 1  0.85820 (0.02295) 0.14187 (0.02301)
66 1  0.84284 (0.02384) 0.15724 (0.02390)
67 1  0.82619 (0.02469) 0.17390 (0.02476)
68 1  0.80821 (0.02551) 0.19189 (0.02558)
69 1  0.78889 (0.02631) 0.21124 (0.02637)
70 1  0.76819 (0.02709) 0.23195 (0.02715)
71 1  0.74612 (0.02792) 0.25399 (0.03421)
72 1  0.72271 (0.02870) 0.27742 (0.02874)
73 1  0.69797 (0.02958) 0.30217 (0.02961)
74 1  0.67196 (0.03054) 0.32819 (0.03057)
75 1  0.64476 (0.03162) 0.35541 (0.03164)
76 1  0.61645 (0.03283) 0.38373 (0.03285)
77 1  0.58714 (0.03418) 0.41305 (0.03419)
78 1  0.55695 (0.03567) 0.44331 (0.03568)
79 1  0.52605 (0.03730) 0.47423 (0.03731)
80 1  0.49458 (0.03904) 0.50571 (0.03904)
81 1  0.46272 (0.04087) 0.53750 (0.04086)
82 1  0.43068 (0.04274) 0.56955 (0.04273)
83 1  0.39866 (0.04461) 0.60157 (0.04460)
84 1  0.36687 (0.04643) 0.63330 (0.04642)
85 1  0.33555 (0.04815) 0.66463 (0.04813)
86 1  0.30491 (0.04970) 0.69526 (0.04968)
87 1  0.27519 (0.05102) 0.72498 (0.05100)
88 1  0.24660 (0.05203) 0.75352 (0.05201)
89 1  0.21936 (0.05266) 0.78075 (0.05264)
90 1  0.19367 (0.05283) 0.80643 (0.05281)
