# BEMsr.txt
#IMaCh version 0.99r45, April 2023,INED-EUROREVES-Institut de longevite-Japan Society for the Promotion of Science (Grant-in-Aid for Scientific Research 25293121), Intel Software 2015-2020, Nihon University 2021-202, INED 2000-2022
#$Revision: 1.353 $ $Date: 2023/05/08 18:48:22 $
# Tue Feb 04 22:13:35 2025
# Forward period (stable) prevalence. Precision given by ftolpl=0.0006 
#Age 1-1 2-2 
#************
#Age   1-1     2-2   Total Years_to_converge
50  0.56018 0.44006 1.000 30
51  0.56178 0.43848 1.000 30
52  0.56340 0.43685 1.000 30
53  0.56505 0.43519 1.000 30
54  0.56675 0.43348 1.000 30
55  0.56850 0.43175 1.000 29
56  0.57029 0.42996 1.000 29
57  0.57212 0.42812 1.000 29
58  0.57400 0.42623 1.000 29
59  0.57593 0.42429 1.000 29
60  0.57794 0.42231 1.000 29
61  0.57999 0.42025 1.000 29
62  0.58210 0.41813 1.000 29
63  0.58428 0.41594 1.000 29
64  0.58653 0.41371 1.000 28
65  0.58885 0.41138 1.000 28
66  0.59124 0.40899 1.000 28
67  0.59370 0.40651 1.000 28
68  0.59626 0.40398 1.000 28
69  0.59889 0.40134 1.000 28
70  0.60160 0.39862 1.000 28
71  0.60439 0.39582 1.000 28
72  0.60729 0.39294 1.000 27
73  0.61026 0.38996 1.000 27
74  0.61332 0.38689 1.000 27
75  0.61647 0.38373 1.000 27
76  0.61972 0.38050 1.000 27
77  0.62304 0.37716 1.000 27
78  0.62645 0.37375 1.000 27
79  0.62994 0.37028 1.000 26
80  0.63349 0.36671 1.000 26
81  0.63711 0.36309 1.000 26
82  0.64079 0.35942 1.000 26
83  0.64450 0.35570 1.000 26
84  0.64824 0.35195 1.000 26
85  0.65200 0.34820 1.000 25
86  0.65575 0.34445 1.000 25
87  0.65946 0.34072 1.000 25
88  0.66314 0.33706 1.000 25
89  0.66672 0.33346 1.000 25
90  0.67019 0.32998 1.000 25
