# Powell
# iter -2*LL p12 p13 p21 p23
1 1 3136.541863976539 1 -2.163373800000 0.001795900000 -11.430839600000 0.102740700000 -2.163247000000 0.007404000000 -9.044211300000 0.090179500000
2 2 2951.389674665618 2 -2.644074454546 0.001878243703 -12.771207593979 0.103377229740 -2.738509652223 0.007423598570 -9.725640702106 0.090050667661
3 2 2940.861577680940 4 -2.792454105695 0.001938126000 -12.415970799846 0.103601544639 -2.860614386705 0.007386265780 -9.818987587723 0.089934758278
4 3 2940.238977296937 5 -2.843856222364 0.001960535887 -12.383061197971 0.103813764655 -2.883382444382 0.007347884709 -9.828152198237 0.089805634072
5 3 2940.225547911722 7 -2.843220069223 0.001951081773 -12.396722370430 0.103987239078 -2.881035725590 0.007316378981 -9.819593114251 0.089807179207
6 4 2939.353930214677 9 -2.780781797847 0.001047729750 -13.810602272631 0.122093023294 -2.654235748668 0.004070162599 -8.928397795914 0.078318173137
7 4 2939.332250984595 10 -2.778772747852 0.001037432673 -13.872138708862 0.122538512806 -2.651298500788 0.004031329795 -8.900766002670 0.077956858970
8 5 2939.324835676609 11 -2.782046739874 0.001086586657 -13.929876266925 0.123038502144 -2.663295756679 0.004210076485 -8.874021968297 0.077636833614
9 5 2939.315624025061 13 -2.786666217414 0.001157179790 -13.939463760400 0.123167078649 -2.677323401886 0.004374359155 -8.869462623978 0.077578678330
10 6 2939.273185073856 14 -2.830059707914 0.001831384893 -14.047959070369 0.124696305454 -2.795264561360 0.006116331327 -8.814650614017 0.076882698237
11 6 2939.272901178448 16 -2.830174861513 0.001825233301 -14.051216272072 0.124740305908 -2.795979537208 0.006126616891 -8.814144879858 0.076861926974
12 7 2939.262114290199 16 -2.813009688088 0.001576096064 -14.223528513551 0.126922018626 -2.798954958483 0.006174523265 -8.841995392970 0.077230357843
13 7 2939.261838019583 17 -2.813521693973 0.001577808332 -14.217274264557 0.126830124917 -2.801801095749 0.006212530186 -8.848192807281 0.077334184495
14 8 2939.261837341646 17 -2.813558808305 0.001577752045 -14.217049023492 0.126827686707 -2.801835634354 0.006213157493 -8.848398099630 0.077337613959
15 8 2939.261826946389 17 -2.814386994950 0.001589953608 -14.217051069965 0.126829129093 -2.801412271083 0.006207106160 -8.849313009837 0.077345650817
16 9 2939.261818820564 18 -2.814769655668 0.001596094841 -14.217748817804 0.126836036475 -2.801265792995 0.006204932357 -8.849495744370 0.077350298918
17 9 2939.261815344014 18 -2.815216888965 0.001603313805 -14.218542204694 0.126844156306 -2.801065552558 0.006202007041 -8.849789285939 0.077356865642
18 10 2939.261815343886 21 -2.815217571187 0.001603326311 -14.218523278836 0.126843922026 -2.801063891147 0.006201979722 -8.849788241901 0.077356851181
