# BEMsr.txt
#IMaCh version 0.99r45, April 2023,INED-EUROREVES-Institut de longevite-Japan Society for the Promotion of Science (Grant-in-Aid for Scientific Research 25293121), Intel Software 2015-2020, Nihon University 2021-202, INED 2000-2022
#$Revision: 1.353 $ $Date: 2023/05/08 18:48:22 $
# Tue Feb 04 22:13:35 2025
#One-step probabilities and stand. devi in ()
# Age p1-1 (SE) p1-2 (SE) p1-3 (SE) p2-1 (SE) p2-2 (SE) p2-3 (SE)
50  9.387e-001 ( 7.033e-003)  6.091e-002 ( 7.077e-003)  3.564e-004 ( 3.393e-004)  7.601e-002 ( 1.427e-002)  9.177e-001 ( 1.448e-002)  6.296e-003 ( 2.692e-003) 
51  9.386e-001 ( 6.708e-003)  6.100e-002 ( 6.756e-003)  4.045e-004 ( 3.732e-004)  7.641e-002 ( 1.375e-002)  9.168e-001 ( 1.398e-002)  6.796e-003 ( 2.807e-003) 
52  9.384e-001 ( 6.388e-003)  6.109e-002 ( 6.441e-003)  4.591e-004 ( 4.100e-004)  7.681e-002 ( 1.323e-002)  9.159e-001 ( 1.349e-002)  7.335e-003 ( 2.924e-003) 
53  9.383e-001 ( 6.076e-003)  6.118e-002 ( 6.133e-003)  5.211e-004 ( 4.499e-004)  7.720e-002 ( 1.271e-002)  9.149e-001 ( 1.301e-002)  7.916e-003 ( 3.042e-003) 
54  9.381e-001 ( 5.773e-003)  6.127e-002 ( 5.834e-003)  5.915e-004 ( 4.932e-004)  7.760e-002 ( 1.220e-002)  9.139e-001 ( 1.254e-002)  8.543e-003 ( 3.162e-003) 
55  9.380e-001 ( 5.480e-003)  6.136e-002 ( 5.545e-003)  6.714e-004 ( 5.401e-004)  7.799e-002 ( 1.170e-002)  9.128e-001 ( 1.208e-002)  9.220e-003 ( 3.281e-003) 
56  9.378e-001 ( 5.199e-003)  6.144e-002 ( 5.268e-003)  7.621e-004 ( 5.907e-004)  7.838e-002 ( 1.121e-002)  9.117e-001 ( 1.164e-002)  9.949e-003 ( 3.401e-003) 
57  9.376e-001 ( 4.933e-003)  6.153e-002 ( 5.006e-003)  8.649e-004 ( 6.452e-004)  7.876e-002 ( 1.074e-002)  9.105e-001 ( 1.122e-002)  1.074e-002 ( 3.520e-003) 
58  9.374e-001 ( 4.685e-003)  6.161e-002 ( 4.761e-003)  9.817e-004 ( 7.037e-004)  7.915e-002 ( 1.028e-002)  9.093e-001 ( 1.082e-002)  1.158e-002 ( 3.639e-003) 
59  9.372e-001 ( 4.458e-003)  6.170e-002 ( 4.537e-003)  1.114e-003 ( 7.665e-004)  7.953e-002 ( 9.842e-003)  9.080e-001 ( 1.044e-002)  1.250e-002 ( 3.756e-003) 
60  9.370e-001 ( 4.257e-003)  6.178e-002 ( 4.335e-003)  1.265e-003 ( 8.335e-004)  7.990e-002 ( 9.430e-003)  9.066e-001 ( 1.009e-002)  1.348e-002 ( 3.870e-003) 
61  9.367e-001 ( 4.085e-003)  6.186e-002 ( 4.162e-003)  1.435e-003 ( 9.048e-004)  8.027e-002 ( 9.049e-003)  9.052e-001 ( 9.780e-003)  1.454e-002 ( 3.983e-003) 
62  9.364e-001 ( 3.946e-003)  6.195e-002 ( 4.019e-003)  1.629e-003 ( 9.806e-004)  8.063e-002 ( 8.703e-003)  9.037e-001 ( 9.503e-003)  1.569e-002 ( 4.092e-003) 
63  9.361e-001 ( 3.845e-003)  6.203e-002 ( 3.912e-003)  1.849e-003 ( 1.061e-003)  8.099e-002 ( 8.399e-003)  9.021e-001 ( 9.268e-003)  1.692e-002 ( 4.199e-003) 
64  9.358e-001 ( 3.785e-003)  6.210e-002 ( 3.842e-003)  2.098e-003 ( 1.145e-003)  8.135e-002 ( 8.143e-003)  9.004e-001 ( 9.080e-003)  1.825e-002 ( 4.302e-003) 
65  9.354e-001 ( 3.768e-003)  6.218e-002 ( 3.813e-003)  2.381e-003 ( 1.234e-003)  8.169e-002 ( 7.942e-003)  8.986e-001 ( 8.941e-003)  1.967e-002 ( 4.403e-003) 
66  9.350e-001 ( 3.796e-003)  6.225e-002 ( 3.826e-003)  2.701e-003 ( 1.326e-003)  8.203e-002 ( 7.801e-003)  8.968e-001 ( 8.857e-003)  2.121e-002 ( 4.501e-003) 
67  9.346e-001 ( 3.866e-003)  6.232e-002 ( 3.881e-003)  3.065e-003 ( 1.422e-003)  8.236e-002 ( 7.725e-003)  8.948e-001 ( 8.830e-003)  2.287e-002 ( 4.600e-003) 
68  9.341e-001 ( 3.977e-003)  6.239e-002 ( 3.976e-003)  3.478e-003 ( 1.522e-003)  8.267e-002 ( 7.717e-003)  8.927e-001 ( 8.862e-003)  2.465e-002 ( 4.700e-003) 
69  9.336e-001 ( 4.126e-003)  6.246e-002 ( 4.108e-003)  3.946e-003 ( 1.625e-003)  8.298e-002 ( 7.780e-003)  8.905e-001 ( 8.956e-003)  2.656e-002 ( 4.805e-003) 
70  9.330e-001 ( 4.307e-003)  6.252e-002 ( 4.275e-003)  4.477e-003 ( 1.731e-003)  8.328e-002 ( 7.912e-003)  8.881e-001 ( 9.111e-003)  2.862e-002 ( 4.920e-003) 
71  9.323e-001 ( 4.517e-003)  6.257e-002 ( 4.473e-003)  5.079e-003 ( 1.841e-003)  8.356e-002 ( 8.112e-003)  8.856e-001 ( 9.329e-003)  3.084e-002 ( 5.051e-003) 
72  9.316e-001 ( 4.751e-003)  6.262e-002 ( 4.697e-003)  5.761e-003 ( 1.955e-003)  8.383e-002 ( 8.376e-003)  8.830e-001 ( 9.609e-003)  3.322e-002 ( 5.206e-003) 
73  9.308e-001 ( 5.006e-003)  6.267e-002 ( 4.944e-003)  6.535e-003 ( 2.074e-003)  8.408e-002 ( 8.698e-003)  8.801e-001 ( 9.952e-003)  3.578e-002 ( 5.397e-003) 
74  9.299e-001 ( 5.277e-003)  6.271e-002 ( 5.212e-003)  7.411e-003 ( 2.201e-003)  8.432e-002 ( 9.073e-003)  8.772e-001 ( 1.036e-002)  3.852e-002 ( 5.634e-003) 
75  9.289e-001 ( 5.564e-003)  6.274e-002 ( 5.497e-003)  8.404e-003 ( 2.340e-003)  8.453e-002 ( 9.495e-003)  8.740e-001 ( 1.083e-002)  4.147e-002 ( 5.932e-003) 
76  9.277e-001 ( 5.864e-003)  6.276e-002 ( 5.796e-003)  9.529e-003 ( 2.497e-003)  8.473e-002 ( 9.959e-003)  8.706e-001 ( 1.136e-002)  4.464e-002 ( 6.307e-003) 
77  9.264e-001 ( 6.179e-003)  6.278e-002 ( 6.107e-003)  1.080e-002 ( 2.684e-003)  8.491e-002 ( 1.046e-002)  8.671e-001 ( 1.197e-002)  4.803e-002 ( 6.774e-003) 
78  9.250e-001 ( 6.511e-003)  6.278e-002 ( 6.429e-003)  1.224e-002 ( 2.914e-003)  8.507e-002 ( 1.099e-002)  8.633e-001 ( 1.265e-002)  5.166e-002 ( 7.350e-003) 
79  9.234e-001 ( 6.866e-003)  6.277e-002 ( 6.759e-003)  1.388e-002 ( 3.205e-003)  8.520e-002 ( 1.155e-002)  8.592e-001 ( 1.341e-002)  5.556e-002 ( 8.048e-003) 
80  9.215e-001 ( 7.253e-003)  6.275e-002 ( 7.097e-003)  1.572e-002 ( 3.581e-003)  8.530e-002 ( 1.213e-002)  8.550e-001 ( 1.425e-002)  5.973e-002 ( 8.882e-003) 
81  9.195e-001 ( 7.686e-003)  6.271e-002 ( 7.440e-003)  1.781e-002 ( 4.069e-003)  8.537e-002 ( 1.273e-002)  8.504e-001 ( 1.519e-002)  6.419e-002 ( 9.866e-003) 
82  9.172e-001 ( 8.186e-003)  6.265e-002 ( 7.788e-003)  2.017e-002 ( 4.699e-003)  8.542e-002 ( 1.334e-002)  8.456e-001 ( 1.624e-002)  6.896e-002 ( 1.101e-002) 
83  9.146e-001 ( 8.780e-003)  6.257e-002 ( 8.141e-003)  2.283e-002 ( 5.504e-003)  8.543e-002 ( 1.397e-002)  8.405e-001 ( 1.740e-002)  7.406e-002 ( 1.233e-002) 
84  9.117e-001 ( 9.504e-003)  6.247e-002 ( 8.496e-003)  2.583e-002 ( 6.517e-003)  8.541e-002 ( 1.461e-002)  8.351e-001 ( 1.869e-002)  7.950e-002 ( 1.382e-002) 
85  9.084e-001 ( 1.040e-002)  6.235e-002 ( 8.853e-003)  2.922e-002 ( 7.775e-003)  8.535e-002 ( 1.525e-002)  8.294e-001 ( 2.011e-002)  8.530e-002 ( 1.551e-002) 
86  9.048e-001 ( 1.152e-002)  6.220e-002 ( 9.212e-003)  3.304e-002 ( 9.317e-003)  8.525e-002 ( 1.590e-002)  8.233e-001 ( 2.169e-002)  9.149e-002 ( 1.741e-002) 
87  9.006e-001 ( 1.293e-002)  6.202e-002 ( 9.571e-003)  3.734e-002 ( 1.119e-002)  8.511e-002 ( 1.655e-002)  8.168e-001 ( 2.344e-002)  9.807e-002 ( 1.951e-002) 
88  8.960e-001 ( 1.467e-002)  6.180e-002 ( 9.932e-003)  4.217e-002 ( 1.343e-002)  8.492e-002 ( 1.721e-002)  8.100e-001 ( 2.536e-002)  1.051e-001 ( 2.183e-002) 
89  8.909e-001 ( 1.682e-002)  6.154e-002 ( 1.029e-002)  4.760e-002 ( 1.610e-002)  8.469e-002 ( 1.786e-002)  8.028e-001 ( 2.746e-002)  1.125e-001 ( 2.439e-002) 
90  8.851e-001 ( 1.943e-002)  6.124e-002 ( 1.065e-002)  5.368e-002 ( 1.925e-002)  8.441e-002 ( 1.851e-002)  7.952e-001 ( 2.977e-002)  1.204e-001 ( 2.718e-002) 