# BEMsr.txt
#IMaCh version 0.99r45, April 2023,INED-EUROREVES-Institut de longevite-Japan Society for the Promotion of Science (Grant-in-Aid for Scientific Research 25293121), Intel Software 2015-2020, Nihon University 2021-202, INED 2000-2022
#$Revision: 1.353 $ $Date: 2023/05/08 18:48:22 $
# Tue Feb 04 22:13:35 2025
#One-step probabilities and correlation matrix
# Age p1-1  p1-2  p1-3  p2-1  p2-2  p2-3 
50  9.387e-001  6.091e-002  3.564e-004  7.601e-002  9.177e-001  6.296e-003 
50 1-1  1.000e+000
50 1-2 -9.989e-001  1.000e+000
50 1-3  1.058e-001 -1.531e-001  1.000e+000
50 2-1 -2.750e-001  2.725e-001  1.545e-002  1.000e+000
50 2-2  2.880e-001 -2.900e-001  7.876e-002 -9.826e-001  1.000e+000
50 2-3 -9.113e-002  1.148e-001 -5.055e-001 -1.822e-002 -1.680e-001  1.000e+000
51  9.386e-001  6.100e-002  4.045e-004  7.641e-002  9.168e-001  6.796e-003 
51 1-1  1.000e+000
51 1-2 -9.985e-001  1.000e+000
51 1-3  1.013e-001 -1.558e-001  1.000e+000
51 2-1 -2.761e-001  2.733e-001  1.497e-002  1.000e+000
51 2-2  2.893e-001 -2.921e-001  8.696e-002 -9.796e-001  1.000e+000
51 2-3 -8.866e-002  1.160e-001 -5.064e-001 -1.884e-002 -1.823e-001  1.000e+000
52  9.384e-001  6.109e-002  4.591e-004  7.681e-002  9.159e-001  7.335e-003 
52 1-1  1.000e+000
52 1-2 -9.980e-001  1.000e+000
52 1-3  9.591e-002 -1.588e-001  1.000e+000
52 2-1 -2.774e-001  2.742e-001  1.448e-002  1.000e+000
52 2-2  2.905e-001 -2.943e-001  9.576e-002 -9.762e-001  1.000e+000
52 2-3 -8.574e-002  1.173e-001 -5.073e-001 -1.951e-002 -1.976e-001  1.000e+000
53  9.383e-001  6.118e-002  5.211e-004  7.720e-002  9.149e-001  7.916e-003 
53 1-1  1.000e+000
53 1-2 -9.973e-001  1.000e+000
53 1-3  8.946e-002 -1.620e-001  1.000e+000
53 2-1 -2.788e-001  2.752e-001  1.397e-002  1.000e+000
53 2-2  2.916e-001 -2.966e-001  1.052e-001 -9.723e-001  1.000e+000
53 2-3 -8.228e-002  1.188e-001 -5.083e-001 -2.024e-002 -2.140e-001  1.000e+000
54  9.381e-001  6.127e-002  5.915e-004  7.760e-002  9.139e-001  8.543e-003 
54 1-1  1.000e+000
54 1-2 -9.964e-001  1.000e+000
54 1-3  8.176e-002 -1.655e-001  1.000e+000
54 2-1 -2.803e-001  2.762e-001  1.346e-002  1.000e+000
54 2-2  2.924e-001 -2.991e-001  1.153e-001 -9.677e-001  1.000e+000
54 2-3 -7.819e-002  1.204e-001 -5.092e-001 -2.104e-002 -2.316e-001  1.000e+000
55  9.380e-001  6.136e-002  6.714e-004  7.799e-002  9.128e-001  9.220e-003 
55 1-1  1.000e+000
55 1-2 -9.953e-001  1.000e+000
55 1-3  7.260e-002 -1.692e-001  1.000e+000
55 2-1 -2.819e-001  2.773e-001  1.294e-002  1.000e+000
55 2-2  2.929e-001 -3.017e-001  1.260e-001 -9.624e-001  1.000e+000
55 2-3 -7.335e-002  1.222e-001 -5.101e-001 -2.190e-002 -2.503e-001  1.000e+000
56  9.378e-001  6.144e-002  7.621e-004  7.838e-002  9.117e-001  9.949e-003 
56 1-1  1.000e+000
56 1-2 -9.937e-001  1.000e+000
56 1-3  6.176e-002 -1.731e-001  1.000e+000
56 2-1 -2.836e-001  2.784e-001  1.241e-002  1.000e+000
56 2-2  2.929e-001 -3.044e-001  1.373e-001 -9.564e-001  1.000e+000
56 2-3 -6.766e-002  1.241e-001 -5.110e-001 -2.284e-002 -2.701e-001  1.000e+000
57  9.376e-001  6.153e-002  8.649e-004  7.876e-002  9.105e-001  1.074e-002 
57 1-1  1.000e+000
57 1-2 -9.917e-001  1.000e+000
57 1-3  4.898e-002 -1.771e-001  1.000e+000
57 2-1 -2.853e-001  2.796e-001  1.188e-002  1.000e+000
57 2-2  2.922e-001 -3.071e-001  1.492e-001 -9.495e-001  1.000e+000
57 2-3 -6.099e-002  1.261e-001 -5.118e-001 -2.386e-002 -2.909e-001  1.000e+000
58  9.374e-001  6.161e-002  9.817e-004  7.915e-002  9.093e-001  1.158e-002 
58 1-1  1.000e+000
58 1-2 -9.890e-001  1.000e+000
58 1-3  3.406e-002 -1.813e-001  1.000e+000
58 2-1 -2.870e-001  2.808e-001  1.135e-002  1.000e+000
58 2-2  2.907e-001 -3.099e-001  1.616e-001 -9.418e-001  1.000e+000
58 2-3 -5.323e-002  1.281e-001 -5.125e-001 -2.498e-002 -3.126e-001  1.000e+000
59  9.372e-001  6.170e-002  1.114e-003  7.953e-002  9.080e-001  1.250e-002 
59 1-1  1.000e+000
59 1-2 -9.856e-001  1.000e+000
59 1-3  1.679e-002 -1.855e-001  1.000e+000
59 2-1 -2.887e-001  2.819e-001  1.084e-002  1.000e+000
59 2-2  2.880e-001 -3.125e-001  1.743e-001 -9.331e-001  1.000e+000
59 2-3 -4.430e-002  1.302e-001 -5.132e-001 -2.619e-002 -3.350e-001  1.000e+000
60  9.370e-001  6.178e-002  1.265e-003  7.990e-002  9.066e-001  1.348e-002 
60 1-1  1.000e+000
60 1-2 -9.813e-001  1.000e+000
60 1-3 -2.908e-003 -1.894e-001  1.000e+000
60 2-1 -2.901e-001  2.828e-001  1.036e-002  1.000e+000
60 2-2  2.841e-001 -3.149e-001  1.873e-001 -9.236e-001  1.000e+000
60 2-3 -3.415e-002  1.323e-001 -5.136e-001 -2.751e-002 -3.577e-001  1.000e+000
61  9.367e-001  6.186e-002  1.435e-003  8.027e-002  9.052e-001  1.454e-002 
61 1-1  1.000e+000
61 1-2 -9.761e-001  1.000e+000
61 1-3 -2.497e-002 -1.929e-001  1.000e+000
61 2-1 -2.911e-001  2.835e-001  9.922e-003  1.000e+000
61 2-2  2.786e-001 -3.170e-001  2.001e-001 -9.134e-001  1.000e+000
61 2-3 -2.285e-002  1.342e-001 -5.139e-001 -2.893e-002 -3.805e-001  1.000e+000
62  9.364e-001  6.195e-002  1.629e-003  8.063e-002  9.037e-001  1.569e-002 
62 1-1  1.000e+000
62 1-2 -9.699e-001  1.000e+000
62 1-3 -4.910e-002 -1.958e-001  1.000e+000
62 2-1 -2.915e-001  2.839e-001  9.559e-003  1.000e+000
62 2-2  2.715e-001 -3.184e-001  2.126e-001 -9.026e-001  1.000e+000
62 2-3 -1.058e-002  1.358e-001 -5.139e-001 -3.047e-002 -4.027e-001  1.000e+000
63  9.361e-001  6.203e-002  1.849e-003  8.099e-002  9.021e-001  1.692e-002 
63 1-1  1.000e+000
63 1-2 -9.627e-001  1.000e+000
63 1-3 -7.474e-002 -1.977e-001  1.000e+000
63 2-1 -2.913e-001  2.838e-001  9.303e-003  1.000e+000
63 2-2  2.629e-001 -3.193e-001  2.242e-001 -8.916e-001  1.000e+000
63 2-3  2.313e-003  1.370e-001 -5.136e-001 -3.214e-002 -4.239e-001  1.000e+000
64  9.358e-001  6.210e-002  2.098e-003  8.135e-002  9.004e-001  1.825e-002 
64 1-1  1.000e+000
64 1-2 -9.550e-001  1.000e+000
64 1-3 -1.010e-001 -1.985e-001  1.000e+000
64 2-1 -2.903e-001  2.833e-001  9.194e-003  1.000e+000
64 2-2  2.531e-001 -3.193e-001  2.347e-001 -8.808e-001  1.000e+000
64 2-3  1.531e-002  1.377e-001 -5.127e-001 -3.393e-002 -4.434e-001  1.000e+000
65  9.354e-001  6.218e-002  2.381e-003  8.169e-002  8.986e-001  1.967e-002 
65 1-1  1.000e+000
65 1-2 -9.471e-001  1.000e+000
65 1-3 -1.269e-001 -1.980e-001  1.000e+000
65 2-1 -2.886e-001  2.822e-001  9.283e-003  1.000e+000
65 2-2  2.427e-001 -3.186e-001  2.435e-001 -8.705e-001  1.000e+000
65 2-3  2.776e-002  1.380e-001 -5.113e-001 -3.586e-002 -4.605e-001  1.000e+000
66  9.350e-001  6.225e-002  2.701e-003  8.203e-002  8.968e-001  2.121e-002 
66 1-1  1.000e+000
66 1-2 -9.395e-001  1.000e+000
66 1-3 -1.514e-001 -1.964e-001  1.000e+000
66 2-1 -2.863e-001  2.806e-001  9.629e-003  1.000e+000
66 2-2  2.323e-001 -3.171e-001  2.502e-001 -8.614e-001  1.000e+000
66 2-3  3.898e-002  1.377e-001 -5.090e-001 -3.794e-002 -4.748e-001  1.000e+000
67  9.346e-001  6.232e-002  3.065e-003  8.236e-002  8.948e-001  2.287e-002 
67 1-1  1.000e+000
67 1-2 -9.326e-001  1.000e+000
67 1-3 -1.733e-001 -1.938e-001  1.000e+000
67 2-1 -2.836e-001  2.787e-001  1.030e-002  1.000e+000
67 2-2  2.229e-001 -3.153e-001  2.544e-001 -8.539e-001  1.000e+000
67 2-3  4.832e-002  1.372e-001 -5.057e-001 -4.021e-002 -4.857e-001  1.000e+000
68  9.341e-001  6.239e-002  3.478e-003  8.267e-002  8.927e-001  2.465e-002 
68 1-1  1.000e+000
68 1-2 -9.268e-001  1.000e+000
68 1-3 -1.922e-001 -1.906e-001  1.000e+000
68 2-1 -2.808e-001  2.765e-001  1.137e-002  1.000e+000
68 2-2  2.152e-001 -3.132e-001  2.558e-001 -8.481e-001  1.000e+000
68 2-3  5.526e-002  1.365e-001 -5.011e-001 -4.271e-002 -4.931e-001  1.000e+000
69  9.336e-001  6.246e-002  3.946e-003  8.298e-002  8.905e-001  2.656e-002 
69 1-1  1.000e+000
69 1-2 -9.221e-001  1.000e+000
69 1-3 -2.075e-001 -1.871e-001  1.000e+000
69 2-1 -2.782e-001  2.743e-001  1.290e-002  1.000e+000
69 2-2  2.097e-001 -3.112e-001  2.543e-001 -8.443e-001  1.000e+000
69 2-3  5.950e-002  1.360e-001 -4.949e-001 -4.551e-002 -4.969e-001  1.000e+000
70  9.330e-001  6.252e-002  4.477e-003  8.328e-002  8.881e-001  2.862e-002 
70 1-1  1.000e+000
70 1-2 -9.186e-001  1.000e+000
70 1-3 -2.193e-001 -1.840e-001  1.000e+000
70 2-1 -2.760e-001  2.719e-001  1.498e-002  1.000e+000
70 2-2  2.068e-001 -3.094e-001  2.498e-001 -8.421e-001  1.000e+000
70 2-3  6.090e-002  1.357e-001 -4.867e-001 -4.867e-002 -4.977e-001  1.000e+000
71  9.323e-001  6.257e-002  5.079e-003  8.356e-002  8.856e-001  3.084e-002 
71 1-1  1.000e+000
71 1-2 -9.162e-001  1.000e+000
71 1-3 -2.278e-001 -1.816e-001  1.000e+000
71 2-1 -2.742e-001  2.697e-001  1.768e-002  1.000e+000
71 2-2  2.062e-001 -3.081e-001  2.424e-001 -8.412e-001  1.000e+000
71 2-3  5.952e-002  1.359e-001 -4.762e-001 -5.228e-002 -4.959e-001  1.000e+000
72  9.316e-001  6.262e-002  5.761e-003  8.383e-002  8.830e-001  3.322e-002 
72 1-1  1.000e+000
72 1-2 -9.145e-001  1.000e+000
72 1-3 -2.333e-001 -1.801e-001  1.000e+000
72 2-1 -2.731e-001  2.675e-001  2.108e-002  1.000e+000
72 2-2  2.079e-001 -3.071e-001  2.325e-001 -8.411e-001  1.000e+000
72 2-3  5.559e-002  1.365e-001 -4.631e-001 -5.642e-002 -4.926e-001  1.000e+000
73  9.308e-001  6.267e-002  6.535e-003  8.408e-002  8.801e-001  3.578e-002 
73 1-1  1.000e+000
73 1-2 -9.132e-001  1.000e+000
73 1-3 -2.365e-001 -1.800e-001  1.000e+000
73 2-1 -2.726e-001  2.654e-001  2.525e-002  1.000e+000
73 2-2  2.114e-001 -3.065e-001  2.205e-001 -8.409e-001  1.000e+000
73 2-3  4.952e-002  1.375e-001 -4.473e-001 -6.113e-002 -4.889e-001  1.000e+000
74  9.299e-001  6.271e-002  7.411e-003  8.432e-002  8.772e-001  3.852e-002 
74 1-1  1.000e+000
74 1-2 -9.121e-001  1.000e+000
74 1-3 -2.380e-001 -1.812e-001  1.000e+000
74 2-1 -2.727e-001  2.633e-001  3.026e-002  1.000e+000
74 2-2  2.161e-001 -3.061e-001  2.068e-001 -8.399e-001  1.000e+000
74 2-3  4.191e-002  1.387e-001 -4.290e-001 -6.642e-002 -4.858e-001  1.000e+000
75  9.289e-001  6.274e-002  8.404e-003  8.453e-002  8.740e-001  4.147e-002 
75 1-1  1.000e+000
75 1-2 -9.106e-001  1.000e+000
75 1-3 -2.389e-001 -1.838e-001  1.000e+000
75 2-1 -2.734e-001  2.613e-001  3.615e-002  1.000e+000
75 2-2  2.214e-001 -3.059e-001  1.922e-001 -8.375e-001  1.000e+000
75 2-3  3.356e-002  1.400e-001 -4.086e-001 -7.225e-002 -4.846e-001  1.000e+000
76  9.277e-001  6.276e-002  9.529e-003  8.473e-002  8.706e-001  4.464e-002 
76 1-1  1.000e+000
76 1-2 -9.083e-001  1.000e+000
76 1-3 -2.403e-001 -1.878e-001  1.000e+000
76 2-1 -2.747e-001  2.594e-001  4.292e-002  1.000e+000
76 2-2  2.266e-001 -3.057e-001  1.774e-001 -8.329e-001  1.000e+000
76 2-3  2.549e-002  1.411e-001 -3.873e-001 -7.854e-002 -4.863e-001  1.000e+000
77  9.264e-001  6.278e-002  1.080e-002  8.491e-002  8.671e-001  4.803e-002 
77 1-1  1.000e+000
77 1-2 -9.046e-001  1.000e+000
77 1-3 -2.439e-001 -1.927e-001  1.000e+000
77 2-1 -2.764e-001  2.575e-001  5.046e-002  1.000e+000
77 2-2  2.310e-001 -3.054e-001  1.632e-001 -8.258e-001  1.000e+000
77 2-3  1.879e-002  1.419e-001 -3.662e-001 -8.519e-002 -4.916e-001  1.000e+000
78  9.250e-001  6.278e-002  1.224e-002  8.507e-002  8.633e-001  5.166e-002 
78 1-1  1.000e+000
78 1-2 -8.987e-001  1.000e+000
78 1-3 -2.519e-001 -1.981e-001  1.000e+000
78 2-1 -2.786e-001  2.556e-001  5.857e-002  1.000e+000
78 2-2  2.336e-001 -3.049e-001  1.506e-001 -8.155e-001  1.000e+000
78 2-3  1.463e-002  1.424e-001 -3.468e-001 -9.209e-002 -5.011e-001  1.000e+000
79  9.234e-001  6.277e-002  1.388e-002  8.520e-002  8.592e-001  5.556e-002 
79 1-1  1.000e+000
79 1-2 -8.895e-001  1.000e+000
79 1-3 -2.665e-001 -2.034e-001  1.000e+000
79 2-1 -2.810e-001  2.537e-001  6.691e-002  1.000e+000
79 2-2  2.337e-001 -3.041e-001  1.408e-001 -8.020e-001  1.000e+000
79 2-3  1.406e-002  1.424e-001 -3.305e-001 -9.916e-002 -5.149e-001  1.000e+000
80  9.215e-001  6.275e-002  1.572e-002  8.530e-002  8.550e-001  5.973e-002 
80 1-1  1.000e+000
80 1-2 -8.757e-001  1.000e+000
80 1-3 -2.900e-001 -2.082e-001  1.000e+000
80 2-1 -2.834e-001  2.518e-001  7.505e-002  1.000e+000
80 2-2  2.300e-001 -3.029e-001  1.345e-001 -7.848e-001  1.000e+000
80 2-3  1.797e-002  1.422e-001 -3.182e-001 -1.064e-001 -5.328e-001  1.000e+000
81  9.195e-001  6.271e-002  1.781e-002  8.537e-002  8.504e-001  6.419e-002 
81 1-1  1.000e+000
81 1-2 -8.558e-001  1.000e+000
81 1-3 -3.241e-001 -2.121e-001  1.000e+000
81 2-1 -2.855e-001  2.497e-001  8.259e-002  1.000e+000
81 2-2  2.217e-001 -3.013e-001  1.323e-001 -7.640e-001  1.000e+000
81 2-3  2.696e-002  1.418e-001 -3.102e-001 -1.137e-001 -5.542e-001  1.000e+000
82  9.172e-001  6.265e-002  2.017e-002  8.542e-002  8.456e-001  6.896e-002 
82 1-1  1.000e+000
82 1-2 -8.280e-001  1.000e+000
82 1-3 -3.695e-001 -2.150e-001  1.000e+000
82 2-1 -2.868e-001  2.476e-001  8.923e-002  1.000e+000
82 2-2  2.077e-001 -2.994e-001  1.345e-001 -7.395e-001  1.000e+000
82 2-3  4.131e-002  1.414e-001 -3.064e-001 -1.212e-001 -5.785e-001  1.000e+000
83  9.146e-001  6.257e-002  2.283e-002  8.543e-002  8.405e-001  7.406e-002 
83 1-1  1.000e+000
83 1-2 -7.909e-001  1.000e+000
83 1-3 -4.253e-001 -2.174e-001  1.000e+000
83 2-1 -2.869e-001  2.453e-001  9.488e-002  1.000e+000
83 2-2  1.872e-001 -2.970e-001  1.406e-001 -7.116e-001  1.000e+000
83 2-3  6.088e-002  1.412e-001 -3.060e-001 -1.289e-001 -6.050e-001  1.000e+000
84  9.117e-001  6.247e-002  2.583e-002  8.541e-002  8.351e-001  7.950e-002 
84 1-1  1.000e+000
84 1-2 -7.433e-001  1.000e+000
84 1-3 -4.894e-001 -2.196e-001  1.000e+000
84 2-1 -2.853e-001  2.428e-001  9.961e-002  1.000e+000
84 2-2  1.601e-001 -2.944e-001  1.503e-001 -6.804e-001  1.000e+000
84 2-3  8.507e-002  1.414e-001 -3.083e-001 -1.369e-001 -6.328e-001  1.000e+000
85  9.084e-001  6.235e-002  2.922e-002  8.535e-002  8.294e-001  8.530e-002 
85 1-1  1.000e+000
85 1-2 -6.848e-001  1.000e+000
85 1-3 -5.582e-001 -2.224e-001  1.000e+000
85 2-1 -2.817e-001  2.400e-001  1.036e-001  1.000e+000
85 2-2  1.266e-001 -2.915e-001  1.625e-001 -6.462e-001  1.000e+000
85 2-3  1.128e-001  1.419e-001 -3.125e-001 -1.452e-001 -6.612e-001  1.000e+000
86  9.048e-001  6.220e-002  3.304e-002  8.525e-002  8.233e-001  9.149e-002 
86 1-1  1.000e+000
86 1-2 -6.163e-001  1.000e+000
86 1-3 -6.276e-001 -2.263e-001  1.000e+000
86 2-1 -2.760e-001  2.370e-001  1.071e-001  1.000e+000
86 2-2  8.789e-002 -2.885e-001  1.765e-001 -6.095e-001  1.000e+000
86 2-3  1.426e-001  1.430e-001 -3.178e-001 -1.539e-001 -6.896e-001  1.000e+000
87  9.006e-001  6.202e-002  3.734e-002  8.511e-002  8.168e-001  9.807e-002 
87 1-1  1.000e+000
87 1-2 -5.399e-001  1.000e+000
87 1-3 -6.938e-001 -2.317e-001  1.000e+000
87 2-1 -2.684e-001  2.336e-001  1.104e-001  1.000e+000
87 2-2  4.562e-002 -2.855e-001  1.916e-001 -5.705e-001  1.000e+000
87 2-3  1.730e-001  1.448e-001 -3.238e-001 -1.631e-001 -7.172e-001  1.000e+000
88  8.960e-001  6.180e-002  4.217e-002  8.492e-002  8.100e-001  1.051e-001 
88 1-1  1.000e+000
88 1-2 -4.583e-001  1.000e+000
88 1-3 -7.536e-001 -2.389e-001  1.000e+000
88 2-1 -2.594e-001  2.298e-001  1.135e-001  1.000e+000
88 2-2  1.830e-003 -2.828e-001  2.071e-001 -5.298e-001  1.000e+000
88 2-3  2.024e-001  1.473e-001 -3.300e-001 -1.728e-001 -7.438e-001  1.000e+000
89  8.909e-001  6.154e-002  4.760e-002  8.469e-002  8.028e-001  1.125e-001 
89 1-1  1.000e+000
89 1-2 -3.745e-001  1.000e+000
89 1-3 -8.053e-001 -2.482e-001  1.000e+000
89 2-1 -2.497e-001  2.255e-001  1.167e-001  1.000e+000
89 2-2 -4.155e-002 -2.804e-001  2.227e-001 -4.878e-001  1.000e+000
89 2-3  2.297e-001  1.506e-001 -3.363e-001 -1.831e-001 -7.689e-001  1.000e+000
90  8.851e-001  6.124e-002  5.368e-002  8.441e-002  7.952e-001  1.204e-001 
90 1-1  1.000e+000
90 1-2 -2.911e-001  1.000e+000
90 1-3 -8.482e-001 -2.598e-001  1.000e+000
90 2-1 -2.399e-001  2.206e-001  1.201e-001  1.000e+000
90 2-2 -8.294e-002 -2.785e-001  2.379e-001 -4.448e-001  1.000e+000
90 2-3  2.543e-001  1.548e-001 -3.423e-001 -1.939e-001 -7.924e-001  1.000e+000