
#****** ******
# BEMsr.txt
#IMaCh version 0.99r45, April 2023,INED-EUROREVES-Institut de longevite-Japan Society for the Promotion of Science (Grant-in-Aid for Scientific Research 25293121), Intel Software 2015-2020, Nihon University 2021-202, INED 2000-2022
#$Revision: 1.353 $ $Date: 2023/05/08 18:48:22 $
# Tue Feb 04 22:13:35 2025
# Health expectancies with standard errors
# Age e11 (SE) e12 (SE) e1.  e21 (SE) e22 (SE) e2. 
 50   18.8077 (0.9405)   10.2840 (0.6356)   29.0918 (1.1174)   14.7604 (1.2106)   12.9943 (0.8638)   27.7547 (1.5130)
 51   18.3460 (0.9077)    9.9340 (0.6111)   28.2800 (1.0795)   14.2902 (1.1639)   12.6069 (0.8298)   26.8971 (1.4671)
 52   17.8876 (0.8778)    9.5888 (0.5885)   27.4764 (1.0433)   13.8235 (1.1195)   12.2240 (0.7974)   26.0475 (1.4214)
 53   17.4325 (0.8506)    9.2485 (0.5677)   26.6810 (1.0089)   13.3605 (1.0772)   11.8457 (0.7665)   25.2061 (1.3761)
 54   16.9809 (0.8261)    8.9132 (0.5486)   25.8940 (0.9766)   12.9015 (1.0373)   11.4721 (0.7372)   24.3736 (1.3314)
 55   16.5328 (0.8041)    8.5830 (0.5312)   25.1158 (0.9465)   12.4467 (0.9995)   11.1034 (0.7093)   23.5501 (1.2873)
 56   16.0885 (0.7845)    8.2580 (0.5154)   24.3465 (0.9186)   11.9964 (0.9639)   10.7398 (0.6828)   22.7361 (1.2442)
 57   15.6479 (0.7671)    7.9384 (0.5010)   23.5863 (0.8930)   11.5508 (0.9305)   10.3814 (0.6577)   21.9322 (1.2021)
 58   15.2112 (0.7518)    7.6242 (0.4880)   22.8354 (0.8698)   11.1103 (0.8991)   10.0284 (0.6340)   21.1386 (1.1613)
 59   14.7784 (0.7384)    7.3156 (0.4763)   22.0941 (0.8489)   10.6750 (0.8699)    9.6809 (0.6116)   20.3559 (1.1218)
 60   14.3498 (0.7265)    7.0127 (0.4658)   21.3625 (0.8303)   10.2453 (0.8426)    9.3391 (0.5906)   19.5845 (1.0840)
 61   13.9252 (0.7161)    6.7156 (0.4564)   20.6408 (0.8139)    9.8215 (0.8172)    9.0032 (0.5708)   18.8248 (1.0479)
 62   13.5049 (0.7069)    6.4243 (0.4479)   19.9292 (0.7996)    9.4039 (0.7937)    8.6734 (0.5523)   18.0773 (1.0138)
 63   13.0889 (0.6987)    6.1391 (0.4402)   19.2280 (0.7873)    8.9928 (0.7719)    8.3497 (0.5350)   17.3425 (0.9816)
 64   12.6773 (0.6912)    5.8599 (0.4331)   18.5372 (0.7768)    8.5885 (0.7518)    8.0324 (0.5190)   16.6209 (0.9516)
 65   12.2701 (0.6845)    5.5869 (0.4267)   17.8571 (0.7679)    8.1913 (0.7331)    7.7217 (0.5042)   15.9130 (0.9239)
 66   11.8675 (0.6782)    5.3202 (0.4206)   17.1877 (0.7605)    7.8015 (0.7158)    7.4175 (0.4906)   15.2191 (0.8984)
 67   11.4694 (0.6724)    5.0599 (0.4149)   16.5294 (0.7545)    7.4195 (0.6998)    7.1202 (0.4781)   14.5398 (0.8752)
 68   11.0761 (0.6670)    4.8061 (0.4094)   15.8822 (0.7498)    7.0456 (0.6849)    6.8299 (0.4668)   13.8755 (0.8543)
 69   10.6874 (0.6620)    4.5589 (0.4040)   15.2463 (0.7462)    6.6801 (0.6709)    6.5467 (0.4566)   13.2268 (0.8355)
 70   10.3036 (0.6574)    4.3183 (0.3987)   14.6219 (0.7437)    6.3233 (0.6577)    6.2706 (0.4474)   12.5939 (0.8188)
 71    9.9247 (0.6533)    4.0844 (0.3933)   14.0091 (0.7425)    5.9755 (0.6452)    6.0019 (0.4392)   11.9775 (0.8040)
 72    9.5508 (0.6498)    3.8573 (0.3878)   13.4081 (0.7424)    5.6371 (0.6332)    5.7407 (0.4320)   11.3777 (0.7909)
 73    9.1819 (0.6472)    3.6371 (0.3821)   12.8190 (0.7437)    5.3082 (0.6216)    5.4870 (0.4256)   10.7952 (0.7793)
 74    8.8182 (0.6456)    3.4239 (0.3762)   12.2421 (0.7465)    4.9893 (0.6103)    5.2409 (0.4200)   10.2302 (0.7690)
 75    8.4598 (0.6451)    3.2176 (0.3702)   11.6774 (0.7508)    4.6806 (0.5991)    5.0024 (0.4150)    9.6830 (0.7596)
 76    8.1068 (0.6461)    3.0185 (0.3639)   11.1253 (0.7569)    4.3823 (0.5879)    4.7717 (0.4107)    9.1540 (0.7510)
 77    7.7594 (0.6488)    2.8264 (0.3573)   10.5858 (0.7649)    4.0946 (0.5766)    4.5488 (0.4070)    8.6434 (0.7429)
 78    7.4177 (0.6532)    2.6415 (0.3506)   10.0592 (0.7748)    3.8178 (0.5651)    4.3337 (0.4036)    8.1515 (0.7349)
 79    7.0819 (0.6596)    2.4638 (0.3436)    9.5458 (0.7868)    3.5521 (0.5534)    4.1263 (0.4007)    7.6784 (0.7269)
 80    6.7522 (0.6678)    2.2934 (0.3365)    9.0456 (0.8007)    3.2976 (0.5412)    3.9267 (0.3980)    7.2243 (0.7188)
 81    6.4288 (0.6780)    2.1302 (0.3291)    8.5590 (0.8164)    3.0544 (0.5286)    3.7348 (0.3956)    6.7892 (0.7102)
 82    6.1120 (0.6900)    1.9742 (0.3216)    8.0862 (0.8337)    2.8226 (0.5155)    3.5506 (0.3934)    6.3733 (0.7010)
 83    5.8020 (0.7035)    1.8256 (0.3139)    7.6275 (0.8522)    2.6023 (0.5019)    3.3740 (0.3912)    5.9763 (0.6911)
 84    5.4990 (0.7182)    1.6841 (0.3061)    7.1831 (0.8716)    2.3935 (0.4876)    3.2049 (0.3891)    5.5984 (0.6805)
 85    5.2034 (0.7337)    1.5499 (0.2982)    6.7533 (0.8913)    2.1961 (0.4728)    3.0431 (0.3870)    5.2393 (0.6690)
 86    4.9155 (0.7496)    1.4228 (0.2901)    6.3383 (0.9109)    2.0101 (0.4573)    2.8887 (0.3849)    4.8988 (0.6566)
 87    4.6357 (0.7654)    1.3028 (0.2819)    5.9385 (0.9298)    1.8354 (0.4412)    2.7413 (0.3827)    4.5766 (0.6434)
 88    4.3641 (0.7805)    1.1898 (0.2735)    5.5539 (0.9473)    1.6717 (0.4245)    2.6008 (0.3804)    4.2725 (0.6294)
 89    4.1011 (0.7946)    1.0838 (0.2650)    5.1849 (0.9629)    1.5189 (0.4073)    2.4671 (0.3779)    3.9860 (0.6146)
 90    3.8471 (0.8069)    0.9845 (0.2563)    4.8316 (0.9760)    1.3768 (0.3895)    2.3400 (0.3753)    3.7168 (0.5991)
