
#****** ******
# BEMsr.txt
#IMaCh version 0.99r45, April 2023,INED-EUROREVES-Institut de longevite-Japan Society for the Promotion of Science (Grant-in-Aid for Scientific Research 25293121), Intel Software 2015-2020, Nihon University 2021-202, INED 2000-2022
#$Revision: 1.353 $ $Date: 2023/05/08 18:48:22 $
# Tue Feb 04 22:13:35 2025
# Variance and covariance of health expectancies e.j 
#  (weighted average of eij where weights are the age specific period (stable) prevalences in each health state 
# Age Cov(e.1, e.1) Cov(e.1, e.2) Cov(e.2, e.1) Cov(e.2, e.2)
50  1.3348 -0.1599 -0.1599 0.6425
51  1.2239 -0.1319 -0.1319 0.5860
52  1.1246 -0.1092 -0.1092 0.5350
53  1.0357 -0.0911 -0.0911 0.4893
54  0.9562 -0.0770 -0.0770 0.4486
55  0.8854 -0.0663 -0.0663 0.4126
56  0.8230 -0.0583 -0.0583 0.3803
57  0.7680 -0.0527 -0.0527 0.3518
58  0.7199 -0.0489 -0.0489 0.3266
59  0.7049 -0.0180 -0.0180 0.3309
60  0.6414 -0.0453 -0.0453 0.2850
61  0.6099 -0.0447 -0.0447 0.2679
62  0.5827 -0.0446 -0.0446 0.2529
63  0.5593 -0.0448 -0.0448 0.2398
64  0.5392 -0.0450 -0.0450 0.2285
65  0.5220 -0.0451 -0.0451 0.2186
66  0.5070 -0.0451 -0.0451 0.2099
67  0.4941 -0.0447 -0.0447 0.2023
68  0.4827 -0.0439 -0.0439 0.1956
69  0.4726 -0.0428 -0.0428 0.1897
70  0.4636 -0.0413 -0.0413 0.1844
71  0.4555 -0.0393 -0.0393 0.1797
72  0.4481 -0.0369 -0.0369 0.1753
73  0.4414 -0.0342 -0.0342 0.1711
74  0.4353 -0.0311 -0.0311 0.1672
75  0.4787 -0.0188 -0.0188 0.1526
76  0.4252 -0.0241 -0.0241 0.1596
77  0.4214 -0.0202 -0.0202 0.1558
78  0.4185 -0.0162 -0.0162 0.1520
79  0.4168 -0.0121 -0.0121 0.1481
80  0.4164 -0.0080 -0.0080 0.1440
81  0.4174 -0.0039 -0.0039 0.1398
82  0.4199 0.0001 0.0001 0.1355
83  0.4241 0.0039 0.0039 0.1310
84  0.4299 0.0074 0.0074 0.1263
85  0.4372 0.0104 0.0104 0.1216
86  0.4460 0.0130 0.0130 0.1166
87  0.4559 0.0149 0.0149 0.1116
88  0.4667 0.0161 0.0161 0.1065
89  0.4781 0.0163 0.0163 0.1013
90  0.4895 0.0156 0.0156 0.0961
