# BEFsr.txt
#IMaCh version 0.99r45, April 2023,INED-EUROREVES-Institut de longevite-Japan Society for the Promotion of Science (Grant-in-Aid for Scientific Research 25293121), Intel Software 2015-2020, Nihon University 2021-202, INED 2000-2022
#$Revision: 1.353 $ $Date: 2023/05/08 18:48:22 $
# Tue Feb 04 22:13:35 2025
# Forward period (stable) prevalence. Precision given by ftolpl=0.0006 
#Age 1-1 2-2 
#************
#Age   1-1     2-2   Total Years_to_converge
50  0.74478 0.25536 1.000 32
51  0.73875 0.26141 1.000 32
52  0.73264 0.26751 1.000 32
53  0.72646 0.27369 1.000 32
54  0.72022 0.27995 1.000 31
55  0.71391 0.28625 1.000 31
56  0.70755 0.29261 1.000 31
57  0.70113 0.29904 1.000 31
58  0.69467 0.30550 1.000 31
59  0.68818 0.31199 1.000 31
60  0.68166 0.31852 1.000 30
61  0.67512 0.32505 1.000 30
62  0.66858 0.33161 1.000 30
63  0.66204 0.33815 1.000 30
64  0.65552 0.34468 1.000 29
65  0.64903 0.35116 1.000 29
66  0.64259 0.35762 1.000 29
67  0.63622 0.36398 1.000 29
68  0.62994 0.37028 1.000 28
69  0.62376 0.37645 1.000 28
70  0.61772 0.38251 1.000 28
71  0.61183 0.38838 1.000 28
72  0.60613 0.39410 1.000 27
73  0.60064 0.39957 1.000 27
74  0.59542 0.40481 1.000 27
75  0.59047 0.40974 1.000 27
76  0.58587 0.41436 1.000 26
77  0.58164 0.41860 1.000 26
78  0.57783 0.42240 1.000 26
79  0.57451 0.42574 1.000 25
80  0.57171 0.42851 1.000 25
81  0.56952 0.43072 1.000 25
82  0.56800 0.43226 1.000 24
83  0.56719 0.43304 1.000 24
84  0.56720 0.43305 1.000 24
85  0.56807 0.43215 1.000 24
86  0.56991 0.43032 1.000 23
87  0.57277 0.42748 1.000 23
88  0.57670 0.42355 1.000 22
89  0.58176 0.41846 1.000 22
90  0.58800 0.41223 1.000 22
