# BEFsr.txt
#IMaCh version 0.99r45, April 2023,INED-EUROREVES-Institut de longevite-Japan Society for the Promotion of Science (Grant-in-Aid for Scientific Research 25293121), Intel Software 2015-2020, Nihon University 2021-202, INED 2000-2022
#$Revision: 1.353 $ $Date: 2023/05/08 18:48:22 $
# Tue Feb 04 22:13:35 2025
# probabilities of dying before estepm=6 months for people of exact age and weighted probabilities w1*p1j+w2*p2j+... stand dev in()
# Selected quantitative variables and dummies
# Age cov=1 p.3 SE w1 p13 w2 p23
 50 1   1.201e-003  6.043e-004  7.448e-001  1.247e-003   2.554e-001  1.065e-003 
 51 1   1.275e-003  5.955e-004  7.387e-001  1.297e-003   2.614e-001  1.213e-003 
 52 1   1.358e-003  5.867e-004  7.326e-001  1.349e-003   2.675e-001  1.381e-003 
 53 1   1.449e-003  5.783e-004  7.265e-001  1.403e-003   2.737e-001  1.572e-003 
 54 1   1.552e-003  5.709e-004  7.202e-001  1.459e-003   2.799e-001  1.790e-003 
 55 1   1.667e-003  5.650e-004  7.139e-001  1.517e-003   2.863e-001  2.039e-003 
 56 1   1.796e-003  5.614e-004  7.075e-001  1.578e-003   2.926e-001  2.321e-003 
 57 1   1.941e-003  5.610e-004  7.011e-001  1.641e-003   2.990e-001  2.643e-003 
 58 1   2.104e-003  5.649e-004  6.947e-001  1.706e-003   3.055e-001  3.009e-003 
 59 1   2.289e-003  5.741e-004  6.882e-001  1.774e-003   3.120e-001  3.426e-003 
 60 1   2.499e-003  5.896e-004  6.817e-001  1.844e-003   3.185e-001  3.900e-003 
 61 1   2.737e-003  6.124e-004  6.751e-001  1.918e-003   3.251e-001  4.439e-003 
 62 1   3.008e-003  6.431e-004  6.686e-001  1.994e-003   3.316e-001  5.052e-003 
 63 1   3.317e-003  6.822e-004  6.620e-001  2.073e-003   3.381e-001  5.750e-003 
 64 1   3.668e-003  7.300e-004  6.555e-001  2.155e-003   3.447e-001  6.544e-003 
 65 1   4.068e-003  7.861e-004  6.490e-001  2.240e-003   3.512e-001  7.446e-003 
 66 1   4.526e-003  8.505e-004  6.426e-001  2.328e-003   3.576e-001  8.472e-003 
 67 1   5.047e-003  9.226e-004  6.362e-001  2.420e-003   3.640e-001  9.637e-003 
 68 1   5.643e-003  1.002e-003  6.299e-001  2.515e-003   3.703e-001  1.096e-002 
 69 1   6.323e-003  1.087e-003  6.238e-001  2.614e-003   3.764e-001  1.246e-002 
 70 1   7.099e-003  1.178e-003  6.177e-001  2.717e-003   3.825e-001  1.417e-002 
 71 1   7.983e-003  1.274e-003  6.118e-001  2.823e-003   3.884e-001  1.611e-002 
 72 1   8.992e-003  1.374e-003  6.061e-001  2.934e-003   3.941e-001  1.830e-002 
 73 1   1.014e-002  1.476e-003  6.006e-001  3.048e-003   3.996e-001  2.079e-002 
 74 1   1.145e-002  1.582e-003  5.954e-001  3.167e-003   4.048e-001  2.361e-002 
 75 1   1.293e-002  1.691e-003  5.905e-001  3.291e-003   4.097e-001  2.681e-002 
 76 1   1.461e-002  1.804e-003  5.859e-001  3.419e-003   4.144e-001  3.042e-002 
 77 1   1.651e-002  1.923e-003  5.816e-001  3.552e-003   4.186e-001  3.449e-002 
 78 1   1.865e-002  2.053e-003  5.778e-001  3.690e-003   4.224e-001  3.910e-002 
 79 1   2.106e-002  2.202e-003  5.745e-001  3.832e-003   4.257e-001  4.429e-002 
 80 1   2.376e-002  2.377e-003  5.717e-001  3.980e-003   4.285e-001  5.013e-002 
 81 1   2.678e-002  2.593e-003  5.695e-001  4.134e-003   4.307e-001  5.670e-002 
 82 1   3.013e-002  2.864e-003  5.680e-001  4.293e-003   4.323e-001  6.407e-002 
 83 1   3.385e-002  3.204e-003  5.672e-001  4.458e-003   4.330e-001  7.232e-002 
 84 1   3.794e-002  3.626e-003  5.672e-001  4.629e-003   4.330e-001  8.155e-002 
 85 1   4.241e-002  4.057e-003  5.681e-001  4.807e-003   4.321e-001  9.183e-002 
 86 1   4.728e-002  4.751e-003  5.699e-001  4.990e-003   4.303e-001  1.033e-001 
 87 1   5.253e-002  5.458e-003  5.728e-001  5.181e-003   4.275e-001  1.159e-001 
 88 1   5.814e-002  6.252e-003  5.767e-001  5.378e-003   4.235e-001  1.300e-001 
 89 1   6.408e-002  7.121e-003  5.818e-001  5.582e-003   4.185e-001  1.454e-001 
 90 1   7.031e-002  8.048e-003  5.880e-001  5.793e-003   4.122e-001  1.623e-001 
