# BEFsr.txt
#IMaCh version 0.99r45, April 2023,INED-EUROREVES-Institut de longevite-Japan Society for the Promotion of Science (Grant-in-Aid for Scientific Research 25293121), Intel Software 2015-2020, Nihon University 2021-202, INED 2000-2022
#$Revision: 1.353 $ $Date: 2023/05/08 18:48:22 $
# Tue Feb 04 22:13:35 2025
#One-step probabilities and correlation matrix
# Age p1-1  p1-2  p1-3  p2-1  p2-2  p2-3 
50  9.612e-001  3.759e-002  1.247e-003  9.805e-002  9.009e-001  1.065e-003 
50 1-1  1.000e+000
50 1-2 -9.835e-001  1.000e+000
50 1-3 -8.419e-002 -9.749e-002  1.000e+000
50 2-1 -2.671e-001  2.666e-001  1.267e-003  1.000e+000
50 2-2  2.670e-001 -2.675e-001  4.438e-003 -9.993e-001  1.000e+000
50 2-3 -2.401e-003  3.048e-002 -1.546e-001 -3.061e-003 -3.383e-002  1.000e+000
51  9.601e-001  3.863e-002  1.297e-003  9.764e-002  9.012e-001  1.213e-003 
51 1-1  1.000e+000
51 1-2 -9.833e-001  1.000e+000
51 1-3 -8.919e-002 -9.373e-002  1.000e+000
51 2-1 -2.666e-001  2.662e-001  1.481e-003  1.000e+000
51 2-2  2.665e-001 -2.673e-001  5.198e-003 -9.991e-001  1.000e+000
51 2-3 -1.905e-003  3.061e-002 -1.569e-001 -3.809e-003 -3.875e-002  1.000e+000
52  9.590e-001  3.969e-002  1.349e-003  9.722e-002  9.014e-001  1.381e-003 
52 1-1  1.000e+000
52 1-2 -9.831e-001  1.000e+000
52 1-3 -9.436e-002 -8.971e-002  1.000e+000
52 2-1 -2.661e-001  2.659e-001  1.735e-003  1.000e+000
52 2-2  2.659e-001 -2.672e-001  6.096e-003 -9.988e-001  1.000e+000
52 2-3 -1.387e-003  3.075e-002 -1.595e-001 -4.664e-003 -4.443e-002  1.000e+000
53  9.578e-001  4.078e-002  1.403e-003  9.681e-002  9.016e-001  1.572e-003 
53 1-1  1.000e+000
53 1-2 -9.829e-001  1.000e+000
53 1-3 -9.971e-002 -8.543e-002  1.000e+000
53 2-1 -2.656e-001  2.656e-001  2.033e-003  1.000e+000
53 2-2  2.654e-001 -2.670e-001  7.157e-003 -9.984e-001  1.000e+000
53 2-3 -8.483e-004  3.092e-002 -1.623e-001 -5.639e-003 -5.098e-002  1.000e+000
54  9.566e-001  4.190e-002  1.459e-003  9.639e-002  9.018e-001  1.790e-003 
54 1-1  1.000e+000
54 1-2 -9.827e-001  1.000e+000
54 1-3 -1.052e-001 -8.091e-002  1.000e+000
54 2-1 -2.652e-001  2.654e-001  2.385e-003  1.000e+000
54 2-2  2.648e-001 -2.670e-001  8.416e-003 -9.979e-001  1.000e+000
54 2-3 -2.869e-004  3.110e-002 -1.654e-001 -6.751e-003 -5.855e-002  1.000e+000
55  9.554e-001  4.305e-002  1.517e-003  9.597e-002  9.020e-001  2.039e-003 
55 1-1  1.000e+000
55 1-2 -9.825e-001  1.000e+000
55 1-3 -1.108e-001 -7.618e-002  1.000e+000
55 2-1 -2.649e-001  2.652e-001  2.799e-003  1.000e+000
55 2-2  2.643e-001 -2.670e-001  9.908e-003 -9.972e-001  1.000e+000
55 2-3  2.980e-004  3.132e-002 -1.687e-001 -8.014e-003 -6.727e-002  1.000e+000
56  9.542e-001  4.423e-002  1.578e-003  9.555e-002  9.021e-001  2.321e-003 
56 1-1  1.000e+000
56 1-2 -9.824e-001  1.000e+000
56 1-3 -1.165e-001 -7.131e-002  1.000e+000
56 2-1 -2.646e-001  2.651e-001  3.284e-003  1.000e+000
56 2-2  2.638e-001 -2.671e-001  1.168e-002 -9.962e-001  1.000e+000
56 2-3  9.068e-004  3.156e-002 -1.724e-001 -9.446e-003 -7.730e-002  1.000e+000
57  9.529e-001  4.544e-002  1.641e-003  9.513e-002  9.022e-001  2.643e-003 
57 1-1  1.000e+000
57 1-2 -9.822e-001  1.000e+000
57 1-3 -1.222e-001 -6.639e-002  1.000e+000
57 2-1 -2.645e-001  2.652e-001  3.851e-003  1.000e+000
57 2-2  2.633e-001 -2.673e-001  1.377e-002 -9.950e-001  1.000e+000
57 2-3  1.540e-003  3.183e-002 -1.764e-001 -1.106e-002 -8.880e-002  1.000e+000
58  9.516e-001  4.669e-002  1.706e-003  9.470e-002  9.023e-001  3.009e-003 
58 1-1  1.000e+000
58 1-2 -9.821e-001  1.000e+000
58 1-3 -1.277e-001 -6.157e-002  1.000e+000
58 2-1 -2.645e-001  2.654e-001  4.511e-003  1.000e+000
58 2-2  2.629e-001 -2.677e-001  1.625e-002 -9.934e-001  1.000e+000
58 2-3  2.195e-003  3.214e-002 -1.807e-001 -1.289e-002 -1.019e-001  1.000e+000
59  9.503e-001  4.796e-002  1.774e-003  9.428e-002  9.023e-001  3.426e-003 
59 1-1  1.000e+000
59 1-2 -9.819e-001  1.000e+000
59 1-3 -1.329e-001 -5.711e-002  1.000e+000
59 2-1 -2.648e-001  2.657e-001  5.273e-003  1.000e+000
59 2-2  2.626e-001 -2.682e-001  1.916e-002 -9.913e-001  1.000e+000
59 2-3  2.872e-003  3.248e-002 -1.852e-001 -1.493e-002 -1.169e-001  1.000e+000
60  9.489e-001  4.927e-002  1.844e-003  9.384e-002  9.023e-001  3.900e-003 
60 1-1  1.000e+000
60 1-2 -9.817e-001  1.000e+000
60 1-3 -1.376e-001 -5.331e-002  1.000e+000
60 2-1 -2.654e-001  2.664e-001  6.142e-003  1.000e+000
60 2-2  2.625e-001 -2.690e-001  2.256e-002 -9.886e-001  1.000e+000
60 2-3  3.565e-003  3.287e-002 -1.899e-001 -1.721e-002 -1.338e-001  1.000e+000
61  9.475e-001  5.061e-002  1.918e-003  9.341e-002  9.022e-001  4.439e-003 
61 1-1  1.000e+000
61 1-2 -9.815e-001  1.000e+000
61 1-3 -1.414e-001 -5.063e-002  1.000e+000
61 2-1 -2.663e-001  2.673e-001  7.119e-003  1.000e+000
61 2-2  2.625e-001 -2.699e-001  2.648e-002 -9.851e-001  1.000e+000
61 2-3  4.269e-003  3.330e-002 -1.946e-001 -1.972e-002 -1.527e-001  1.000e+000
62  9.460e-001  5.198e-002  1.994e-003  9.297e-002  9.020e-001  5.052e-003 
62 1-1  1.000e+000
62 1-2 -9.812e-001  1.000e+000
62 1-3 -1.439e-001 -4.961e-002  1.000e+000
62 2-1 -2.676e-001  2.685e-001  8.194e-003  1.000e+000
62 2-2  2.627e-001 -2.711e-001  3.093e-002 -9.806e-001  1.000e+000
62 2-3  4.973e-003  3.377e-002 -1.991e-001 -2.248e-002 -1.737e-001  1.000e+000
63  9.445e-001  5.340e-002  2.073e-003  9.252e-002  9.017e-001  5.750e-003 
63 1-1  1.000e+000
63 1-2 -9.808e-001  1.000e+000
63 1-3 -1.447e-001 -5.088e-002  1.000e+000
63 2-1 -2.695e-001  2.702e-001  9.344e-003  1.000e+000
63 2-2  2.630e-001 -2.726e-001  3.586e-002 -9.751e-001  1.000e+000
63 2-3  5.665e-003  3.428e-002 -2.031e-001 -2.546e-002 -1.968e-001  1.000e+000
64  9.430e-001  5.484e-002  2.155e-003  9.207e-002  9.014e-001  6.544e-003 
64 1-1  1.000e+000
64 1-2 -9.802e-001  1.000e+000
64 1-3 -1.435e-001 -5.511e-002  1.000e+000
64 2-1 -2.719e-001  2.722e-001  1.053e-002  1.000e+000
64 2-2  2.637e-001 -2.743e-001  4.120e-002 -9.684e-001  1.000e+000
64 2-3  6.328e-003  3.484e-002 -2.062e-001 -2.863e-002 -2.216e-001  1.000e+000
65  9.414e-001  5.632e-002  2.240e-003  9.161e-002  9.009e-001  7.446e-003 
65 1-1  1.000e+000
65 1-2 -9.794e-001  1.000e+000
65 1-3 -1.398e-001 -6.279e-002  1.000e+000
65 2-1 -2.749e-001  2.747e-001  1.168e-002  1.000e+000
65 2-2  2.645e-001 -2.762e-001  4.675e-002 -9.604e-001  1.000e+000
65 2-3  6.938e-003  3.544e-002 -2.083e-001 -3.194e-002 -2.479e-001  1.000e+000
66  9.398e-001  5.785e-002  2.328e-003  9.114e-002  9.004e-001  8.472e-003 
66 1-1  1.000e+000
66 1-2 -9.784e-001  1.000e+000
66 1-3 -1.337e-001 -7.415e-002  1.000e+000
66 2-1 -2.785e-001  2.776e-001  1.275e-002  1.000e+000
66 2-2  2.656e-001 -2.782e-001  5.232e-002 -9.511e-001  1.000e+000
66 2-3  7.471e-003  3.609e-002 -2.089e-001 -3.532e-002 -2.751e-001  1.000e+000
67  9.382e-001  5.940e-002  2.420e-003  9.065e-002  8.997e-001  9.637e-003 
67 1-1  1.000e+000
67 1-2 -9.770e-001  1.000e+000
67 1-3 -1.254e-001 -8.900e-002  1.000e+000
67 2-1 -2.826e-001  2.808e-001  1.364e-002  1.000e+000
67 2-2  2.668e-001 -2.803e-001  5.766e-002 -9.407e-001  1.000e+000
67 2-3  7.902e-003  3.680e-002 -2.082e-001 -3.867e-002 -3.026e-001  1.000e+000
68  9.365e-001  6.100e-002  2.515e-003  9.016e-002  8.989e-001  1.096e-002 
68 1-1  1.000e+000
68 1-2 -9.753e-001  1.000e+000
68 1-3 -1.154e-001 -1.066e-001  1.000e+000
68 2-1 -2.870e-001  2.841e-001  1.433e-002  1.000e+000
68 2-2  2.682e-001 -2.823e-001  6.258e-002 -9.295e-001  1.000e+000
68 2-3  8.204e-003  3.759e-002 -2.062e-001 -4.188e-002 -3.297e-001  1.000e+000
69  9.347e-001  6.264e-002  2.614e-003  8.965e-002  8.979e-001  1.246e-002 
69 1-1  1.000e+000
69 1-2 -9.734e-001  1.000e+000
69 1-3 -1.046e-001 -1.260e-001  1.000e+000
69 2-1 -2.916e-001  2.875e-001  1.477e-002  1.000e+000
69 2-2  2.695e-001 -2.843e-001  6.699e-002 -9.178e-001  1.000e+000
69 2-3  8.359e-003  3.850e-002 -2.033e-001 -4.482e-002 -3.555e-001  1.000e+000
70  9.330e-001  6.432e-002  2.717e-003  8.913e-002  8.967e-001  1.417e-002 
70 1-1  1.000e+000
70 1-2 -9.712e-001  1.000e+000
70 1-3 -9.393e-002 -1.459e-001  1.000e+000
70 2-1 -2.962e-001  2.907e-001  1.499e-002  1.000e+000
70 2-2  2.708e-001 -2.860e-001  7.089e-002 -9.061e-001  1.000e+000
70 2-3  8.357e-003  3.959e-002 -2.002e-001 -4.737e-002 -3.796e-001  1.000e+000
71  9.311e-001  6.604e-002  2.823e-003  8.859e-002  8.953e-001  1.611e-002 
71 1-1  1.000e+000
71 1-2 -9.689e-001  1.000e+000
71 1-3 -8.408e-002 -1.652e-001  1.000e+000
71 2-1 -3.004e-001  2.936e-001  1.500e-002  1.000e+000
71 2-2  2.718e-001 -2.876e-001  7.442e-002 -8.950e-001  1.000e+000
71 2-3  8.197e-003  4.093e-002 -1.974e-001 -4.943e-002 -4.013e-001  1.000e+000
72  9.293e-001  6.780e-002  2.934e-003  8.803e-002  8.937e-001  1.830e-002 
72 1-1  1.000e+000
72 1-2 -9.665e-001  1.000e+000
72 1-3 -7.564e-002 -1.830e-001  1.000e+000
72 2-1 -3.042e-001  2.961e-001  1.488e-002  1.000e+000
72 2-2  2.727e-001 -2.889e-001  7.775e-002 -8.847e-001  1.000e+000
72 2-3  7.887e-003  4.260e-002 -1.956e-001 -5.093e-002 -4.204e-001  1.000e+000
73  9.273e-001  6.960e-002  3.048e-003  8.744e-002  8.918e-001  2.079e-002 
73 1-1  1.000e+000
73 1-2 -9.640e-001  1.000e+000
73 1-3 -6.890e-002 -1.987e-001  1.000e+000
73 2-1 -3.074e-001  2.981e-001  1.469e-002  1.000e+000
73 2-2  2.733e-001 -2.901e-001  8.113e-002 -8.756e-001  1.000e+000
73 2-3  7.444e-003  4.468e-002 -1.951e-001 -5.181e-002 -4.369e-001  1.000e+000
74  9.254e-001  7.145e-002  3.167e-003  8.683e-002  8.896e-001  2.361e-002 
74 1-1  1.000e+000
74 1-2 -9.616e-001  1.000e+000
74 1-3 -6.393e-002 -2.123e-001  1.000e+000
74 2-1 -3.100e-001  2.996e-001  1.447e-002  1.000e+000
74 2-2  2.736e-001 -2.913e-001  8.479e-002 -8.678e-001  1.000e+000
74 2-3  6.887e-003  4.725e-002 -1.964e-001 -5.205e-002 -4.510e-001  1.000e+000
75  9.234e-001  7.335e-002  3.291e-003  8.619e-002  8.870e-001  2.681e-002 
75 1-1  1.000e+000
75 1-2 -9.593e-001  1.000e+000
75 1-3 -6.063e-002 -2.237e-001  1.000e+000
75 2-1 -3.120e-001  3.006e-001  1.429e-002  1.000e+000
75 2-2  2.737e-001 -2.924e-001  8.895e-002 -8.612e-001  1.000e+000
75 2-3  6.239e-003  5.039e-002 -1.997e-001 -5.167e-002 -4.631e-001  1.000e+000
76  9.213e-001  7.529e-002  3.419e-003  8.551e-002  8.841e-001  3.042e-002 
76 1-1  1.000e+000
76 1-2 -9.571e-001  1.000e+000
76 1-3 -5.881e-002 -2.331e-001  1.000e+000
76 2-1 -3.133e-001  3.011e-001  1.418e-002  1.000e+000
76 2-2  2.734e-001 -2.936e-001  9.379e-002 -8.555e-001  1.000e+000
76 2-3  5.520e-003  5.415e-002 -2.050e-001 -5.072e-002 -4.737e-001  1.000e+000
77  9.192e-001  7.727e-002  3.552e-003  8.480e-002  8.807e-001  3.449e-002 
77 1-1  1.000e+000
77 1-2 -9.549e-001  1.000e+000
77 1-3 -5.827e-002 -2.407e-001  1.000e+000
77 2-1 -3.142e-001  3.013e-001  1.420e-002  1.000e+000
77 2-2  2.728e-001 -2.948e-001  9.947e-002 -8.504e-001  1.000e+000
77 2-3  4.752e-003  5.854e-002 -2.124e-001 -4.927e-002 -4.836e-001  1.000e+000
78  9.170e-001  7.931e-002  3.690e-003  8.405e-002  8.769e-001  3.910e-002 
78 1-1  1.000e+000
78 1-2 -9.529e-001  1.000e+000
78 1-3 -5.878e-002 -2.468e-001  1.000e+000
78 2-1 -3.146e-001  3.011e-001  1.435e-002  1.000e+000
78 2-2  2.718e-001 -2.961e-001  1.061e-001 -8.452e-001  1.000e+000
78 2-3  3.955e-003  6.352e-002 -2.217e-001 -4.747e-002 -4.937e-001  1.000e+000
79  9.148e-001  8.139e-002  3.832e-003  8.325e-002  8.725e-001  4.429e-002 
79 1-1  1.000e+000
79 1-2 -9.509e-001  1.000e+000
79 1-3 -6.014e-002 -2.518e-001  1.000e+000
79 2-1 -3.147e-001  3.006e-001  1.467e-002  1.000e+000
79 2-2  2.702e-001 -2.972e-001  1.138e-001 -8.391e-001  1.000e+000
79 2-3  3.154e-003  6.894e-002 -2.322e-001 -4.550e-002 -5.052e-001  1.000e+000
80  9.125e-001  8.352e-002  3.980e-003  8.240e-002  8.675e-001  5.013e-002 
80 1-1  1.000e+000
80 1-2 -9.490e-001  1.000e+000
80 1-3 -6.216e-002 -2.558e-001  1.000e+000
80 2-1 -3.146e-001  2.999e-001  1.517e-002  1.000e+000
80 2-2  2.677e-001 -2.980e-001  1.224e-001 -8.310e-001  1.000e+000
80 2-3  2.379e-003  7.454e-002 -2.432e-001 -4.366e-002 -5.195e-001  1.000e+000
81  9.102e-001  8.570e-002  4.134e-003  8.149e-002  8.618e-001  5.670e-002 
81 1-1  1.000e+000
81 1-2 -9.471e-001  1.000e+000
81 1-3 -6.472e-002 -2.591e-001  1.000e+000
81 2-1 -3.142e-001  2.990e-001  1.587e-002  1.000e+000
81 2-2  2.642e-001 -2.981e-001  1.320e-001 -8.195e-001  1.000e+000
81 2-3  1.666e-003  7.994e-002 -2.535e-001 -4.236e-002 -5.378e-001  1.000e+000
82  9.078e-001  8.793e-002  4.293e-003  8.052e-002  8.554e-001  6.407e-002 
82 1-1  1.000e+000
82 1-2 -9.452e-001  1.000e+000
82 1-3 -6.769e-002 -2.617e-001  1.000e+000
82 2-1 -3.136e-001  2.979e-001  1.679e-002  1.000e+000
82 2-2  2.591e-001 -2.972e-001  1.423e-001 -8.030e-001  1.000e+000
82 2-3  1.057e-003  8.466e-002 -2.618e-001 -4.208e-002 -5.617e-001  1.000e+000
83  9.053e-001  9.022e-002  4.458e-003  7.948e-002  8.482e-001  7.232e-002 
83 1-1  1.000e+000
83 1-2 -9.434e-001  1.000e+000
83 1-3 -7.098e-002 -2.639e-001  1.000e+000
83 2-1 -3.130e-001  2.967e-001  1.795e-002  1.000e+000
83 2-2  2.522e-001 -2.947e-001  1.529e-001 -7.797e-001  1.000e+000
83 2-3  5.883e-004  8.826e-002 -2.671e-001 -4.339e-002 -5.917e-001  1.000e+000
84  9.028e-001  9.256e-002  4.629e-003  7.836e-002  8.401e-001  8.155e-002 
84 1-1  1.000e+000
84 1-2 -9.415e-001  1.000e+000
84 1-3 -7.451e-002 -2.658e-001  1.000e+000
84 2-1 -3.122e-001  2.953e-001  1.935e-002  1.000e+000
84 2-2  2.431e-001 -2.902e-001  1.634e-001 -7.480e-001  1.000e+000
84 2-3  2.886e-004  9.048e-002 -2.686e-001 -4.680e-002 -6.280e-001  1.000e+000
85  9.002e-001  9.495e-002  4.807e-003  7.716e-002  8.310e-001  9.183e-002 
85 1-1  1.000e+000
85 1-2 -9.397e-001  1.000e+000
85 1-3 -7.823e-002 -2.675e-001  1.000e+000
85 2-1 -3.114e-001  2.937e-001  2.102e-002  1.000e+000
85 2-2  2.316e-001 -2.832e-001  1.732e-001 -7.068e-001  1.000e+000
85 2-3  1.658e-004  9.129e-002 -2.665e-001 -5.269e-002 -6.692e-001  1.000e+000
86  8.976e-001  9.739e-002  4.990e-003  7.588e-002  8.209e-001  1.033e-001 
86 1-1  1.000e+000
86 1-2 -9.378e-001  1.000e+000
86 1-3 -8.210e-002 -2.689e-001  1.000e+000
86 2-1 -3.105e-001  2.920e-001  2.297e-002  1.000e+000
86 2-2  2.178e-001 -2.738e-001  1.817e-001 -6.557e-001  1.000e+000
86 2-3  2.093e-004  9.086e-002 -2.615e-001 -6.132e-002 -7.134e-001  1.000e+000
87  8.949e-001  9.989e-002  5.181e-003  7.449e-002  8.096e-001  1.159e-001 
87 1-1  1.000e+000
87 1-2 -9.359e-001  1.000e+000
87 1-3 -8.608e-002 -2.703e-001  1.000e+000
87 2-1 -3.094e-001  2.901e-001  2.522e-002  1.000e+000
87 2-2  2.021e-001 -2.619e-001  1.884e-001 -5.954e-001  1.000e+000
87 2-3  3.956e-004  8.952e-002 -2.543e-001 -7.282e-002 -7.579e-001  1.000e+000
88  8.922e-001  1.024e-001  5.378e-003  7.301e-002  7.970e-001  1.300e-001 
88 1-1  1.000e+000
88 1-2 -9.340e-001  1.000e+000
88 1-3 -9.014e-002 -2.716e-001  1.000e+000
88 2-1 -3.083e-001  2.880e-001  2.778e-002  1.000e+000
88 2-2  1.850e-001 -2.481e-001  1.931e-001 -5.278e-001  1.000e+000
88 2-3  6.960e-004  8.759e-002 -2.461e-001 -8.722e-002 -8.001e-001  1.000e+000
89  8.894e-001  1.051e-001  5.582e-003  7.142e-002  7.832e-001  1.454e-001 
89 1-1  1.000e+000
89 1-2 -9.321e-001  1.000e+000
89 1-3 -9.426e-002 -2.728e-001  1.000e+000
89 2-1 -3.070e-001  2.856e-001  3.066e-002  1.000e+000
89 2-2  1.674e-001 -2.331e-001  1.958e-001 -4.549e-001  1.000e+000
89 2-3  1.083e-003  8.536e-002 -2.375e-001 -1.045e-001 -8.381e-001  1.000e+000
90  8.865e-001  1.077e-001  5.793e-003  6.971e-002  7.680e-001  1.623e-001 
90 1-1  1.000e+000
90 1-2 -9.301e-001  1.000e+000
90 1-3 -9.844e-002 -2.740e-001  1.000e+000
90 2-1 -3.056e-001  2.828e-001  3.386e-002  1.000e+000
90 2-2  1.500e-001 -2.176e-001  1.967e-001 -3.792e-001  1.000e+000
90 2-3  1.534e-003  8.303e-002 -2.289e-001 -1.247e-001 -8.708e-001  1.000e+000