# BEFsr.txt
#IMaCh version 0.99r45, April 2023,INED-EUROREVES-Institut de longevite-Japan Society for the Promotion of Science (Grant-in-Aid for Scientific Research 25293121), Intel Software 2015-2020, Nihon University 2021-202, INED 2000-2022
#$Revision: 1.353 $ $Date: 2023/05/08 18:48:22 $
# Tue Feb 04 22:13:35 2025
#One-step probabilities and stand. devi in ()
# Age p1-1 (SE) p1-2 (SE) p1-3 (SE) p2-1 (SE) p2-2 (SE) p2-3 (SE)
50  9.612e-001 ( 4.504e-003)  3.759e-002 ( 4.509e-003)  1.247e-003 ( 8.188e-004)  9.805e-002 ( 1.443e-002)  9.009e-001 ( 1.444e-002)  1.065e-003 ( 5.327e-004) 
51  9.601e-001 ( 4.438e-003)  3.863e-002 ( 4.439e-003)  1.297e-003 ( 8.119e-004)  9.764e-002 ( 1.383e-002)  9.012e-001 ( 1.384e-002)  1.213e-003 ( 5.889e-004) 
52  9.590e-001 ( 4.367e-003)  3.969e-002 ( 4.365e-003)  1.349e-003 ( 8.036e-004)  9.722e-002 ( 1.324e-002)  9.014e-001 ( 1.325e-002)  1.381e-003 ( 6.505e-004) 
53  9.578e-001 ( 4.292e-003)  4.078e-002 ( 4.286e-003)  1.403e-003 ( 7.942e-004)  9.681e-002 ( 1.266e-002)  9.016e-001 ( 1.268e-002)  1.572e-003 ( 7.178e-004) 
54  9.566e-001 ( 4.214e-003)  4.190e-002 ( 4.204e-003)  1.459e-003 ( 7.835e-004)  9.639e-002 ( 1.210e-002)  9.018e-001 ( 1.212e-002)  1.790e-003 ( 7.914e-004) 
55  9.554e-001 ( 4.133e-003)  4.305e-002 ( 4.119e-003)  1.517e-003 ( 7.718e-004)  9.597e-002 ( 1.155e-002)  9.020e-001 ( 1.158e-002)  2.039e-003 ( 8.715e-004) 
56  9.542e-001 ( 4.049e-003)  4.423e-002 ( 4.032e-003)  1.578e-003 ( 7.592e-004)  9.555e-002 ( 1.102e-002)  9.021e-001 ( 1.106e-002)  2.321e-003 ( 9.587e-004) 
57  9.529e-001 ( 3.964e-003)  4.544e-002 ( 3.943e-003)  1.641e-003 ( 7.460e-004)  9.513e-002 ( 1.051e-002)  9.022e-001 ( 1.055e-002)  2.643e-003 ( 1.053e-003) 
58  9.516e-001 ( 3.878e-003)  4.669e-002 ( 3.854e-003)  1.706e-003 ( 7.325e-004)  9.470e-002 ( 1.002e-002)  9.023e-001 ( 1.007e-002)  3.009e-003 ( 1.156e-003) 
59  9.503e-001 ( 3.793e-003)  4.796e-002 ( 3.766e-003)  1.774e-003 ( 7.192e-004)  9.428e-002 ( 9.550e-003)  9.023e-001 ( 9.615e-003)  3.426e-003 ( 1.267e-003) 
60  9.489e-001 ( 3.711e-003)  4.927e-002 ( 3.681e-003)  1.844e-003 ( 7.067e-004)  9.384e-002 ( 9.106e-003)  9.023e-001 ( 9.188e-003)  3.900e-003 ( 1.386e-003) 
61  9.475e-001 ( 3.633e-003)  5.061e-002 ( 3.601e-003)  1.918e-003 ( 6.959e-004)  9.341e-002 ( 8.690e-003)  9.022e-001 ( 8.792e-003)  4.439e-003 ( 1.514e-003) 
62  9.460e-001 ( 3.562e-003)  5.198e-002 ( 3.530e-003)  1.994e-003 ( 6.877e-004)  9.297e-002 ( 8.305e-003)  9.020e-001 ( 8.431e-003)  5.052e-003 ( 1.651e-003) 
63  9.445e-001 ( 3.501e-003)  5.340e-002 ( 3.469e-003)  2.073e-003 ( 6.833e-004)  9.252e-002 ( 7.953e-003)  9.017e-001 ( 8.109e-003)  5.750e-003 ( 1.798e-003) 
64  9.430e-001 ( 3.453e-003)  5.484e-002 ( 3.423e-003)  2.155e-003 ( 6.841e-004)  9.207e-002 ( 7.639e-003)  9.014e-001 ( 7.830e-003)  6.544e-003 ( 1.954e-003) 
65  9.414e-001 ( 3.422e-003)  5.632e-002 ( 3.395e-003)  2.240e-003 ( 6.916e-004)  9.161e-002 ( 7.366e-003)  9.009e-001 ( 7.599e-003)  7.446e-003 ( 2.119e-003) 
66  9.398e-001 ( 3.410e-003)  5.785e-002 ( 3.389e-003)  2.328e-003 ( 7.073e-004)  9.114e-002 ( 7.137e-003)  9.004e-001 ( 7.418e-003)  8.472e-003 ( 2.293e-003) 
67  9.382e-001 ( 3.423e-003)  5.940e-002 ( 3.410e-003)  2.420e-003 ( 7.327e-004)  9.065e-002 ( 6.955e-003)  8.997e-001 ( 7.292e-003)  9.637e-003 ( 2.476e-003) 
68  9.365e-001 ( 3.464e-003)  6.100e-002 ( 3.461e-003)  2.515e-003 ( 7.689e-004)  9.016e-002 ( 6.822e-003)  8.989e-001 ( 7.220e-003)  1.096e-002 ( 2.666e-003) 
69  9.347e-001 ( 3.537e-003)  6.264e-002 ( 3.546e-003)  2.614e-003 ( 8.169e-004)  8.965e-002 ( 6.740e-003)  8.979e-001 ( 7.204e-003)  1.246e-002 ( 2.864e-003) 
70  9.330e-001 ( 3.644e-003)  6.432e-002 ( 3.667e-003)  2.717e-003 ( 8.773e-004)  8.913e-002 ( 6.709e-003)  8.967e-001 ( 7.244e-003)  1.417e-002 ( 3.067e-003) 
71  9.311e-001 ( 3.787e-003)  6.604e-002 ( 3.826e-003)  2.823e-003 ( 9.503e-004)  8.859e-002 ( 6.728e-003)  8.953e-001 ( 7.336e-003)  1.611e-002 ( 3.276e-003) 
72  9.293e-001 ( 3.967e-003)  6.780e-002 ( 4.023e-003)  2.934e-003 ( 1.036e-003)  8.803e-002 ( 6.793e-003)  8.937e-001 ( 7.477e-003)  1.830e-002 ( 3.489e-003) 
73  9.273e-001 ( 4.184e-003)  6.960e-002 ( 4.259e-003)  3.048e-003 ( 1.135e-003)  8.744e-002 ( 6.902e-003)  8.918e-001 ( 7.663e-003)  2.079e-002 ( 3.706e-003) 
74  9.254e-001 ( 4.440e-003)  7.145e-002 ( 4.534e-003)  3.167e-003 ( 1.246e-003)  8.683e-002 ( 7.051e-003)  8.896e-001 ( 7.890e-003)  2.361e-002 ( 3.926e-003) 
75  9.234e-001 ( 4.732e-003)  7.335e-002 ( 4.846e-003)  3.291e-003 ( 1.371e-003)  8.619e-002 ( 7.234e-003)  8.870e-001 ( 8.152e-003)  2.681e-002 ( 4.149e-003) 
76  9.213e-001 ( 5.060e-003)  7.529e-002 ( 5.195e-003)  3.419e-003 ( 1.508e-003)  8.551e-002 ( 7.447e-003)  8.841e-001 ( 8.445e-003)  3.042e-002 ( 4.379e-003) 
77  9.192e-001 ( 5.424e-003)  7.727e-002 ( 5.578e-003)  3.552e-003 ( 1.659e-003)  8.480e-002 ( 7.684e-003)  8.807e-001 ( 8.769e-003)  3.449e-002 ( 4.619e-003) 
78  9.170e-001 ( 5.821e-003)  7.931e-002 ( 5.997e-003)  3.690e-003 ( 1.822e-003)  8.405e-002 ( 7.941e-003)  8.769e-001 ( 9.121e-003)  3.910e-002 ( 4.880e-003) 
79  9.148e-001 ( 6.252e-003)  8.139e-002 ( 6.448e-003)  3.832e-003 ( 2.000e-003)  8.325e-002 ( 8.212e-003)  8.725e-001 ( 9.506e-003)  4.429e-002 ( 5.176e-003) 
80  9.125e-001 ( 6.715e-003)  8.352e-002 ( 6.933e-003)  3.980e-003 ( 2.191e-003)  8.240e-002 ( 8.492e-003)  8.675e-001 ( 9.929e-003)  5.013e-002 ( 5.528e-003) 
81  9.102e-001 ( 7.210e-003)  8.570e-002 ( 7.450e-003)  4.134e-003 ( 2.397e-003)  8.149e-002 ( 8.778e-003)  8.618e-001 ( 1.040e-002)  5.670e-002 ( 5.967e-003) 
82  9.078e-001 ( 7.737e-003)  8.793e-002 ( 7.998e-003)  4.293e-003 ( 2.617e-003)  8.052e-002 ( 9.065e-003)  8.554e-001 ( 1.095e-002)  6.407e-002 ( 6.530e-003) 
83  9.053e-001 ( 8.294e-003)  9.022e-002 ( 8.578e-003)  4.458e-003 ( 2.853e-003)  7.948e-002 ( 9.349e-003)  8.482e-001 ( 1.159e-002)  7.232e-002 ( 7.262e-003) 
84  9.028e-001 ( 8.883e-003)  9.256e-002 ( 9.189e-003)  4.629e-003 ( 3.104e-003)  7.836e-002 ( 9.627e-003)  8.401e-001 ( 1.236e-002)  8.155e-002 ( 8.210e-003) 
85  9.002e-001 ( 9.502e-003)  9.495e-002 ( 9.831e-003)  4.807e-003 ( 3.373e-003)  7.716e-002 ( 9.894e-003)  8.310e-001 ( 1.330e-002)  9.183e-002 ( 9.420e-003) 
86  8.976e-001 ( 1.015e-002)  9.739e-002 ( 1.050e-002)  4.990e-003 ( 3.658e-003)  7.588e-002 ( 1.015e-002)  8.209e-001 ( 1.446e-002)  1.033e-001 ( 1.094e-002) 
87  8.949e-001 ( 1.083e-002)  9.989e-002 ( 1.121e-002)  5.181e-003 ( 3.962e-003)  7.449e-002 ( 1.039e-002)  8.096e-001 ( 1.588e-002)  1.159e-001 ( 1.279e-002) 
88  8.922e-001 ( 1.154e-002)  1.024e-001 ( 1.195e-002)  5.378e-003 ( 4.284e-003)  7.301e-002 ( 1.061e-002)  7.970e-001 ( 1.762e-002)  1.300e-001 ( 1.502e-002) 
89  8.894e-001 ( 1.229e-002)  1.051e-001 ( 1.271e-002)  5.582e-003 ( 4.626e-003)  7.142e-002 ( 1.081e-002)  7.832e-001 ( 1.971e-002)  1.454e-001 ( 1.765e-002) 
90  8.865e-001 ( 1.306e-002)  1.077e-001 ( 1.351e-002)  5.793e-003 ( 4.988e-003)  6.971e-002 ( 1.098e-002)  7.680e-001 ( 2.217e-002)  1.623e-001 ( 2.068e-002) 