
#****** ******
# BEFsr.txt
#IMaCh version 0.99r45, April 2023,INED-EUROREVES-Institut de longevite-Japan Society for the Promotion of Science (Grant-in-Aid for Scientific Research 25293121), Intel Software 2015-2020, Nihon University 2021-202, INED 2000-2022
#$Revision: 1.353 $ $Date: 2023/05/08 18:48:22 $
# Tue Feb 04 22:13:35 2025
# Health expectancies with standard errors
# Age e11 (SE) e12 (SE) e1.  e21 (SE) e22 (SE) e2. 
 50   22.3836 (0.8006)   11.1286 (0.5775)   33.5122 (0.8958)   19.0114 (0.9387)   14.4433 (0.7396)   33.4547 (0.9437)
 51   21.7135 (0.7838)   10.8883 (0.5590)   32.6017 (0.8776)   18.3427 (0.9161)   14.1685 (0.7120)   32.5112 (0.9385)
 52   21.0513 (0.7681)   10.6439 (0.5418)   31.6951 (0.8606)   17.6813 (0.8948)   13.8874 (0.6863)   31.5687 (0.9338)
 53   20.3973 (0.7536)   10.3955 (0.5256)   30.7928 (0.8447)   17.0272 (0.8749)   13.6000 (0.6624)   30.6273 (0.9293)
 54   19.7517 (0.7402)   10.1433 (0.5106)   29.8950 (0.8297)   16.3807 (0.8560)   13.3065 (0.6402)   29.6872 (0.9246)
 55   19.1149 (0.7278)    9.8874 (0.4964)   29.0022 (0.8156)   15.7420 (0.8382)   13.0068 (0.6196)   28.7488 (0.9197)
 56   18.4870 (0.7162)    9.6280 (0.4832)   28.1150 (0.8020)   15.1113 (0.8213)   12.7011 (0.6004)   27.8124 (0.9143)
 57   17.8684 (0.7054)    9.3653 (0.4707)   27.2337 (0.7890)   14.4889 (0.8050)   12.3895 (0.5826)   26.8784 (0.9081)
 58   17.2594 (0.6952)    9.0996 (0.4589)   26.3590 (0.7764)   13.8751 (0.7893)   12.0721 (0.5659)   25.9472 (0.9011)
 59   16.6602 (0.6857)    8.8311 (0.4477)   25.4914 (0.7641)   13.2702 (0.7741)   11.7493 (0.5501)   25.0194 (0.8931)
 60   16.0712 (0.6767)    8.5602 (0.4370)   24.6315 (0.7520)   12.6744 (0.7591)   11.4211 (0.5352)   24.0955 (0.8838)
 61   15.4927 (0.6681)    8.2872 (0.4267)   23.7800 (0.7401)   12.0883 (0.7442)   11.0879 (0.5208)   23.1761 (0.8733)
 62   14.9251 (0.6599)    8.0125 (0.4166)   22.9376 (0.7283)   11.5120 (0.7293)   10.7500 (0.5069)   22.2620 (0.8615)
 63   14.3687 (0.6520)    7.7363 (0.4069)   22.1050 (0.7165)   10.9462 (0.7143)   10.4078 (0.4933)   21.3540 (0.8482)
 64   13.8238 (0.6444)    7.4593 (0.3973)   21.2831 (0.7050)   10.3911 (0.6991)   10.0618 (0.4798)   20.4529 (0.8335)
 65   13.2908 (0.6371)    7.1819 (0.3879)   20.4727 (0.6935)    9.8473 (0.6836)    9.7124 (0.4663)   19.5597 (0.8174)
 66   12.7701 (0.6299)    6.9044 (0.3787)   19.6745 (0.6823)    9.3153 (0.6677)    9.3601 (0.4528)   18.6754 (0.8000)
 67   12.2620 (0.6229)    6.6276 (0.3696)   18.8896 (0.6714)    8.7954 (0.6515)    9.0056 (0.4391)   17.8010 (0.7813)
 68   11.7669 (0.6161)    6.3519 (0.3606)   18.1188 (0.6609)    8.2884 (0.6348)    8.6495 (0.4253)   16.9379 (0.7616)
 69   11.2851 (0.6095)    6.0778 (0.3519)   17.3630 (0.6509)    7.7946 (0.6176)    8.2925 (0.4114)   16.0871 (0.7409)
 70   10.8170 (0.6031)    5.8061 (0.3433)   16.6231 (0.6415)    7.3147 (0.6000)    7.9354 (0.3973)   15.2501 (0.7196)
 71   10.3629 (0.5968)    5.5372 (0.3350)   15.9001 (0.6327)    6.8491 (0.5820)    7.5790 (0.3834)   14.4281 (0.6979)
 72    9.9229 (0.5908)    5.2719 (0.3270)   15.1948 (0.6247)    6.3984 (0.5636)    7.2242 (0.3695)   13.6225 (0.6760)
 73    9.4975 (0.5850)    5.0107 (0.3194)   14.5082 (0.6175)    5.9631 (0.5449)    6.8718 (0.3560)   12.8348 (0.6543)
 74    9.0869 (0.5794)    4.7543 (0.3121)   13.8411 (0.6111)    5.5437 (0.5259)    6.5228 (0.3429)   12.0664 (0.6331)
 75    8.6911 (0.5741)    4.5032 (0.3052)   13.1944 (0.6056)    5.1406 (0.5068)    6.1781 (0.3305)   11.3187 (0.6127)
 76    8.3105 (0.5690)    4.2582 (0.2987)   12.5686 (0.6009)    4.7544 (0.4875)    5.8387 (0.3189)   10.5930 (0.5933)
 77    7.9449 (0.5641)    4.0197 (0.2926)   11.9646 (0.5969)    4.3852 (0.4682)    5.5055 (0.3084)    9.8908 (0.5752)
 78    7.5946 (0.5596)    3.7883 (0.2869)   11.3829 (0.5935)    4.0336 (0.4490)    5.1796 (0.2990)    9.2132 (0.5585)
 79    7.2595 (0.5552)    3.5645 (0.2814)   10.8240 (0.5907)    3.6996 (0.4298)    4.8618 (0.2908)    8.5614 (0.5433)
 80    6.9395 (0.5511)    3.3488 (0.2762)   10.2882 (0.5882)    3.3835 (0.4108)    4.5530 (0.2838)    7.9366 (0.5295)
 81    6.6345 (0.5472)    3.1415 (0.2711)    9.7760 (0.5860)    3.0854 (0.3920)    4.2541 (0.2780)    7.3395 (0.5170)
 82    6.3442 (0.5436)    2.9431 (0.2661)    9.2873 (0.5839)    2.8052 (0.3735)    3.9658 (0.2732)    6.7709 (0.5056)
 83    6.0685 (0.5402)    2.7538 (0.2610)    8.8223 (0.5818)    2.5428 (0.3552)    3.6887 (0.2693)    6.2315 (0.4949)
 84    5.8071 (0.5369)    2.5739 (0.2557)    8.3809 (0.5795)    2.2980 (0.3373)    3.4236 (0.2659)    5.7216 (0.4848)
 85    5.5595 (0.5339)    2.4034 (0.2503)    7.9628 (0.5769)    2.0705 (0.3196)    3.1709 (0.2629)    5.2414 (0.4749)
 86    5.3253 (0.5310)    2.2424 (0.2445)    7.5677 (0.5741)    1.8600 (0.3023)    2.9310 (0.2600)    4.7910 (0.4648)
 87    5.1041 (0.5284)    2.0911 (0.2384)    7.1952 (0.5710)    1.6659 (0.2853)    2.7041 (0.2569)    4.3700 (0.4542)
 88    4.8954 (0.5258)    1.9492 (0.2319)    6.8447 (0.5675)    1.4877 (0.2686)    2.4904 (0.2534)    3.9781 (0.4429)
 89    4.6987 (0.5235)    1.8167 (0.2251)    6.5154 (0.5638)    1.3247 (0.2523)    2.2901 (0.2494)    3.6148 (0.4308)
 90    4.5133 (0.5212)    1.6934 (0.2178)    6.2067 (0.5597)    1.1763 (0.2364)    2.1028 (0.2447)    3.2791 (0.4178)
