# SEMadl.txt
#IMaCh version 0.99r45, April 2023,INED-EUROREVES-Institut de longevite-Japan Society for the Promotion of Science (Grant-in-Aid for Scientific Research 25293121), Intel Software 2015-2020, Nihon University 2021-202, INED 2000-2022
#$Revision: 1.353 $ $Date: 2023/05/08 18:48:22 $
# Tue Feb 04 22:03:38 2025

#****** ******
# (a) Life expectancies by health status at initial age and (b) health expectancies by health status at initial age
# Age e11  e12  e1.  e21  e22  e2. 
 50  30.6063   2.7653  33.3717  28.0876   4.7009  32.7884
 51  29.6474   2.7520  32.3994  27.0463   4.7175  31.7638
 52  28.6929   2.7375  31.4305  26.0070   4.7320  30.7390
 53  27.7434   2.7218  30.4652  24.9705   4.7438  29.7144
 54  26.7995   2.7046  29.5040  23.9375   4.7529  28.6904
 55  25.8616   2.6859  28.5474  22.9090   4.7586  27.6676
 56  24.9303   2.6655  27.5959  21.8859   4.7608  26.6467
 57  24.0064   2.6435  26.6499  20.8694   4.7589  25.6284
 58  23.0905   2.6196  25.7102  19.8609   4.7527  24.6136
 59  22.1834   2.5938  24.7773  18.8618   4.7416  23.6034
 60  21.2859   2.5660  23.8519  17.8736   4.7253  22.5989
 61  20.3988   2.5360  22.9348  16.8981   4.7033  21.6015
 62  19.5231   2.5038  22.0269  15.9371   4.6754  20.6125
 63  18.6596   2.4692  21.1288  14.9924   4.6411  19.6335
 64  17.8093   2.4323  20.2416  14.0661   4.6001  18.6663
 65  16.9733   2.3929  19.3662  13.1603   4.5522  17.7126
 66  16.1526   2.3509  18.5036  12.2771   4.4972  16.7743
 67  15.3483   2.3065  17.6547  11.4185   4.4348  15.8534
 68  14.5613   2.2594  16.8207  10.5867   4.3651  14.9519
 69  13.7927   2.2099  16.0026   9.7836   4.2881  14.0717
 70  13.0437   2.1578  15.2015   9.0112   4.2038  13.2150
 71  12.3151   2.1034  14.4184   8.2711   4.1124  12.3835
 72  11.6079   2.0466  13.6544   7.5649   4.0142  11.5791
 73  10.9230   1.9876  12.9106   6.8939   3.9097  10.8036
 74  10.2613   1.9265  12.1878   6.2591   3.7992  10.0583
 75   9.6235   1.8636  11.4871   5.6614   3.6833   9.3448
 76   9.0101   1.7991  10.8092   5.1013   3.5627   8.6640
 77   8.4219   1.7332  10.1550   4.5788   3.4380   8.0168
 78   7.8590   1.6661   9.5251   4.0940   3.3099   7.4039
 79   7.3219   1.5982   8.9201   3.6462   3.1793   6.8254
 80   6.8107   1.5297   8.3404   3.2347   3.0469   6.2816
 81   6.3255   1.4609   7.7864   2.8586   2.9135   5.7721
 82   5.8660   1.3923   7.2582   2.5165   2.7800   5.2965
 83   5.4320   1.3240   6.7560   2.2070   2.6470   4.8540
 84   5.0233   1.2563   6.2796   1.9284   2.5153   4.4438
 85   4.6392   1.1897   5.8289   1.6789   2.3857   4.0646
 86   4.2793   1.1243   5.4036   1.4565   2.2587   3.7152
 87   3.9428   1.0604   5.0032   1.2593   2.1349   3.3942
 88   3.6290   0.9982   4.6272   1.0853   2.0148   3.1001
 89   3.3370   0.9380   4.2750   0.9325   1.8988   2.8312
 90   3.0659   0.8800   3.9459   0.7988   1.7872   2.5860
