# Powell
# iter -2*LL p12 p13 p21 p23
1 1 1253.292523192762 1 -9.189173100000 0.082045100000 -14.046122900000 0.135741200000 0.912571300000 -0.026798400000 -10.058843600000 0.107253500000
2 2 1176.479631049630 1 -9.626434505954 0.081970920776 -15.048725190629 0.135645995775 0.272541510907 -0.026507070884 -10.837383336281 0.107103390476
3 2 1173.236636355994 2 -9.769295034431 0.081954931662 -14.847724610952 0.135579518832 0.135835522767 -0.026429388820 -10.945721136794 0.106998747345
4 3 1172.956997130549 2 -9.837495961506 0.081914056968 -14.810413816169 0.135511397577 0.101973387035 -0.026363797409 -10.967665648139 0.106887793576
5 3 1172.953512358567 3 -9.836438761413 0.081902503100 -14.804946885481 0.135457701354 0.098776775119 -0.026314339084 -10.960586669331 0.106889934219
6 4 1172.813224500199 3 -9.760575331974 0.080961933786 -14.529050277419 0.132021350382 -0.121878352098 -0.023168993567 -10.480305062349 0.101061243828
7 4 1172.811561934831 4 -9.759593889185 0.080914493769 -14.530995225188 0.131976777446 -0.125082659623 -0.023147685990 -10.472981156256 0.100972413481
8 5 1172.808191114211 4 -9.734253450233 0.080658012625 -14.536618782576 0.131970173575 -0.104764835195 -0.023405498250 -10.452803204611 0.100764395620
9 5 1172.804727849743 5 -9.718830842862 0.080436559787 -14.535797152084 0.131975809514 -0.092107837204 -0.023586651851 -10.443487783718 0.100638449967
10 6 1172.797458758800 5 -9.649182704428 0.079428642605 -14.539445686609 0.132084045379 -0.028880883630 -0.024497910636 -10.410642382821 0.100179124897
11 6 1172.797388821843 6 -9.649176987048 0.079429005639 -14.539252446219 0.132082951386 -0.029139917257 -0.024493875469 -10.409221030676 0.100161605616
12 7 1172.790500238261 7 -9.650774003302 0.079525513435 -14.613157944636 0.133016216931 0.009681681036 -0.025013666967 -10.276580167656 0.098555375680
13 7 1172.787786862248 7 -9.660143358682 0.079613888269 -14.624019885981 0.133144749817 0.003434569886 -0.024939355902 -10.238506679304 0.098082901423
14 8 1172.786814250565 8 -9.670441766151 0.079713021782 -14.634315615789 0.133270657241 -0.004237821807 -0.024845704080 -10.197479072203 0.097572579534
15 8 1172.786814055137 8 -9.670479309140 0.079713507095 -14.634297495164 0.133270521802 -0.004221717825 -0.024845892685 -10.197539838948 0.097573100727
16 9 1172.786809064883 8 -9.671535849180 0.079727220346 -14.632352534314 0.133249462709 -0.003602824189 -0.024854980476 -10.198417769917 0.097582580950
17 9 1172.786805174231 9 -9.671750860323 0.079729965797 -14.631692151673 0.133239425842 -0.003038899439 -0.024863035921 -10.198656834645 0.097586108902
18 10 1172.786801605898 9 -9.671975340615 0.079733471326 -14.630049734873 0.133215255015 -0.001968176521 -0.024878081506 -10.197670409151 0.097575361710
19 10 1172.786801597406 9 -9.671946838561 0.079733128280 -14.629983502148 0.133214453060 -0.002016289270 -0.024877403551 -10.197589382276 0.097574371299
20 11 1172.786801597374 10 -9.671945986365 0.079733119979 -14.629982413377 0.133214439875 -0.002017758959 -0.024877381609 -10.197579772932 0.097574254783
