# DKMadl.txt
#IMaCh version 0.99r45, April 2023,INED-EUROREVES-Institut de longevite-Japan Society for the Promotion of Science (Grant-in-Aid for Scientific Research 25293121), Intel Software 2015-2020, Nihon University 2021-202, INED 2000-2022
#$Revision: 1.353 $ $Date: 2023/05/08 18:48:22 $
# Tue Feb 04 22:03:38 2025

#****** ******
# (a) Life expectancies by health status at initial age and (b) health expectancies by health status at initial age
# Age e11  e12  e1.  e21  e22  e2. 
 50  27.6869   2.6472  30.3341  24.3463   4.4543  28.8006
 51  26.7600   2.6195  29.3795  23.2347   4.4706  27.7053
 52  25.8409   2.5897  28.4307  22.1250   4.4830  26.6080
 53  24.9304   2.5579  27.4884  21.0192   4.4907  25.5099
 54  24.0294   2.5239  26.5533  19.9192   4.4933  24.4125
 55  23.1385   2.4877  25.6261  18.8276   4.4900  23.3176
 56  22.2587   2.4491  24.7078  17.7469   4.4805  22.2273
 57  21.3908   2.4082  23.7990  16.6799   4.4640  21.1439
 58  20.5357   2.3649  22.9006  15.6299   4.4401  20.0700
 59  19.6944   2.3192  22.0136  14.5998   4.4085  19.0083
 60  18.8678   2.2711  21.1389  13.5931   4.3688  17.9618
 61  18.0566   2.2208  20.2774  12.6129   4.3207  16.9335
 62  17.2618   2.1681  19.4299  11.6625   4.2641  15.9265
 63  16.4843   2.1132  18.5975  10.7449   4.1990  14.9439
 64  15.7246   2.0563  17.7809   9.8631   4.1256  13.9887
 65  14.9837   1.9974  16.9811   9.0195   4.0441  13.0636
 66  14.2621   1.9367  16.1988   8.2165   3.9548  12.1713
 67  13.5603   1.8744  15.4347   7.4558   3.8583  11.3142
 68  12.8790   1.8107  14.6897   6.7389   3.7552  10.4942
 69  12.2184   1.7458  13.9642   6.0668   3.6462   9.7129
 70  11.5789   1.6800  13.2589   5.4398   3.5319   8.9717
 71  10.9607   1.6134  12.5741   4.8581   3.4133   8.2714
 72  10.3640   1.5464  11.9104   4.3212   3.2911   7.6123
 73   9.7888   1.4791  11.2680   3.8283   3.1663   6.9946
 74   9.2351   1.4119  10.6471   3.3780   3.0398   6.4178
 75   8.7028   1.3451  10.0479   2.9690   2.9123   5.8813
 76   8.1918   1.2787   9.4705   2.5992   2.7847   5.3839
 77   7.7018   1.2132   8.9150   2.2668   2.6578   4.9245
 78   7.2326   1.1487   8.3813   1.9693   2.5323   4.5015
 79   6.7838   1.0854   7.8692   1.7044   2.4088   4.1132
 80   6.3552   1.0235   7.3787   1.4698   2.2879   3.7577
 81   5.9463   0.9633   6.9096   1.2629   2.1702   3.4331
 82   5.5568   0.9048   6.4615   1.0814   2.0560   3.1374
 83   5.1862   0.8482   6.0344   0.9228   1.9457   2.8685
 84   4.8342   0.7936   5.6278   0.7849   1.8396   2.6245
 85   4.5002   0.7412   5.2414   0.6655   1.7379   2.4034
 86   4.1840   0.6909   4.8749   0.5625   1.6407   2.2032
 87   3.8849   0.6430   4.5279   0.4741   1.5481   2.0222
 88   3.6027   0.5973   4.2000   0.3985   1.4602   1.8587
 89   3.3367   0.5539   3.8906   0.3341   1.3770   1.7111
 90   3.0866   0.5129   3.5995   0.2794   1.2983   1.5777
