# Powell
# iter -2*LL p12 p13 p21 p23
1 1 1383.166895291866 0 -6.989465700000 0.053431400000 -14.003774300000 0.137350100000 1.775860100000 -0.044907800000 -8.165416900000 0.091567200000
2 2 1287.370684072875 1 -7.488446612693 0.053321752080 -15.121831707667 0.137353523379 1.127265866249 -0.044647548058 -8.969969924769 0.091433926573
3 2 1285.353523294040 1 -7.553150914571 0.053366390332 -14.883646949857 0.137289799294 1.001411291586 -0.044627689340 -9.022374932397 0.091332218881
4 3 1285.091737323845 1 -7.620631290771 0.053379078748 -14.848908579909 0.137219018516 0.976514722271 -0.044619493041 -9.029850298819 0.091222294324
5 3 1285.088537342436 2 -7.621663134662 0.053395450450 -14.842916284862 0.137159016170 0.976100699705 -0.044615245413 -9.022616096650 0.091220763192
6 4 1284.941834674170 2 -7.669426709946 0.054135621132 -14.569560016408 0.133571572165 0.961324618835 -0.044372013790 -8.572885671707 0.085596668503
7 4 1284.941451226456 3 -7.668742031795 0.054124212843 -14.572350593670 0.133574178430 0.961606588786 -0.044379854698 -8.571749225246 0.085568095731
8 5 1284.941186381486 3 -7.665888424650 0.054082900943 -14.576442050861 0.133615619060 0.965367969941 -0.044436740404 -8.566869633521 0.085539889983
9 5 1284.940671683833 3 -7.659574913260 0.053991791034 -14.586475257348 0.133738914063 0.974341130628 -0.044571218207 -8.558709477608 0.085455759209
10 6 1284.940258528704 4 -7.653106480333 0.053898281039 -14.598225266714 0.133888345086 0.984549553838 -0.044719791045 -8.550851011536 0.085367719658
11 6 1284.939931805937 4 -7.647387922464 0.053815664343 -14.609937318914 0.134039879369 0.994357388192 -0.044861471112 -8.543182328814 0.085274585764
12 7 1284.939668243735 4 -7.642503310717 0.053745271192 -14.621476194900 0.134189165497 1.003050804098 -0.044989471258 -8.535543448375 0.085176738038
13 7 1284.939439832357 4 -7.638384065932 0.053686107770 -14.633114958621 0.134338863175 1.010296664659 -0.045099352141 -8.528156457814 0.085078122652
14 8 1284.939240333829 5 -7.635143843617 0.053639713101 -14.644514154057 0.134485653109 1.015588389677 -0.045181049027 -8.521711640312 0.084988378560
15 8 1284.939059849095 5 -7.632630944058 0.053603828519 -14.655790469547 0.134632712103 1.018908192583 -0.045231459799 -8.516257890598 0.084908856524
16 9 1284.938885614932 5 -7.630820043369 0.053578108682 -14.666745089861 0.134778105955 1.019906531456 -0.045244890534 -8.511678782875 0.084838570242
17 9 1284.938712468855 5 -7.629829482144 0.053564338925 -14.676550572677 0.134909864281 1.017961225616 -0.045214030411 -8.508017840619 0.084779103872
18 10 1284.938545278431 6 -7.629750851821 0.053563839259 -14.683999324880 0.135010055013 1.012880723730 -0.045138358056 -8.505570716597 0.084735987507
19 10 1284.938406471938 6 -7.630467161433 0.053574759538 -14.687694636415 0.135059330227 1.005892675643 -0.045036154936 -8.504855283054 0.084718451706
20 11 1284.938311001979 6 -7.631507468281 0.053590150634 -14.688021934292 0.135063966180 0.999102603049 -0.044936498350 -8.505696716499 0.084725000774
21 11 1284.938249697971 6 -7.632518194487 0.053604910473 -14.686384203111 0.135043820276 0.993492209227 -0.044852718922 -8.507457516513 0.084746224466
22 12 1284.938211113625 7 -7.633344610323 0.053616872467 -14.683776176458 0.135011668801 0.989398909101 -0.044790610693 -8.509511844117 0.084773066186
23 12 1284.938187411153 7 -7.633957666641 0.053625700082 -14.680923712238 0.134975771069 0.986692725377 -0.044749624844 -8.511342070695 0.084798003706
24 13 1284.938171830549 7 -7.634427327571 0.053632441152 -14.678066981283 0.134938663393 0.984924640741 -0.044723491791 -8.512840651382 0.084819124788
25 13 1284.938160304047 8 -7.634798646450 0.053637741360 -14.675232849885 0.134901060802 0.983903388282 -0.044708853970 -8.514100824702 0.084837419005
26 14 1284.938150225782 8 -7.635103888167 0.053642038317 -14.672311243826 0.134862346483 0.983559952504 -0.044703994732 -8.515335340544 0.084855593047
27 14 1284.938140452918 9 -7.635324297424 0.053645059535 -14.669458431507 0.134825104939 0.984015206840 -0.044710434526 -8.516572014043 0.084873871403
28 15 1284.938132026062 9 -7.635421135594 0.053646284753 -14.667316015337 0.134797532350 0.985201869662 -0.044727565947 -8.517510728501 0.084887886800
29 15 1284.938125535753 10 -7.635430944987 0.053646287064 -14.666050562741 0.134781062882 0.986750512366 -0.044750469006 -8.517961657430 0.084895040059
30 16 1284.938120588230 11 -7.635393881146 0.053645660718 -14.665583237334 0.134774357049 0.988368212023 -0.044774843728 -8.517906217806 0.084895126484
31 16 1284.938117119325 11 -7.635333971622 0.053644756042 -14.665819563947 0.134776633427 0.989724175668 -0.044795360381 -8.517493141413 0.084890052949
32 17 1284.938114833140 12 -7.635268436084 0.053643790220 -14.666474632572 0.134784756753 0.990717903949 -0.044810210458 -8.516999376623 0.084883563680
33 17 1284.938113267606 12 -7.635203909017 0.053642850578 -14.667352037374 0.134796212793 0.991388447820 -0.044820054644 -8.516555391559 0.084877507184
34 18 1284.938112104006 13 -7.635148057194 0.053642056940 -14.668336245627 0.134809170507 0.991780728555 -0.044825783999 -8.516143109321 0.084871772900
35 18 1284.938111093511 14 -7.635106596514 0.053641497062 -14.669397974651 0.134822950259 0.991936908127 -0.044828149474 -8.515682604696 0.084865390394
36 19 1284.938110213459 14 -7.635087875555 0.053641283961 -14.670385701962 0.134835548159 0.991836548282 -0.044826792872 -8.515204838193 0.084858835480
37 19 1284.938109554540 15 -7.635089059186 0.053641347703 -14.671128528488 0.134844987377 0.991549453463 -0.044822598176 -8.514830288426 0.084853723895
38 20 1284.938109085807 16 -7.635096653145 0.053641491356 -14.671654790657 0.134851831707 0.991176036044 -0.044816997435 -8.514612965371 0.084850728809
39 20 1284.938108760152 16 -7.635104661544 0.053641631374 -14.671967089178 0.134856068293 0.990793930443 -0.044811220207 -8.514556465525 0.084849892857
40 21 1284.938108547957 17 -7.635113143212 0.053641772775 -14.672093808058 0.134857850140 0.990467268131 -0.044806313802 -8.514590493296 0.084850304593
41 21 1284.938108402989 18 -7.635125977400 0.053641975056 -14.672098083655 0.134857908391 0.990192647985 -0.044802243489 -8.514625620965 0.084850792486
42 22 1284.938108297996 18 -7.635141853147 0.053642216242 -14.672023358569 0.134856863430 0.989973656436 -0.044799018249 -8.514653170133 0.084851223175
43 22 1284.938108212631 19 -7.635159548334 0.053642474974 -14.671905490197 0.134855290161 0.989789241478 -0.044796274777 -8.514688951699 0.084851783312
44 23 1284.938107898870 20 -7.635204876651 0.053643104816 -14.671219961415 0.134846331059 0.989569314297 -0.044792977583 -8.514955062929 0.084855639081
45 23 1284.938107743312 20 -7.635199792465 0.053643014437 -14.671041763793 0.134844109297 0.989748627760 -0.044795618687 -8.515074411608 0.084857255314
46 24 1284.938107619755 20 -7.635196972078 0.053642948159 -14.670701267958 0.134839719097 0.990083793028 -0.044800605683 -8.515244003034 0.084859613769
47 24 1284.938107597928 21 -7.635199255687 0.053642980444 -14.670708471042 0.134839784524 0.990092850516 -0.044800744685 -8.515224015257 0.084859364086
48 25 1284.938103936853 21 -7.635871756419 0.053652203175 -14.672141824016 0.134856242289 0.990055663495 -0.044799207695 -8.514039765373 0.084847682861
49 25 1284.938103503008 21 -7.635872786016 0.053652679179 -14.672655523073 0.134863228961 0.989926869919 -0.044798020194 -8.514158142496 0.084849525976
50 26 1284.938103496035 -38 -7.635872718999 0.053652725232 -14.672694857817 0.134863720367 0.989918945232 -0.044798026493 -8.514209509361 0.084850240928
51 26 1284.938103495179 -38 -7.635873197298 0.053652746413 -14.672698494673 0.134863750643 0.989927258186 -0.044798201973 -8.514224306892 0.084850452544
52 27 1284.938103490775 -38 -7.635872697973 0.053652776424 -14.672698830569 0.134863716549 0.989958940682 -0.044798682973 -8.514267539503 0.084851049996
53 27 1284.938103476568 -37 -7.635884522775 0.053653001340 -14.672707439311 0.134863767367 0.989973713080 -0.044799054022 -8.514289848039 0.084851429021
54 28 1284.938103418231 -37 -7.635932413484 0.053653784861 -14.672744915625 0.134864152769 0.989916344958 -0.044798612162 -8.514187563162 0.084850262488
55 28 1284.938103302455 -37 -7.635992015906 0.053654610740 -14.672805800471 0.134864973718 0.989746964952 -0.044796330153 -8.513897092019 0.084846405762
56 29 1284.938103087082 -36 -7.636098797307 0.053655943507 -14.672912821638 0.134866275563 0.989758198660 -0.044797504165 -8.513983348987 0.084847334544
57 29 1284.938102590379 -36 -7.636238316601 0.053657696163 -14.672834901820 0.134864992065 0.990025463435 -0.044802343143 -8.514560606634 0.084854394000
58 30 1284.938101022160 -35 -7.636725968727 0.053664561801 -14.672018825529 0.134853779541 0.990526015970 -0.044810096396 -8.515745412379 0.084868968948
59 30 1284.938099048481 -35 -7.637291673290 0.053673017242 -14.671380785206 0.134845472222 0.990228567945 -0.044805882419 -8.515561199816 0.084866834989
60 31 1284.938096670026 -34 -7.638605317058 0.053692122367 -14.670686375711 0.134837117020 0.989456312771 -0.044793818380 -8.515367412177 0.084863981409
61 31 1284.938096189254 -34 -7.638441115744 0.053689793545 -14.670826318641 0.134839182921 0.989339229915 -0.044790959924 -8.515239311691 0.084862303908
62 32 1284.938095810431 -33 -7.638496572033 0.053690502215 -14.670966927794 0.134840963473 0.989505472711 -0.044792254119 -8.515665685706 0.084867398682
63 32 1284.938095798058 -32 -7.638487752223 0.053690347373 -14.670805410204 0.134838805961 0.989558327270 -0.044793129330 -8.515764570966 0.084868634801
64 33 1284.938095794405 -32 -7.638533270446 0.053691004467 -14.670732257500 0.134837859261 0.989540641248 -0.044792834942 -8.515759748595 0.084868548324
65 33 1284.938095793969 -31 -7.638530740784 0.053690967894 -14.670731237011 0.134837838140 0.989553963264 -0.044793026534 -8.515750861519 0.084868426685
66 34 1284.938095793893 -30 -7.638528553237 0.053690938862 -14.670729204530 0.134837810255 0.989557476449 -0.044793081421 -8.515745921286 0.084868366081
67 34 1284.938095793866 -30 -7.638528174443 0.053690930242 -14.670729881569 0.134837818056 0.989560410798 -0.044793124092 -8.515742304203 0.084868319132
68 35 1284.938095793864 -29 -7.638528113405 0.053690929379 -14.670730644187 0.134837828047 0.989560832057 -0.044793130380 -8.515742005577 0.084868314780
