# DKMadl.txt
#IMaCh version 0.99r45, April 2023,INED-EUROREVES-Institut de longevite-Japan Society for the Promotion of Science (Grant-in-Aid for Scientific Research 25293121), Intel Software 2015-2020, Nihon University 2021-202, INED 2000-2022
#$Revision: 1.353 $ $Date: 2023/05/08 18:48:22 $
# Tue Feb 04 22:03:38 2025
# probabilities of dying before estepm=6 months for people of exact age and weighted probabilities w1*p1j+w2*p2j+... stand dev in()
# Selected quantitative variables and dummies
# Age cov=1 p.3 SE w1 p13 w2 p23
 50 1   6.199e-004  2.624e-004  9.747e-001  3.576e-004   2.530e-002  1.073e-002 
 51 1   7.198e-004  2.920e-004  9.727e-001  4.090e-004   2.734e-002  1.178e-002 
 52 1   8.358e-004  3.247e-004  9.705e-001  4.678e-004   2.953e-002  1.293e-002 
 53 1   9.704e-004  3.609e-004  9.681e-001  5.351e-004   3.189e-002  1.419e-002 
 54 1   1.126e-003  4.006e-004  9.656e-001  6.120e-004   3.441e-002  1.556e-002 
 55 1   1.307e-003  4.441e-004  9.629e-001  6.999e-004   3.712e-002  1.705e-002 
 56 1   1.516e-003  4.919e-004  9.600e-001  8.005e-004   4.001e-002  1.869e-002 
 57 1   1.758e-003  5.439e-004  9.569e-001  9.154e-004   4.309e-002  2.047e-002 
 58 1   2.037e-003  6.003e-004  9.536e-001  1.047e-003   4.637e-002  2.240e-002 
 59 1   2.360e-003  6.614e-004  9.502e-001  1.197e-003   4.986e-002  2.451e-002 
 60 1   2.732e-003  7.274e-004  9.465e-001  1.369e-003   5.356e-002  2.681e-002 
 61 1   3.160e-003  7.980e-004  9.426e-001  1.565e-003   5.747e-002  2.931e-002 
 62 1   3.652e-003  8.734e-004  9.384e-001  1.789e-003   6.159e-002  3.203e-002 
 63 1   4.217e-003  9.537e-004  9.341e-001  2.046e-003   6.593e-002  3.498e-002 
 64 1   4.864e-003  1.039e-003  9.296e-001  2.338e-003   7.046e-002  3.818e-002 
 65 1   5.604e-003  1.128e-003  9.248e-001  2.673e-003   7.520e-002  4.165e-002 
 66 1   6.450e-003  1.223e-003  9.199e-001  3.055e-003   8.015e-002  4.542e-002 
 67 1   7.414e-003  1.323e-003  9.148e-001  3.491e-003   8.526e-002  4.950e-002 
 68 1   8.509e-003  1.428e-003  9.095e-001  3.989e-003   9.054e-002  5.391e-002 
 69 1   9.753e-003  1.540e-003  9.041e-001  4.558e-003   9.598e-002  5.868e-002 
 70 1   1.116e-002  1.661e-003  8.985e-001  5.207e-003   1.015e-001  6.383e-002 
 71 1   1.275e-002  1.793e-003  8.929e-001  5.948e-003   1.072e-001  6.939e-002 
 72 1   1.454e-002  1.939e-003  8.871e-001  6.792e-003   1.129e-001  7.538e-002 
 73 1   1.655e-002  2.106e-003  8.813e-001  7.756e-003   1.187e-001  8.183e-002 
 74 1   1.881e-002  2.299e-003  8.755e-001  8.854e-003   1.245e-001  8.877e-002 
 75 1   2.133e-002  2.526e-003  8.697e-001  1.011e-002   1.303e-001  9.622e-002 
 76 1   2.414e-002  2.798e-003  8.640e-001  1.153e-002   1.361e-001  1.042e-001 
 77 1   2.727e-002  3.125e-003  8.583e-001  1.315e-002   1.417e-001  1.128e-001 
 78 1   3.075e-002  3.521e-003  8.528e-001  1.500e-002   1.473e-001  1.219e-001 
 79 1   3.459e-002  3.999e-003  8.474e-001  1.710e-002   1.527e-001  1.317e-001 
 80 1   3.885e-002  4.577e-003  8.421e-001  1.949e-002   1.580e-001  1.421e-001 
 81 1   4.354e-002  5.275e-003  8.371e-001  2.219e-002   1.630e-001  1.531e-001 
 82 1   4.870e-002  6.114e-003  8.322e-001  2.527e-002   1.679e-001  1.648e-001 
 83 1   5.438e-002  7.122e-003  8.275e-001  2.875e-002   1.725e-001  1.773e-001 
 84 1   6.061e-002  8.331e-003  8.231e-001  3.270e-002   1.770e-001  1.904e-001 
 85 1   6.745e-002  9.834e-003  8.189e-001  3.716e-002   1.812e-001  2.042e-001 
 86 1   7.493e-002  1.151e-002  8.148e-001  4.220e-002   1.853e-001  2.188e-001 
 87 1   8.311e-002  1.357e-002  8.109e-001  4.788e-002   1.891e-001  2.341e-001 
 88 1   9.205e-002  1.602e-002  8.072e-001  5.428e-002   1.929e-001  2.501e-001 
 89 1   1.018e-001  1.901e-002  8.036e-001  6.147e-002   1.965e-001  2.667e-001 
 90 1   1.125e-001  2.228e-002  8.000e-001  6.953e-002   2.001e-001  2.841e-001 
