# DKMadl.txt
#IMaCh version 0.99r45, April 2023,INED-EUROREVES-Institut de longevite-Japan Society for the Promotion of Science (Grant-in-Aid for Scientific Research 25293121), Intel Software 2015-2020, Nihon University 2021-202, INED 2000-2022
#$Revision: 1.353 $ $Date: 2023/05/08 18:48:22 $
# Tue Feb 04 22:03:38 2025
#One-step probabilities and stand. devi in ()
# Age p1-1 (SE) p1-2 (SE) p1-3 (SE) p2-1 (SE) p2-2 (SE) p2-3 (SE)
50  9.926e-001 ( 2.145e-003)  7.003e-003 ( 2.193e-003)  3.576e-004 ( 2.769e-004)  2.203e-001 ( 5.769e-002)  7.690e-001 ( 5.738e-002)  1.073e-002 ( 6.355e-003) 
51  9.922e-001 ( 2.164e-003)  7.386e-003 ( 2.215e-003)  4.090e-004 ( 3.061e-004)  2.125e-001 ( 5.364e-002)  7.757e-001 ( 5.340e-002)  1.178e-002 ( 6.752e-003) 
52  9.917e-001 ( 2.179e-003)  7.790e-003 ( 2.233e-003)  4.678e-004 ( 3.379e-004)  2.049e-001 ( 4.978e-002)  7.822e-001 ( 4.961e-002)  1.293e-002 ( 7.164e-003) 
53  9.912e-001 ( 2.192e-003)  8.216e-003 ( 2.247e-003)  5.351e-004 ( 3.727e-004)  1.974e-001 ( 4.611e-002)  7.884e-001 ( 4.603e-002)  1.419e-002 ( 7.591e-003) 
54  9.907e-001 ( 2.201e-003)  8.664e-003 ( 2.259e-003)  6.120e-004 ( 4.104e-004)  1.902e-001 ( 4.263e-002)  7.942e-001 ( 4.267e-002)  1.556e-002 ( 8.031e-003) 
55  9.902e-001 ( 2.208e-003)  9.137e-003 ( 2.266e-003)  6.999e-004 ( 4.514e-004)  1.831e-001 ( 3.936e-002)  7.998e-001 ( 3.953e-002)  1.705e-002 ( 8.483e-003) 
56  9.896e-001 ( 2.212e-003)  9.635e-003 ( 2.270e-003)  8.005e-004 ( 4.958e-004)  1.763e-001 ( 3.630e-002)  8.050e-001 ( 3.663e-002)  1.869e-002 ( 8.945e-003) 
57  9.889e-001 ( 2.214e-003)  1.016e-002 ( 2.271e-003)  9.154e-004 ( 5.438e-004)  1.696e-001 ( 3.345e-002)  8.100e-001 ( 3.398e-002)  2.047e-002 ( 9.416e-003) 
58  9.882e-001 ( 2.214e-003)  1.071e-002 ( 2.268e-003)  1.047e-003 ( 5.955e-004)  1.631e-001 ( 3.083e-002)  8.145e-001 ( 3.158e-002)  2.240e-002 ( 9.895e-003) 
59  9.875e-001 ( 2.213e-003)  1.130e-002 ( 2.263e-003)  1.197e-003 ( 6.510e-004)  1.567e-001 ( 2.844e-002)  8.188e-001 ( 2.944e-002)  2.451e-002 ( 1.038e-002) 
60  9.867e-001 ( 2.213e-003)  1.191e-002 ( 2.255e-003)  1.369e-003 ( 7.105e-004)  1.506e-001 ( 2.628e-002)  8.226e-001 ( 2.757e-002)  2.681e-002 ( 1.086e-002) 
61  9.859e-001 ( 2.214e-003)  1.256e-002 ( 2.247e-003)  1.565e-003 ( 7.740e-004)  1.446e-001 ( 2.437e-002)  8.261e-001 ( 2.598e-002)  2.931e-002 ( 1.135e-002) 
62  9.850e-001 ( 2.220e-003)  1.324e-002 ( 2.240e-003)  1.789e-003 ( 8.417e-004)  1.388e-001 ( 2.270e-002)  8.292e-001 ( 2.466e-002)  3.203e-002 ( 1.183e-002) 
63  9.840e-001 ( 2.232e-003)  1.395e-002 ( 2.236e-003)  2.046e-003 ( 9.136e-004)  1.331e-001 ( 2.128e-002)  8.319e-001 ( 2.360e-002)  3.498e-002 ( 1.231e-002) 
64  9.830e-001 ( 2.252e-003)  1.471e-002 ( 2.237e-003)  2.338e-003 ( 9.897e-004)  1.276e-001 ( 2.009e-002)  8.342e-001 ( 2.279e-002)  3.818e-002 ( 1.277e-002) 
65  9.818e-001 ( 2.285e-003)  1.550e-002 ( 2.248e-003)  2.673e-003 ( 1.070e-003)  1.223e-001 ( 1.915e-002)  8.360e-001 ( 2.222e-002)  4.165e-002 ( 1.322e-002) 
66  9.806e-001 ( 2.334e-003)  1.633e-002 ( 2.272e-003)  3.055e-003 ( 1.155e-003)  1.172e-001 ( 1.842e-002)  8.374e-001 ( 2.184e-002)  4.542e-002 ( 1.366e-002) 
67  9.793e-001 ( 2.402e-003)  1.721e-002 ( 2.315e-003)  3.491e-003 ( 1.245e-003)  1.122e-001 ( 1.788e-002)  8.384e-001 ( 2.164e-002)  4.950e-002 ( 1.408e-002) 
68  9.779e-001 ( 2.493e-003)  1.813e-002 ( 2.383e-003)  3.989e-003 ( 1.340e-003)  1.073e-001 ( 1.752e-002)  8.388e-001 ( 2.158e-002)  5.391e-002 ( 1.448e-002) 
69  9.763e-001 ( 2.611e-003)  1.911e-002 ( 2.480e-003)  4.558e-003 ( 1.441e-003)  1.026e-001 ( 1.731e-002)  8.387e-001 ( 2.163e-002)  5.868e-002 ( 1.486e-002) 
70  9.747e-001 ( 2.760e-003)  2.012e-002 ( 2.613e-003)  5.207e-003 ( 1.551e-003)  9.803e-002 ( 1.720e-002)  8.381e-001 ( 2.176e-002)  6.383e-002 ( 1.523e-002) 
71  9.729e-001 ( 2.941e-003)  2.120e-002 ( 2.787e-003)  5.948e-003 ( 1.670e-003)  9.360e-002 ( 1.719e-002)  8.370e-001 ( 2.195e-002)  6.939e-002 ( 1.558e-002) 
72  9.709e-001 ( 3.157e-003)  2.232e-002 ( 3.005e-003)  6.792e-003 ( 1.804e-003)  8.932e-002 ( 1.723e-002)  8.353e-001 ( 2.219e-002)  7.538e-002 ( 1.593e-002) 
73  9.687e-001 ( 3.412e-003)  2.350e-002 ( 3.272e-003)  7.756e-003 ( 1.958e-003)  8.517e-002 ( 1.731e-002)  8.330e-001 ( 2.247e-002)  8.183e-002 ( 1.629e-002) 
74  9.664e-001 ( 3.708e-003)  2.473e-002 ( 3.589e-003)  8.854e-003 ( 2.140e-003)  8.116e-002 ( 1.741e-002)  8.301e-001 ( 2.277e-002)  8.877e-002 ( 1.668e-002) 
75  9.639e-001 ( 4.048e-003)  2.603e-002 ( 3.959e-003)  1.011e-002 ( 2.361e-003)  7.727e-002 ( 1.751e-002)  8.265e-001 ( 2.312e-002)  9.622e-002 ( 1.712e-002) 
76  9.611e-001 ( 4.438e-003)  2.739e-002 ( 4.384e-003)  1.153e-002 ( 2.635e-003)  7.351e-002 ( 1.760e-002)  8.223e-001 ( 2.351e-002)  1.042e-001 ( 1.765e-002) 
77  9.580e-001 ( 4.883e-003)  2.881e-002 ( 4.865e-003)  1.315e-002 ( 2.980e-003)  6.987e-002 ( 1.766e-002)  8.174e-001 ( 2.399e-002)  1.128e-001 ( 1.831e-002) 
78  9.547e-001 ( 5.392e-003)  3.029e-002 ( 5.403e-003)  1.500e-002 ( 3.417e-003)  6.635e-002 ( 1.770e-002)  8.118e-001 ( 2.457e-002)  1.219e-001 ( 1.914e-002) 
79  9.511e-001 ( 5.977e-003)  3.184e-002 ( 6.002e-003)  1.710e-002 ( 3.970e-003)  6.294e-002 ( 1.770e-002)  8.054e-001 ( 2.530e-002)  1.317e-001 ( 2.020e-002) 
80  9.471e-001 ( 6.654e-003)  3.345e-002 ( 6.662e-003)  1.949e-002 ( 4.665e-003)  5.966e-002 ( 1.766e-002)  7.983e-001 ( 2.623e-002)  1.421e-001 ( 2.152e-002) 
81  9.427e-001 ( 7.442e-003)  3.513e-002 ( 7.386e-003)  2.219e-002 ( 5.532e-003)  5.648e-002 ( 1.758e-002)  7.904e-001 ( 2.740e-002)  1.531e-001 ( 2.316e-002) 
82  9.378e-001 ( 8.365e-003)  3.688e-002 ( 8.176e-003)  2.527e-002 ( 6.602e-003)  5.341e-002 ( 1.746e-002)  7.817e-001 ( 2.886e-002)  1.648e-001 ( 2.515e-002) 
83  9.326e-001 ( 9.455e-003)  3.870e-002 ( 9.034e-003)  2.875e-002 ( 7.912e-003)  5.045e-002 ( 1.730e-002)  7.723e-001 ( 3.067e-002)  1.773e-001 ( 2.751e-002) 
84  9.267e-001 ( 1.075e-002)  4.058e-002 ( 9.964e-003)  3.270e-002 ( 9.501e-003)  4.760e-002 ( 1.709e-002)  7.620e-001 ( 3.284e-002)  1.904e-001 ( 3.025e-002) 
85  9.203e-001 ( 1.228e-002)  4.252e-002 ( 1.097e-002)  3.716e-002 ( 1.141e-002)  4.485e-002 ( 1.685e-002)  7.509e-001 ( 3.541e-002)  2.042e-001 ( 3.340e-002) 
86  9.133e-001 ( 1.411e-002)  4.452e-002 ( 1.205e-002)  4.220e-002 ( 1.370e-002)  4.221e-002 ( 1.656e-002)  7.390e-001 ( 3.839e-002)  2.188e-001 ( 3.692e-002) 
87  9.055e-001 ( 1.627e-002)  4.658e-002 ( 1.321e-002)  4.788e-002 ( 1.640e-002)  3.966e-002 ( 1.624e-002)  7.262e-001 ( 4.176e-002)  2.341e-001 ( 4.083e-002) 
88  8.970e-001 ( 1.883e-002)  4.869e-002 ( 1.445e-002)  5.428e-002 ( 1.959e-002)  3.722e-002 ( 1.589e-002)  7.127e-001 ( 4.553e-002)  2.501e-001 ( 4.508e-002) 
89  8.877e-001 ( 2.184e-002)  5.084e-002 ( 1.578e-002)  6.147e-002 ( 2.332e-002)  3.487e-002 ( 1.550e-002)  6.984e-001 ( 4.966e-002)  2.667e-001 ( 4.966e-002) 
90  8.775e-001 ( 2.536e-002)  5.302e-002 ( 1.719e-002)  6.953e-002 ( 2.765e-002)  3.263e-002 ( 1.508e-002)  6.833e-001 ( 5.412e-002)  2.841e-001 ( 5.454e-002) 