# DKMadl.txt
#IMaCh version 0.99r45, April 2023,INED-EUROREVES-Institut de longevite-Japan Society for the Promotion of Science (Grant-in-Aid for Scientific Research 25293121), Intel Software 2015-2020, Nihon University 2021-202, INED 2000-2022
#$Revision: 1.353 $ $Date: 2023/05/08 18:48:22 $
# Tue Feb 04 22:03:38 2025
#One-step probabilities and covariance matrix
# Age p1-1  p1-2  p1-3  p2-1  p2-2  p2-3 
50  9.926e-001  7.003e-003  3.576e-004  2.203e-001  7.690e-001  1.073e-002 
50 1-1  4.603e-006
50 1-2 -4.668e-006  4.810e-006
50 1-3  6.536e-008 -1.421e-007  7.670e-008
50 2-1 -2.548e-005  2.483e-005  6.553e-007  3.328e-003
50 2-2  2.683e-005 -2.683e-005 -9.677e-009 -3.290e-003  3.293e-003
50 2-3 -1.352e-006  1.998e-006 -6.457e-007 -3.794e-005 -2.438e-006  4.038e-005
51  9.922e-001  7.386e-003  4.090e-004  2.125e-001  7.757e-001  1.178e-002 
51 1-1  4.682e-006
51 1-2 -4.746e-006  4.904e-006
51 1-3  6.403e-008 -1.577e-007  9.370e-008
51 2-1 -2.415e-005  2.348e-005  6.701e-007  2.878e-003
51 2-2  2.555e-005 -2.564e-005  8.890e-008 -2.842e-003  2.851e-003
51 2-3 -1.402e-006  2.161e-006 -7.590e-007 -3.601e-005 -9.581e-006  4.559e-005
52  9.917e-001  7.790e-003  4.678e-004  2.049e-001  7.822e-001  1.293e-002 
52 1-1  4.750e-006
52 1-2 -4.810e-006  4.985e-006
52 1-3  6.039e-008 -1.746e-007  1.142e-007
52 2-1 -2.282e-005  2.213e-005  6.830e-007  2.478e-003
52 2-2  2.426e-005 -2.446e-005  2.070e-007 -2.444e-003  2.461e-003
52 2-3 -1.439e-006  2.329e-006 -8.900e-007 -3.415e-005 -1.718e-005  5.133e-005
53  9.912e-001  8.216e-003  5.351e-004  1.974e-001  7.884e-001  1.419e-002 
53 1-1  4.804e-006
53 1-2 -4.858e-006  5.051e-006
53 1-3  5.379e-008 -1.927e-007  1.389e-007
53 2-1 -2.150e-005  2.080e-005  6.939e-007  2.126e-003
53 2-2  2.296e-005 -2.331e-005  3.469e-007 -2.094e-003  2.119e-003
53 2-3 -1.463e-006  2.504e-006 -1.041e-006 -3.239e-005 -2.524e-005  5.762e-005
54  9.907e-001  8.664e-003  6.120e-004  1.902e-001  7.942e-001  1.556e-002 
54 1-1  4.846e-006
54 1-2 -4.890e-006  5.102e-006
54 1-3  4.343e-008 -2.119e-007  1.685e-007
54 2-1 -2.020e-005  1.950e-005  7.028e-007  1.818e-003
54 2-2  2.167e-005 -2.218e-005  5.111e-007 -1.787e-003  1.821e-003
54 2-3 -1.468e-006  2.682e-006 -1.214e-006 -3.074e-005 -3.375e-005  6.449e-005
55  9.902e-001  9.137e-003  6.999e-004  1.831e-001  7.998e-001  1.705e-002 
55 1-1  4.875e-006
55 1-2 -4.904e-006  5.136e-006
55 1-3  2.843e-008 -2.322e-007  2.038e-007
55 2-1 -1.893e-005  1.822e-005  7.095e-007  1.549e-003
55 2-2  2.038e-005 -2.108e-005  7.021e-007 -1.520e-003  1.563e-003
55 2-3 -1.452e-006  2.864e-006 -1.412e-006 -2.923e-005 -4.272e-005  7.195e-005
56  9.896e-001  9.635e-003  8.005e-004  1.763e-001  8.050e-001  1.869e-002 
56 1-1  4.893e-006
56 1-2 -4.901e-006  5.154e-006
56 1-3  7.746e-009 -2.536e-007  2.459e-007
56 2-1 -1.770e-005  1.698e-005  7.142e-007  1.318e-003
56 2-2  1.911e-005 -2.003e-005  9.223e-007 -1.290e-003  1.342e-003
56 2-3 -1.411e-006  3.047e-006 -1.636e-006 -2.788e-005 -5.213e-005  8.001e-005
57  9.889e-001  1.016e-002  9.154e-004  1.696e-001  8.100e-001  2.047e-002 
57 1-1  4.901e-006
57 1-2 -4.881e-006  5.157e-006
57 1-3 -1.980e-008 -2.759e-007  2.957e-007
57 2-1 -1.651e-005  1.579e-005  7.170e-007  1.119e-003
57 2-2  1.785e-005 -1.903e-005  1.174e-006 -1.093e-003  1.155e-003
57 2-3 -1.340e-006  3.231e-006 -1.891e-006 -2.670e-005 -6.197e-005  8.867e-005
58  9.882e-001  1.071e-002  1.047e-003  1.631e-001  8.145e-001  2.240e-002 
58 1-1  4.901e-006
58 1-2 -4.846e-006  5.145e-006
58 1-3 -5.550e-008 -2.991e-007  3.546e-007
58 2-1 -1.538e-005  1.467e-005  7.180e-007  9.507e-004
58 2-2  1.662e-005 -1.808e-005  1.460e-006 -9.250e-004  9.972e-004
58 2-3 -1.237e-006  3.415e-006 -2.178e-006 -2.570e-005 -7.221e-005  9.791e-005
59  9.875e-001  1.130e-002  1.197e-003  1.567e-001  8.188e-001  2.451e-002 
59 1-1  4.898e-006
59 1-2 -4.797e-006  5.120e-006
59 1-3 -1.008e-007 -3.230e-007  4.238e-007
59 2-1 -1.432e-005  1.361e-005  7.178e-007  8.089e-004
59 2-2  1.542e-005 -1.720e-005  1.781e-006 -7.840e-004  8.668e-004
59 2-3 -1.098e-006  3.597e-006 -2.499e-006 -2.488e-005 -8.282e-005  1.077e-004
60  9.867e-001  1.191e-002  1.369e-003  1.506e-001  8.226e-001  2.681e-002 
60 1-1  4.897e-006
60 1-2 -4.740e-006  5.087e-006
60 1-3 -1.571e-007 -3.477e-007  5.048e-007
60 2-1 -1.334e-005  1.262e-005  7.168e-007  6.909e-004
60 2-2  1.426e-005 -1.640e-005  2.140e-006 -6.666e-004  7.604e-004
60 2-3 -9.200e-007  3.777e-006 -2.857e-006 -2.426e-005 -9.376e-005  1.180e-004
61  9.859e-001  1.256e-002  1.565e-003  1.446e-001  8.261e-001  2.931e-002 
61 1-1  4.904e-006
61 1-2 -4.678e-006  5.051e-006
61 1-3 -2.261e-007 -3.730e-007  5.991e-007
61 2-1 -1.244e-005  1.172e-005  7.157e-007  5.939e-004
61 2-2  1.314e-005 -1.568e-005  2.538e-006 -5.701e-004  6.750e-004
61 2-3 -7.008e-007  3.954e-006 -3.253e-006 -2.384e-005 -1.050e-004  1.288e-004
62  9.850e-001  1.324e-002  1.789e-003  1.388e-001  8.292e-001  3.203e-002 
62 1-1  4.928e-006
62 1-2 -4.619e-006  5.018e-006
62 1-3 -3.092e-007 -3.992e-007  7.085e-007
62 2-1 -1.163e-005  1.092e-005  7.155e-007  5.153e-004
62 2-2  1.207e-005 -1.505e-005  2.974e-006 -4.917e-004  6.081e-004
62 2-3 -4.398e-007  4.129e-006 -3.689e-006 -2.360e-005 -1.164e-004  1.400e-004
63  9.840e-001  1.395e-002  2.046e-003  1.331e-001  8.319e-001  3.498e-002 
63 1-1  4.980e-006
63 1-2 -4.572e-006  4.998e-006
63 1-3 -4.080e-007 -4.267e-007  8.346e-007
63 2-1 -1.093e-005  1.021e-005  7.174e-007  4.527e-004
63 2-2  1.107e-005 -1.452e-005  3.447e-006 -4.291e-004  5.570e-004
63 2-3 -1.378e-007  4.303e-006 -4.165e-006 -2.355e-005 -1.279e-004  1.514e-004
64  9.830e-001  1.471e-002  2.338e-003  1.276e-001  8.342e-001  3.818e-002 
64 1-1  5.072e-006
64 1-2 -4.549e-006  5.005e-006
64 1-3 -5.235e-007 -4.559e-007  9.795e-007
64 2-1 -1.034e-005  9.620e-006  7.232e-007  4.038e-004
64 2-2  1.014e-005 -1.410e-005  3.957e-006 -3.801e-004  5.196e-004
64 2-3  2.024e-007  4.478e-006 -4.680e-006 -2.366e-005 -1.394e-004  1.631e-004
65  9.818e-001  1.550e-002  2.673e-003  1.223e-001  8.360e-001  4.165e-002 
65 1-1  5.221e-006
65 1-2 -4.564e-006  5.053e-006
65 1-3 -6.570e-007 -4.883e-007  1.145e-006
65 2-1 -9.876e-006  9.141e-006  7.349e-007  3.666e-004
65 2-2  9.301e-006 -1.380e-005  4.500e-006 -3.426e-004  4.935e-004
65 2-3  5.752e-007  4.660e-006 -5.235e-006 -2.394e-005 -1.509e-004  1.749e-004
66  9.806e-001  1.633e-002  3.055e-003  1.172e-001  8.374e-001  4.542e-002 
66 1-1  5.446e-006
66 1-2 -4.637e-006  5.163e-006
66 1-3 -8.088e-007 -5.256e-007  1.334e-006
66 2-1 -9.540e-006  8.785e-006  7.551e-007  3.391e-004
66 2-2  8.568e-006 -1.364e-005  5.072e-006 -3.147e-004  4.770e-004
66 2-3  9.719e-007  4.856e-006 -5.827e-006 -2.437e-005 -1.623e-004  1.866e-004
67  9.793e-001  1.721e-002  3.491e-003  1.122e-001  8.384e-001  4.950e-002 
67 1-1  5.769e-006
67 1-2 -4.790e-006  5.360e-006
67 1-3 -9.791e-007 -5.707e-007  1.550e-006
67 2-1 -9.343e-006  8.556e-006  7.870e-007  3.198e-004
67 2-2  7.964e-006 -1.363e-005  5.668e-006 -2.949e-004  4.682e-004
67 2-3  1.380e-006  5.075e-006 -6.455e-006 -2.492e-005 -1.734e-004  1.983e-004
68  9.779e-001  1.813e-002  3.989e-003  1.073e-001  8.388e-001  5.391e-002 
68 1-1  6.216e-006
68 1-2 -5.049e-006  5.677e-006
68 1-3 -1.168e-006 -6.282e-007  1.796e-006
68 2-1 -9.295e-006  8.460e-006  8.347e-007  3.070e-004
68 2-2  7.512e-006 -1.379e-005  6.281e-006 -2.814e-004  4.656e-004
68 2-3  1.783e-006  5.333e-006 -7.115e-006 -2.559e-005 -1.841e-004  2.097e-004
69  9.763e-001  1.911e-002  4.558e-003  1.026e-001  8.387e-001  5.868e-002 
69 1-1  6.819e-006
69 1-2 -5.446e-006  6.150e-006
69 1-3 -1.374e-006 -7.043e-007  2.078e-006
69 2-1 -9.403e-006  8.500e-006  9.031e-007  2.995e-004
69 2-2  7.244e-006 -1.415e-005  6.905e-006 -2.732e-004  4.677e-004
69 2-3  2.159e-006  5.648e-006 -7.808e-006 -2.635e-005 -1.946e-004  2.209e-004
70  9.747e-001  2.012e-002  5.207e-003  9.803e-002  8.381e-001  6.383e-002 
70 1-1  7.615e-006
70 1-2 -6.019e-006  6.827e-006
70 1-3 -1.596e-006 -8.085e-007  2.405e-006
70 2-1 -9.677e-006  8.678e-006  9.986e-007  2.960e-004
70 2-2  7.192e-006 -1.473e-005  7.534e-006 -2.688e-004  4.735e-004
70 2-3  2.484e-006  6.048e-006 -8.532e-006 -2.719e-005 -2.047e-004  2.319e-004
71  9.729e-001  2.120e-002  5.948e-003  9.360e-002  8.370e-001  6.939e-002 
71 1-1  8.648e-006
71 1-2 -6.811e-006  7.765e-006
71 1-3 -1.837e-006 -9.537e-007  2.790e-006
71 2-1 -1.012e-005  8.996e-006  1.129e-006  2.955e-004
71 2-2  7.395e-006 -1.556e-005  8.165e-006 -2.674e-004  4.820e-004
71 2-3  2.729e-006  6.565e-006 -9.294e-006 -2.811e-005 -2.147e-004  2.428e-004
72  9.709e-001  2.232e-002  6.792e-003  8.932e-002  8.353e-001  7.538e-002 
72 1-1  9.969e-006
72 1-2 -7.872e-006  9.030e-006
72 1-3 -2.097e-006 -1.158e-006  3.256e-006
72 2-1 -1.076e-005  9.453e-006  1.302e-006  2.970e-004
72 2-2  7.892e-006 -1.669e-005  8.803e-006 -2.679e-004  4.925e-004
72 2-3  2.863e-006  7.241e-006 -1.010e-005 -2.910e-005 -2.247e-004  2.538e-004
73  9.687e-001  2.350e-002  7.756e-003  8.517e-002  8.330e-001  8.183e-002 
73 1-1  1.164e-005
73 1-2 -9.256e-006  1.070e-005
73 1-3 -2.387e-006 -1.447e-006  3.834e-006
73 2-1 -1.158e-005  1.005e-005  1.531e-006  2.998e-004
73 2-2  8.722e-006 -1.818e-005  9.457e-006 -2.696e-004  5.047e-004
73 2-3  2.856e-006  8.133e-006 -1.099e-005 -3.018e-005 -2.352e-004  2.653e-004
74  9.664e-001  2.473e-002  8.854e-003  8.116e-002  8.301e-001  8.877e-002 
74 1-1  1.375e-005
74 1-2 -1.102e-005  1.288e-005
74 1-3 -2.724e-006 -1.856e-006  4.580e-006
74 2-1 -1.260e-005  1.077e-005  1.829e-006  3.032e-004
74 2-2  9.923e-006 -2.008e-005  1.016e-005 -2.718e-004  5.186e-004
74 2-3  2.680e-006  9.306e-006 -1.199e-005 -3.136e-005 -2.468e-004  2.781e-004
75  9.639e-001  2.603e-002  1.011e-002  7.727e-002  8.265e-001  9.622e-002 
75 1-1  1.639e-005
75 1-2 -1.324e-005  1.567e-005
75 1-3 -3.143e-006 -2.430e-006  5.574e-006
75 2-1 -1.384e-005  1.163e-005  2.213e-006  3.066e-004
75 2-2  1.152e-005 -2.247e-005  1.095e-005 -2.739e-004  5.344e-004
75 2-3  2.321e-006  1.084e-005 -1.316e-005 -3.267e-005 -2.604e-004  2.931e-004
76  9.611e-001  2.739e-002  1.153e-002  7.351e-002  8.223e-001  1.042e-001 
76 1-1  1.969e-005
76 1-2 -1.598e-005  1.922e-005
76 1-3 -3.709e-006 -3.234e-006  6.943e-006
76 2-1 -1.530e-005  1.260e-005  2.702e-006  3.096e-004
76 2-2  1.352e-005 -2.545e-005  1.193e-005 -2.755e-004  5.529e-004
76 2-3  1.780e-006  1.285e-005 -1.463e-005 -3.417e-005 -2.774e-004  3.116e-004
77  9.580e-001  2.881e-002  1.315e-002  6.987e-002  8.174e-001  1.128e-001 
77 1-1  2.384e-005
77 1-2 -1.931e-005  2.367e-005
77 1-3 -4.528e-006 -4.353e-006  8.880e-006
77 2-1 -1.701e-005  1.369e-005  3.321e-006  3.119e-004
77 2-2  1.591e-005 -2.913e-005  1.321e-005 -2.760e-004  5.754e-004
77 2-3  1.093e-006  1.544e-005 -1.653e-005 -3.591e-005 -2.993e-004  3.353e-004
78  9.547e-001  3.029e-002  1.500e-002  6.635e-002  8.118e-001  1.219e-001 
78 1-1  2.907e-005
78 1-2 -2.330e-005  2.920e-005
78 1-3 -5.775e-006 -5.900e-006  1.168e-005
78 2-1 -1.896e-005  1.487e-005  4.099e-006  3.132e-004
78 2-2  1.863e-005 -3.364e-005  1.501e-005 -2.752e-004  6.036e-004
78 2-3  3.393e-007  1.877e-005 -1.911e-005 -3.800e-005 -3.284e-004  3.664e-004
79  9.511e-001  3.184e-002  1.710e-002  6.294e-002  8.054e-001  1.317e-001 
79 1-1  3.573e-005
79 1-2 -2.799e-005  3.602e-005
79 1-3 -7.731e-006 -8.027e-006  1.576e-005
79 2-1 -2.120e-005  1.613e-005  5.071e-006  3.132e-004
79 2-2  2.153e-005 -3.913e-005  1.760e-005 -2.727e-004  6.401e-004
79 2-3 -3.325e-007  2.301e-005 -2.268e-005 -4.051e-005 -3.674e-004  4.079e-004
80  9.471e-001  3.345e-002  1.949e-002  5.966e-002  7.983e-001  1.421e-001 
80 1-1  4.427e-005
80 1-2 -3.345e-005  4.438e-005
80 1-3 -1.083e-005 -1.093e-005  2.176e-005
80 2-1 -2.373e-005  1.745e-005  6.276e-006  3.119e-004
80 2-2  2.441e-005 -4.581e-005  2.141e-005 -2.683e-004  6.878e-004
80 2-3 -6.800e-007  2.836e-005 -2.768e-005 -4.359e-005 -4.196e-004  4.632e-004
81  9.427e-001  3.513e-002  2.219e-002  5.648e-002  7.904e-001  1.531e-001 
81 1-1  5.538e-005
81 1-2 -3.966e-005  5.455e-005
81 1-3 -1.571e-005 -1.488e-005  3.060e-005
81 2-1 -2.658e-005  1.882e-005  7.762e-006  3.091e-004
81 2-2  2.691e-005 -5.388e-005  2.697e-005 -2.617e-004  7.507e-004
81 2-3 -3.337e-007  3.507e-005 -3.473e-005 -4.737e-005 -4.890e-004  5.363e-004
82  9.378e-001  3.688e-002  2.527e-002  5.341e-002  7.817e-001  1.648e-001 
82 1-1  6.998e-005
82 1-2 -4.662e-005  6.684e-005
82 1-3 -2.337e-005 -2.022e-005  4.359e-005
82 2-1 -2.979e-005  2.020e-005  9.584e-006  3.048e-004
82 2-2  2.854e-005 -6.361e-005  3.506e-005 -2.528e-004  8.331e-004
82 2-3  1.243e-006  4.341e-005 -4.465e-005 -5.200e-005 -5.803e-004  6.323e-004
83  9.326e-001  3.870e-002  2.875e-002  5.045e-002  7.723e-001  1.773e-001 
83 1-1  8.940e-005
83 1-2 -5.421e-005  8.162e-005
83 1-3 -3.520e-005 -2.741e-005  6.261e-005
83 2-1 -3.338e-005  2.158e-005  1.181e-005  2.992e-004
83 2-2  2.858e-005 -7.527e-005  4.669e-005 -2.415e-004  9.405e-004
83 2-3  4.800e-006  5.369e-005 -5.849e-005 -5.763e-005 -6.989e-004  7.566e-004
84  9.267e-001  4.058e-002  3.270e-002  4.760e-002  7.620e-001  1.904e-001 
84 1-1  1.155e-004
84 1-2 -6.225e-005  9.928e-005
84 1-3 -5.325e-005 -3.703e-005  9.028e-005
84 2-1 -3.741e-005  2.292e-005  1.450e-005  2.921e-004
84 2-2  2.606e-005 -8.921e-005  6.315e-005 -2.277e-004  1.079e-003
84 2-3  1.135e-005  6.629e-005 -7.765e-005 -6.443e-005 -8.509e-004  9.153e-004
85  9.203e-001  4.252e-002  3.716e-002  4.485e-002  7.509e-001  2.042e-001 
85 1-1  1.508e-004
85 1-2 -7.043e-005  1.203e-004
85 1-3 -8.040e-005 -4.985e-005  1.303e-004
85 2-1 -4.192e-005  2.419e-005  1.773e-005  2.838e-004
85 2-2  1.967e-005 -1.058e-004  8.614e-005 -2.112e-004  1.254e-003
85 2-3  2.225e-005  8.162e-005 -1.039e-004 -7.255e-005 -1.043e-003  1.115e-003
86  9.133e-001  4.452e-002  4.220e-002  4.221e-002  7.390e-001  2.188e-001 
86 1-1  1.990e-004
86 1-2 -7.827e-005  1.452e-004
86 1-3 -1.207e-004 -6.688e-005  1.876e-004
86 2-1 -4.696e-005  2.535e-005  2.161e-005  2.743e-004
86 2-2  7.740e-006 -1.255e-004  1.177e-004 -1.922e-004  1.473e-003
86 2-3  3.922e-005  1.001e-004 -1.394e-004 -8.212e-005 -1.281e-003  1.363e-003
87  9.055e-001  4.658e-002  4.788e-002  3.966e-002  7.262e-001  2.341e-001 
87 1-1  2.647e-004
87 1-2 -8.505e-005  1.744e-004
87 1-3 -1.796e-004 -8.939e-005  2.690e-004
87 2-1 -5.258e-005  2.637e-005  2.621e-005  2.638e-004
87 2-2 -1.185e-005 -1.487e-004  1.606e-004 -1.705e-004  1.744e-003
87 2-3  6.444e-005  1.223e-004 -1.868e-004 -9.325e-005 -1.574e-003  1.667e-003
88  8.970e-001  4.869e-002  5.428e-002  3.722e-002  7.127e-001  2.501e-001 
88 1-1  3.544e-004
88 1-2 -8.976e-005  2.088e-004
88 1-3 -2.647e-004 -1.190e-004  3.837e-004
88 2-1 -5.886e-005  2.722e-005  3.164e-005  2.523e-004
88 2-2 -4.172e-005 -1.760e-004  2.178e-004 -1.463e-004  2.073e-003
88 2-3  1.006e-004  1.488e-004 -2.494e-004 -1.060e-004 -1.926e-003  2.032e-003
89  8.877e-001  5.084e-002  6.147e-002  3.487e-002  6.984e-001  2.667e-001 
89 1-1  4.768e-004
89 1-2 -9.099e-005  2.489e-004
89 1-3 -3.858e-004 -1.579e-004  5.437e-004
89 2-1 -6.583e-005  2.784e-005  3.798e-005  2.402e-004
89 2-2 -8.503e-005 -2.081e-004  2.931e-004 -1.198e-004  2.466e-003
89 2-3  1.509e-004  1.802e-004 -3.311e-004 -1.204e-004 -2.346e-003  2.467e-003
90  8.775e-001  5.302e-002  6.953e-002  3.263e-002  6.833e-001  2.841e-001 
90 1-1  6.429e-004
90 1-2 -8.685e-005  2.955e-004
90 1-3 -5.561e-004 -2.087e-004  7.648e-004
90 2-1 -7.355e-005  2.821e-005  4.534e-005  2.275e-004
90 2-2 -1.455e-004 -2.454e-004  3.908e-004 -9.118e-005  2.929e-003
90 2-3  2.190e-004  2.172e-004 -4.362e-004 -1.364e-004 -2.838e-003  2.974e-003