
#****** ******
# DKMadl.txt
#IMaCh version 0.99r45, April 2023,INED-EUROREVES-Institut de longevite-Japan Society for the Promotion of Science (Grant-in-Aid for Scientific Research 25293121), Intel Software 2015-2020, Nihon University 2021-202, INED 2000-2022
#$Revision: 1.353 $ $Date: 2023/05/08 18:48:22 $
# Tue Feb 04 22:03:38 2025
# Health expectancies with standard errors
# Age e11 (SE) e12 (SE) e1.  e21 (SE) e22 (SE) e2. 
 50   27.6869 (0.9418)    2.6472 (0.3284)   30.3341 (0.9263)   24.3463 (1.6050)    4.4543 (0.6314)   28.8006 (1.4736)
 51   26.7600 (0.9327)    2.6195 (0.3253)   29.3795 (0.9177)   23.2347 (1.6041)    4.4706 (0.6198)   27.7053 (1.4949)
 52   25.8409 (0.9231)    2.5897 (0.3221)   28.4307 (0.9085)   22.1250 (1.5987)    4.4830 (0.6080)   26.6080 (1.5129)
 53   24.9304 (0.9132)    2.5579 (0.3190)   27.4884 (0.8987)   21.0192 (1.5884)    4.4907 (0.5962)   25.5099 (1.5271)
 54   24.0294 (0.9028)    2.5239 (0.3159)   26.5533 (0.8884)   19.9192 (1.5732)    4.4933 (0.5847)   24.4125 (1.5367)
 55   23.1385 (0.8922)    2.4877 (0.3128)   25.6261 (0.8777)   18.8276 (1.5529)    4.4900 (0.5736)   23.3176 (1.5411)
 56   22.2587 (0.8812)    2.4491 (0.3097)   24.7078 (0.8664)   17.7469 (1.5276)    4.4805 (0.5632)   22.2273 (1.5400)
 57   21.3908 (0.8700)    2.4082 (0.3066)   23.7990 (0.8548)   16.6799 (1.4977)    4.4640 (0.5536)   21.1439 (1.5330)
 58   20.5357 (0.8587)    2.3649 (0.3035)   22.9006 (0.8429)   15.6299 (1.4634)    4.4401 (0.5447)   20.0700 (1.5198)
 59   19.6944 (0.8472)    2.3192 (0.3004)   22.0136 (0.8308)   14.5998 (1.4252)    4.4085 (0.5364)   19.0083 (1.5005)
 60   18.8678 (0.8357)    2.2711 (0.2974)   21.1389 (0.8186)   13.5931 (1.3838)    4.3688 (0.5286)   17.9618 (1.4752)
 61   18.0566 (0.8241)    2.2208 (0.2943)   20.2774 (0.8063)   12.6129 (1.3396)    4.3207 (0.5209)   16.9335 (1.4440)
 62   17.2618 (0.8127)    2.1681 (0.2912)   19.4299 (0.7942)   11.6625 (1.2934)    4.2641 (0.5132)   15.9265 (1.4074)
 63   16.4843 (0.8013)    2.1132 (0.2881)   18.5975 (0.7823)   10.7449 (1.2456)    4.1990 (0.5051)   14.9439 (1.3659)
 64   15.7246 (0.7901)    2.0563 (0.2850)   17.7809 (0.7709)    9.8631 (1.1968)    4.1256 (0.4963)   13.9887 (1.3201)
 65   14.9837 (0.7792)    1.9974 (0.2819)   16.9811 (0.7599)    9.0195 (1.1475)    4.0441 (0.4865)   13.0636 (1.2705)
 66   14.2621 (0.7686)    1.9367 (0.2787)   16.1988 (0.7496)    8.2165 (1.0979)    3.9548 (0.4756)   12.1713 (1.2180)
 67   13.5603 (0.7583)    1.8744 (0.2757)   15.4347 (0.7400)    7.4558 (1.0482)    3.8583 (0.4635)   11.3142 (1.1633)
 68   12.8790 (0.7484)    1.8107 (0.2726)   14.6897 (0.7314)    6.7389 (0.9987)    3.7552 (0.4502)   10.4942 (1.1070)
 69   12.2184 (0.7389)    1.7458 (0.2696)   13.9642 (0.7237)    6.0668 (0.9493)    3.6462 (0.4357)    9.7129 (1.0498)
 70   11.5789 (0.7299)    1.6800 (0.2666)   13.2589 (0.7171)    5.4398 (0.9001)    3.5319 (0.4204)    8.9717 (0.9925)
 71   10.9607 (0.7215)    1.6134 (0.2636)   12.5741 (0.7117)    4.8581 (0.8511)    3.4133 (0.4043)    8.2714 (0.9358)
 72   10.3640 (0.7136)    1.5464 (0.2607)   11.9104 (0.7075)    4.3212 (0.8024)    3.2911 (0.3880)    7.6123 (0.8800)
 73    9.7888 (0.7064)    1.4791 (0.2578)   11.2680 (0.7045)    3.8283 (0.7540)    3.1663 (0.3717)    6.9946 (0.8259)
 74    9.2351 (0.6997)    1.4119 (0.2550)   10.6471 (0.7027)    3.3780 (0.7060)    3.0398 (0.3559)    6.4178 (0.7738)
 75    8.7028 (0.6937)    1.3451 (0.2522)   10.0479 (0.7022)    2.9690 (0.6585)    2.9123 (0.3409)    5.8813 (0.7241)
 76    8.1918 (0.6884)    1.2787 (0.2493)    9.4705 (0.7028)    2.5992 (0.6117)    2.7847 (0.3271)    5.3839 (0.6772)
 77    7.7018 (0.6837)    1.2132 (0.2465)    8.9150 (0.7046)    2.2668 (0.5659)    2.6578 (0.3147)    4.9245 (0.6333)
 78    7.2326 (0.6797)    1.1487 (0.2436)    8.3813 (0.7073)    1.9693 (0.5212)    2.5323 (0.3039)    4.5015 (0.5925)
 79    6.7838 (0.6762)    1.0854 (0.2406)    7.8692 (0.7109)    1.7044 (0.4780)    2.4088 (0.2947)    4.1132 (0.5549)
 80    6.3552 (0.6733)    1.0235 (0.2376)    7.3787 (0.7151)    1.4698 (0.4363)    2.2879 (0.2873)    3.7577 (0.5206)
 81    5.9463 (0.6707)    0.9633 (0.2344)    6.9096 (0.7198)    1.2629 (0.3965)    2.1702 (0.2813)    3.4331 (0.4895)
 82    5.5568 (0.6685)    0.9048 (0.2311)    6.4615 (0.7249)    1.0814 (0.3586)    2.0560 (0.2767)    3.1374 (0.4613)
 83    5.1862 (0.6664)    0.8482 (0.2277)    6.0344 (0.7299)    0.9228 (0.3230)    1.9457 (0.2731)    2.8685 (0.4360)
 84    4.8342 (0.6643)    0.7936 (0.2242)    5.6278 (0.7347)    0.7849 (0.2895)    1.8396 (0.2703)    2.6245 (0.4134)
 85    4.5002 (0.6620)    0.7412 (0.2204)    5.2414 (0.7390)    0.6655 (0.2585)    1.7379 (0.2680)    2.4034 (0.3930)
 86    4.1840 (0.6593)    0.6909 (0.2165)    4.8749 (0.7425)    0.5625 (0.2297)    1.6407 (0.2659)    2.2032 (0.3747)
 87    3.8849 (0.6560)    0.6430 (0.2125)    4.5279 (0.7450)    0.4741 (0.2034)    1.5481 (0.2639)    2.0222 (0.3582)
 88    3.6027 (0.6520)    0.5973 (0.2083)    4.2000 (0.7462)    0.3985 (0.1793)    1.4602 (0.2616)    1.8587 (0.3431)
 89    3.3367 (0.6469)    0.5539 (0.2039)    3.8906 (0.7458)    0.3341 (0.1575)    1.3770 (0.2590)    1.7111 (0.3293)
 90    3.0866 (0.6407)    0.5129 (0.1993)    3.5995 (0.7436)    0.2794 (0.1379)    1.2983 (0.2560)    1.5777 (0.3165)
