
#****** ******
# DKMadl.txt
#IMaCh version 0.99r45, April 2023,INED-EUROREVES-Institut de longevite-Japan Society for the Promotion of Science (Grant-in-Aid for Scientific Research 25293121), Intel Software 2015-2020, Nihon University 2021-202, INED 2000-2022
#$Revision: 1.353 $ $Date: 2023/05/08 18:48:22 $
# Tue Feb 04 22:03:38 2025
# Variance and covariance of health expectancies e.j 
#  (weighted average of eij where weights are the age specific period (stable) prevalences in each health state 
# Age Cov(e.1, e.1) Cov(e.1, e.2) Cov(e.2, e.1) Cov(e.2, e.2)
50  0.9091 -0.0755 -0.0755 0.1133
51  0.8935 -0.0739 -0.0739 0.1114
52  0.8772 -0.0725 -0.0725 0.1095
53  0.8602 -0.0711 -0.0711 0.1077
54  0.8427 -0.0699 -0.0699 0.1059
55  0.8247 -0.0688 -0.0688 0.1041
56  0.8063 -0.0679 -0.0679 0.1024
57  0.7876 -0.0671 -0.0671 0.1007
58  0.7686 -0.0666 -0.0666 0.0990
59  0.7496 -0.0661 -0.0661 0.0974
60  0.7305 -0.0658 -0.0658 0.0958
61  0.7117 -0.0657 -0.0657 0.0943
62  0.6931 -0.0656 -0.0656 0.0928
63  0.6748 -0.0656 -0.0656 0.0913
64  0.6571 -0.0657 -0.0657 0.0898
65  0.6399 -0.0657 -0.0657 0.0884
66  0.6233 -0.0657 -0.0657 0.0869
67  0.6074 -0.0655 -0.0655 0.0854
68  0.5922 -0.0652 -0.0652 0.0840
69  0.5776 -0.0646 -0.0646 0.0825
70  0.5637 -0.0637 -0.0637 0.0810
71  0.5503 -0.0626 -0.0626 0.0795
72  0.5374 -0.0611 -0.0611 0.0779
73  0.5250 -0.0592 -0.0592 0.0764
74  0.5129 -0.0570 -0.0570 0.0749
75  0.5012 -0.0545 -0.0545 0.0733
76  0.4897 -0.0516 -0.0516 0.0718
77  0.4786 -0.0486 -0.0486 0.0703
78  0.4678 -0.0453 -0.0453 0.0688
79  0.4573 -0.0419 -0.0419 0.0673
80  0.4472 -0.0385 -0.0385 0.0658
81  0.4375 -0.0350 -0.0350 0.0643
82  0.4283 -0.0316 -0.0316 0.0628
83  0.4196 -0.0283 -0.0283 0.0613
84  0.4112 -0.0252 -0.0252 0.0597
85  0.4027 -0.0226 -0.0226 0.0594
86  0.3955 -0.0196 -0.0196 0.0566
87  0.3878 -0.0172 -0.0172 0.0549
88  0.3801 -0.0150 -0.0150 0.0532
89  0.3714 -0.0139 -0.0139 0.0527
90  0.3635 -0.0117 -0.0117 0.0496
