# Powell
# iter -2*LL p12 p13 p21 p23
1 1 19384.040311613007 1 0.000000000000 0.000000000000 0.000000000000 0.000000000000 0.000000000000 0.000000000000 0.000000000000 0.000000000000
2 2 5706.734296755159 3 7.520472015445 0.003115312671 -0.261534086391 -0.002874560743 2.850197337841 -0.000896667239 -1.469792927164 0.003080015742
3 2 5106.760392559348 6 3.306559759194 0.001509134766 -1.483466998176 0.001957893987 2.427701581508 -0.002286417917 -2.830766702404 0.007400227164
4 3 4940.142548277562 8 2.640333322510 0.000114914290 -2.375994447978 0.006534168385 2.049912723931 -0.004676542919 -3.655876609856 0.012047336700
5 3 4291.077503890047 10 -1.046445809067 -0.026070502019 -15.012092683409 0.099988993092 1.415055860550 -0.064741110750 -12.515813636047 0.088882659746
6 4 4065.750655884227 13 -1.401097425192 -0.024684979054 -15.130693169179 0.124532814849 1.467372379198 -0.065134986593 -12.701912921902 0.106068370670
7 4 4023.923813112956 15 -2.764842078243 -0.004392793058 -16.823160575039 0.154935025385 1.798416580001 -0.070030104546 -13.958203236496 0.120768798290
8 5 3998.561206141478 17 -3.507488364147 0.006141353904 -17.785170334781 0.162207959761 1.921185011469 -0.072328946453 -14.594506574978 0.128688920674
9 5 3981.677644490919 19 -4.488914960403 0.022196783762 -19.104686052739 0.169761717949 2.056735296456 -0.074264250180 -15.423438337466 0.138808443574
10 6 3977.604413082990 21 -4.524507563944 0.022447170736 -19.089588348973 0.167496487325 1.959236721455 -0.072962456300 -15.356407692303 0.138034290300
11 6 3924.462655760803 23 -5.259328666301 0.032958762988 -17.846464398206 0.130140717786 -0.949558254134 -0.029903129318 -13.101483037546 0.113656320979
12 7 3908.057930950125 25 -6.240131917399 0.046538832213 -18.635516482544 0.142760146822 -1.392559724887 -0.024804401188 -13.417189540679 0.116731649578
13 7 3902.036957077102 27 -6.643831382328 0.052801159753 -18.731461435622 0.156329541283 -1.720134083613 -0.021306166486 -13.350574089864 0.114858011186
14 8 3898.971383131278 29 -6.516433368818 0.050732537308 -18.316942810535 0.156948644358 -1.821237861332 -0.019349685728 -13.044253894326 0.111331561471
15 8 3898.361924323785 30 -6.492971966159 0.050322705551 -18.194281575229 0.157902274916 -1.760004560108 -0.019654323519 -12.982883967830 0.110624982614
16 9 3898.158596154298 30 -6.571415850982 0.051383783926 -18.238990640649 0.158548133535 -1.761256056328 -0.019675431797 -12.996205494124 0.110760000843
17 9 3897.723966129562 31 -6.742977441500 0.053401377228 -18.230388932279 0.158055762990 -1.752673775530 -0.019949103703 -12.926165099705 0.109951804757
18 10 3897.426848428012 32 -6.733375327448 0.053277791861 -18.149616349979 0.156569863784 -1.746670359684 -0.019945352039 -12.845985307709 0.108999732918
19 10 3895.373310316246 33 -6.810099174268 0.054841488760 -17.206060030180 0.144759981645 -1.618311049623 -0.021647228773 -11.858146780820 0.097373611923
20 11 3895.241249001883 34 -6.737877538746 0.053737520737 -17.148010622999 0.143829329789 -1.542515108985 -0.022808795859 -11.843710036869 0.097145981505
21 11 3895.207825354077 35 -6.711565317895 0.053316371124 -17.117622324408 0.143393202257 -1.509349118823 -0.023317266333 -11.835318431840 0.097040808061
22 12 3895.158892522385 36 -6.656381016465 0.052429077033 -17.032201199190 0.142224775855 -1.435318502999 -0.024452932593 -11.822076812674 0.096869449147
23 12 3895.120787286885 36 -6.655722049747 0.052416240820 -17.015138826575 0.142007298992 -1.434809219805 -0.024460408451 -11.821785077458 0.096971577180
24 13 3892.983803129301 37 -6.668079398830 0.052358762510 -15.201996661843 0.124193096650 -1.562211080728 -0.023302797702 -11.995476780743 0.098793822580
25 13 3890.911810425921 38 -6.716278683605 0.053059467124 -14.280104068544 0.111602995230 -1.533846943625 -0.023558144935 -12.168246563207 0.100928668428
26 14 3887.002241532695 39 -6.880001686418 0.055813342797 -10.558004649260 0.059287743547 -1.523398296966 -0.023055318031 -12.906628640016 0.109990624827
27 14 3886.563557300689 40 -6.950638391855 0.056929578326 -10.200401080790 0.050677060719 -1.562563330008 -0.022450769225 -12.926102582155 0.110268183766
28 15 3886.465957566959 41 -6.904156304728 0.056239173339 -9.656795436640 0.041729351263 -1.598299150502 -0.022027964915 -12.851663675653 0.109390101287
29 15 3886.451462619527 42 -6.898920629633 0.056102939651 -9.608383580907 0.041084959786 -1.570843458434 -0.022460562860 -12.852006639547 0.109410855070
30 16 3886.449626248929 43 -6.898767382836 0.056095957907 -9.587760007957 0.040730799032 -1.564682061270 -0.022565749357 -12.852700589401 0.109432730885
31 16 3886.449241720614 -16 -6.899382761836 0.056104923181 -9.578053361977 0.040560823959 -1.563048323894 -0.022597449798 -12.853632922773 0.109448808244
32 17 3886.449161424760 -16 -6.899778243337 0.056110906161 -9.573503095631 0.040481535485 -1.562476121592 -0.022609516995 -12.854185627409 0.109457340465
33 17 3886.449145013987 -15 -6.899975765941 0.056113907745 -9.571408007280 0.040445101359 -1.562239057503 -0.022614668279 -12.854453358359 0.109461362976
34 18 3886.449141701989 -14 -6.900066922518 0.056115294113 -9.570452752808 0.040428492514 -1.562134794790 -0.022616949007 -12.854574754540 0.109463178740
35 18 3886.449141034266 -12 -6.900109171683 0.056115937686 -9.570020492969 0.040420979452 -1.562087755776 -0.022617974066 -12.854629393601 0.109463995359
36 19 3886.449140900627 -11 -6.900127778573 0.056116221269 -9.569826924871 0.040417593072 -1.562066556965 -0.022618434230 -12.854652300257 0.109464345161
37 19 3886.449140874087 -10 -6.900136168604 0.056116348815 -9.569742483947 0.040416120949 -1.562056771475 -0.022618644548 -12.854664118089 0.109464515471
38 20 3886.449140868754 -9 -6.900140092699 0.056116408513 -9.569699845256 0.040415387554 -1.562053298740 -0.022618724752 -12.854669899801 0.109464600017
39 20 3886.449140867630 -7 -6.900142166151 0.056116440266 -9.569681283272 0.040415065232 -1.562051452464 -0.022618765885 -12.854669014004 0.109464595498
40 21 3886.449140867389 -5 -6.900142573759 0.056116447511 -9.569670860906 0.040414882505 -1.562049416128 -0.022618799017 -12.854670406484 0.109464618531
41 21 3886.449140867380 -4 -6.900143500394 0.056116458192 -9.569671122868 0.040414883650 -1.562049410643 -0.022618799977 -12.854670342121 0.109464617863
42 22 3886.449140867373 -2 -6.900143118787 0.056116452877 -9.569664269447 0.040414767726 -1.562049843418 -0.022618794939 -12.854669522469 0.109464608273
43 22 3886.449140867352 0 -6.900144077013 0.056116467963 -9.569667217239 0.040414820459 -1.562049914125 -0.022618794566 -12.854670132631 0.109464614687
44 23 3886.449140867348 2 -6.900144062324 0.056116467715 -9.569667553810 0.040414825193 -1.562049915156 -0.022618794610 -12.854670065864 0.109464613867
