# PLFsr.txt
#IMaCh version 0.99r45, April 2023,INED-EUROREVES-Institut de longevite-Japan Society for the Promotion of Science (Grant-in-Aid for Scientific Research 25293121), Intel Software 2015-2020, Nihon University 2021-202, INED 2000-2022
#$Revision: 1.353 $ $Date: 2023/05/08 18:48:22 $
# Tue Feb 04 22:13:35 2025
# Forward period (stable) prevalence. Precision given by ftolpl=0.0006 
#Age 1-1 2-2 
#************
#Age   1-1     2-2   Total Years_to_converge
50  0.72335 0.27678 1.000 19
51  0.71191 0.28823 1.000 19
52  0.70019 0.29997 1.000 19
53  0.68820 0.31198 1.000 19
54  0.67595 0.32421 1.000 19
55  0.66345 0.33671 1.000 19
56  0.65073 0.34945 1.000 19
57  0.63779 0.36240 1.000 19
58  0.62466 0.37555 1.000 19
59  0.61135 0.38887 1.000 19
60  0.59789 0.40234 1.000 19
61  0.58430 0.41595 1.000 19
62  0.57059 0.42962 1.000 20
63  0.55680 0.44341 1.000 20
64  0.54296 0.45726 1.000 20
65  0.52908 0.47115 1.000 20
66  0.51520 0.48503 1.000 20
67  0.50136 0.49894 1.000 19
68  0.48754 0.51270 1.000 20
69  0.47381 0.52643 1.000 20
70  0.46018 0.54006 1.000 20
71  0.44669 0.55355 1.000 20
72  0.43336 0.56688 1.000 20
73  0.42021 0.58003 1.000 20
74  0.40727 0.59296 1.000 20
75  0.39456 0.60566 1.000 20
76  0.38210 0.61811 1.000 20
77  0.36992 0.63028 1.000 20
78  0.35803 0.64216 1.000 20
79  0.34646 0.65373 1.000 20
80  0.33521 0.66496 1.000 20
81  0.32431 0.67586 1.000 20
82  0.31376 0.68640 1.000 20
83  0.30359 0.69659 1.000 19
84  0.29378 0.70638 1.000 19
85  0.28436 0.71579 1.000 19
86  0.27533 0.72482 1.000 19
87  0.26669 0.73345 1.000 19
88  0.25846 0.74169 1.000 19
89  0.25062 0.74952 1.000 19
90  0.24319 0.75694 1.000 19
