
#****** ******
# PLFsr.txt
#IMaCh version 0.99r45, April 2023,INED-EUROREVES-Institut de longevite-Japan Society for the Promotion of Science (Grant-in-Aid for Scientific Research 25293121), Intel Software 2015-2020, Nihon University 2021-202, INED 2000-2022
#$Revision: 1.353 $ $Date: 2023/05/08 18:48:22 $
# Tue Feb 04 22:13:35 2025
# Health expectancies with standard errors
# Age e11 (SE) e12 (SE) e1.  e21 (SE) e22 (SE) e2. 
 50   15.8786 (0.9117)   13.8337 (1.0184)   29.7123 (1.2525)   13.4118 (1.0237)   15.9902 (1.1357)   29.4020 (1.3458)
 51   15.2277 (0.8850)   13.5602 (0.9948)   28.7879 (1.2311)   12.7432 (0.9844)   15.7121 (1.1147)   28.4553 (1.3355)
 52   14.5917 (0.8600)   13.2790 (0.9731)   27.8707 (1.2094)   12.0913 (0.9468)   15.4237 (1.0961)   27.5150 (1.3246)
 53   13.9708 (0.8368)   12.9905 (0.9532)   26.9613 (1.1873)   11.4566 (0.9109)   15.1250 (1.0793)   26.5816 (1.3130)
 54   13.3655 (0.8152)   12.6949 (0.9349)   26.0603 (1.1649)   10.8395 (0.8768)   14.8163 (1.0640)   25.6559 (1.3005)
 55   12.7759 (0.7953)   12.3924 (0.9181)   25.1683 (1.1424)   10.2404 (0.8444)   14.4980 (1.0498)   24.7384 (1.2869)
 56   12.2023 (0.7769)   12.0836 (0.9025)   24.2859 (1.1197)    9.6595 (0.8135)   14.1704 (1.0361)   23.8299 (1.2720)
 57   11.6450 (0.7600)   11.7688 (0.8881)   23.4139 (1.0971)    9.0973 (0.7842)   13.8340 (1.0225)   22.9312 (1.2555)
 58   11.1043 (0.7443)   11.4485 (0.8746)   22.5527 (1.0745)    8.5539 (0.7563)   13.4891 (1.0087)   22.0430 (1.2375)
 59   10.5801 (0.7299)   11.1231 (0.8620)   21.7033 (1.0522)    8.0297 (0.7297)   13.1365 (0.9941)   21.1662 (1.2177)
 60   10.0729 (0.7164)   10.7933 (0.8500)   20.8662 (1.0303)    7.5248 (0.7042)   12.7767 (0.9785)   20.3014 (1.1960)
 61    9.5825 (0.7038)   10.4596 (0.8386)   20.0421 (1.0090)    7.0393 (0.6797)   12.4103 (0.9615)   19.4496 (1.1725)
 62    9.1091 (0.6920)   10.1226 (0.8276)   19.2318 (0.9884)    6.5734 (0.6561)   12.0382 (0.9430)   18.6117 (1.1470)
 63    8.6528 (0.6808)    9.7831 (0.8171)   18.4359 (0.9687)    6.1272 (0.6331)   11.6612 (0.9228)   17.7883 (1.1197)
 64    8.2136 (0.6700)    9.4416 (0.8070)   17.6552 (0.9502)    5.7005 (0.6107)   11.2800 (0.9010)   16.9805 (1.0908)
 65    7.7913 (0.6596)    9.0990 (0.7973)   16.8903 (0.9329)    5.2935 (0.5887)   10.8955 (0.8775)   16.1890 (1.0603)
 66    7.3859 (0.6495)    8.7560 (0.7881)   16.1419 (0.9171)    4.9059 (0.5671)   10.5087 (0.8524)   15.4146 (1.0285)
 67    6.9974 (0.6395)    8.4133 (0.7792)   15.4107 (0.9029)    4.5377 (0.5458)   10.1206 (0.8261)   14.6582 (0.9959)
 68    6.6255 (0.6296)    8.0718 (0.7710)   14.6973 (0.8904)    4.1886 (0.5246)    9.7320 (0.7988)   13.9205 (0.9627)
 69    6.2700 (0.6197)    7.7322 (0.7632)   14.0021 (0.8798)    3.8583 (0.5037)    9.3440 (0.7709)   13.2023 (0.9295)
 70    5.9307 (0.6099)    7.3952 (0.7561)   13.3259 (0.8710)    3.5466 (0.4829)    8.9575 (0.7430)   12.5042 (0.8968)
 71    5.6072 (0.6000)    7.0618 (0.7497)   12.6690 (0.8642)    3.2532 (0.4622)    8.5737 (0.7156)   11.8268 (0.8651)
 72    5.2994 (0.5902)    6.7326 (0.7440)   12.0320 (0.8593)    2.9775 (0.4417)    8.1934 (0.6894)   11.1709 (0.8350)
 73    5.0068 (0.5804)    6.4084 (0.7391)   11.4152 (0.8562)    2.7192 (0.4213)    7.8176 (0.6649)   10.5368 (0.8071)
 74    4.7291 (0.5707)    6.0899 (0.7348)   10.8189 (0.8550)    2.4778 (0.4012)    7.4472 (0.6428)    9.9250 (0.7818)
 75    4.4657 (0.5611)    5.7777 (0.7313)   10.2435 (0.8555)    2.2527 (0.3813)    7.0832 (0.6237)    9.3359 (0.7596)
 76    4.2164 (0.5518)    5.4726 (0.7284)    9.6890 (0.8576)    2.0434 (0.3616)    6.7263 (0.6081)    8.7697 (0.7408)
 77    3.9806 (0.5429)    5.1752 (0.7261)    9.1557 (0.8614)    1.8493 (0.3424)    6.3775 (0.5962)    8.2268 (0.7256)
 78    3.7577 (0.5344)    4.8859 (0.7244)    8.6437 (0.8667)    1.6698 (0.3234)    6.0374 (0.5882)    7.7072 (0.7139)
 79    3.5474 (0.5265)    4.6054 (0.7232)    8.1528 (0.8735)    1.5042 (0.3049)    5.7067 (0.5840)    7.2109 (0.7055)
 80    3.3491 (0.5195)    4.3340 (0.7224)    7.6831 (0.8818)    1.3519 (0.2869)    5.3860 (0.5831)    6.7379 (0.7001)
 81    3.1622 (0.5133)    4.0721 (0.7219)    7.2343 (0.8917)    1.2121 (0.2694)    5.0759 (0.5853)    6.2881 (0.6973)
 82    2.9863 (0.5083)    3.8200 (0.7217)    6.8063 (0.9031)    1.0843 (0.2524)    4.7769 (0.5897)    5.8612 (0.6963)
 83    2.8207 (0.5046)    3.5781 (0.7219)    6.3988 (0.9162)    0.9677 (0.2360)    4.4892 (0.5957)    5.4569 (0.6966)
 84    2.6649 (0.5022)    3.3464 (0.7223)    6.0114 (0.9310)    0.8617 (0.2201)    4.2132 (0.6026)    5.0749 (0.6977)
 85    2.5185 (0.5014)    3.1252 (0.7230)    5.6437 (0.9475)    0.7655 (0.2049)    3.9492 (0.6097)    4.7146 (0.6988)
 86    2.3808 (0.5023)    2.9145 (0.7239)    5.2953 (0.9660)    0.6785 (0.1904)    3.6972 (0.6165)    4.3756 (0.6995)
 87    2.2514 (0.5048)    2.7142 (0.7252)    4.9657 (0.9862)    0.6000 (0.1765)    3.4573 (0.6223)    4.0573 (0.6993)
 88    2.1298 (0.5091)    2.5244 (0.7268)    4.6542 (1.0083)    0.5295 (0.1633)    3.2295 (0.6268)    3.7590 (0.6979)
 89    2.0154 (0.5152)    2.3450 (0.7288)    4.3604 (1.0322)    0.4662 (0.1507)    3.0138 (0.6296)    3.4800 (0.6949)
 90    1.9078 (0.5228)    2.1757 (0.7311)    4.0835 (1.0577)    0.4096 (0.1388)    2.8100 (0.6305)    3.2196 (0.6902)
