
#****** ******
# PLFsr.txt
#IMaCh version 0.99r45, April 2023,INED-EUROREVES-Institut de longevite-Japan Society for the Promotion of Science (Grant-in-Aid for Scientific Research 25293121), Intel Software 2015-2020, Nihon University 2021-202, INED 2000-2022
#$Revision: 1.353 $ $Date: 2023/05/08 18:48:22 $
# Tue Feb 04 22:13:35 2025
# Standard deviation of period (forward stable) prevalences 
# Age  Result#  1-1 2-2
50 1  0.72335 (0.05521) 0.27678 (0.05526)
51 1  0.71191 (0.05402) 0.28824 (0.05407)
52 1  0.70019 (0.05269) 0.29997 (0.05275)
53 1  0.68820 (0.05123) 0.31198 (0.05129)
54 1  0.67594 (0.04966) 0.32421 (0.04970)
55 1  0.66345 (0.04796) 0.33672 (0.04801)
56 1  0.65073 (0.04618) 0.34945 (0.04623)
57 1  0.63779 (0.04432) 0.36240 (0.04437)
58 1  0.62466 (0.04241) 0.37555 (0.04247)
59 1  0.61135 (0.04048) 0.38887 (0.04054)
60 1  0.59789 (0.03857) 0.40235 (0.03863)
61 1  0.58430 (0.03869) 0.41595 (0.03400)
62 1  0.57058 (0.03498) 0.42962 (0.03503)
63 1  0.55680 (0.03339) 0.44342 (0.03345)
64 1  0.54295 (0.03202) 0.45727 (0.03207)
65 1  0.52908 (0.03092) 0.47115 (0.03097)
66 1  0.51520 (0.03013) 0.48504 (0.03018)
67 1  0.50135 (0.03352) 0.49894 (0.04033)
68 1  0.48753 (0.02963) 0.51271 (0.02968)
69 1  0.47380 (0.02994) 0.52644 (0.02997)
70 1  0.46017 (0.03057) 0.54007 (0.03060)
71 1  0.44668 (0.03150) 0.55356 (0.03152)
72 1  0.43335 (0.03266) 0.56689 (0.03267)
73 1  0.42019 (0.03399) 0.58004 (0.03399)
74 1  0.40725 (0.03544) 0.59298 (0.03543)
75 1  0.39454 (0.03696) 0.60568 (0.03693)
76 1  0.38208 (0.03849) 0.61813 (0.03845)
77 1  0.36990 (0.04000) 0.63030 (0.03996)
78 1  0.35801 (0.04146) 0.64218 (0.04141)
79 1  0.34643 (0.04285) 0.65375 (0.04279)
80 1  0.33519 (0.04416) 0.66499 (0.04410)
81 1  0.32428 (0.04540) 0.67589 (0.04533)
82 1  0.31373 (0.04656) 0.68643 (0.04650)
83 1  0.30356 (0.04769) 0.69662 (0.04760)
84 1  0.29375 (0.04880) 0.70642 (0.04871)
85 1  0.28432 (0.04994) 0.71583 (0.04985)
86 1  0.27528 (0.05119) 0.72486 (0.05110)
87 1  0.26664 (0.05262) 0.73349 (0.05254)
88 1  0.25841 (0.05435) 0.74174 (0.05426)
89 1  0.25057 (0.05648) 0.74957 (0.05639)
90 1  0.24313 (0.05915) 0.75700 (0.05906)
