# DKFchr.txt
#IMaCh version 0.99r45, April 2023,INED-EUROREVES-Institut de longevite-Japan Society for the Promotion of Science (Grant-in-Aid for Scientific Research 25293121), Intel Software 2015-2020, Nihon University 2021-202, INED 2000-2022
#$Revision: 1.353 $ $Date: 2023/05/08 18:48:22 $
# Tue Feb 04 22:21:37 2025

#****** ******
# (a) Life expectancies by health status at initial age and (b) health expectancies by health status at initial age
# Age e11  e12  e1.  e21  e22  e2. 
 50  10.8142  21.5408  32.3550   7.1117  24.8535  31.9653
 51  10.3652  21.0514  31.4166   6.6794  24.3246  31.0039
 52   9.9311  20.5532  30.4842   6.2652  23.7833  30.0485
 53   9.5117  20.0468  29.5584   5.8690  23.2306  29.0996
 54   9.1068  19.5328  28.6396   5.4905  22.6673  28.1578
 55   8.7164  19.0118  27.7282   5.1294  22.0944  27.2238
 56   8.3402  18.4846  26.8248   4.7853  21.5128  26.2982
 57   7.9779  17.9519  25.9298   4.4580  20.9236  25.3817
 58   7.6292  17.4144  25.0437   4.1471  20.3278  24.4749
 59   7.2940  16.8730  24.1670   3.8521  19.7267  23.5788
 60   6.9720  16.3283  23.3002   3.5727  19.1212  22.6939
 61   6.6627  15.7812  22.4439   3.3084  18.5126  21.8210
 62   6.3660  15.2325  21.5985   3.0587  17.9022  20.9609
 63   6.0815  14.6831  20.7646   2.8233  17.2911  20.1144
 64   5.8088  14.1338  19.9426   2.6017  16.6805  19.2822
 65   5.5475  13.5855  19.1331   2.3934  16.0718  18.4652
 66   5.2974  13.0391  18.3365   2.1979  15.4661  17.6640
 67   5.0581  12.4952  17.5533   2.0148  14.8647  16.8795
 68   4.8291  11.9549  16.7840   1.8436  14.2689  16.1124
 69   4.6100  11.4190  16.0291   1.6838  13.6797  15.3634
 70   4.4006  10.8882  15.2889   1.5349  13.0984  14.6332
 71   4.2004  10.3635  14.5639   1.3964  12.5260  13.9225
 72   4.0091   9.8455  13.8546   1.2680  11.9638  13.2318
 73   3.8262   9.3352  13.1614   1.1490  11.4126  12.5617
 74   3.6514   8.8332  12.4846   1.0392  10.8736  11.9128
 75   3.4844   8.3403  11.8247   0.9378  10.3476  11.2854
 76   3.3247   7.8574  11.1821   0.8447   9.8354  10.6801
 77   3.1722   7.3850  10.5572   0.7591   9.3379  10.0971
 78   3.0263   6.9241   9.9504   0.6809   8.8558   9.5366
 79   2.8870   6.4752   9.3622   0.6094   8.3895   8.9989
 80   2.7538   6.0391   8.7929   0.5443   7.9398   8.4841
 81   2.6267   5.6165   8.2431   0.4852   7.5069   7.9921
 82   2.5053   5.2081   7.7133   0.4316   7.0913   7.5229
 83   2.3895   4.8145   7.2040   0.3832   6.6931   7.0764
 84   2.2792   4.4365   6.7156   0.3396   6.3126   6.6523
 85   2.1742   4.0745   6.2488   0.3004   5.9498   6.2503
 86   2.0746   3.7293   5.8039   0.2653   5.6047   5.8700
 87   1.9801   3.4013   5.3814   0.2339   5.2771   5.5110
 88   1.8908   3.0910   4.9818   0.2059   4.9669   5.1728
 89   1.8068   2.7987   4.6055   0.1810   4.6738   4.8548
 90   1.7278   2.5247   4.2525   0.1589   4.3974   4.5563
