# DKFchr.txt
#IMaCh version 0.99r45, April 2023,INED-EUROREVES-Institut de longevite-Japan Society for the Promotion of Science (Grant-in-Aid for Scientific Research 25293121), Intel Software 2015-2020, Nihon University 2021-202, INED 2000-2022
#$Revision: 1.353 $ $Date: 2023/05/08 18:48:22 $
# Tue Feb 04 22:21:37 2025
#One-step probabilities and correlation matrix
# Age p1-1  p1-2  p1-3  p2-1  p2-2  p2-3 
50  7.617e-001  2.374e-001  8.188e-004  1.886e-001  8.061e-001  5.327e-003 
50 1-1  1.000e+000
50 1-2 -9.996e-001  1.000e+000
50 1-3 -3.189e-002  5.404e-003  1.000e+000
50 2-1 -1.240e-002  1.216e-002  9.348e-003  1.000e+000
50 2-2  1.309e-002 -1.290e-002 -7.443e-003 -9.970e-001  1.000e+000
50 2-3 -8.642e-003  9.303e-003 -2.480e-002 -6.037e-002 -1.701e-002  1.000e+000
51  7.543e-001  2.448e-001  9.675e-004  1.821e-001  8.120e-001  5.954e-003 
51 1-1  1.000e+000
51 1-2 -9.995e-001  1.000e+000
51 1-3 -3.434e-002  3.086e-003  1.000e+000
51 2-1 -1.255e-002  1.227e-002  8.937e-003  1.000e+000
51 2-2  1.327e-002 -1.307e-002 -6.760e-003 -9.959e-001  1.000e+000
51 2-3 -7.876e-003  8.638e-003 -2.421e-002 -5.754e-002 -3.274e-002  1.000e+000
52  7.467e-001  2.522e-001  1.143e-003  1.757e-001  8.176e-001  6.653e-003 
52 1-1  1.000e+000
52 1-2 -9.993e-001  1.000e+000
52 1-3 -3.748e-002  5.844e-004  1.000e+000
52 2-1 -1.272e-002  1.242e-002  8.520e-003  1.000e+000
52 2-2  1.347e-002 -1.325e-002 -6.036e-003 -9.945e-001  1.000e+000
52 2-3 -7.036e-003  7.912e-003 -2.360e-002 -5.505e-002 -5.030e-002  1.000e+000
53  7.389e-001  2.598e-001  1.349e-003  1.695e-001  8.230e-001  7.430e-003 
53 1-1  1.000e+000
53 1-2 -9.990e-001  1.000e+000
53 1-3 -4.144e-002 -2.142e-003  1.000e+000
53 2-1 -1.293e-002  1.259e-002  8.101e-003  1.000e+000
53 2-2  1.367e-002 -1.345e-002 -5.272e-003 -9.924e-001  1.000e+000
53 2-3 -6.116e-003  7.123e-003 -2.296e-002 -5.294e-002 -6.999e-002  1.000e+000
54  7.309e-001  2.675e-001  1.593e-003  1.635e-001  8.282e-001  8.296e-003 
54 1-1  1.000e+000
54 1-2 -9.987e-001  1.000e+000
54 1-3 -4.634e-002 -5.144e-003  1.000e+000
54 2-1 -1.318e-002  1.280e-002  7.689e-003  1.000e+000
54 2-2  1.388e-002 -1.366e-002 -4.473e-003 -9.897e-001  1.000e+000
54 2-3 -5.112e-003  6.267e-003 -2.231e-002 -5.124e-002 -9.209e-002  1.000e+000
55  7.228e-001  2.754e-001  1.879e-003  1.577e-001  8.331e-001  9.260e-003 
55 1-1  1.000e+000
55 1-2 -9.982e-001  1.000e+000
55 1-3 -5.229e-002 -8.478e-003  1.000e+000
55 2-1 -1.348e-002  1.305e-002  7.293e-003  1.000e+000
55 2-2  1.407e-002 -1.387e-002 -3.648e-003 -9.861e-001  1.000e+000
55 2-3 -4.023e-003  5.344e-003 -2.163e-002 -5.000e-002 -1.169e-001  1.000e+000
56  7.144e-001  2.833e-001  2.217e-003  1.520e-001  8.377e-001  1.033e-002 
56 1-1  1.000e+000
56 1-2 -9.974e-001  1.000e+000
56 1-3 -5.943e-002 -1.221e-002  1.000e+000
56 2-1 -1.383e-002  1.335e-002  6.927e-003  1.000e+000
56 2-2  1.425e-002 -1.407e-002 -2.813e-003 -9.812e-001  1.000e+000
56 2-3 -2.852e-003  4.358e-003 -2.093e-002 -4.925e-002 -1.447e-001  1.000e+000
57  7.060e-001  2.914e-001  2.614e-003  1.464e-001  8.421e-001  1.152e-002 
57 1-1  1.000e+000
57 1-2 -9.965e-001  1.000e+000
57 1-3 -6.781e-002 -1.641e-002  1.000e+000
57 2-1 -1.423e-002  1.370e-002  6.611e-003  1.000e+000
57 2-2  1.438e-002 -1.425e-002 -1.989e-003 -9.747e-001  1.000e+000
57 2-3 -1.611e-003  3.320e-003 -2.022e-002 -4.904e-002 -1.755e-001  1.000e+000
58  6.973e-001  2.996e-001  3.081e-003  1.410e-001  8.461e-001  1.285e-002 
58 1-1  1.000e+000
58 1-2 -9.951e-001  1.000e+000
58 1-3 -7.745e-002 -2.114e-002  1.000e+000
58 2-1 -1.469e-002  1.410e-002  6.369e-003  1.000e+000
58 2-2  1.446e-002 -1.438e-002 -1.209e-003 -9.663e-001  1.000e+000
58 2-3 -3.226e-004  2.250e-003 -1.950e-002 -4.940e-002 -2.094e-001  1.000e+000
59  6.884e-001  3.079e-001  3.629e-003  1.358e-001  8.499e-001  1.432e-002 
59 1-1  1.000e+000
59 1-2 -9.934e-001  1.000e+000
59 1-3 -8.825e-002 -2.645e-002  1.000e+000
59 2-1 -1.519e-002  1.453e-002  6.234e-003  1.000e+000
59 2-2  1.446e-002 -1.445e-002 -5.149e-004 -9.557e-001  1.000e+000
59 2-3  9.738e-004  1.183e-003 -1.878e-002 -5.033e-002 -2.459e-001  1.000e+000
60  6.794e-001  3.163e-001  4.274e-003  1.306e-001  8.534e-001  1.595e-002 
60 1-1  1.000e+000
60 1-2 -9.912e-001  1.000e+000
60 1-3 -9.996e-002 -3.235e-002  1.000e+000
60 2-1 -1.573e-002  1.497e-002  6.247e-003  1.000e+000
60 2-2  1.436e-002 -1.443e-002  4.246e-005 -9.427e-001  1.000e+000
60 2-3  2.220e-003  1.686e-004 -1.807e-002 -5.184e-002 -2.844e-001  1.000e+000
61  6.702e-001  3.248e-001  5.030e-003  1.257e-001  8.565e-001  1.777e-002 
61 1-1  1.000e+000
61 1-2 -9.886e-001  1.000e+000
61 1-3 -1.122e-001 -3.883e-002  1.000e+000
61 2-1 -1.628e-002  1.540e-002  6.452e-003  1.000e+000
61 2-2  1.418e-002 -1.432e-002  4.069e-004 -9.273e-001  1.000e+000
61 2-3  3.341e-003 -7.237e-004 -1.739e-002 -5.388e-002 -3.239e-001  1.000e+000
62  6.607e-001  3.334e-001  5.918e-003  1.209e-001  8.594e-001  1.978e-002 
62 1-1  1.000e+000
62 1-2 -9.855e-001  1.000e+000
62 1-3 -1.242e-001 -4.580e-002  1.000e+000
62 2-1 -1.682e-002  1.575e-002  6.899e-003  1.000e+000
62 2-2  1.393e-002 -1.411e-002  5.251e-004 -9.098e-001  1.000e+000
62 2-3  4.246e-003 -1.412e-003 -1.675e-002 -5.636e-002 -3.630e-001  1.000e+000
63  6.511e-001  3.419e-001  6.959e-003  1.162e-001  8.618e-001  2.201e-002 
63 1-1  1.000e+000
63 1-2 -9.822e-001  1.000e+000
63 1-3 -1.356e-001 -5.318e-002  1.000e+000
63 2-1 -1.730e-002  1.598e-002  7.636e-003  1.000e+000
63 2-2  1.367e-002 -1.385e-002  3.569e-004 -8.911e-001  1.000e+000
63 2-3  4.846e-003 -1.808e-003 -1.621e-002 -5.917e-002 -4.003e-001  1.000e+000
64  6.413e-001  3.506e-001  8.178e-003  1.116e-001  8.639e-001  2.448e-002 
64 1-1  1.000e+000
64 1-2 -9.787e-001  1.000e+000
64 1-3 -1.455e-001 -6.088e-002  1.000e+000
64 2-1 -1.770e-002  1.604e-002  8.705e-003  1.000e+000
64 2-2  1.348e-002 -1.358e-002 -1.142e-004 -8.720e-001  1.000e+000
64 2-3  5.068e-003 -1.835e-003 -1.578e-002 -6.216e-002 -4.344e-001  1.000e+000
65  6.312e-001  3.592e-001  9.605e-003  1.072e-001  8.656e-001  2.721e-002 
65 1-1  1.000e+000
65 1-2 -9.752e-001  1.000e+000
65 1-3 -1.536e-001 -6.885e-002  1.000e+000
65 2-1 -1.801e-002  1.591e-002  1.014e-002  1.000e+000
65 2-2  1.344e-002 -1.337e-002 -8.731e-004 -8.534e-001  1.000e+000
65 2-3  4.867e-003 -1.431e-003 -1.555e-002 -6.521e-002 -4.644e-001  1.000e+000
66  6.209e-001  3.678e-001  1.127e-002  1.029e-001  8.669e-001  3.024e-002 
66 1-1  1.000e+000
66 1-2 -9.719e-001  1.000e+000
66 1-3 -1.597e-001 -7.716e-002  1.000e+000
66 2-1 -1.823e-002  1.557e-002  1.195e-002  1.000e+000
66 2-2  1.360e-002 -1.329e-002 -1.871e-003 -8.362e-001  1.000e+000
66 2-3  4.234e-003 -5.596e-004 -1.559e-002 -6.818e-002 -4.901e-001  1.000e+000
67  6.104e-001  3.764e-001  1.323e-002  9.872e-002  8.677e-001  3.359e-002 
67 1-1  1.000e+000
67 1-2 -9.688e-001  1.000e+000
67 1-3 -1.638e-001 -8.594e-002  1.000e+000
67 2-1 -1.840e-002  1.503e-002  1.414e-002  1.000e+000
67 2-2  1.402e-002 -1.340e-002 -3.022e-003 -8.207e-001  1.000e+000
67 2-3  3.189e-003  7.997e-004 -1.599e-002 -7.103e-002 -5.116e-001  1.000e+000
68  5.996e-001  3.849e-001  1.550e-002  9.466e-002  8.681e-001  3.728e-002 
68 1-1  1.000e+000
68 1-2 -9.658e-001  1.000e+000
68 1-3 -1.661e-001 -9.546e-002  1.000e+000
68 2-1 -1.854e-002  1.431e-002  1.671e-002  1.000e+000
68 2-2  1.472e-002 -1.375e-002 -4.210e-003 -8.070e-001  1.000e+000
68 2-3  1.772e-003  2.657e-003 -1.690e-002 -7.371e-002 -5.295e-001  1.000e+000
69  5.886e-001  3.933e-001  1.816e-002  9.071e-002  8.679e-001  4.136e-002 
69 1-1  1.000e+000
69 1-2 -9.627e-001  1.000e+000
69 1-3 -1.669e-001 -1.060e-001  1.000e+000
69 2-1 -1.868e-002  1.345e-002  1.964e-002  1.000e+000
69 2-2  1.568e-002 -1.437e-002 -5.282e-003 -7.946e-001  1.000e+000
69 2-3  4.241e-005  5.020e-003 -1.845e-002 -7.625e-002 -5.448e-001  1.000e+000
70  5.773e-001  4.015e-001  2.125e-002  8.688e-002  8.673e-001  4.586e-002 
70 1-1  1.000e+000
70 1-2 -9.595e-001  1.000e+000
70 1-3 -1.667e-001 -1.180e-001  1.000e+000
70 2-1 -1.886e-002  1.245e-002  2.289e-002  1.000e+000
70 2-2  1.690e-002 -1.529e-002 -6.047e-003 -7.830e-001  1.000e+000
70 2-3 -1.933e-003  7.902e-003 -2.083e-002 -7.867e-002 -5.585e-001  1.000e+000
71  5.656e-001  4.095e-001  2.485e-002  8.316e-002  8.660e-001  5.081e-002 
71 1-1  1.000e+000
71 1-2 -9.557e-001  1.000e+000
71 1-3 -1.658e-001 -1.319e-001  1.000e+000
71 2-1 -1.910e-002  1.132e-002  2.640e-002  1.000e+000
71 2-2  1.832e-002 -1.654e-002 -6.280e-003 -7.714e-001  1.000e+000
71 2-3 -4.071e-003  1.132e-002 -2.420e-002 -8.103e-002 -5.717e-001  1.000e+000
72  5.537e-001  4.173e-001  2.902e-002  7.953e-002  8.642e-001  5.626e-002 
72 1-1  1.000e+000
72 1-2 -9.510e-001  1.000e+000
72 1-3 -1.649e-001 -1.480e-001  1.000e+000
72 2-1 -1.943e-002  1.006e-002  3.008e-002  1.000e+000
72 2-2  1.990e-002 -1.816e-002 -5.726e-003 -7.589e-001  1.000e+000
72 2-3 -6.269e-003  1.527e-002 -2.868e-002 -8.336e-002 -5.856e-001  1.000e+000
73  5.414e-001  4.247e-001  3.386e-002  7.601e-002  8.617e-001  6.225e-002 
73 1-1  1.000e+000
73 1-2 -9.450e-001  1.000e+000
73 1-3 -1.647e-001 -1.669e-001  1.000e+000
73 2-1 -1.987e-002  8.649e-003  3.382e-002  1.000e+000
73 2-2  2.156e-002 -2.018e-002 -4.127e-003 -7.445e-001  1.000e+000
73 2-3 -8.398e-003  1.977e-002 -3.431e-002 -8.570e-002 -6.014e-001  1.000e+000
74  5.288e-001  4.318e-001  3.946e-002  7.259e-002  8.586e-001  6.882e-002 
74 1-1  1.000e+000
74 1-2 -9.371e-001  1.000e+000
74 1-3 -1.658e-001 -1.889e-001  1.000e+000
74 2-1 -2.043e-002  7.075e-003  3.747e-002  1.000e+000
74 2-2  2.319e-002 -2.265e-002 -1.258e-003 -7.268e-001  1.000e+000
74 2-3 -1.030e-002  2.477e-002 -4.097e-002 -8.809e-002 -6.201e-001  1.000e+000
75  5.157e-001  4.384e-001  4.593e-002  6.926e-002  8.547e-001  7.601e-002 
75 1-1  1.000e+000
75 1-2 -9.263e-001  1.000e+000
75 1-3 -1.694e-001 -2.144e-001  1.000e+000
75 2-1 -2.112e-002  5.307e-003  4.089e-002  1.000e+000
75 2-2  2.466e-002 -2.559e-002  3.012e-003 -7.048e-001  1.000e+000
75 2-3 -1.181e-002  3.020e-002 -4.839e-002 -9.059e-002 -6.426e-001  1.000e+000
76  5.022e-001  4.444e-001  5.337e-002  6.603e-002  8.501e-001  8.388e-002 
76 1-1  1.000e+000
76 1-2 -9.117e-001  1.000e+000
76 1-3 -1.762e-001 -2.438e-001  1.000e+000
76 2-1 -2.198e-002  3.314e-003  4.393e-002  1.000e+000
76 2-2  2.580e-002 -2.904e-002  8.672e-003 -6.773e-001  1.000e+000
76 2-3 -1.272e-002  3.595e-002 -5.609e-002 -9.325e-002 -6.694e-001  1.000e+000
77  4.883e-001  4.498e-001  6.192e-002  6.288e-002  8.446e-001  9.248e-002 
77 1-1  1.000e+000
77 1-2 -8.917e-001  1.000e+000
77 1-3 -1.874e-001 -2.775e-001  1.000e+000
77 2-1 -2.300e-002  1.062e-003  4.652e-002  1.000e+000
77 2-2  2.642e-002 -3.299e-002  1.553e-002 -6.432e-001  1.000e+000
77 2-3 -1.290e-002  4.190e-002 -6.355e-002 -9.619e-002 -7.003e-001  1.000e+000
78  4.739e-001  4.544e-001  7.170e-002  5.982e-002  8.383e-001  1.018e-001 
78 1-1  1.000e+000
78 1-2 -8.647e-001  1.000e+000
78 1-3 -2.036e-001 -3.156e-001  1.000e+000
78 2-1 -2.420e-002 -1.481e-003  4.860e-002  1.000e+000
78 2-2  2.630e-002 -3.741e-002  2.323e-002 -6.020e-001  1.000e+000
78 2-3 -1.221e-002  4.788e-002 -7.025e-002 -9.956e-002 -7.346e-001  1.000e+000
79  4.590e-001  4.581e-001  8.287e-002  5.684e-002  8.311e-001  1.120e-001 
79 1-1  1.000e+000
79 1-2 -8.286e-001  1.000e+000
79 1-3 -2.256e-001 -3.585e-001  1.000e+000
79 2-1 -2.558e-002 -4.341e-003  5.022e-002  1.000e+000
79 2-2  2.528e-002 -4.221e-002  3.130e-002 -5.540e-001  1.000e+000
79 2-3 -1.062e-002  5.376e-002 -7.583e-002 -1.035e-001 -7.707e-001  1.000e+000
80  4.436e-001  4.608e-001  9.556e-002  5.395e-002  8.230e-001  1.231e-001 
80 1-1  1.000e+000
80 1-2 -7.811e-001  1.000e+000
80 1-3 -2.535e-001 -4.060e-001  1.000e+000
80 2-1 -2.716e-002 -7.531e-003  5.142e-002  1.000e+000
80 2-2  2.323e-002 -4.728e-002  3.923e-002 -5.001e-001  1.000e+000
80 2-3 -8.138e-003  5.941e-002 -8.012e-002 -1.083e-001 -8.068e-001  1.000e+000
81  4.276e-001  4.624e-001  1.099e-001  5.113e-002  8.138e-001  1.351e-001 
81 1-1  1.000e+000
81 1-2 -7.199e-001  1.000e+000
81 1-3 -2.875e-001 -4.577e-001  1.000e+000
81 2-1 -2.893e-002 -1.104e-002  5.229e-002  1.000e+000
81 2-2  2.012e-002 -5.244e-002  4.659e-002 -4.417e-001  1.000e+000
81 2-3 -4.834e-003  6.473e-002 -8.313e-002 -1.140e-001 -8.410e-001  1.000e+000
82  4.111e-001  4.628e-001  1.261e-001  4.840e-002  8.036e-001  1.480e-001 
82 1-1  1.000e+000
82 1-2 -6.433e-001  1.000e+000
82 1-3 -3.272e-001 -5.129e-001  1.000e+000
82 2-1 -3.086e-002 -1.485e-002  5.293e-002  1.000e+000
82 2-2  1.599e-002 -5.752e-002  5.306e-002 -3.809e-001  1.000e+000
82 2-3 -8.219e-004  6.962e-002 -8.500e-002 -1.208e-001 -8.718e-001  1.000e+000
83  3.940e-001  4.617e-001  1.442e-001  4.574e-002  7.924e-001  1.619e-001 
83 1-1  1.000e+000
83 1-2 -5.505e-001  1.000e+000
83 1-3 -3.719e-001 -5.702e-001  1.000e+000
83 2-1 -3.294e-002 -1.887e-002  5.340e-002  1.000e+000
83 2-2  1.100e-002 -6.232e-002  5.848e-002 -3.195e-001  1.000e+000
83 2-3  3.755e-003  7.396e-002 -8.594e-002 -1.289e-001 -8.985e-001  1.000e+000
84  3.764e-001  4.592e-001  1.644e-001  4.315e-002  7.800e-001  1.768e-001 
84 1-1  1.000e+000
84 1-2 -4.422e-001  1.000e+000
84 1-3 -4.206e-001 -6.277e-001  1.000e+000
84 2-1 -3.513e-002 -2.302e-002  5.378e-002  1.000e+000
84 2-2  5.329e-003 -6.666e-002  6.281e-002 -2.593e-001  1.000e+000
84 2-3  8.736e-003  7.766e-002 -8.614e-002 -1.383e-001 -9.207e-001  1.000e+000
85  3.583e-001  4.550e-001  1.867e-001  4.065e-002  7.665e-001  1.928e-001 
85 1-1  1.000e+000
85 1-2 -3.211e-001  1.000e+000
85 1-3 -4.718e-001 -6.835e-001  1.000e+000
85 2-1 -3.738e-002 -2.717e-002  5.411e-002  1.000e+000
85 2-2 -7.694e-004 -7.040e-002  6.613e-002 -2.013e-001  1.000e+000
85 2-3  1.395e-002  8.064e-002 -8.582e-002 -1.491e-001 -9.386e-001  1.000e+000
86  3.397e-001  4.490e-001  2.113e-001  3.822e-002  7.519e-001  2.099e-001 
86 1-1  1.000e+000
86 1-2 -1.914e-001  1.000e+000
86 1-3 -5.240e-001 -7.357e-001  1.000e+000
86 2-1 -3.963e-002 -3.121e-002  5.443e-002  1.000e+000
86 2-2 -7.049e-003 -7.342e-002  6.857e-002 -1.462e-001  1.000e+000
86 2-3  1.920e-002  8.283e-002 -8.513e-002 -1.612e-001 -9.527e-001  1.000e+000
87  3.207e-001  4.413e-001  2.380e-001  3.586e-002  7.361e-001  2.280e-001 
87 1-1  1.000e+000
87 1-2 -5.855e-002  1.000e+000
87 1-3 -5.756e-001 -7.826e-001  1.000e+000
87 2-1 -4.183e-002 -3.502e-002  5.477e-002  1.000e+000
87 2-2 -1.327e-002 -7.570e-002  7.028e-002 -9.428e-002  1.000e+000
87 2-3  2.434e-002  8.425e-002 -8.419e-002 -1.748e-001 -9.637e-001  1.000e+000
88  3.014e-001  4.317e-001  2.669e-001  3.358e-002  7.193e-001  2.472e-001 
88 1-1  1.000e+000
88 1-2  7.185e-002  1.000e+000
88 1-3 -6.251e-001 -8.235e-001  1.000e+000
88 2-1 -4.393e-002 -3.853e-002  5.514e-002  1.000e+000
88 2-2 -1.923e-002 -7.726e-002  7.140e-002 -4.551e-002  1.000e+000
88 2-3  2.920e-002  8.497e-002 -8.310e-002 -1.896e-001 -9.722e-001  1.000e+000
89  2.819e-001  4.203e-001  2.978e-001  3.138e-002  7.012e-001  2.674e-001 
89 1-1  1.000e+000
89 1-2  1.949e-001  1.000e+000
89 1-3 -6.711e-001 -8.580e-001  1.000e+000
89 2-1 -4.589e-002 -4.170e-002  5.555e-002  1.000e+000
89 2-2 -2.476e-002 -7.818e-002  7.206e-002  3.309e-004  1.000e+000
89 2-3  3.366e-002  8.507e-002 -8.193e-002 -2.057e-001 -9.787e-001  1.000e+000
90  2.623e-001  4.070e-001  3.307e-001  2.926e-002  6.821e-001  2.886e-001 
90 1-1  1.000e+000
90 1-2  3.072e-001  1.000e+000
90 1-3 -7.129e-001 -8.864e-001  1.000e+000
90 2-1 -4.768e-002 -4.452e-002  5.601e-002  1.000e+000
90 2-2 -2.976e-002 -7.856e-002  7.237e-002  4.352e-002  1.000e+000
90 2-3  3.765e-002  8.470e-002 -8.073e-002 -2.230e-001 -9.836e-001  1.000e+000