# DKFchr.txt
#IMaCh version 0.99r45, April 2023,INED-EUROREVES-Institut de longevite-Japan Society for the Promotion of Science (Grant-in-Aid for Scientific Research 25293121), Intel Software 2015-2020, Nihon University 2021-202, INED 2000-2022
#$Revision: 1.353 $ $Date: 2023/05/08 18:48:22 $
# Tue Feb 04 22:21:37 2025
#One-step probabilities and covariance matrix
# Age p1-1  p1-2  p1-3  p2-1  p2-2  p2-3 
50  7.617e-001  2.374e-001  8.188e-004  1.886e-001  8.061e-001  5.327e-003 
50 1-1  1.394e-003
50 1-2 -1.393e-003  1.393e-003
50 1-3 -1.178e-006  1.995e-007  9.784e-007
50 2-1 -1.253e-005  1.228e-005  2.502e-007  7.322e-004
50 2-2  1.320e-005 -1.300e-005 -1.989e-007 -7.287e-004  7.297e-004
50 2-3 -6.754e-007  7.267e-007 -5.133e-008 -3.419e-006 -9.615e-007  4.380e-006
51  7.543e-001  2.448e-001  9.675e-004  1.821e-001  8.120e-001  5.954e-003 
51 1-1  1.302e-003
51 1-2 -1.301e-003  1.301e-003
51 1-3 -1.397e-006  1.255e-007  1.272e-006
51 2-1 -1.133e-005  1.108e-005  2.523e-007  6.264e-004
51 2-2  1.197e-005 -1.178e-005 -1.906e-007 -6.231e-004  6.250e-004
51 2-3 -6.419e-007  7.036e-007 -6.166e-008 -3.252e-006 -1.849e-006  5.101e-006
52  7.467e-001  2.522e-001  1.143e-003  1.757e-001  8.176e-001  6.653e-003 
52 1-1  1.211e-003
52 1-2 -1.209e-003  1.209e-003
52 1-3 -1.675e-006  2.610e-008  1.649e-006
52 2-1 -1.023e-005  9.977e-006  2.527e-007  5.338e-004
52 2-2  1.083e-005 -1.065e-005 -1.790e-007 -5.307e-004  5.335e-004
52 2-3 -5.959e-007  6.696e-007 -7.373e-008 -3.095e-006 -2.828e-006  5.923e-006
53  7.389e-001  2.598e-001  1.349e-003  1.695e-001  8.230e-001  7.430e-003 
53 1-1  1.122e-003
53 1-2 -1.120e-003  1.120e-003
53 1-3 -2.026e-006 -1.046e-007  2.130e-006
53 2-1 -9.222e-006  8.970e-006  2.517e-007  4.533e-004
53 2-2  9.758e-006 -9.594e-006 -1.640e-007 -4.503e-004  4.542e-004
53 2-3 -5.363e-007  6.241e-007 -8.776e-008 -2.951e-006 -3.906e-006  6.857e-006
54  7.309e-001  2.675e-001  1.593e-003  1.635e-001  8.282e-001  8.296e-003 
54 1-1  1.036e-003
54 1-2 -1.033e-003  1.033e-003
54 1-3 -2.470e-006 -2.739e-007  2.744e-006
54 2-1 -8.311e-006  8.061e-006  2.495e-007  3.837e-004
54 2-2  8.773e-006 -8.628e-006 -1.456e-007 -3.809e-004  3.860e-004
54 2-3 -4.627e-007  5.666e-007 -1.039e-007 -2.823e-006 -5.089e-006  7.913e-006
55  7.228e-001  2.754e-001  1.879e-003  1.577e-001  8.331e-001  9.260e-003 
55 1-1  9.539e-004
55 1-2 -9.509e-004  9.514e-004
55 1-3 -3.031e-006 -4.907e-007  3.522e-006
55 2-1 -7.496e-006  7.250e-006  2.464e-007  3.242e-004
55 2-2  7.871e-006 -7.747e-006 -1.240e-007 -3.214e-004  3.278e-004
55 2-3 -3.748e-007  4.973e-007 -1.225e-007 -2.716e-006 -6.385e-006  9.101e-006
56  7.144e-001  2.833e-001  2.217e-003  1.520e-001  8.377e-001  1.033e-002 
56 1-1  8.783e-004
56 1-2 -8.746e-004  8.754e-004
56 1-3 -3.738e-006 -7.668e-007  4.505e-006
56 2-1 -6.778e-006  6.534e-006  2.432e-007  2.736e-004
56 2-2  7.051e-006 -6.951e-006 -9.967e-008 -2.709e-004  2.787e-004
56 2-3 -2.730e-007  4.165e-007 -1.435e-007 -2.631e-006 -7.800e-006  1.043e-005
57  7.060e-001  2.914e-001  2.614e-003  1.464e-001  8.421e-001  1.152e-002 
57 1-1  8.101e-004
57 1-2 -8.055e-004  8.066e-004
57 1-3 -4.624e-006 -1.117e-006  5.741e-006
57 2-1 -6.155e-006  5.914e-006  2.407e-007  2.310e-004
57 2-2  6.313e-006 -6.240e-006 -7.349e-008 -2.284e-004  2.378e-004
57 2-3 -1.582e-007  3.255e-007 -1.672e-007 -2.573e-006 -9.340e-006  1.191e-005
58  6.973e-001  2.996e-001  3.081e-003  1.410e-001  8.461e-001  1.285e-002 
58 1-1  7.507e-004
58 1-2 -7.450e-004  7.465e-004
58 1-3 -5.728e-006 -1.559e-006  7.288e-006
58 2-1 -5.627e-006  5.387e-006  2.405e-007  1.956e-004
58 2-2  5.660e-006 -5.613e-006 -4.663e-008 -1.931e-004  2.041e-004
58 2-3 -3.254e-008  2.264e-007 -1.938e-007 -2.544e-006 -1.101e-005  1.355e-005
59  6.884e-001  3.079e-001  3.629e-003  1.358e-001  8.499e-001  1.432e-002 
59 1-1  7.016e-004
59 1-2 -6.945e-004  6.966e-004
59 1-3 -7.096e-006 -2.119e-006  9.215e-006
59 2-1 -5.193e-006  4.949e-006  2.442e-007  1.665e-004
59 2-2  5.092e-006 -5.071e-006 -2.079e-008 -1.640e-004  1.768e-004
59 2-3  1.011e-007  1.224e-007 -2.235e-007 -2.546e-006 -1.281e-005  1.536e-005
60  6.794e-001  3.163e-001  4.274e-003  1.306e-001  8.534e-001  1.595e-002 
60 1-1  6.643e-004
60 1-2 -6.555e-004  6.584e-004
60 1-3 -8.777e-006 -2.828e-006  1.160e-005
60 2-1 -4.850e-006  4.595e-006  2.545e-007  1.430e-004
60 2-2  4.611e-006 -4.613e-006  1.802e-009 -1.405e-004  1.552e-004
60 2-3  2.383e-007  1.801e-008 -2.563e-007 -2.582e-006 -1.476e-005  1.734e-005
61  6.702e-001  3.248e-001  5.030e-003  1.257e-001  8.565e-001  1.777e-002 
61 1-1  6.402e-004
61 1-2 -6.294e-004  6.331e-004
61 1-3 -1.083e-005 -3.727e-006  1.455e-005
61 2-1 -4.596e-006  4.321e-006  2.745e-007  1.244e-004
61 2-2  4.222e-006 -4.241e-006  1.827e-008 -1.217e-004  1.386e-004
61 2-3  3.732e-007 -8.039e-008 -2.928e-007 -2.653e-006 -1.683e-005  1.949e-005
62  6.607e-001  3.334e-001  5.918e-003  1.209e-001  8.594e-001  1.978e-002 
62 1-1  6.308e-004
62 1-2 -6.175e-004  6.223e-004
62 1-3 -1.330e-005 -4.871e-006  1.817e-005
62 2-1 -4.428e-006  4.120e-006  3.084e-007  1.099e-004
62 2-2  3.930e-006 -3.956e-006  2.515e-008 -1.072e-004  1.262e-004
62 2-3  4.980e-007 -1.644e-007 -3.335e-007 -2.760e-006 -1.905e-005  2.181e-005
63  6.511e-001  3.419e-001  6.959e-003  1.162e-001  8.618e-001  2.201e-002 
63 1-1  6.372e-004
63 1-2 -6.209e-004  6.272e-004
63 1-3 -1.627e-005 -6.332e-006  2.260e-005
63 2-1 -4.346e-006  3.984e-006  3.614e-007  9.909e-005
63 2-2  3.743e-006 -3.761e-006  1.840e-008 -9.619e-005  1.176e-004
63 2-3  6.030e-007 -2.232e-007 -3.798e-007 -2.903e-006 -2.140e-005  2.430e-005
64  6.413e-001  3.506e-001  8.178e-003  1.116e-001  8.639e-001  2.448e-002 
64 1-1  6.606e-004
64 1-2 -6.408e-004  6.490e-004
64 1-3 -1.979e-005 -8.206e-006  2.799e-005
64 2-1 -4.345e-006  3.905e-006  4.400e-007  9.127e-005
64 2-2  3.669e-006 -3.662e-006 -6.394e-009 -8.819e-005  1.121e-004
64 2-3  6.763e-007 -2.427e-007 -4.336e-007 -3.084e-006 -2.388e-005  2.696e-005
65  6.312e-001  3.592e-001  9.605e-003  1.072e-001  8.656e-001  2.721e-002 
65 1-1  7.022e-004
65 1-2 -6.782e-004  6.888e-004
65 1-3 -2.393e-005 -1.062e-005  3.455e-005
65 2-1 -4.425e-006  3.872e-006  5.525e-007  8.600e-005
65 2-2  3.721e-006 -3.667e-006 -5.363e-008 -8.270e-005  1.092e-004
65 2-3  7.039e-007 -2.050e-007 -4.989e-007 -3.300e-006 -2.648e-005  2.978e-005
66  6.209e-001  3.678e-001  1.127e-002  1.029e-001  8.669e-001  3.024e-002 
66 1-1  7.626e-004
66 1-2 -7.338e-004  7.476e-004
66 1-3 -2.875e-005 -1.375e-005  4.251e-005
66 2-1 -4.582e-006  3.873e-006  7.089e-007  8.281e-005
66 2-2  3.912e-006 -3.785e-006 -1.270e-007 -7.926e-005  1.085e-004
66 2-3  6.695e-007 -8.760e-008 -5.819e-007 -3.552e-006 -2.923e-005  3.278e-005
67  6.104e-001  3.764e-001  1.323e-002  9.872e-002  8.677e-001  3.359e-002 
67 1-1  8.425e-004
67 1-2 -8.082e-004  8.260e-004
67 1-3 -3.434e-005 -1.784e-005  5.219e-005
67 2-1 -4.816e-006  3.894e-006  9.213e-007  8.131e-005
67 2-2  4.261e-006 -4.032e-006 -2.286e-007 -7.747e-005  1.096e-004
67 2-3  5.549e-007  1.378e-007 -6.928e-007 -3.840e-006 -3.211e-005  3.595e-005
68  5.996e-001  3.849e-001  1.550e-002  9.466e-002  8.681e-001  3.728e-002 
68 1-1  9.423e-004
68 1-2 -9.015e-004  9.247e-004
68 1-3 -4.079e-005 -2.322e-005  6.401e-005
68 2-1 -5.125e-006  3.921e-006  1.205e-006  8.113e-005
68 2-2  4.784e-006 -4.427e-006 -3.567e-007 -7.697e-005  1.121e-004
68 2-3  3.412e-007  5.066e-007 -8.478e-007 -4.164e-006 -3.516e-005  3.933e-005
69  5.886e-001  3.933e-001  1.816e-002  9.071e-002  8.679e-001  4.136e-002 
69 1-1  1.062e-003
69 1-2 -1.014e-003  1.044e-003
69 1-3 -4.821e-005 -3.037e-005  7.859e-005
69 2-1 -5.510e-006  3.934e-006  1.576e-006  8.195e-005
69 2-2  5.501e-006 -4.997e-006 -5.040e-007 -7.743e-005  1.159e-004
69 2-3  9.058e-009  1.063e-006 -1.072e-006 -4.524e-006 -3.844e-005  4.296e-005
70  5.773e-001  4.015e-001  2.125e-002  8.688e-002  8.673e-001  4.586e-002 
70 1-1  1.201e-003
70 1-2 -1.144e-003  1.184e-003
70 1-3 -5.682e-005 -3.996e-005  9.678e-005
70 2-1 -5.971e-006  3.914e-006  2.057e-006  8.348e-005
70 2-2  6.430e-006 -5.777e-006 -6.532e-007 -7.856e-005  1.206e-004
70 2-3 -4.590e-007  1.863e-006 -1.404e-006 -4.925e-006 -4.202e-005  4.694e-005
71  5.656e-001  4.095e-001  2.485e-002  8.316e-002  8.660e-001  5.081e-002 
71 1-1  1.359e-003
71 1-2 -1.292e-003  1.345e-003
71 1-3 -6.694e-005 -5.297e-005  1.199e-004
71 2-1 -6.511e-006  3.838e-006  2.672e-006  8.548e-005
71 2-2  7.587e-006 -6.814e-006 -7.724e-007 -8.011e-005  1.262e-004
71 2-3 -1.076e-006  2.976e-006 -1.900e-006 -5.372e-006 -4.605e-005  5.142e-005
72  5.537e-001  4.173e-001  2.902e-002  7.953e-002  8.642e-001  5.626e-002 
72 1-1  1.535e-003
72 1-2 -1.456e-003  1.527e-003
72 1-3 -7.913e-005 -7.084e-005  1.500e-004
72 2-1 -7.131e-006  3.681e-006  3.450e-006  8.774e-005
72 2-2  8.979e-006 -8.171e-006 -8.075e-007 -8.186e-005  1.326e-004
72 2-3 -1.848e-006  4.491e-006 -2.643e-006 -5.875e-006 -5.075e-005  5.662e-005
73  5.414e-001  4.247e-001  3.386e-002  7.601e-002  8.617e-001  6.225e-002 
73 1-1  1.728e-003
73 1-2 -1.633e-003  1.729e-003
73 1-3 -9.433e-005 -9.565e-005  1.900e-004
73 2-1 -7.836e-006  3.413e-006  4.423e-006  9.005e-005
73 2-2  1.060e-005 -9.931e-006 -6.732e-007 -8.361e-005  1.400e-004
73 2-3 -2.768e-006  6.518e-006 -3.750e-006 -6.450e-006 -5.644e-005  6.289e-005
74  5.288e-001  4.318e-001  3.946e-002  7.259e-002  8.586e-001  6.882e-002 
74 1-1  1.935e-003
74 1-2 -1.821e-003  1.951e-003
74 1-3 -1.141e-004 -1.305e-004  2.446e-004
74 2-1 -8.631e-006  3.002e-006  5.629e-006  9.229e-005
74 2-2  1.244e-005 -1.220e-005 -2.400e-007 -8.517e-005  1.488e-004
74 2-3 -3.812e-006  9.201e-006 -5.389e-006 -7.117e-006 -6.362e-005  7.073e-005
75  5.157e-001  4.384e-001  4.593e-002  6.926e-002  8.547e-001  7.601e-002 
75 1-1  2.155e-003
75 1-2 -2.014e-003  2.194e-003
75 1-3 -1.408e-004 -1.799e-004  3.206e-004
75 2-1 -9.524e-006  2.414e-006  7.110e-006  9.430e-005
75 2-2  1.445e-005 -1.513e-005  6.808e-007 -8.639e-005  1.593e-004
75 2-3 -4.928e-006  1.272e-005 -7.790e-006 -7.909e-006 -7.293e-005  8.084e-005
76  5.022e-001  4.444e-001  5.337e-002  6.603e-002  8.501e-001  8.388e-002 
76 1-1  2.387e-003
76 1-2 -2.208e-003  2.459e-003
76 1-3 -1.782e-004 -2.503e-004  4.285e-004
76 2-1 -1.052e-005  1.610e-006  8.910e-006  9.599e-005
76 2-2  1.655e-005 -1.891e-005  2.357e-006 -8.713e-005  1.724e-004
76 2-3 -6.032e-006  1.730e-005 -1.127e-005 -8.865e-006 -8.529e-005  9.415e-005
77  4.883e-001  4.498e-001  6.192e-002  6.288e-002  8.446e-001  9.248e-002 
77 1-1  2.627e-003
77 1-2 -2.395e-003  2.747e-003
77 1-3 -2.319e-004 -3.511e-004  5.831e-004
77 2-1 -1.163e-005  5.490e-007  1.108e-005  9.728e-005
77 2-2  1.862e-005 -2.378e-005  5.158e-006 -8.724e-005  1.891e-004
77 2-3 -6.995e-006  2.323e-005 -1.624e-005 -1.004e-005 -1.019e-004  1.119e-004
78  4.739e-001  4.544e-001  7.170e-002  5.982e-002  8.383e-001  1.018e-001 
78 1-1  2.876e-003
78 1-2 -2.566e-003  3.062e-003
78 1-3 -3.100e-004 -4.958e-004  8.058e-004
78 2-1 -1.285e-005 -8.116e-007  1.367e-005  9.811e-005
78 2-2  2.049e-005 -3.007e-005  9.578e-006 -8.661e-005  2.110e-004
78 2-3 -7.635e-006  3.088e-005 -2.324e-005 -1.149e-005 -1.244e-004  1.359e-004
79  4.590e-001  4.581e-001  8.287e-002  5.684e-002  8.311e-001  1.120e-001 
79 1-1  3.132e-003
79 1-2 -2.708e-003  3.411e-003
79 1-3 -4.237e-004 -7.027e-004  1.126e-003
79 2-1 -1.420e-005 -2.515e-006  1.672e-005  9.842e-005
79 2-2  2.191e-005 -3.818e-005  1.627e-005 -8.511e-005  2.398e-004
79 2-3 -7.705e-006  4.069e-005 -3.299e-005 -1.331e-005 -1.547e-004  1.680e-004
80  4.436e-001  4.608e-001  9.556e-002  5.395e-002  8.230e-001  1.231e-001 
80 1-1  3.396e-003
80 1-2 -2.808e-003  3.805e-003
80 1-3 -5.883e-004 -9.971e-004  1.585e-003
80 2-1 -1.569e-005 -4.603e-006  2.029e-005  9.820e-005
80 2-2  2.257e-005 -4.862e-005  2.605e-005 -8.262e-005  2.780e-004
80 2-3 -6.888e-006  5.322e-005 -4.633e-005 -1.558e-005 -1.954e-004  2.109e-004
81  4.276e-001  4.624e-001  1.099e-001  5.113e-002  8.138e-001  1.351e-001 
81 1-1  3.669e-003
81 1-2 -2.845e-003  4.258e-003
81 1-3 -8.236e-004 -1.412e-003  2.236e-003
81 2-1 -1.730e-005 -7.113e-006  2.441e-005  9.744e-005
81 2-2  2.209e-005 -6.202e-005  3.993e-005 -7.902e-005  3.285e-004
81 2-3 -4.792e-006  6.913e-005 -6.434e-005 -1.842e-005 -2.495e-004  2.679e-004
82  4.111e-001  4.628e-001  1.261e-001  4.840e-002  8.036e-001  1.480e-001 
82 1-1  3.955e-003
82 1-2 -2.801e-003  4.792e-003
82 1-3 -1.154e-003 -1.992e-003  3.146e-003
82 2-1 -1.903e-005 -1.008e-005  2.911e-005  9.613e-005
82 2-2  1.999e-005 -7.913e-005  5.914e-005 -7.421e-005  3.949e-004
82 2-3 -9.567e-007  8.920e-005 -8.825e-005 -2.193e-005 -3.207e-004  3.426e-004
83  3.940e-001  4.617e-001  1.442e-001  4.574e-002  7.924e-001  1.619e-001 
83 1-1  4.258e-003
83 1-2 -2.648e-003  5.436e-003
83 1-3 -1.609e-003 -2.788e-003  4.397e-003
83 2-1 -2.088e-005 -1.351e-005  3.439e-005  9.431e-005
83 2-2  1.574e-005 -1.008e-004  8.506e-005 -6.807e-005  4.812e-004
83 2-3  5.136e-006  1.143e-004 -1.194e-004 -2.624e-005 -4.132e-004  4.394e-004
84  3.764e-001  4.592e-001  1.644e-001  4.315e-002  7.800e-001  1.768e-001 
84 1-1  4.583e-003
84 1-2 -2.362e-003  6.225e-003
84 1-3 -2.221e-003 -3.863e-003  6.083e-003
84 2-1 -2.281e-005 -1.742e-005  4.023e-005  9.199e-005
84 2-2  8.778e-006 -1.280e-004  1.192e-004 -6.051e-005  5.921e-004
84 2-3  1.403e-005  1.454e-004 -1.594e-004 -3.148e-005 -5.316e-004  5.631e-004
85  3.583e-001  4.550e-001  1.867e-001  4.065e-002  7.665e-001  1.928e-001 
85 1-1  4.935e-003
85 1-2 -1.914e-003  7.201e-003
85 1-3 -3.021e-003 -5.287e-003  8.308e-003
85 2-1 -2.480e-005 -2.178e-005  4.658e-005  8.922e-005
85 2-2 -1.463e-006 -1.617e-004  1.632e-004 -5.146e-005  7.327e-004
85 2-3  2.627e-005  1.835e-004 -2.097e-004 -3.776e-005 -6.812e-004  7.190e-004
86  3.397e-001  4.490e-001  2.113e-001  3.822e-002  7.519e-001  2.099e-001 
86 1-1  5.319e-003
86 1-2 -1.280e-003  8.409e-003
86 1-3 -4.039e-003 -7.129e-003  1.117e-002
86 2-1 -2.681e-005 -2.654e-005  5.335e-005  8.603e-005
86 2-2 -1.549e-005 -2.029e-004  2.184e-004 -4.086e-005  9.080e-004
86 2-3  4.230e-005  2.294e-004 -2.717e-004 -4.517e-005 -8.671e-004  9.123e-004
87  3.207e-001  4.413e-001  2.380e-001  3.586e-002  7.361e-001  2.280e-001 
87 1-1  5.735e-003
87 1-2 -4.410e-004  9.895e-003
87 1-3 -5.294e-003 -9.454e-003  1.475e-002
87 2-1 -2.877e-005 -3.164e-005  6.041e-005  8.249e-005
87 2-2 -3.369e-005 -2.524e-004  2.861e-004 -2.870e-005  1.123e-003
87 2-3  6.246e-005  2.840e-004 -3.465e-004 -5.379e-005 -1.095e-003  1.148e-003
88  3.014e-001  4.317e-001  2.669e-001  3.358e-002  7.193e-001  2.472e-001 
88 1-1  6.179e-003
88 1-2  6.108e-004  1.169e-002
88 1-3 -6.789e-003 -1.230e-002  1.909e-002
88 2-1 -3.062e-005 -3.695e-005  6.757e-005  7.864e-005
88 2-2 -5.623e-005 -3.107e-004  3.670e-004 -1.501e-005  1.383e-003
88 2-3  8.685e-005  3.477e-004 -4.345e-004 -6.363e-005 -1.368e-003  1.432e-003
89  2.819e-001  4.203e-001  2.978e-001  3.138e-002  7.012e-001  2.674e-001 
89 1-1  6.639e-003
89 1-2  1.868e-003  1.382e-002
89 1-3 -8.506e-003 -1.569e-002  2.420e-002
89 2-1 -3.228e-005 -4.233e-005  7.461e-005  7.454e-005
89 2-2 -8.300e-005 -3.781e-004  4.611e-004  1.175e-007  1.692e-003
89 2-3  1.153e-004  4.204e-004 -5.357e-004 -7.466e-005 -1.692e-003  1.767e-003
90  2.623e-001  4.070e-001  3.307e-001  2.926e-002  6.821e-001  2.886e-001 
90 1-1  7.097e-003
90 1-2  3.302e-003  1.628e-002
90 1-3 -1.040e-002 -1.958e-002  2.998e-002
90 2-1 -3.367e-005 -4.762e-005  8.129e-005  7.026e-005
90 2-2 -1.136e-004 -4.540e-004  5.676e-004  1.652e-005  2.051e-003
90 2-3  1.472e-004  5.016e-004 -6.489e-004 -8.679e-005 -2.068e-003  2.155e-003