# DKFchr.txt
#IMaCh version 0.99r45, April 2023,INED-EUROREVES-Institut de longevite-Japan Society for the Promotion of Science (Grant-in-Aid for Scientific Research 25293121), Intel Software 2015-2020, Nihon University 2021-202, INED 2000-2022
#$Revision: 1.353 $ $Date: 2023/05/08 18:48:22 $
# Tue Feb 04 22:21:37 2025
#One-step probabilities and stand. devi in ()
# Age p1-1 (SE) p1-2 (SE) p1-3 (SE) p2-1 (SE) p2-2 (SE) p2-3 (SE)
50  7.617e-001 ( 3.734e-002)  2.374e-001 ( 3.732e-002)  8.188e-004 ( 9.892e-004)  1.886e-001 ( 2.706e-002)  8.061e-001 ( 2.701e-002)  5.327e-003 ( 2.093e-003) 
51  7.543e-001 ( 3.609e-002)  2.448e-001 ( 3.607e-002)  9.675e-004 ( 1.128e-003)  1.821e-001 ( 2.503e-002)  8.120e-001 ( 2.500e-002)  5.954e-003 ( 2.259e-003) 
52  7.467e-001 ( 3.480e-002)  2.522e-001 ( 3.478e-002)  1.143e-003 ( 1.284e-003)  1.757e-001 ( 2.310e-002)  8.176e-001 ( 2.310e-002)  6.653e-003 ( 2.434e-003) 
53  7.389e-001 ( 3.349e-002)  2.598e-001 ( 3.346e-002)  1.349e-003 ( 1.460e-003)  1.695e-001 ( 2.129e-002)  8.230e-001 ( 2.131e-002)  7.430e-003 ( 2.619e-003) 
54  7.309e-001 ( 3.218e-002)  2.675e-001 ( 3.215e-002)  1.593e-003 ( 1.656e-003)  1.635e-001 ( 1.959e-002)  8.282e-001 ( 1.965e-002)  8.296e-003 ( 2.813e-003) 
55  7.228e-001 ( 3.089e-002)  2.754e-001 ( 3.084e-002)  1.879e-003 ( 1.877e-003)  1.577e-001 ( 1.800e-002)  8.331e-001 ( 1.811e-002)  9.260e-003 ( 3.017e-003) 
56  7.144e-001 ( 2.964e-002)  2.833e-001 ( 2.959e-002)  2.217e-003 ( 2.122e-003)  1.520e-001 ( 1.654e-002)  8.377e-001 ( 1.670e-002)  1.033e-002 ( 3.230e-003) 
57  7.060e-001 ( 2.846e-002)  2.914e-001 ( 2.840e-002)  2.614e-003 ( 2.396e-003)  1.464e-001 ( 1.520e-002)  8.421e-001 ( 1.542e-002)  1.152e-002 ( 3.452e-003) 
58  6.973e-001 ( 2.740e-002)  2.996e-001 ( 2.732e-002)  3.081e-003 ( 2.700e-003)  1.410e-001 ( 1.399e-002)  8.461e-001 ( 1.429e-002)  1.285e-002 ( 3.682e-003) 
59  6.884e-001 ( 2.649e-002)  3.079e-001 ( 2.639e-002)  3.629e-003 ( 3.036e-003)  1.358e-001 ( 1.291e-002)  8.499e-001 ( 1.330e-002)  1.432e-002 ( 3.919e-003) 
60  6.794e-001 ( 2.577e-002)  3.163e-001 ( 2.566e-002)  4.274e-003 ( 3.407e-003)  1.306e-001 ( 1.196e-002)  8.534e-001 ( 1.246e-002)  1.595e-002 ( 4.164e-003) 
61  6.702e-001 ( 2.530e-002)  3.248e-001 ( 2.516e-002)  5.030e-003 ( 3.815e-003)  1.257e-001 ( 1.115e-002)  8.565e-001 ( 1.177e-002)  1.777e-002 ( 4.414e-003) 
62  6.607e-001 ( 2.511e-002)  3.334e-001 ( 2.495e-002)  5.918e-003 ( 4.263e-003)  1.209e-001 ( 1.049e-002)  8.594e-001 ( 1.124e-002)  1.978e-002 ( 4.670e-003) 
63  6.511e-001 ( 2.524e-002)  3.419e-001 ( 2.504e-002)  6.959e-003 ( 4.754e-003)  1.162e-001 ( 9.954e-003)  8.618e-001 ( 1.084e-002)  2.201e-002 ( 4.929e-003) 
64  6.413e-001 ( 2.570e-002)  3.506e-001 ( 2.548e-002)  8.178e-003 ( 5.291e-003)  1.116e-001 ( 9.554e-003)  8.639e-001 ( 1.059e-002)  2.448e-002 ( 5.192e-003) 
65  6.312e-001 ( 2.650e-002)  3.592e-001 ( 2.625e-002)  9.605e-003 ( 5.878e-003)  1.072e-001 ( 9.274e-003)  8.656e-001 ( 1.045e-002)  2.721e-002 ( 5.458e-003) 
66  6.209e-001 ( 2.761e-002)  3.678e-001 ( 2.734e-002)  1.127e-002 ( 6.520e-003)  1.029e-001 ( 9.100e-003)  8.669e-001 ( 1.042e-002)  3.024e-002 ( 5.725e-003) 
67  6.104e-001 ( 2.903e-002)  3.764e-001 ( 2.874e-002)  1.323e-002 ( 7.224e-003)  9.872e-002 ( 9.017e-003)  8.677e-001 ( 1.047e-002)  3.359e-002 ( 5.996e-003) 
68  5.996e-001 ( 3.070e-002)  3.849e-001 ( 3.041e-002)  1.550e-002 ( 8.001e-003)  9.466e-002 ( 9.007e-003)  8.681e-001 ( 1.059e-002)  3.728e-002 ( 6.271e-003) 
69  5.886e-001 ( 3.259e-002)  3.933e-001 ( 3.231e-002)  1.816e-002 ( 8.865e-003)  9.071e-002 ( 9.053e-003)  8.679e-001 ( 1.076e-002)  4.136e-002 ( 6.554e-003) 
70  5.773e-001 ( 3.466e-002)  4.015e-001 ( 3.441e-002)  2.125e-002 ( 9.838e-003)  8.688e-002 ( 9.137e-003)  8.673e-001 ( 1.098e-002)  4.586e-002 ( 6.851e-003) 
71  5.656e-001 ( 3.687e-002)  4.095e-001 ( 3.668e-002)  2.485e-002 ( 1.095e-002)  8.316e-002 ( 9.246e-003)  8.660e-001 ( 1.123e-002)  5.081e-002 ( 7.171e-003) 
72  5.537e-001 ( 3.918e-002)  4.173e-001 ( 3.908e-002)  2.902e-002 ( 1.225e-002)  7.953e-002 ( 9.367e-003)  8.642e-001 ( 1.152e-002)  5.626e-002 ( 7.525e-003) 
73  5.414e-001 ( 4.157e-002)  4.247e-001 ( 4.158e-002)  3.386e-002 ( 1.378e-002)  7.601e-002 ( 9.490e-003)  8.617e-001 ( 1.183e-002)  6.225e-002 ( 7.931e-003) 
74  5.288e-001 ( 4.399e-002)  4.318e-001 ( 4.417e-002)  3.946e-002 ( 1.564e-002)  7.259e-002 ( 9.607e-003)  8.586e-001 ( 1.220e-002)  6.882e-002 ( 8.410e-003) 
75  5.157e-001 ( 4.643e-002)  4.384e-001 ( 4.684e-002)  4.593e-002 ( 1.791e-002)  6.926e-002 ( 9.711e-003)  8.547e-001 ( 1.262e-002)  7.601e-002 ( 8.991e-003) 
76  5.022e-001 ( 4.885e-002)  4.444e-001 ( 4.959e-002)  5.337e-002 ( 2.070e-002)  6.603e-002 ( 9.798e-003)  8.501e-001 ( 1.313e-002)  8.388e-002 ( 9.703e-003) 
77  4.883e-001 ( 5.126e-002)  4.498e-001 ( 5.241e-002)  6.192e-002 ( 2.415e-002)  6.288e-002 ( 9.863e-003)  8.446e-001 ( 1.375e-002)  9.248e-002 ( 1.058e-002) 
78  4.739e-001 ( 5.363e-002)  4.544e-001 ( 5.533e-002)  7.170e-002 ( 2.839e-002)  5.982e-002 ( 9.905e-003)  8.383e-001 ( 1.452e-002)  1.018e-001 ( 1.166e-002) 
79  4.590e-001 ( 5.597e-002)  4.581e-001 ( 5.840e-002)  8.287e-002 ( 3.356e-002)  5.684e-002 ( 9.921e-003)  8.311e-001 ( 1.548e-002)  1.120e-001 ( 1.296e-002) 
80  4.436e-001 ( 5.827e-002)  4.608e-001 ( 6.168e-002)  9.556e-002 ( 3.982e-002)  5.395e-002 ( 9.910e-003)  8.230e-001 ( 1.667e-002)  1.231e-001 ( 1.452e-002) 
81  4.276e-001 ( 6.057e-002)  4.624e-001 ( 6.525e-002)  1.099e-001 ( 4.729e-002)  5.113e-002 ( 9.871e-003)  8.138e-001 ( 1.812e-002)  1.351e-001 ( 1.637e-002) 
82  4.111e-001 ( 6.289e-002)  4.628e-001 ( 6.923e-002)  1.261e-001 ( 5.609e-002)  4.840e-002 ( 9.805e-003)  8.036e-001 ( 1.987e-002)  1.480e-001 ( 1.851e-002) 
83  3.940e-001 ( 6.525e-002)  4.617e-001 ( 7.373e-002)  1.442e-001 ( 6.631e-002)  4.574e-002 ( 9.711e-003)  7.924e-001 ( 2.194e-002)  1.619e-001 ( 2.096e-002) 
84  3.764e-001 ( 6.769e-002)  4.592e-001 ( 7.890e-002)  1.644e-001 ( 7.800e-002)  4.315e-002 ( 9.591e-003)  7.800e-001 ( 2.433e-002)  1.768e-001 ( 2.373e-002) 
85  3.583e-001 ( 7.025e-002)  4.550e-001 ( 8.486e-002)  1.867e-001 ( 9.115e-002)  4.065e-002 ( 9.445e-003)  7.665e-001 ( 2.707e-002)  1.928e-001 ( 2.681e-002) 
86  3.397e-001 ( 7.293e-002)  4.490e-001 ( 9.170e-002)  2.113e-001 ( 1.057e-001)  3.822e-002 ( 9.275e-003)  7.519e-001 ( 3.013e-002)  2.099e-001 ( 3.020e-002) 
87  3.207e-001 ( 7.573e-002)  4.413e-001 ( 9.947e-002)  2.380e-001 ( 1.214e-001)  3.586e-002 ( 9.082e-003)  7.361e-001 ( 3.352e-002)  2.280e-001 ( 3.389e-002) 
88  3.014e-001 ( 7.860e-002)  4.317e-001 ( 1.081e-001)  2.669e-001 ( 1.382e-001)  3.358e-002 ( 8.868e-003)  7.193e-001 ( 3.719e-002)  2.472e-001 ( 3.784e-002) 
89  2.819e-001 ( 8.148e-002)  4.203e-001 ( 1.176e-001)  2.978e-001 ( 1.556e-001)  3.138e-002 ( 8.634e-003)  7.012e-001 ( 4.113e-002)  2.674e-001 ( 4.203e-002) 
90  2.623e-001 ( 8.424e-002)  4.070e-001 ( 1.276e-001)  3.307e-001 ( 1.731e-001)  2.926e-002 ( 8.382e-003)  6.821e-001 ( 4.529e-002)  2.886e-001 ( 4.642e-002) 