
# model  
#****** Result for:******
# DKFchr.txt
#IMaCh version 0.99r45, April 2023,INED-EUROREVES-Institut de longevite-Japan Society for the Promotion of Science (Grant-in-Aid for Scientific Research 25293121), Intel Software 2015-2020, Nihon University 2021-202, INED 2000-2022
#$Revision: 1.353 $ $Date: 2023/05/08 18:48:22 $
# Tue Feb 04 22:21:37 2025
# Total life expectancy with std error and decomposition into time to be expected in each health state
#  (weighted average of eij where weights are the age specific forward period (stable) prevalences in each health state 
# Age popbased mobilav e.. (std) e.1 (std) e.2 (std) 
   50 0 0  32.173 (  0.987)   9.036 (  0.852)  23.137 (  1.133)
   51 0 0  31.217 (  0.979)   8.537 (  0.798)  22.681 (  1.096)
   52 0 0  30.267 (  0.971)   8.055 (  0.747)  22.213 (  1.063)
   53 0 0  29.322 (  0.962)   7.589 (  0.701)  21.733 (  1.033)
   54 0 0  28.384 (  0.953)   7.141 (  0.658)  21.243 (  1.006)
   55 0 0  27.453 (  0.943)   6.710 (  0.618)  20.743 (  0.981)
   56 0 0  26.525 (  0.933)   6.295 (  0.583)  20.230 (  0.959)
   57 0 0  25.609 (  0.922)   5.898 (  0.551)  19.711 (  0.939)
   58 0 0  24.702 (  0.912)   5.518 (  0.523)  19.185 (  0.921)
   59 0 0  23.805 (  0.901)   5.154 (  0.498)  18.650 (  0.905)
   60 0 0  22.918 (  0.891)   4.808 (  0.476)  18.110 (  0.890)
   61 0 0  22.042 (  0.880)   4.478 (  0.456)  17.564 (  0.876)
   62 0 0  21.177 (  0.870)   4.163 (  0.438)  17.014 (  0.863)
   63 0 0  20.326 (  0.860)   3.865 (  0.423)  16.460 (  0.852)
   64 0 0  19.488 (  0.850)   3.583 (  0.408)  15.905 (  0.841)
   65 0 0  18.664 (  1.257)   3.315 (  0.447)  15.348 (  1.100)
   66 0 0  17.853 (  0.832)   3.063 (  0.382)  14.790 (  0.821)
   67 0 0  17.060 (  0.824)   2.825 (  0.370)  14.235 (  0.813)
   68 0 0  16.284 (  0.816)   2.601 (  0.358)  13.683 (  0.805)
   69 0 0  15.526 (  0.810)   2.391 (  0.347)  13.134 (  0.797)
   70 0 0  14.785 (  0.804)   2.194 (  0.335)  12.591 (  0.791)
   71 0 0  14.064 (  0.799)   2.010 (  0.323)  12.054 (  0.785)
   72 0 0  13.362 (  0.794)   1.839 (  0.311)  11.524 (  0.779)
   73 0 0  12.681 (  0.790)   1.678 (  0.299)  11.003 (  0.774)
   74 0 0  12.021 (  0.786)   1.530 (  0.286)  10.491 (  0.769)
   75 0 0  11.382 (  0.783)   1.392 (  0.274)   9.991 (  0.765)
   76 0 0  10.766 (  0.780)   1.264 (  0.261)   9.502 (  0.761)
   77 0 0  10.172 (  0.776)   1.146 (  0.249)   9.026 (  0.756)
   78 0 0   9.600 (  0.773)   1.037 (  0.236)   8.563 (  0.752)
   79 0 0   9.052 (  0.769)   0.936 (  0.224)   8.115 (  0.748)
   80 0 0   8.527 (  0.764)   0.845 (  0.212)   7.682 (  0.743)
   81 0 0   8.025 (  0.759)   0.760 (  0.200)   7.264 (  0.737)
   82 0 0   7.546 (  0.753)   0.683 (  0.188)   6.863 (  0.731)
   83 0 0   7.091 (  0.746)   0.613 (  0.177)   6.478 (  0.724)
   84 0 0   6.660 (  0.739)   0.549 (  0.159)   6.110 (  0.722)
   85 0 0   6.250 (  0.728)   0.492 (  0.156)   5.759 (  0.707)
   86 0 0   5.864 (  0.717)   0.439 (  0.146)   5.425 (  0.697)
   87 0 0   5.500 (  0.704)   0.392 (  0.137)   5.108 (  0.686)
   88 0 0   5.157 (  0.691)   0.349 (  0.128)   4.807 (  0.673)
   89 0 0   4.835 (  0.676)   0.311 (  0.119)   4.524 (  0.660)
   90 0 0   4.534 (  0.661)   0.277 (  0.111)   4.257 (  0.646)
