
#****** ******
# DKFchr.txt
#IMaCh version 0.99r45, April 2023,INED-EUROREVES-Institut de longevite-Japan Society for the Promotion of Science (Grant-in-Aid for Scientific Research 25293121), Intel Software 2015-2020, Nihon University 2021-202, INED 2000-2022
#$Revision: 1.353 $ $Date: 2023/05/08 18:48:22 $
# Tue Feb 04 22:21:37 2025
# Variance and covariance of health expectancies e.j 
#  (weighted average of eij where weights are the age specific period (stable) prevalences in each health state 
# Age Cov(e.1, e.1) Cov(e.1, e.2) Cov(e.2, e.1) Cov(e.2, e.2)
50  0.7265 -0.5175 -0.5175 1.2827
51  0.6370 -0.4400 -0.4400 1.2017
52  0.5587 -0.3733 -0.3733 1.1301
53  0.4909 -0.3164 -0.3164 1.0669
54  0.4325 -0.2683 -0.2683 1.0114
55  0.3825 -0.2280 -0.2280 0.9626
56  0.3398 -0.1948 -0.1948 0.9197
57  0.3038 -0.1673 -0.1673 0.8817
58  0.2734 -0.1449 -0.1449 0.8481
59  0.2478 -0.1268 -0.1268 0.8182
60  0.2262 -0.1121 -0.1121 0.7914
61  0.2079 -0.1002 -0.1002 0.7672
62  0.1922 -0.0905 -0.0905 0.7453
63  0.1787 -0.0825 -0.0825 0.7253
64  0.1667 -0.0757 -0.0757 0.7070
65  0.1996 0.0856 0.0856 1.2091
66  0.1462 -0.0645 -0.0645 0.6748
67  0.1371 -0.0595 -0.0595 0.6606
68  0.1284 -0.0548 -0.0548 0.6477
69  0.1201 -0.0502 -0.0502 0.6359
70  0.1121 -0.0456 -0.0456 0.6253
71  0.1042 -0.0411 -0.0411 0.6156
72  0.0966 -0.0366 -0.0366 0.6069
73  0.0892 -0.0321 -0.0321 0.5989
74  0.0819 -0.0278 -0.0278 0.5917
75  0.0750 -0.0236 -0.0236 0.5850
76  0.0683 -0.0195 -0.0195 0.5786
77  0.0619 -0.0157 -0.0157 0.5723
78  0.0559 -0.0122 -0.0122 0.5658
79  0.0502 -0.0090 -0.0090 0.5590
80  0.0449 -0.0061 -0.0061 0.5516
81  0.0400 -0.0036 -0.0036 0.5434
82  0.0355 -0.0015 -0.0015 0.5343
83  0.0314 0.0002 0.0002 0.5240
84  0.0253 0.0001 0.0001 0.5210
85  0.0243 0.0026 0.0026 0.4997
86  0.0213 0.0033 0.0033 0.4855
87  0.0186 0.0038 0.0038 0.4701
88  0.0163 0.0039 0.0039 0.4534
89  0.0142 0.0039 0.0039 0.4356
90  0.0123 0.0037 0.0037 0.4167
