
#****** ******
# DKFchr.txt
#IMaCh version 0.99r45, April 2023,INED-EUROREVES-Institut de longevite-Japan Society for the Promotion of Science (Grant-in-Aid for Scientific Research 25293121), Intel Software 2015-2020, Nihon University 2021-202, INED 2000-2022
#$Revision: 1.353 $ $Date: 2023/05/08 18:48:22 $
# Tue Feb 04 22:21:37 2025
# Standard deviation of period (forward stable) prevalences 
# Age  Result#  1-1 2-2
50 1  0.51944 (0.06752) 0.48072 (0.06751)
51 1  0.50364 (0.06472) 0.49655 (0.06470)
52 1  0.48778 (0.06180) 0.51242 (0.06178)
53 1  0.47190 (0.05880) 0.52831 (0.05877)
54 1  0.45605 (0.05573) 0.54419 (0.05570)
55 1  0.44025 (0.05262) 0.56001 (0.05258)
56 1  0.42450 (0.04950) 0.57563 (0.04948)
57 1  0.40890 (0.04639) 0.59124 (0.04637)
58 1  0.39346 (0.04333) 0.60669 (0.04330)
59 1  0.37820 (0.04034) 0.62195 (0.04032)
60 1  0.36317 (0.03747) 0.63700 (0.03744)
61 1  0.34838 (0.03474) 0.65179 (0.03472)
62 1  0.33386 (0.03220) 0.66631 (0.03217)
63 1  0.31965 (0.02987) 0.68053 (0.02984)
64 1  0.30576 (0.02779) 0.69442 (0.02776)
65 1  0.29221 (0.02733) 0.70797 (0.04589)
66 1  0.27900 (0.02447) 0.72110 (0.02445)
67 1  0.26619 (0.02326) 0.73391 (0.02325)
68 1  0.25376 (0.02236) 0.74633 (0.02235)
69 1  0.24174 (0.02175) 0.75835 (0.02174)
70 1  0.23012 (0.02139) 0.76997 (0.02138)
71 1  0.21890 (0.02125) 0.78118 (0.02124)
72 1  0.20810 (0.02127) 0.79198 (0.02126)
73 1  0.19770 (0.02142) 0.80237 (0.02141)
74 1  0.18771 (0.02164) 0.81236 (0.02163)
75 1  0.17812 (0.02190) 0.82194 (0.02189)
76 1  0.16894 (0.02217) 0.83116 (0.02215)
77 1  0.16012 (0.02242) 0.83997 (0.02240)
78 1  0.15167 (0.02263) 0.84841 (0.02261)
79 1  0.14359 (0.02279) 0.85649 (0.02277)
80 1  0.13585 (0.02290) 0.86421 (0.02288)
81 1  0.12845 (0.02294) 0.87161 (0.02292)
82 1  0.12137 (0.02292) 0.87868 (0.02290)
83 1  0.11461 (0.02283) 0.88544 (0.02282)
84 1  0.10816 (0.02033) 0.89191 (0.02446)
85 1  0.10197 (0.02251) 0.89808 (0.02248)
86 1  0.09606 (0.02227) 0.90398 (0.02225)
87 1  0.09042 (0.02199) 0.90961 (0.02197)
88 1  0.08504 (0.02168) 0.91499 (0.02166)
89 1  0.07993 (0.02136) 0.92012 (0.02133)
90 1  0.07505 (0.02100) 0.92499 (0.02097)
