# Powell
# iter -2*LL p12 p13 p21 p23
1 1 2467.434473890716 0 -2.087417200000 0.019448900000 -1.504143500000 -0.066821300000 0.165756000000 -0.047565500000 -12.584690300000 0.118094400000
2 2 2043.492226978374 0 -3.163629841615 0.019303971717 -4.017933162117 -0.067608167444 -0.930925930105 -0.047193808677 -14.686164480290 0.118116546216
3 2 1994.872840175399 1 -3.558287126102 0.019247696161 -2.598094419977 -0.067410549912 -1.123459734301 -0.047140958245 -14.726353890326 0.125809359187
4 3 1994.431117145207 1 -3.590524471346 0.019187620847 -2.899481073257 -0.067561484529 -1.128788022461 -0.047082097004 -14.722930889466 0.126333949361
5 3 1994.379851773144 1 -3.552612859562 0.018609043168 -2.991792329018 -0.069233762376 -1.164407109540 -0.046499141450 -14.686113436315 0.125942977516
6 4 1994.293510421583 1 -3.485652191395 0.017531477676 -2.879124753302 -0.072387188629 -1.228470506495 -0.045569176768 -14.626565676013 0.125165820623
7 4 1994.192385921813 1 -3.387171405862 0.016054131945 -2.744705462292 -0.073083862762 -1.312032174112 -0.044338065191 -14.541719969363 0.124067666250
8 5 1994.171127062829 1 -3.386983922547 0.016097993780 -2.670757370784 -0.072106110832 -1.305986436947 -0.044418640506 -14.539528064378 0.124067851759
9 5 1994.164788358190 1 -3.387714983069 0.016016237270 -2.673853286893 -0.072531624299 -1.309230531756 -0.044395737147 -14.524721886479 0.123921237619
10 6 1994.158334383608 2 -3.392803371907 0.016046004652 -2.661446339715 -0.072990298377 -1.307408088825 -0.044438356551 -14.504172573925 0.123683143801
11 6 1994.126650277393 2 -3.423296226384 0.016402692127 -2.551511124987 -0.075546168988 -1.295823957813 -0.044650300808 -14.374867724451 0.122130894295
12 7 1994.084963732767 2 -3.438275243779 0.016733411679 -2.442719166698 -0.077100354063 -1.291162712505 -0.044692065667 -14.281570753633 0.120963301104
13 7 1994.070093138859 2 -3.441532878425 0.016886636086 -2.321194065830 -0.078970668289 -1.296008822203 -0.044586906167 -14.174309089873 0.119635502479
14 8 1994.070047554839 2 -3.441691011477 0.016890467893 -2.320675414322 -0.078983933578 -1.295465710711 -0.044594801817 -14.175489621856 0.119647672197
15 8 1994.069059776735 2 -3.442639731166 0.016923821811 -2.272597224241 -0.079736177142 -1.279115705648 -0.044833959230 -14.190383937698 0.119832435307
16 9 1994.067755121148 2 -3.437260557918 0.016836300451 -2.224627697854 -0.080592438794 -1.274393770565 -0.044908730299 -14.185369714762 0.119770114175
17 9 1994.065369151529 2 -3.412045471257 0.016432441367 -2.032585023714 -0.083895610230 -1.257229368468 -0.045179613817 -14.172253786803 0.119607586187
18 10 1994.065367272372 3 -3.412075470486 0.016433440525 -2.031095467380 -0.083912626394 -1.257040825053 -0.045182097772 -14.172139284769 0.119606431849
19 10 1994.065358915960 3 -3.411959105433 0.016431097629 -2.030718170981 -0.083939570747 -1.258616544734 -0.045158419161 -14.170725205397 0.119589389535
20 11 1994.065333673996 3 -3.411996285140 0.016431421234 -2.020999719211 -0.084114422494 -1.260596685532 -0.045128413728 -14.169800780661 0.119578348406
21 11 1994.065241085031 3 -3.413081724768 0.016448622631 -1.967252612779 -0.085028557742 -1.264224404684 -0.045072980672 -14.170520333720 0.119587572189
22 12 1994.065172569261 3 -3.414429723954 0.016469909429 -1.936753774790 -0.085524749500 -1.262298078720 -0.045101975643 -14.173720687265 0.119626395424
23 12 1994.065164905753 3 -3.415385789640 0.016483852380 -1.923709379030 -0.085747851363 -1.261512740103 -0.045114193147 -14.174373088618 0.119634302296
24 13 1994.065164762653 4 -3.415377359876 0.016483910622 -1.923002586088 -0.085762967965 -1.261523095702 -0.045113963353 -14.174355999884 0.119634121527
25 13 1994.065164727139 4 -3.415358115722 0.016483725767 -1.923038040258 -0.085763184477 -1.261484689445 -0.045114501713 -14.174382299242 0.119634448093
26 14 1994.065164720218 4 -3.415349483058 0.016483642464 -1.923051324568 -0.085763296774 -1.261467635481 -0.045114741685 -14.174394771757 0.119634602091
27 14 1994.065164718827 4 -3.415345648266 0.016483606583 -1.923052296120 -0.085763426928 -1.261460535294 -0.045114840434 -14.174400525090 0.119634673441
28 15 1994.065164718556 4 -3.415343822195 0.016483588581 -1.923053968522 -0.085763464971 -1.261457342783 -0.045114884575 -14.174402659509 0.119634698367
29 15 1994.065164718501 4 -3.415343244375 0.016483584270 -1.923049902078 -0.085763550607 -1.261456083683 -0.045114901901 -14.174403798121 0.119634714032
30 16 1994.065164718495 5 -3.415342808309 0.016483578327 -1.923051119790 -0.085763550159 -1.261456404745 -0.045114896479 -14.174404167737 0.119634718796
31 16 1994.065164718491 5 -3.415342442181 0.016483572688 -1.923065548674 -0.085763310890 -1.261455217319 -0.045114914429 -14.174404165863 0.119634718785
32 17 1994.065164718490 5 -3.415342442200 0.016483572688 -1.923065547604 -0.085763310908 -1.261455217417 -0.045114914428 -14.174404165856 0.119634718785
