# CZMadl.txt
#IMaCh version 0.99r45, April 2023,INED-EUROREVES-Institut de longevite-Japan Society for the Promotion of Science (Grant-in-Aid for Scientific Research 25293121), Intel Software 2015-2020, Nihon University 2021-202, INED 2000-2022
#$Revision: 1.353 $ $Date: 2023/05/08 18:48:22 $
# Tue Feb 04 22:03:38 2025

#****** ******
# (a) Life expectancies by health status at initial age and (b) health expectancies by health status at initial age
# Age e11  e12  e1.  e21  e22  e2. 
 50  24.4372   3.2355  27.6726  18.9158   5.3972  24.3131
 51  23.5747   3.2161  26.7908  18.0161   5.3715  23.3877
 52  22.7228   3.1954  25.9181  17.1345   5.3427  22.4772
 53  21.8818   3.1734  25.0552  16.2721   5.3106  21.5827
 54  21.0525   3.1502  24.2026  15.4299   5.2752  20.7051
 55  20.2354   3.1256  23.3610  14.6088   5.2364  19.8452
 56  19.4313   3.0995  22.5308  13.8097   5.1944  19.0041
 57  18.6407   3.0721  21.7128  13.0335   5.1489  18.1824
 58  17.8643   3.0432  20.9075  12.2810   5.1001  17.3811
 59  17.1028   3.0128  20.1155  11.5529   5.0479  16.6009
 60  16.3566   2.9809  19.3375  10.8499   4.9925  15.8424
 61  15.6265   2.9475  18.5740  10.1724   4.9339  15.1063
 62  14.9130   2.9125  17.8255   9.5209   4.8721  14.3931
 63  14.2167   2.8761  17.0928   8.8959   4.8073  13.7033
 64  13.5381   2.8382  16.3762   8.2976   4.7396  13.0372
 65  12.8777   2.7987  15.6764   7.7260   4.6691  12.3951
 66  12.2359   2.7578  14.9937   7.1813   4.5960  11.7773
 67  11.6133   2.7155  14.3287   6.6634   4.5203  11.1838
 68  11.0101   2.6717  13.6818   6.1722   4.4424  10.6145
 69  10.4266   2.6267  13.0533   5.7072   4.3623  10.0695
 70   9.8631   2.5803  12.4435   5.2683   4.2803   9.5486
 71   9.3199   2.5328  11.8527   4.8548   4.1966   9.0514
 72   8.7970   2.4841  11.2811   4.4663   4.1113   8.5776
 73   8.2946   2.4343  10.7289   4.1021   4.0247   8.1269
 74   7.8126   2.3836  10.1962   3.7615   3.9371   7.6986
 75   7.3510   2.3320   9.6830   3.4438   3.8485   7.2923
 76   6.9098   2.2796   9.1894   3.1480   3.7593   6.9073
 77   6.4886   2.2266   8.7152   2.8732   3.6696   6.5429
 78   6.0874   2.1730   8.2604   2.6187   3.5797   6.1984
 79   5.7058   2.1189   7.8247   2.3834   3.4897   5.8731
 80   5.3435   2.0645   7.4080   2.1664   3.3998   5.5661
 81   5.0000   2.0099   7.0099   1.9666   3.3102   5.2768
 82   4.6750   1.9552   6.6302   1.7831   3.2212   5.0043
 83   4.3679   1.9005   6.2684   1.6149   3.1328   4.7477
 84   4.0783   1.8459   5.9242   1.4610   3.0452   4.5062
 85   3.8056   1.7915   5.5971   1.3205   2.9586   4.2792
 86   3.5491   1.7375   5.2866   1.1925   2.8731   4.0656
 87   3.3083   1.6839   4.9922   1.0761   2.7888   3.8649
 88   3.0827   1.6308   4.7134   0.9703   2.7059   3.6762
 89   2.8714   1.5783   4.4497   0.8744   2.6243   3.4987
 90   2.6739   1.5266   4.2005   0.7876   2.5443   3.3319
