# CZMadl.txt
#IMaCh version 0.99r45, April 2023,INED-EUROREVES-Institut de longevite-Japan Society for the Promotion of Science (Grant-in-Aid for Scientific Research 25293121), Intel Software 2015-2020, Nihon University 2021-202, INED 2000-2022
#$Revision: 1.353 $ $Date: 2023/05/08 18:48:22 $
# Tue Feb 04 22:03:38 2025
# Forward period (stable) prevalence. Precision given by ftolpl=0.0006 
#Age 1-1 2-2 
#************
#Age   1-1     2-2   Total Years_to_converge
50  0.97322 0.02679 1.000 25
51  0.97094 0.02908 1.000 25
52  0.96847 0.03154 1.000 26
53  0.96581 0.03421 1.000 26
54  0.96293 0.03708 1.000 26
55  0.95984 0.04018 1.000 26
56  0.95650 0.04352 1.000 26
57  0.95291 0.04712 1.000 26
58  0.94905 0.05098 1.000 26
59  0.94490 0.05513 1.000 26
60  0.94044 0.05959 1.000 26
61  0.93566 0.06437 1.000 26
62  0.93053 0.06950 1.000 26
63  0.92504 0.07500 1.000 26
64  0.91917 0.08088 1.000 26
65  0.91288 0.08716 1.000 26
66  0.90617 0.09388 1.000 26
67  0.89901 0.10104 1.000 26
68  0.89138 0.10868 1.000 26
69  0.88325 0.11681 1.000 26
70  0.87460 0.12546 1.000 26
71  0.86540 0.13467 1.000 26
72  0.85564 0.14444 1.000 26
73  0.84529 0.15480 1.000 26
74  0.83432 0.16577 1.000 26
75  0.82271 0.17738 1.000 26
76  0.81043 0.18968 1.000 25
77  0.79747 0.20264 1.000 25
78  0.78380 0.21631 1.000 25
79  0.76940 0.23074 1.000 25
80  0.75425 0.24589 1.000 25
81  0.73833 0.26180 1.000 25
82  0.72164 0.27852 1.000 24
83  0.70415 0.29601 1.000 24
84  0.68587 0.31432 1.000 24
85  0.66678 0.33340 1.000 24
86  0.64690 0.35331 1.000 23
87  0.62624 0.37396 1.000 23
88  0.60483 0.39540 1.000 23
89  0.58269 0.41752 1.000 23
90  0.55989 0.44036 1.000 22
