# CZMadl.txt
#IMaCh version 0.99r45, April 2023,INED-EUROREVES-Institut de longevite-Japan Society for the Promotion of Science (Grant-in-Aid for Scientific Research 25293121), Intel Software 2015-2020, Nihon University 2021-202, INED 2000-2022
#$Revision: 1.353 $ $Date: 2023/05/08 18:48:22 $
# Tue Feb 04 22:03:38 2025
#One-step probabilities and stand. devi in ()
# Age p1-1 (SE) p1-2 (SE) p1-3 (SE) p2-1 (SE) p2-2 (SE) p2-3 (SE)
50  9.928e-001 ( 1.649e-003)  5.835e-003 ( 1.630e-003)  1.391e-003 ( 6.101e-004)  1.498e-001 ( 3.307e-002)  8.277e-001 ( 3.362e-002)  2.249e-002 ( 8.982e-003) 
51  9.922e-001 ( 1.709e-003)  6.292e-003 ( 1.685e-003)  1.539e-003 ( 6.495e-004)  1.473e-001 ( 3.108e-002)  8.291e-001 ( 3.173e-002)  2.359e-002 ( 9.074e-003) 
52  9.915e-001 ( 1.769e-003)  6.785e-003 ( 1.739e-003)  1.703e-003 ( 6.904e-004)  1.448e-001 ( 2.918e-002)  8.305e-001 ( 2.993e-002)  2.474e-002 ( 9.157e-003) 
53  9.908e-001 ( 1.829e-003)  7.316e-003 ( 1.791e-003)  1.884e-003 ( 7.329e-004)  1.423e-001 ( 2.736e-002)  8.317e-001 ( 2.822e-002)  2.595e-002 ( 9.229e-003) 
54  9.900e-001 ( 1.889e-003)  7.888e-003 ( 1.843e-003)  2.085e-003 ( 7.768e-004)  1.399e-001 ( 2.562e-002)  8.329e-001 ( 2.659e-002)  2.721e-002 ( 9.291e-003) 
55  9.892e-001 ( 1.948e-003)  8.505e-003 ( 1.892e-003)  2.306e-003 ( 8.222e-004)  1.375e-001 ( 2.396e-002)  8.340e-001 ( 2.506e-002)  2.853e-002 ( 9.343e-003) 
56  9.883e-001 ( 2.005e-003)  9.168e-003 ( 1.940e-003)  2.551e-003 ( 8.689e-004)  1.351e-001 ( 2.241e-002)  8.350e-001 ( 2.362e-002)  2.991e-002 ( 9.383e-003) 
57  9.873e-001 ( 2.062e-003)  9.883e-003 ( 1.985e-003)  2.822e-003 ( 9.168e-004)  1.327e-001 ( 2.095e-002)  8.359e-001 ( 2.229e-002)  3.135e-002 ( 9.413e-003) 
58  9.862e-001 ( 2.118e-003)  1.065e-002 ( 2.029e-003)  3.121e-003 ( 9.658e-004)  1.304e-001 ( 1.960e-002)  8.368e-001 ( 2.107e-002)  3.286e-002 ( 9.434e-003) 
59  9.851e-001 ( 2.172e-003)  1.148e-002 ( 2.070e-003)  3.452e-003 ( 1.016e-003)  1.281e-001 ( 1.837e-002)  8.375e-001 ( 1.996e-002)  3.443e-002 ( 9.444e-003) 
60  9.838e-001 ( 2.226e-003)  1.237e-002 ( 2.110e-003)  3.817e-003 ( 1.067e-003)  1.258e-001 ( 1.727e-002)  8.381e-001 ( 1.898e-002)  3.608e-002 ( 9.447e-003) 
61  9.824e-001 ( 2.279e-003)  1.333e-002 ( 2.148e-003)  4.220e-003 ( 1.119e-003)  1.236e-001 ( 1.630e-002)  8.386e-001 ( 1.812e-002)  3.780e-002 ( 9.445e-003) 
62  9.810e-001 ( 2.333e-003)  1.436e-002 ( 2.187e-003)  4.666e-003 ( 1.172e-003)  1.213e-001 ( 1.548e-002)  8.391e-001 ( 1.740e-002)  3.960e-002 ( 9.438e-003) 
63  9.794e-001 ( 2.388e-003)  1.547e-002 ( 2.227e-003)  5.158e-003 ( 1.227e-003)  1.191e-001 ( 1.481e-002)  8.394e-001 ( 1.681e-002)  4.148e-002 ( 9.432e-003) 
64  9.776e-001 ( 2.447e-003)  1.667e-002 ( 2.272e-003)  5.700e-003 ( 1.284e-003)  1.170e-001 ( 1.429e-002)  8.396e-001 ( 1.636e-002)  4.345e-002 ( 9.431e-003) 
65  9.757e-001 ( 2.511e-003)  1.795e-002 ( 2.324e-003)  6.300e-003 ( 1.344e-003)  1.148e-001 ( 1.394e-002)  8.397e-001 ( 1.606e-002)  4.550e-002 ( 9.440e-003) 
66  9.737e-001 ( 2.585e-003)  1.933e-002 ( 2.388e-003)  6.960e-003 ( 1.408e-003)  1.127e-001 ( 1.374e-002)  8.397e-001 ( 1.589e-002)  4.764e-002 ( 9.466e-003) 
67  9.715e-001 ( 2.674e-003)  2.081e-002 ( 2.469e-003)  7.689e-003 ( 1.480e-003)  1.106e-001 ( 1.369e-002)  8.396e-001 ( 1.585e-002)  4.987e-002 ( 9.519e-003) 
68  9.691e-001 ( 2.781e-003)  2.240e-002 ( 2.574e-003)  8.493e-003 ( 1.561e-003)  1.085e-001 ( 1.377e-002)  8.393e-001 ( 1.594e-002)  5.220e-002 ( 9.607e-003) 
69  9.665e-001 ( 2.915e-003)  2.410e-002 ( 2.712e-003)  9.378e-003 ( 1.656e-003)  1.064e-001 ( 1.397e-002)  8.389e-001 ( 1.616e-002)  5.464e-002 ( 9.743e-003) 
70  9.637e-001 ( 3.084e-003)  2.593e-002 ( 2.890e-003)  1.035e-002 ( 1.770e-003)  1.044e-001 ( 1.427e-002)  8.384e-001 ( 1.648e-002)  5.718e-002 ( 9.938e-003) 
71  9.607e-001 ( 3.295e-003)  2.790e-002 ( 3.116e-003)  1.143e-002 ( 1.909e-003)  1.024e-001 ( 1.465e-002)  8.378e-001 ( 1.691e-002)  5.982e-002 ( 1.021e-002) 
72  9.574e-001 ( 3.559e-003)  3.000e-002 ( 3.401e-003)  1.261e-002 ( 2.081e-003)  1.004e-001 ( 1.511e-002)  8.370e-001 ( 1.744e-002)  6.258e-002 ( 1.056e-002) 
73  9.538e-001 ( 3.883e-003)  3.225e-002 ( 3.750e-003)  1.391e-002 ( 2.294e-003)  9.844e-002 ( 1.561e-002)  8.361e-001 ( 1.805e-002)  6.546e-002 ( 1.101e-002) 
74  9.500e-001 ( 4.278e-003)  3.466e-002 ( 4.172e-003)  1.534e-002 ( 2.558e-003)  9.649e-002 ( 1.615e-002)  8.351e-001 ( 1.875e-002)  6.845e-002 ( 1.157e-002) 
75  9.459e-001 ( 4.752e-003)  3.723e-002 ( 4.674e-003)  1.691e-002 ( 2.883e-003)  9.457e-002 ( 1.671e-002)  8.339e-001 ( 1.954e-002)  7.157e-002 ( 1.225e-002) 
76  9.414e-001 ( 5.312e-003)  3.999e-002 ( 5.261e-003)  1.863e-002 ( 3.277e-003)  9.267e-002 ( 1.729e-002)  8.325e-001 ( 2.041e-002)  7.482e-002 ( 1.306e-002) 
77  9.366e-001 ( 5.967e-003)  4.292e-002 ( 5.939e-003)  2.053e-002 ( 3.753e-003)  9.079e-002 ( 1.787e-002)  8.310e-001 ( 2.136e-002)  7.820e-002 ( 1.400e-002) 
78  9.313e-001 ( 6.726e-003)  4.606e-002 ( 6.715e-003)  2.260e-002 ( 4.320e-003)  8.893e-002 ( 1.846e-002)  8.294e-001 ( 2.240e-002)  8.172e-002 ( 1.507e-002) 
79  9.257e-001 ( 7.595e-003)  4.940e-002 ( 7.595e-003)  2.487e-002 ( 4.990e-003)  8.709e-002 ( 1.904e-002)  8.275e-001 ( 2.353e-002)  8.538e-002 ( 1.629e-002) 
80  9.197e-001 ( 8.582e-003)  5.296e-002 ( 8.586e-003)  2.736e-002 ( 5.775e-003)  8.527e-002 ( 1.961e-002)  8.255e-001 ( 2.475e-002)  8.918e-002 ( 1.765e-002) 
81  9.132e-001 ( 9.697e-003)  5.674e-002 ( 9.694e-003)  3.008e-002 ( 6.688e-003)  8.347e-002 ( 2.016e-002)  8.234e-001 ( 2.606e-002)  9.313e-002 ( 1.916e-002) 
82  9.062e-001 ( 1.095e-002)  6.075e-002 ( 1.093e-002)  3.305e-002 ( 7.743e-003)  8.170e-002 ( 2.070e-002)  8.211e-001 ( 2.748e-002)  9.724e-002 ( 2.082e-002) 
83  8.987e-001 ( 1.234e-002)  6.501e-002 ( 1.229e-002)  3.629e-002 ( 8.955e-003)  7.994e-002 ( 2.122e-002)  8.186e-001 ( 2.901e-002)  1.015e-001 ( 2.263e-002) 
84  8.907e-001 ( 1.389e-002)  6.952e-002 ( 1.380e-002)  3.982e-002 ( 1.034e-002)  7.820e-002 ( 2.172e-002)  8.159e-001 ( 3.066e-002)  1.059e-001 ( 2.459e-002) 
85  8.820e-001 ( 1.559e-002)  7.429e-002 ( 1.545e-002)  4.366e-002 ( 1.191e-002)  7.648e-002 ( 2.219e-002)  8.130e-001 ( 3.242e-002)  1.105e-001 ( 2.670e-002) 
86  8.728e-001 ( 1.746e-002)  7.933e-002 ( 1.725e-002)  4.784e-002 ( 1.370e-002)  7.478e-002 ( 2.264e-002)  8.099e-001 ( 3.432e-002)  1.153e-001 ( 2.897e-002) 
87  8.630e-001 ( 1.951e-002)  8.463e-002 ( 1.923e-002)  5.237e-002 ( 1.571e-002)  7.310e-002 ( 2.307e-002)  8.067e-001 ( 3.635e-002)  1.202e-001 ( 3.139e-002) 
88  8.525e-001 ( 2.174e-002)  9.021e-002 ( 2.137e-002)  5.728e-002 ( 1.797e-002)  7.144e-002 ( 2.347e-002)  8.032e-001 ( 3.853e-002)  1.254e-001 ( 3.398e-002) 
89  8.413e-001 ( 2.416e-002)  9.607e-002 ( 2.369e-002)  6.259e-002 ( 2.049e-002)  6.980e-002 ( 2.384e-002)  7.995e-001 ( 4.084e-002)  1.307e-001 ( 3.672e-002) 
90  8.295e-001 ( 2.677e-002)  1.022e-001 ( 2.619e-002)  6.833e-002 ( 2.330e-002)  6.817e-002 ( 2.418e-002)  7.957e-001 ( 4.332e-002)  1.362e-001 ( 3.963e-002) 