# Powell
# iter -2*LL p12 p13 p21 p23
1 1 5061.896580278644 1 0.000000000000 0.000000000000 0.000000000000 0.000000000000 0.000000000000 0.000000000000 0.000000000000 0.000000000000
2 2 2326.246577249624 1 0.873114335778 0.000636209181 -3.619866244768 0.003907861540 -2.313442717091 -0.001085474406 -3.073878628904 0.002660187360
3 2 2166.002961243620 1 -0.333524468949 0.000813151003 -3.985956962516 0.008481060023 -2.841797937720 -0.002038065653 -3.155598538171 0.005873669950
4 3 2090.855592415452 1 -1.281785296246 0.006530249708 -15.782179239259 0.152004380388 -0.475034272156 -0.033531522843 -5.999854779415 0.045850802957
5 3 2038.511030096364 1 -1.159369863967 0.009179665939 -19.518371593996 0.217137045783 0.506066091486 -0.049188995847 -7.382116147706 0.066051543543
6 4 2016.294105128619 1 -1.092957418367 0.013152151047 -27.034613653787 0.312178406687 1.803436609747 -0.071366558050 -9.626262282338 0.095617809599
7 4 2014.572432403781 1 -1.141991964038 0.013422308118 -27.543696629821 0.317076238281 1.819617660049 -0.072197092510 -9.837656797384 0.097771413613
8 5 2012.578419508794 1 -1.310050953632 0.014414938922 -28.857556894581 0.335547443220 1.986634697395 -0.074835240014 -10.545375893454 0.106953030161
9 5 2011.724025674957 1 -1.318874882883 0.014524202381 -28.889660840415 0.334764420851 1.953314786985 -0.074258820148 -10.657333734009 0.108392981905
10 6 1996.138731021441 2 -1.299118583684 0.015038461476 -21.111317968792 0.233246305966 -0.152699601449 -0.041052350759 -12.924867300298 0.137867458287
11 6 1994.716962317371 2 -1.305334370513 0.014996829650 -19.800563137759 0.223345518583 -0.326593294663 -0.038600559666 -12.979613710928 0.138323530815
12 7 1994.592454805315 2 -1.261042413039 0.014687823282 -19.204108907264 0.216641532302 -0.394462693518 -0.037626618401 -12.787700336431 0.135854685106
13 7 1994.588330711860 2 -1.257549954094 0.014617503178 -19.159681586023 0.215989167207 -0.397939092248 -0.037560240954 -12.775390111006 0.135703770089
14 8 1994.510585550773 2 -1.168658857317 0.013237804260 -18.937110191990 0.212560649998 -0.246029838553 -0.039791333932 -12.668171219109 0.134363468337
15 8 1994.435613852356 2 -1.122558012180 0.012494787648 -18.574987354563 0.208394849707 -0.226609736629 -0.040127637686 -12.723079204318 0.135043736147
16 9 1994.373253423133 2 -1.030738675980 0.010999827798 -17.728930092113 0.197855374588 -0.227565511518 -0.040160931925 -12.856940548408 0.136730754465
17 9 1994.372202789783 2 -1.033995953373 0.011043861995 -17.740835851308 0.198020921650 -0.227807794162 -0.040167219671 -12.860328299952 0.136770354425
18 10 1994.339838715238 2 -1.084604144105 0.011708252465 -17.528508963225 0.195640589866 -0.136308625998 -0.041592242509 -12.809331873161 0.136111590668
19 10 1994.320641565586 3 -1.118878910297 0.012286663840 -17.522416986347 0.195545687375 -0.138045906174 -0.041554111431 -12.809625508718 0.136118738037
20 11 1994.281922418600 3 -1.235467308254 0.014244164522 -17.153106570839 0.190860005918 -0.155951223481 -0.041269448995 -12.871805982046 0.136918007459
21 11 1994.281908616861 3 -1.235989015574 0.014248699055 -17.155364810274 0.190872498378 -0.156606342006 -0.041258845488 -12.871798111329 0.136918036162
22 12 1994.281907428253 3 -1.236018719086 0.014248482279 -17.154824252875 0.190867545708 -0.156814828251 -0.041255640820 -12.872193425576 0.136923058243
23 12 1994.281906789723 4 -1.236164555778 0.014250617942 -17.156368933328 0.190888750319 -0.157265684657 -0.041248708547 -12.872401465818 0.136925721520
24 13 1994.281906786318 4 -1.236181870892 0.014250860792 -17.156449749429 0.190889594319 -0.157270933845 -0.041248631633 -12.872370839552 0.136925334142
25 13 1994.281906786177 4 -1.236186292104 0.014250920847 -17.156435888766 0.190889412269 -0.157272414058 -0.041248609523 -12.872372221107 0.136925350867
26 14 1994.281906786162 5 -1.236186835598 0.014250927783 -17.156423972318 0.190889260085 -0.157271382428 -0.041248624242 -12.872371196187 0.136925337382
27 14 1994.281906786140 5 -1.236187781695 0.014250940897 -17.156432654941 0.190889377685 -0.157270997953 -0.041248629401 -12.872371242330 0.136925338242
28 15 1994.281906786137 5 -1.236187830714 0.014250941238 -17.156432925821 0.190889385110 -0.157270922640 -0.041248630481 -12.872371455491 0.136925340984
