# CZFchr.txt
#IMaCh version 0.99r45, April 2023,INED-EUROREVES-Institut de longevite-Japan Society for the Promotion of Science (Grant-in-Aid for Scientific Research 25293121), Intel Software 2015-2020, Nihon University 2021-202, INED 2000-2022
#$Revision: 1.353 $ $Date: 2023/05/08 18:48:22 $
# Tue Feb 04 22:21:36 2025
#One-step probabilities and correlation matrix
# Age p1-1  p1-2  p1-3  p2-1  p2-2  p2-3 
50  6.278e-001  3.719e-001  3.104e-004  9.778e-002  9.000e-001  2.174e-003 
50 1-1  1.000e+000
50 1-2 -9.999e-001  1.000e+000
50 1-3 -4.993e-003 -5.898e-003  1.000e+000
50 2-1 -2.001e-002  1.998e-002  2.915e-003  1.000e+000
50 2-2  2.031e-002 -2.029e-002 -1.814e-003 -9.988e-001  1.000e+000
50 2-3 -6.041e-003  6.284e-003 -2.237e-002 -3.414e-002 -1.509e-002  1.000e+000
51  6.244e-001  3.752e-001  3.737e-004  9.417e-002  9.033e-001  2.502e-003 
51 1-1  1.000e+000
51 1-2 -9.999e-001  1.000e+000
51 1-3 -6.678e-003 -6.704e-003  1.000e+000
51 2-1 -2.002e-002  1.998e-002  3.197e-003  1.000e+000
51 2-2  2.036e-002 -2.033e-002 -1.873e-003 -9.982e-001  1.000e+000
51 2-3 -5.598e-003  5.895e-003 -2.221e-002 -3.214e-002 -2.753e-002  1.000e+000
52  6.210e-001  3.785e-001  4.499e-004  9.068e-002  9.064e-001  2.879e-003 
52 1-1  1.000e+000
52 1-2 -9.999e-001  1.000e+000
52 1-3 -8.805e-003 -7.652e-003  1.000e+000
52 2-1 -2.006e-002  2.000e-002  3.518e-003  1.000e+000
52 2-2  2.042e-002 -2.039e-002 -1.924e-003 -9.974e-001  1.000e+000
52 2-3 -5.096e-003  5.459e-003 -2.203e-002 -3.035e-002 -4.196e-002  1.000e+000
53  6.176e-001  3.818e-001  5.415e-004  8.730e-002  9.094e-001  3.312e-003 
53 1-1  1.000e+000
53 1-2 -9.998e-001  1.000e+000
53 1-3 -1.146e-002 -8.786e-003  1.000e+000
53 2-1 -2.013e-002  2.005e-002  3.883e-003  1.000e+000
53 2-2  2.050e-002 -2.046e-002 -1.964e-003 -9.962e-001  1.000e+000
53 2-3 -4.530e-003  4.972e-003 -2.185e-002 -2.881e-002 -5.883e-002  1.000e+000
54  6.142e-001  3.852e-001  6.517e-004  8.403e-002  9.122e-001  3.809e-003 
54 1-1  1.000e+000
54 1-2 -9.997e-001  1.000e+000
54 1-3 -1.475e-002 -1.016e-002  1.000e+000
54 2-1 -2.023e-002  2.013e-002  4.296e-003  1.000e+000
54 2-2  2.059e-002 -2.054e-002 -1.989e-003 -9.944e-001  1.000e+000
54 2-3 -3.890e-003  4.430e-003 -2.165e-002 -2.753e-002 -7.860e-002  1.000e+000
55  6.107e-001  3.885e-001  7.844e-004  8.086e-002  9.148e-001  4.381e-003 
55 1-1  1.000e+000
55 1-2 -9.995e-001  1.000e+000
55 1-3 -1.878e-002 -1.185e-002  1.000e+000
55 2-1 -2.039e-002  2.025e-002  4.764e-003  1.000e+000
55 2-2  2.070e-002 -2.064e-002 -1.992e-003 -9.918e-001  1.000e+000
55 2-3 -3.171e-003  3.828e-003 -2.144e-002 -2.655e-002 -1.018e-001  1.000e+000
56  6.072e-001  3.918e-001  9.439e-004  7.780e-002  9.172e-001  5.037e-003 
56 1-1  1.000e+000
56 1-2 -9.993e-001  1.000e+000
56 1-3 -2.367e-002 -1.392e-002  1.000e+000
56 2-1 -2.061e-002  2.042e-002  5.290e-003  1.000e+000
56 2-2  2.081e-002 -2.074e-002 -1.966e-003 -9.880e-001  1.000e+000
56 2-3 -2.366e-003  3.165e-003 -2.122e-002 -2.589e-002 -1.289e-001  1.000e+000
57  6.037e-001  3.951e-001  1.136e-003  7.483e-002  9.194e-001  5.790e-003 
57 1-1  1.000e+000
57 1-2 -9.989e-001  1.000e+000
57 1-3 -2.953e-002 -1.647e-002  1.000e+000
57 2-1 -2.092e-002  2.065e-002  5.876e-003  1.000e+000
57 2-2  2.093e-002 -2.085e-002 -1.903e-003 -9.826e-001  1.000e+000
57 2-3 -1.476e-003  2.442e-003 -2.099e-002 -2.560e-002 -1.605e-001  1.000e+000
58  6.002e-001  3.985e-001  1.367e-003  7.197e-002  9.214e-001  6.654e-003 
58 1-1  1.000e+000
58 1-2 -9.984e-001  1.000e+000
58 1-3 -3.643e-002 -1.959e-002  1.000e+000
58 2-1 -2.132e-002  2.096e-002  6.523e-003  1.000e+000
58 2-2  2.102e-002 -2.093e-002 -1.796e-003 -9.751e-001  1.000e+000
58 2-3 -5.046e-004  1.667e-003 -2.074e-002 -2.569e-002 -1.967e-001  1.000e+000
59  5.966e-001  4.018e-001  1.644e-003  6.919e-002  9.232e-001  7.645e-003 
59 1-1  1.000e+000
59 1-2 -9.977e-001  1.000e+000
59 1-3 -4.437e-002 -2.335e-002  1.000e+000
59 2-1 -2.182e-002  2.135e-002  7.224e-003  1.000e+000
59 2-2  2.107e-002 -2.097e-002 -1.634e-003 -9.648e-001  1.000e+000
59 2-3  5.290e-004  8.586e-004 -2.048e-002 -2.618e-002 -2.375e-001  1.000e+000
60  5.930e-001  4.051e-001  1.978e-003  6.651e-002  9.247e-001  8.781e-003 
60 1-1  1.000e+000
60 1-2 -9.967e-001  1.000e+000
60 1-3 -5.327e-002 -2.782e-002  1.000e+000
60 2-1 -2.243e-002  2.181e-002  7.968e-003  1.000e+000
60 2-2  2.104e-002 -2.094e-002 -1.414e-003 -9.513e-001  1.000e+000
60 2-3  1.592e-003  4.625e-005 -2.021e-002 -2.709e-002 -2.823e-001  1.000e+000
61  5.893e-001  4.083e-001  2.379e-003  6.391e-002  9.260e-001  1.008e-002 
61 1-1  1.000e+000
61 1-2 -9.954e-001  1.000e+000
61 1-3 -6.290e-002 -3.298e-002  1.000e+000
61 2-1 -2.313e-002  2.233e-002  8.735e-003  1.000e+000
61 2-2  2.090e-002 -2.083e-002 -1.135e-003 -9.342e-001  1.000e+000
61 2-3  2.635e-003 -7.266e-004 -1.993e-002 -2.839e-002 -3.301e-001  1.000e+000
62  5.856e-001  4.116e-001  2.861e-003  6.139e-002  9.270e-001  1.158e-002 
62 1-1  1.000e+000
62 1-2 -9.938e-001  1.000e+000
62 1-3 -7.289e-002 -3.878e-002  1.000e+000
62 2-1 -2.389e-002  2.287e-002  9.497e-003  1.000e+000
62 2-2  2.065e-002 -2.060e-002 -7.998e-004 -9.135e-001  1.000e+000
62 2-3  3.595e-003 -1.406e-003 -1.964e-002 -3.003e-002 -3.792e-001  1.000e+000
63  5.818e-001  4.148e-001  3.441e-003  5.896e-002  9.278e-001  1.329e-002 
63 1-1  1.000e+000
63 1-2 -9.918e-001  1.000e+000
63 1-3 -8.282e-002 -4.513e-002  1.000e+000
63 2-1 -2.465e-002  2.340e-002  1.022e-002  1.000e+000
63 2-2  2.029e-002 -2.028e-002 -4.221e-004 -8.899e-001  1.000e+000
63 2-3  4.400e-003 -1.933e-003 -1.934e-002 -3.194e-002 -4.275e-001  1.000e+000
64  5.779e-001  4.179e-001  4.137e-003  5.660e-002  9.282e-001  1.524e-002 
64 1-1  1.000e+000
64 1-2 -9.896e-001  1.000e+000
64 1-3 -9.226e-002 -5.188e-002  1.000e+000
64 2-1 -2.535e-002  2.386e-002  1.089e-002  1.000e+000
64 2-2  1.984e-002 -1.989e-002 -1.751e-005 -8.643e-001  1.000e+000
64 2-3  4.990e-003 -2.256e-003 -1.903e-002 -3.402e-002 -4.733e-001  1.000e+000
65  5.740e-001  4.210e-001  4.973e-003  5.432e-002  9.282e-001  1.748e-002 
65 1-1  1.000e+000
65 1-2 -9.872e-001  1.000e+000
65 1-3 -1.009e-001 -5.894e-002  1.000e+000
65 2-1 -2.596e-002  2.421e-002  1.146e-002  1.000e+000
65 2-2  1.936e-002 -1.949e-002  3.975e-004 -8.379e-001  1.000e+000
65 2-3  5.320e-003 -2.337e-003 -1.873e-002 -3.617e-002 -5.151e-001  1.000e+000
66  5.699e-001  4.241e-001  5.976e-003  5.210e-002  9.279e-001  2.004e-002 
66 1-1  1.000e+000
66 1-2 -9.847e-001  1.000e+000
66 1-3 -1.086e-001 -6.625e-002  1.000e+000
66 2-1 -2.642e-002  2.443e-002  1.195e-002  1.000e+000
66 2-2  1.891e-002 -1.912e-002  8.110e-004 -8.119e-001  1.000e+000
66 2-3  5.369e-003 -2.157e-003 -1.845e-002 -3.829e-002 -5.523e-001  1.000e+000
67  5.658e-001  4.270e-001  7.181e-003  4.995e-002  9.271e-001  2.296e-002 
67 1-1  1.000e+000
67 1-2 -9.821e-001  1.000e+000
67 1-3 -1.152e-001 -7.383e-002  1.000e+000
67 2-1 -2.675e-002  2.452e-002  1.233e-002  1.000e+000
67 2-2  1.855e-002 -1.885e-002  1.220e-003 -7.869e-001  1.000e+000
67 2-3  5.136e-003 -1.710e-003 -1.819e-002 -4.032e-002 -5.848e-001  1.000e+000
68  5.615e-001  4.299e-001  8.625e-003  4.787e-002  9.258e-001  2.629e-002 
68 1-1  1.000e+000
68 1-2 -9.794e-001  1.000e+000
68 1-3 -1.210e-001 -8.177e-002  1.000e+000
68 2-1 -2.695e-002  2.449e-002  1.264e-002  1.000e+000
68 2-2  1.831e-002 -1.872e-002  1.633e-003 -7.633e-001  1.000e+000
68 2-3  4.630e-003 -9.948e-004 -1.798e-002 -4.222e-002 -6.133e-001  1.000e+000
69  5.571e-001  4.326e-001  1.036e-002  4.585e-002  9.241e-001  3.009e-002 
69 1-1  1.000e+000
69 1-2 -9.766e-001  1.000e+000
69 1-3 -1.261e-001 -9.018e-002  1.000e+000
69 2-1 -2.704e-002  2.435e-002  1.288e-002  1.000e+000
69 2-2  1.823e-002 -1.875e-002  2.072e-003 -7.409e-001  1.000e+000
69 2-3  3.867e-003 -1.479e-005 -1.784e-002 -4.398e-002 -6.384e-001  1.000e+000
70  5.524e-001  4.351e-001  1.243e-002  4.388e-002  9.217e-001  3.442e-002 
70 1-1  1.000e+000
70 1-2 -9.736e-001  1.000e+000
70 1-3 -1.306e-001 -9.923e-002  1.000e+000
70 2-1 -2.704e-002  2.413e-002  1.307e-002  1.000e+000
70 2-2  1.832e-002 -1.898e-002  2.576e-003 -7.194e-001  1.000e+000
70 2-3  2.863e-003  1.232e-003 -1.783e-002 -4.562e-002 -6.610e-001  1.000e+000
71  5.476e-001  4.375e-001  1.491e-002  4.197e-002  9.187e-001  3.934e-002 
71 1-1  1.000e+000
71 1-2 -9.703e-001  1.000e+000
71 1-3 -1.347e-001 -1.091e-001  1.000e+000
71 2-1 -2.699e-002  2.384e-002  1.323e-002  1.000e+000
71 2-2  1.859e-002 -1.943e-002  3.200e-003 -6.983e-001  1.000e+000
71 2-3  1.635e-003  2.752e-003 -1.798e-002 -4.714e-002 -6.821e-001  1.000e+000
72  5.425e-001  4.397e-001  1.788e-002  4.011e-002  9.150e-001  4.493e-002 
72 1-1  1.000e+000
72 1-2 -9.665e-001  1.000e+000
72 1-3 -1.388e-001 -1.201e-001  1.000e+000
72 2-1 -2.690e-002  2.350e-002  1.336e-002  1.000e+000
72 2-2  1.901e-002 -2.010e-002  4.021e-003 -6.767e-001  1.000e+000
72 2-3  2.074e-004  4.555e-003 -1.837e-002 -4.859e-002 -7.025e-001  1.000e+000
73  5.371e-001  4.415e-001  2.143e-002  3.830e-002  9.104e-001  5.127e-002 
73 1-1  1.000e+000
73 1-2 -9.621e-001  1.000e+000
73 1-3 -1.430e-001 -1.325e-001  1.000e+000
73 2-1 -2.678e-002  2.311e-002  1.347e-002  1.000e+000
73 2-2  1.957e-002 -2.102e-002  5.135e-003 -6.537e-001  1.000e+000
73 2-3 -1.386e-003  6.646e-003 -1.907e-002 -5.002e-002 -7.231e-001  1.000e+000
74  5.313e-001  4.431e-001  2.565e-002  3.654e-002  9.050e-001  5.844e-002 
74 1-1  1.000e+000
74 1-2 -9.567e-001  1.000e+000
74 1-3 -1.478e-001 -1.466e-001  1.000e+000
74 2-1 -2.666e-002  2.268e-002  1.354e-002  1.000e+000
74 2-2  2.022e-002 -2.218e-002  6.650e-003 -6.282e-001  1.000e+000
74 2-3 -3.089e-003  9.022e-003 -2.015e-002 -5.148e-002 -7.447e-001  1.000e+000
75  5.251e-001  4.442e-001  3.069e-002  3.481e-002  8.986e-001  6.655e-002 
75 1-1  1.000e+000
75 1-2 -9.499e-001  1.000e+000
75 1-3 -1.539e-001 -1.628e-001  1.000e+000
75 2-1 -2.653e-002  2.220e-002  1.357e-002  1.000e+000
75 2-2  2.088e-002 -2.359e-002  8.673e-003 -5.989e-001  1.000e+000
75 2-3 -4.815e-003  1.166e-002 -2.167e-002 -5.308e-002 -7.679e-001  1.000e+000
76  5.185e-001  4.449e-001  3.667e-002  3.313e-002  8.912e-001  7.568e-002 
76 1-1  1.000e+000
76 1-2 -9.410e-001  1.000e+000
76 1-3 -1.618e-001 -1.816e-001  1.000e+000
76 2-1 -2.640e-002  2.167e-002  1.353e-002  1.000e+000
76 2-2  2.143e-002 -2.523e-002  1.128e-002 -5.647e-001  1.000e+000
76 2-3 -6.443e-003  1.452e-002 -2.363e-002 -5.492e-002 -7.930e-001  1.000e+000
77  5.113e-001  4.450e-001  4.377e-002  3.148e-002  8.826e-001  8.595e-002 
77 1-1  1.000e+000
77 1-2 -9.291e-001  1.000e+000
77 1-3 -1.728e-001 -2.037e-001  1.000e+000
77 2-1 -2.628e-002  2.108e-002  1.342e-002  1.000e+000
77 2-2  2.174e-002 -2.704e-002  1.446e-002 -5.246e-001  1.000e+000
77 2-3 -7.826e-003  1.753e-002 -2.598e-002 -5.716e-002 -8.200e-001  1.000e+000
78  5.034e-001  4.444e-001  5.216e-002  2.987e-002  8.727e-001  9.745e-002 
78 1-1  1.000e+000
78 1-2 -9.128e-001  1.000e+000
78 1-3 -1.880e-001 -2.297e-001  1.000e+000
78 2-1 -2.615e-002  2.041e-002  1.323e-002  1.000e+000
78 2-2  2.163e-002 -2.896e-002  1.810e-002 -4.782e-001  1.000e+000
78 2-3 -8.802e-003  2.060e-002 -2.856e-002 -6.002e-002 -8.479e-001  1.000e+000
79  4.948e-001  4.431e-001  6.206e-002  2.829e-002  8.614e-001  1.103e-001 
79 1-1  1.000e+000
79 1-2 -8.900e-001  1.000e+000
79 1-3 -2.087e-001 -2.602e-001  1.000e+000
79 2-1 -2.602e-002  1.965e-002  1.296e-002  1.000e+000
79 2-2  2.095e-002 -3.094e-002  2.199e-002 -4.261e-001  1.000e+000
79 2-3 -9.226e-003  2.364e-002 -3.117e-002 -6.371e-002 -8.757e-001  1.000e+000
80  4.854e-001  4.409e-001  7.368e-002  2.675e-002  8.486e-001  1.246e-001 
80 1-1  1.000e+000
80 1-2 -8.582e-001  1.000e+000
80 1-3 -2.362e-001 -2.960e-001  1.000e+000
80 2-1 -2.588e-002  1.877e-002  1.263e-002  1.000e+000
80 2-2  1.960e-002 -3.290e-002  2.581e-002 -3.699e-001  1.000e+000
80 2-3 -8.994e-003  2.659e-002 -3.360e-002 -6.848e-002 -9.016e-001  1.000e+000
81  4.750e-001  4.377e-001  8.727e-002  2.523e-002  8.343e-001  1.405e-001 
81 1-1  1.000e+000
81 1-2 -8.141e-001  1.000e+000
81 1-3 -2.717e-001 -3.377e-001  1.000e+000
81 2-1 -2.571e-002  1.773e-002  1.228e-002  1.000e+000
81 2-2  1.751e-002 -3.481e-002  2.930e-002 -3.115e-001  1.000e+000
81 2-3 -8.054e-003  2.941e-002 -3.568e-002 -7.456e-002 -9.244e-001  1.000e+000
82  4.636e-001  4.333e-001  1.031e-001  2.375e-002  8.182e-001  1.580e-001 
82 1-1  1.000e+000
82 1-2 -7.537e-001  1.000e+000
82 1-3 -3.157e-001 -3.857e-001  1.000e+000
82 2-1 -2.550e-002  1.652e-002  1.194e-002  1.000e+000
82 2-2  1.471e-002 -3.663e-002  3.224e-002 -2.533e-001  1.000e+000
82 2-3 -6.406e-003  3.207e-002 -3.731e-002 -8.214e-002 -9.433e-001  1.000e+000
83  4.510e-001  4.276e-001  1.214e-001  2.229e-002  8.004e-001  1.773e-001 
83 1-1  1.000e+000
83 1-2 -6.733e-001  1.000e+000
83 1-3 -3.680e-001 -4.397e-001  1.000e+000
83 2-1 -2.523e-002  1.510e-002  1.165e-002  1.000e+000
83 2-2  1.128e-002 -3.836e-002  3.455e-002 -1.971e-001  1.000e+000
83 2-3 -4.100e-003  3.456e-002 -3.849e-002 -9.138e-002 -9.583e-001  1.000e+000
84  4.372e-001  4.204e-001  1.424e-001  2.087e-002  7.808e-001  1.983e-001 
84 1-1  1.000e+000
84 1-2 -5.703e-001  1.000e+000
84 1-3 -4.277e-001 -4.986e-001  1.000e+000
84 2-1 -2.487e-002  1.346e-002  1.143e-002  1.000e+000
84 2-2  7.332e-003 -3.997e-002  3.625e-002 -1.439e-001  1.000e+000
84 2-3 -1.227e-003  3.685e-002 -3.926e-002 -1.024e-001 -9.697e-001  1.000e+000
85  4.220e-001  4.116e-001  1.664e-001  1.947e-002  7.594e-001  2.211e-001 
85 1-1  1.000e+000
85 1-2 -4.443e-001  1.000e+000
85 1-3 -4.925e-001 -5.608e-001  1.000e+000
85 2-1 -2.442e-002  1.159e-002  1.131e-002  1.000e+000
85 2-2  3.036e-003 -4.140e-002  3.741e-002 -9.417e-002  1.000e+000
85 2-3  2.077e-003  3.889e-002 -3.970e-002 -1.152e-001 -9.781e-001  1.000e+000
86  4.054e-001  4.011e-001  1.934e-001  1.811e-002  7.361e-001  2.458e-001 
86 1-1  1.000e+000
86 1-2 -2.987e-001  1.000e+000
86 1-3 -5.597e-001 -6.237e-001  1.000e+000
86 2-1 -2.387e-002  9.512e-003  1.129e-002  1.000e+000
86 2-2 -1.421e-003 -4.260e-002  3.815e-002 -4.783e-002  1.000e+000
86 2-3  5.641e-003  4.060e-002 -3.988e-002 -1.298e-001 -9.842e-001  1.000e+000
87  3.874e-001  3.888e-001  2.237e-001  1.679e-002  7.110e-001  2.723e-001 
87 1-1  1.000e+000
87 1-2 -1.406e-001  1.000e+000
87 1-3 -6.257e-001 -6.843e-001  1.000e+000
87 2-1 -2.324e-002  7.288e-003  1.137e-002  1.000e+000
87 2-2 -5.833e-003 -4.350e-002  3.857e-002 -4.523e-003  1.000e+000
87 2-3  9.271e-003  4.194e-002 -3.987e-002 -1.462e-001 -9.886e-001  1.000e+000
88  3.681e-001  3.747e-001  2.573e-001  1.550e-002  6.841e-001  3.004e-001 
88 1-1  1.000e+000
88 1-2  2.043e-002  1.000e+000
88 1-3 -6.875e-001 -7.401e-001  1.000e+000
88 2-1 -2.256e-002  4.984e-003  1.155e-002  1.000e+000
88 2-2 -1.001e-002 -4.408e-002  3.875e-002  3.622e-002  1.000e+000
88 2-3  1.278e-002  4.286e-002 -3.973e-002 -1.643e-001 -9.917e-001  1.000e+000
89  3.474e-001  3.587e-001  2.939e-001  1.426e-002  6.556e-001  3.301e-001 
89 1-1  1.000e+000
89 1-2  1.747e-001  1.000e+000
89 1-3 -7.426e-001 -7.891e-001  1.000e+000
89 2-1 -2.188e-002  2.678e-003  1.183e-002  1.000e+000
89 2-2 -1.379e-002 -4.433e-002  3.875e-002  7.487e-002  1.000e+000
89 2-3  1.601e-002  4.340e-002 -3.950e-002 -1.840e-001 -9.939e-001  1.000e+000
90  3.256e-001  3.410e-001  3.334e-001  1.305e-002  6.256e-001  3.613e-001 
90 1-1  1.000e+000
90 1-2  3.145e-001  1.000e+000
90 1-3 -7.899e-001 -8.306e-001  1.000e+000
90 2-1 -2.125e-002  4.378e-004  1.219e-002  1.000e+000
90 2-2 -1.709e-002 -4.430e-002  3.865e-002  1.118e-001  1.000e+000
90 2-3  1.886e-002  4.359e-002 -3.922e-002 -2.051e-001 -9.955e-001  1.000e+000