# CZFchr.txt
#IMaCh version 0.99r45, April 2023,INED-EUROREVES-Institut de longevite-Japan Society for the Promotion of Science (Grant-in-Aid for Scientific Research 25293121), Intel Software 2015-2020, Nihon University 2021-202, INED 2000-2022
#$Revision: 1.353 $ $Date: 2023/05/08 18:48:22 $
# Tue Feb 04 22:21:36 2025
#One-step probabilities and covariance matrix
# Age p1-1  p1-2  p1-3  p2-1  p2-2  p2-3 
50  6.278e-001  3.719e-001  3.104e-004  9.778e-002  9.000e-001  2.174e-003 
50 1-1  2.189e-003
50 1-2 -2.189e-003  2.189e-003
50 1-3 -1.190e-007 -1.406e-007  2.597e-007
50 2-1 -1.556e-005  1.553e-005  2.468e-008  2.762e-004
50 2-2  1.579e-005 -1.577e-005 -1.535e-008 -2.757e-004  2.759e-004
50 2-3 -2.312e-007  2.405e-007 -9.325e-009 -4.641e-007 -2.051e-007  6.692e-007
51  6.244e-001  3.752e-001  3.737e-004  9.417e-002  9.033e-001  2.502e-003 
51 1-1  1.968e-003
51 1-2 -1.968e-003  1.968e-003
51 1-3 -1.759e-007 -1.766e-007  3.525e-007
51 2-1 -1.355e-005  1.352e-005  2.895e-008  2.327e-004
51 2-2  1.378e-005 -1.376e-005 -1.696e-008 -2.322e-004  2.326e-004
51 2-3 -2.260e-007  2.380e-007 -1.200e-008 -4.461e-007 -3.820e-007  8.281e-007
52  6.210e-001  3.785e-001  4.499e-004  9.068e-002  9.064e-001  2.879e-003 
52 1-1  1.763e-003
52 1-2 -1.763e-003  1.763e-003
52 1-3 -2.554e-007 -2.220e-007  4.774e-007
52 2-1 -1.177e-005  1.174e-005  3.398e-008  1.954e-004
52 2-2  1.199e-005 -1.197e-005 -1.859e-008 -1.949e-004  1.955e-004
52 2-3 -2.163e-007  2.317e-007 -1.539e-008 -4.289e-007 -5.932e-007  1.022e-006
53  6.176e-001  3.818e-001  5.415e-004  8.730e-002  9.094e-001  3.312e-003 
53 1-1  1.574e-003
53 1-2 -1.574e-003  1.574e-003
53 1-3 -3.653e-007 -2.800e-007  6.453e-007
53 2-1 -1.021e-005  1.017e-005  3.988e-008  1.635e-004
53 2-2  1.041e-005 -1.039e-005 -2.020e-008 -1.631e-004  1.640e-004
53 2-3 -2.016e-007  2.213e-007 -1.968e-008 -4.132e-007 -8.449e-007  1.258e-006
54  6.142e-001  3.852e-001  6.517e-004  8.403e-002  9.122e-001  3.809e-003 
54 1-1  1.402e-003
54 1-2 -1.402e-003  1.402e-003
54 1-3 -5.151e-007 -3.549e-007  8.700e-007
54 2-1 -8.853e-006  8.806e-006  4.682e-008  1.365e-004
54 2-2  9.034e-006 -9.012e-006 -2.173e-008 -1.361e-004  1.373e-004
54 2-3 -1.810e-007  2.061e-007 -2.509e-008 -3.997e-007 -1.144e-006  1.544e-006
55  6.107e-001  3.885e-001  7.844e-004  8.086e-002  9.148e-001  4.381e-003 
55 1-1  1.248e-003
55 1-2 -1.247e-003  1.247e-003
55 1-3 -7.175e-007 -4.525e-007  1.170e-006
55 2-1 -7.684e-006  7.629e-006  5.497e-008  1.138e-004
55 2-2  7.838e-006 -7.814e-006 -2.309e-008 -1.134e-004  1.149e-004
55 2-3 -1.540e-007  1.858e-007 -3.188e-008 -3.893e-007 -1.500e-006  1.889e-006
56  6.072e-001  3.918e-001  9.439e-004  7.780e-002  9.172e-001  5.037e-003 
56 1-1  1.111e-003
56 1-2 -1.110e-003  1.110e-003
56 1-3 -9.883e-007 -5.811e-007  1.569e-006
56 2-1 -6.691e-006  6.626e-006  6.453e-008  9.484e-005
56 2-2  6.810e-006 -6.786e-006 -2.418e-008 -9.445e-005  9.638e-005
56 2-3 -1.197e-007  1.601e-007 -4.036e-008 -3.828e-007 -1.922e-006  2.304e-006
57  6.037e-001  3.951e-001  1.136e-003  7.483e-002  9.194e-001  5.790e-003 
57 1-1  9.924e-004
57 1-2 -9.910e-004  9.918e-004
57 1-3 -1.348e-006 -7.515e-007  2.099e-006
57 2-1 -5.862e-006  5.786e-006  7.574e-008  7.914e-005
57 2-2  5.939e-006 -5.915e-006 -2.485e-008 -7.876e-005  8.118e-005
57 2-3 -7.779e-008  1.287e-007 -5.089e-008 -3.811e-007 -2.420e-006  2.801e-006
58  6.002e-001  3.985e-001  1.367e-003  7.197e-002  9.214e-001  6.654e-003 
58 1-1  8.925e-004
58 1-2 -8.907e-004  8.917e-004
58 1-3 -1.821e-006 -9.786e-007  2.799e-006
58 2-1 -5.185e-006  5.096e-006  8.886e-008  6.629e-005
58 2-2  5.213e-006 -5.188e-006 -2.494e-008 -6.590e-005  6.891e-005
58 2-3 -2.776e-008  9.168e-008 -6.392e-008 -3.852e-007 -3.007e-006  3.392e-006
59  5.966e-001  4.018e-001  1.644e-003  6.919e-002  9.232e-001  7.645e-003 
59 1-1  8.117e-004
59 1-2 -8.093e-004  8.106e-004
59 1-3 -2.439e-006 -1.283e-006  3.721e-006
59 2-1 -4.648e-006  4.544e-006  1.042e-007  5.590e-005
59 2-2  4.618e-006 -4.594e-006 -2.426e-008 -5.551e-005  5.921e-005
59 2-3  3.049e-008  4.945e-008 -7.994e-008 -3.960e-007 -3.697e-006  4.093e-006
60  5.930e-001  4.051e-001  1.978e-003  6.651e-002  9.247e-001  8.781e-003 
60 1-1  7.504e-004
60 1-2 -7.472e-004  7.489e-004
60 1-3 -3.240e-006 -1.690e-006  4.931e-006
60 2-1 -4.241e-006  4.119e-006  1.221e-007  4.764e-005
60 2-2  4.145e-006 -4.122e-006 -2.259e-008 -4.722e-005  5.173e-005
60 2-3  9.673e-008  2.807e-009 -9.953e-008 -4.146e-007 -4.503e-006  4.918e-006
61  5.893e-001  4.083e-001  2.379e-003  6.391e-002  9.260e-001  1.008e-002 
61 1-1  7.089e-004
61 1-2 -7.046e-004  7.069e-004
61 1-3 -4.273e-006 -2.237e-006  6.510e-006
61 2-1 -3.952e-006  3.809e-006  1.430e-007  4.118e-005
61 2-2  3.782e-006 -3.763e-006 -1.967e-008 -4.074e-005  4.618e-005
61 2-3  1.702e-007 -4.686e-008 -1.233e-007 -4.419e-007 -5.442e-006  5.884e-006
62  5.856e-001  4.116e-001  2.861e-003  6.139e-002  9.270e-001  1.158e-002 
62 1-1  6.875e-004
62 1-2 -6.819e-004  6.849e-004
62 1-3 -5.593e-006 -2.970e-006  8.563e-006
62 2-1 -3.772e-006  3.604e-006  1.673e-007  3.626e-005
62 2-2  3.522e-006 -3.507e-006 -1.522e-008 -3.578e-005  4.231e-005
62 2-3  2.495e-007 -9.738e-008 -1.521e-007 -4.787e-007 -6.529e-006  7.007e-006
63  5.818e-001  4.148e-001  3.441e-003  5.896e-002  9.278e-001  1.329e-002 
63 1-1  6.866e-004
63 1-2 -6.793e-004  6.833e-004
63 1-3 -7.269e-006 -3.951e-006  1.122e-005
63 2-1 -3.689e-006  3.493e-006  1.956e-007  3.262e-005
63 2-2  3.356e-006 -3.347e-006 -8.929e-009 -3.209e-005  3.987e-005
63 2-3  3.323e-007 -1.456e-007 -1.867e-007 -5.258e-007 -7.780e-006  8.306e-006
64  5.779e-001  4.179e-001  4.137e-003  5.660e-002  9.282e-001  1.524e-002 
64 1-1  7.063e-004
64 1-2 -6.969e-004  7.022e-004
64 1-3 -9.383e-006 -5.261e-006  1.464e-005
64 2-1 -3.694e-006  3.465e-006  2.284e-007  3.005e-005
64 2-2  3.279e-006 -3.278e-006 -4.167e-010 -2.947e-005  3.868e-005
64 2-3  4.151e-007 -1.871e-007 -2.280e-007 -5.837e-007 -9.213e-006  9.797e-006
65  5.740e-001  4.210e-001  4.973e-003  5.432e-002  9.282e-001  1.748e-002 
65 1-1  7.469e-004
65 1-2 -7.348e-004  7.418e-004
65 1-3 -1.203e-005 -7.003e-006  1.903e-005
65 2-1 -3.777e-006  3.511e-006  2.663e-007  2.835e-005
65 2-2  3.284e-006 -3.295e-006  1.077e-008 -2.770e-005  3.854e-005
65 2-3  4.930e-007 -2.159e-007 -2.771e-007 -6.530e-007 -1.084e-005  1.150e-005
66  5.699e-001  4.241e-001  5.976e-003  5.210e-002  9.279e-001  2.004e-002 
66 1-1  8.084e-004
66 1-2 -7.931e-004  8.024e-004
66 1-3 -1.532e-005 -9.315e-006  2.463e-005
66 2-1 -3.930e-006  3.620e-006  3.102e-007  2.736e-005
66 2-2  3.371e-006 -3.396e-006  2.524e-008 -2.663e-005  3.932e-005
66 2-3  5.593e-007 -2.239e-007 -3.354e-007 -7.337e-007 -1.269e-005  1.342e-005
67  5.658e-001  4.270e-001  7.181e-003  4.995e-002  9.271e-001  2.296e-002 
67 1-1  8.910e-004
67 1-2 -8.716e-004  8.840e-004
67 1-3 -1.938e-005 -1.237e-005  3.175e-005
67 2-1 -4.144e-006  3.783e-006  3.606e-007  2.693e-005
67 2-2  3.539e-006 -3.583e-006  4.394e-008 -2.610e-005  4.086e-005
67 2-3  6.053e-007 -2.007e-007 -4.046e-007 -8.260e-007 -1.476e-005  1.559e-005
68  5.615e-001  4.299e-001  8.625e-003  4.787e-002  9.258e-001  2.629e-002 
68 1-1  9.945e-004
68 1-2 -9.701e-004  9.865e-004
68 1-3 -2.437e-005 -1.640e-005  4.076e-005
68 2-1 -4.409e-006  3.991e-006  4.187e-007  2.692e-005
68 2-2  3.790e-006 -3.858e-006  6.842e-008 -2.599e-005  4.307e-005
68 2-3  6.197e-007 -1.326e-007 -4.871e-007 -9.297e-007 -1.708e-005  1.801e-005
69  5.571e-001  4.326e-001  1.036e-002  4.585e-002  9.241e-001  3.009e-002 
69 1-1  1.119e-003
69 1-2 -1.088e-003  1.110e-003
69 1-3 -3.045e-005 -2.169e-005  5.214e-005
69 2-1 -4.718e-006  4.233e-006  4.853e-007  2.722e-005
69 2-2  4.129e-006 -4.231e-006  1.013e-007 -2.618e-005  4.586e-005
69 2-3  5.888e-007 -2.243e-009 -5.866e-007 -1.045e-006 -1.968e-005  2.072e-005
70  5.524e-001  4.351e-001  1.243e-002  4.388e-002  9.217e-001  3.442e-002 
70 1-1  1.263e-003
70 1-2 -1.225e-003  1.254e-003
70 1-3 -3.784e-005 -2.866e-005  6.650e-005
70 2-1 -5.062e-006  4.500e-006  5.615e-007  2.774e-005
70 2-2  4.566e-006 -4.713e-006  1.473e-007 -2.657e-005  4.916e-005
70 2-3  4.960e-007  2.127e-007 -7.088e-007 -1.171e-006 -2.259e-005  2.376e-005
71  5.476e-001  4.375e-001  1.491e-002  4.197e-002  9.187e-001  3.934e-002 
71 1-1  1.428e-003
71 1-2 -1.381e-003  1.419e-003
71 1-3 -4.683e-005 -3.782e-005  8.465e-005
71 2-1 -5.432e-006  4.784e-006  6.486e-007  2.838e-005
71 2-2  5.110e-006 -5.324e-006  2.142e-007 -2.707e-005  5.295e-005
71 2-3  3.222e-007  5.406e-007 -8.628e-007 -1.309e-006 -2.588e-005  2.719e-005
72  5.425e-001  4.397e-001  1.788e-002  4.011e-002  9.150e-001  4.493e-002 
72 1-1  1.611e-003
72 1-2 -1.553e-003  1.603e-003
72 1-3 -5.781e-005 -4.992e-005  1.077e-004
72 2-1 -5.821e-006  5.073e-006  7.479e-007  2.907e-005
72 2-2  5.775e-006 -6.091e-006  3.158e-007 -2.761e-005  5.726e-005
72 2-3  4.644e-008  1.017e-006 -1.064e-006 -1.461e-006 -2.965e-005  3.112e-005
73  5.371e-001  4.415e-001  2.143e-002  3.830e-002  9.104e-001  5.127e-002 
73 1-1  1.813e-003
73 1-2 -1.741e-003  1.807e-003
73 1-3 -7.136e-005 -6.601e-005  1.374e-004
73 2-1 -6.220e-006  5.359e-006  8.611e-007  2.975e-005
73 2-2  6.573e-006 -7.048e-006  4.747e-007 -2.812e-005  6.221e-005
73 2-3 -3.527e-007  1.689e-006 -1.336e-006 -1.631e-006 -3.409e-005  3.572e-005
74  5.313e-001  4.431e-001  2.565e-002  3.654e-002  9.050e-001  5.844e-002 
74 1-1  2.031e-003
74 1-2 -1.943e-003  2.030e-003
74 1-3 -8.839e-005 -8.762e-005  1.760e-004
74 2-1 -6.622e-006  5.632e-006  9.901e-007  3.038e-005
74 2-2  7.516e-006 -8.244e-006  7.276e-007 -2.855e-005  6.802e-005
74 2-3 -8.945e-007  2.612e-006 -1.718e-006 -1.823e-006 -3.946e-005  4.129e-005
75  5.251e-001  4.442e-001  3.069e-002  3.481e-002  8.986e-001  6.655e-002 
75 1-1  2.265e-003
75 1-2 -2.154e-003  2.271e-003
75 1-3 -1.104e-004 -1.170e-004  2.274e-004
75 2-1 -7.018e-006  5.880e-006  1.137e-006  3.089e-005
75 2-2  8.610e-006 -9.743e-006  1.133e-006 -2.884e-005  7.507e-005
75 2-3 -1.592e-006  3.862e-006 -2.270e-006 -2.050e-006 -4.623e-005  4.828e-005
76  5.185e-001  4.449e-001  3.667e-002  3.313e-002  8.912e-001  7.568e-002 
76 1-1  2.512e-003
76 1-2 -2.372e-003  2.530e-003
76 1-3 -1.399e-004 -1.576e-004  2.975e-004
76 2-1 -7.400e-006  6.095e-006  1.305e-006  3.126e-005
76 2-2  9.846e-006 -1.163e-005  1.782e-006 -2.894e-005  8.399e-005
76 2-3 -2.446e-006  5.534e-006 -3.088e-006 -2.326e-006 -5.505e-005  5.738e-005
77  5.113e-001  4.450e-001  4.377e-002  3.148e-002  8.826e-001  8.595e-002 
77 1-1  2.772e-003
77 1-2 -2.591e-003  2.806e-003
77 1-3 -1.810e-004 -2.146e-004  3.956e-004
77 2-1 -7.761e-006  6.264e-006  1.498e-006  3.147e-005
77 2-2  1.120e-005 -1.401e-005  2.813e-006 -2.879e-005  9.572e-005
77 2-3 -3.438e-006  7.749e-006 -4.311e-006 -2.675e-006 -6.693e-005  6.961e-005
78  5.034e-001  4.444e-001  5.216e-002  2.987e-002  8.727e-001  9.745e-002 
78 1-1  3.044e-003
78 1-2 -2.804e-003  3.100e-003
78 1-3 -2.401e-004 -2.961e-004  5.362e-004
78 2-1 -8.095e-006  6.377e-006  1.719e-006  3.148e-005
78 2-2  1.261e-005 -1.704e-005  4.429e-006 -2.835e-005  1.116e-004
78 2-3 -4.514e-006  1.066e-005 -6.148e-006 -3.130e-006 -8.328e-005  8.641e-005
79  4.948e-001  4.431e-001  6.206e-002  2.829e-002  8.614e-001  1.103e-001 
79 1-1  3.327e-003
79 1-2 -3.000e-003  3.414e-003
79 1-3 -3.279e-004 -4.141e-004  7.419e-004
79 2-1 -8.396e-006  6.422e-006  1.974e-006  3.129e-005
79 2-2  1.397e-005 -2.090e-005  6.923e-006 -2.755e-005  1.336e-004
79 2-3 -5.577e-006  1.447e-005 -8.897e-006 -3.734e-006 -1.061e-004  1.098e-004
80  4.854e-001  4.409e-001  7.368e-002  2.675e-002  8.486e-001  1.246e-001 
80 1-1  3.625e-003
80 1-2 -3.165e-003  3.751e-003
80 1-3 -4.601e-004 -5.865e-004  1.047e-003
80 2-1 -8.658e-006  6.387e-006  2.271e-006  3.088e-005
80 2-2  1.512e-005 -2.582e-005  1.070e-005 -2.634e-005  1.642e-004
80 2-3 -6.463e-006  1.944e-005 -1.297e-005 -4.542e-006 -1.379e-004  1.424e-004
81  4.750e-001  4.377e-001  8.727e-002  2.523e-002  8.343e-001  1.405e-001 
81 1-1  3.941e-003
81 1-2 -3.280e-003  4.120e-003
81 1-3 -6.607e-004 -8.397e-004  1.500e-003
81 2-1 -8.878e-006  6.261e-006  2.617e-006  3.026e-005
81 2-2  1.581e-005 -3.212e-005  1.632e-005 -2.464e-005  2.068e-004
81 2-3 -6.928e-006  2.586e-005 -1.893e-005 -5.620e-006 -1.821e-004  1.877e-004
82  4.636e-001  4.333e-001  1.031e-001  2.375e-002  8.182e-001  1.580e-001 
82 1-1  4.285e-003
82 1-2 -3.321e-003  4.532e-003
82 1-3 -9.636e-004 -1.211e-003  2.174e-003
82 2-1 -9.055e-006  6.034e-006  3.021e-006  2.943e-005
82 2-2  1.568e-005 -4.017e-005  2.448e-005 -2.238e-005  2.653e-004
82 2-3 -6.630e-006  3.413e-005 -2.750e-005 -7.045e-006 -2.429e-004  2.499e-004
83  4.510e-001  4.276e-001  1.214e-001  2.229e-002  8.004e-001  1.773e-001 
83 1-1  4.671e-003
83 1-2 -3.256e-003  5.006e-003
83 1-3 -1.415e-003 -1.750e-003  3.165e-003
83 2-1 -9.188e-006  5.695e-006  3.493e-006  2.840e-005
83 2-2  1.431e-005 -5.039e-005  3.608e-005 -1.950e-005  3.446e-004
83 2-3 -5.121e-006  4.470e-005 -3.957e-005 -8.900e-006 -3.251e-004  3.340e-004
84  4.372e-001  4.204e-001  1.424e-001  2.087e-002  7.808e-001  1.983e-001 
84 1-1  5.121e-003
84 1-2 -3.045e-003  5.569e-003
84 1-3 -2.075e-003 -2.524e-003  4.599e-003
84 2-1 -9.279e-006  5.236e-006  4.043e-006  2.718e-005
84 2-2  1.113e-005 -6.328e-005  5.215e-005 -1.592e-005  4.501e-004
84 2-3 -1.853e-006  5.805e-005 -5.619e-005 -1.127e-005 -4.342e-004  4.455e-004
85  4.220e-001  4.116e-001  1.664e-001  1.947e-002  7.594e-001  2.211e-001 
85 1-1  5.659e-003
85 1-2 -2.643e-003  6.253e-003
85 1-3 -3.016e-003 -3.610e-003  6.626e-003
85 2-1 -9.331e-006  4.654e-006  4.677e-006  2.581e-005
85 2-2  5.535e-006 -7.935e-005  7.381e-005 -1.159e-005  5.874e-004
85 2-3  3.796e-006  7.469e-005 -7.849e-005 -1.421e-005 -5.758e-004  5.900e-004
86  4.054e-001  4.011e-001  1.934e-001  1.811e-002  7.361e-001  2.458e-001 
86 1-1  6.316e-003
86 1-2 -2.000e-003  7.099e-003
86 1-3 -4.316e-003 -5.099e-003  9.415e-003
86 2-1 -9.348e-006  3.950e-006  5.398e-006  2.429e-005
86 2-2 -3.116e-006 -9.905e-005  1.022e-004 -6.505e-006  7.616e-004
86 2-3  1.246e-005  9.510e-005 -1.076e-004 -1.778e-005 -7.551e-004  7.729e-004
87  3.874e-001  3.888e-001  2.237e-001  1.679e-002  7.110e-001  2.723e-001 
87 1-1  7.119e-003
87 1-2 -1.071e-003  8.147e-003
87 1-3 -6.048e-003 -7.076e-003  1.312e-002
87 2-1 -9.333e-006  3.132e-006  6.201e-006  2.266e-005
87 2-2 -1.538e-005 -1.227e-004  1.381e-004 -6.729e-007  9.768e-004
87 2-3  2.471e-005  1.196e-004 -1.443e-004 -2.199e-005 -9.761e-004  9.981e-004
88  3.681e-001  3.747e-001  2.573e-001  1.550e-002  6.841e-001  3.004e-001 
88 1-1  8.087e-003
88 1-2  1.784e-004  9.429e-003
88 1-3 -8.265e-003 -9.607e-003  1.787e-002
88 2-1 -9.287e-006  2.216e-006  7.071e-006  2.096e-005
88 2-2 -3.163e-005 -1.504e-004  1.820e-004  5.828e-006  1.235e-003
88 2-3  4.091e-005  1.482e-004 -1.891e-004 -2.679e-005 -1.241e-003  1.268e-003
89  3.474e-001  3.587e-001  2.939e-001  1.426e-002  6.556e-001  3.301e-001 
89 1-1  9.218e-003
89 1-2  1.756e-003  1.096e-002
89 1-3 -1.097e-002 -1.271e-002  2.369e-002
89 2-1 -9.207e-006  1.228e-006  7.979e-006  1.921e-005
89 2-2 -5.189e-005 -1.818e-004  2.337e-004  1.286e-005  1.536e-003
89 2-3  6.110e-005  1.806e-004 -2.417e-004 -3.207e-005 -1.549e-003  1.581e-003
90  3.256e-001  3.410e-001  3.334e-001  1.305e-002  6.256e-001  3.613e-001 
90 1-1  1.048e-002
90 1-2  3.630e-003  1.271e-002
90 1-3 -1.411e-002 -1.634e-002  3.046e-002
90 2-1 -9.088e-006  2.061e-007  8.882e-006  1.744e-005
90 2-2 -7.576e-005 -2.162e-004  2.920e-004  2.021e-005  1.874e-003
90 2-3  8.485e-005  2.160e-004 -3.009e-004 -3.765e-005 -1.894e-003  1.932e-003