# CZFchr.txt
#IMaCh version 0.99r45, April 2023,INED-EUROREVES-Institut de longevite-Japan Society for the Promotion of Science (Grant-in-Aid for Scientific Research 25293121), Intel Software 2015-2020, Nihon University 2021-202, INED 2000-2022
#$Revision: 1.353 $ $Date: 2023/05/08 18:48:22 $
# Tue Feb 04 22:21:36 2025
#One-step probabilities and stand. devi in ()
# Age p1-1 (SE) p1-2 (SE) p1-3 (SE) p2-1 (SE) p2-2 (SE) p2-3 (SE)
50  6.278e-001 ( 4.679e-002)  3.719e-001 ( 4.679e-002)  3.104e-004 ( 5.096e-004)  9.778e-002 ( 1.662e-002)  9.000e-001 ( 1.661e-002)  2.174e-003 ( 8.181e-004) 
51  6.244e-001 ( 4.436e-002)  3.752e-001 ( 4.436e-002)  3.737e-004 ( 5.937e-004)  9.417e-002 ( 1.525e-002)  9.033e-001 ( 1.525e-002)  2.502e-003 ( 9.100e-004) 
52  6.210e-001 ( 4.199e-002)  3.785e-001 ( 4.199e-002)  4.499e-004 ( 6.910e-004)  9.068e-002 ( 1.398e-002)  9.064e-001 ( 1.398e-002)  2.879e-003 ( 1.011e-003) 
53  6.176e-001 ( 3.968e-002)  3.818e-001 ( 3.967e-002)  5.415e-004 ( 8.033e-004)  8.730e-002 ( 1.279e-002)  9.094e-001 ( 1.280e-002)  3.312e-003 ( 1.122e-003) 
54  6.142e-001 ( 3.745e-002)  3.852e-001 ( 3.744e-002)  6.517e-004 ( 9.327e-004)  8.403e-002 ( 1.168e-002)  9.122e-001 ( 1.172e-002)  3.809e-003 ( 1.243e-003) 
55  6.107e-001 ( 3.532e-002)  3.885e-001 ( 3.532e-002)  7.844e-004 ( 1.082e-003)  8.086e-002 ( 1.067e-002)  9.148e-001 ( 1.072e-002)  4.381e-003 ( 1.375e-003) 
56  6.072e-001 ( 3.333e-002)  3.918e-001 ( 3.332e-002)  9.439e-004 ( 1.253e-003)  7.780e-002 ( 9.738e-003)  9.172e-001 ( 9.817e-003)  5.037e-003 ( 1.518e-003) 
57  6.037e-001 ( 3.150e-002)  3.951e-001 ( 3.149e-002)  1.136e-003 ( 1.449e-003)  7.483e-002 ( 8.896e-003)  9.194e-001 ( 9.010e-003)  5.790e-003 ( 1.674e-003) 
58  6.002e-001 ( 2.987e-002)  3.985e-001 ( 2.986e-002)  1.367e-003 ( 1.673e-003)  7.197e-002 ( 8.142e-003)  9.214e-001 ( 8.301e-003)  6.654e-003 ( 1.842e-003) 
59  5.966e-001 ( 2.849e-002)  4.018e-001 ( 2.847e-002)  1.644e-003 ( 1.929e-003)  6.919e-002 ( 7.477e-003)  9.232e-001 ( 7.695e-003)  7.645e-003 ( 2.023e-003) 
60  5.930e-001 ( 2.739e-002)  4.051e-001 ( 2.737e-002)  1.978e-003 ( 2.220e-003)  6.651e-002 ( 6.902e-003)  9.247e-001 ( 7.192e-003)  8.781e-003 ( 2.218e-003) 
61  5.893e-001 ( 2.663e-002)  4.083e-001 ( 2.659e-002)  2.379e-003 ( 2.551e-003)  6.391e-002 ( 6.417e-003)  9.260e-001 ( 6.796e-003)  1.008e-002 ( 2.426e-003) 
62  5.856e-001 ( 2.622e-002)  4.116e-001 ( 2.617e-002)  2.861e-003 ( 2.926e-003)  6.139e-002 ( 6.021e-003)  9.270e-001 ( 6.504e-003)  1.158e-002 ( 2.647e-003) 
63  5.818e-001 ( 2.620e-002)  4.148e-001 ( 2.614e-002)  3.441e-003 ( 3.350e-003)  5.896e-002 ( 5.711e-003)  9.278e-001 ( 6.315e-003)  1.329e-002 ( 2.882e-003) 
64  5.779e-001 ( 2.658e-002)  4.179e-001 ( 2.650e-002)  4.137e-003 ( 3.827e-003)  5.660e-002 ( 5.482e-003)  9.282e-001 ( 6.219e-003)  1.524e-002 ( 3.130e-003) 
65  5.740e-001 ( 2.733e-002)  4.210e-001 ( 2.724e-002)  4.973e-003 ( 4.363e-003)  5.432e-002 ( 5.325e-003)  9.282e-001 ( 6.208e-003)  1.748e-002 ( 3.391e-003) 
66  5.699e-001 ( 2.843e-002)  4.241e-001 ( 2.833e-002)  5.976e-003 ( 4.963e-003)  5.210e-002 ( 5.231e-003)  9.279e-001 ( 6.270e-003)  2.004e-002 ( 3.663e-003) 
67  5.658e-001 ( 2.985e-002)  4.270e-001 ( 2.973e-002)  7.181e-003 ( 5.635e-003)  4.995e-002 ( 5.189e-003)  9.271e-001 ( 6.393e-003)  2.296e-002 ( 3.948e-003) 
68  5.615e-001 ( 3.154e-002)  4.299e-001 ( 3.141e-002)  8.625e-003 ( 6.384e-003)  4.787e-002 ( 5.189e-003)  9.258e-001 ( 6.563e-003)  2.629e-002 ( 4.244e-003) 
69  5.571e-001 ( 3.345e-002)  4.326e-001 ( 3.332e-002)  1.036e-002 ( 7.221e-003)  4.585e-002 ( 5.218e-003)  9.241e-001 ( 6.772e-003)  3.009e-002 ( 4.552e-003) 
70  5.524e-001 ( 3.554e-002)  4.351e-001 ( 3.541e-002)  1.243e-002 ( 8.155e-003)  4.388e-002 ( 5.267e-003)  9.217e-001 ( 7.011e-003)  3.442e-002 ( 4.875e-003) 
71  5.476e-001 ( 3.779e-002)  4.375e-001 ( 3.767e-002)  1.491e-002 ( 9.201e-003)  4.197e-002 ( 5.327e-003)  9.187e-001 ( 7.277e-003)  3.934e-002 ( 5.214e-003) 
72  5.425e-001 ( 4.014e-002)  4.397e-001 ( 4.004e-002)  1.788e-002 ( 1.038e-002)  4.011e-002 ( 5.392e-003)  9.150e-001 ( 7.567e-003)  4.493e-002 ( 5.578e-003) 
73  5.371e-001 ( 4.258e-002)  4.415e-001 ( 4.251e-002)  2.143e-002 ( 1.172e-002)  3.830e-002 ( 5.455e-003)  9.104e-001 ( 7.887e-003)  5.127e-002 ( 5.976e-003) 
74  5.313e-001 ( 4.507e-002)  4.431e-001 ( 4.506e-002)  2.565e-002 ( 1.327e-002)  3.654e-002 ( 5.511e-003)  9.050e-001 ( 8.247e-003)  5.844e-002 ( 6.425e-003) 
75  5.251e-001 ( 4.759e-002)  4.442e-001 ( 4.766e-002)  3.069e-002 ( 1.508e-002)  3.481e-002 ( 5.558e-003)  8.986e-001 ( 8.664e-003)  6.655e-002 ( 6.948e-003) 
76  5.185e-001 ( 5.012e-002)  4.449e-001 ( 5.030e-002)  3.667e-002 ( 1.725e-002)  3.313e-002 ( 5.591e-003)  8.912e-001 ( 9.165e-003)  7.568e-002 ( 7.575e-003) 
77  5.113e-001 ( 5.265e-002)  4.450e-001 ( 5.297e-002)  4.377e-002 ( 1.989e-002)  3.148e-002 ( 5.610e-003)  8.826e-001 ( 9.784e-003)  8.595e-002 ( 8.343e-003) 
78  5.034e-001 ( 5.517e-002)  4.444e-001 ( 5.568e-002)  5.216e-002 ( 2.316e-002)  2.987e-002 ( 5.611e-003)  8.727e-001 ( 1.057e-002)  9.745e-002 ( 9.296e-003) 
79  4.948e-001 ( 5.768e-002)  4.431e-001 ( 5.843e-002)  6.206e-002 ( 2.724e-002)  2.829e-002 ( 5.594e-003)  8.614e-001 ( 1.156e-002)  1.103e-001 ( 1.048e-002) 
80  4.854e-001 ( 6.021e-002)  4.409e-001 ( 6.125e-002)  7.368e-002 ( 3.235e-002)  2.675e-002 ( 5.557e-003)  8.486e-001 ( 1.282e-002)  1.246e-001 ( 1.193e-002) 
81  4.750e-001 ( 6.278e-002)  4.377e-001 ( 6.419e-002)  8.727e-002 ( 3.874e-002)  2.523e-002 ( 5.501e-003)  8.343e-001 ( 1.438e-002)  1.405e-001 ( 1.370e-002) 
82  4.636e-001 ( 6.546e-002)  4.333e-001 ( 6.732e-002)  1.031e-001 ( 4.663e-002)  2.375e-002 ( 5.425e-003)  8.182e-001 ( 1.629e-002)  1.580e-001 ( 1.581e-002) 
83  4.510e-001 ( 6.835e-002)  4.276e-001 ( 7.076e-002)  1.214e-001 ( 5.626e-002)  2.229e-002 ( 5.329e-003)  8.004e-001 ( 1.856e-002)  1.773e-001 ( 1.828e-002) 
84  4.372e-001 ( 7.156e-002)  4.204e-001 ( 7.463e-002)  1.424e-001 ( 6.782e-002)  2.087e-002 ( 5.214e-003)  7.808e-001 ( 2.122e-002)  1.983e-001 ( 2.111e-002) 
85  4.220e-001 ( 7.523e-002)  4.116e-001 ( 7.908e-002)  1.664e-001 ( 8.140e-002)  1.947e-002 ( 5.080e-003)  7.594e-001 ( 2.424e-002)  2.211e-001 ( 2.429e-002) 
86  4.054e-001 ( 7.947e-002)  4.011e-001 ( 8.426e-002)  1.934e-001 ( 9.703e-002)  1.811e-002 ( 4.928e-003)  7.361e-001 ( 2.760e-002)  2.458e-001 ( 2.780e-002) 
87  3.874e-001 ( 8.437e-002)  3.888e-001 ( 9.026e-002)  2.237e-001 ( 1.146e-001)  1.679e-002 ( 4.761e-003)  7.110e-001 ( 3.125e-002)  2.723e-001 ( 3.159e-002) 
88  3.681e-001 ( 8.993e-002)  3.747e-001 ( 9.710e-002)  2.573e-001 ( 1.337e-001)  1.550e-002 ( 4.578e-003)  6.841e-001 ( 3.514e-002)  3.004e-001 ( 3.561e-002) 
89  3.474e-001 ( 9.601e-002)  3.587e-001 ( 1.047e-001)  2.939e-001 ( 1.539e-001)  1.426e-002 ( 4.383e-003)  6.556e-001 ( 3.919e-002)  3.301e-001 ( 3.976e-002) 
90  3.256e-001 ( 1.024e-001)  3.410e-001 ( 1.127e-001)  3.334e-001 ( 1.745e-001)  1.305e-002 ( 4.176e-003)  6.256e-001 ( 4.329e-002)  3.613e-001 ( 4.395e-002) 