
#****** ******
# CZFchr.txt
#IMaCh version 0.99r45, April 2023,INED-EUROREVES-Institut de longevite-Japan Society for the Promotion of Science (Grant-in-Aid for Scientific Research 25293121), Intel Software 2015-2020, Nihon University 2021-202, INED 2000-2022
#$Revision: 1.353 $ $Date: 2023/05/08 18:48:22 $
# Tue Feb 04 22:21:36 2025
# Health expectancies with standard errors
# Age e11 (SE) e12 (SE) e1.  e21 (SE) e22 (SE) e2. 
 50    6.9491 (0.5455)   26.0498 (0.8324)   32.9988 (0.7134)    3.6808 (0.3765)   29.1530 (0.7635)   32.8338 (0.7380)
 51    6.7404 (0.5147)   25.2982 (0.8098)   32.0386 (0.7080)    3.4716 (0.3548)   28.3855 (0.7509)   31.8571 (0.7335)
 52    6.5386 (0.4870)   24.5442 (0.7894)   31.0829 (0.7024)    3.2706 (0.3358)   27.6131 (0.7395)   30.8837 (0.7285)
 53    6.3438 (0.4625)   23.7883 (0.7710)   30.1321 (0.6966)    3.0775 (0.3192)   26.8364 (0.7291)   29.9139 (0.7232)
 54    6.1556 (0.4410)   23.0312 (0.7544)   29.1867 (0.6906)    2.8923 (0.3047)   26.0559 (0.7193)   28.9482 (0.7174)
 55    5.9738 (0.4226)   22.2734 (0.7396)   28.2473 (0.6846)    2.7147 (0.2919)   25.2725 (0.7100)   27.9872 (0.7112)
 56    5.7984 (0.4072)   21.5158 (0.7264)   27.3142 (0.6785)    2.5446 (0.2804)   24.4867 (0.7010)   27.0312 (0.7046)
 57    5.6291 (0.3946)   20.7589 (0.7146)   26.3880 (0.6725)    2.3817 (0.2701)   23.6993 (0.6921)   26.0810 (0.6976)
 58    5.4657 (0.3848)   20.0036 (0.7042)   25.4694 (0.6666)    2.2259 (0.2606)   22.9111 (0.6833)   25.1370 (0.6902)
 59    5.3081 (0.3776)   19.2507 (0.6950)   24.5588 (0.6608)    2.0771 (0.2517)   22.1229 (0.6744)   24.2000 (0.6825)
 60    5.1560 (0.3727)   18.5010 (0.6870)   23.6570 (0.6553)    1.9351 (0.2431)   21.3357 (0.6654)   23.2707 (0.6744)
 61    5.0093 (0.3700)   17.7552 (0.6802)   22.7645 (0.6502)    1.7996 (0.2348)   20.5503 (0.6564)   22.3499 (0.6661)
 62    4.8676 (0.3693)   17.0143 (0.6743)   21.8819 (0.6454)    1.6706 (0.2266)   19.7677 (0.6472)   21.4383 (0.6576)
 63    4.7309 (0.3702)   16.2792 (0.6694)   21.0101 (0.6412)    1.5479 (0.2184)   18.9889 (0.6380)   20.5368 (0.6489)
 64    4.5989 (0.3726)   15.5507 (0.6654)   20.1495 (0.6376)    1.4313 (0.2101)   18.2151 (0.6288)   19.6464 (0.6402)
 65    4.4713 (0.3761)   14.8298 (0.6623)   19.3010 (0.6345)    1.3207 (0.2017)   17.4473 (0.6196)   18.7680 (0.6315)
 66    4.3478 (0.3805)   14.1173 (0.6598)   18.4652 (0.6321)    1.2160 (0.1933)   16.6867 (0.6106)   17.9027 (0.6229)
 67    4.2283 (0.3855)   13.4143 (0.6581)   17.6427 (0.6303)    1.1169 (0.1846)   15.9345 (0.6018)   17.0514 (0.6145)
 68    4.1125 (0.3910)   12.7217 (0.6569)   16.8342 (0.6293)    1.0234 (0.1759)   15.1919 (0.5933)   16.2154 (0.6064)
 69    3.9999 (0.3965)   12.0404 (0.6562)   16.0403 (0.6289)    0.9354 (0.1671)   14.4603 (0.5851)   15.3956 (0.5987)
 70    3.8904 (0.4021)   11.3714 (0.6560)   15.2618 (0.6293)    0.8526 (0.1582)   13.7408 (0.5774)   14.5933 (0.5914)
 71    3.7836 (0.4073)   10.7155 (0.6562)   14.4991 (0.6305)    0.7749 (0.1493)   13.0348 (0.5703)   13.8097 (0.5846)
 72    3.6791 (0.4121)   10.0737 (0.6568)   13.7529 (0.6327)    0.7022 (0.1404)   12.3436 (0.5636)   13.0457 (0.5783)
 73    3.5767 (0.4162)    9.4469 (0.6578)   13.0236 (0.6361)    0.6344 (0.1316)   11.6684 (0.5575)   12.3027 (0.5724)
 74    3.4758 (0.4196)    8.8360 (0.6594)   12.3119 (0.6411)    0.5712 (0.1229)   11.0105 (0.5518)   11.5818 (0.5670)
 75    3.3763 (0.4220)    8.2418 (0.6616)   11.6181 (0.6481)    0.5127 (0.1143)   10.3712 (0.5466)   10.8839 (0.5619)
 76    3.2777 (0.4235)    7.6652 (0.6647)   10.9429 (0.6578)    0.4585 (0.1060)    9.7517 (0.5416)   10.2102 (0.5571)
 77    3.1797 (0.4240)    7.1069 (0.6690)   10.2866 (0.6709)    0.4086 (0.0979)    9.1529 (0.5369)    9.5615 (0.5523)
 78    3.0819 (0.4236)    6.5678 (0.6747)    9.6497 (0.6880)    0.3627 (0.0901)    8.5760 (0.5321)    8.9388 (0.5475)
 79    2.9841 (0.4223)    6.0486 (0.6821)    9.0327 (0.7098)    0.3208 (0.0826)    8.0219 (0.5272)    8.3428 (0.5424)
 80    2.8861 (0.4205)    5.5501 (0.6914)    8.4362 (0.7367)    0.2826 (0.0754)    7.4914 (0.5218)    7.7741 (0.5368)
 81    2.7876 (0.4184)    5.0730 (0.7025)    7.8606 (0.7687)    0.2480 (0.0686)    6.9852 (0.5160)    7.2332 (0.5305)
 82    2.6887 (0.4163)    4.6179 (0.7152)    7.3066 (0.8054)    0.2168 (0.0622)    6.5037 (0.5093)    6.7205 (0.5235)
 83    2.5892 (0.4144)    4.1856 (0.7292)    6.7748 (0.8458)    0.1887 (0.0562)    6.0475 (0.5018)    6.2362 (0.5154)
 84    2.4894 (0.4132)    3.7766 (0.7435)    6.2660 (0.8885)    0.1637 (0.0505)    5.6167 (0.4932)    5.7804 (0.5062)
 85    2.3895 (0.4127)    3.3915 (0.7572)    5.7810 (0.9316)    0.1414 (0.0452)    5.2114 (0.4834)    5.3528 (0.4957)
 86    2.2898 (0.4130)    3.0307 (0.7690)    5.3205 (0.9729)    0.1217 (0.0404)    4.8314 (0.4723)    4.9531 (0.4840)
 87    2.1908 (0.4137)    2.6946 (0.7777)    4.8854 (1.0101)    0.1044 (0.0359)    4.4767 (0.4600)    4.5810 (0.4709)
 88    2.0931 (0.4145)    2.3833 (0.7820)    4.4764 (1.0407)    0.0892 (0.0317)    4.1466 (0.4464)    4.2358 (0.4566)
 89    1.9974 (0.4148)    2.0968 (0.7807)    4.0942 (1.0629)    0.0760 (0.0280)    3.8406 (0.4316)    3.9166 (0.4410)
 90    1.9043 (0.4137)    1.8350 (0.7731)    3.7393 (1.0747)    0.0646 (0.0246)    3.5581 (0.4156)    3.6227 (0.4243)
