
#****** ******
# CZFchr.txt
#IMaCh version 0.99r45, April 2023,INED-EUROREVES-Institut de longevite-Japan Society for the Promotion of Science (Grant-in-Aid for Scientific Research 25293121), Intel Software 2015-2020, Nihon University 2021-202, INED 2000-2022
#$Revision: 1.353 $ $Date: 2023/05/08 18:48:22 $
# Tue Feb 04 22:21:36 2025
# Variance and covariance of health expectancies e.j 
#  (weighted average of eij where weights are the age specific period (stable) prevalences in each health state 
# Age Cov(e.1, e.1) Cov(e.1, e.2) Cov(e.2, e.1) Cov(e.2, e.2)
50  0.2859 -0.2285 -0.2285 0.7061
51  0.2455 -0.1908 -0.1908 0.6642
52  0.2118 -0.1593 -0.1593 0.6276
53  0.1837 -0.1333 -0.1333 0.5960
54  0.1605 -0.1121 -0.1121 0.5685
55  0.1413 -0.0949 -0.0949 0.5445
56  0.1256 -0.0810 -0.0810 0.5232
57  0.1126 -0.0698 -0.0698 0.5042
58  0.1020 -0.0608 -0.0608 0.4870
59  0.0932 -0.0537 -0.0537 0.4712
60  0.0858 -0.0479 -0.0479 0.4564
61  0.0797 -0.0433 -0.0433 0.4426
62  0.0744 -0.0395 -0.0395 0.4295
63  0.0698 -0.0363 -0.0363 0.4169
64  0.0657 -0.0336 -0.0336 0.4049
65  0.0620 -0.0312 -0.0312 0.3933
66  0.0585 -0.0291 -0.0291 0.3822
67  0.0552 -0.0270 -0.0270 0.3716
68  0.0520 -0.0251 -0.0251 0.3615
69  0.0488 -0.0231 -0.0231 0.3520
70  0.0331 -0.0317 -0.0317 0.4205
71  0.0428 -0.0194 -0.0194 0.3345
72  0.0398 -0.0176 -0.0176 0.3267
73  0.0369 -0.0158 -0.0158 0.3194
74  0.0341 -0.0140 -0.0140 0.3126
75  0.0314 -0.0124 -0.0124 0.3062
76  0.0287 -0.0108 -0.0108 0.3001
77  0.0262 -0.0093 -0.0093 0.2941
78  0.0238 -0.0079 -0.0079 0.2881
79  0.0216 -0.0067 -0.0067 0.2820
80  0.0195 -0.0056 -0.0056 0.2755
81  0.0175 -0.0046 -0.0046 0.2685
82  0.0157 -0.0039 -0.0039 0.2608
83  0.0141 -0.0033 -0.0033 0.2524
84  0.0126 -0.0028 -0.0028 0.2432
85  0.0113 -0.0025 -0.0025 0.2330
86  0.0101 -0.0023 -0.0023 0.2221
87  0.0091 -0.0023 -0.0023 0.2104
88  0.0082 -0.0023 -0.0023 0.1980
89  0.0074 -0.0025 -0.0025 0.1850
90  0.0067 -0.0027 -0.0027 0.1718
