
#****** ******
# CZFchr.txt
#IMaCh version 0.99r45, April 2023,INED-EUROREVES-Institut de longevite-Japan Society for the Promotion of Science (Grant-in-Aid for Scientific Research 25293121), Intel Software 2015-2020, Nihon University 2021-202, INED 2000-2022
#$Revision: 1.353 $ $Date: 2023/05/08 18:48:22 $
# Tue Feb 04 22:21:36 2025
# Standard deviation of period (forward stable) prevalences 
# Age  Result#  1-1 2-2
50 1  0.24340 (0.04906) 0.75674 (0.04898)
51 1  0.23519 (0.04586) 0.76488 (0.04582)
52 1  0.22718 (0.04276) 0.77289 (0.04272)
53 1  0.21935 (0.03978) 0.78074 (0.03974)
54 1  0.21168 (0.03691) 0.78840 (0.03687)
55 1  0.20420 (0.03416) 0.79589 (0.03412)
56 1  0.19690 (0.03154) 0.80320 (0.03150)
57 1  0.18978 (0.02906) 0.81032 (0.02901)
58 1  0.18285 (0.02672) 0.81726 (0.02667)
59 1  0.17607 (0.02452) 0.82398 (0.02450)
60 1  0.16951 (0.02249) 0.83054 (0.02247)
61 1  0.16314 (0.02063) 0.83691 (0.02060)
62 1  0.15696 (0.01894) 0.84310 (0.01892)
63 1  0.15097 (0.01744) 0.84909 (0.01742)
64 1  0.14517 (0.01614) 0.85489 (0.01612)
65 1  0.13956 (0.01503) 0.86051 (0.01501)
66 1  0.13413 (0.01413) 0.86593 (0.01412)
67 1  0.12889 (0.01344) 0.87118 (0.01342)
68 1  0.12383 (0.01294) 0.87624 (0.01293)
69 1  0.11895 (0.01262) 0.88112 (0.01261)
70 1  0.11425 (0.01427) 0.88582 (0.01419)
71 1  0.10970 (0.01245) 0.89034 (0.01244)
72 1  0.10534 (0.01254) 0.89469 (0.01253)
73 1  0.10116 (0.01271) 0.89888 (0.01271)
74 1  0.09713 (0.01295) 0.90291 (0.01295)
75 1  0.09326 (0.01323) 0.90677 (0.01322)
76 1  0.08955 (0.01353) 0.91049 (0.01352)
77 1  0.08598 (0.01384) 0.91405 (0.01383)
78 1  0.08256 (0.01415) 0.91748 (0.01414)
79 1  0.07927 (0.01446) 0.92077 (0.01445)
80 1  0.07611 (0.01475) 0.92393 (0.01474)
81 1  0.07306 (0.01503) 0.92697 (0.01501)
82 1  0.07013 (0.01529) 0.92990 (0.01527)
83 1  0.06730 (0.01553) 0.93274 (0.01551)
84 1  0.06455 (0.01576) 0.93548 (0.01574)
85 1  0.06189 (0.01597) 0.93814 (0.01596)
86 1  0.05929 (0.01619) 0.94074 (0.01617)
87 1  0.05675 (0.01640) 0.94328 (0.01638)
88 1  0.05425 (0.01663) 0.94578 (0.01661)
89 1  0.05178 (0.01689) 0.94825 (0.01687)
90 1  0.04933 (0.01718) 0.95069 (0.01716)
