# Powell
# iter -2*LL p12 p13 p21 p23
1 1 1988.766057692052 0 0.000000000000 0.000000000000 0.000000000000 0.000000000000 0.000000000000 0.000000000000 0.000000000000 0.000000000000
2 2 1242.866243076174 0 0.907232515774 0.001340355975 -2.609728384460 0.003663693985 -1.798408118595 -0.001311375907 -2.012478395716 0.002404954694
3 2 1189.540854107304 0 0.005996942770 0.002620335349 -3.405390686551 0.007264503738 -2.375744067791 -0.002559856918 -2.257076865278 0.004752797201
4 3 1130.599840805802 0 -2.588165039603 0.029007432201 -8.799069938778 0.081126831945 -0.844698133112 -0.028250757797 -5.694776839766 0.053091712421
5 3 1085.027802758670 0 -3.197274890321 0.044198218478 -11.383591572022 0.123265988279 0.242890179039 -0.042868096203 -7.734816789060 0.079533307715
6 4 1056.657939894692 1 -4.399074364726 0.073123035169 -16.633146590352 0.202133558320 2.100833187281 -0.070122488138 -11.516238738493 0.129490593659
7 4 1055.668742732900 1 -4.479415506601 0.074512164024 -17.063612165475 0.205359067865 2.126345737461 -0.071011876795 -11.792524699060 0.131747365562
8 5 1055.375496442440 1 -4.744881819514 0.077793513957 -17.589794820530 0.212217117125 2.226886711532 -0.072944713626 -12.184251850331 0.136732376402
9 5 1055.283466020006 1 -4.812870242327 0.079137794646 -17.667807636799 0.213607171031 2.240188560257 -0.073094269515 -12.283213584297 0.138025761217
10 6 1053.710941774002 1 -5.920219336590 0.097618340188 -16.043498743076 0.197228575718 1.266837690271 -0.057646315232 -12.409218685363 0.139733658944
11 6 1053.690987420343 1 -5.971095108799 0.098512177058 -16.161891964003 0.198623953691 1.271367844579 -0.057828288985 -12.491297654986 0.140787576688
12 7 1053.671657365943 1 -5.946460028189 0.098512007310 -16.253962069545 0.199969592021 1.247023855479 -0.057493537395 -12.511740300154 0.141053802801
13 7 1053.652206736041 1 -5.941026937501 0.098405228880 -16.319528320866 0.200806642765 1.226372980720 -0.057165188359 -12.520357860689 0.141168033610
14 8 1053.514919890029 1 -5.784370423501 0.095534438193 -17.381512389803 0.213827515293 0.980070458357 -0.053314807682 -12.628530781581 0.142600409874
15 8 1053.513797010884 1 -5.765916676542 0.095236056465 -17.387472629525 0.213747916974 0.983695689386 -0.053378414853 -12.618465636376 0.142470670949
16 9 1053.467298344609 1 -5.538210388400 0.091535990086 -16.669832351394 0.203865194306 0.886733995810 -0.051883620356 -12.512823857222 0.141113781473
17 9 1053.417298785497 1 -5.487432720047 0.090659769101 -16.437890385124 0.200712280205 0.895355777419 -0.052015348894 -12.625626066081 0.142563618476
18 10 1053.371665332453 1 -5.369999449291 0.088557239794 -15.914129600169 0.193502014442 0.924716131279 -0.052471553987 -12.866057773786 0.145650866248
19 10 1053.371632312680 1 -5.370419172063 0.088556319593 -15.930669170008 0.193690349296 0.925071959489 -0.052476468286 -12.867308393362 0.145666174560
20 11 1053.371627075179 1 -5.369896245211 0.088541678161 -15.927017634826 0.193637795339 0.925074930814 -0.052476588704 -12.866055463728 0.145649990121
21 11 1053.371627022299 2 -5.370158257528 0.088545810803 -15.927457133709 0.193643935941 0.925135555701 -0.052477453226 -12.866121294303 0.145650827336
22 12 1053.371627021494 2 -5.370178254796 0.088546108443 -15.927492811775 0.193644381924 0.925145080060 -0.052477600076 -12.866140956204 0.145651079734
23 12 1053.371627021485 2 -5.370179940440 0.088546134812 -15.927497315913 0.193644440736 0.925146215156 -0.052477617594 -12.866143288663 0.145651109688
24 13 1053.371627021485 2 -5.370179940440 0.088546134812 -15.927497315913 0.193644439963 0.925146215156 -0.052477617594 -12.866143288663 0.145651109688
