# HRFchr.txt
#IMaCh version 0.99r45, April 2023,INED-EUROREVES-Institut de longevite-Japan Society for the Promotion of Science (Grant-in-Aid for Scientific Research 25293121), Intel Software 2015-2020, Nihon University 2021-202, INED 2000-2022
#$Revision: 1.353 $ $Date: 2023/05/08 18:48:22 $
# Tue Feb 04 22:21:37 2025
# probabilities of dying before estepm=24 months for people of exact age and weighted probabilities w1*p1j+w2*p2j+... stand dev in()
# Selected quantitative variables and dummies
# Age cov=1 p.3 SE w1 p13 w2 p23
 50 1   2.301e-003  1.422e-003  4.889e-001  1.394e-003   5.113e-001  3.168e-003 
 51 1   2.753e-003  1.577e-003  4.599e-001  1.649e-003   5.403e-001  3.692e-003 
 52 1   3.286e-003  1.748e-003  4.311e-001  1.946e-003   5.691e-001  4.300e-003 
 53 1   3.916e-003  1.937e-003  4.028e-001  2.294e-003   5.974e-001  5.007e-003 
 54 1   4.656e-003  2.147e-003  3.750e-001  2.699e-003   6.252e-001  5.828e-003 
 55 1   5.524e-003  2.375e-003  3.481e-001  3.169e-003   6.521e-001  6.780e-003 
 56 1   6.541e-003  2.642e-003  3.223e-001  3.715e-003   6.779e-001  7.884e-003 
 57 1   7.731e-003  2.933e-003  2.975e-001  4.345e-003   7.026e-001  9.164e-003 
 58 1   9.119e-003  3.258e-003  2.741e-001  5.072e-003   7.260e-001  1.065e-002 
 59 1   1.074e-002  3.619e-003  2.521e-001  5.909e-003   7.480e-001  1.236e-002 
 60 1   1.262e-002  4.017e-003  2.314e-001  6.870e-003   7.686e-001  1.435e-002 
 61 1   1.480e-002  4.455e-003  2.123e-001  7.970e-003   7.878e-001  1.664e-002 
 62 1   1.733e-002  4.933e-003  1.947e-001  9.227e-003   8.054e-001  1.929e-002 
 63 1   2.026e-002  5.449e-003  1.785e-001  1.066e-002   8.216e-001  2.234e-002 
 64 1   2.365e-002  6.003e-003  1.636e-001  1.229e-002   8.364e-001  2.587e-002 
 65 1   2.755e-002  6.593e-003  1.502e-001  1.414e-002   8.499e-001  2.992e-002 
 66 1   3.205e-002  7.214e-003  1.379e-001  1.622e-002   8.622e-001  3.458e-002 
 67 1   3.723e-002  7.864e-003  1.268e-001  1.858e-002   8.733e-001  3.993e-002 
 68 1   4.317e-002  8.539e-003  1.167e-001  2.124e-002   8.833e-001  4.606e-002 
 69 1   4.997e-002  9.236e-003  1.076e-001  2.423e-002   8.924e-001  5.307e-002 
 70 1   5.775e-002  9.953e-003  9.941e-002  2.757e-002   9.006e-001  6.107e-002 
 71 1   6.661e-002  1.069e-002  9.197e-002  3.132e-002   9.081e-001  7.018e-002 
 72 1   7.669e-002  1.146e-002  8.522e-002  3.550e-002   9.148e-001  8.052e-002 
 73 1   8.810e-002  1.228e-002  7.909e-002  4.015e-002   9.209e-001  9.222e-002 
 74 1   1.010e-001  1.318e-002  7.353e-002  4.533e-002   9.265e-001  1.054e-001 
 75 1   1.155e-001  1.419e-002  6.847e-002  5.106e-002   9.316e-001  1.202e-001 
 76 1   1.317e-001  1.538e-002  6.383e-002  5.741e-002   9.362e-001  1.368e-001 
 77 1   1.498e-001  1.681e-002  5.962e-002  6.441e-002   9.404e-001  1.552e-001 
 78 1   1.698e-001  1.856e-002  5.573e-002  7.212e-002   9.443e-001  1.756e-001 
 79 1   1.919e-001  2.069e-002  5.217e-002  8.059e-002   9.478e-001  1.980e-001 
 80 1   2.160e-001  2.325e-002  4.892e-002  8.987e-002   9.511e-001  2.225e-001 
 81 1   2.422e-001  2.626e-002  4.590e-002  1.000e-001   9.541e-001  2.490e-001 
 82 1   2.704e-001  2.970e-002  4.311e-002  1.111e-001   9.569e-001  2.776e-001 
 83 1   3.006e-001  3.353e-002  4.054e-002  1.231e-001   9.595e-001  3.081e-001 
 84 1   3.326e-001  3.765e-002  3.816e-002  1.361e-001   9.619e-001  3.404e-001 
 85 1   3.661e-001  4.195e-002  3.594e-002  1.501e-001   9.641e-001  3.741e-001 
 86 1   4.009e-001  4.629e-002  3.388e-002  1.653e-001   9.661e-001  4.092e-001 
 87 1   4.367e-001  5.052e-002  3.196e-002  1.815e-001   9.680e-001  4.451e-001 
 88 1   4.731e-001  5.449e-002  3.017e-002  1.988e-001   9.698e-001  4.816e-001 
 89 1   5.098e-001  5.803e-002  2.850e-002  2.173e-001   9.715e-001  5.184e-001 
 90 1   5.463e-001  6.102e-002  2.693e-002  2.368e-001   9.731e-001  5.548e-001 
