# HRFchr.txt
#IMaCh version 0.99r45, April 2023,INED-EUROREVES-Institut de longevite-Japan Society for the Promotion of Science (Grant-in-Aid for Scientific Research 25293121), Intel Software 2015-2020, Nihon University 2021-202, INED 2000-2022
#$Revision: 1.353 $ $Date: 2023/05/08 18:48:22 $
# Tue Feb 04 22:21:37 2025
#One-step probabilities and covariance matrix
# Age p1-1  p1-2  p1-3  p2-1  p2-2  p2-3 
50  7.187e-001  2.799e-001  1.394e-003  1.541e-001  8.427e-001  3.168e-003 
50 1-1  3.897e-003
50 1-2 -3.883e-003  3.873e-003
50 1-3 -1.495e-005  9.087e-006  5.862e-006
50 2-1 -1.688e-006  1.419e-006  2.693e-007  1.253e-003
50 2-2  2.024e-006 -2.015e-006 -8.853e-009 -1.249e-003  1.249e-003
50 2-3 -3.362e-007  5.967e-007 -2.605e-007 -3.325e-006  7.752e-007  2.550e-006
51  7.003e-001  2.980e-001  1.649e-003  1.473e-001  8.490e-001  3.692e-003 
51 1-1  3.651e-003
51 1-2 -3.636e-003  3.628e-003
51 1-3 -1.528e-005  7.635e-006  7.648e-006
51 2-1 -1.560e-006  1.255e-006  3.050e-007  1.045e-003
51 2-2  1.979e-006 -2.012e-006  3.271e-008 -1.042e-003  1.042e-003
51 2-3 -4.189e-007  7.566e-007 -3.377e-007 -3.170e-006 -6.086e-008  3.231e-006
52  6.813e-001  3.168e-001  1.946e-003  1.408e-001  8.549e-001  4.300e-003 
52 1-1  3.386e-003
52 1-2 -3.370e-003  3.365e-003
52 1-3 -1.545e-005  5.524e-006  9.925e-006
52 2-1 -1.441e-006  1.096e-006  3.450e-007  8.679e-004
52 2-2  1.957e-006 -2.049e-006  9.104e-008 -8.649e-004  8.659e-004
52 2-3 -5.161e-007  9.521e-007 -4.360e-007 -3.015e-006 -1.065e-006  4.080e-006
53  6.616e-001  3.361e-001  2.294e-003  1.345e-001  8.605e-001  5.007e-003 
53 1-1  3.113e-003
53 1-2 -3.098e-003  3.095e-003
53 1-3 -1.548e-005  2.669e-006  1.281e-005
53 2-1 -1.333e-006  9.434e-007  3.898e-007  7.177e-004
53 2-2  1.962e-006 -2.133e-006  1.708e-007 -7.148e-004  7.171e-004
53 2-3 -6.292e-007  1.190e-006 -5.606e-007 -2.868e-006 -2.268e-006  5.136e-006
54  6.413e-001  3.560e-001  2.699e-003  1.284e-001  8.658e-001  5.828e-003 
54 1-1  2.846e-003
54 1-2 -2.830e-003  2.831e-003
54 1-3 -1.543e-005 -1.008e-006  1.644e-005
54 2-1 -1.236e-006  7.964e-007  4.400e-007  5.913e-004
54 2-2  1.996e-006 -2.273e-006  2.776e-007 -5.886e-004  5.923e-004
54 2-3 -7.592e-007  1.477e-006 -7.176e-007 -2.733e-006 -3.709e-006  6.442e-006
55  6.205e-001  3.763e-001  3.169e-003  1.225e-001  8.707e-001  6.780e-003 
55 1-1  2.597e-003
55 1-2 -2.581e-003  2.587e-003
55 1-3 -1.540e-005 -5.570e-006  2.097e-005
55 2-1 -1.151e-006  6.555e-007  4.959e-007  4.859e-004
55 2-2  2.058e-006 -2.477e-006  4.183e-007 -4.833e-004  4.887e-004
55 2-3 -9.069e-007  1.821e-006 -9.142e-007 -2.618e-006 -5.432e-006  8.050e-006
56  5.992e-001  3.970e-001  3.715e-003  1.169e-001  8.753e-001  7.884e-003 
56 1-1  2.379e-003
56 1-2 -2.364e-003  2.375e-003
56 1-3 -1.553e-005 -1.106e-005  2.660e-005
56 2-1 -1.078e-006  5.203e-007  5.581e-007  3.988e-004
56 2-2  2.151e-006 -2.752e-006  6.007e-007 -3.963e-004  4.038e-004
56 2-3 -1.073e-006  2.232e-006 -1.159e-006 -2.531e-006 -7.490e-006  1.002e-005
57  5.775e-001  4.181e-001  4.345e-003  1.114e-001  8.794e-001  9.164e-003 
57 1-1  2.206e-003
57 1-2 -2.190e-003  2.207e-003
57 1-3 -1.600e-005 -1.752e-005  3.352e-005
57 2-1 -1.018e-006  3.904e-007  6.272e-007  3.276e-004
57 2-2  2.275e-006 -3.109e-006  8.342e-007 -3.251e-004  3.350e-004
57 2-3 -1.257e-006  2.718e-006 -1.461e-006 -2.477e-006 -9.945e-006  1.242e-005
58  5.555e-001  4.394e-001  5.072e-003  1.062e-001  8.832e-001  1.065e-002 
58 1-1  2.087e-003
58 1-2 -2.070e-003  2.095e-003
58 1-3 -1.702e-005 -2.495e-005  4.197e-005
58 2-1 -9.682e-007  2.648e-007  7.034e-007  2.699e-004
58 2-2  2.427e-006 -3.556e-006  1.129e-006 -2.675e-004  2.803e-004
58 2-3 -1.459e-006  3.292e-006 -1.833e-006 -2.466e-006 -1.286e-005  1.533e-005
59  5.333e-001  4.608e-001  5.909e-003  1.011e-001  8.865e-001  1.236e-002 
59 1-1  2.030e-003
59 1-2 -2.011e-003  2.045e-003
59 1-3 -1.885e-005 -3.335e-005  5.220e-005
59 2-1 -9.299e-007  1.426e-007  7.873e-007  2.239e-004
59 2-2  2.607e-006 -4.105e-006  1.498e-006 -2.214e-004  2.377e-004
59 2-3 -1.677e-006  3.962e-006 -2.285e-006 -2.505e-006 -1.633e-005  1.883e-005
60  5.108e-001  4.823e-001  6.870e-003  9.626e-002  8.894e-001  1.435e-002 
60 1-1  2.041e-003
60 1-2 -2.020e-003  2.062e-003
60 1-3 -2.178e-005 -4.273e-005  6.451e-005
60 2-1 -9.017e-007  2.254e-008  8.792e-007  1.878e-004
60 2-2  2.812e-006 -4.764e-006  1.952e-006 -1.852e-004  2.056e-004
60 2-3 -1.910e-006  4.741e-006 -2.831e-006 -2.599e-006 -2.041e-005  2.301e-005
61  4.883e-001  5.037e-001  7.970e-003  9.158e-002  8.918e-001  1.664e-002 
61 1-1  2.122e-003
61 1-2 -2.096e-003  2.149e-003
61 1-3 -2.609e-005 -5.309e-005  7.918e-005
61 2-1 -8.825e-007 -9.661e-008  9.791e-007  1.598e-004
61 2-2  3.037e-006 -5.543e-006  2.506e-006 -1.571e-004  1.823e-004
61 2-3 -2.155e-006  5.640e-006 -3.485e-006 -2.756e-006 -2.522e-005  2.798e-005
62  4.658e-001  5.250e-001  9.227e-003  8.708e-002  8.936e-001  1.929e-002 
62 1-1  2.269e-003
62 1-2 -2.237e-003  2.302e-003
62 1-3 -3.208e-005 -6.445e-005  9.653e-005
62 2-1 -8.710e-007 -2.161e-007  1.087e-006  1.387e-004
62 2-2  3.279e-006 -6.452e-006  3.173e-006 -1.357e-004  1.666e-004
62 2-3 -2.408e-006  6.668e-006 -4.260e-006 -2.980e-006 -3.083e-005  3.381e-005
63  4.434e-001  5.460e-001  1.066e-002  8.275e-002  8.949e-001  2.234e-002 
63 1-1  2.478e-003
63 1-2 -2.438e-003  2.515e-003
63 1-3 -4.002e-005 -7.688e-005  1.169e-004
63 2-1 -8.658e-007 -3.370e-007  1.203e-006  1.232e-004
63 2-2  3.531e-006 -7.497e-006  3.966e-006 -1.199e-004  1.572e-004
63 2-3 -2.665e-006  7.834e-006 -5.169e-006 -3.273e-006 -3.734e-005  4.062e-005
64  4.211e-001  5.666e-001  1.229e-002  7.857e-002  8.956e-001  2.587e-002 
64 1-1  2.739e-003
64 1-2 -2.689e-003  2.779e-003
64 1-3 -5.015e-005 -9.053e-005  1.407e-004
64 2-1 -8.655e-007 -4.601e-007  1.326e-006  1.121e-004
64 2-2  3.788e-006 -8.684e-006  4.896e-006 -1.085e-004  1.533e-004
64 2-3 -2.923e-006  9.144e-006 -6.221e-006 -3.637e-006 -4.484e-005  4.847e-005
65  3.991e-001  5.867e-001  1.414e-002  7.455e-002  8.955e-001  2.992e-002 
65 1-1  3.040e-003
65 1-2 -2.978e-003  3.083e-003
65 1-3 -6.263e-005 -1.056e-004  1.682e-004
65 2-1 -8.686e-007 -5.859e-007  1.455e-006  1.046e-004
65 2-2  4.043e-006 -1.001e-005  5.968e-006 -1.005e-004  1.539e-004
65 2-3 -3.175e-006  1.060e-005 -7.423e-006 -4.068e-006 -5.339e-005  5.746e-005
66  3.775e-001  6.063e-001  1.622e-002  7.068e-002  8.947e-001  3.458e-002 
66 1-1  3.368e-003
66 1-2 -3.290e-003  3.413e-003
66 1-3 -7.758e-005 -1.225e-004  2.001e-004
66 2-1 -8.736e-007 -7.143e-007  1.588e-006  9.977e-005
66 2-2  4.290e-006 -1.147e-005  7.185e-006 -9.521e-005  1.583e-004
66 2-3 -3.416e-006  1.219e-005 -8.773e-006 -4.561e-006 -6.306e-005  6.762e-005
67  3.562e-001  6.252e-001  1.858e-002  6.694e-002  8.931e-001  3.993e-002 
67 1-1  3.708e-003
67 1-2 -3.613e-003  3.754e-003
67 1-3 -9.504e-005 -1.417e-004  2.368e-004
67 2-1 -8.792e-007 -8.446e-007  1.724e-006  9.698e-005
67 2-2  4.520e-006 -1.306e-005  8.540e-006 -9.187e-005  1.658e-004
67 2-3 -3.641e-006  1.390e-005 -1.026e-005 -5.108e-006 -7.388e-005  7.899e-005
68  3.355e-001  6.433e-001  2.124e-002  6.334e-002  8.906e-001  4.606e-002 
68 1-1  4.043e-003
68 1-2 -3.928e-003  4.093e-003
68 1-3 -1.150e-004 -1.641e-004  2.791e-004
68 2-1 -8.841e-007 -9.752e-007  1.859e-006  9.560e-005
68 2-2  4.727e-006 -1.474e-005  1.001e-005 -8.990e-005  1.758e-004
68 2-3 -3.843e-006  1.572e-005 -1.187e-005 -5.698e-006 -8.589e-005  9.159e-005
69  3.153e-001  6.605e-001  2.423e-002  5.987e-002  8.871e-001  5.307e-002 
69 1-1  4.361e-003
69 1-2 -4.224e-003  4.415e-003
69 1-3 -1.373e-004 -1.908e-004  3.281e-004
69 2-1 -8.872e-007 -1.104e-006  1.991e-006  9.513e-005
69 2-2  4.905e-006 -1.648e-005  1.157e-005 -8.881e-005  1.879e-004
69 2-3 -4.018e-006  1.758e-005 -1.357e-005 -6.317e-006 -9.913e-005  1.054e-004
70  2.957e-001  6.768e-001  2.757e-002  5.651e-002  8.824e-001  6.107e-002 
70 1-1  4.647e-003
70 1-2 -4.485e-003  4.709e-003
70 1-3 -1.619e-004 -2.234e-004  3.853e-004
70 2-1 -8.875e-007 -1.228e-006  2.115e-006  9.514e-005
70 2-2  5.047e-006 -1.822e-005  1.317e-005 -8.819e-005  2.018e-004
70 2-3 -4.160e-006  1.945e-005 -1.529e-005 -6.952e-006 -1.136e-004  1.206e-004
71  2.767e-001  6.920e-001  3.132e-002  5.326e-002  8.766e-001  7.018e-002 
71 1-1  4.891e-003
71 1-2 -4.702e-003  4.966e-003
71 1-3 -1.888e-004 -2.643e-004  4.531e-004
71 2-1 -8.843e-007 -1.343e-006  2.227e-006  9.531e-005
71 2-2  5.147e-006 -1.988e-005  1.473e-005 -8.772e-005  2.173e-004
71 2-3 -4.263e-006  2.122e-005 -1.696e-005 -7.592e-006 -1.296e-004  1.372e-004
72  2.584e-001  7.061e-001  3.550e-002  5.012e-002  8.694e-001  8.052e-002 
72 1-1  5.083e-003
72 1-2 -4.865e-003  5.182e-003
72 1-3 -2.178e-004 -3.168e-004  5.346e-004
72 2-1 -8.770e-007 -1.445e-006  2.322e-006  9.534e-005
72 2-2  5.199e-006 -2.137e-005  1.617e-005 -8.711e-005  2.343e-004
72 2-3 -4.322e-006  2.282e-005 -1.849e-005 -8.233e-006 -1.472e-004  1.555e-004
73  2.408e-001  7.190e-001  4.015e-002  4.709e-002  8.607e-001  9.222e-002 
73 1-1  5.217e-003
73 1-2 -4.968e-003  5.354e-003
73 1-3 -2.491e-004 -3.856e-004  6.347e-004
73 2-1 -8.654e-007 -1.528e-006  2.393e-006  9.503e-005
73 2-2  5.197e-006 -2.257e-005  1.737e-005 -8.615e-005  2.534e-004
73 2-3 -4.332e-006  2.410e-005 -1.976e-005 -8.879e-006 -1.672e-004  1.761e-004
74  2.240e-001  7.307e-001  4.533e-002  4.415e-002  8.504e-001  1.054e-001 
74 1-1  5.291e-003
74 1-2 -5.008e-003  5.485e-003
74 1-3 -2.830e-004 -4.773e-004  7.602e-004
74 2-1 -8.494e-007 -1.588e-006  2.437e-006  9.421e-005
74 2-2  5.134e-006 -2.334e-005  1.820e-005 -8.465e-005  2.752e-004
74 2-3 -4.285e-006  2.492e-005 -2.064e-005 -9.556e-006 -1.906e-004  2.001e-004
75  2.079e-001  7.410e-001  5.106e-002  4.130e-002  8.385e-001  1.202e-001 
75 1-1  5.303e-003
75 1-2 -4.983e-003  5.584e-003
75 1-3 -3.199e-004 -6.009e-004  9.208e-004
75 2-1 -8.293e-007 -1.619e-006  2.448e-006  9.277e-005
75 2-2  5.002e-006 -2.352e-005  1.852e-005 -8.246e-005  3.015e-004
75 2-3 -4.172e-006  2.514e-005 -2.097e-005 -1.031e-005 -2.191e-004  2.294e-004
76  1.926e-001  7.500e-001  5.741e-002  3.855e-002  8.247e-001  1.368e-001 
76 1-1  5.255e-003
76 1-2 -4.894e-003  5.664e-003
76 1-3 -3.608e-004 -7.691e-004  1.130e-003
76 2-1 -8.054e-007 -1.618e-006  2.423e-006  9.064e-005
76 2-2  4.789e-006 -2.299e-005  1.820e-005 -7.943e-005  3.347e-004
76 2-3 -3.984e-006  2.461e-005 -2.062e-005 -1.121e-005 -2.553e-004  2.665e-004
77  1.781e-001  7.575e-001  6.441e-002  3.588e-002  8.089e-001  1.552e-001 
77 1-1  5.152e-003
77 1-2 -4.745e-003  5.744e-003
77 1-3 -4.068e-004 -9.989e-004  1.406e-003
77 2-1 -7.787e-007 -1.582e-006  2.361e-006  8.781e-005
77 2-2  4.485e-006 -2.160e-005  1.712e-005 -7.544e-005  3.783e-004
77 2-3 -3.706e-006  2.319e-005 -1.948e-005 -1.237e-005 -3.029e-004  3.153e-004
78  1.643e-001  7.636e-001  7.212e-002  3.329e-002  7.911e-001  1.756e-001 
78 1-1  4.998e-003
78 1-2 -4.538e-003  5.851e-003
78 1-3 -4.595e-004 -1.313e-003  1.773e-003
78 2-1 -7.499e-007 -1.513e-006  2.263e-006  8.428e-005
78 2-2  4.071e-006 -1.929e-005  1.522e-005 -7.036e-005  4.374e-004
78 2-3 -3.321e-006  2.080e-005 -1.748e-005 -1.391e-005 -3.670e-004  3.809e-004
79  1.513e-001  7.681e-001  8.059e-002  3.080e-002  7.712e-001  1.980e-001 
79 1-1  4.800e-003
79 1-2 -4.279e-003  6.021e-003
79 1-3 -5.209e-004 -1.741e-003  2.262e-003
79 2-1 -7.203e-007 -1.413e-006  2.133e-006  8.010e-005
79 2-2  3.528e-006 -1.606e-005  1.253e-005 -6.409e-005  5.179e-004
79 2-3 -2.808e-006  1.747e-005 -1.466e-005 -1.601e-005 -4.539e-004  4.699e-004
80  1.390e-001  7.711e-001  8.987e-002  2.838e-002  7.491e-001  2.225e-001 
80 1-1  4.567e-003
80 1-2 -3.973e-003  6.296e-003
80 1-3 -5.933e-004 -2.323e-003  2.916e-003
80 2-1 -6.910e-007 -1.290e-006  1.981e-006  7.535e-005
80 2-2  2.835e-006 -1.202e-005  9.181e-006 -5.653e-005  6.273e-004
80 2-3 -2.144e-006  1.331e-005 -1.116e-005 -1.882e-005 -5.708e-004  5.896e-004
81  1.274e-001  7.725e-001  1.000e-001  2.606e-002  7.249e-001  2.490e-001 
81 1-1  4.305e-003
81 1-2 -3.625e-003  6.731e-003
81 1-3 -6.795e-004 -3.106e-003  3.785e-003
81 2-1 -6.630e-007 -1.157e-006  1.820e-006  7.013e-005
81 2-2  1.969e-006 -7.449e-006  5.481e-006 -4.764e-005  7.732e-004
81 2-3 -1.306e-006  8.606e-006 -7.301e-006 -2.249e-005 -7.256e-004  7.481e-004
82  1.166e-001  7.723e-001  1.111e-001  2.383e-002  6.985e-001  2.776e-001 
82 1-1  4.023e-003
82 1-2 -3.241e-003  7.392e-003
82 1-3 -7.821e-004 -4.151e-003  4.933e-003
82 2-1 -6.376e-007 -1.028e-006  1.666e-006  6.455e-005
82 2-2  9.077e-007 -2.812e-006  1.904e-006 -3.743e-005  9.630e-004
82 2-3 -2.701e-007  3.840e-006 -3.570e-006 -2.712e-005 -9.256e-004  9.527e-004
83  1.065e-001  7.705e-001  1.231e-001  2.169e-002  6.702e-001  3.081e-001 
83 1-1  3.728e-003
83 1-2 -2.824e-003  8.357e-003
83 1-3 -9.041e-004 -5.533e-003  6.437e-003
83 2-1 -6.154e-007 -9.235e-007  1.539e-006  5.876e-005
83 2-2 -3.642e-007  1.241e-006 -8.763e-007 -2.602e-005  1.202e-003
83 2-3  9.796e-007 -3.171e-007 -6.626e-007 -3.274e-005 -1.176e-003  1.209e-003
84  9.700e-002  7.669e-001  1.361e-001  1.966e-002  6.400e-001  3.404e-001 
84 1-1  3.428e-003
84 1-2 -2.380e-003  9.717e-003
84 1-3 -1.048e-003 -7.337e-003  8.385e-003
84 2-1 -5.968e-007 -8.636e-007  1.460e-006  5.287e-005
84 2-2 -1.854e-006  3.862e-006 -2.008e-006 -1.362e-005  1.493e-003
84 2-3  2.451e-006 -2.998e-006  5.476e-007 -3.926e-005 -1.480e-003  1.519e-003
85  8.817e-002  7.617e-001  1.501e-001  1.772e-002  6.081e-001  3.741e-001 
85 1-1  3.128e-003
85 1-2 -1.911e-003  1.158e-002
85 1-3 -1.216e-003 -9.664e-003  1.088e-002
85 2-1 -5.819e-007 -8.694e-007  1.451e-006  4.702e-005
85 2-2 -3.555e-006  4.058e-006 -5.039e-007 -5.801e-007  1.834e-003
85 2-3  4.136e-006 -3.189e-006 -9.474e-007 -4.644e-005 -1.833e-003  1.880e-003
86  7.997e-002  7.548e-001  1.653e-001  1.590e-002  5.749e-001  4.092e-001 
86 1-1  2.834e-003
86 1-2 -1.423e-003  1.405e-002
86 1-3 -1.410e-003 -1.263e-002  1.404e-002
86 2-1 -5.702e-007 -9.591e-007  1.529e-006  4.133e-005
86 2-2 -5.442e-006  7.610e-007  4.681e-006  1.262e-005  2.215e-003
86 2-3  6.013e-006  1.980e-007 -6.211e-006 -5.395e-005 -2.228e-003  2.282e-003
87  7.236e-002  7.462e-001  1.815e-001  1.419e-002  5.407e-001  4.451e-001 
87 1-1  2.550e-003
87 1-2 -9.194e-004  1.726e-002
87 1-3 -1.630e-003 -1.634e-002  1.797e-002
87 2-1 -5.607e-007 -1.146e-006  1.706e-006  3.590e-005
87 2-2 -7.474e-006 -7.068e-006  1.454e-005  2.543e-005  2.623e-003
87 2-3  8.035e-006  8.213e-006 -1.625e-005 -6.133e-005 -2.648e-003  2.710e-003
88  6.531e-002  7.359e-001  1.988e-001  1.259e-002  5.058e-001  4.816e-001 
88 1-1  2.279e-003
88 1-2 -4.037e-004  2.133e-002
88 1-3 -1.876e-003 -2.093e-002  2.280e-002
88 2-1 -5.524e-007 -1.434e-006  1.986e-006  3.082e-005
88 2-2 -9.589e-006 -2.031e-005  2.989e-005  3.724e-005  3.037e-003
88 2-3  1.014e-005  2.174e-005 -3.188e-005 -6.806e-005 -3.074e-003  3.142e-003
89  5.881e-002  7.239e-001  2.173e-001  1.112e-002  4.705e-001  5.184e-001 
89 1-1  2.025e-003
89 1-2  1.185e-004  2.639e-002
89 1-3 -2.144e-003 -2.651e-002  2.865e-002
89 2-1 -5.437e-007 -1.821e-006  2.365e-006  2.615e-005
89 2-2 -1.171e-005 -3.954e-005  5.125e-005  4.749e-005  3.433e-003
89 2-3  1.225e-005  4.136e-005 -5.361e-005 -7.364e-005 -3.481e-003  3.554e-003
90  5.282e-002  7.104e-001  2.368e-001  9.761e-003  4.354e-001  5.548e-001 
90 1-1  1.789e-003
90 1-2  6.414e-004  3.255e-002
90 1-3 -2.431e-003 -3.319e-002  3.562e-002
90 2-1 -5.332e-007 -2.292e-006  2.826e-006  2.193e-005
90 2-2 -1.374e-005 -6.495e-005  7.869e-005  5.569e-005  3.786e-003
90 2-3  1.427e-005  6.724e-005 -8.152e-005 -7.762e-005 -3.842e-003  3.919e-003