
# model  
#****** Result for:******
# HRFchr.txt
#IMaCh version 0.99r45, April 2023,INED-EUROREVES-Institut de longevite-Japan Society for the Promotion of Science (Grant-in-Aid for Scientific Research 25293121), Intel Software 2015-2020, Nihon University 2021-202, INED 2000-2022
#$Revision: 1.353 $ $Date: 2023/05/08 18:48:22 $
# Tue Feb 04 22:21:37 2025
# Total life expectancy with std error and decomposition into time to be expected in each health state
#  (weighted average of eij where weights are the age specific forward period (stable) prevalences in each health state 
# Age popbased mobilav e.. (std) e.1 (std) e.2 (std) 
   50 0 0  28.695 (  1.023)   5.562 (  0.989)  23.133 (  1.335)
   51 0 0  27.725 (  1.013)   5.093 (  0.887)  22.632 (  1.260)
   52 0 0  26.760 (  1.001)   4.654 (  0.793)  22.106 (  1.193)
   53 0 0  25.799 (  0.988)   4.243 (  0.706)  21.556 (  1.133)
   54 0 0  24.845 (  0.974)   3.862 (  0.629)  20.983 (  1.080)
   55 0 0  23.896 (  1.018)   3.508 (  0.580)  20.389 (  0.993)
   56 0 0  22.953 (  0.943)   3.180 (  0.500)  19.773 (  0.992)
   57 0 0  22.021 (  0.926)   2.879 (  0.449)  19.142 (  0.956)
   58 0 0  21.098 (  0.907)   2.603 (  0.406)  18.495 (  0.923)
   59 0 0  20.184 (  0.888)   2.350 (  0.370)  17.835 (  0.893)
   60 0 0  19.282 (  0.867)   2.118 (  0.340)  17.164 (  0.866)
   61 0 0  18.393 (  0.845)   1.908 (  0.314)  16.485 (  0.839)
   62 0 0  17.516 (  0.822)   1.716 (  0.293)  15.799 (  0.813)
   63 0 0  16.653 (  0.798)   1.543 (  0.274)  15.111 (  0.787)
   64 0 0  15.806 (  0.774)   1.385 (  0.257)  14.421 (  0.761)
   65 0 0  14.977 (  0.749)   1.242 (  0.241)  13.735 (  0.735)
   66 0 0  14.165 (  0.724)   1.113 (  0.227)  13.052 (  0.710)
   67 0 0  13.372 (  0.699)   0.996 (  0.213)  12.376 (  0.685)
   68 0 0  12.600 (  0.675)   0.891 (  0.200)  11.710 (  0.660)
   69 0 0  11.850 (  0.651)   0.795 (  0.187)  11.055 (  0.636)
   70 0 0  11.123 (  0.627)   0.709 (  0.175)  10.414 (  0.613)
   71 0 0  10.421 (  0.605)   0.632 (  0.164)   9.789 (  0.592)
   72 0 0   9.744 (  0.585)   0.562 (  0.153)   9.182 (  0.571)
   73 0 0   9.093 (  0.566)   0.499 (  0.142)   8.593 (  0.552)
   74 0 0   8.470 (  0.548)   0.443 (  0.132)   8.027 (  0.535)
   75 0 0   7.875 (  0.532)   0.393 (  0.123)   7.482 (  0.519)
   76 0 0   7.309 (  0.517)   0.347 (  0.114)   6.961 (  0.505)
   77 0 0   6.772 (  0.503)   0.307 (  0.105)   6.465 (  0.491)
   78 0 0   6.266 (  0.491)   0.271 (  0.097)   5.995 (  0.479)
   79 0 0   5.789 (  0.478)   0.239 (  0.090)   5.550 (  0.467)
   80 0 0   5.343 (  0.466)   0.210 (  0.083)   5.133 (  0.456)
   81 0 0   4.926 (  0.454)   0.185 (  0.077)   4.741 (  0.444)
   82 0 0   4.539 (  0.442)   0.163 (  0.071)   4.376 (  0.432)
   83 0 0   4.181 (  0.428)   0.143 (  0.065)   4.038 (  0.419)
   84 0 0   3.851 (  0.414)   0.126 (  0.060)   3.725 (  0.406)
   85 0 0   3.548 (  0.399)   0.110 (  0.056)   3.438 (  0.392)
   86 0 0   3.271 (  0.384)   0.097 (  0.052)   3.174 (  0.376)
   87 0 0   3.019 (  0.367)   0.086 (  0.048)   2.934 (  0.360)
   88 0 0   2.791 (  0.349)   0.075 (  0.044)   2.716 (  0.343)
   89 0 0   2.585 (  0.331)   0.067 (  0.041)   2.518 (  0.326)
   90 0 0   2.400 (  0.313)   0.059 (  0.038)   2.341 (  0.308)
