
#****** ******
# HRFchr.txt
#IMaCh version 0.99r45, April 2023,INED-EUROREVES-Institut de longevite-Japan Society for the Promotion of Science (Grant-in-Aid for Scientific Research 25293121), Intel Software 2015-2020, Nihon University 2021-202, INED 2000-2022
#$Revision: 1.353 $ $Date: 2023/05/08 18:48:22 $
# Tue Feb 04 22:21:37 2025
# Variance and covariance of health expectancies e.j 
#  (weighted average of eij where weights are the age specific period (stable) prevalences in each health state 
# Age Cov(e.1, e.1) Cov(e.1, e.2) Cov(e.2, e.1) Cov(e.2, e.2)
50  0.9774 -0.8567 -0.8567 1.7834
51  0.7866 -0.6747 -0.6747 1.5884
52  0.6282 -0.5244 -0.5244 1.4226
53  0.4989 -0.4025 -0.4025 1.2828
54  0.3954 -0.3057 -0.3057 1.1655
55  0.3368 -0.1432 -0.1432 0.9868
56  0.2505 -0.1725 -0.1725 0.9841
57  0.2019 -0.1292 -0.1292 0.9137
58  0.1649 -0.0971 -0.0971 0.8525
59  0.1368 -0.0736 -0.0736 0.7983
60  0.1154 -0.0565 -0.0565 0.7491
61  0.0988 -0.0441 -0.0441 0.7035
62  0.0856 -0.0350 -0.0350 0.6603
63  0.0749 -0.0281 -0.0281 0.6189
64  0.0659 -0.0229 -0.0229 0.5792
65  0.0582 -0.0188 -0.0188 0.5409
66  0.0514 -0.0154 -0.0154 0.5041
67  0.0454 -0.0127 -0.0127 0.4691
68  0.0399 -0.0103 -0.0103 0.4359
69  0.0351 -0.0083 -0.0083 0.4049
70  0.0307 -0.0066 -0.0066 0.3762
71  0.0268 -0.0051 -0.0051 0.3500
72  0.0233 -0.0038 -0.0038 0.3263
73  0.0202 -0.0027 -0.0027 0.3051
74  0.0174 -0.0017 -0.0017 0.2862
75  0.0150 -0.0009 -0.0009 0.2695
76  0.0129 -0.0002 -0.0002 0.2547
77  0.0111 0.0004 0.0004 0.2414
78  0.0095 0.0009 0.0009 0.2294
79  0.0081 0.0012 0.0012 0.2182
80  0.0069 0.0015 0.0015 0.2075
81  0.0059 0.0017 0.0017 0.1970
82  0.0050 0.0017 0.0017 0.1865
83  0.0043 0.0017 0.0017 0.1757
84  0.0036 0.0017 0.0017 0.1647
85  0.0031 0.0016 0.0016 0.1533
86  0.0027 0.0014 0.0014 0.1416
87  0.0023 0.0013 0.0013 0.1298
88  0.0020 0.0011 0.0011 0.1180
89  0.0017 0.0009 0.0009 0.1063
90  0.0015 0.0007 0.0007 0.0949
