
#****** ******
# HRFchr.txt
#IMaCh version 0.99r45, April 2023,INED-EUROREVES-Institut de longevite-Japan Society for the Promotion of Science (Grant-in-Aid for Scientific Research 25293121), Intel Software 2015-2020, Nihon University 2021-202, INED 2000-2022
#$Revision: 1.353 $ $Date: 2023/05/08 18:48:22 $
# Tue Feb 04 22:21:37 2025
# Standard deviation of period (forward stable) prevalences 
# Age  Result#  1-1 2-2
50 1  0.48885 (0.11232) 0.51132 (0.11235)
51 1  0.45988 (0.10574) 0.54030 (0.10577)
52 1  0.43111 (0.09855) 0.56908 (0.09857)
53 1  0.40276 (0.09091) 0.59744 (0.09093)
54 1  0.37504 (0.08301) 0.62517 (0.08302)
55 1  0.34815 (0.07546) 0.65206 (0.06915)
56 1  0.32226 (0.06717) 0.67785 (0.06719)
57 1  0.29753 (0.05961) 0.70257 (0.05962)
58 1  0.27410 (0.05250) 0.72600 (0.05251)
59 1  0.25205 (0.04598) 0.74804 (0.04599)
60 1  0.23145 (0.04016) 0.76863 (0.04018)
61 1  0.21232 (0.03510) 0.78780 (0.03511)
62 1  0.19467 (0.03082) 0.80544 (0.03083)
63 1  0.17846 (0.02731) 0.82163 (0.02732)
64 1  0.16364 (0.02449) 0.83643 (0.02450)
65 1  0.15015 (0.02229) 0.84993 (0.02229)
66 1  0.13789 (0.02059) 0.86217 (0.02059)
67 1  0.12679 (0.01929) 0.87328 (0.01928)
68 1  0.11673 (0.01828) 0.88332 (0.01827)
69 1  0.10764 (0.01749) 0.89241 (0.01748)
70 1  0.09941 (0.01685) 0.90063 (0.01684)
71 1  0.09197 (0.01633) 0.90807 (0.01632)
72 1  0.08522 (0.01589) 0.91482 (0.01587)
73 1  0.07909 (0.01549) 0.92094 (0.01548)
74 1  0.07353 (0.01515) 0.92650 (0.01513)
75 1  0.06847 (0.01484) 0.93157 (0.01482)
76 1  0.06383 (0.01455) 0.93619 (0.01453)
77 1  0.05961 (0.01429) 0.94042 (0.01426)
78 1  0.05573 (0.01403) 0.94429 (0.01401)
79 1  0.05217 (0.01379) 0.94784 (0.01378)
80 1  0.04891 (0.01356) 0.95111 (0.01354)
81 1  0.04590 (0.01333) 0.95412 (0.01332)
82 1  0.04311 (0.01311) 0.95690 (0.01310)
83 1  0.04054 (0.01289) 0.95947 (0.01288)
84 1  0.03816 (0.01268) 0.96186 (0.01267)
85 1  0.03594 (0.01246) 0.96407 (0.01245)
86 1  0.03388 (0.01224) 0.96613 (0.01223)
87 1  0.03196 (0.01202) 0.96805 (0.01202)
88 1  0.03016 (0.01180) 0.96984 (0.01180)
89 1  0.02850 (0.01158) 0.97151 (0.01157)
90 1  0.02693 (0.01135) 0.97308 (0.01135)
