# ATMsr.txt
#IMaCh version 0.99r45, April 2023,INED-EUROREVES-Institut de longevite-Japan Society for the Promotion of Science (Grant-in-Aid for Scientific Research 25293121), Intel Software 2015-2020, Nihon University 2021-202, INED 2000-2022
#$Revision: 1.353 $ $Date: 2023/05/08 18:48:22 $
# Tue Feb 04 22:13:36 2025

#****** ******
# (a) Life expectancies by health status at initial age and (b) health expectancies by health status at initial age
# Age e11  e12  e1.  e21  e22  e2. 
 50  21.3837   9.4078  30.7916  17.3890  12.2765  29.6656
 51  20.6395   9.2239  29.8634  16.6088  12.0583  28.6671
 52  19.9075   9.0351  28.9425  15.8425  11.8314  27.6739
 53  19.1881   8.8416  28.0297  15.0907  11.5962  26.6868
 54  18.4819   8.6436  27.1255  14.3540  11.3526  25.7067
 55  17.7892   8.4414  26.2306  13.6332  11.1012  24.7344
 56  17.1104   8.2351  25.3455  12.9288  10.8420  23.7708
 57  16.4461   8.0251  24.4712  12.2415  10.5756  22.8171
 58  15.7965   7.8117  23.6081  11.5719  10.3023  21.8742
 59  15.1620   7.5951  22.7571  10.9206  10.0226  20.9432
 60  14.5431   7.3759  21.9189  10.2882   9.7371  20.0253
 61  13.9399   7.1542  21.0942   9.6752   9.4463  19.1215
 62  13.3530   6.9307  20.2837   9.0822   9.1508  18.2330
 63  12.7824   6.7057  19.4882   8.5095   8.8515  17.3610
 64  12.2286   6.4797  18.7083   7.9577   8.5490  16.5066
 65  11.6915   6.2532  17.9447   7.4269   8.2440  15.6709
 66  11.1715   6.0266  17.1981   6.9177   7.9374  14.8551
 67  10.6686   5.8005  16.4692   6.4301   7.6301  14.0602
 68  10.1829   5.5754  15.7584   5.9643   7.3229  13.2872
 69   9.7144   5.3518  15.0663   5.5204   7.0165  12.5370
 70   9.2632   5.1302  14.3934   5.0985   6.7120  11.8105
 71   8.8290   4.9111  13.7401   4.6984   6.4101  11.1086
 72   8.4118   4.6950  13.1068   4.3200   6.1118  10.4318
 73   8.0114   4.4824  12.4938   3.9630   5.8177   9.7808
 74   7.6276   4.2736  11.9012   3.6272   5.5288   9.1560
 75   7.2601   4.0693  11.3293   3.3122   5.2457   8.5579
 76   6.9085   3.8696  10.7782   3.0174   4.9692   7.9866
 77   6.5726   3.6751  10.2478   2.7425   4.6999   7.4423
 78   6.2519   3.4860   9.7380   2.4867   4.4383   6.9250
 79   5.9460   3.3027   9.2486   2.2494   4.1851   6.4345
 80   5.6543   3.1253   8.7796   2.0299   3.9406   5.9705
 81   5.3765   2.9541   8.3305   1.8275   3.7053   5.5328
 82   5.1119   2.7892   7.9010   1.6414   3.4794   5.1208
 83   4.8600   2.6308   7.4907   1.4708   3.2632   4.7340
 84   4.6202   2.4789   7.0991   1.3148   3.0569   4.3716
 85   4.3921   2.3336   6.7256   1.1726   2.8604   4.0330
 86   4.1749   2.1948   6.3698   1.0434   2.6740   3.7173
 87   3.9682   2.0626   6.0308   0.9262   2.4974   3.4237
 88   3.7714   1.9368   5.7082   0.8204   2.3307   3.1511
 89   3.5839   1.8174   5.4013   0.7250   2.1736   2.8986
 90   3.4052   1.7041   5.1093   0.6393   2.0260   2.6653
