# Powell
# iter -2*LL p12 p13 p21 p23
1 1 1686.190584723553 0 -4.928012100000 0.041813600000 -16.910514200000 0.147429200000 -0.623620600000 -0.015018400000 -9.489424600000 0.099366200000
2 2 1574.247257848682 1 -5.407585870558 0.041725766617 -17.972435190523 0.147742586531 -1.195587865749 -0.014776683951 -10.339757220089 0.099330677998
3 2 1568.014953989788 2 -5.578164078150 0.041682976464 -17.769937409056 0.147791269397 -1.360135918401 -0.014773354095 -10.350870831270 0.099300224836
4 3 1567.827586122724 2 -5.614442401992 0.041646109024 -17.805706720460 0.147830362717 -1.374107442477 -0.014779197611 -10.348484502018 0.099270521185
5 3 1567.826120033742 3 -5.614891745778 0.041610234041 -17.812113021399 0.147869241394 -1.374664681370 -0.014785681400 -10.346168807069 0.099241272868
6 4 1567.775843113774 4 -5.501293483068 0.039842484200 -17.986220917822 0.149816011352 -1.355290601462 -0.015118622992 -10.232528329910 0.097794701277
7 4 1567.761649302014 5 -5.472286328322 0.039537575988 -18.008447091235 0.150185210833 -1.347955465319 -0.015188227757 -10.212215600912 0.097541353840
8 5 1567.760749562566 6 -5.463246158201 0.039442112402 -18.017902850460 0.150340609725 -1.344532733490 -0.015226404542 -10.205622641578 0.097450212231
9 5 1567.760603914926 7 -5.463213850559 0.039441775373 -18.021277850908 0.150372611279 -1.343675430266 -0.015239241643 -10.205418395226 0.097448644594
10 6 1567.756798515721 8 -5.464807707583 0.039459293852 -18.162224388609 0.152063639518 -1.298070938689 -0.015919251235 -10.197162343591 0.097339373342
11 6 1567.756775634504 9 -5.463057752682 0.039431152014 -18.165108471811 0.152117314863 -1.297549676957 -0.015928387707 -10.195225038133 0.097311920274
12 7 1567.756693643087 10 -5.461050253289 0.039397131379 -18.202617715997 0.152611973745 -1.297892599870 -0.015926086372 -10.189165880703 0.097232877503
13 7 1567.756585528951 10 -5.462497436104 0.039419814417 -18.226902681520 0.152894154334 -1.299026443631 -0.015908444086 -10.187809819448 0.097216107544
14 8 1567.756460645092 11 -5.467150833271 0.039492334297 -18.290956035315 0.153665253210 -1.302299953878 -0.015857070666 -10.184727949540 0.097177995895
15 8 1567.756460592233 13 -5.467144889202 0.039492236387 -18.291036542137 0.153665695926 -1.302288173395 -0.015857244498 -10.184741596975 0.097178179603
16 9 1567.756459123675 14 -5.466672391512 0.039485096283 -18.299286058834 0.153767857317 -1.302330829400 -0.015856624584 -10.184707648046 0.097177923966
17 9 1567.756458124202 15 -5.466663018191 0.039485051262 -18.299196205688 0.153766709965 -1.302311268130 -0.015856938380 -10.185270685969 0.097185194305
18 10 1567.756457561687 16 -5.466728105795 0.039486218740 -18.299992768207 0.153777016599 -1.302329438550 -0.015856640741 -10.186060019975 0.097195420241
19 10 1567.756457561430 17 -5.466733954193 0.039486308518 -18.300097011167 0.153778289387 -1.302334237604 -0.015856563518 -10.186055320870 0.097195362494
