# ATMsr.txt
#IMaCh version 0.99r45, April 2023,INED-EUROREVES-Institut de longevite-Japan Society for the Promotion of Science (Grant-in-Aid for Scientific Research 25293121), Intel Software 2015-2020, Nihon University 2021-202, INED 2000-2022
#$Revision: 1.353 $ $Date: 2023/05/08 18:48:22 $
# Tue Feb 04 22:13:36 2025
#One-step probabilities and covariance matrix
# Age p1-1  p1-2  p1-3  p2-1  p2-2  p2-3 
50  9.704e-001  2.953e-002  2.391e-005  1.091e-001  8.866e-001  4.311e-003 
50 1-1  3.382e-005
50 1-2 -3.382e-005  3.383e-005
50 1-3  5.399e-009 -1.264e-008  7.240e-009
50 2-1 -3.089e-005  3.086e-005  3.054e-008  4.683e-004
50 2-2  3.079e-005 -3.078e-005 -1.202e-008 -4.676e-004  4.701e-004
50 2-3  1.045e-007 -8.596e-008 -1.852e-008 -7.203e-007 -2.496e-006  3.216e-006
51  9.693e-001  3.068e-002  2.785e-005  1.075e-001  8.877e-001  4.757e-003 
51 1-1  3.337e-005
51 1-2 -3.338e-005  3.339e-005
51 1-3  5.645e-009 -1.488e-008  9.230e-009
51 2-1 -2.886e-005  2.882e-005  3.159e-008  4.150e-004
51 2-2  2.875e-005 -2.874e-005 -9.176e-009 -4.143e-004  4.172e-004
51 2-3  1.072e-007 -8.479e-008 -2.242e-008 -7.167e-007 -2.944e-006  3.661e-006
52  9.681e-001  3.188e-002  3.244e-005  1.060e-001  8.888e-001  5.249e-003 
52 1-1  3.284e-005
52 1-2 -3.284e-005  3.286e-005
52 1-3  5.743e-009 -1.749e-008  1.175e-008
52 2-1 -2.687e-005  2.684e-005  3.253e-008  3.667e-004
52 2-2  2.676e-005 -2.676e-005 -5.440e-009 -3.659e-004  3.694e-004
52 2-3  1.099e-007 -8.282e-008 -2.709e-008 -7.171e-007 -3.440e-006  4.158e-006
53  9.668e-001  3.312e-002  3.779e-005  1.044e-001  8.898e-001  5.791e-003 
53 1-1  3.222e-005
53 1-2 -3.222e-005  3.224e-005
53 1-3  5.619e-009 -2.053e-008  1.491e-008
53 2-1 -2.496e-005  2.493e-005  3.332e-008  3.230e-004
53 2-2  2.485e-005 -2.485e-005 -6.537e-010 -3.223e-004  3.263e-004
53 2-3  1.126e-007 -7.998e-008 -3.266e-008 -7.223e-007 -3.988e-006  4.711e-006
54  9.656e-001  3.441e-002  4.401e-005  1.029e-001  8.907e-001  6.389e-003 
54 1-1  3.151e-005
54 1-2 -3.152e-005  3.154e-005
54 1-3  5.180e-009 -2.408e-008  1.890e-008
54 2-1 -2.312e-005  2.308e-005  3.394e-008  2.839e-004
54 2-2  2.300e-005 -2.301e-005  5.362e-009 -2.832e-004  2.877e-004
54 2-3  1.155e-007 -7.620e-008 -3.930e-008 -7.328e-007 -4.592e-006  5.324e-006
55  9.642e-001  3.574e-002  5.125e-005  1.013e-001  8.916e-001  7.048e-003 
55 1-1  3.073e-005
55 1-2 -3.073e-005  3.076e-005
55 1-3  4.305e-009 -2.819e-008  2.389e-008
55 2-1 -2.136e-005  2.133e-005  3.439e-008  2.489e-004
55 2-2  2.125e-005 -2.126e-005  1.280e-008 -2.482e-004  2.534e-004
55 2-3  1.186e-007 -7.145e-008 -4.719e-008 -7.495e-007 -5.253e-006  6.003e-006
56  9.628e-001  3.713e-002  5.969e-005  9.984e-002  8.924e-001  7.774e-003 
56 1-1  2.989e-005
56 1-2 -2.989e-005  2.992e-005
56 1-3  2.842e-009 -3.297e-008  3.012e-008
56 2-1 -1.971e-005  1.967e-005  3.464e-008  2.180e-004
56 2-2  1.959e-005 -1.961e-005  2.189e-008 -2.172e-004  2.232e-004
56 2-3  1.222e-007 -6.570e-008 -5.653e-008 -7.730e-007 -5.976e-006  6.749e-006
57  9.614e-001  3.856e-002  6.950e-005  9.835e-002  8.931e-001  8.574e-003 
57 1-1  2.900e-005
57 1-2 -2.900e-005  2.904e-005
57 1-3  5.995e-010 -3.849e-008  3.789e-008
57 2-1 -1.816e-005  1.813e-005  3.469e-008  1.907e-004
57 2-2  1.803e-005 -1.807e-005  3.285e-008 -1.899e-004  1.967e-004
57 2-3  1.265e-007 -5.895e-008 -6.754e-008 -8.039e-007 -6.764e-006  7.568e-006
58  9.599e-001  4.006e-002  8.093e-005  9.687e-002  8.937e-001  9.456e-003 
58 1-1  2.808e-005
58 1-2 -2.807e-005  2.812e-005
58 1-3 -2.662e-009 -4.486e-008  4.753e-008
58 2-1 -1.673e-005  1.670e-005  3.456e-008  1.670e-004
58 2-2  1.660e-005 -1.665e-005  4.593e-008 -1.661e-004  1.737e-004
58 2-3  1.317e-007 -5.125e-008 -8.049e-008 -8.430e-007 -7.618e-006  8.461e-006
59  9.583e-001  4.160e-002  9.423e-005  9.540e-002  8.942e-001  1.043e-002 
59 1-1  2.715e-005
59 1-2 -2.715e-005  2.720e-005
59 1-3 -7.234e-009 -5.221e-008  5.944e-008
59 2-1 -1.544e-005  1.540e-005  3.425e-008  1.465e-004
59 2-2  1.530e-005 -1.536e-005  6.139e-008 -1.456e-004  1.542e-004
59 2-3  1.383e-007 -4.269e-008 -9.564e-008 -8.908e-007 -8.539e-006  9.430e-006
60  9.567e-001  4.320e-002  1.097e-004  9.394e-002  8.946e-001  1.150e-002 
60 1-1  2.625e-005
60 1-2 -2.624e-005  2.630e-005
60 1-3 -1.347e-008 -6.064e-008  7.411e-008
60 2-1 -1.429e-005  1.425e-005  3.383e-008  1.292e-004
60 2-2  1.414e-005 -1.422e-005  7.948e-008 -1.282e-004  1.377e-004
60 2-3  1.467e-007 -3.343e-008 -1.133e-007 -9.475e-007 -9.530e-006  1.048e-005
61  9.550e-001  4.486e-002  1.277e-004  9.249e-002  8.948e-001  1.267e-002 
61 1-1  2.541e-005
61 1-2 -2.539e-005  2.546e-005
61 1-3 -2.180e-008 -7.030e-008  9.210e-008
61 2-1 -1.329e-005  1.326e-005  3.337e-008  1.147e-004
61 2-2  1.314e-005 -1.324e-005  1.004e-007 -1.137e-004  1.243e-004
61 2-3  1.575e-007 -2.370e-008 -1.338e-007 -1.014e-006 -1.059e-005  1.160e-005
62  9.533e-001  4.659e-002  1.487e-004  9.105e-002  8.950e-001  1.397e-002 
62 1-1  2.467e-005
62 1-2 -2.464e-005  2.472e-005
62 1-3 -3.274e-008 -8.133e-008  1.141e-007
62 2-1 -1.247e-005  1.244e-005  3.298e-008  1.029e-004
62 2-2  1.230e-005 -1.243e-005  1.245e-007 -1.018e-004  1.135e-004
62 2-3  1.713e-007 -1.384e-008 -1.575e-007 -1.089e-006 -1.172e-005  1.281e-005
63  9.515e-001  4.837e-002  1.731e-004  8.961e-002  8.950e-001  1.540e-002 
63 1-1  2.409e-005
63 1-2 -2.404e-005  2.413e-005
63 1-3 -4.687e-008 -9.388e-008  1.408e-007
63 2-1 -1.184e-005  1.181e-005  3.283e-008  9.359e-005
63 2-2  1.165e-005 -1.180e-005  1.518e-007 -9.242e-005  1.053e-004
63 2-3  1.890e-007 -4.300e-009 -1.847e-007 -1.174e-006 -1.292e-005  1.410e-005
64  9.496e-001  5.022e-002  2.014e-004  8.819e-002  8.948e-001  1.696e-002 
64 1-1  2.371e-005
64 1-2 -2.364e-005  2.375e-005
64 1-3 -6.489e-008 -1.081e-007  1.730e-007
64 2-1 -1.140e-005  1.137e-005  3.314e-008  8.662e-005
64 2-2  1.119e-005 -1.137e-005  1.825e-007 -8.535e-005  9.954e-005
64 2-3  2.114e-007  4.316e-009 -2.157e-007 -1.269e-006 -1.419e-005  1.546e-005
65  9.476e-001  5.214e-002  2.344e-004  8.677e-002  8.945e-001  1.869e-002 
65 1-1  2.361e-005
65 1-2 -2.352e-005  2.364e-005
65 1-3 -8.761e-008 -1.242e-007  2.118e-007
65 2-1 -1.118e-005  1.115e-005  3.424e-008  8.178e-005
65 2-2  1.094e-005 -1.116e-005  2.166e-007 -8.041e-005  9.595e-005
65 2-3  2.397e-007  1.122e-008 -2.509e-007 -1.373e-006 -1.554e-005  1.691e-005
66  9.456e-001  5.412e-002  2.728e-004  8.536e-002  8.941e-001  2.059e-002 
66 1-1  2.386e-005
66 1-2 -2.374e-005  2.388e-005
66 1-3 -1.159e-007 -1.422e-007  2.582e-007
66 2-1 -1.119e-005  1.115e-005  3.654e-008  7.891e-005
66 2-2  1.091e-005 -1.117e-005  2.540e-007 -7.743e-005  9.439e-005
66 2-3  2.751e-007  1.543e-008 -2.905e-007 -1.486e-006 -1.696e-005  1.844e-005
67  9.435e-001  5.617e-002  3.175e-004  8.396e-002  8.934e-001  2.267e-002 
67 1-1  2.456e-005
67 1-2 -2.440e-005  2.457e-005
67 1-3 -1.509e-007 -1.624e-007  3.133e-007
67 2-1 -1.144e-005  1.140e-005  4.059e-008  7.785e-005
67 2-2  1.112e-005 -1.142e-005  2.943e-007 -7.624e-005  9.471e-005
67 2-3  3.192e-007  1.567e-008 -3.348e-007 -1.608e-006 -1.847e-005  2.007e-005
68  9.413e-001  5.830e-002  3.694e-004  8.255e-002  8.925e-001  2.496e-002 
68 1-1  2.580e-005
68 1-2 -2.561e-005  2.579e-005
68 1-3 -1.938e-007 -1.848e-007  3.786e-007
68 2-1 -1.195e-005  1.191e-005  4.710e-008  7.842e-005
68 2-2  1.158e-005 -1.192e-005  3.369e-007 -7.668e-005  9.676e-005
68 2-3  3.736e-007  1.040e-008 -3.840e-007 -1.739e-006 -2.008e-005  2.182e-005
69  9.391e-001  6.050e-002  4.298e-004  8.115e-002  8.914e-001  2.747e-002 
69 1-1  2.771e-005
69 1-2 -2.747e-005  2.768e-005
69 1-3 -2.458e-007 -2.096e-007  4.554e-007
69 2-1 -1.274e-005  1.268e-005  5.697e-008  8.048e-005
69 2-2  1.230e-005 -1.268e-005  3.811e-007 -7.860e-005  1.004e-004
69 2-3  4.404e-007 -2.292e-009 -4.381e-007 -1.879e-006 -2.182e-005  2.370e-005
70  9.367e-001  6.278e-002  5.000e-004  7.975e-002  8.900e-001  3.023e-002 
70 1-1  3.042e-005
70 1-2 -3.011e-005  3.035e-005
70 1-3 -3.086e-007 -2.368e-007  5.454e-007
70 2-1 -1.381e-005  1.374e-005  7.138e-008  8.387e-005
70 2-2  1.329e-005 -1.372e-005  4.256e-007 -8.184e-005  1.056e-004
70 2-3  5.217e-007 -2.472e-008 -4.970e-007 -2.031e-006 -2.374e-005  2.577e-005
71  9.343e-001  6.514e-002  5.815e-004  7.836e-002  8.884e-001  3.326e-002 
71 1-1  3.408e-005
71 1-2 -3.370e-005  3.396e-005
71 1-3 -3.842e-007 -2.663e-007  6.505e-007
71 2-1 -1.519e-005  1.510e-005  9.178e-008  8.844e-005
71 2-2  1.457e-005 -1.504e-005  4.689e-007 -8.624e-005  1.122e-004
71 2-3  6.204e-007 -5.966e-008 -5.607e-007 -2.196e-006 -2.592e-005  2.811e-005
72  9.317e-001  6.758e-002  6.764e-004  7.696e-002  8.865e-001  3.657e-002 
72 1-1  3.886e-005
72 1-2 -3.839e-005  3.868e-005
72 1-3 -4.752e-007 -2.981e-007  7.733e-007
72 2-1 -1.689e-005  1.677e-005  1.200e-007  9.404e-005
72 2-2  1.615e-005 -1.666e-005  5.089e-007 -9.166e-005  1.201e-004
72 2-3  7.394e-007 -1.104e-007 -6.290e-007 -2.379e-006 -2.845e-005  3.083e-005
73  9.291e-001  7.010e-002  7.866e-004  7.556e-002  8.842e-001  4.020e-002 
73 1-1  4.495e-005
73 1-2 -4.437e-005  4.470e-005
73 1-3 -5.850e-007 -3.322e-007  9.173e-007
73 2-1 -1.892e-005  1.876e-005  1.584e-007  1.005e-004
73 2-2  1.804e-005 -1.858e-005  5.432e-007 -9.795e-005  1.294e-004
73 2-3  8.826e-007 -1.809e-007 -7.016e-007 -2.588e-006 -3.149e-005  3.408e-005
74  9.264e-001  7.271e-002  9.146e-004  7.415e-002  8.817e-001  4.418e-002 
74 1-1  5.257e-005
74 1-2 -5.185e-005  5.222e-005
74 1-3 -7.191e-007 -3.685e-007  1.088e-006
74 2-1 -2.130e-005  2.109e-005  2.099e-007  1.078e-004
74 2-2  2.024e-005 -2.081e-005  5.689e-007 -1.050e-004  1.402e-004
74 2-3  1.054e-006 -2.757e-007 -7.787e-007 -2.834e-006 -3.527e-005  3.810e-005
75  9.235e-001  7.541e-002  1.063e-003  7.274e-002  8.787e-001  4.852e-002 
75 1-1  6.195e-005
75 1-2 -6.106e-005  6.147e-005
75 1-3 -8.854e-007 -4.069e-007  1.292e-006
75 2-1 -2.404e-005  2.376e-005  2.779e-007  1.157e-004
75 2-2  2.277e-005 -2.336e-005  5.828e-007 -1.125e-004  1.526e-004
75 2-3  1.261e-006 -4.000e-007 -8.607e-007 -3.131e-006 -4.008e-005  4.322e-005
76  9.206e-001  7.820e-002  1.236e-003  7.133e-002  8.754e-001  5.328e-002 
76 1-1  7.337e-005
76 1-2 -7.227e-005  7.272e-005
76 1-3 -1.097e-006 -4.478e-007  1.545e-006
76 2-1 -2.715e-005  2.678e-005  3.669e-007  1.240e-004
76 2-2  2.564e-005 -2.622e-005  5.820e-007 -1.205e-004  1.668e-004
76 2-3  1.509e-006 -5.598e-007 -9.489e-007 -3.504e-006 -4.635e-005  4.986e-005
77  9.175e-001  8.107e-002  1.437e-003  6.990e-002  8.716e-001  5.846e-002 
77 1-1  8.712e-005
77 1-2 -8.575e-005  8.624e-005
77 1-3 -1.375e-006 -4.921e-007  1.867e-006
77 2-1 -3.065e-005  3.016e-005  4.824e-007  1.327e-004
77 2-2  2.884e-005 -2.940e-005  5.638e-007 -1.287e-004  1.833e-004
77 2-3  1.808e-006 -7.617e-007 -1.046e-006 -3.982e-006 -5.464e-005  5.862e-005
78  9.143e-001  8.404e-002  1.670e-003  6.847e-002  8.674e-001  6.412e-002 
78 1-1  1.036e-004
78 1-2 -1.018e-004  1.023e-004
78 1-3 -1.753e-006 -5.420e-007  2.295e-006
78 2-1 -3.454e-005  3.391e-005  6.310e-007  1.416e-004
78 2-2  3.237e-005 -3.290e-005  5.270e-007 -1.370e-004  2.027e-004
78 2-3  2.171e-006 -1.013e-006 -1.158e-006 -4.606e-006 -6.568e-005  7.028e-005
79  9.109e-001  8.711e-002  1.940e-003  6.702e-002  8.627e-001  7.028e-002 
79 1-1  1.231e-004
79 1-2 -1.208e-004  1.214e-004
79 1-3 -2.285e-006 -6.018e-007  2.887e-006
79 2-1 -3.884e-005  3.802e-005  8.209e-007  1.506e-004
79 2-2  3.622e-005 -3.670e-005  4.729e-007 -1.452e-004  2.256e-004
79 2-3  2.615e-006 -1.322e-006 -1.294e-006 -5.430e-006 -8.044e-005  8.587e-005
80  9.075e-001  9.027e-002  2.254e-003  6.557e-002  8.575e-001  7.698e-002 
80 1-1  1.461e-004
80 1-2 -1.431e-004  1.437e-004
80 1-3 -3.059e-006 -6.799e-007  3.739e-006
80 2-1 -4.355e-005  4.249e-005  1.062e-006  1.596e-004
80 2-2  4.039e-005 -4.079e-005  4.071e-007 -1.531e-004  2.532e-004
80 2-3  3.165e-006 -1.696e-006 -1.469e-006 -6.523e-006 -1.002e-004  1.067e-004
81  9.038e-001  9.353e-002  2.619e-003  6.410e-002  8.516e-001  8.426e-002 
81 1-1  1.732e-004
81 1-2 -1.690e-004  1.698e-004
81 1-3 -4.213e-006 -7.913e-007  5.004e-006
81 2-1 -4.869e-005  4.732e-005  1.367e-006  1.684e-004
81 2-2  4.483e-005 -4.518e-005  3.423e-007 -1.604e-004  2.868e-004
81 2-3  3.852e-006 -2.143e-006 -1.710e-006 -7.974e-006 -1.264e-004  1.344e-004
82  9.001e-001  9.689e-002  3.041e-003  6.262e-002  8.452e-001  9.216e-002 
82 1-1  2.050e-004
82 1-2 -1.990e-004  2.000e-004
82 1-3 -5.965e-006 -9.617e-007  6.927e-006
82 2-1 -5.425e-005  5.250e-005  1.751e-006  1.770e-004
82 2-2  4.952e-005 -4.983e-005  3.017e-007 -1.671e-004  3.282e-004
82 2-3  4.723e-006 -2.670e-006 -2.053e-006 -9.891e-006 -1.612e-004  1.711e-004
83  8.961e-001  1.004e-001  3.531e-003  6.112e-002  8.382e-001  1.007e-001 
83 1-1  2.422e-004
83 1-2 -2.336e-004  2.348e-004
83 1-3 -8.655e-006 -1.235e-006  9.890e-006
83 2-1 -6.024e-005  5.801e-005  2.231e-006  1.851e-004
83 2-2  5.440e-005 -5.472e-005  3.243e-007 -1.727e-004  3.796e-004
83 2-3  5.839e-006 -3.283e-006 -2.556e-006 -1.241e-005 -2.068e-004  2.192e-004
84  8.920e-001  1.039e-001  4.099e-003  5.960e-002  8.304e-001  1.100e-001 
84 1-1  2.859e-004
84 1-2 -2.731e-004  2.748e-004
84 1-3 -1.280e-005 -1.684e-006  1.449e-005
84 2-1 -6.666e-005  6.383e-005  2.831e-006  1.928e-004
84 2-2  5.938e-005 -5.985e-005  4.718e-007 -1.771e-004  4.435e-004
84 2-3  7.286e-006 -3.984e-006 -3.303e-006 -1.568e-005 -2.663e-004  2.820e-004
85  8.877e-001  1.076e-001  4.757e-003  5.806e-002  8.220e-001  1.200e-001 
85 1-1  3.372e-004
85 1-2 -3.180e-004  3.204e-004
85 1-3 -1.921e-005 -2.426e-006  2.164e-005
85 2-1 -7.353e-005  6.995e-005  3.577e-006  1.999e-004
85 2-2  6.434e-005 -6.518e-005  8.378e-007 -1.800e-004  5.231e-004
85 2-3  9.184e-006 -4.769e-006 -4.415e-006 -1.990e-005 -3.431e-004  3.630e-004
86  8.831e-001  1.113e-001  5.520e-003  5.651e-002  8.128e-001  1.307e-001 
86 1-1  3.978e-004
86 1-2 -3.687e-004  3.723e-004
86 1-3 -2.908e-005 -3.650e-006  3.273e-005
86 2-1 -8.082e-005  7.632e-005  4.501e-006  2.063e-004
86 2-2  6.913e-005 -7.069e-005  1.560e-006 -1.811e-004  6.223e-004
86 2-3  1.169e-005 -5.629e-006 -6.061e-006 -2.528e-005 -4.413e-004  4.665e-004
87  8.784e-001  1.152e-001  6.403e-003  5.494e-002  8.028e-001  1.423e-001 
87 1-1  4.697e-004
87 1-2 -4.255e-004  4.311e-004
87 1-3 -4.424e-005 -5.654e-006  4.989e-005
87 2-1 -8.855e-005  8.291e-005  5.642e-006  2.120e-004
87 2-2  7.353e-005 -7.637e-005  2.835e-006 -1.800e-004  7.454e-004
87 2-3  1.502e-005 -6.543e-006 -8.478e-006 -3.205e-005 -5.654e-004  5.975e-004
88  8.734e-001  1.192e-001  7.425e-003  5.334e-002  7.919e-001  1.547e-001 
88 1-1  5.560e-004
88 1-2 -4.886e-004  4.975e-004
88 1-3 -6.738e-005 -8.904e-006  7.628e-005
88 2-1 -9.672e-005  8.967e-005  7.048e-006  2.168e-004
88 2-2  7.726e-005 -8.220e-005  4.940e-006 -1.764e-004  8.971e-004
88 2-3  1.946e-005 -7.472e-006 -1.199e-005 -4.049e-005 -7.208e-004  7.613e-004
89  8.682e-001  1.232e-001  8.607e-003  5.173e-002  7.803e-001  1.680e-001 
89 1-1  6.606e-004
89 1-2 -5.581e-004  5.722e-004
89 1-3 -1.025e-004 -1.412e-005  1.166e-004
89 2-1 -1.053e-004  9.655e-005  8.775e-006  2.208e-004
89 2-2  7.994e-005 -8.820e-005  8.254e-006 -1.699e-004  1.083e-003
89 2-3  2.539e-005 -8.359e-006 -1.703e-005 -5.087e-005 -9.130e-004  9.639e-004
90  8.627e-001  1.274e-001  9.974e-003  5.010e-002  7.677e-001  1.822e-001 
90 1-1  7.891e-004
90 1-2 -6.337e-004  6.561e-004
90 1-3 -1.554e-004 -2.242e-005  1.778e-004
90 2-1 -1.144e-004  1.035e-004  1.089e-005  2.238e-004
90 2-2  8.108e-005 -9.437e-005  1.329e-005 -1.603e-004  1.308e-003
90 2-3  3.329e-005 -9.115e-006 -2.418e-005 -6.347e-005 -1.148e-003  1.212e-003