# ATMsr.txt
#IMaCh version 0.99r45, April 2023,INED-EUROREVES-Institut de longevite-Japan Society for the Promotion of Science (Grant-in-Aid for Scientific Research 25293121), Intel Software 2015-2020, Nihon University 2021-202, INED 2000-2022
#$Revision: 1.353 $ $Date: 2023/05/08 18:48:22 $
# Tue Feb 04 22:13:36 2025
#One-step probabilities and stand. devi in ()
# Age p1-1 (SE) p1-2 (SE) p1-3 (SE) p2-1 (SE) p2-2 (SE) p2-3 (SE)
50  9.704e-001 ( 5.815e-003)  2.953e-002 ( 5.817e-003)  2.391e-005 ( 8.509e-005)  1.091e-001 ( 2.164e-002)  8.866e-001 ( 2.168e-002)  4.311e-003 ( 1.793e-003) 
51  9.693e-001 ( 5.777e-003)  3.068e-002 ( 5.779e-003)  2.785e-005 ( 9.608e-005)  1.075e-001 ( 2.037e-002)  8.877e-001 ( 2.043e-002)  4.757e-003 ( 1.913e-003) 
52  9.681e-001 ( 5.731e-003)  3.188e-002 ( 5.733e-003)  3.244e-005 ( 1.084e-004)  1.060e-001 ( 1.915e-002)  8.888e-001 ( 1.922e-002)  5.249e-003 ( 2.039e-003) 
53  9.668e-001 ( 5.676e-003)  3.312e-002 ( 5.678e-003)  3.779e-005 ( 1.221e-004)  1.044e-001 ( 1.797e-002)  8.898e-001 ( 1.806e-002)  5.791e-003 ( 2.170e-003) 
54  9.656e-001 ( 5.613e-003)  3.441e-002 ( 5.616e-003)  4.401e-005 ( 1.375e-004)  1.029e-001 ( 1.685e-002)  8.907e-001 ( 1.696e-002)  6.389e-003 ( 2.307e-003) 
55  9.642e-001 ( 5.543e-003)  3.574e-002 ( 5.546e-003)  5.125e-005 ( 1.546e-004)  1.013e-001 ( 1.578e-002)  8.916e-001 ( 1.592e-002)  7.048e-003 ( 2.450e-003) 
56  9.628e-001 ( 5.467e-003)  3.713e-002 ( 5.470e-003)  5.969e-005 ( 1.736e-004)  9.984e-002 ( 1.476e-002)  8.924e-001 ( 1.494e-002)  7.774e-003 ( 2.598e-003) 
57  9.614e-001 ( 5.385e-003)  3.856e-002 ( 5.388e-003)  6.950e-005 ( 1.947e-004)  9.835e-002 ( 1.381e-002)  8.931e-001 ( 1.402e-002)  8.574e-003 ( 2.751e-003) 
58  9.599e-001 ( 5.299e-003)  4.006e-002 ( 5.303e-003)  8.093e-005 ( 2.180e-004)  9.687e-002 ( 1.292e-002)  8.937e-001 ( 1.318e-002)  9.456e-003 ( 2.909e-003) 
59  9.583e-001 ( 5.211e-003)  4.160e-002 ( 5.215e-003)  9.423e-005 ( 2.438e-004)  9.540e-002 ( 1.210e-002)  8.942e-001 ( 1.242e-002)  1.043e-002 ( 3.071e-003) 
60  9.567e-001 ( 5.124e-003)  4.320e-002 ( 5.128e-003)  1.097e-004 ( 2.722e-004)  9.394e-002 ( 1.136e-002)  8.946e-001 ( 1.174e-002)  1.150e-002 ( 3.237e-003) 
61  9.550e-001 ( 5.041e-003)  4.486e-002 ( 5.046e-003)  1.277e-004 ( 3.035e-004)  9.249e-002 ( 1.071e-002)  8.948e-001 ( 1.115e-002)  1.267e-002 ( 3.407e-003) 
62  9.533e-001 ( 4.967e-003)  4.659e-002 ( 4.972e-003)  1.487e-004 ( 3.377e-004)  9.105e-002 ( 1.014e-002)  8.950e-001 ( 1.065e-002)  1.397e-002 ( 3.579e-003) 
63  9.515e-001 ( 4.908e-003)  4.837e-002 ( 4.913e-003)  1.731e-004 ( 3.752e-004)  8.961e-002 ( 9.674e-003)  8.950e-001 ( 1.026e-002)  1.540e-002 ( 3.755e-003) 
64  9.496e-001 ( 4.869e-003)  5.022e-002 ( 4.874e-003)  2.014e-004 ( 4.159e-004)  8.819e-002 ( 9.307e-003)  8.948e-001 ( 9.977e-003)  1.696e-002 ( 3.932e-003) 
65  9.476e-001 ( 4.859e-003)  5.214e-002 ( 4.862e-003)  2.344e-004 ( 4.602e-004)  8.677e-002 ( 9.043e-003)  8.945e-001 ( 9.795e-003)  1.869e-002 ( 4.112e-003) 
66  9.456e-001 ( 4.884e-003)  5.412e-002 ( 4.887e-003)  2.728e-004 ( 5.081e-004)  8.536e-002 ( 8.883e-003)  8.941e-001 ( 9.715e-003)  2.059e-002 ( 4.295e-003) 
67  9.435e-001 ( 4.955e-003)  5.617e-002 ( 4.956e-003)  3.175e-004 ( 5.598e-004)  8.396e-002 ( 8.823e-003)  8.934e-001 ( 9.732e-003)  2.267e-002 ( 4.480e-003) 
68  9.413e-001 ( 5.079e-003)  5.830e-002 ( 5.079e-003)  3.694e-004 ( 6.153e-004)  8.255e-002 ( 8.856e-003)  8.925e-001 ( 9.837e-003)  2.496e-002 ( 4.671e-003) 
69  9.391e-001 ( 5.264e-003)  6.050e-002 ( 5.261e-003)  4.298e-004 ( 6.748e-004)  8.115e-002 ( 8.971e-003)  8.914e-001 ( 1.002e-002)  2.747e-002 ( 4.868e-003) 
70  9.367e-001 ( 5.516e-003)  6.278e-002 ( 5.509e-003)  5.000e-004 ( 7.385e-004)  7.975e-002 ( 9.158e-003)  8.900e-001 ( 1.028e-002)  3.023e-002 ( 5.077e-003) 
71  9.343e-001 ( 5.838e-003)  6.514e-002 ( 5.828e-003)  5.815e-004 ( 8.065e-004)  7.836e-002 ( 9.404e-003)  8.884e-001 ( 1.059e-002)  3.326e-002 ( 5.302e-003) 
72  9.317e-001 ( 6.234e-003)  6.758e-002 ( 6.220e-003)  6.764e-004 ( 8.794e-004)  7.696e-002 ( 9.698e-003)  8.865e-001 ( 1.096e-002)  3.657e-002 ( 5.552e-003) 
73  9.291e-001 ( 6.705e-003)  7.010e-002 ( 6.686e-003)  7.866e-004 ( 9.577e-004)  7.556e-002 ( 1.003e-002)  8.842e-001 ( 1.138e-002)  4.020e-002 ( 5.838e-003) 
74  9.264e-001 ( 7.250e-003)  7.271e-002 ( 7.226e-003)  9.146e-004 ( 1.043e-003)  7.415e-002 ( 1.038e-002)  8.817e-001 ( 1.184e-002)  4.418e-002 ( 6.173e-003) 
75  9.235e-001 ( 7.871e-003)  7.541e-002 ( 7.840e-003)  1.063e-003 ( 1.137e-003)  7.274e-002 ( 1.075e-002)  8.787e-001 ( 1.235e-002)  4.852e-002 ( 6.574e-003) 
76  9.206e-001 ( 8.565e-003)  7.820e-002 ( 8.527e-003)  1.236e-003 ( 1.243e-003)  7.133e-002 ( 1.114e-002)  8.754e-001 ( 1.292e-002)  5.328e-002 ( 7.061e-003) 
77  9.175e-001 ( 9.334e-003)  8.107e-002 ( 9.286e-003)  1.437e-003 ( 1.366e-003)  6.990e-002 ( 1.152e-002)  8.716e-001 ( 1.354e-002)  5.846e-002 ( 7.656e-003) 
78  9.143e-001 ( 1.018e-002)  8.404e-002 ( 1.012e-002)  1.670e-003 ( 1.515e-003)  6.847e-002 ( 1.190e-002)  8.674e-001 ( 1.424e-002)  6.412e-002 ( 8.383e-003) 
79  9.109e-001 ( 1.109e-002)  8.711e-002 ( 1.102e-002)  1.940e-003 ( 1.699e-003)  6.702e-002 ( 1.227e-002)  8.627e-001 ( 1.502e-002)  7.028e-002 ( 9.266e-003) 
80  9.075e-001 ( 1.209e-002)  9.027e-002 ( 1.199e-002)  2.254e-003 ( 1.934e-003)  6.557e-002 ( 1.263e-002)  8.575e-001 ( 1.591e-002)  7.698e-002 ( 1.033e-002) 
81  9.038e-001 ( 1.316e-002)  9.353e-002 ( 1.303e-002)  2.619e-003 ( 2.237e-003)  6.410e-002 ( 1.298e-002)  8.516e-001 ( 1.694e-002)  8.426e-002 ( 1.159e-002) 
82  9.001e-001 ( 1.432e-002)  9.689e-002 ( 1.414e-002)  3.041e-003 ( 2.632e-003)  6.262e-002 ( 1.330e-002)  8.452e-001 ( 1.812e-002)  9.216e-002 ( 1.308e-002) 
83  8.961e-001 ( 1.556e-002)  1.004e-001 ( 1.532e-002)  3.531e-003 ( 3.145e-003)  6.112e-002 ( 1.361e-002)  8.382e-001 ( 1.948e-002)  1.007e-001 ( 1.481e-002) 
84  8.920e-001 ( 1.691e-002)  1.039e-001 ( 1.658e-002)  4.099e-003 ( 3.806e-003)  5.960e-002 ( 1.389e-002)  8.304e-001 ( 2.106e-002)  1.100e-001 ( 1.679e-002) 
85  8.877e-001 ( 1.836e-002)  1.076e-001 ( 1.790e-002)  4.757e-003 ( 4.652e-003)  5.806e-002 ( 1.414e-002)  8.220e-001 ( 2.287e-002)  1.200e-001 ( 1.905e-002) 
86  8.831e-001 ( 1.994e-002)  1.113e-001 ( 1.930e-002)  5.520e-003 ( 5.721e-003)  5.651e-002 ( 1.436e-002)  8.128e-001 ( 2.495e-002)  1.307e-001 ( 2.160e-002) 
87  8.784e-001 ( 2.167e-002)  1.152e-001 ( 2.076e-002)  6.403e-003 ( 7.064e-003)  5.494e-002 ( 1.456e-002)  8.028e-001 ( 2.730e-002)  1.423e-001 ( 2.444e-002) 
88  8.734e-001 ( 2.358e-002)  1.192e-001 ( 2.231e-002)  7.425e-003 ( 8.734e-003)  5.334e-002 ( 1.473e-002)  7.919e-001 ( 2.995e-002)  1.547e-001 ( 2.759e-002) 
89  8.682e-001 ( 2.570e-002)  1.232e-001 ( 2.392e-002)  8.607e-003 ( 1.080e-002)  5.173e-002 ( 1.486e-002)  7.803e-001 ( 3.291e-002)  1.680e-001 ( 3.105e-002) 
90  8.627e-001 ( 2.809e-002)  1.274e-001 ( 2.561e-002)  9.974e-003 ( 1.334e-002)  5.010e-002 ( 1.496e-002)  7.677e-001 ( 3.617e-002)  1.822e-001 ( 3.481e-002) 