
#****** ******
# ATMsr.txt
#IMaCh version 0.99r45, April 2023,INED-EUROREVES-Institut de longevite-Japan Society for the Promotion of Science (Grant-in-Aid for Scientific Research 25293121), Intel Software 2015-2020, Nihon University 2021-202, INED 2000-2022
#$Revision: 1.353 $ $Date: 2023/05/08 18:48:22 $
# Tue Feb 04 22:13:36 2025
# Health expectancies with standard errors
# Age e11 (SE) e12 (SE) e1.  e21 (SE) e22 (SE) e2. 
 50   21.3837 (1.0324)    9.4078 (0.7074)   30.7916 (1.0910)   17.3890 (1.2521)   12.2765 (0.8798)   29.6656 (1.3266)
 51   20.6395 (1.0133)    9.2239 (0.6902)   29.8634 (1.0792)   16.6088 (1.2147)   12.0583 (0.8504)   28.6671 (1.3163)
 52   19.9075 (0.9950)    9.0351 (0.6738)   28.9425 (1.0671)   15.8425 (1.1788)   11.8314 (0.8232)   27.6739 (1.3043)
 53   19.1881 (0.9777)    8.8416 (0.6583)   28.0297 (1.0547)   15.0907 (1.1444)   11.5962 (0.7981)   26.6868 (1.2909)
 54   18.4819 (0.9613)    8.6436 (0.6437)   27.1255 (1.0420)   14.3540 (1.1116)   11.3526 (0.7749)   25.7067 (1.2758)
 55   17.7892 (0.9458)    8.4414 (0.6298)   26.2306 (1.0291)   13.6332 (1.0803)   11.1012 (0.7536)   24.7344 (1.2593)
 56   17.1104 (0.9313)    8.2351 (0.6167)   25.3455 (1.0161)   12.9288 (1.0505)   10.8420 (0.7339)   23.7708 (1.2412)
 57   16.4461 (0.9176)    8.0251 (0.6043)   24.4712 (1.0032)   12.2415 (1.0220)   10.5756 (0.7155)   22.8171 (1.2217)
 58   15.7965 (0.9047)    7.8117 (0.5925)   23.6081 (0.9903)   11.5719 (0.9949)   10.3023 (0.6982)   21.8742 (1.2010)
 59   15.1620 (0.8927)    7.5951 (0.5814)   22.7571 (0.9775)   10.9206 (0.9688)   10.0226 (0.6819)   20.9432 (1.1790)
 60   14.5431 (0.8813)    7.3759 (0.5709)   21.9189 (0.9651)   10.2882 (0.9437)    9.7371 (0.6663)   20.0253 (1.1560)
 61   13.9399 (0.8707)    7.1542 (0.5610)   21.0942 (0.9530)    9.6752 (0.9194)    9.4463 (0.6512)   19.1215 (1.1321)
 62   13.3530 (0.8607)    6.9307 (0.5516)   20.2837 (0.9414)    9.0822 (0.8958)    9.1508 (0.6366)   18.2330 (1.1074)
 63   12.7824 (0.8513)    6.7057 (0.5427)   19.4882 (0.9303)    8.5095 (0.8727)    8.8515 (0.6224)   17.3610 (1.0823)
 64   12.2286 (0.8424)    6.4797 (0.5343)   18.7083 (0.9198)    7.9577 (0.8499)    8.5490 (0.6084)   16.5066 (1.0569)
 65   11.6915 (0.8340)    6.2532 (0.5264)   17.9447 (0.9100)    7.4269 (0.8273)    8.2440 (0.5947)   15.6709 (1.0314)
 66   11.1715 (0.8259)    6.0266 (0.5189)   17.1981 (0.9009)    6.9177 (0.8047)    7.9374 (0.5813)   14.8551 (1.0061)
 67   10.6686 (0.8183)    5.8005 (0.5119)   16.4692 (0.8925)    6.4301 (0.7820)    7.6301 (0.5683)   14.0602 (0.9810)
 68   10.1829 (0.8109)    5.5754 (0.5052)   15.7584 (0.8849)    5.9643 (0.7592)    7.3229 (0.5556)   13.2872 (0.9565)
 69    9.7144 (0.8038)    5.3518 (0.4989)   15.0663 (0.8780)    5.5204 (0.7361)    7.0165 (0.5434)   12.5370 (0.9326)
 70    9.2632 (0.7970)    5.1302 (0.4930)   14.3934 (0.8719)    5.0985 (0.7126)    6.7120 (0.5318)   11.8105 (0.9095)
 71    8.8290 (0.7904)    4.9111 (0.4873)   13.7401 (0.8665)    4.6984 (0.6889)    6.4101 (0.5208)   11.1086 (0.8872)
 72    8.4118 (0.7841)    4.6950 (0.4820)   13.1068 (0.8617)    4.3200 (0.6648)    6.1118 (0.5105)   10.4318 (0.8659)
 73    8.0114 (0.7779)    4.4824 (0.4768)   12.4938 (0.8576)    3.9630 (0.6403)    5.8177 (0.5009)    9.7808 (0.8454)
 74    7.6276 (0.7720)    4.2736 (0.4717)   11.9012 (0.8542)    3.6272 (0.6156)    5.5288 (0.4921)    9.1560 (0.8258)
 75    7.2601 (0.7664)    4.0693 (0.4668)   11.3293 (0.8514)    3.3122 (0.5906)    5.2457 (0.4841)    8.5579 (0.8069)
 76    6.9085 (0.7611)    3.8696 (0.4620)   10.7782 (0.8492)    3.0174 (0.5654)    4.9692 (0.4767)    7.9866 (0.7887)
 77    6.5726 (0.7561)    3.6751 (0.4571)   10.2478 (0.8477)    2.7425 (0.5400)    4.6999 (0.4698)    7.4423 (0.7710)
 78    6.2519 (0.7514)    3.4860 (0.4523)    9.7380 (0.8470)    2.4867 (0.5146)    4.4383 (0.4635)    6.9250 (0.7537)
 79    5.9460 (0.7473)    3.3027 (0.4474)    9.2486 (0.8471)    2.2494 (0.4893)    4.1851 (0.4575)    6.4345 (0.7365)
 80    5.6543 (0.7438)    3.1253 (0.4426)    8.7796 (0.8483)    2.0299 (0.4642)    3.9406 (0.4516)    5.9705 (0.7194)
 81    5.3765 (0.7409)    2.9541 (0.4377)    8.3305 (0.8506)    1.8275 (0.4393)    3.7053 (0.4458)    5.5328 (0.7022)
 82    5.1119 (0.7388)    2.7892 (0.4329)    7.9010 (0.8543)    1.6414 (0.4147)    3.4794 (0.4399)    5.1208 (0.6848)
 83    4.8600 (0.7377)    2.6308 (0.4282)    7.4907 (0.8597)    1.4708 (0.3907)    3.2632 (0.4338)    4.7340 (0.6670)
 84    4.6202 (0.7377)    2.4789 (0.4238)    7.0991 (0.8672)    1.3148 (0.3672)    3.0569 (0.4272)    4.3716 (0.6488)
 85    4.3921 (0.7391)    2.3336 (0.4196)    6.7256 (0.8770)    1.1726 (0.3443)    2.8604 (0.4202)    4.0330 (0.6302)
 86    4.1749 (0.7419)    2.1948 (0.4159)    6.3698 (0.8895)    1.0434 (0.3222)    2.6740 (0.4127)    3.7173 (0.6110)
 87    3.9682 (0.7465)    2.0626 (0.4129)    6.0308 (0.9050)    0.9262 (0.3008)    2.4974 (0.4045)    3.4237 (0.5913)
 88    3.7714 (0.7531)    1.9368 (0.4107)    5.7082 (0.9240)    0.8204 (0.2803)    2.3307 (0.3957)    3.1511 (0.5712)
 89    3.5839 (0.7618)    1.8174 (0.4095)    5.4013 (0.9467)    0.7250 (0.2608)    2.1736 (0.3863)    2.8986 (0.5507)
 90    3.4052 (0.7730)    1.7041 (0.4094)    5.1093 (0.9734)    0.6393 (0.2421)    2.0260 (0.3763)    2.6653 (0.5298)
