
#****** ******
# ATMsr.txt
#IMaCh version 0.99r45, April 2023,INED-EUROREVES-Institut de longevite-Japan Society for the Promotion of Science (Grant-in-Aid for Scientific Research 25293121), Intel Software 2015-2020, Nihon University 2021-202, INED 2000-2022
#$Revision: 1.353 $ $Date: 2023/05/08 18:48:22 $
# Tue Feb 04 22:13:36 2025
# Variance and covariance of health expectancies e.j 
#  (weighted average of eij where weights are the age specific period (stable) prevalences in each health state 
# Age Cov(e.1, e.1) Cov(e.1, e.2) Cov(e.2, e.1) Cov(e.2, e.2)
50  1.2875 -0.2882 -0.2882 0.5963
51  1.1891 -0.2609 -0.2609 0.5817
52  1.1401 -0.2332 -0.2332 0.5511
53  1.0939 -0.2085 -0.2085 0.5227
54  1.0505 -0.1866 -0.1866 0.4963
55  1.0098 -0.1674 -0.1674 0.4719
56  0.9718 -0.1507 -0.1507 0.4494
57  0.9365 -0.1365 -0.1365 0.4286
58  0.9037 -0.1245 -0.1245 0.4095
59  0.8735 -0.1144 -0.1144 0.3919
60  0.8455 -0.1061 -0.1061 0.3756
61  0.8198 -0.0993 -0.0993 0.3606
62  0.7960 -0.0938 -0.0938 0.3468
63  0.7740 -0.0893 -0.0893 0.3340
64  0.7537 -0.0856 -0.0856 0.3221
65  0.7347 -0.0825 -0.0825 0.3112
66  0.7169 -0.0797 -0.0797 0.3010
67  0.7000 -0.0771 -0.0771 0.2915
68  0.6839 -0.0746 -0.0746 0.2827
69  0.6683 -0.0719 -0.0719 0.2745
70  0.6529 -0.0691 -0.0691 0.2669
71  0.6378 -0.0661 -0.0661 0.2598
72  0.6226 -0.0628 -0.0628 0.2533
73  0.6074 -0.0593 -0.0593 0.2471
74  0.5920 -0.0556 -0.0556 0.2414
75  0.5764 -0.0517 -0.0517 0.2360
76  0.5606 -0.0478 -0.0478 0.2308
77  0.5253 -0.0515 -0.0515 0.2396
78  0.5288 -0.0401 -0.0401 0.2211
79  0.5130 -0.0364 -0.0364 0.2164
80  0.4975 -0.0330 -0.0330 0.2116
81  0.8314 0.2556 0.2556 0.3372
82  0.4683 -0.0271 -0.0271 0.2020
83  0.4550 -0.0245 -0.0245 0.1970
84  0.4429 -0.0222 -0.0222 0.1918
85  0.4325 -0.0201 -0.0201 0.1865
86  0.3961 -0.0326 -0.0326 0.1930
87  0.4174 -0.0160 -0.0160 0.1754
88  0.4133 -0.0137 -0.0137 0.1696
89  0.4121 -0.0111 -0.0111 0.1639
90  0.4138 -0.0079 -0.0079 0.1582
