# Powell
# iter -2*LL p12 p13 p21 p23
1 1 17428.646789395883 0 0.000000000000 0.000000000000 0.000000000000 0.000000000000 0.000000000000 0.000000000000 0.000000000000 0.000000000000
2 2 4770.581575222561 1 32.996690366783 0.887564932259 0.887564932259 0.000000000000 2.843323030560 -0.000966452306 -0.919058392575 0.002387042427
3 2 4447.384525610004 1 33.814516298489 1.882664704000 1.882664704000 2.207977659596 2.827625100913 -0.007694248397 -1.563985777740 -0.012761363257
4 3 4433.431660852913 2 33.766416420904 1.882174024520 1.927993020285 2.207475020851 2.824438921917 -0.010877755165 -2.024141854480 -0.012900372426
5 3 4428.757388212285 3 33.736682426851 1.883847701762 2.012912509075 2.206560841082 2.826864549604 -0.012037004210 -2.446405807689 -0.007035007340
6 4 4423.805819475513 3 33.456659197568 1.887143035489 2.193782461887 2.204610824453 2.831158276989 -0.013215946291 -3.082666589331 0.001349380194
7 4 4419.175548757744 4 32.952513603732 1.892209656557 2.449090974013 2.201862842793 2.838563275704 -0.014165482642 -3.716720846079 0.010326059503
8 5 4415.564152081846 5 32.394682408109 1.898598836465 2.766663584571 2.198445448175 2.848054782546 -0.014905388134 -4.318294823586 0.019134894624
9 5 4398.888906635467 5 30.168002772342 1.925210415845 4.043200075645 2.184717869464 2.889213307189 -0.015725234806 -6.233412991535 0.048348725997
10 6 4373.904387546991 6 28.853236584606 1.942374185844 4.843816941447 2.176112462677 2.916557044458 -0.013951353381 -6.940177961806 0.060117443954
11 6 4347.867762430140 7 24.935100511875 1.993663333290 7.282660790275 2.149890007858 2.996636243299 -0.010820807970 -9.933983150105 0.102843921437
12 7 4343.671024357119 7 24.357427430694 2.002573101367 7.692383422468 2.145484758721 3.011028847219 -0.010700214986 -10.731830451191 0.111074827200
13 7 4336.692047828329 8 22.009833999763 2.028101798807 8.867549834167 2.132840958730 3.052196036092 -0.011610077981 -13.066663671441 0.138109335174
14 8 4335.720878186207 9 21.825288429508 2.031850260707 9.030678891386 2.131087087131 3.058570282788 -0.012250047945 -13.526671273795 0.143302280627
15 8 4335.339942261413 9 21.561456968622 2.036309907126 9.234837039161 2.128883236162 3.065775627146 -0.012619961578 -14.017025208707 0.148482672632
16 9 4335.301953369723 10 21.594171635104 2.035663213882 9.208146759217 2.129176435399 3.064840058612 -0.012540950497 -13.966431825778 0.147760982352
17 9 4335.294665029702 11 21.580609274345 2.035626058788 9.205179113459 2.129222513676 3.064949446089 -0.012516175049 -13.974994024409 0.147773636797
18 10 4335.292933475924 11 21.582719312232 2.035589178376 9.201244011063 2.129273834694 3.064945871402 -0.012514291432 -13.975413628864 0.147782868129
19 10 4335.242702398628 12 21.682476941523 2.034228966227 9.003229527826 2.131907530306 3.064961455801 -0.012446868843 -14.069540445576 0.148904860998
20 11 4335.236216503360 12 21.668338638328 2.034484894307 8.999125532760 2.131972732009 3.065300568962 -0.012447812122 -14.110398855995 0.149346328199
21 11 4335.233999809301 13 21.637898525471 2.034958704456 9.006389670643 2.131938500253 3.065827203436 -0.012469040308 -14.170525951981 0.150022702526
22 12 4335.233662280299 14 21.639784610145 2.034948480915 9.002740806590 2.132002274941 3.065725996998 -0.012468777158 -14.173274794093 0.150058412594
23 12 4335.214644017807 15 21.617582344359 2.036299184313 9.046517522388 2.132378282191 3.054657117832 -0.012392999534 -14.176616215427 0.150226728419
24 13 4335.179201660480 15 21.607697493197 2.037989851079 9.057890589531 2.133727342338 3.033638531590 -0.012139082254 -14.168863098914 0.150256668190
25 13 4335.154077481639 16 21.643558263813 2.039118801258 8.996355972440 2.135961395734 3.013430251447 -0.011858122758 -14.199662104121 0.150757073270
26 14 4335.075077117720 17 21.728376958556 2.042189343583 8.792531837104 2.142579433339 2.955665065292 -0.010978448758 -14.337262454842 0.152578539404
27 14 4334.945592780829 18 21.664600165194 2.050555246839 8.742354427377 2.150619524779 2.850916750797 -0.009524046740 -14.535300562185 0.155136163474
28 15 4334.706301909513 19 21.469632710362 2.063385191498 8.805934983433 2.160546000997 2.698372103028 -0.007364286056 -14.746193354084 0.157628030940
29 15 4334.613143770866 20 21.500790464175 2.062015770647 8.795769061442 2.160204674492 2.704428723771 -0.007353871358 -14.632233107522 0.156099490506
30 16 4334.601275133213 20 21.547306876968 2.061938254699 8.767741016685 2.161136029267 2.695906559088 -0.007195240087 -14.561679459435 0.155304830153
31 16 4334.598545045585 21 21.563173873490 2.061914712728 8.768766567388 2.161308184207 2.693020119472 -0.007142522571 -14.520533441264 0.154839299397
32 17 4334.597995551120 22 21.569464816686 2.061908492063 8.770779204666 2.161357165510 2.691844321442 -0.007121505569 -14.501651429041 0.154625646323
33 17 4334.597890925119 23 21.572079213136 2.061906478750 8.771884105322 2.161374422499 2.691349340231 -0.007112745125 -14.493370831442 0.154531941120
34 18 4334.597871390855 24 21.573186232410 2.061905700941 8.772399323902 2.161381164981 2.691138918289 -0.007109036740 -14.489787943163 0.154491389592
35 18 4334.597867768097 25 21.573659824109 2.061905397233 8.772625527803 2.161384003577 2.691048480865 -0.007107447100 -14.488245455035 0.154473931756
36 19 4334.597867094915 26 21.573860832100 2.061905315816 8.772726897007 2.161385182642 2.691009568186 -0.007106762738 -14.487581419807 0.154466418874
37 19 4334.597866970752 27 21.573948387492 2.061905280900 8.772768643239 2.161385730548 2.690992525561 -0.007106465515 -14.487296441828 0.154463191889
38 20 4334.597866947492 28 21.573985112400 2.061905256461 8.772788638689 2.161385919757 2.690985570715 -0.007106342978 -14.487172894865 0.154461792769
39 20 4334.597866943260 30 21.574002919896 2.061905231605 8.772794052346 2.161386051965 2.690982368502 -0.007106286925 -14.487120362016 0.154461196776
40 21 4334.597866942409 31 21.574009291606 2.061905273424 8.772797979479 2.161386125069 2.690980509283 -0.007106256261 -14.487097277083 0.154460939848
41 21 4334.597866942275 33 21.574011019678 2.061905269175 8.772801776254 2.161386085915 2.690980448018 -0.007106254692 -14.487087788946 0.154460832616
42 22 4334.597866942249 35 21.574012819742 2.061905236473 8.772800340178 2.161386101408 2.690980392987 -0.007106252095 -14.487084348649 0.154460796284
43 22 4334.597866942228 36 21.574012515641 2.061905264932 8.772801583025 2.161386108485 2.690979986961 -0.007106245814 -14.487082973600 0.154460777393
44 23 4334.597866942222 38 21.574012665940 2.061905262841 8.772801473468 2.161386109706 2.690979983851 -0.007106245852 -14.487082838501 0.154460775664
45 23 4334.597866942218 39 21.574012665994 2.061905262841 8.772801473360 2.161386109708 2.690979983851 -0.007106245852 -14.487082838552 0.154460775665
