# Powell
# iter -2*LL p12 p13 p21 p23
1 1 4375.772774222741 0 0.000000000000 0.000000000000 0.000000000000 0.000000000000 0.000000000000 0.000000000000 0.000000000000 0.000000000000
2 2 2368.365877935649 0 0.705279475727 0.000933665360 -3.956009028856 0.003919869449 -1.940518769686 -0.000257863451 -2.897220504692 0.002352908093
3 2 2235.065185200904 1 -0.249732511135 0.001668529922 -4.157885334544 0.007727120697 -2.452899351241 -0.000464460162 -2.975643660820 0.005927468594
4 3 2189.503254761719 1 -1.870755429006 0.023499308126 -13.873293923866 0.112689138720 -1.737972727300 -0.006510070566 -5.411398637092 0.041493410473
5 3 2156.645995807535 1 -2.420290664472 0.033359392362 -15.664931759764 0.159636901381 -1.659600781627 -0.009149961915 -6.483295576136 0.057264816240
6 4 2142.087294201681 1 -3.250346979708 0.048323719683 -20.126871947023 0.230308384912 -1.547243456236 -0.012930230760 -8.128074590588 0.078968544027
7 4 2141.656245633556 1 -3.314746577872 0.049550279558 -20.731523363988 0.235769462656 -1.547923075917 -0.013037857301 -8.273973499288 0.080535065547
8 5 2141.518157997748 1 -3.414980397222 0.050793362620 -21.254468537488 0.241321735015 -1.546411544923 -0.012972340807 -8.442028295313 0.082790661365
9 5 2141.358228921504 1 -3.445631867069 0.051134439660 -21.452678342607 0.242626383281 -1.570895111231 -0.012406237235 -8.542594673638 0.084147254626
10 6 2140.854895708322 1 -3.537547376176 0.052321913119 -21.926132223912 0.247332122142 -1.685965887716 -0.011007196674 -8.897189561210 0.088857844321
11 6 2140.062408850740 1 -3.522323932133 0.052586209713 -22.152460857546 0.251246048299 -1.866754550641 -0.008727022071 -9.312354822640 0.094355589354
12 7 2139.308336574644 1 -3.360768572385 0.050676725999 -21.455764122933 0.244748246683 -1.927489058501 -0.007715776742 -9.281223409371 0.093927659432
13 7 2136.268140720407 2 -2.614287225595 0.038204666755 -17.109814422922 0.190636395731 -2.510606650631 0.001562959603 -9.366772682976 0.095111767857
14 8 2136.128334520933 2 -2.604576346413 0.037953433487 -17.040839980547 0.187486758269 -2.540080831908 0.002078840035 -9.402574955682 0.095617253102
15 8 2136.118401882591 2 -2.578300192977 0.037686708903 -16.913307832434 0.185804227368 -2.547393581981 0.002130846758 -9.376633516187 0.095274780398
16 9 2136.095428144028 2 -2.593472124377 0.037818593755 -16.733761410456 0.183111915289 -2.565801662091 0.002255194160 -9.352646200498 0.094958024242
17 9 2136.059862576022 2 -2.622273112594 0.038209481770 -16.445638033180 0.179366640721 -2.593301574832 0.002607749317 -9.338630501162 0.094775089887
18 10 2135.971159093342 2 -2.734421811095 0.039961096006 -15.766540538214 0.171165678301 -2.650898303194 0.003511367054 -9.327463485570 0.094635673138
19 10 2135.947018073043 3 -2.777476494686 0.040790010308 -15.868560089554 0.173101836426 -2.628665935703 0.003210592185 -9.320095875327 0.094529943609
20 11 2135.940641391528 3 -2.793487493290 0.041023049829 -15.922820040239 0.173775798055 -2.625596219739 0.003229380618 -9.336683913484 0.094753664346
21 11 2135.938824561752 3 -2.801607321600 0.041174377713 -15.934036797147 0.173861703666 -2.624528939974 0.003262201604 -9.345150549939 0.094869871813
22 12 2135.937491073379 3 -2.795880852604 0.041091201428 -15.904234933945 0.173367647933 -2.627882444921 0.003332047500 -9.348674497353 0.094919212270
23 12 2135.936408308637 3 -2.793500436043 0.041027341842 -15.901537417896 0.173330755668 -2.629513338418 0.003364762445 -9.353375015668 0.094981837757
24 13 2135.924792326475 3 -2.835821979889 0.041594676527 -16.045782478834 0.175113144753 -2.602867497647 0.003003461883 -9.376670914996 0.095288293666
25 13 2135.909907998582 3 -2.835511829106 0.041579311173 -16.034058599863 0.175062463238 -2.595971247979 0.002869645785 -9.374860675928 0.095259989032
26 14 2135.690211027807 3 -2.919215932748 0.043323324341 -15.560246162460 0.169418887295 -2.389662037476 -0.000291816132 -9.423014927374 0.095857559019
27 14 2135.537165330494 4 -2.843305556703 0.042017953344 -15.081883832613 0.163092727244 -2.359183790966 -0.000759339355 -9.477743278166 0.096570693978
28 15 2135.433077247476 4 -2.725854908150 0.039940820219 -14.333415698911 0.153128849065 -2.295778572485 -0.001720207742 -9.583216859788 0.097944168459
29 15 2135.432970610727 4 -2.724946563272 0.039929231526 -14.349817493217 0.153322901877 -2.294722149018 -0.001727588638 -9.587889001189 0.098005200039
30 16 2135.432960281863 4 -2.723940688032 0.039914872633 -14.347703184097 0.153300609095 -2.295782950044 -0.001710875403 -9.587795808470 0.098004134477
31 16 2135.432959567201 4 -2.723810910251 0.039912935275 -14.347518345298 0.153298370157 -2.296061143715 -0.001705745020 -9.587935503742 0.098006082944
32 17 2135.432959554750 4 -2.723767698051 0.039912310706 -14.347435247380 0.153297170953 -2.296088721595 -0.001705390751 -9.587905876017 0.098005691743
33 17 2135.432959554505 4 -2.723763386242 0.039912239002 -14.347436692408 0.153297182734 -2.296093466374 -0.001705327402 -9.587902227072 0.098005643799
34 18 2135.432959554486 4 -2.723763572724 0.039912238173 -14.347437392012 0.153297194584 -2.296094696605 -0.001705311047 -9.587901484885 0.098005634076
35 18 2135.432959554483 5 -2.723763499969 0.039912236841 -14.347437100269 0.153297188033 -2.296094700250 -0.001705310985 -9.587901529174 0.098005634658
