# BEMchr.txt
#IMaCh version 0.99r45, April 2023,INED-EUROREVES-Institut de longevite-Japan Society for the Promotion of Science (Grant-in-Aid for Scientific Research 25293121), Intel Software 2015-2020, Nihon University 2021-202, INED 2000-2022
#$Revision: 1.353 $ $Date: 2023/05/08 18:48:22 $
# Tue Feb 04 22:21:36 2025
#One-step probabilities and stand. devi in ()
# Age p1-1 (SE) p1-2 (SE) p1-3 (SE) p2-1 (SE) p2-2 (SE) p2-3 (SE)
50  6.738e-001 ( 3.767e-002)  3.253e-001 ( 3.764e-002)  8.440e-004 ( 1.164e-003)  8.390e-002 ( 1.395e-002)  9.077e-001 ( 1.413e-002)  8.359e-003 ( 2.499e-003) 
51  6.649e-001 ( 3.618e-002)  3.341e-001 ( 3.615e-002)  9.708e-004 ( 1.294e-003)  8.369e-002 ( 1.328e-002)  9.071e-001 ( 1.350e-002)  9.213e-003 ( 2.656e-003) 
52  6.559e-001 ( 3.468e-002)  3.430e-001 ( 3.465e-002)  1.116e-003 ( 1.436e-003)  8.349e-002 ( 1.263e-002)  9.064e-001 ( 1.288e-002)  1.015e-002 ( 2.820e-003) 
53  6.467e-001 ( 3.319e-002)  3.520e-001 ( 3.316e-002)  1.283e-003 ( 1.592e-003)  8.327e-002 ( 1.199e-002)  9.055e-001 ( 1.230e-002)  1.119e-002 ( 2.989e-003) 
54  6.375e-001 ( 3.173e-002)  3.610e-001 ( 3.170e-002)  1.474e-003 ( 1.762e-003)  8.304e-002 ( 1.138e-002)  9.046e-001 ( 1.173e-002)  1.233e-002 ( 3.165e-003) 
55  6.281e-001 ( 3.031e-002)  3.702e-001 ( 3.028e-002)  1.693e-003 ( 1.947e-003)  8.281e-002 ( 1.078e-002)  9.036e-001 ( 1.120e-002)  1.358e-002 ( 3.346e-003) 
56  6.186e-001 ( 2.897e-002)  3.795e-001 ( 2.894e-002)  1.944e-003 ( 2.148e-003)  8.256e-002 ( 1.021e-002)  9.025e-001 ( 1.071e-002)  1.496e-002 ( 3.531e-003) 
57  6.090e-001 ( 2.773e-002)  3.888e-001 ( 2.771e-002)  2.231e-003 ( 2.365e-003)  8.231e-002 ( 9.673e-003)  9.012e-001 ( 1.025e-002)  1.648e-002 ( 3.722e-003) 
58  5.993e-001 ( 2.662e-002)  3.982e-001 ( 2.661e-002)  2.559e-003 ( 2.600e-003)  8.204e-002 ( 9.166e-003)  8.998e-001 ( 9.836e-003)  1.815e-002 ( 3.915e-003) 
59  5.895e-001 ( 2.569e-002)  4.076e-001 ( 2.568e-002)  2.934e-003 ( 2.854e-003)  8.176e-002 ( 8.697e-003)  8.983e-001 ( 9.472e-003)  1.998e-002 ( 4.112e-003) 
60  5.796e-001 ( 2.496e-002)  4.171e-001 ( 2.496e-002)  3.362e-003 ( 3.126e-003)  8.146e-002 ( 8.271e-003)  8.965e-001 ( 9.161e-003)  2.200e-002 ( 4.312e-003) 
61  5.696e-001 ( 2.447e-002)  4.266e-001 ( 2.448e-002)  3.852e-003 ( 3.419e-003)  8.115e-002 ( 7.896e-003)  8.946e-001 ( 8.908e-003)  2.421e-002 ( 4.513e-003) 
62  5.595e-001 ( 2.425e-002)  4.361e-001 ( 2.427e-002)  4.411e-003 ( 3.732e-003)  8.082e-002 ( 7.577e-003)  8.925e-001 ( 8.717e-003)  2.664e-002 ( 4.716e-003) 
63  5.493e-001 ( 2.431e-002)  4.456e-001 ( 2.434e-002)  5.048e-003 ( 4.067e-003)  8.047e-002 ( 7.319e-003)  8.902e-001 ( 8.591e-003)  2.931e-002 ( 4.920e-003) 
64  5.391e-001 ( 2.467e-002)  4.551e-001 ( 2.470e-002)  5.775e-003 ( 4.424e-003)  8.011e-002 ( 7.128e-003)  8.877e-001 ( 8.531e-003)  3.223e-002 ( 5.125e-003) 
65  5.288e-001 ( 2.530e-002)  4.646e-001 ( 2.533e-002)  6.603e-003 ( 4.806e-003)  7.972e-002 ( 7.007e-003)  8.848e-001 ( 8.537e-003)  3.544e-002 ( 5.333e-003) 
66  5.184e-001 ( 2.619e-002)  4.740e-001 ( 2.623e-002)  7.546e-003 ( 5.214e-003)  7.930e-002 ( 6.958e-003)  8.817e-001 ( 8.610e-003)  3.895e-002 ( 5.544e-003) 
67  5.080e-001 ( 2.731e-002)  4.834e-001 ( 2.736e-002)  8.619e-003 ( 5.653e-003)  7.886e-002 ( 6.981e-003)  8.783e-001 ( 8.746e-003)  4.280e-002 ( 5.762e-003) 
68  4.975e-001 ( 2.864e-002)  4.927e-001 ( 2.869e-002)  9.839e-003 ( 6.126e-003)  7.839e-002 ( 7.071e-003)  8.746e-001 ( 8.944e-003)  4.700e-002 ( 5.991e-003) 
69  4.869e-001 ( 3.013e-002)  5.018e-001 ( 3.018e-002)  1.123e-002 ( 6.642e-003)  7.789e-002 ( 7.223e-003)  8.705e-001 ( 9.202e-003)  5.160e-002 ( 6.237e-003) 
70  4.763e-001 ( 3.175e-002)  5.109e-001 ( 3.181e-002)  1.280e-002 ( 7.211e-003)  7.736e-002 ( 7.431e-003)  8.660e-001 ( 9.519e-003)  5.662e-002 ( 6.510e-003) 
71  4.656e-001 ( 3.347e-002)  5.198e-001 ( 3.354e-002)  1.459e-002 ( 7.847e-003)  7.679e-002 ( 7.687e-003)  8.611e-001 ( 9.896e-003)  6.210e-002 ( 6.822e-003) 
72  4.549e-001 ( 3.526e-002)  5.285e-001 ( 3.535e-002)  1.661e-002 ( 8.571e-003)  7.618e-002 ( 7.982e-003)  8.558e-001 ( 1.034e-002)  6.807e-002 ( 7.189e-003) 
73  4.441e-001 ( 3.710e-002)  5.370e-001 ( 3.721e-002)  1.890e-002 ( 9.412e-003)  7.553e-002 ( 8.309e-003)  8.499e-001 ( 1.084e-002)  7.456e-002 ( 7.627e-003) 
74  4.333e-001 ( 3.897e-002)  5.452e-001 ( 3.911e-002)  2.150e-002 ( 1.040e-002)  7.484e-002 ( 8.661e-003)  8.435e-001 ( 1.142e-002)  8.162e-002 ( 8.159e-003) 
75  4.224e-001 ( 4.084e-002)  5.532e-001 ( 4.103e-002)  2.443e-002 ( 1.159e-002)  7.410e-002 ( 9.030e-003)  8.366e-001 ( 1.209e-002)  8.929e-002 ( 8.807e-003) 
76  4.115e-001 ( 4.269e-002)  5.608e-001 ( 4.297e-002)  2.774e-002 ( 1.303e-002)  7.331e-002 ( 9.411e-003)  8.291e-001 ( 1.285e-002)  9.760e-002 ( 9.595e-003) 
77  4.005e-001 ( 4.452e-002)  5.680e-001 ( 4.492e-002)  3.147e-002 ( 1.478e-002)  7.246e-002 ( 9.798e-003)  8.209e-001 ( 1.373e-002)  1.066e-001 ( 1.054e-002) 
78  3.895e-001 ( 4.631e-002)  5.749e-001 ( 4.688e-002)  3.568e-002 ( 1.691e-002)  7.156e-002 ( 1.019e-002)  8.121e-001 ( 1.474e-002)  1.163e-001 ( 1.168e-002) 
79  3.784e-001 ( 4.805e-002)  5.812e-001 ( 4.889e-002)  4.040e-002 ( 1.951e-002)  7.060e-002 ( 1.057e-002)  8.026e-001 ( 1.590e-002)  1.268e-001 ( 1.301e-002) 
80  3.672e-001 ( 4.973e-002)  5.871e-001 ( 5.096e-002)  4.571e-002 ( 2.264e-002)  6.958e-002 ( 1.094e-002)  7.924e-001 ( 1.722e-002)  1.380e-001 ( 1.455e-002) 
81  3.560e-001 ( 5.135e-002)  5.923e-001 ( 5.313e-002)  5.165e-002 ( 2.641e-002)  6.850e-002 ( 1.131e-002)  7.814e-001 ( 1.872e-002)  1.501e-001 ( 1.632e-002) 
82  3.447e-001 ( 5.291e-002)  5.970e-001 ( 5.547e-002)  5.831e-002 ( 3.091e-002)  6.735e-002 ( 1.166e-002)  7.696e-001 ( 2.041e-002)  1.631e-001 ( 1.833e-002) 
83  3.334e-001 ( 5.440e-002)  6.008e-001 ( 5.806e-002)  6.573e-002 ( 3.622e-002)  6.613e-002 ( 1.199e-002)  7.569e-001 ( 2.231e-002)  1.769e-001 ( 2.057e-002) 
84  3.220e-001 ( 5.585e-002)  6.040e-001 ( 6.101e-002)  7.401e-002 ( 4.246e-002)  6.484e-002 ( 1.230e-002)  7.435e-001 ( 2.441e-002)  1.917e-001 ( 2.304e-002) 
85  3.106e-001 ( 5.724e-002)  6.062e-001 ( 6.443e-002)  8.320e-002 ( 4.971e-002)  6.349e-002 ( 1.259e-002)  7.292e-001 ( 2.672e-002)  2.074e-001 ( 2.575e-002) 
86  2.991e-001 ( 5.860e-002)  6.075e-001 ( 6.849e-002)  9.339e-002 ( 5.807e-002)  6.206e-002 ( 1.286e-002)  7.140e-001 ( 2.923e-002)  2.240e-001 ( 2.868e-002) 
87  2.875e-001 ( 5.994e-002)  6.078e-001 ( 7.333e-002)  1.047e-001 ( 6.764e-002)  6.056e-002 ( 1.309e-002)  6.980e-001 ( 3.193e-002)  2.415e-001 ( 3.181e-002) 
88  2.759e-001 ( 6.127e-002)  6.070e-001 ( 7.911e-002)  1.171e-001 ( 7.849e-002)  5.900e-002 ( 1.330e-002)  6.811e-001 ( 3.481e-002)  2.599e-001 ( 3.512e-002) 
89  2.642e-001 ( 6.262e-002)  6.051e-001 ( 8.600e-002)  1.307e-001 ( 9.068e-002)  5.737e-002 ( 1.348e-002)  6.634e-001 ( 3.785e-002)  2.792e-001 ( 3.860e-002) 
90  2.526e-001 ( 6.400e-002)  6.018e-001 ( 9.410e-002)  1.456e-001 ( 1.043e-001)  5.568e-002 ( 1.363e-002)  6.449e-001 ( 4.101e-002)  2.994e-001 ( 4.220e-002) 