# BEMchr.txt
#IMaCh version 0.99r45, April 2023,INED-EUROREVES-Institut de longevite-Japan Society for the Promotion of Science (Grant-in-Aid for Scientific Research 25293121), Intel Software 2015-2020, Nihon University 2021-202, INED 2000-2022
#$Revision: 1.353 $ $Date: 2023/05/08 18:48:22 $
# Tue Feb 04 22:21:36 2025
#One-step probabilities and covariance matrix
# Age p1-1  p1-2  p1-3  p2-1  p2-2  p2-3 
50  6.738e-001  3.253e-001  8.440e-004  8.390e-002  9.077e-001  8.359e-003 
50 1-1  1.419e-003
50 1-2 -1.417e-003  1.416e-003
50 1-3 -1.850e-006  4.950e-007  1.355e-006
50 2-1 -6.344e-006  6.149e-006  1.949e-007  1.946e-004
50 2-2  6.420e-006 -6.323e-006 -9.738e-008 -1.940e-004  1.996e-004
50 2-3 -7.664e-008  1.742e-007 -9.754e-008 -5.995e-007 -5.646e-006  6.245e-006
51  6.649e-001  3.341e-001  9.708e-004  8.369e-002  9.071e-001  9.213e-003 
51 1-1  1.309e-003
51 1-2 -1.307e-003  1.307e-003
51 1-3 -1.972e-006  2.973e-007  1.674e-006
51 2-1 -5.746e-006  5.544e-006  2.016e-007  1.764e-004
51 2-2  5.823e-006 -5.737e-006 -8.603e-008 -1.758e-004  1.822e-004
51 2-3 -7.693e-008  1.925e-007 -1.156e-007 -6.607e-007 -6.395e-006  7.056e-006
52  6.559e-001  3.430e-001  1.116e-003  8.349e-002  9.064e-001  1.015e-002 
52 1-1  1.203e-003
52 1-2 -1.201e-003  1.201e-003
52 1-3 -2.111e-006  4.829e-008  2.063e-006
52 2-1 -5.192e-006  4.984e-006  2.077e-007  1.595e-004
52 2-2  5.269e-006 -5.198e-006 -7.110e-008 -1.588e-004  1.660e-004
52 2-3 -7.663e-008  2.132e-007 -1.366e-007 -7.283e-007 -7.223e-006  7.951e-006
53  6.467e-001  3.520e-001  1.283e-003  8.327e-002  9.055e-001  1.119e-002 
53 1-1  1.102e-003
53 1-2 -1.100e-003  1.100e-003
53 1-3 -2.275e-006 -2.596e-007  2.534e-006
53 2-1 -4.686e-006  4.473e-006  2.132e-007  1.439e-004
53 2-2  4.761e-006 -4.709e-006 -5.211e-008 -1.431e-004  1.512e-004
53 2-3 -7.568e-008  2.368e-007 -1.611e-007 -8.029e-007 -8.134e-006  8.937e-006
54  6.375e-001  3.610e-001  1.474e-003  8.304e-002  9.046e-001  1.233e-002 
54 1-1  1.007e-003
54 1-2 -1.004e-003  1.005e-003
54 1-3 -2.469e-006 -6.346e-007  3.104e-006
54 2-1 -4.229e-006  4.011e-006  2.180e-007  1.294e-004
54 2-2  4.303e-006 -4.275e-006 -2.858e-008 -1.286e-004  1.377e-004
54 2-3 -7.407e-008  2.635e-007 -1.894e-007 -8.847e-007 -9.132e-006  1.002e-005
55  6.281e-001  3.702e-001  1.693e-003  8.281e-002  9.036e-001  1.358e-002 
55 1-1  9.188e-004
55 1-2 -9.161e-004  9.171e-004
55 1-3 -2.704e-006 -1.086e-006  3.790e-006
55 2-1 -3.826e-006  3.603e-006  2.222e-007  1.163e-004
55 2-2  3.897e-006 -3.897e-006 -6.954e-011 -1.153e-004  1.255e-004
55 2-3 -7.177e-008  2.939e-007 -2.221e-007 -9.741e-007 -1.022e-005  1.119e-005
56  6.186e-001  3.795e-001  1.944e-003  8.256e-002  9.025e-001  1.496e-002 
56 1-1  8.391e-004
56 1-2 -8.361e-004  8.377e-004
56 1-3 -2.989e-006 -1.623e-006  4.612e-006
56 2-1 -3.477e-006  3.251e-006  2.259e-007  1.043e-004
56 2-2  3.546e-006 -3.580e-006  3.386e-008 -1.032e-004  1.146e-004
56 2-3 -6.880e-008  3.285e-007 -2.597e-007 -1.071e-006 -1.140e-005  1.247e-005
57  6.090e-001  3.888e-001  2.231e-003  8.231e-002  9.012e-001  1.648e-002 
57 1-1  7.687e-004
57 1-2 -7.654e-004  7.677e-004
57 1-3 -3.338e-006 -2.256e-006  5.594e-006
57 2-1 -3.186e-006  2.957e-006  2.292e-007  9.356e-005
57 2-2  3.251e-006 -3.325e-006  7.359e-008 -9.239e-005  1.051e-004
57 2-3 -6.522e-008  3.680e-007 -3.028e-007 -1.177e-006 -1.267e-005  1.385e-005
58  5.993e-001  3.982e-001  2.559e-003  8.204e-002  8.998e-001  1.815e-002 
58 1-1  7.087e-004
58 1-2 -7.049e-004  7.079e-004
58 1-3 -3.764e-006 -2.997e-006  6.761e-006
58 2-1 -2.954e-006  2.722e-006  2.326e-007  8.401e-005
58 2-2  3.016e-006 -3.135e-006  1.194e-007 -8.272e-005  9.676e-005
58 2-3 -6.110e-008  4.131e-007 -3.520e-007 -1.291e-006 -1.404e-005  1.533e-005
59  5.895e-001  4.076e-001  2.934e-003  8.176e-002  8.983e-001  1.998e-002 
59 1-1  6.598e-004
59 1-2 -6.555e-004  6.594e-004
59 1-3 -4.285e-006 -3.859e-006  8.144e-006
59 2-1 -2.784e-006  2.548e-006  2.364e-007  7.563e-005
59 2-2  2.841e-006 -3.012e-006  1.714e-007 -7.422e-005  8.972e-005
59 2-3 -5.659e-008  4.644e-007 -4.078e-007 -1.413e-006 -1.550e-005  1.691e-005
60  5.796e-001  4.171e-001  3.362e-003  8.146e-002  8.965e-001  2.200e-002 
60 1-1  6.230e-004
60 1-2 -6.180e-004  6.229e-004
60 1-3 -4.918e-006 -4.855e-006  9.774e-006
60 2-1 -2.677e-006  2.435e-006  2.415e-007  6.842e-005
60 2-2  2.729e-006 -2.958e-006  2.296e-007 -6.687e-005  8.392e-005
60 2-3 -5.186e-008  5.230e-007 -4.711e-007 -1.543e-006 -1.705e-005  1.859e-005
61  5.696e-001  4.266e-001  3.852e-003  8.115e-002  8.946e-001  2.421e-002 
61 1-1  5.989e-004
61 1-2 -5.932e-004  5.992e-004
61 1-3 -5.687e-006 -6.001e-006  1.169e-005
61 2-1 -2.634e-006  2.385e-006  2.487e-007  6.235e-005
61 2-2  2.681e-006 -2.975e-006  2.938e-007 -6.067e-005  7.936e-005
61 2-3 -4.717e-008  5.897e-007 -5.425e-007 -1.682e-006 -1.869e-005  2.037e-005
62  5.595e-001  4.361e-001  4.411e-003  8.082e-002  8.925e-001  2.664e-002 
62 1-1  5.881e-004
62 1-2 -5.815e-004  5.888e-004
62 1-3 -6.613e-006 -7.314e-006  1.393e-005
62 2-1 -2.656e-006  2.397e-006  2.594e-007  5.741e-005
62 2-2  2.699e-006 -3.062e-006  3.634e-007 -5.558e-005  7.599e-005
62 2-3 -4.279e-008  6.656e-007 -6.228e-007 -1.829e-006 -2.041e-005  2.224e-005
63  5.493e-001  4.456e-001  5.048e-003  8.047e-002  8.902e-001  2.931e-002 
63 1-1  5.912e-004
63 1-2 -5.835e-004  5.923e-004
63 1-3 -7.724e-006 -8.813e-006  1.654e-005
63 2-1 -2.744e-006  2.469e-006  2.752e-007  5.357e-005
63 2-2  2.783e-006 -3.221e-006  4.377e-007 -5.158e-005  7.380e-005
63 2-3 -3.907e-008  7.520e-007 -7.129e-007 -1.984e-006 -2.222e-005  2.421e-005
64  5.391e-001  4.551e-001  5.775e-003  8.011e-002  8.877e-001  3.223e-002 
64 1-1  6.084e-004
64 1-2 -5.993e-004  6.099e-004
64 1-3 -9.050e-006 -1.052e-005  1.957e-005
64 2-1 -2.899e-006  2.601e-006  2.984e-007  5.081e-005
64 2-2  2.935e-006 -3.451e-006  5.154e-007 -4.866e-005  7.278e-005
64 2-3 -3.635e-008  8.502e-007 -8.138e-007 -2.149e-006 -2.412e-005  2.627e-005
65  5.288e-001  4.646e-001  6.603e-003  7.972e-002  8.848e-001  3.544e-002 
65 1-1  6.400e-004
65 1-2 -6.293e-004  6.418e-004
65 1-3 -1.062e-005 -1.247e-005  2.310e-005
65 2-1 -3.121e-006  2.789e-006  3.318e-007  4.910e-005
65 2-2  3.156e-006 -3.751e-006  5.950e-007 -4.678e-005  7.289e-005
65 2-3 -3.497e-008  9.618e-007 -9.268e-007 -2.325e-006 -2.611e-005  2.844e-005
66  5.184e-001  4.740e-001  7.546e-003  7.930e-002  8.817e-001  3.895e-002 
66 1-1  6.859e-004
66 1-2 -6.734e-004  6.881e-004
66 1-3 -1.248e-005 -1.471e-005  2.719e-005
66 2-1 -3.410e-006  3.031e-006  3.790e-007  4.842e-005
66 2-2  3.445e-006 -4.119e-006  6.746e-007 -4.591e-005  7.413e-005
66 2-3 -3.519e-008  1.089e-006 -1.054e-006 -2.512e-006 -2.822e-005  3.073e-005
67  5.080e-001  4.834e-001  8.619e-003  7.886e-002  8.783e-001  4.280e-002 
67 1-1  7.460e-004
67 1-2 -7.314e-004  7.486e-004
67 1-3 -1.468e-005 -1.727e-005  3.196e-005
67 2-1 -3.765e-006  3.321e-006  4.445e-007  4.873e-005
67 2-2  3.802e-006 -4.554e-006  7.518e-007 -4.601e-005  7.649e-005
67 2-3 -3.709e-008  1.233e-006 -1.196e-006 -2.716e-006 -3.048e-005  3.320e-005
68  4.975e-001  4.927e-001  9.839e-003  7.839e-002  8.746e-001  4.700e-002 
68 1-1  8.201e-004
68 1-2 -8.029e-004  8.231e-004
68 1-3 -1.727e-005 -2.026e-005  3.753e-005
68 2-1 -4.188e-006  3.654e-006  5.338e-007  4.999e-005
68 2-2  4.228e-006 -5.052e-006  8.242e-007 -4.705e-005  8.000e-005
68 2-3 -4.049e-008  1.398e-006 -1.358e-006 -2.941e-006 -3.295e-005  3.589e-005
69  4.869e-001  5.018e-001  1.123e-002  7.789e-002  8.705e-001  5.160e-002 
69 1-1  9.077e-004
69 1-2 -8.873e-004  9.111e-004
69 1-3 -2.034e-005 -2.378e-005  4.412e-005
69 2-1 -4.676e-006  4.022e-006  6.539e-007  5.217e-005
69 2-2  4.721e-006 -5.610e-006  8.893e-007 -4.898e-005  8.468e-005
69 2-3 -4.472e-008  1.588e-006 -1.543e-006 -3.195e-006 -3.571e-005  3.890e-005
70  4.763e-001  5.109e-001  1.280e-002  7.736e-002  8.660e-001  5.662e-002 
70 1-1  1.008e-003
70 1-2 -9.840e-004  1.012e-003
70 1-3 -2.399e-005 -2.800e-005  5.199e-005
70 2-1 -5.231e-006  4.417e-006  8.132e-007  5.522e-005
70 2-2  5.279e-006 -6.224e-006  9.452e-007 -5.173e-005  9.062e-005
70 2-3 -4.840e-008  1.807e-006 -1.758e-006 -3.492e-006 -3.889e-005  4.238e-005
71  4.656e-001  5.198e-001  1.459e-002  7.679e-002  8.611e-001  6.210e-002 
71 1-1  1.120e-003
71 1-2 -1.092e-003  1.125e-003
71 1-3 -2.837e-005 -3.320e-005  6.157e-005
71 2-1 -5.850e-006  4.828e-006  1.022e-006  5.908e-005
71 2-2  5.899e-006 -6.890e-006  9.907e-007 -5.524e-005  9.794e-005
71 2-3 -4.912e-008  2.062e-006 -2.013e-006 -3.847e-006 -4.270e-005  4.655e-005
72  4.549e-001  5.285e-001  1.661e-002  7.618e-002  8.558e-001  6.807e-002 
72 1-1  1.244e-003
72 1-2 -1.210e-003  1.250e-003
72 1-3 -3.371e-005 -3.976e-005  7.347e-005
72 2-1 -6.534e-006  5.241e-006  1.292e-006  6.371e-005
72 2-2  6.577e-006 -7.604e-006  1.027e-006 -5.943e-005  1.068e-004
72 2-3 -4.303e-008  2.362e-006 -2.319e-006 -4.286e-006 -4.739e-005  5.168e-005
73  4.441e-001  5.370e-001  1.890e-002  7.553e-002  8.499e-001  7.456e-002 
73 1-1  1.377e-003
73 1-2 -1.336e-003  1.385e-003
73 1-3 -4.030e-005 -4.828e-005  8.858e-005
73 2-1 -7.281e-006  5.642e-006  1.639e-006  6.905e-005
73 2-2  7.306e-006 -8.363e-006  1.057e-006 -6.421e-005  1.175e-004
73 2-3 -2.433e-008  2.721e-006 -2.696e-006 -4.840e-006 -5.333e-005  5.817e-005
74  4.333e-001  5.452e-001  2.150e-002  7.484e-002  8.435e-001  8.162e-002 
74 1-1  1.519e-003
74 1-2 -1.470e-003  1.530e-003
74 1-3 -4.860e-005 -5.963e-005  1.082e-004
74 2-1 -8.093e-006  6.012e-006  2.080e-006  7.502e-005
74 2-2  8.077e-006 -9.168e-006  1.090e-006 -6.946e-005  1.305e-004
74 2-3  1.542e-008  3.155e-006 -3.171e-006 -5.552e-006 -6.102e-005  6.657e-005
75  4.224e-001  5.532e-001  2.443e-002  7.410e-002  8.366e-001  8.929e-002 
75 1-1  1.668e-003
75 1-2 -1.608e-003  1.684e-003
75 1-3 -5.924e-005 -7.511e-005  1.343e-004
75 2-1 -8.967e-006  6.331e-006  2.636e-006  8.155e-005
75 2-2  8.879e-006 -1.002e-005  1.142e-006 -7.507e-005  1.462e-004
75 2-3  8.807e-008  3.690e-006 -3.778e-006 -6.480e-006 -7.109e-005  7.756e-005
76  4.115e-001  5.608e-001  2.774e-002  7.331e-002  8.291e-001  9.760e-002 
76 1-1  1.823e-003
76 1-2 -1.750e-003  1.846e-003
76 1-3 -7.312e-005 -9.662e-005  1.697e-004
76 2-1 -9.904e-006  6.573e-006  3.331e-006  8.857e-005
76 2-2  9.694e-006 -1.093e-005  1.237e-006 -8.088e-005  1.652e-004
76 2-3  2.098e-007  4.358e-006 -4.567e-006 -7.694e-006 -8.436e-005  9.206e-005
77  4.005e-001  5.680e-001  3.147e-002  7.246e-002  8.209e-001  1.066e-001 
77 1-1  1.982e-003
77 1-2 -1.891e-003  2.017e-003
77 1-3 -9.151e-005 -1.269e-004  2.184e-004
77 2-1 -1.090e-005  6.711e-006  4.193e-006  9.600e-005
77 2-2  1.050e-005 -1.191e-005  1.413e-006 -8.671e-005  1.886e-004
77 2-3  4.021e-007  5.204e-006 -5.606e-006 -9.285e-006 -1.019e-004  1.112e-004
78  3.895e-001  5.749e-001  3.568e-002  7.156e-002  8.121e-001  1.163e-001 
78 1-1  2.144e-003
78 1-2 -2.028e-003  2.198e-003
78 1-3 -1.161e-004 -1.698e-004  2.860e-004
78 2-1 -1.197e-005  6.712e-006  5.255e-006  1.037e-004
78 2-2  1.127e-005 -1.300e-005  1.727e-006 -9.237e-005  2.173e-004
78 2-3  6.932e-007  6.288e-006 -6.981e-006 -1.136e-005 -1.250e-004  1.363e-004
79  3.784e-001  5.812e-001  4.040e-002  7.060e-002  8.026e-001  1.268e-001 
79 1-1  2.309e-003
79 1-2 -2.159e-003  2.390e-003
79 1-3 -1.494e-004 -2.310e-004  3.804e-004
79 2-1 -1.309e-005  6.540e-006  6.553e-006  1.117e-004
79 2-2  1.197e-005 -1.423e-005  2.256e-006 -9.763e-005  2.528e-004
79 2-3  1.119e-006  7.690e-006 -8.810e-006 -1.407e-005 -1.551e-004  1.692e-004
80  3.672e-001  5.871e-001  4.571e-002  6.958e-002  7.924e-001  1.380e-001 
80 1-1  2.473e-003
80 1-2 -2.278e-003  2.597e-003
80 1-3 -1.946e-004 -3.181e-004  5.127e-004
80 2-1 -1.428e-005  6.154e-006  8.130e-006  1.198e-004
80 2-2  1.256e-005 -1.567e-005  3.109e-006 -1.022e-004  2.965e-004
80 2-3  1.725e-006  9.515e-006 -1.124e-005 -1.755e-005 -1.943e-004  2.118e-004
81  3.560e-001  5.923e-001  5.165e-002  6.850e-002  7.814e-001  1.501e-001 
81 1-1  2.637e-003
81 1-2 -2.381e-003  2.823e-003
81 1-3 -2.558e-004 -4.418e-004  6.976e-004
81 2-1 -1.554e-005  5.509e-006  1.003e-005  1.279e-004
81 2-2  1.298e-005 -1.740e-005  4.428e-006 -1.059e-004  3.504e-004
81 2-3  2.565e-006  1.190e-005 -1.446e-005 -2.200e-005 -2.445e-004  2.665e-004
82  3.447e-001  5.970e-001  5.831e-002  6.735e-002  7.696e-001  1.631e-001 
82 1-1  2.799e-003
82 1-2 -2.460e-003  3.077e-003
82 1-3 -3.387e-004 -6.166e-004  9.553e-004
82 2-1 -1.686e-005  4.554e-006  1.231e-005  1.359e-004
82 2-2  1.316e-005 -1.956e-005  6.399e-006 -1.083e-004  4.166e-004
82 2-3  3.707e-006  1.500e-005 -1.871e-005 -2.762e-005 -3.083e-004  3.359e-004
83  3.334e-001  6.008e-001  6.573e-002  6.613e-002  7.569e-001  1.769e-001 
83 1-1  2.960e-003
83 1-2 -2.509e-003  3.371e-003
83 1-3 -4.504e-004 -8.618e-004  1.312e-003
83 2-1 -1.825e-005  3.236e-006  1.502e-005  1.438e-004
83 2-2  1.303e-005 -2.228e-005  9.255e-006 -1.091e-004  4.976e-004
83 2-3  5.227e-006  1.905e-005 -2.427e-005 -3.465e-005 -3.884e-004  4.231e-004
84  3.220e-001  6.040e-001  7.401e-002  6.484e-002  7.435e-001  1.917e-001 
84 1-1  3.119e-003
84 1-2 -2.519e-003  3.722e-003
84 1-3 -5.998e-004 -1.203e-003  1.803e-003
84 2-1 -1.971e-005  1.496e-006  1.821e-005  1.514e-004
84 2-2  1.250e-005 -2.578e-005  1.329e-005 -1.080e-004  5.957e-004
84 2-3  7.214e-006  2.428e-005 -3.150e-005 -4.332e-005 -4.877e-004  5.310e-004
85  3.106e-001  6.062e-001  8.320e-002  6.349e-002  7.292e-001  2.074e-001 
85 1-1  3.276e-003
85 1-2 -2.478e-003  4.152e-003
85 1-3 -7.979e-004 -1.673e-003  2.471e-003
85 2-1 -2.123e-005 -7.234e-007  2.195e-005  1.586e-004
85 2-2  1.146e-005 -3.030e-005  1.884e-005 -1.047e-004  7.138e-004
85 2-3  9.766e-006  3.103e-005 -4.079e-005 -5.389e-005 -6.091e-004  6.630e-004
86  2.991e-001  6.075e-001  9.339e-002  6.206e-002  7.140e-001  2.240e-001 
86 1-1  3.434e-003
86 1-2 -2.376e-003  4.690e-003
86 1-3 -1.058e-003 -2.315e-003  3.372e-003
86 2-1 -2.282e-005 -3.483e-006  2.630e-005  1.653e-004
86 2-2  9.828e-006 -3.615e-005  2.632e-005 -9.868e-005  8.544e-004
86 2-3  1.299e-005  3.964e-005 -5.262e-005 -6.660e-005 -7.557e-004  8.223e-004
87  2.875e-001  6.078e-001  1.047e-001  6.056e-002  6.980e-001  2.415e-001 
87 1-1  3.592e-003
87 1-2 -2.197e-003  5.377e-003
87 1-3 -1.395e-003 -3.180e-003  4.575e-003
87 2-1 -2.446e-005 -6.840e-006  3.130e-005  1.714e-004
87 2-2  7.472e-006 -4.368e-005  3.620e-005 -8.976e-005  1.020e-003
87 2-3  1.699e-005  5.052e-005 -6.751e-005 -8.167e-005 -9.300e-004  1.012e-003
88  2.759e-001  6.070e-001  1.171e-001  5.900e-002  6.811e-001  2.599e-001 
88 1-1  3.754e-003
88 1-2 -1.926e-003  6.259e-003
88 1-3 -1.828e-003 -4.332e-003  6.160e-003
88 2-1 -2.616e-005 -1.085e-005  3.700e-005  1.769e-004
88 2-2  4.285e-006 -5.328e-005  4.899e-005 -7.764e-005  1.212e-003
88 2-3  2.187e-005  6.412e-005 -8.599e-005 -9.928e-005 -1.134e-003  1.234e-003
89  2.642e-001  6.051e-001  1.307e-001  5.737e-002  6.634e-001  2.792e-001 
89 1-1  3.922e-003
89 1-2 -1.547e-003  7.395e-003
89 1-3 -2.375e-003 -5.848e-003  8.223e-003
89 2-1 -2.789e-005 -1.555e-005  4.344e-005  1.817e-004
89 2-2  1.643e-007 -6.538e-005  6.522e-005 -6.214e-005  1.433e-003
89 2-3  2.773e-005  8.093e-005 -1.087e-004 -1.195e-004 -1.370e-003  1.490e-003
90  2.526e-001  6.018e-001  1.456e-001  5.568e-002  6.449e-001  2.994e-001 
90 1-1  4.096e-003
90 1-2 -1.040e-003  8.855e-003
90 1-3 -3.056e-003 -7.815e-003  1.087e-002
90 2-1 -2.965e-005 -2.098e-005  5.063e-005  1.856e-004
90 2-2 -4.979e-006 -8.045e-005  8.542e-005 -4.315e-005  1.682e-003
90 2-3  3.463e-005  1.014e-004 -1.361e-004 -1.425e-004 -1.639e-003  1.781e-003