
#****** ******
# BEMchr.txt
#IMaCh version 0.99r45, April 2023,INED-EUROREVES-Institut de longevite-Japan Society for the Promotion of Science (Grant-in-Aid for Scientific Research 25293121), Intel Software 2015-2020, Nihon University 2021-202, INED 2000-2022
#$Revision: 1.353 $ $Date: 2023/05/08 18:48:22 $
# Tue Feb 04 22:21:36 2025
# Health expectancies with standard errors
# Age e11 (SE) e12 (SE) e1.  e21 (SE) e22 (SE) e2. 
 50    7.8854 (0.5251)   22.9757 (0.9031)   30.8611 (0.9199)    4.1800 (0.3931)   26.0801 (0.9176)   30.2601 (0.9962)
 51    7.6236 (0.4962)   22.3511 (0.8815)   29.9747 (0.9080)    4.0033 (0.3756)   25.3492 (0.9009)   29.3525 (0.9816)
 52    7.3685 (0.4705)   21.7274 (0.8619)   29.0959 (0.8964)    3.8314 (0.3601)   24.6209 (0.8848)   28.4523 (0.9669)
 53    7.1203 (0.4478)   21.1051 (0.8441)   28.2254 (0.8850)    3.6641 (0.3463)   23.8958 (0.8692)   27.5599 (0.9520)
 54    6.8786 (0.4282)   20.4848 (0.8279)   27.3634 (0.8739)    3.5015 (0.3341)   23.1744 (0.8542)   26.6759 (0.9372)
 55    6.6436 (0.4113)   19.8669 (0.8132)   26.5105 (0.8632)    3.3435 (0.3233)   22.4572 (0.8397)   25.8007 (0.9224)
 56    6.4150 (0.3969)   19.2521 (0.7999)   25.6671 (0.8530)    3.1900 (0.3136)   21.7448 (0.8256)   24.9348 (0.9078)
 57    6.1929 (0.3849)   18.6409 (0.7879)   24.8337 (0.8433)    3.0410 (0.3049)   21.0378 (0.8121)   24.0788 (0.8935)
 58    5.9770 (0.3750)   18.0338 (0.7771)   24.0108 (0.8341)    2.8964 (0.2970)   20.3368 (0.7991)   23.2332 (0.8795)
 59    5.7675 (0.3668)   17.4314 (0.7674)   23.1988 (0.8257)    2.7562 (0.2897)   19.6423 (0.7867)   22.3985 (0.8660)
 60    5.5640 (0.3601)   16.8343 (0.7587)   22.3983 (0.8178)    2.6204 (0.2830)   18.9550 (0.7748)   21.5754 (0.8531)
 61    5.3667 (0.3547)   16.2431 (0.7510)   21.6098 (0.8107)    2.4889 (0.2766)   18.2754 (0.7637)   20.7643 (0.8408)
 62    5.1753 (0.3504)   15.6583 (0.7442)   20.8336 (0.8043)    2.3617 (0.2706)   17.6042 (0.7532)   19.9659 (0.8292)
 63    4.9899 (0.3468)   15.0805 (0.7382)   20.0704 (0.7987)    2.2387 (0.2647)   16.9420 (0.7435)   19.1808 (0.8185)
 64    4.8103 (0.3438)   14.5104 (0.7329)   19.3206 (0.7937)    2.1199 (0.2589)   16.2895 (0.7346)   18.4094 (0.8086)
 65    4.6364 (0.3411)   13.9484 (0.7283)   18.5847 (0.7895)    2.0053 (0.2532)   15.6471 (0.7264)   17.6524 (0.7996)
 66    4.4681 (0.3388)   13.3951 (0.7243)   17.8632 (0.7859)    1.8948 (0.2475)   15.0156 (0.7191)   16.9104 (0.7916)
 67    4.3054 (0.3365)   12.8510 (0.7209)   17.1565 (0.7829)    1.7883 (0.2418)   14.3956 (0.7125)   16.1839 (0.7844)
 68    4.1482 (0.3343)   12.3168 (0.7178)   16.4650 (0.7805)    1.6859 (0.2360)   13.7876 (0.7068)   15.4735 (0.7782)
 69    3.9963 (0.3319)   11.7928 (0.7152)   15.7891 (0.7787)    1.5874 (0.2302)   13.1923 (0.7017)   14.7797 (0.7727)
 70    3.8497 (0.3295)   11.2796 (0.7130)   15.1293 (0.7773)    1.4929 (0.2243)   12.6101 (0.6973)   14.1030 (0.7680)
 71    3.7082 (0.3268)   10.7776 (0.7110)   14.4859 (0.7764)    1.4023 (0.2183)   12.0416 (0.6935)   13.4438 (0.7639)
 72    3.5719 (0.3240)   10.2873 (0.7094)   13.8592 (0.7759)    1.3155 (0.2122)   11.4873 (0.6901)   12.8028 (0.7604)
 73    3.4405 (0.3209)    9.8091 (0.7080)   13.2495 (0.7758)    1.2325 (0.2060)   10.9477 (0.6871)   12.1802 (0.7572)
 74    3.3139 (0.3175)    9.3432 (0.7068)   12.6572 (0.7762)    1.1532 (0.1998)   10.4233 (0.6843)   11.5765 (0.7542)
 75    3.1921 (0.3139)    8.8902 (0.7059)   12.0823 (0.7771)    1.0776 (0.1935)    9.9144 (0.6816)   10.9920 (0.7513)
 76    3.0749 (0.3101)    8.4501 (0.7054)   11.5251 (0.7786)    1.0056 (0.1871)    9.4215 (0.6788)   10.4271 (0.7483)
 77    2.9623 (0.3061)    8.0233 (0.7053)   10.9856 (0.7808)    0.9371 (0.1808)    8.9448 (0.6757)    9.8819 (0.7449)
 78    2.8541 (0.3020)    7.6100 (0.7058)   10.4641 (0.7839)    0.8721 (0.1744)    8.4846 (0.6723)    9.3567 (0.7412)
 79    2.7502 (0.2977)    7.2103 (0.7070)    9.9605 (0.7881)    0.8105 (0.1680)    8.0411 (0.6684)    8.8516 (0.7368)
 80    2.6505 (0.2933)    6.8244 (0.7091)    9.4748 (0.7936)    0.7522 (0.1617)    7.6146 (0.6639)    8.3668 (0.7317)
 81    2.5548 (0.2889)    6.4522 (0.7123)    9.0070 (0.8006)    0.6971 (0.1553)    7.2051 (0.6587)    7.9022 (0.7257)
 82    2.4631 (0.2845)    6.0938 (0.7169)    8.5569 (0.8096)    0.6452 (0.1490)    6.8127 (0.6525)    7.4578 (0.7188)
 83    2.3752 (0.2802)    5.7491 (0.7230)    8.1243 (0.8206)    0.5963 (0.1428)    6.4374 (0.6455)    7.0337 (0.7108)
 84    2.2911 (0.2760)    5.4181 (0.7309)    7.7092 (0.8340)    0.5503 (0.1367)    6.0792 (0.6375)    6.6295 (0.7016)
 85    2.2106 (0.2720)    5.1006 (0.7408)    7.3112 (0.8499)    0.5072 (0.1306)    5.7379 (0.6285)    6.2452 (0.6913)
 86    2.1336 (0.2684)    4.7965 (0.7528)    6.9300 (0.8685)    0.4669 (0.1246)    5.4134 (0.6184)    5.8804 (0.6799)
 87    2.0599 (0.2650)    4.5055 (0.7670)    6.5654 (0.8897)    0.4292 (0.1187)    5.1055 (0.6072)    5.5348 (0.6672)
 88    1.9896 (0.2619)    4.2275 (0.7834)    6.2171 (0.9135)    0.3941 (0.1130)    4.8140 (0.5950)    5.2081 (0.6534)
 89    1.9224 (0.2592)    3.9621 (0.8020)    5.8845 (0.9396)    0.3614 (0.1073)    4.5384 (0.5818)    4.8998 (0.6385)
 90    1.8584 (0.2568)    3.7090 (0.8224)    5.5674 (0.9678)    0.3310 (0.1018)    4.2784 (0.5677)    4.6095 (0.6225)
