
# model  
#****** Result for:******
# BEMchr.txt
#IMaCh version 0.99r45, April 2023,INED-EUROREVES-Institut de longevite-Japan Society for the Promotion of Science (Grant-in-Aid for Scientific Research 25293121), Intel Software 2015-2020, Nihon University 2021-202, INED 2000-2022
#$Revision: 1.353 $ $Date: 2023/05/08 18:48:22 $
# Tue Feb 04 22:21:36 2025
# Total life expectancy with std error and decomposition into time to be expected in each health state
#  (weighted average of eij where weights are the age specific forward period (stable) prevalences in each health state 
# Age popbased mobilav e.. (std) e.1 (std) e.2 (std) 
   50 0 0  30.407 (  0.976)   5.061 (  0.553)  25.346 (  0.964)
   51 0 0  29.501 (  0.962)   4.842 (  0.514)  24.659 (  0.937)
   52 0 0  28.601 (  0.948)   4.630 (  0.480)  23.971 (  0.912)
   53 0 0  27.710 (  0.934)   4.424 (  0.449)  23.285 (  0.890)
   54 0 0  26.826 (  0.920)   4.226 (  0.422)  22.600 (  0.869)
   55 0 0  25.952 (  0.907)   4.034 (  0.399)  21.918 (  0.850)
   56 0 0  25.087 (  0.893)   3.848 (  0.379)  21.239 (  0.833)
   57 0 0  24.232 (  0.880)   3.669 (  0.362)  20.563 (  0.817)
   58 0 0  23.387 (  0.867)   3.495 (  0.347)  19.891 (  0.802)
   59 0 0  22.553 (  0.854)   3.328 (  0.334)  19.225 (  0.789)
   60 0 0  21.730 (  0.843)   3.166 (  0.324)  18.564 (  0.776)
   61 0 0  20.919 (  0.831)   3.010 (  0.315)  17.909 (  0.765)
   62 0 0  20.121 (  0.821)   2.860 (  0.307)  17.261 (  0.754)
   63 0 0  19.336 (  0.811)   2.715 (  0.300)  16.621 (  0.745)
   64 0 0  18.565 (  0.802)   2.576 (  0.295)  15.989 (  0.736)
   65 0 0  17.809 (  0.794)   2.442 (  0.289)  15.367 (  0.728)
   66 0 0  17.067 (  0.787)   2.313 (  0.284)  14.754 (  0.721)
   67 0 0  16.340 (  0.781)   2.189 (  0.279)  14.151 (  0.715)
   68 0 0  15.629 (  0.775)   2.070 (  0.275)  13.559 (  0.710)
   69 0 0  14.935 (  0.770)   1.956 (  0.270)  12.979 (  0.705)
   70 0 0  14.258 (  0.766)   1.846 (  0.266)  12.412 (  0.701)
   71 0 0  13.598 (  0.762)   1.742 (  0.261)  11.856 (  0.697)
   72 0 0  12.956 (  0.759)   1.642 (  0.256)  11.315 (  0.694)
   73 0 0  12.333 (  0.756)   1.546 (  0.251)  10.787 (  0.691)
   74 0 0  11.728 (  0.754)   1.454 (  0.247)  10.274 (  0.689)
   75 0 0  11.142 (  0.751)   1.367 (  0.241)   9.775 (  0.686)
   76 0 0  10.576 (  0.748)   1.284 (  0.236)   9.291 (  0.683)
   77 0 0  10.029 (  0.745)   1.205 (  0.231)   8.823 (  0.680)
   78 0 0   9.502 (  0.741)   1.131 (  0.225)   8.371 (  0.676)
   79 0 0   8.994 (  0.737)   1.059 (  0.220)   7.935 (  0.672)
   80 0 0   8.507 (  0.732)   0.992 (  0.214)   7.515 (  0.668)
   81 0 0   8.040 (  0.726)   0.929 (  0.208)   7.112 (  0.662)
   82 0 0   7.593 (  0.719)   0.868 (  0.203)   6.725 (  0.656)
   83 0 0   7.166 (  0.711)   0.812 (  0.197)   6.354 (  0.649)
   84 0 0   6.759 (  0.702)   0.758 (  0.191)   6.001 (  0.641)
   85 0 0   6.371 (  0.692)   0.708 (  0.186)   5.663 (  0.632)
   86 0 0   6.003 (  0.681)   0.661 (  0.180)   5.342 (  0.623)
   87 0 0   5.653 (  0.669)   0.616 (  0.175)   5.037 (  0.612)
   88 0 0   5.323 (  0.655)   0.575 (  0.169)   4.748 (  0.600)
   89 0 0   5.010 (  0.641)   0.536 (  0.164)   4.474 (  0.587)
   90 0 0   4.716 (  0.626)   0.500 (  0.159)   4.216 (  0.573)
