
#****** ******
# BEMchr.txt
#IMaCh version 0.99r45, April 2023,INED-EUROREVES-Institut de longevite-Japan Society for the Promotion of Science (Grant-in-Aid for Scientific Research 25293121), Intel Software 2015-2020, Nihon University 2021-202, INED 2000-2022
#$Revision: 1.353 $ $Date: 2023/05/08 18:48:22 $
# Tue Feb 04 22:21:36 2025
# Standard deviation of period (forward stable) prevalences 
# Age  Result#  1-1 2-2
50 1  0.23760 (0.05026) 0.76253 (0.05026)
51 1  0.23148 (0.04681) 0.76866 (0.04680)
52 1  0.22556 (0.04353) 0.77457 (0.04351)
53 1  0.21985 (0.04040) 0.78027 (0.04038)
54 1  0.21435 (0.03743) 0.78576 (0.03741)
55 1  0.20905 (0.03462) 0.79107 (0.03460)
56 1  0.20394 (0.03198) 0.79617 (0.03196)
57 1  0.19902 (0.02950) 0.80109 (0.02948)
58 1  0.19429 (0.02719) 0.80582 (0.02717)
59 1  0.18973 (0.02504) 0.81037 (0.02502)
60 1  0.18535 (0.02307) 0.81474 (0.02305)
61 1  0.18114 (0.02126) 0.81895 (0.02125)
62 1  0.17709 (0.01963) 0.82300 (0.01962)
63 1  0.17320 (0.01819) 0.82689 (0.01817)
64 1  0.16946 (0.01693) 0.83062 (0.01692)
65 1  0.16587 (0.01586) 0.83421 (0.01585)
66 1  0.16243 (0.01498) 0.83766 (0.01498)
67 1  0.15912 (0.01431) 0.84097 (0.01430)
68 1  0.15593 (0.01382) 0.84415 (0.01381)
69 1  0.15288 (0.01352) 0.84720 (0.01351)
70 1  0.14995 (0.01339) 0.85013 (0.01338)
71 1  0.14713 (0.01341) 0.85294 (0.01340)
72 1  0.14444 (0.01356) 0.85564 (0.01356)
73 1  0.14184 (0.01383) 0.85822 (0.01382)
74 1  0.13936 (0.01418) 0.86071 (0.01417)
75 1  0.13696 (0.01461) 0.86309 (0.01460)
76 1  0.13469 (0.01509) 0.86539 (0.01508)
77 1  0.13248 (0.01562) 0.86758 (0.01560)
78 1  0.13039 (0.01617) 0.86969 (0.01616)
79 1  0.12835 (0.01675) 0.87171 (0.01673)
80 1  0.12639 (0.01733) 0.87365 (0.01732)
81 1  0.12454 (0.01794) 0.87553 (0.01792)
82 1  0.12274 (0.01854) 0.87732 (0.01852)
83 1  0.12100 (0.01914) 0.87904 (0.01913)
84 1  0.11936 (0.01975) 0.88071 (0.01973)
85 1  0.11775 (0.02035) 0.88231 (0.02033)
86 1  0.11619 (0.02095) 0.88385 (0.02093)
87 1  0.11470 (0.02154) 0.88534 (0.02153)
88 1  0.11328 (0.02214) 0.88678 (0.02212)
89 1  0.11188 (0.02272) 0.88817 (0.02270)
90 1  0.11052 (0.02330) 0.88952 (0.02329)
