# Powell
# iter -2*LL p12 p13 p21 p23
1 1 13041.675092843629 0 0.000000000000 0.000000000000 0.000000000000 0.000000000000 0.000000000000 0.000000000000 0.000000000000 0.000000000000
2 2 4606.874514682429 1 7.202902252613 -0.000437888418 -0.361464195314 0.000621987826 2.563499465456 -0.000778824958 -1.198736562879 0.001963469699
3 2 4191.799662737810 2 3.656718840171 -0.001892123427 -1.099390535908 0.003418314932 2.036910454898 -0.001813361784 -2.398130340441 0.004587354248
4 3 3820.523695992982 3 2.972000371299 -0.005922386004 -1.984039291912 0.010107607973 -0.003938337592 -0.006290670888 -4.894232699381 0.010972434006
5 3 3813.772742663855 4 2.976593193840 -0.008520079376 -2.099230160642 0.013339944329 0.011019421394 -0.007921121785 -4.854516972710 0.012566178383
6 4 3745.812457826425 5 7.639206389444 -0.041116112595 -4.092254640306 0.054651921450 1.603310867825 -0.026844520316 -4.471864283057 0.017099987786
7 4 3710.966148123553 7 9.489819391166 -0.063510805774 -5.084067291207 0.074040577890 2.231381066122 -0.036474501229 -4.593854392367 0.015651175604
8 5 3676.270163521364 8 13.248963080597 -0.110615374063 -6.965854903593 0.111258399644 3.342239762523 -0.055860489596 -4.830196153565 0.012765748209
9 5 3673.366362561837 10 14.272499064346 -0.117867969213 -7.406284925629 0.120529112127 3.603352039858 -0.060999822448 -4.816454870588 0.012886132394
10 6 3671.230914168793 11 16.596836944695 -0.135023285971 -8.386712911544 0.141167672108 4.361988793064 -0.071872206518 -4.723400963802 0.013469184095
11 6 3671.150022167230 13 16.562278064923 -0.134658697763 -8.339556002038 0.140489712454 4.362838188445 -0.071893544499 -4.725110903287 0.013460588417
12 7 3667.534974573200 14 14.231011815480 -0.118882932170 -5.153140765439 0.094722568376 4.450003524309 -0.073570860312 -4.868994362652 0.013744872971
13 7 3665.932445028831 14 13.477879796250 -0.109995098333 -4.114276634228 0.079791755164 4.478654050381 -0.073441774512 -4.873214722605 0.013943184127
14 8 3665.383150030103 15 13.455586745867 -0.109067930060 -3.363820014525 0.071219379038 4.752629159340 -0.077262866825 -4.912958992575 0.013838591829
15 8 3665.375601922766 16 13.484601772555 -0.109465555843 -3.352605437427 0.071227939882 4.770866350212 -0.077543484421 -4.917535467895 0.013884449375
16 9 3665.363072566062 16 13.433986995239 -0.108613377951 -3.275391591942 0.070224984922 4.775753253165 -0.077591442736 -4.927803430272 0.014235939711
17 9 3665.326813587662 17 13.388792270010 -0.107874239544 -3.179657691824 0.068839792492 4.802861879288 -0.077962572981 -4.964219260351 0.015002651573
18 10 3665.273635686363 18 13.311591848177 -0.106811679630 -3.111400003482 0.067372860779 4.822414142581 -0.078202032992 -5.028822609834 0.016242358161
19 10 3664.943924067745 18 12.912104798580 -0.102967025280 -3.174667472210 0.063809095811 4.820025491246 -0.078079443416 -5.461425518606 0.023703032643
20 11 3664.358088288362 19 12.690020195387 -0.102703744160 -3.471510781021 0.064925472454 4.723028876056 -0.076834485584 -5.730328447353 0.027312094283
21 11 3663.302196850648 20 11.221382346981 -0.093466212423 -2.951065454220 0.048667661808 4.702682306054 -0.077080893105 -7.002263837665 0.044692151986
22 12 3662.826701660555 20 10.648161087180 -0.089473104564 -2.163984972259 0.035843812487 4.866258275025 -0.079596178359 -7.387068699490 0.049154082694
23 12 3662.218043145226 21 9.362015709267 -0.079697277786 -1.244100328670 0.013174850754 5.045479797627 -0.082412489846 -8.271973044812 0.061642443460
24 13 3662.076170420597 22 9.214117201577 -0.079000304678 -1.165494534203 0.010077544935 5.054504401818 -0.082617721701 -8.331171573732 0.062396537351
25 13 3661.586204065664 22 7.849439164308 -0.070657121758 -0.427801773890 -0.018403898046 4.988084953642 -0.082270469782 -8.377962552052 0.064335041902
26 14 3661.387920559737 23 7.439424379720 -0.068445081183 -0.008218831043 -0.029403772457 5.078900082563 -0.083806101982 -8.434213754799 0.065241353803
27 14 3660.636988813792 25 6.304309071164 -0.064433118219 0.743155230383 -0.057002364071 5.236099583095 -0.087146386168 -8.522361601408 0.066771652184
28 15 3659.823697071545 26 6.292622551140 -0.066405639285 0.826317748502 -0.060673039609 5.360577389379 -0.089495820418 -8.445941922172 0.065490154257
29 15 3656.817310559775 27 6.039072814906 -0.076122469576 1.302446487734 -0.085679189718 6.105094070642 -0.104099915776 -8.144218400850 0.061089634615
30 16 3653.707996437583 29 6.318438669755 -0.085034223725 1.485414275421 -0.093474597284 6.687701892512 -0.115028045858 -7.974942679429 0.058502705781
31 16 3643.638677392712 30 6.994633158539 -0.109874458984 2.184093956235 -0.119168350031 8.422296999482 -0.148308422539 -7.531243228286 0.051974630357
32 17 3634.103160938131 30 7.781472888303 -0.124656254655 1.971141205144 -0.116806770559 9.170732854016 -0.163865275783 -7.314616887316 0.048895175837
33 17 3631.918692895753 31 8.007387115624 -0.131020829650 1.578451898963 -0.113332328568 9.388034210281 -0.170637444253 -7.234947882228 0.047809917060
34 18 3627.614029562996 32 7.739413952248 -0.133912786559 0.063125221524 -0.094769794980 9.034849310062 -0.171331823801 -7.316680513835 0.048981021536
35 18 3615.519635260141 32 6.565849456952 -0.127516269192 -2.810711155069 -0.055251552821 7.784716488517 -0.161210761405 -7.862698541844 0.055948444174
36 19 3580.243460075401 33 4.754840538443 -0.110541159588 -6.146945443942 -0.001614846585 5.807994662562 -0.138885958986 -8.672640693844 0.066009984968
37 19 3486.667039143396 34 1.931481689193 -0.076864702855 -11.724109463059 0.105020546773 1.937237788659 -0.084743344502 -9.737805628679 0.078608956700
38 20 3437.112689304367 34 1.015815013628 -0.058058145003 -14.509054787686 0.145380010524 -0.306066929978 -0.046020857236 -10.006736006470 0.081942653307
39 20 3415.739528960976 35 -0.240229089086 -0.038603873033 -17.695458855216 0.181868715119 -2.530847158343 -0.012677598329 -10.669639537637 0.090449110610
40 21 3397.180673246100 36 -1.685854372497 -0.014349757498 -17.171466759140 0.174788515296 -3.354061569853 0.000042141543 -11.646454057473 0.102451300566
41 21 3381.855162294770 38 -2.797489629859 0.004194488731 -16.615623344024 0.162873432408 -3.861948633486 0.005559645039 -12.497394013965 0.113867658280
42 22 3366.514493013006 39 -3.124312362921 0.009963980731 -13.403276355903 0.119069452585 -2.670408068012 -0.014267737749 -12.942999633737 0.120221023874
43 22 3363.090351202600 40 -3.236289085173 0.011426777549 -12.385619029446 0.104956277528 -2.320868978005 -0.018876618600 -13.012001448076 0.121061328167
44 23 3360.789511997506 41 -3.549706432038 0.016291039230 -10.945675806237 0.087326155981 -1.993397132661 -0.022588205902 -13.138455439372 0.122343667867
45 23 3360.154541257104 42 -3.511842203870 0.015582925616 -11.007172573548 0.088989696214 -2.014932555503 -0.022329599272 -13.062688001816 0.121308005958
46 24 3351.129311471820 43 -3.216475180976 0.010267937680 -10.942322773033 0.094700028244 -2.480108851172 -0.015880347450 -11.614664169449 0.102913097745
47 24 3343.678441257261 -16 -3.283552230166 0.011594968376 -9.920469196732 0.077328767928 -2.416898253976 -0.017308605921 -11.164118198949 0.097430495456
48 25 3329.687605537903 -14 -4.286859676483 0.028485577691 -5.159367803493 -0.004830997566 -2.530924914701 -0.016720953474 -9.603821072420 0.078561846875
49 25 3326.822405385405 -13 -4.759046111413 0.035780526870 -4.411568726973 -0.020874158088 -2.606534166361 -0.015332999241 -9.800238853476 0.080844944036
50 26 3323.585867284936 -12 -4.835805117391 0.037221086066 -3.263523926613 -0.050153827889 -2.594370908673 -0.014106685493 -9.211239043048 0.073261412124
51 26 3323.419537675296 -11 -4.941023843560 0.038797202279 -3.192670530231 -0.053169590705 -2.604051692929 -0.013977493710 -9.326782348763 0.074744702500
52 27 3323.402362322215 -10 -4.991020574986 0.039578919013 -3.059532928618 -0.055957990226 -2.604377457561 -0.014003702517 -9.323692925328 0.074716540108
53 27 3323.398692454486 -9 -5.007154677793 0.039838158170 -2.973595443975 -0.057750416822 -2.590986800776 -0.014232461983 -9.316739619230 0.074631585351
54 28 3323.395513986023 -8 -4.996754783809 0.039688273274 -2.933405096188 -0.058502971004 -2.568469325379 -0.014586048355 -9.310013901318 0.074542891173
55 28 3323.394239509335 -6 -4.990097468816 0.039587532416 -2.936570402983 -0.058395511814 -2.565575438956 -0.014627275144 -9.305366570865 0.074480058167
56 29 3323.392009820078 -5 -4.964870455289 0.039199739096 -2.970464623194 -0.057597047559 -2.552978236548 -0.014818484419 -9.304509459445 0.074463615610
57 29 3323.391639065768 -4 -4.963600018802 0.039183119294 -2.956881043156 -0.057911957536 -2.546135310632 -0.014920447319 -9.304660591416 0.074466718246
58 30 3323.388193424175 -3 -4.957297500528 0.039082590285 -2.984588328008 -0.057684883059 -2.542610159636 -0.014922182369 -9.315108036885 0.074608539057
59 30 3323.385390549325 -2 -4.950612895375 0.038976785321 -3.011036108907 -0.057120228097 -2.543447709422 -0.014910255708 -9.317838689934 0.074642442343
60 31 3319.903817485381 0 -5.833009424359 0.052335834940 -8.133671261092 0.031084821738 -3.202450486420 -0.004890204166 -9.570309480244 0.077893062203
61 31 3316.210336107106 1 -5.454544287488 0.046456206147 -10.246205263444 0.068917856447 -2.865000660221 -0.010029581537 -9.382942898656 0.075262995192
62 32 3313.771392152684 2 -5.198497988739 0.042609988244 -12.734283206794 0.105987845485 -2.244807079929 -0.019494554200 -8.899340031859 0.068666516893
63 32 3313.678932878977 3 -5.236676528694 0.043266178686 -12.765632502219 0.104030342545 -2.226265934172 -0.019758188066 -8.855310682705 0.068122688881
64 33 3313.543231665907 4 -5.238221688005 0.043233168888 -13.574087712696 0.115871849407 -2.314758946155 -0.018173923192 -8.890256567111 0.068553199297
65 33 3313.538871138812 5 -5.222564099074 0.042998028032 -13.573422893305 0.115765123751 -2.302773907693 -0.018348620036 -8.893419206694 0.068596306066
66 34 3313.535180831987 6 -5.190790624196 0.042511750675 -13.536952609484 0.115234466069 -2.283106609746 -0.018632534956 -8.903623331457 0.068731234273
67 34 3313.534860017395 7 -5.191755525129 0.042523506916 -13.509351140154 0.114868469638 -2.288439044281 -0.018551091579 -8.907273668792 0.068779514643
68 35 3313.534840548597 9 -5.191524032004 0.042519050090 -13.506308277671 0.114840223602 -2.289495096068 -0.018535077767 -8.907224381648 0.068778375732
69 35 3313.534837960205 10 -5.191443069582 0.042517497247 -13.505284071854 0.114830603243 -2.289950898916 -0.018528146336 -8.907249961242 0.068778557156
70 36 3313.534837669183 12 -5.191415768444 0.042516975263 -13.504947528950 0.114827420785 -2.290110378280 -0.018525724215 -8.907262077462 0.068778666185
71 36 3313.534837638565 13 -5.191407445040 0.042516817043 -13.504841332494 0.114826427384 -2.290163389726 -0.018524918057 -8.907266856052 0.068778712027
72 37 3313.534837635417 15 -5.191404193993 0.042516754765 -13.504808801003 0.114826126071 -2.290180030853 -0.018524667507 -8.907269167923 0.068778737050
73 37 3313.534837635093 18 -5.191403619233 0.042516741480 -13.504795431932 0.114825979807 -2.290185333714 -0.018524586192 -8.907268721765 0.068778729961
74 38 3313.534837635047 20 -5.191403621907 0.042516743084 -13.504791569942 0.114825952153 -2.290187365363 -0.018524556626 -8.907269507734 0.068778741141
