# ITFgali.txt
#IMaCh version 0.99r45, April 2023,INED-EUROREVES-Institut de longevite-Japan Society for the Promotion of Science (Grant-in-Aid for Scientific Research 25293121), Intel Software 2015-2020, Nihon University 2021-202, INED 2000-2022
#$Revision: 1.353 $ $Date: 2023/05/08 18:48:22 $
# Tue Feb 04 20:24:32 2025

#****** ******
# (a) Life expectancies by health status at initial age and (b) health expectancies by health status at initial age
# Age e11  e12  e1.  e21  e22  e2. 
 50  28.1486   5.9805  34.1291  24.2371   7.5946  31.8316
 51  27.2371   5.9414  33.1785  23.2293   7.5685  30.7978
 52  26.3331   5.8997  32.2328  22.2318   7.5382  29.7699
 53  25.4371   5.8552  31.2923  21.2455   7.5034  28.7488
 54  24.5496   5.8078  30.3574  20.2716   7.4639  27.7355
 55  23.6713   5.7573  29.4286  19.3114   7.4195  26.7308
 56  22.8026   5.7037  28.5063  18.3660   7.3700  25.7360
 57  21.9442   5.6467  27.5909  17.4367   7.3152  24.7519
 58  21.0965   5.5863  26.6828  16.5247   7.2550  23.7797
 59  20.2602   5.5223  25.7825  15.6314   7.1892  22.8206
 60  19.4358   5.4545  24.8903  14.7577   7.1178  21.8755
 61  18.6238   5.3829  24.0067  13.9051   7.0406  20.9457
 62  17.8248   5.3074  23.1321  13.0744   6.9577  20.0322
 63  17.0392   5.2277  22.2669  12.2670   6.8690  19.1360
 64  16.2677   5.1438  21.4115  11.4836   6.7746  18.2582
 65  15.5105   5.0556  20.5661  10.7253   6.6745  17.3998
 66  14.7682   4.9629  19.7311   9.9928   6.5689  16.5618
 67  14.0411   4.8657  18.9068   9.2870   6.4579  15.7450
 68  13.3296   4.7638  18.0934   8.6084   6.3418  14.9502
 69  12.6339   4.6571  17.2911   7.9576   6.2207  14.1783
 70  11.9544   4.5456  16.5000   7.3349   6.0950  13.4300
 71  11.2911   4.4291  15.7203   6.7408   5.9650  12.7058
 72  10.6444   4.3076  14.9520   6.1754   5.8311  12.0064
 73  10.0143   4.1810  14.1953   5.6388   5.6936  11.3324
 74   9.4010   4.0492  13.4501   5.1310   5.5531  10.6841
 75   8.8044   3.9121  12.7165   4.6520   5.4100  10.0620
 76   8.2248   3.7698  11.9946   4.2015   5.2649   9.4665
 77   7.6622   3.6221  11.2844   3.7794   5.1184   8.8978
 78   7.1168   3.4693  10.5861   3.3853   4.9710   8.3564
 79   6.5886   3.3114   9.8999   3.0188   4.8235   7.8423
 80   6.0779   3.1485   9.2263   2.6795   4.6764   7.3559
 81   5.5850   2.9809   8.5659   2.3668   4.5305   6.8972
 82   5.1104   2.8091   7.9194   2.0800   4.3864   6.4664
 83   4.6546   2.6335   7.2881   1.8186   4.2448   6.0634
 84   4.2184   2.4550   6.6734   1.5818   4.1064   5.6882
 85   3.8026   2.2743   6.0769   1.3687   3.9718   5.3405
 86   3.4082   2.0927   5.5009   1.1783   3.8417   5.0200
 87   3.0364   1.9114   4.9478   1.0096   3.7165   4.7260
 88   2.6883   1.7319   4.4202   0.8613   3.5965   4.4578
 89   2.3650   1.5560   3.9210   0.7322   3.4822   4.2144
 90   2.0677   1.3853   3.4530   0.6209   3.3736   3.9945
