# ITFgali.txt
#IMaCh version 0.99r45, April 2023,INED-EUROREVES-Institut de longevite-Japan Society for the Promotion of Science (Grant-in-Aid for Scientific Research 25293121), Intel Software 2015-2020, Nihon University 2021-202, INED 2000-2022
#$Revision: 1.353 $ $Date: 2023/05/08 18:48:22 $
# Tue Feb 04 20:24:32 2025
# Forward period (stable) prevalence. Precision given by ftolpl=0.0006 
#Age 1-1 2-2 
#************
#Age   1-1     2-2   Total Years_to_converge
50  0.96090 0.03912 1.000 18
51  0.95786 0.04217 1.000 18
52  0.95459 0.04543 1.000 18
53  0.95110 0.04893 1.000 18
54  0.94736 0.05267 1.000 19
55  0.94335 0.05668 1.000 19
56  0.93907 0.06095 1.000 19
57  0.93450 0.06553 1.000 19
58  0.92962 0.07042 1.000 19
59  0.92442 0.07562 1.000 20
60  0.91889 0.08116 1.000 20
61  0.91300 0.08704 1.000 20
62  0.90674 0.09331 1.000 20
63  0.90011 0.09994 1.000 21
64  0.89307 0.10698 1.000 21
65  0.88563 0.11443 1.000 21
66  0.87776 0.12229 1.000 21
67  0.86946 0.13061 1.000 21
68  0.86071 0.13937 1.000 21
69  0.85149 0.14858 1.000 22
70  0.84181 0.15828 1.000 22
71  0.83164 0.16846 1.000 22
72  0.82097 0.17911 1.000 22
73  0.80980 0.19030 1.000 22
74  0.79811 0.20200 1.000 22
75  0.78589 0.21423 1.000 22
76  0.77312 0.22698 1.000 23
77  0.75979 0.24033 1.000 23
78  0.74585 0.25428 1.000 23
79  0.73128 0.26886 1.000 23
80  0.71603 0.28413 1.000 23
81  0.70002 0.30016 1.000 23
82  0.68316 0.31703 1.000 23
83  0.66532 0.33488 1.000 23
84  0.64633 0.35388 1.000 23
85  0.62596 0.37422 1.000 23
86  0.60392 0.39631 1.000 23
87  0.57982 0.42043 1.000 23
88  0.55317 0.44709 1.000 23
89  0.52339 0.47689 1.000 23
90  0.48980 0.51048 1.000 23
