# ITFgali.txt
#IMaCh version 0.99r45, April 2023,INED-EUROREVES-Institut de longevite-Japan Society for the Promotion of Science (Grant-in-Aid for Scientific Research 25293121), Intel Software 2015-2020, Nihon University 2021-202, INED 2000-2022
#$Revision: 1.353 $ $Date: 2023/05/08 18:48:22 $
# Tue Feb 04 20:24:32 2025
# probabilities of dying before estepm=6 months for people of exact age and weighted probabilities w1*p1j+w2*p2j+... stand dev in()
# Selected quantitative variables and dummies
# Age cov=1 p.3 SE w1 p13 w2 p23
 50 1   5.617e-004  2.551e-004  9.609e-001  1.816e-006   3.912e-002  1.431e-002 
 51 1   6.359e-004  2.781e-004  9.579e-001  2.394e-006   4.217e-002  1.503e-002 
 52 1   7.193e-004  3.025e-004  9.546e-001  3.157e-006   4.543e-002  1.577e-002 
 53 1   8.135e-004  3.286e-004  9.511e-001  4.163e-006   4.893e-002  1.655e-002 
 54 1   9.194e-004  3.561e-004  9.474e-001  5.490e-006   5.267e-002  1.736e-002 
 55 1   1.039e-003  3.852e-004  9.434e-001  7.238e-006   5.668e-002  1.821e-002 
 56 1   1.173e-003  4.157e-004  9.391e-001  9.543e-006   6.095e-002  1.910e-002 
 57 1   1.324e-003  4.477e-004  9.345e-001  1.258e-005   6.553e-002  2.002e-002 
 58 1   1.493e-003  4.811e-004  9.296e-001  1.659e-005   7.042e-002  2.099e-002 
 59 1   1.684e-003  5.155e-004  9.244e-001  2.186e-005   7.562e-002  2.200e-002 
 60 1   1.898e-003  5.512e-004  9.189e-001  2.882e-005   8.116e-002  2.305e-002 
 61 1   2.137e-003  5.877e-004  9.130e-001  3.799e-005   8.704e-002  2.416e-002 
 62 1   2.406e-003  6.252e-004  9.067e-001  5.006e-005   9.331e-002  2.530e-002 
 63 1   2.708e-003  6.532e-004  9.001e-001  6.598e-005   9.994e-002  2.650e-002 
 64 1   3.047e-003  7.022e-004  8.931e-001  8.694e-005   1.070e-001  2.775e-002 
 65 1   3.427e-003  7.418e-004  8.856e-001  1.146e-004   1.144e-001  2.906e-002 
 66 1   3.853e-003  7.821e-004  8.778e-001  1.509e-004   1.223e-001  3.042e-002 
 67 1   4.331e-003  8.239e-004  8.695e-001  1.988e-004   1.306e-001  3.184e-002 
 68 1   4.869e-003  8.677e-004  8.607e-001  2.619e-004   1.394e-001  3.332e-002 
 69 1   5.473e-003  9.146e-004  8.515e-001  3.449e-004   1.486e-001  3.486e-002 
 70 1   6.154e-003  9.665e-004  8.418e-001  4.542e-004   1.583e-001  3.646e-002 
 71 1   6.922e-003  1.026e-003  8.316e-001  5.981e-004   1.685e-001  3.814e-002 
 72 1   7.790e-003  1.096e-003  8.210e-001  7.874e-004   1.791e-001  3.988e-002 
 73 1   8.774e-003  1.180e-003  8.098e-001  1.036e-003   1.903e-001  4.170e-002 
 74 1   9.893e-003  1.284e-003  7.981e-001  1.364e-003   2.020e-001  4.359e-002 
 75 1   1.117e-002  1.410e-003  7.859e-001  1.794e-003   2.142e-001  4.555e-002 
 76 1   1.263e-002  1.562e-003  7.731e-001  2.360e-003   2.270e-001  4.760e-002 
 77 1   1.431e-002  1.743e-003  7.598e-001  3.102e-003   2.403e-001  4.973e-002 
 78 1   1.625e-002  1.953e-003  7.459e-001  4.077e-003   2.543e-001  5.195e-002 
 79 1   1.850e-002  2.191e-003  7.313e-001  5.356e-003   2.689e-001  5.425e-002 
 80 1   2.113e-002  2.454e-003  7.160e-001  7.032e-003   2.841e-001  5.665e-002 
 81 1   2.421e-002  2.739e-003  7.000e-001  9.224e-003   3.002e-001  5.914e-002 
 82 1   2.783e-002  3.048e-003  6.832e-001  1.209e-002   3.170e-001  6.173e-002 
 83 1   3.210e-002  3.394e-003  6.653e-001  1.583e-002   3.349e-001  6.442e-002 
 84 1   3.716e-002  4.118e-003  6.463e-001  2.070e-002   3.539e-001  6.721e-002 
 85 1   4.315e-002  4.608e-003  6.260e-001  2.701e-002   3.742e-001  7.012e-002 
 86 1   5.022e-002  5.338e-003  6.039e-001  3.517e-002   3.963e-001  7.313e-002 
 87 1   5.854e-002  6.758e-003  5.798e-001  4.568e-002   4.204e-001  7.625e-002 
 88 1   6.824e-002  8.852e-003  5.532e-001  5.911e-002   4.471e-001  7.950e-002 
 89 1   7.937e-002  1.168e-002  5.234e-001  7.615e-002   4.769e-001  8.286e-002 
 90 1   9.187e-002  1.515e-002  4.898e-001  9.757e-002   5.105e-001  8.635e-002 
