# ITFgali.txt
#IMaCh version 0.99r45, April 2023,INED-EUROREVES-Institut de longevite-Japan Society for the Promotion of Science (Grant-in-Aid for Scientific Research 25293121), Intel Software 2015-2020, Nihon University 2021-202, INED 2000-2022
#$Revision: 1.353 $ $Date: 2023/05/08 18:48:22 $
# Tue Feb 04 20:24:32 2025
#One-step probabilities and stand. devi in ()
# Age p1-1 (SE) p1-2 (SE) p1-3 (SE) p2-1 (SE) p2-2 (SE) p2-3 (SE)
50  9.897e-001 ( 2.046e-003)  1.028e-002 ( 2.046e-003)  1.816e-006 ( 3.585e-006)  2.007e-001 ( 3.556e-002)  7.850e-001 ( 3.550e-002)  1.431e-002 ( 5.830e-003) 
51  9.891e-001 ( 2.089e-003)  1.091e-002 ( 2.089e-003)  2.394e-006 ( 4.595e-006)  1.955e-001 ( 3.362e-002)  7.895e-001 ( 3.362e-002)  1.503e-002 ( 5.925e-003) 
52  9.884e-001 ( 2.130e-003)  1.157e-002 ( 2.131e-003)  3.157e-006 ( 5.885e-006)  1.905e-001 ( 3.174e-002)  7.938e-001 ( 3.180e-002)  1.577e-002 ( 6.016e-003) 
53  9.877e-001 ( 2.169e-003)  1.228e-002 ( 2.170e-003)  4.163e-006 ( 7.529e-006)  1.855e-001 ( 2.994e-002)  7.980e-001 ( 3.006e-002)  1.655e-002 ( 6.101e-003) 
54  9.870e-001 ( 2.206e-003)  1.303e-002 ( 2.207e-003)  5.490e-006 ( 9.624e-006)  1.806e-001 ( 2.820e-002)  8.020e-001 ( 2.839e-002)  1.736e-002 ( 6.179e-003) 
55  9.862e-001 ( 2.241e-003)  1.382e-002 ( 2.241e-003)  7.238e-006 ( 1.229e-005)  1.759e-001 ( 2.653e-002)  8.059e-001 ( 2.679e-002)  1.821e-002 ( 6.251e-003) 
56  9.853e-001 ( 2.272e-003)  1.466e-002 ( 2.273e-003)  9.543e-006 ( 1.567e-005)  1.712e-001 ( 2.493e-002)  8.097e-001 ( 2.527e-002)  1.910e-002 ( 6.316e-003) 
57  9.844e-001 ( 2.301e-003)  1.555e-002 ( 2.302e-003)  1.258e-005 ( 1.997e-005)  1.666e-001 ( 2.340e-002)  8.134e-001 ( 2.382e-002)  2.002e-002 ( 6.373e-003) 
58  9.835e-001 ( 2.327e-003)  1.650e-002 ( 2.328e-003)  1.659e-005 ( 2.541e-005)  1.621e-001 ( 2.195e-002)  8.169e-001 ( 2.246e-002)  2.099e-002 ( 6.421e-003) 
59  9.825e-001 ( 2.349e-003)  1.750e-002 ( 2.351e-003)  2.186e-005 ( 3.229e-005)  1.577e-001 ( 2.057e-002)  8.203e-001 ( 2.117e-002)  2.200e-002 ( 6.461e-003) 
60  9.814e-001 ( 2.369e-003)  1.856e-002 ( 2.371e-003)  2.882e-005 ( 4.097e-005)  1.534e-001 ( 1.927e-002)  8.235e-001 ( 1.995e-002)  2.305e-002 ( 6.491e-003) 
61  9.803e-001 ( 2.385e-003)  1.968e-002 ( 2.389e-003)  3.799e-005 ( 5.190e-005)  1.492e-001 ( 1.804e-002)  8.266e-001 ( 1.882e-002)  2.416e-002 ( 6.511e-003) 
62  9.791e-001 ( 2.400e-003)  2.087e-002 ( 2.404e-003)  5.006e-005 ( 6.565e-005)  1.451e-001 ( 1.690e-002)  8.296e-001 ( 1.777e-002)  2.530e-002 ( 6.521e-003) 
63  9.778e-001 ( 2.413e-003)  2.213e-002 ( 2.418e-003)  6.598e-005 ( 8.289e-005)  1.411e-001 ( 1.584e-002)  8.324e-001 ( 1.680e-002)  2.650e-002 ( 6.520e-003) 
64  9.764e-001 ( 2.425e-003)  2.347e-002 ( 2.431e-003)  8.694e-005 ( 1.045e-004)  1.371e-001 ( 1.487e-002)  8.351e-001 ( 1.592e-002)  2.775e-002 ( 6.509e-003) 
65  9.750e-001 ( 2.438e-003)  2.488e-002 ( 2.446e-003)  1.146e-004 ( 1.314e-004)  1.332e-001 ( 1.398e-002)  8.377e-001 ( 1.511e-002)  2.906e-002 ( 6.488e-003) 
66  9.735e-001 ( 2.454e-003)  2.638e-002 ( 2.464e-003)  1.509e-004 ( 1.648e-004)  1.295e-001 ( 1.319e-002)  8.401e-001 ( 1.439e-002)  3.042e-002 ( 6.456e-003) 
67  9.718e-001 ( 2.477e-003)  2.796e-002 ( 2.488e-003)  1.988e-004 ( 2.063e-004)  1.258e-001 ( 1.248e-002)  8.424e-001 ( 1.374e-002)  3.184e-002 ( 6.415e-003) 
68  9.701e-001 ( 2.508e-003)  2.963e-002 ( 2.522e-003)  2.619e-004 ( 2.575e-004)  1.222e-001 ( 1.187e-002)  8.445e-001 ( 1.317e-002)  3.332e-002 ( 6.366e-003) 
69  9.682e-001 ( 2.554e-003)  3.141e-002 ( 2.569e-003)  3.449e-004 ( 3.204e-004)  1.186e-001 ( 1.135e-002)  8.465e-001 ( 1.268e-002)  3.486e-002 ( 6.310e-003) 
70  9.663e-001 ( 2.620e-003)  3.328e-002 ( 2.634e-003)  4.542e-004 ( 3.974e-004)  1.152e-001 ( 1.092e-002)  8.483e-001 ( 1.227e-002)  3.646e-002 ( 6.250e-003) 
71  9.641e-001 ( 2.711e-003)  3.525e-002 ( 2.724e-003)  5.981e-004 ( 4.910e-004)  1.118e-001 ( 1.058e-002)  8.500e-001 ( 1.192e-002)  3.814e-002 ( 6.189e-003) 
72  9.619e-001 ( 2.834e-003)  3.734e-002 ( 2.843e-003)  7.874e-004 ( 6.042e-004)  1.085e-001 ( 1.032e-002)  8.516e-001 ( 1.164e-002)  3.988e-002 ( 6.131e-003) 
73  9.594e-001 ( 2.998e-003)  3.955e-002 ( 2.997e-003)  1.036e-003 ( 7.402e-004)  1.053e-001 ( 1.014e-002)  8.530e-001 ( 1.142e-002)  4.170e-002 ( 6.083e-003) 
74  9.568e-001 ( 3.207e-003)  4.188e-002 ( 3.193e-003)  1.364e-003 ( 9.021e-004)  1.022e-001 ( 1.003e-002)  8.542e-001 ( 1.126e-002)  4.359e-002 ( 6.049e-003) 
75  9.539e-001 ( 3.469e-003)  4.433e-002 ( 3.435e-003)  1.794e-003 ( 1.093e-003)  9.916e-002 ( 9.978e-003)  8.553e-001 ( 1.116e-002)  4.555e-002 ( 6.040e-003) 
76  9.507e-001 ( 3.789e-003)  4.691e-002 ( 3.727e-003)  2.360e-003 ( 1.316e-003)  9.617e-002 ( 9.979e-003)  8.562e-001 ( 1.110e-002)  4.760e-002 ( 6.064e-003) 
77  9.473e-001 ( 4.170e-003)  4.963e-002 ( 4.073e-003)  3.102e-003 ( 1.574e-003)  9.327e-002 ( 1.002e-002)  8.570e-001 ( 1.111e-002)  4.973e-002 ( 6.133e-003) 
78  9.434e-001 ( 4.615e-003)  5.248e-002 ( 4.475e-003)  4.077e-003 ( 1.867e-003)  9.043e-002 ( 1.010e-002)  8.576e-001 ( 1.116e-002)  5.195e-002 ( 6.257e-003) 
79  9.392e-001 ( 5.126e-003)  5.547e-002 ( 4.935e-003)  5.356e-003 ( 2.198e-003)  8.766e-002 ( 1.021e-002)  8.581e-001 ( 1.126e-002)  5.425e-002 ( 6.449e-003) 
80  9.344e-001 ( 5.703e-003)  5.860e-002 ( 5.456e-003)  7.032e-003 ( 2.567e-003)  8.496e-002 ( 1.033e-002)  8.584e-001 ( 1.142e-002)  5.665e-002 ( 6.718e-003) 
81  9.289e-001 ( 6.348e-003)  6.185e-002 ( 6.038e-003)  9.224e-003 ( 2.982e-003)  8.233e-002 ( 1.047e-002)  8.585e-001 ( 1.163e-002)  5.914e-002 ( 7.075e-003) 
82  9.227e-001 ( 7.069e-003)  6.523e-002 ( 6.681e-003)  1.209e-002 ( 3.460e-003)  7.976e-002 ( 1.062e-002)  8.585e-001 ( 1.190e-002)  6.173e-002 ( 7.525e-003) 
83  9.155e-001 ( 7.884e-003)  6.872e-002 ( 7.386e-003)  1.583e-002 ( 4.052e-003)  7.726e-002 ( 1.077e-002)  8.583e-001 ( 1.224e-002)  6.442e-002 ( 8.074e-003) 
84  9.070e-001 ( 8.842e-003)  7.229e-002 ( 8.151e-003)  2.070e-002 ( 4.865e-003)  7.483e-002 ( 1.092e-002)  8.580e-001 ( 1.264e-002)  6.721e-002 ( 8.725e-003) 
85  8.971e-001 ( 1.005e-002)  7.592e-002 ( 8.973e-003)  2.701e-002 ( 6.097e-003)  7.245e-002 ( 1.106e-002)  8.574e-001 ( 1.313e-002)  7.012e-002 ( 9.480e-003) 
86  8.853e-001 ( 1.170e-002)  7.955e-002 ( 9.850e-003)  3.517e-002 ( 8.051e-003)  7.014e-002 ( 1.120e-002)  8.567e-001 ( 1.370e-002)  7.313e-002 ( 1.034e-002) 
87  8.712e-001 ( 1.413e-002)  8.312e-002 ( 1.078e-002)  4.568e-002 ( 1.111e-002)  6.789e-002 ( 1.133e-002)  8.559e-001 ( 1.435e-002)  7.625e-002 ( 1.130e-002) 
88  8.544e-001 ( 1.777e-002)  8.654e-002 ( 1.176e-002)  5.911e-002 ( 1.572e-002)  6.569e-002 ( 1.145e-002)  8.548e-001 ( 1.510e-002)  7.950e-002 ( 1.237e-002) 
89  8.341e-001 ( 2.313e-002)  8.971e-002 ( 1.281e-002)  7.615e-002 ( 2.237e-002)  6.356e-002 ( 1.156e-002)  8.536e-001 ( 1.595e-002)  8.286e-002 ( 1.354e-002) 
90  8.099e-001 ( 3.072e-002)  9.249e-002 ( 1.393e-002)  9.757e-002 ( 3.157e-002)  6.148e-002 ( 1.166e-002)  8.522e-001 ( 1.691e-002)  8.635e-002 ( 1.482e-002) 