# Powell
# iter -2*LL p12 p13 p21 p23
1 1 12900.683249564052 0 0.000000000000 0.000000000000 0.000000000000 0.000000000000 0.000000000000 0.000000000000 0.000000000000 0.000000000000
2 2 3253.530991517833 0 28.173908239795 0.810748060227 0.810748060227 0.000000000000 2.428797654417 -0.001015584851 -1.227977496865 0.002416155833
3 2 2584.079401688442 0 28.875127198145 -0.286275877628 0.783007026869 0.000059593188 2.403040535917 -0.025789474364 -2.815492737842 -0.019885198340
4 3 2322.389562929138 1 28.553675540191 -0.297340603107 0.834359790539 -0.000099558973 2.369431023301 -0.046434125030 -3.598024114915 -0.021941014487
5 3 2313.790784797857 1 28.487379194580 -0.299788312953 0.876121518015 -0.000056016398 2.362245970360 -0.048737808141 -3.794161968897 -0.025829051353
6 4 2312.324818923547 2 28.460503751602 -0.300215092578 0.966503848088 -0.000170612106 2.360611365951 -0.049898362712 -4.140653714431 -0.023854150264
7 4 2309.378679923805 3 28.468280984885 -0.298083941880 1.226874124325 -0.000604979875 2.365637549036 -0.051458278782 -4.750729552872 -0.012654058427
8 5 2303.668033117590 3 28.509916297955 -0.291126259491 1.838030835959 -0.001554169366 2.383524924123 -0.052454646674 -6.067217480356 0.011543066327
9 5 2296.591226828971 4 28.649443182597 -0.286352257918 2.121968682771 -0.001819097067 2.397004203802 -0.050707010103 -6.701157235494 0.023395849694
10 6 2277.621945348964 5 29.249766020326 -0.270020426026 3.909390051121 -0.003273796802 2.441384831372 -0.050749378720 -11.563513175865 0.089812320902
11 6 2271.654576238925 5 30.171701632629 -0.266568203307 4.312031845105 -0.003163950170 2.452022396866 -0.051663581400 -12.820777907030 0.105789948718
12 7 2270.142024551346 6 31.414334192605 -0.263762522980 4.620002621920 -0.001919984827 2.464169934086 -0.052299951280 -14.095411122540 0.121797177182
13 7 2269.858150683209 7 31.870823389942 -0.260569835973 4.541355602263 -0.000276847506 2.471581775866 -0.052398603361 -14.302431742544 0.123927821744
14 8 2269.533665636049 8 32.602196371893 -0.256301814215 4.411093903488 0.003015314442 2.500007245221 -0.052250144327 -14.754496868817 0.129318081444
15 8 2269.326970758783 9 32.192381818912 -0.267285420278 4.233659883818 0.003728096424 2.496361635612 -0.052012144045 -14.393638385802 0.124916974686
16 9 2269.236238748340 10 31.937034093270 -0.273474998770 3.957481738542 0.005915962153 2.499351442869 -0.052026956819 -14.151315302376 0.121454833005
17 9 2269.207811527918 10 32.040701074520 -0.274071060717 3.914216728082 0.007340980760 2.504729619341 -0.052076498655 -14.215921997342 0.122084747041
18 10 2269.175046020533 11 32.248033471129 -0.275496587956 3.706873501601 0.011003166080 2.517373183724 -0.052107027999 -14.298066953695 0.122909237696
19 10 2269.154270821744 12 32.281172916705 -0.275722252448 3.612676922223 0.011751308677 2.518335035455 -0.052114553631 -14.297374742728 0.122931878608
20 11 2268.079684483612 12 34.171614070524 -0.309891268353 -5.761848450766 0.094286972543 2.632334120584 -0.053299437867 -14.001986693522 0.120883462752
21 11 2266.870665200047 13 35.156425212745 -0.336453361402 -11.660318342018 0.150786554449 2.707392110896 -0.054373056558 -13.435211844819 0.113429802382
22 12 2264.809992766785 14 38.657954642197 -0.408469305905 -28.594021387326 0.309710483411 2.928195053177 -0.057700857244 -12.799327757056 0.104858236336
23 12 2264.136179498856 14 39.680462426130 -0.421082181149 -31.394915834432 0.337216993256 2.970323035453 -0.058815516498 -13.412398780083 0.111781879795
24 13 2263.730964801115 15 41.933787121852 -0.448835868429 -39.115760287025 0.409760868563 3.085882741712 -0.060667317507 -14.164989251062 0.121463159239
25 13 2263.550913060886 16 42.648368777237 -0.452685690048 -40.653911162943 0.426606582667 3.122919897501 -0.061090848507 -14.339137201952 0.123619976469
26 14 2261.456120354827 17 48.345448498542 -0.516115092350 -59.891419078522 0.645531044137 3.467959441380 -0.066659961962 -12.869736310036 0.106411026715
27 14 2259.344388940330 17 53.522257432731 -0.568844407436 -74.719084235102 0.818438547208 3.777884593077 -0.070748764526 -12.745930135614 0.104186571722
28 15 2257.204185069956 18 68.849789714320 -0.728764574507 -121.039467494236 1.332159795706 4.686426638502 -0.083495665940 -13.161683083066 0.108775814510
29 15 2257.184975526000 18 68.755634154590 -0.726263742568 -120.411527906139 1.326996444872 4.681345965040 -0.083301592802 -13.210665815830 0.109463995018
30 16 2257.174175530954 19 68.593063059664 -0.718505067706 -118.721508261931 1.314749872418 4.664680780631 -0.082980993571 -13.204131766304 0.109337210530
31 16 2257.167623520810 20 68.695054669534 -0.717219334503 -118.665300668909 1.316575072472 4.667749523904 -0.083048656037 -13.184395763557 0.109104905981
32 17 2257.160306900430 21 68.907192624579 -0.710965062464 -117.929824547426 1.316854362590 4.669544781441 -0.083126530682 -13.178197572164 0.109081464705
33 17 2257.159933845839 21 68.958447908039 -0.710246434432 -117.856311130494 1.317388667153 4.670833322469 -0.083141242521 -13.181511319164 0.109111004089
34 18 2257.159570900817 22 68.990863315928 -0.708475157439 -117.580828436173 1.316518306562 4.669304077911 -0.083107676658 -13.193341396588 0.109250274154
35 18 2257.158941277914 23 69.032536499532 -0.706987390184 -117.396512207232 1.316472809031 4.667654850805 -0.083074906192 -13.199294242745 0.109318163488
36 19 2257.158430917483 24 69.056686389213 -0.706304777962 -117.318472421932 1.316615890261 4.667069106019 -0.083064027647 -13.189032645732 0.109189665864
37 19 2257.156734567728 25 69.269740076419 -0.705089383500 -117.423801208213 1.321479877069 4.668829415491 -0.083070662310 -13.147096347684 0.108667555340
38 20 2257.155325666064 25 69.282557914799 -0.706949264622 -117.766989224113 1.323484469426 4.670102343380 -0.083097334998 -13.140034957904 0.108587111953
39 20 2256.902144141761 26 80.590518019538 -0.860022760238 -159.160907495349 1.745329939509 4.622141232439 -0.082440350505 -13.011241507887 0.107018983921
40 21 2256.620099983669 27 95.915278084906 -1.021700781710 -207.356954206690 2.276557939504 4.575198644575 -0.081764648624 -12.872606106209 0.105282351713
41 21 2255.905410138306 27 221.613525996402 -2.353847322636 -602.884940740691 6.620502172080 4.359792340204 -0.078822496408 -12.659194183077 0.102463722230
42 22 2255.445879377977 28 302.825864811865 -3.215327122323 -858.038668578666 9.412014497909 4.394203942238 -0.079333295270 -13.006786483645 0.106681049059
43 22 2255.031798619895 29 766.530313839789 -8.095311602158 -2309.683362037416 25.360278658590 4.582619024089 -0.081523811892 -13.098388499591 0.108070291058
44 23 2254.918270030424 30 945.365191645582 -9.997812208350 -2873.292146022404 31.532717097001 4.587690130530 -0.081681215032 -12.989931817736 0.106769794132
45 23 2254.715850093101 31 1554.777656441580 -16.487931844128 -4794.644818653490 52.561759055584 4.487451686873 -0.080477837322 -13.125607701689 0.108333078163
46 24 2254.714323243906 33 1554.766227647742 -16.488542502214 -4794.758502126296 52.562057217125 4.488438701493 -0.080508149676 -13.128315565837 0.108322512869
47 24 2254.709201766574 35 1554.647761848783 -16.498007398028 -4796.432056900909 52.568819149581 4.499740870538 -0.080674369652 -13.053911078036 0.107405604126
48 25 2254.708581224745 36 1554.744158665963 -16.496294598686 -4796.235318783141 52.569933727795 4.498298791717 -0.080640242132 -13.046457478231 0.107323941062
49 25 2254.708328766057 37 1554.878431619837 -16.493710973253 -4795.926210783970 52.571272481114 4.496103654706 -0.080597445821 -13.040872536533 0.107251702140
50 26 2254.708328185435 -20 1554.878975519603 -16.493692712168 -4795.923546961918 52.571267084684 4.496069807238 -0.080597186123 -13.040866720587 0.107251090383
51 26 2254.708322405122 -18 1554.884627935227 -16.493232099175 -4795.847928623020 52.570883644700 4.495169092697 -0.080583113421 -13.040590617950 0.107246474038
52 27 2254.708321127267 -17 1554.885215912236 -16.493225394289 -4795.847132665995 52.570884133625 4.495070632184 -0.080581889782 -13.039721335469 0.107236273393
53 27 2254.708316766906 -15 1554.887369258240 -16.492906712535 -4795.783662782776 52.570556044113 4.494068386250 -0.080569429392 -13.039021779370 0.107227869132
54 28 2254.708315512847 -13 1554.888200310294 -16.492797829818 -4795.763059231353 52.570463078664 4.493850898139 -0.080566083816 -13.039521274912 0.107234418014
55 28 2254.708315272413 -11 1554.888302412760 -16.492734913474 -4795.750520121563 52.570397932523 4.493721762778 -0.080564198859 -13.039960457916 0.107239904608
56 29 2254.708315254060 -9 1554.888034883013 -16.492732842425 -4795.749607964205 52.570386060073 4.493706523227 -0.080564039590 -13.040006143115 0.107240470846
57 29 2254.708315230006 -7 1554.887313017606 -16.492733531326 -4795.748340408573 52.570361101704 4.493677177580 -0.080563720960 -13.040093660245 0.107241616390
58 30 2254.708315203913 -5 1554.886693322753 -16.492751945580 -4795.750936640184 52.570361161210 4.493692925313 -0.080564003897 -13.040056824245 0.107241166401
59 30 2254.708315169702 -4 1554.885176374282 -16.492807285865 -4795.759572594074 52.570376826379 4.493784875409 -0.080565285835 -13.040113235465 0.107241843815
60 31 2254.708315159196 -2 1554.884811520735 -16.492812460517 -4795.759936568781 52.570371189937 4.493780383436 -0.080565240889 -13.040127437652 0.107242026529
61 31 2254.708313021367 0 1554.792921823831 -16.494698120005 -4795.974859248770 52.569827071876 4.494020285900 -0.080566953680 -13.040536343130 0.107247701698
62 32 2254.708307541048 1 1554.556709697873 -16.499480447541 -4796.511417783401 52.568326509330 4.494247570546 -0.080568561383 -13.040735698350 0.107250455101
63 32 2254.708269126647 3 1552.580250558785 -16.539266428863 -4800.948278447796 52.555382791524 4.495159417073 -0.080575326071 -13.041132620473 0.107255602014
64 33 2254.708086229678 4 1545.578295512207 -16.679666927492 -4816.543900349050 52.508595772218 4.496326701956 -0.080584717596 -13.040783629849 0.107249535277
65 33 2254.707890863350 5 1545.074580165619 -16.689128075131 -4817.526085930348 52.504151864053 4.494283358370 -0.080569280287 -13.039874323366 0.107237530912
66 34 2254.707882282035 6 1545.017232990937 -16.690068116289 -4817.609916006258 52.503437592766 4.493709084120 -0.080563565803 -13.040016195531 0.107240232917
67 34 2254.707881980178 7 1545.007492324766 -16.690222900565 -4817.623147126988 52.503308924335 4.493596445321 -0.080562386680 -13.040022328214 0.107240560641
68 35 2254.707881969604 9 1545.005714188893 -16.690250763050 -4817.625476789565 52.503284907035 4.493574442957 -0.080562151044 -13.040022343329 0.107240611755
69 35 2254.707881969016 11 1545.005512825298 -16.690253188111 -4817.625574093565 52.503280756245 4.493569447761 -0.080562101911 -13.040020647707 0.107240607295
70 36 2254.707881968530 13 1545.004660677828 -16.690268860957 -4817.627179714039 52.503272662833 4.493565269130 -0.080562047296 -13.040019357787 0.107240600624
71 36 2254.707881967541 15 1545.003710196055 -16.690287099357 -4817.629086093589 52.503263989596 4.493562696159 -0.080562027562 -13.040026754496 0.107240694529
72 37 2254.707881963897 16 1545.002930732346 -16.690302774017 -4817.630624933558 52.503254844705 4.493557922476 -0.080562001035 -13.040041888930 0.107240879994
73 37 2254.707881943727 18 1545.005470211882 -16.690262703480 -4817.626033355718 52.503268715333 4.493554368109 -0.080562053023 -13.040089138030 0.107241438670
74 38 2254.707881831735 19 1545.021448667198 -16.690020972489 -4817.600089607234 52.503394709343 4.493565187205 -0.080562436700 -13.040214608183 0.107242891836
75 38 2254.707881204456 20 1545.080189168573 -16.689306715177 -4817.527624424451 52.503946062919 4.493624323231 -0.080563761803 -13.040517735755 0.107246360382
76 39 2254.707877421615 22 1545.293831899430 -16.687881910547 -4817.410897489666 52.506394516218 4.493823041336 -0.080567744785 -13.041317437859 0.107255450200
77 39 2254.707853016942 23 1546.230318762040 -16.687962706715 -4817.684480804728 52.519391196968 4.494434520919 -0.080579594477 -13.043619104349 0.107281555092
78 40 2254.707696707671 24 1550.882646692539 -16.714202906985 -4822.242034812851 52.593078762835 4.496070763892 -0.080611313584 -13.049914597555 0.107352973206
79 40 2254.706773010509 25 1574.684163166190 -16.922739161114 -4854.743963239291 52.996245704387 4.499681310094 -0.080682745222 -13.064876667848 0.107522957859
80 41 2254.705361054399 26 1575.355013661013 -16.908782632551 -4853.122471339403 53.000605369439 4.494089731688 -0.080575183124 -13.043731808019 0.107283140834
81 41 2254.705445166322 27 1575.498189118994 -16.906354803432 -4852.861482911579 53.001914959460 4.493650850675 -0.080563493654 -13.040155397530 0.107242279624
82 42 2254.705440846860 29 1575.496226295773 -16.907546788354 -4853.009441015656 53.002353876545 4.493521309837 -0.080560261511 -13.039229469403 0.107231657663
83 42 2254.705432911548 30 1575.400712806559 -16.911738394114 -4853.505350328270 53.002566226003 4.493377753473 -0.080556581682 -13.038147487087 0.107219273647
84 43 2254.705400415486 31 1574.783789005235 -16.934439269159 -4856.162902598035 53.002179233592 4.493024948156 -0.080547504818 -13.035461062359 0.107188523686
85 43 2254.705312107456 32 1573.907475125446 -16.962760711037 -4859.448058208751 53.000049475759 4.493031430179 -0.080547674809 -13.035513153372 0.107189120440
86 44 2254.705231960837 33 1573.180896993153 -16.985441747847 -4862.071737941632 52.997959458298 4.493134893567 -0.080550412372 -13.036351254997 0.107198705503
87 44 2254.705193727251 34 1572.838509815776 -16.994546691907 -4863.109218796288 52.996321398650 4.493345368470 -0.080556465688 -13.038381981255 0.107221871585
88 45 2254.705189065480 35 1572.744181556622 -16.996778445844 -4863.357653212023 52.995721056305 4.493351928476 -0.080558136041 -13.039436432344 0.107233750412
89 45 2254.705188485305 36 1572.728374780006 -16.997321812219 -4863.419292597554 52.995664971721 4.493324287815 -0.080558161516 -13.039724827652 0.107236959098
90 46 2254.705181036866 37 1572.783420705074 -17.001557947948 -4863.951685117531 52.997756102456 4.493138031139 -0.080557745788 -13.041275672632 0.107254211534
91 46 2254.705156205832 38 1573.183891986365 -17.010110780890 -4865.125457042605 53.006283995576 4.493315744747 -0.080561608467 -13.043181799594 0.107274590686
92 47 2254.705034281042 39 1575.522688164497 -17.045807702063 -4870.229781567386 53.051526963745 4.494396837852 -0.080576663541 -13.046680182654 0.107310345977
93 47 2254.704656498760 -20 1582.862065022014 -17.133905935161 -4883.284913865899 53.185455043128 4.497331120841 -0.080608832412 -13.047987220287 0.107317887928
94 48 2254.704003265270 -19 1591.548706202360 -17.223002805631 -4896.815826551301 53.338240346022 4.499301437924 -0.080626597745 -13.045335534835 0.107284218281
95 48 1.#QNAN0000000 -17 1591.702273716641 -17.208186552649 -4894.889926789261 53.333557800677 4.495231797412 -0.080582091814 -13.049204781690 0.107330708658
96 49 2254.703350733776 -16 1591.598942853755 -17.218427893872 -4896.118124214515 53.335453424429 4.493938212039 -0.080562626453 -13.040556120869 0.107242251571
97 49 1.#QNAN0000000 -13 1591.791186269210 -17.209921432374 -4895.117825430309 53.335077723431 4.494550386439 -0.080575022605 -13.043414219508 0.107274441807
98 50 2254.703354159211 -12 1591.777438440496 -17.212920359472 -4895.469547440565 53.335793683891 4.493536765060 -0.080559124658 -13.039908164437 0.107237153550
99 50 2254.703385948327 -10 1591.819577442144 -17.210475655818 -4895.167579356674 53.335399270419 4.493175283648 -0.080554818295 -13.039425616537 0.107232565987
100 51 2254.703385645386 -9 1591.817339064249 -17.210545701850 -4895.178012707146 53.335410171596 4.493288278935 -0.080556473576 -13.039621927234 0.107234785402
101 51 2254.703385774468 -7 1591.820780773338 -17.210498902154 -4895.175028065463 53.335461570693 4.493368679895 -0.080557534652 -13.039697786762 0.107235640610
102 52 1.#QNAN0000000 -5 1591.820780938709 -17.210498893390 -4895.175026410219 53.335461570284 4.493368672793 -0.080557539849 -13.039699338529 0.107235649464
103 52 1.#QNAN0000000 -2 1591.820781010590 -17.210498890863 -4895.175026120945 53.335461570411 4.493368673087 -0.080557539854 -13.039699339084 0.107235649471
104 53 1.#QNAN0000000 2 1591.820781016217 -17.210498890873 -4895.175026122342 53.335461570482 4.493368673031 -0.080557539853 -13.039699339052 0.107235649470
105 53 1.#QNAN0000000 4 1591.820781020659 -17.210498890925 -4895.175026130017 53.335461570562 4.493368673030 -0.080557539854 -13.039699339331 0.107235649472
106 54 1.#QNAN0000000 7 1591.820781025071 -17.210498890980 -4895.175026137977 53.335461570643 4.493368673031 -0.080557539854 -13.039699339350 0.107235649472
107 54 1.#QNAN0000000 10 1591.820781029101 -17.210498891040 -4895.175026144648 53.335461570721 4.493368673008 -0.080557539871 -13.039699344310 0.107235649500
108 55 1.#QNAN0000000 13 1591.820781033656 -17.210498891089 -4895.175026151978 53.335461570802 4.493368673009 -0.080557539871 -13.039699344313 0.107235649500
109 55 1.#QNAN0000000 16 1591.820781038150 -17.210498891140 -4895.175026159550 53.335461570882 4.493368673008 -0.080557539871 -13.039699344314 0.107235649500
110 56 1.#QNAN0000000 19 1591.820781042564 -17.210498891194 -4895.175026167515 53.335461570963 4.493368673008 -0.080557539871 -13.039699344316 0.107235649500
111 56 1.#QNAN0000000 23 1591.820781024685 -17.210498891942 -4895.175026221264 53.335461571018 4.493368672608 -0.080557540172 -13.039699434237 0.107235650012
112 57 1.#QNAN0000000 26 1591.820781029052 -17.210498891998 -4895.175026229438 53.335461571099 4.493368672609 -0.080557540172 -13.039699434239 0.107235650012
113 57 1.#QNAN0000000 30 1591.820780961597 -17.210498894653 -4895.175026637438 53.335461571907 4.493368676844 -0.080557540276 -13.039699449858 0.107235650118
114 58 1.#QNAN0000000 32 1591.820781026477 -17.210498892501 -4895.175026301287 53.335461571364 4.493368673185 -0.080557540225 -13.039699447615 0.107235650091
115 58 1.#QNAN0000000 36 1591.820781030843 -17.210498892557 -4895.175026309458 53.335461571444 4.493368673186 -0.080557540225 -13.039699447633 0.107235650091
116 59 1.#QNAN0000000 38 1591.820781055985 -17.210498891855 -4895.175026199473 53.335461571311 4.493368671933 -0.080557540207 -13.039699446867 0.107235650082
117 59 1.#QNAN0000000 -19 1591.820781068618 -17.210498891596 -4895.175026170646 53.335461571392 4.493368671940 -0.080557540207 -13.039699446915 0.107235650083
118 60 1.#QNAN0000000 -17 1591.820781064548 -17.210498891784 -4895.175026149709 53.335461571436 4.493368671421 -0.080557540576 -13.039699556904 0.107235650710
119 60 1.#QNAN0000000 -14 1591.820781068745 -17.210498891843 -4895.175026157476 53.335461571516 4.493368671413 -0.080557540582 -13.039699558825 0.107235650721
120 61 1.#QNAN0000000 -11 1591.820781073418 -17.210498891887 -4895.175026164025 53.335461571595 4.493368671401 -0.080557540582 -13.039699558819 0.107235650720
121 61 1.#QNAN0000000 -8 1591.820781083688 -17.210498891728 -4895.175026138596 53.335461571614 4.493368671044 -0.080557540577 -13.039699558602 0.107235650718
122 62 1.#QNAN0000000 -4 1591.820781080668 -17.210498891911 -4895.175026126441 53.335461571671 4.493368670660 -0.080557540876 -13.039699647607 0.107235651225
123 62 1.#QNAN0000000 -1 1591.820781085223 -17.210498891960 -4895.175026133773 53.335461571752 4.493368670661 -0.080557540876 -13.039699647609 0.107235651225
124 63 1.#QNAN0000000 1 1591.820781090041 -17.210498891999 -4895.175026139500 53.335461571829 4.493368670640 -0.080557540875 -13.039699647598 0.107235651225
125 63 1.#QNAN0000000 5 1591.820781047108 -17.210498893843 -4895.175026372001 53.335461572013 4.493368671239 -0.080557540883 -13.039699647774 0.107235651227
126 64 1.#QNAN0000000 8 1591.820781100335 -17.210498892116 -4895.175026102192 53.335461571590 4.493368668287 -0.080557540842 -13.039699645965 0.107235651206
127 64 1.#QNAN0000000 11 1591.820781106858 -17.210498892089 -4895.175026100714 53.335461571671 4.493368668289 -0.080557540842 -13.039699645979 0.107235651206
128 65 1.#QNAN0000000 14 1591.820781100983 -17.210498892519 -4895.175026167312 53.335461571858 4.493368668916 -0.080557540851 -13.039699646366 0.107235651210
129 65 1.#QNAN0000000 17 1591.820781113768 -17.210498892268 -4895.175026127678 53.335461571853 4.493368668413 -0.080557540844 -13.039699646059 0.107235651207
130 66 1.#QNAN0000000 20 1591.820781112713 -17.210498892530 -4895.175026159959 53.335461571933 4.493368668408 -0.080557540845 -13.039699646306 0.107235651208
131 66 1.#QNAN0000000 23 1591.820781117175 -17.210498892582 -4895.175026167712 53.335461572013 4.493368668408 -0.080557540845 -13.039699646308 0.107235651208
132 67 1.#QNAN0000000 26 1591.820781107453 -17.210498893176 -4895.175026238960 53.335461572093 4.493368668399 -0.080557540845 -13.039699646230 0.107235651207
133 67 1.#QNAN0000000 29 1591.820781109667 -17.210498893314 -4895.175026256778 53.335461572173 4.493368668398 -0.080557540844 -13.039699646219 0.107235651207
134 68 1.#QNAN0000000 32 1591.820781113743 -17.210498893372 -4895.175026263238 53.335461572252 4.493368668375 -0.080557540861 -13.039699651180 0.107235651235
135 68 1.#QNAN0000000 34 1591.820781118195 -17.210498893424 -4895.175026270591 53.335461572332 4.493368668372 -0.080557540864 -13.039699651906 0.107235651239
136 69 1.#QNAN0000000 38 1591.820781117741 -17.210498893664 -4895.175026300352 53.335461572412 4.493368668369 -0.080557540863 -13.039699651881 0.107235651239
137 69 1.#QNAN0000000 -19 1591.820781134685 -17.210498893240 -4895.175026252200 53.335461572494 4.493368668381 -0.080557540864 -13.039699652061 0.107235651241
138 70 1.#QNAN0000000 -16 1591.820781137280 -17.210498893360 -4895.175026270574 53.335461572594 4.493368668495 -0.080557540866 -13.039699652133 0.107235651241
139 70 1.#QNAN0000000 -13 1591.820781136295 -17.210498893620 -4895.175026302711 53.335461572674 4.493368668491 -0.080557540866 -13.039699652104 0.107235651241
140 71 1.#QNAN0000000 -10 1591.820781156631 -17.210498893072 -4895.175026211113 53.335461572577 4.493368667415 -0.080557540895 -13.039699664466 0.107235651308
141 71 1.#QNAN0000000 -7 1591.820781161571 -17.210498893106 -4895.175026216698 53.335461572657 4.493368667414 -0.080557540895 -13.039699664470 0.107235651308
142 72 1.#QNAN0000000 -2 1591.820781165871 -17.210498893165 -4895.175026225172 53.335461572738 4.493368667415 -0.080557540895 -13.039699664471 0.107235651308
143 72 1.#QNAN0000000 1 1591.820781166114 -17.210498893283 -4895.175026218368 53.335461572800 4.493368667156 -0.080557541079 -13.039699719467 0.107235651621
144 73 1.#QNAN0000000 4 1591.820781138057 -17.210498894531 -4895.175026404628 53.335461573160 4.493368668794 -0.080557541102 -13.039699720445 0.107235651633
145 73 1.#QNAN0000000 7 1591.820781165129 -17.210498893721 -4895.175026311155 53.335461573242 4.493368668811 -0.080557541102 -13.039699720576 0.107235651634
146 74 1.#QNAN0000000 10 1591.820781169591 -17.210498893773 -4895.175026318910 53.335461573323 4.493368668812 -0.080557541102 -13.039699720578 0.107235651634
147 74 1.#QNAN0000000 13 1591.820781181147 -17.210498893555 -4895.175026294874 53.335461573404 4.493368668817 -0.080557541102 -13.039699720620 0.107235651635
148 75 1.#QNAN0000000 17 1591.820781186977 -17.210498893555 -4895.175026296499 53.335461573484 4.493368668819 -0.080557541102 -13.039699720630 0.107235651635
149 75 1.#QNAN0000000 20 1591.820781102504 -17.210498897000 -4895.175026702402 53.335461573557 4.493368668753 -0.080557541101 -13.039699720126 0.107235651629
150 76 1.#QNAN0000000 23 1591.820781188863 -17.210498893928 -4895.175026343515 53.335461573645 4.493368668815 -0.080557541102 -13.039699720594 0.107235651635
151 76 1.#QNAN0000000 26 1591.820781194433 -17.210498893937 -4895.175026345863 53.335461573725 4.493368668813 -0.080557541105 -13.039699721327 0.107235651639
152 77 1.#QNAN0000000 29 1591.820781202059 -17.210498893868 -4895.175026339714 53.335461573808 4.493368668829 -0.080557541105 -13.039699721356 0.107235651639
153 77 1.#QNAN0000000 32 1591.820781206521 -17.210498893920 -4895.175026347468 53.335461573889 4.493368668830 -0.080557541105 -13.039699721358 0.107235651639
154 78 1.#QNAN0000000 34 1591.820781178139 -17.210498895225 -4895.175026502963 53.335461573972 4.493368668842 -0.080557541105 -13.039699721182 0.107235651637
155 78 1.#QNAN0000000 38 1591.820781182439 -17.210498895283 -4895.175026511442 53.335461574053 4.493368668842 -0.080557541105 -13.039699721183 0.107235651637
156 79 1.#QNAN0000000 -20 1591.820781201200 -17.210498894790 -4895.175026455175 53.335461574135 4.493368668854 -0.080557541105 -13.039699721267 0.107235651638
157 79 1.#QNAN0000000 -17 1591.820781205709 -17.210498894841 -4895.175026462715 53.335461574215 4.493368668854 -0.080557541105 -13.039699721270 0.107235651638
158 80 1.#QNAN0000000 -14 1591.820781208350 -17.210498894934 -4895.175026469565 53.335461574296 4.493368668814 -0.080557541159 -13.039699737340 0.107235651730
159 80 1.#QNAN0000000 -10 1591.820781212703 -17.210498894990 -4895.175026477793 53.335461574377 4.493368668815 -0.080557541159 -13.039699737342 0.107235651730
160 81 1.#QNAN0000000 -7 1591.820781217113 -17.210498895041 -4895.175026484624 53.335461574457 4.493368668806 -0.080557541166 -13.039699739238 0.107235651741
161 81 1.#QNAN0000000 -5 1591.820781150712 -17.210498897679 -4895.175026895804 53.335461575269 4.493368673102 -0.080557541226 -13.039699741875 0.107235651772
162 82 1.#QNAN0000000 -1 1591.820781233593 -17.210498894739 -4895.175026552502 53.335461575356 4.493368673163 -0.080557541227 -13.039699742324 0.107235651778
163 82 1.#QNAN0000000 2 1591.820781237695 -17.210498894805 -4895.175026561881 53.335461575437 4.493368673164 -0.080557541227 -13.039699742325 0.107235651778
164 83 1.#QNAN0000000 5 1591.820781242205 -17.210498894856 -4895.175026569411 53.335461575517 4.493368673164 -0.080557541227 -13.039699742327 0.107235651778
165 83 1.#QNAN0000000 8 1591.820781246668 -17.210498894908 -4895.175026577159 53.335461575598 4.493368673165 -0.080557541227 -13.039699742330 0.107235651778
166 84 1.#QNAN0000000 11 1591.820781251311 -17.210498894954 -4895.175026583923 53.335461575677 4.493368673158 -0.080557541227 -13.039699742344 0.107235651778
167 84 1.#QNAN0000000 15 1591.820781255610 -17.210498895012 -4895.175026592403 53.335461575757 4.493368673158 -0.080557541227 -13.039699742345 0.107235651778
168 85 1.#QNAN0000000 17 1591.820781260050 -17.210498895065 -4895.175026600085 53.335461575838 4.493368673158 -0.080557541228 -13.039699742624 0.107235651779
169 85 1.#QNAN0000000 21 1591.820781264465 -17.210498895119 -4895.175026608042 53.335461575918 4.493368673158 -0.080557541228 -13.039699742626 0.107235651779
170 86 1.#QNAN0000000 23 1591.820781269509 -17.210498895150 -4895.175026612481 53.335461575993 4.493368673124 -0.080557541228 -13.039699742606 0.107235651779
171 86 1.#QNAN0000000 27 1591.820781203401 -17.210498897895 -4895.175026936165 53.335461576067 4.493368673071 -0.080557541226 -13.039699742207 0.107235651774
172 87 1.#QNAN0000000 30 1591.820781251960 -17.210498896265 -4895.175026736856 53.335461576093 4.493368672748 -0.080557541239 -13.039699747187 0.107235651803
173 87 1.#QNAN0000000 33 1591.820781256617 -17.210498896310 -4895.175026743668 53.335461576173 4.493368672745 -0.080557541239 -13.039699747188 0.107235651803
174 88 1.#QNAN0000000 35 1591.820781261079 -17.210498896363 -4895.175026751422 53.335461576254 4.493368672746 -0.080557541239 -13.039699747191 0.107235651803
175 88 1.#QNAN0000000 38 1591.820781298184 -17.210498895897 -4895.175026868958 53.335461576473 4.493368674732 -0.080557539829 -13.039699326324 0.107235649404
176 89 1.#QNAN0000000 -19 1591.820781300536 -17.210498896030 -4895.175026886156 53.335461576554 4.493368674731 -0.080557539829 -13.039699326315 0.107235649404
177 89 1.#QNAN0000000 -16 1591.820781304787 -17.210498896090 -4895.175026895105 53.335461576636 4.493368674744 -0.080557539829 -13.039699326325 0.107235649404
178 90 1.#QNAN0000000 -13 1591.820781309154 -17.210498896146 -4895.175026903280 53.335461576717 4.493368674745 -0.080557539829 -13.039699326327 0.107235649404
179 90 1.#QNAN0000000 -10 1591.820781313662 -17.210498896196 -4895.175026910822 53.335461576798 4.493368674746 -0.080557539829 -13.039699326329 0.107235649404
180 91 1.#QNAN0000000 -7 1591.820781317874 -17.210498896258 -4895.175026919686 53.335461576878 4.493368674746 -0.080557539829 -13.039699326330 0.107235649404
181 91 1.#QNAN0000000 -4 1591.820781309132 -17.210498896815 -4895.175026985346 53.335461576948 4.493368674679 -0.080557539829 -13.039699326322 0.107235649403
182 92 1.#QNAN0000000 -1 1591.820781311004 -17.210498896908 -4895.175026984021 53.335461577017 4.493368674519 -0.080557539943 -13.039699360313 0.107235649597
183 92 1.#QNAN0000000 2 1591.820781308564 -17.210498897070 -4895.175026968565 53.335461577068 4.493368674100 -0.080557540241 -13.039699449296 0.107235650104
184 93 1.#QNAN0000000 5 1591.820781312677 -17.210498897135 -4895.175026977876 53.335461577148 4.493368674101 -0.080557540241 -13.039699449296 0.107235650104
185 93 1.#QNAN0000000 8 1591.820781317023 -17.210498897192 -4895.175026985979 53.335461577229 4.493368674100 -0.080557540242 -13.039699449574 0.107235650106
186 94 1.#QNAN0000000 12 1591.820781314226 -17.210498897521 -4895.175027026220 53.335461577309 4.493368674095 -0.080557540241 -13.039699449535 0.107235650105
187 94 1.#QNAN0000000 15 1591.820781313289 -17.210498897779 -4895.175027058141 53.335461577389 4.493368674092 -0.080557540241 -13.039699449507 0.107235650105
188 95 1.#QNAN0000000 17 1591.820781318109 -17.210498897819 -4895.175027063864 53.335461577466 4.493368674071 -0.080557540241 -13.039699449479 0.107235650105
189 95 1.#QNAN0000000 20 1591.820781328863 -17.210498897631 -4895.175027043443 53.335461577547 4.493368674076 -0.080557540241 -13.039699449517 0.107235650105
190 96 1.#QNAN0000000 23 1591.820781315302 -17.210498897968 -4895.175026990219 53.335461577550 4.493368672978 -0.080557541021 -13.039699682475 0.107235651433
191 96 1.#QNAN0000000 26 1591.820781319906 -17.210498898015 -4895.175026997335 53.335461577631 4.493368672979 -0.080557541021 -13.039699682479 0.107235651433
192 97 1.#QNAN0000000 28 1591.820781324366 -17.210498898068 -4895.175027005083 53.335461577711 4.493368672979 -0.080557541021 -13.039699682497 0.107235651433
193 97 1.#QNAN0000000 31 1591.820781257965 -17.210498900705 -4895.175027416259 53.335461578524 4.493368677275 -0.080557541081 -13.039699685135 0.107235651465
194 98 1.#QNAN0000000 34 1591.820781344693 -17.210498897621 -4895.175027054484 53.335461578600 4.493368677275 -0.080557541082 -13.039699685561 0.107235651470
195 98 1.#QNAN0000000 37 1591.820781349197 -17.210498897671 -4895.175027061995 53.335461578680 4.493368677274 -0.080557541082 -13.039699685562 0.107235651470
196 99 1.#QNAN0000000 -20 1591.820781356923 -17.210498897599 -4895.175027055133 53.335461578761 4.493368677277 -0.080557541082 -13.039699685583 0.107235651470
197 99 1.#QNAN0000000 -17 1591.820781338278 -17.210498898488 -4895.175027199255 53.335461579121 4.493368678921 -0.080557541105 -13.039699686614 0.107235651482
198 100 1.#QNAN0000000 -14 1591.820781342661 -17.210498898543 -4895.175027207452 53.335461579203 4.493368678927 -0.080557541105 -13.039699686619 0.107235651482
199 100 1.#QNAN0000000 -10 1591.820781347075 -17.210498898597 -4895.175027215417 53.335461579283 4.493368678927 -0.080557541105 -13.039699686621 0.107235651482
200 101 1.#QNAN0000000 -7 1591.820781369878 -17.210498897990 -4895.175027111903 53.335461579116 4.493368677471 -0.080557541085 -13.039699685700 0.107235651471
201 101 1.#QNAN0000000 -4 1591.820781381148 -17.210498897794 -4895.175027080894 53.335461579126 4.493368677059 -0.080557541079 -13.039699685449 0.107235651468
202 102 1.#QNAN0000000 -1 1591.820781374957 -17.210498898235 -4895.175027149347 53.335461579317 4.493368677708 -0.080557541088 -13.039699685850 0.107235651473
203 102 1.#QNAN0000000 2 1591.820781379362 -17.210498898288 -4895.175027156912 53.335461579397 4.493368677705 -0.080557541090 -13.039699686575 0.107235651477
204 103 1.#QNAN0000000 5 1591.820781381486 -17.210498898415 -4895.175027185296 53.335461579565 4.493368678217 -0.080557541098 -13.039699686923 0.107235651481
205 103 1.#QNAN0000000 8 1591.820781400131 -17.210498897927 -4895.175027129554 53.335461579646 4.493368678229 -0.080557541098 -13.039699687006 0.107235651482
206 104 1.#QNAN0000000 11 1591.820781403515 -17.210498898019 -4895.175027141690 53.335461579726 4.493368678225 -0.080557541100 -13.039699687726 0.107235651486
207 104 1.#QNAN0000000 14 1591.820781408234 -17.210498898061 -4895.175027148201 53.335461579806 4.493368678222 -0.080557541100 -13.039699687726 0.107235651486
208 105 1.#QNAN0000000 17 1591.820781415107 -17.210498898022 -4895.175027145156 53.335461579887 4.493368678224 -0.080557541100 -13.039699687742 0.107235651487
209 105 1.#QNAN0000000 21 1591.820781404790 -17.210498898638 -4895.175027219005 53.335461579966 4.493368678213 -0.080557541100 -13.039699687766 0.107235651486
210 106 1.#QNAN0000000 24 1591.820781401492 -17.210498898986 -4895.175027261494 53.335461580046 4.493368678208 -0.080557541100 -13.039699687724 0.107235651486
211 106 1.#QNAN0000000 28 1591.820781371421 -17.210498900300 -4895.175027464541 53.335461580472 4.493368680236 -0.080557541129 -13.039699688965 0.107235651501
212 107 1.#QNAN0000000 32 1591.820781416549 -17.210498898869 -4895.175027240668 53.335461580132 4.493368677766 -0.080557541094 -13.039699687451 0.107235651483
213 107 1.#QNAN0000000 34 1591.820781420964 -17.210498898923 -4895.175027248637 53.335461580212 4.493368677767 -0.080557541094 -13.039699687436 0.107235651482
214 108 1.#QNAN0000000 38 1591.820781420027 -17.210498899181 -4895.175027280558 53.335461580292 4.493368677764 -0.080557541094 -13.039699687408 0.107235651482
215 108 1.#QNAN0000000 -19 1591.820781424317 -17.210498899240 -4895.175027289103 53.335461580373 4.493368677765 -0.080557541094 -13.039699687393 0.107235651482
216 109 1.#QNAN0000000 -16 1591.820781428950 -17.210498899286 -4895.175027296086 53.335461580453 4.493368677766 -0.080557541094 -13.039699687396 0.107235651482
217 109 1.#QNAN0000000 -12 1591.820781447437 -17.210498898831 -4895.175027220702 53.335461580361 4.493368676750 -0.080557541080 -13.039699686761 0.107235651474
218 110 1.#QNAN0000000 -10 1591.820781451560 -17.210498898888 -4895.175027226950 53.335461580440 4.493368676728 -0.080557541096 -13.039699691722 0.107235651503
219 110 1.#QNAN0000000 -6 1591.820781456539 -17.210498898921 -4895.175027232394 53.335461580520 4.493368676729 -0.080557541096 -13.039699691728 0.107235651503
220 111 1.#QNAN0000000 -4 1591.820781461677 -17.210498898946 -4895.175027236679 53.335461580601 4.493368676727 -0.080557541099 -13.039699692457 0.107235651507
221 111 1.#QNAN0000000 0 1591.820781465360 -17.210498899028 -4895.175027248014 53.335461580682 4.493368676732 -0.080557541099 -13.039699692459 0.107235651507
222 112 1.#QNAN0000000 4 1591.820781469728 -17.210498899084 -4895.175027256185 53.335461580763 4.493368676733 -0.080557541099 -13.039699692460 0.107235651507
223 112 1.#QNAN0000000 7 1591.820781468349 -17.210498899359 -4895.175027290085 53.335461580843 4.493368676729 -0.080557541099 -13.039699692430 0.107235651507
224 113 1.#QNAN0000000 11 1591.820781472736 -17.210498899414 -4895.175027298204 53.335461580923 4.493368676731 -0.080557541099 -13.039699692433 0.107235651507
225 113 1.#QNAN0000000 14 1591.820781480872 -17.210498899332 -4895.175027285039 53.335461580966 4.493368676509 -0.080557541096 -13.039699692298 0.107235651505
226 114 1.#QNAN0000000 17 1591.820781458272 -17.210498900372 -4895.175027446848 53.335461581326 4.493368678150 -0.080557541119 -13.039699693307 0.107235651517
227 114 1.#QNAN0000000 20 1591.820781462316 -17.210498900440 -4895.175027456482 53.335461581406 4.493368678151 -0.080557541118 -13.039699693290 0.107235651517
228 115 1.#QNAN0000000 23 1591.820781466782 -17.210498900492 -4895.175027464148 53.335461581486 4.493368678148 -0.080557541118 -13.039699693290 0.107235651517
229 115 1.#QNAN0000000 26 1591.820781471291 -17.210498900543 -4895.175027471690 53.335461581567 4.493368678149 -0.080557541118 -13.039699693293 0.107235651517
230 116 1.#QNAN0000000 29 1591.820781471111 -17.210498900727 -4895.175027533118 53.335461581929 4.493368679806 -0.080557541142 -13.039699694428 0.107235651531
231 116 1.#QNAN0000000 33 1591.820781461065 -17.210498901333 -4895.175027605809 53.335461582008 4.493368679795 -0.080557541141 -13.039699694348 0.107235651530
232 117 1.#QNAN0000000 36 1591.820781464618 -17.210498901420 -4895.175027617564 53.335461582088 4.493368679795 -0.080557541142 -13.039699694450 0.107235651530
233 117 1.#QNAN0000000 -20 1591.820781453001 -17.210498902065 -4895.175027708676 53.335461582274 4.493368680407 -0.080557541157 -13.039699696698 0.107235651545
234 118 1.#QNAN0000000 -17 1591.820781480385 -17.210498901243 -4895.175027613805 53.335461582356 4.493368680424 -0.080557541157 -13.039699696830 0.107235651547
235 118 1.#QNAN0000000 -14 1591.820781476315 -17.210498901431 -4895.175027592868 53.335461582401 4.493368679906 -0.080557541526 -13.039699806819 0.107235652174
236 119 1.#QNAN0000000 -11 1591.820781475690 -17.210498901670 -4895.175027619246 53.335461582469 4.493368679823 -0.080557541541 -13.039699811713 0.107235652201
237 119 1.#QNAN0000000 -8 1591.820781480151 -17.210498901723 -4895.175027627000 53.335461582550 4.493368679824 -0.080557541541 -13.039699811716 0.107235652201
238 120 1.#QNAN0000000 -5 1591.820781470479 -17.210498902314 -4895.175027698030 53.335461582629 4.493368679814 -0.080557541541 -13.039699811637 0.107235652200
239 120 1.#QNAN0000000 -1 1591.820781473575 -17.210498902418 -4895.175027712186 53.335461582712 4.493368679828 -0.080557541541 -13.039699811642 0.107235652200
240 121 1.#QNAN0000000 2 1591.820781478015 -17.210498902471 -4895.175027719852 53.335461582792 4.493368679827 -0.080557541542 -13.039699811921 0.107235652202
241 121 1.#QNAN0000000 6 1591.820781482541 -17.210498902521 -4895.175027727296 53.335461582873 4.493368679827 -0.080557541542 -13.039699811922 0.107235652202
242 122 1.#QNAN0000000 8 1591.820781531168 -17.210498900962 -4895.175027483673 53.335461582498 4.493368677153 -0.080557541505 -13.039699810284 0.107235652182
243 122 1.#QNAN0000000 12 1591.820781535527 -17.210498901018 -4895.175027491820 53.335461582578 4.493368677153 -0.080557541505 -13.039699810392 0.107235652183
244 123 1.#QNAN0000000 15 1591.820781537761 -17.210498901155 -4895.175027509547 53.335461582658 4.493368677152 -0.080557541505 -13.039699810381 0.107235652183
245 123 1.#QNAN0000000 18 1591.820781536776 -17.210498901415 -4895.175027541683 53.335461582739 4.493368677149 -0.080557541505 -13.039699810353 0.107235652182
246 124 1.#QNAN0000000 20 1591.820781541238 -17.210498901468 -4895.175027549441 53.335461582819 4.493368677150 -0.080557541505 -13.039699810338 0.107235652182
247 124 1.#QNAN0000000 23 1591.820781528907 -17.210498902142 -4895.175027646229 53.335461583017 4.493368677837 -0.080557541515 -13.039699810734 0.107235652187
248 125 1.#QNAN0000000 26 1591.820781555980 -17.210498901323 -4895.175027549737 53.335461583098 4.493368677831 -0.080557541532 -13.039699815825 0.107235652217
249 125 1.#QNAN0000000 29 1591.820781560352 -17.210498901379 -4895.175027557883 53.335461583178 4.493368677832 -0.080557541532 -13.039699815827 0.107235652217
250 126 1.#QNAN0000000 32 1591.820781572322 -17.210498901144 -4895.175027532020 53.335461583259 4.493368677838 -0.080557541532 -13.039699815872 0.107235652217
251 126 1.#QNAN0000000 34 1591.820781574030 -17.210498901241 -4895.175027530514 53.335461583328 4.493368677671 -0.080557541651 -13.039699851371 0.107235652420
252 127 1.#QNAN0000000 37 1591.820781575786 -17.210498901337 -4895.175027529541 53.335461583397 4.493368677510 -0.080557541765 -13.039699885637 0.107235652615
253 127 1.#QNAN0000000 39 1591.820781580249 -17.210498901389 -4895.175027537299 53.335461583478 4.493368677511 -0.080557541765 -13.039699885622 0.107235652615
254 128 1.#QNAN0000000 -19 1591.820781585187 -17.210498901424 -4895.175027542451 53.335461583554 4.493368677489 -0.080557541765 -13.039699885611 0.107235652615
255 128 1.#QNAN0000000 -15 1591.820781589696 -17.210498901475 -4895.175027549994 53.335461583635 4.493368677489 -0.080557541765 -13.039699885614 0.107235652615
256 129 1.#QNAN0000000 -13 1591.820781594115 -17.210498901520 -4895.175027554878 53.335461583714 4.493368677467 -0.080557541782 -13.039699890642 0.107235652644
257 129 1.#QNAN0000000 -9 1591.820781596654 -17.210498901642 -4895.175027573437 53.335461583813 4.493368677577 -0.080557541783 -13.039699890711 0.107235652644
258 130 1.#QNAN0000000 -6 1591.820781529900 -17.210498904293 -4895.175027986597 53.335461584629 4.493368681894 -0.080557541844 -13.039699893401 0.107235652676
259 130 1.#QNAN0000000 -3 1591.820781507237 -17.210498905335 -4895.175028148776 53.335461584989 4.493368683539 -0.080557541867 -13.039699894412 0.107235652689
260 131 1.#QNAN0000000 1 1591.820781511668 -17.210498905388 -4895.175028156650 53.335461585070 4.493368683539 -0.080557541867 -13.039699894413 0.107235652689
261 131 1.#QNAN0000000 4 1591.820781516035 -17.210498905444 -4895.175028164832 53.335461585150 4.493368683539 -0.080557541867 -13.039699894415 0.107235652689
262 132 1.#QNAN0000000 7 1591.820781599120 -17.210498902497 -4895.175027820587 53.335461585237 4.493368683598 -0.080557541868 -13.039699894864 0.107235652694
263 132 1.#QNAN0000000 10 1591.820781603563 -17.210498902550 -4895.175027828157 53.335461585315 4.493368683586 -0.080557541868 -13.039699894857 0.107235652694
