# DEFsr.txt
#IMaCh version 0.99r45, April 2023,INED-EUROREVES-Institut de longevite-Japan Society for the Promotion of Science (Grant-in-Aid for Scientific Research 25293121), Intel Software 2015-2020, Nihon University 2021-202, INED 2000-2022
#$Revision: 1.353 $ $Date: 2023/05/08 18:48:22 $
# Tue Feb 04 22:13:35 2025

#****** ******
# (a) Life expectancies by health status at initial age and (b) health expectancies by health status at initial age
# Age e11  e12  e1.  e21  e22  e2. 
 50  19.2624  16.3047  35.5671  15.2597  19.6808  34.9406
 51  18.6007  16.0475  34.6481  14.5902  19.3948  33.9851
 52  17.9518  15.7834  33.7352  13.9362  19.0984  33.0346
 53  17.3160  15.5128  32.8289  13.2979  18.7917  32.0897
 54  16.6936  15.2358  31.9294  12.6757  18.4751  31.1507
 55  16.0846  14.9525  31.0372  12.0697  18.1486  30.2183
 56  15.4894  14.6633  30.1527  11.4803  17.8127  29.2930
 57  14.9081  14.3684  29.2765  10.9076  17.4677  28.3752
 58  14.3408  14.0681  28.4089  10.3517  17.1139  27.4656
 59  13.7877  13.7628  27.5505   9.8129  16.7519  26.5648
 60  13.2490  13.4527  26.7017   9.2912  16.3821  25.6734
 61  12.7247  13.1383  25.8630   8.7868  16.0051  24.7919
 62  12.2149  12.8200  25.0348   8.2997  15.6214  23.9211
 63  11.7196  12.4981  24.2178   7.8299  15.2316  23.0615
 64  11.2390  12.1733  23.4123   7.3774  14.8364  22.2138
 65  10.7730  11.8459  22.6189   6.9421  14.4365  21.3786
 66  10.3216  11.5165  21.8381   6.5241  14.0325  20.5566
 67   9.8848  11.1855  21.0703   6.1232  13.6252  19.7484
 68   9.4625  10.8535  20.3161   5.7392  13.2154  18.9546
 69   9.0547  10.5211  19.5758   5.3720  12.8038  18.1758
 70   8.6612  10.1888  18.8499   5.0213  12.3913  17.4126
 71   8.2818   9.8571  18.1389   4.6871  11.9785  16.6656
 72   7.9165   9.5266  17.4432   4.3689  11.5664  15.9353
 73   7.5651   9.1979  16.7630   4.0665  11.1557  15.2222
 74   7.2274   8.8716  16.0989   3.7797  10.7472  14.5269
 75   6.9030   8.5481  15.4511   3.5079  10.3418  13.8497
 76   6.5919   8.2280  14.8200   3.2510   9.9401  13.1910
 77   6.2938   7.9119  14.2057   3.0084   9.5429  12.5513
 78   6.0083   7.6002  13.6086   2.7798   9.1510  11.9307
 79   5.7352   7.2935  13.0287   2.5647   8.7650  11.3297
 80   5.4742   6.9922  12.4664   2.3628   8.3856  10.7484
 81   5.2249   6.6968  11.9216   2.1735   8.0135  10.1869
 82   4.9870   6.4076  11.3946   1.9963   7.6491   9.6455
 83   4.7601   6.1251  10.8852   1.8309   7.2931   9.1240
 84   4.5440   5.8495  10.3935   1.6766   6.9460   8.6226
 85   4.3382   5.5813   9.9195   1.5331   6.6082   8.1413
 86   4.1424   5.3207   9.4631   1.3998   6.2800   7.6797
 87   3.9562   5.0679   9.0240   1.2761   5.9618   7.2380
 88   3.7792   4.8231   8.6023   1.1617   5.6540   6.8157
 89   3.6111   4.5866   8.1976   1.0561   5.3567   6.4127
 90   3.4514   4.3583   7.8098   0.9586   5.0701   6.0287
