# DEFsr.txt
#IMaCh version 0.99r45, April 2023,INED-EUROREVES-Institut de longevite-Japan Society for the Promotion of Science (Grant-in-Aid for Scientific Research 25293121), Intel Software 2015-2020, Nihon University 2021-202, INED 2000-2022
#$Revision: 1.353 $ $Date: 2023/05/08 18:48:22 $
# Tue Feb 04 22:13:35 2025
# Forward period (stable) prevalence. Precision given by ftolpl=0.0006 
#Age 1-1 2-2 
#************
#Age   1-1     2-2   Total Years_to_converge
50  0.74300 0.25715 1.000 30
51  0.73278 0.26738 1.000 30
52  0.72230 0.27784 1.000 30
53  0.71158 0.28858 1.000 30
54  0.70062 0.29955 1.000 30
55  0.68943 0.31075 1.000 30
56  0.67801 0.32218 1.000 30
57  0.66639 0.33378 1.000 31
58  0.65457 0.34561 1.000 31
59  0.64258 0.35762 1.000 31
60  0.63041 0.36979 1.000 31
61  0.61809 0.38211 1.000 31
62  0.60564 0.39457 1.000 31
63  0.59308 0.40714 1.000 31
64  0.58042 0.41981 1.000 31
65  0.56768 0.43255 1.000 31
66  0.55489 0.44534 1.000 31
67  0.54207 0.45817 1.000 31
68  0.52924 0.47104 1.000 30
69  0.51642 0.48386 1.000 30
70  0.50363 0.49664 1.000 30
71  0.49090 0.50937 1.000 30
72  0.47825 0.52201 1.000 30
73  0.46571 0.53455 1.000 30
74  0.45329 0.54697 1.000 30
75  0.44102 0.55923 1.000 30
76  0.42891 0.57132 1.000 30
77  0.41700 0.58323 1.000 30
78  0.40530 0.59492 1.000 30
79  0.39383 0.60640 1.000 30
80  0.38261 0.61762 1.000 30
81  0.37164 0.62857 1.000 30
82  0.36095 0.63924 1.000 30
83  0.35057 0.64964 1.000 29
84  0.34048 0.65971 1.000 29
85  0.33071 0.66947 1.000 29
86  0.32128 0.67891 1.000 29
87  0.31218 0.68799 1.000 29
88  0.30343 0.69675 1.000 28
89  0.29503 0.70513 1.000 28
90  0.28701 0.71317 1.000 28
