# Powell
# iter -2*LL p12 p13 p21 p23
1 1 2577.996012121986 1 -4.539496000000 0.039409700000 -10.506488500000 0.070966300000 -0.529767600000 -0.021972000000 -9.359000200000 0.083123700000
2 2 2413.645747129216 2 -5.068142620116 0.039402224057 -11.637864915922 0.070948299946 -1.134191691225 -0.021847509740 -10.126000894526 0.083108841461
3 2 2406.387682586650 3 -5.231908804734 0.039365478065 -11.262045400638 0.070920812567 -1.224021833014 -0.021800039419 -10.147274056502 0.083113857878
4 3 2406.317071572931 5 -5.248566280852 0.039325595685 -11.258412458022 0.070884165334 -1.233192004596 -0.021756411973 -10.148491025368 0.083119514248
5 3 2406.296732119351 6 -5.235070225216 0.038998675219 -11.239029999397 0.070579105847 -1.260683054770 -0.021403052708 -10.152350541393 0.083166720292
6 4 2406.249819048129 7 -5.188927579595 0.038303227873 -11.190917922351 0.069880319786 -1.317881763886 -0.020594491104 -10.161133817477 0.083272150707
7 4 2406.230587845884 9 -5.161808355510 0.037939853776 -11.153097138659 0.069487308311 -1.349008343841 -0.020138306503 -10.166817262932 0.083341784478
8 5 2406.224182919052 10 -5.148628693891 0.037776999963 -11.133120161341 0.069302720300 -1.363576644382 -0.019920970015 -10.170203617082 0.083387788940
9 5 2406.220962630070 11 -5.140057480275 0.037679033651 -11.125669001770 0.069196476522 -1.372214841212 -0.019791245416 -10.172943287542 0.083427056949
10 6 2406.218748659767 12 -5.134055318539 0.037618097052 -11.126569052601 0.069146365152 -1.376607546133 -0.019722920201 -10.175595695404 0.083463651267
11 6 2406.217008298091 12 -5.129983278457 0.037584486989 -11.130656681523 0.069149451734 -1.376885203649 -0.019712595900 -10.178521043607 0.083501033487
12 7 2406.215323382499 12 -5.127132344618 0.037569701539 -11.134992059831 0.069205908230 -1.373032460974 -0.019759761421 -10.182196418938 0.083546681580
13 7 2406.211898973446 13 -5.132910489775 0.037680641278 -11.153330670484 0.069482582049 -1.352101561364 -0.020050330037 -10.186592905082 0.083600756654
14 8 2406.211205949578 13 -5.136839459944 0.037728001490 -11.156714414549 0.069541949274 -1.347250204463 -0.020122684243 -10.185661750383 0.083589998518
15 8 2406.210972843232 13 -5.140689906619 0.037774287543 -11.161288621132 0.069600403947 -1.342342329810 -0.020195789732 -10.184793570537 0.083578880601
16 9 2406.210964393072 13 -5.140642305027 0.037773714091 -11.161276507448 0.069600361952 -1.342233486962 -0.020197289649 -10.184908541988 0.083580296263
17 9 2406.210093779377 14 -5.129578553191 0.037605298754 -11.146531230524 0.069410695410 -1.333641430158 -0.020324172555 -10.203856899757 0.083818868431
18 10 2406.210091349171 14 -5.129559769089 0.037605456302 -11.146894582228 0.069414952853 -1.333448472436 -0.020326801251 -10.203836424773 0.083818599461
19 10 2406.209972941229 14 -5.126838055192 0.037566075749 -11.165054844942 0.069657809830 -1.331352748918 -0.020357105519 -10.192882312697 0.083679510632
20 11 2406.209972376223 15 -5.126787113564 0.037564987220 -11.164699867943 0.069656425317 -1.331443040430 -0.020355833365 -10.192803477153 0.083678610538
21 11 2406.209972085528 15 -5.126845037673 0.037565589284 -11.163591282958 0.069640908154 -1.331588699443 -0.020353754519 -10.192500663536 0.083674790085
22 12 2406.209971806732 16 -5.126817442678 0.037565281077 -11.162929021068 0.069631689537 -1.331498859823 -0.020355046177 -10.192491923666 0.083674683001
23 12 2406.209971606262 16 -5.126771536094 0.037564787888 -11.161703690764 0.069614539629 -1.331337755681 -0.020357362351 -10.192474348033 0.083674475339
24 13 2406.209971606253 19 -5.126771325239 0.037564785696 -11.161707718851 0.069614596011 -1.331337225295 -0.020357366392 -10.192475468870 0.083674489235
25 13 2406.209971606251 21 -5.126771324653 0.037564785687 -11.161707717813 0.069614595998 -1.331337224840 -0.020357366399 -10.192475470046 0.083674489250
