# DEFsr.txt
#IMaCh version 0.99r45, April 2023,INED-EUROREVES-Institut de longevite-Japan Society for the Promotion of Science (Grant-in-Aid for Scientific Research 25293121), Intel Software 2015-2020, Nihon University 2021-202, INED 2000-2022
#$Revision: 1.353 $ $Date: 2023/05/08 18:48:22 $
# Tue Feb 04 22:13:35 2025
# probabilities of dying before estepm=6 months for people of exact age and weighted probabilities w1*p1j+w2*p2j+... stand dev in()
# Selected quantitative variables and dummies
# Age cov=1 p.3 SE w1 p13 w2 p23
 50 1   9.055e-004  4.543e-004  7.430e-001  4.441e-004   2.571e-001  2.238e-003 
 51 1   1.000e-003  4.719e-004  7.328e-001  4.754e-004   2.674e-001  2.437e-003 
 52 1   1.105e-003  4.907e-004  7.223e-001  5.089e-004   2.778e-001  2.654e-003 
 53 1   1.222e-003  5.111e-004  7.116e-001  5.447e-004   2.886e-001  2.890e-003 
 54 1   1.351e-003  5.332e-004  7.006e-001  5.830e-004   2.996e-001  3.146e-003 
 55 1   1.495e-003  5.571e-004  6.894e-001  6.240e-004   3.108e-001  3.426e-003 
 56 1   1.654e-003  5.831e-004  6.780e-001  6.678e-004   3.222e-001  3.729e-003 
 57 1   1.831e-003  6.112e-004  6.664e-001  7.147e-004   3.338e-001  4.060e-003 
 58 1   2.028e-003  6.416e-004  6.546e-001  7.648e-004   3.456e-001  4.419e-003 
 59 1   2.246e-003  6.743e-004  6.426e-001  8.183e-004   3.576e-001  4.810e-003 
 60 1   2.488e-003  7.095e-004  6.304e-001  8.755e-004   3.698e-001  5.236e-003 
 61 1   2.756e-003  7.472e-004  6.181e-001  9.367e-004   3.821e-001  5.698e-003 
 62 1   3.054e-003  7.873e-004  6.056e-001  1.002e-003   3.946e-001  6.201e-003 
 63 1   3.383e-003  8.298e-004  5.931e-001  1.072e-003   4.071e-001  6.748e-003 
 64 1   3.748e-003  8.746e-004  5.804e-001  1.146e-003   4.198e-001  7.343e-003 
 65 1   4.152e-003  9.216e-004  5.677e-001  1.226e-003   4.326e-001  7.990e-003 
 66 1   4.599e-003  9.709e-004  5.549e-001  1.311e-003   4.453e-001  8.692e-003 
 67 1   5.092e-003  1.039e-003  5.421e-001  1.402e-003   4.582e-001  9.456e-003 
 68 1   5.638e-003  1.076e-003  5.292e-001  1.499e-003   4.710e-001  1.029e-002 
 69 1   6.240e-003  1.132e-003  5.164e-001  1.602e-003   4.839e-001  1.119e-002 
 70 1   6.905e-003  1.191e-003  5.036e-001  1.713e-003   4.966e-001  1.217e-002 
 71 1   7.638e-003  1.254e-003  4.909e-001  1.831e-003   5.094e-001  1.323e-002 
 72 1   8.445e-003  1.321e-003  4.783e-001  1.957e-003   5.220e-001  1.438e-002 
 73 1   9.333e-003  1.395e-003  4.657e-001  2.091e-003   5.346e-001  1.564e-002 
 74 1   1.031e-002  1.479e-003  4.533e-001  2.234e-003   5.470e-001  1.700e-002 
 75 1   1.138e-002  1.574e-003  4.410e-001  2.387e-003   5.592e-001  1.848e-002 
 76 1   1.256e-002  1.687e-003  4.289e-001  2.550e-003   5.713e-001  2.008e-002 
 77 1   1.386e-002  1.822e-003  4.170e-001  2.724e-003   5.832e-001  2.181e-002 
 78 1   1.528e-002  1.986e-003  4.053e-001  2.909e-003   5.949e-001  2.370e-002 
 79 1   1.683e-002  2.186e-003  3.938e-001  3.106e-003   6.064e-001  2.574e-002 
 80 1   1.853e-002  2.430e-003  3.826e-001  3.316e-003   6.176e-001  2.795e-002 
 81 1   2.039e-002  2.725e-003  3.716e-001  3.540e-003   6.286e-001  3.034e-002 
 82 1   2.242e-002  3.082e-003  3.610e-001  3.778e-003   6.392e-001  3.294e-002 
 83 1   2.463e-002  3.507e-003  3.506e-001  4.032e-003   6.496e-001  3.574e-002 
 84 1   2.704e-002  4.010e-003  3.405e-001  4.302e-003   6.597e-001  3.877e-002 
 85 1   2.967e-002  4.599e-003  3.307e-001  4.589e-003   6.695e-001  4.205e-002 
 86 1   3.253e-002  5.283e-003  3.213e-001  4.895e-003   6.789e-001  4.559e-002 
 87 1   3.563e-002  6.070e-003  3.122e-001  5.220e-003   6.880e-001  4.942e-002 
 88 1   3.900e-002  6.970e-003  3.034e-001  5.565e-003   6.967e-001  5.354e-002 
 89 1   4.264e-002  7.992e-003  2.950e-001  5.933e-003   7.051e-001  5.799e-002 
 90 1   4.659e-002  9.145e-003  2.870e-001  6.323e-003   7.132e-001  6.279e-002 
