
#****** ******
# DEFsr.txt
#IMaCh version 0.99r45, April 2023,INED-EUROREVES-Institut de longevite-Japan Society for the Promotion of Science (Grant-in-Aid for Scientific Research 25293121), Intel Software 2015-2020, Nihon University 2021-202, INED 2000-2022
#$Revision: 1.353 $ $Date: 2023/05/08 18:48:22 $
# Tue Feb 04 22:13:35 2025
# Health expectancies with standard errors
# Age e11 (SE) e12 (SE) e1.  e21 (SE) e22 (SE) e2. 
 50   19.2624 (0.8435)   16.3047 (1.0104)   35.5671 (1.2187)   15.2597 (0.9761)   19.6808 (1.0953)   34.9406 (1.2907)
 51   18.6007 (0.8254)   16.0475 (0.9980)   34.6481 (1.2098)   14.5902 (0.9445)   19.3948 (1.0740)   33.9851 (1.2835)
 52   17.9518 (0.8087)   15.7834 (0.9868)   33.7352 (1.2013)   13.9362 (0.9148)   19.0984 (1.0547)   33.0346 (1.2760)
 53   17.3160 (0.7933)   15.5128 (0.9767)   32.8289 (1.1935)   13.2979 (0.8872)   18.7917 (1.0374)   32.0897 (1.2683)
 54   16.6936 (0.7792)   15.2358 (0.9678)   31.9294 (1.1862)   12.6757 (0.8615)   18.4751 (1.0219)   31.1507 (1.2604)
 55   16.0846 (0.7663)   14.9525 (0.9599)   31.0372 (1.1795)   12.0697 (0.8377)   18.1486 (1.0079)   30.2183 (1.2522)
 56   15.4894 (0.7545)   14.6633 (0.9531)   30.1527 (1.1736)   11.4803 (0.8156)   17.8127 (0.9955)   29.2930 (1.2438)
 57   14.9081 (0.7439)   14.3684 (0.9473)   29.2765 (1.1683)   10.9076 (0.7952)   17.4677 (0.9844)   28.3752 (1.2352)
 58   14.3408 (0.7342)   14.0681 (0.9425)   28.4089 (1.1638)   10.3517 (0.7761)   17.1139 (0.9744)   27.4656 (1.2266)
 59   13.7877 (0.7255)   13.7628 (0.9386)   27.5505 (1.1600)    9.8129 (0.7583)   16.7519 (0.9656)   26.5648 (1.2179)
 60   13.2490 (0.7176)   13.4527 (0.9356)   26.7017 (1.1571)    9.2912 (0.7416)   16.3821 (0.9577)   25.6734 (1.2093)
 61   12.7247 (0.7104)   13.1383 (0.9334)   25.8630 (1.1549)    8.7868 (0.7257)   16.0051 (0.9507)   24.7919 (1.2009)
 62   12.2149 (0.7038)   12.8200 (0.9320)   25.0348 (1.1536)    8.2997 (0.7106)   15.6214 (0.9446)   23.9211 (1.1928)
 63   11.7196 (0.6977)   12.4981 (0.9314)   24.2178 (1.1531)    7.8299 (0.6959)   15.2316 (0.9392)   23.0615 (1.1851)
 64   11.2390 (0.6920)   12.1733 (0.9315)   23.4123 (1.1534)    7.3774 (0.6817)   14.8364 (0.9345)   22.2138 (1.1780)
 65   10.7730 (0.6867)   11.8459 (0.9322)   22.6189 (1.1545)    6.9421 (0.6676)   14.4365 (0.9307)   21.3786 (1.1715)
 66   10.3216 (0.6816)   11.5165 (0.9335)   21.8381 (1.1563)    6.5241 (0.6537)   14.0325 (0.9276)   20.5566 (1.1658)
 67    9.8848 (0.6766)   11.1855 (0.9354)   21.0703 (1.1588)    6.1232 (0.6398)   13.6252 (0.9253)   19.7484 (1.1609)
 68    9.4625 (0.6718)   10.8535 (0.9377)   20.3161 (1.1618)    5.7392 (0.6257)   13.2154 (0.9238)   18.9546 (1.1571)
 69    9.0547 (0.6670)   10.5211 (0.9405)   19.5758 (1.1654)    5.3720 (0.6115)   12.8038 (0.9231)   18.1758 (1.1542)
 70    8.6612 (0.6621)   10.1888 (0.9435)   18.8499 (1.1693)    5.0213 (0.5970)   12.3913 (0.9234)   17.4126 (1.1523)
 71    8.2818 (0.6572)    9.8571 (0.9469)   18.1389 (1.1736)    4.6871 (0.5822)   11.9785 (0.9244)   16.6656 (1.1515)
 72    7.9165 (0.6522)    9.5266 (0.9504)   17.4432 (1.1780)    4.3689 (0.5672)   11.5664 (0.9264)   15.9353 (1.1516)
 73    7.5651 (0.6470)    9.1979 (0.9540)   16.7630 (1.1825)    4.0665 (0.5518)   11.1557 (0.9291)   15.2222 (1.1526)
 74    7.2274 (0.6417)    8.8716 (0.9576)   16.0989 (1.1868)    3.7797 (0.5362)   10.7472 (0.9326)   14.5269 (1.1545)
 75    6.9030 (0.6363)    8.5481 (0.9611)   15.4511 (1.1909)    3.5079 (0.5202)   10.3418 (0.9368)   13.8497 (1.1569)
 76    6.5919 (0.6306)    8.2280 (0.9643)   14.8200 (1.1946)    3.2510 (0.5040)    9.9401 (0.9415)   13.1910 (1.1599)
 77    6.2938 (0.6248)    7.9119 (0.9671)   14.2057 (1.1977)    3.0084 (0.4876)    9.5429 (0.9466)   12.5513 (1.1631)
 78    6.0083 (0.6188)    7.6002 (0.9695)   13.6086 (1.2001)    2.7798 (0.4710)    9.1510 (0.9520)   11.9307 (1.1665)
 79    5.7352 (0.6126)    7.2935 (0.9713)   13.0287 (1.2017)    2.5647 (0.4542)    8.7650 (0.9575)   11.3297 (1.1696)
 80    5.4742 (0.6062)    6.9922 (0.9724)   12.4664 (1.2024)    2.3628 (0.4373)    8.3856 (0.9629)   10.7484 (1.1724)
 81    5.2249 (0.5997)    6.6968 (0.9726)   11.9216 (1.2020)    2.1735 (0.4204)    8.0135 (0.9680)   10.1869 (1.1746)
 82    4.9870 (0.5931)    6.4076 (0.9720)   11.3946 (1.2004)    1.9963 (0.4034)    7.6491 (0.9726)    9.6455 (1.1760)
 83    4.7601 (0.5863)    6.1251 (0.9704)   10.8852 (1.1976)    1.8309 (0.3865)    7.2931 (0.9765)    9.1240 (1.1763)
 84    4.5440 (0.5795)    5.8495 (0.9677)   10.3935 (1.1934)    1.6766 (0.3696)    6.9460 (0.9796)    8.6226 (1.1754)
 85    4.3382 (0.5725)    5.5813 (0.9638)    9.9195 (1.1878)    1.5331 (0.3529)    6.6082 (0.9816)    8.1413 (1.1731)
 86    4.1424 (0.5655)    5.3207 (0.9587)    9.4631 (1.1808)    1.3998 (0.3364)    6.2800 (0.9825)    7.6797 (1.1693)
 87    3.9562 (0.5585)    5.0679 (0.9523)    9.0240 (1.1723)    1.2761 (0.3200)    5.9618 (0.9820)    7.2380 (1.1637)
 88    3.7792 (0.5514)    4.8231 (0.9447)    8.6023 (1.1623)    1.1617 (0.3040)    5.6540 (0.9801)    6.8157 (1.1565)
 89    3.6111 (0.5443)    4.5866 (0.9357)    8.1976 (1.1509)    1.0561 (0.2882)    5.3567 (0.9766)    6.4127 (1.1474)
 90    3.4514 (0.5372)    4.3583 (0.9254)    7.8098 (1.1380)    0.9586 (0.2728)    5.0701 (0.9715)    6.0287 (1.1364)
