
#****** ******
# DEFsr.txt
#IMaCh version 0.99r45, April 2023,INED-EUROREVES-Institut de longevite-Japan Society for the Promotion of Science (Grant-in-Aid for Scientific Research 25293121), Intel Software 2015-2020, Nihon University 2021-202, INED 2000-2022
#$Revision: 1.353 $ $Date: 2023/05/08 18:48:22 $
# Tue Feb 04 22:13:35 2025
# Standard deviation of period (forward stable) prevalences 
# Age  Result#  1-1 2-2
50 1  0.74300 (0.04098) 0.25715 (0.04112)
51 1  0.73278 (0.04053) 0.26738 (0.04068)
52 1  0.72230 (0.04001) 0.27785 (0.04014)
53 1  0.71158 (0.03939) 0.28858 (0.03952)
54 1  0.70062 (0.03870) 0.29955 (0.03883)
55 1  0.68942 (0.03793) 0.31076 (0.03806)
56 1  0.67801 (0.03708) 0.32218 (0.03721)
57 1  0.66639 (0.03617) 0.33378 (0.03628)
58 1  0.65457 (0.03519) 0.34561 (0.03531)
59 1  0.64257 (0.03416) 0.35762 (0.03427)
60 1  0.63041 (0.03309) 0.36979 (0.03320)
61 1  0.61809 (0.03198) 0.38212 (0.03209)
62 1  0.60564 (0.03086) 0.39458 (0.03096)
63 1  0.59307 (0.02974) 0.40715 (0.02983)
64 1  0.58041 (0.02863) 0.41981 (0.02872)
65 1  0.56768 (0.02757) 0.43256 (0.02765)
66 1  0.55488 (0.02656) 0.44535 (0.02664)
67 1  0.54206 (0.02603) 0.45818 (0.03222)
68 1  0.52923 (0.02485) 0.47104 (0.02492)
69 1  0.51641 (0.02420) 0.48387 (0.02426)
70 1  0.50362 (0.02371) 0.49665 (0.02376)
71 1  0.49089 (0.02340) 0.50938 (0.02344)
72 1  0.47824 (0.02330) 0.52203 (0.02333)
73 1  0.46569 (0.02340) 0.53457 (0.02343)
74 1  0.45327 (0.02370) 0.54698 (0.02373)
75 1  0.44100 (0.02420) 0.55925 (0.02422)
76 1  0.42890 (0.02488) 0.57134 (0.02489)
77 1  0.41698 (0.02572) 0.58324 (0.02573)
78 1  0.40528 (0.02669) 0.59494 (0.02670)
79 1  0.39381 (0.02778) 0.60642 (0.02778)
80 1  0.38258 (0.02895) 0.61764 (0.02896)
81 1  0.37162 (0.03021) 0.62859 (0.03021)
82 1  0.36093 (0.03152) 0.63927 (0.03151)
83 1  0.35054 (0.03287) 0.64967 (0.03287)
84 1  0.34045 (0.03426) 0.65974 (0.03425)
85 1  0.33068 (0.03568) 0.66950 (0.03567)
86 1  0.32124 (0.03712) 0.67894 (0.03711)
87 1  0.31214 (0.03859) 0.68803 (0.03858)
88 1  0.30339 (0.04008) 0.69679 (0.04007)
89 1  0.29499 (0.04161) 0.70518 (0.04159)
90 1  0.28696 (0.04317) 0.71321 (0.04314)
