# ESFchr.txt
#IMaCh version 0.99r45, April 2023,INED-EUROREVES-Institut de longevite-Japan Society for the Promotion of Science (Grant-in-Aid for Scientific Research 25293121), Intel Software 2015-2020, Nihon University 2021-202, INED 2000-2022
#$Revision: 1.353 $ $Date: 2023/05/08 18:48:22 $
# Tue Feb 04 22:21:37 2025
# Forward period (stable) prevalence. Precision given by ftolpl=0.0006 
#Age 1-1 2-2 
#************
#Age   1-1     2-2   Total Years_to_converge
50  0.47796 0.52224 1.000 16
51  0.45726 0.54298 1.000 16
52  0.43644 0.56364 1.000 18
53  0.41570 0.58440 1.000 18
54  0.39506 0.60506 1.000 18
55  0.37461 0.62553 1.000 18
56  0.35443 0.64573 1.000 18
57  0.33461 0.66558 1.000 18
58  0.31515 0.68492 1.000 20
59  0.29623 0.70385 1.000 20
60  0.27787 0.72222 1.000 20
61  0.26011 0.73998 1.000 20
62  0.24302 0.75708 1.000 20
63  0.22663 0.77348 1.000 20
64  0.21097 0.78915 1.000 20
65  0.19603 0.80401 1.000 22
66  0.18190 0.81815 1.000 22
67  0.16854 0.83150 1.000 22
68  0.15596 0.84408 1.000 22
69  0.14415 0.85589 1.000 22
70  0.13309 0.86695 1.000 22
71  0.12277 0.87727 1.000 22
72  0.11316 0.88688 1.000 22
73  0.10424 0.89580 1.000 22
74  0.09597 0.90407 1.000 22
75  0.08832 0.91171 1.000 22
76  0.08126 0.91877 1.000 22
77  0.07475 0.92528 1.000 22
78  0.06876 0.93127 1.000 22
79  0.06325 0.93677 1.000 22
80  0.05819 0.94182 1.000 22
81  0.05356 0.94646 1.000 22
82  0.04932 0.95071 1.000 20
83  0.04543 0.95459 1.000 20
84  0.04187 0.95815 1.000 20
85  0.03861 0.96141 1.000 20
86  0.03563 0.96438 1.000 20
87  0.03291 0.96710 1.000 20
88  0.03043 0.96958 1.000 20
89  0.02816 0.97185 1.000 20
90  0.02609 0.97392 1.000 20
