# ESFchr.txt
#IMaCh version 0.99r45, April 2023,INED-EUROREVES-Institut de longevite-Japan Society for the Promotion of Science (Grant-in-Aid for Scientific Research 25293121), Intel Software 2015-2020, Nihon University 2021-202, INED 2000-2022
#$Revision: 1.353 $ $Date: 2023/05/08 18:48:22 $
# Tue Feb 04 22:21:37 2025
# probabilities of dying before estepm=24 months for people of exact age and weighted probabilities w1*p1j+w2*p2j+... stand dev in()
# Selected quantitative variables and dummies
# Age cov=1 p.3 SE w1 p13 w2 p23
 50 1   3.660e-003  1.967e-003  4.780e-001  5.939e-003   5.222e-001  1.572e-003 
 51 1   3.915e-003  1.938e-003  4.573e-001  6.385e-003   5.430e-001  1.833e-003 
 52 1   4.197e-003  1.906e-003  4.364e-001  6.861e-003   5.636e-001  2.134e-003 
 53 1   4.514e-003  1.877e-003  4.157e-001  7.369e-003   5.844e-001  2.483e-003 
 54 1   4.871e-003  1.851e-003  3.951e-001  7.910e-003   6.051e-001  2.885e-003 
 55 1   5.275e-003  1.833e-003  3.746e-001  8.486e-003   6.255e-001  3.350e-003 
 56 1   5.735e-003  1.828e-003  3.544e-001  9.099e-003   6.457e-001  3.887e-003 
 57 1   6.261e-003  1.840e-003  3.346e-001  9.751e-003   6.656e-001  4.505e-003 
 58 1   6.864e-003  1.873e-003  3.152e-001  1.044e-002   6.849e-001  5.216e-003 
 59 1   7.559e-003  1.931e-003  2.962e-001  1.118e-002   7.038e-001  6.036e-003 
 60 1   8.362e-003  2.018e-003  2.779e-001  1.196e-002   7.222e-001  6.978e-003 
 61 1   9.290e-003  2.135e-003  2.601e-001  1.279e-002   7.400e-001  8.061e-003 
 62 1   1.036e-002  2.284e-003  2.430e-001  1.366e-002   7.571e-001  9.304e-003 
 63 1   1.161e-002  2.462e-003  2.266e-001  1.459e-002   7.735e-001  1.073e-002 
 64 1   1.305e-002  2.669e-003  2.110e-001  1.557e-002   7.891e-001  1.237e-002 
 65 1   1.471e-002  2.903e-003  1.960e-001  1.661e-002   8.040e-001  1.424e-002 
 66 1   1.663e-002  3.162e-003  1.819e-001  1.770e-002   8.181e-001  1.639e-002 
 67 1   1.885e-002  3.443e-003  1.685e-001  1.886e-002   8.315e-001  1.885e-002 
 68 1   2.141e-002  3.743e-003  1.560e-001  2.008e-002   8.441e-001  2.166e-002 
 69 1   2.436e-002  4.060e-003  1.442e-001  2.137e-002   8.559e-001  2.486e-002 
 70 1   2.775e-002  4.391e-003  1.331e-001  2.272e-002   8.669e-001  2.852e-002 
 71 1   3.164e-002  4.734e-003  1.228e-001  2.415e-002   8.773e-001  3.269e-002 
 72 1   3.609e-002  5.087e-003  1.132e-001  2.565e-002   8.869e-001  3.742e-002 
 73 1   4.118e-002  5.449e-003  1.042e-001  2.722e-002   8.958e-001  4.281e-002 
 74 1   4.699e-002  5.823e-003  9.597e-002  2.888e-002   9.041e-001  4.891e-002 
 75 1   5.360e-002  6.214e-003  8.832e-002  3.062e-002   9.117e-001  5.582e-002 
 76 1   6.109e-002  6.632e-003  8.126e-002  3.245e-002   9.188e-001  6.362e-002 
 77 1   6.958e-002  7.094e-003  7.475e-002  3.436e-002   9.253e-001  7.242e-002 
 78 1   7.915e-002  7.628e-003  6.876e-002  3.636e-002   9.313e-001  8.231e-002 
 79 1   8.993e-002  8.268e-003  6.325e-002  3.846e-002   9.368e-001  9.340e-002 
 80 1   1.020e-001  9.060e-003  5.819e-002  4.066e-002   9.418e-001  1.058e-001 
 81 1   1.155e-001  1.006e-002  5.356e-002  4.296e-002   9.465e-001  1.196e-001 
 82 1   1.305e-001  1.131e-002  4.932e-002  4.536e-002   9.507e-001  1.349e-001 
 83 1   1.471e-001  1.286e-002  4.543e-002  4.787e-002   9.546e-001  1.518e-001 
 84 1   1.654e-001  1.476e-002  4.187e-002  5.049e-002   9.582e-001  1.704e-001 
 85 1   1.854e-001  1.702e-002  3.861e-002  5.322e-002   9.614e-001  1.907e-001 
 86 1   2.073e-001  1.964e-002  3.563e-002  5.607e-002   9.644e-001  2.128e-001 
 87 1   2.309e-001  2.263e-002  3.291e-002  5.904e-002   9.671e-001  2.368e-001 
 88 1   2.564e-001  2.594e-002  3.043e-002  6.213e-002   9.696e-001  2.624e-001 
 89 1   2.835e-001  2.952e-002  2.816e-002  6.535e-002   9.718e-001  2.898e-001 
 90 1   3.123e-001  3.332e-002  2.609e-002  6.870e-002   9.739e-001  3.188e-001 
