# ESFchr.txt
#IMaCh version 0.99r45, April 2023,INED-EUROREVES-Institut de longevite-Japan Society for the Promotion of Science (Grant-in-Aid for Scientific Research 25293121), Intel Software 2015-2020, Nihon University 2021-202, INED 2000-2022
#$Revision: 1.353 $ $Date: 2023/05/08 18:48:22 $
# Tue Feb 04 22:21:37 2025
#One-step probabilities and stand. devi in ()
# Age p1-1 (SE) p1-2 (SE) p1-3 (SE) p2-1 (SE) p2-2 (SE) p2-3 (SE)
50  6.465e-001 ( 3.595e-002)  3.475e-001 ( 3.569e-002)  5.939e-003 ( 4.063e-003)  2.410e-001 ( 2.770e-002)  7.574e-001 ( 2.766e-002)  1.572e-003 ( 6.601e-004) 
51  6.357e-001 ( 3.388e-002)  3.579e-001 ( 3.365e-002)  6.385e-003 ( 4.156e-003)  2.274e-001 ( 2.522e-002)  7.708e-001 ( 2.518e-002)  1.833e-003 ( 7.453e-004) 
52  6.247e-001 ( 3.186e-002)  3.685e-001 ( 3.165e-002)  6.861e-003 ( 4.245e-003)  2.142e-001 ( 2.289e-002)  7.836e-001 ( 2.285e-002)  2.134e-003 ( 8.400e-004) 
53  6.135e-001 ( 2.992e-002)  3.791e-001 ( 2.974e-002)  7.369e-003 ( 4.332e-003)  2.017e-001 ( 2.072e-002)  7.958e-001 ( 2.068e-002)  2.483e-003 ( 9.447e-004) 
54  6.023e-001 ( 2.814e-002)  3.898e-001 ( 2.798e-002)  7.910e-003 ( 4.418e-003)  1.897e-001 ( 1.871e-002)  8.074e-001 ( 1.868e-002)  2.885e-003 ( 1.060e-003) 
55  5.909e-001 ( 2.656e-002)  4.007e-001 ( 2.642e-002)  8.486e-003 ( 4.505e-003)  1.782e-001 ( 1.686e-002)  8.184e-001 ( 1.684e-002)  3.350e-003 ( 1.188e-003) 
56  5.794e-001 ( 2.526e-002)  4.115e-001 ( 2.514e-002)  9.099e-003 ( 4.596e-003)  1.673e-001 ( 1.519e-002)  8.288e-001 ( 1.518e-002)  3.887e-003 ( 1.328e-003) 
57  5.678e-001 ( 2.432e-002)  4.225e-001 ( 2.422e-002)  9.751e-003 ( 4.697e-003)  1.569e-001 ( 1.369e-002)  8.386e-001 ( 1.370e-002)  4.505e-003 ( 1.481e-003) 
58  5.561e-001 ( 2.381e-002)  4.335e-001 ( 2.372e-002)  1.044e-002 ( 4.813e-003)  1.470e-001 ( 1.236e-002)  8.478e-001 ( 1.240e-002)  5.216e-003 ( 1.648e-003) 
59  5.443e-001 ( 2.377e-002)  4.445e-001 ( 2.368e-002)  1.118e-002 ( 4.953e-003)  1.377e-001 ( 1.121e-002)  8.563e-001 ( 1.128e-002)  6.036e-003 ( 1.829e-003) 
60  5.325e-001 ( 2.422e-002)  4.555e-001 ( 2.412e-002)  1.196e-002 ( 5.124e-003)  1.288e-001 ( 1.022e-002)  8.642e-001 ( 1.034e-002)  6.978e-003 ( 2.026e-003) 
61  5.207e-001 ( 2.514e-002)  4.666e-001 ( 2.502e-002)  1.279e-002 ( 5.339e-003)  1.204e-001 ( 9.398e-003)  8.716e-001 ( 9.571e-003)  8.061e-003 ( 2.239e-003) 
62  5.088e-001 ( 2.649e-002)  4.776e-001 ( 2.634e-002)  1.366e-002 ( 5.608e-003)  1.124e-001 ( 8.725e-003)  8.783e-001 ( 8.968e-003)  9.304e-003 ( 2.467e-003) 
63  4.968e-001 ( 2.819e-002)  4.886e-001 ( 2.801e-002)  1.459e-002 ( 5.945e-003)  1.049e-001 ( 8.188e-003)  8.843e-001 ( 8.515e-003)  1.073e-002 ( 2.711e-003) 
64  4.849e-001 ( 3.019e-002)  4.995e-001 ( 2.997e-002)  1.557e-002 ( 6.363e-003)  9.787e-002 ( 7.769e-003)  8.898e-001 ( 8.195e-003)  1.237e-002 ( 2.971e-003) 
65  4.730e-001 ( 3.240e-002)  5.104e-001 ( 3.215e-002)  1.661e-002 ( 6.873e-003)  9.121e-002 ( 7.449e-003)  8.945e-001 ( 7.989e-003)  1.424e-002 ( 3.246e-003) 
66  4.611e-001 ( 3.477e-002)  5.212e-001 ( 3.449e-002)  1.770e-002 ( 7.487e-003)  8.494e-002 ( 7.207e-003)  8.987e-001 ( 7.875e-003)  1.639e-002 ( 3.536e-003) 
67  4.492e-001 ( 3.725e-002)  5.319e-001 ( 3.695e-002)  1.886e-002 ( 8.214e-003)  7.903e-002 ( 7.022e-003)  9.021e-001 ( 7.836e-003)  1.885e-002 ( 3.839e-003) 
68  4.374e-001 ( 3.979e-002)  5.426e-001 ( 3.949e-002)  2.008e-002 ( 9.066e-003)  7.348e-002 ( 6.878e-003)  9.049e-001 ( 7.852e-003)  2.166e-002 ( 4.154e-003) 
69  4.256e-001 ( 4.237e-002)  5.531e-001 ( 4.206e-002)  2.137e-002 ( 1.005e-002)  6.826e-002 ( 6.760e-003)  9.069e-001 ( 7.910e-003)  2.486e-002 ( 4.479e-003) 
70  4.139e-001 ( 4.494e-002)  5.634e-001 ( 4.466e-002)  2.272e-002 ( 1.117e-002)  6.336e-002 ( 6.654e-003)  9.081e-001 ( 7.999e-003)  2.852e-002 ( 4.813e-003) 
71  4.022e-001 ( 4.749e-002)  5.736e-001 ( 4.725e-002)  2.415e-002 ( 1.244e-002)  5.876e-002 ( 6.553e-003)  9.086e-001 ( 8.109e-003)  3.269e-002 ( 5.154e-003) 
72  3.907e-001 ( 4.999e-002)  5.837e-001 ( 4.982e-002)  2.565e-002 ( 1.386e-002)  5.444e-002 ( 6.448e-003)  9.081e-001 ( 8.236e-003)  3.742e-002 ( 5.501e-003) 
73  3.793e-001 ( 5.243e-002)  5.935e-001 ( 5.236e-002)  2.722e-002 ( 1.545e-002)  5.039e-002 ( 6.336e-003)  9.068e-001 ( 8.376e-003)  4.281e-002 ( 5.856e-003) 
74  3.679e-001 ( 5.478e-002)  6.032e-001 ( 5.486e-002)  2.888e-002 ( 1.721e-002)  4.659e-002 ( 6.212e-003)  9.045e-001 ( 8.529e-003)  4.891e-002 ( 6.219e-003) 
75  3.567e-001 ( 5.704e-002)  6.126e-001 ( 5.731e-002)  3.062e-002 ( 1.914e-002)  4.302e-002 ( 6.076e-003)  9.012e-001 ( 8.701e-003)  5.582e-002 ( 6.599e-003) 
76  3.457e-001 ( 5.920e-002)  6.219e-001 ( 5.972e-002)  3.245e-002 ( 2.127e-002)  3.968e-002 ( 5.926e-003)  8.967e-001 ( 8.901e-003)  6.362e-002 ( 7.006e-003) 
77  3.348e-001 ( 6.124e-002)  6.309e-001 ( 6.209e-002)  3.436e-002 ( 2.359e-002)  3.655e-002 ( 5.762e-003)  8.910e-001 ( 9.146e-003)  7.242e-002 ( 7.460e-003) 
78  3.240e-001 ( 6.315e-002)  6.396e-001 ( 6.442e-002)  3.636e-002 ( 2.612e-002)  3.362e-002 ( 5.584e-003)  8.841e-001 ( 9.463e-003)  8.231e-002 ( 7.989e-003) 
79  3.134e-001 ( 6.494e-002)  6.481e-001 ( 6.671e-002)  3.846e-002 ( 2.886e-002)  3.087e-002 ( 5.394e-003)  8.757e-001 ( 9.890e-003)  9.340e-002 ( 8.631e-003) 
80  3.030e-001 ( 6.659e-002)  6.564e-001 ( 6.900e-002)  4.066e-002 ( 3.183e-002)  2.829e-002 ( 5.192e-003)  8.659e-001 ( 1.048e-002)  1.058e-001 ( 9.435e-003) 
81  2.927e-001 ( 6.811e-002)  6.643e-001 ( 7.128e-002)  4.296e-002 ( 3.504e-002)  2.588e-002 ( 4.980e-003)  8.545e-001 ( 1.128e-002)  1.196e-001 ( 1.045e-002) 
82  2.826e-001 ( 6.948e-002)  6.720e-001 ( 7.357e-002)  4.536e-002 ( 3.850e-002)  2.362e-002 ( 4.758e-003)  8.415e-001 ( 1.235e-002)  1.349e-001 ( 1.173e-002) 
83  2.728e-001 ( 7.071e-002)  6.794e-001 ( 7.591e-002)  4.787e-002 ( 4.221e-002)  2.151e-002 ( 4.530e-003)  8.267e-001 ( 1.376e-002)  1.518e-001 ( 1.333e-002) 
84  2.631e-001 ( 7.180e-002)  6.864e-001 ( 7.831e-002)  5.049e-002 ( 4.620e-002)  1.954e-002 ( 4.295e-003)  8.101e-001 ( 1.553e-002)  1.704e-001 ( 1.528e-002) 
85  2.536e-001 ( 7.275e-002)  6.932e-001 ( 8.080e-002)  5.322e-002 ( 5.047e-002)  1.770e-002 ( 4.056e-003)  7.916e-001 ( 1.769e-002)  1.907e-001 ( 1.759e-002) 
86  2.443e-001 ( 7.355e-002)  6.996e-001 ( 8.341e-002)  5.607e-002 ( 5.504e-002)  1.598e-002 ( 3.815e-003)  7.712e-001 ( 2.025e-002)  2.128e-001 ( 2.028e-002) 
87  2.353e-001 ( 7.421e-002)  7.057e-001 ( 8.618e-002)  5.904e-002 ( 5.991e-002)  1.438e-002 ( 3.574e-003)  7.489e-001 ( 2.319e-002)  2.368e-001 ( 2.333e-002) 
88  2.264e-001 ( 7.474e-002)  7.114e-001 ( 8.914e-002)  6.213e-002 ( 6.510e-002)  1.290e-002 ( 3.333e-003)  7.247e-001 ( 2.647e-002)  2.624e-001 ( 2.670e-002) 
89  2.178e-001 ( 7.513e-002)  7.169e-001 ( 9.233e-002)  6.535e-002 ( 7.062e-002)  1.153e-002 ( 3.095e-003)  6.986e-001 ( 3.005e-002)  2.898e-001 ( 3.035e-002) 
90  2.094e-001 ( 7.539e-002)  7.219e-001 ( 9.579e-002)  6.870e-002 ( 7.648e-002)  1.026e-002 ( 2.862e-003)  6.709e-001 ( 3.384e-002)  3.188e-001 ( 3.421e-002) 