
#****** ******
# ESFchr.txt
#IMaCh version 0.99r45, April 2023,INED-EUROREVES-Institut de longevite-Japan Society for the Promotion of Science (Grant-in-Aid for Scientific Research 25293121), Intel Software 2015-2020, Nihon University 2021-202, INED 2000-2022
#$Revision: 1.353 $ $Date: 2023/05/08 18:48:22 $
# Tue Feb 04 22:21:37 2025
# Health expectancies with standard errors
# Age e11 (SE) e12 (SE) e1.  e21 (SE) e22 (SE) e2. 
 50    7.8386 (0.4091)   25.7023 (0.8499)   33.5409 (0.8250)    5.4947 (0.3992)   28.2891 (0.8152)   33.7838 (0.7699)
 51    7.4375 (0.3875)   25.1562 (0.8291)   32.5937 (0.8104)    5.0814 (0.3752)   27.7570 (0.7967)   32.8384 (0.7618)
 52    7.0557 (0.3692)   24.5941 (0.8104)   31.6497 (0.7963)    4.6911 (0.3538)   27.2034 (0.7802)   31.8945 (0.7542)
 53    6.6926 (0.3540)   24.0166 (0.7934)   30.7092 (0.7829)    4.3233 (0.3345)   26.6289 (0.7654)   30.9522 (0.7469)
 54    6.3480 (0.3416)   23.4247 (0.7780)   29.7727 (0.7699)    3.9775 (0.3172)   26.0344 (0.7520)   30.0119 (0.7396)
 55    6.0213 (0.3316)   22.8195 (0.7638)   28.8407 (0.7575)    3.6530 (0.3015)   25.4209 (0.7396)   29.0739 (0.7322)
 56    5.7120 (0.3237)   22.2018 (0.7509)   27.9138 (0.7454)    3.3493 (0.2871)   24.7893 (0.7278)   28.1387 (0.7246)
 57    5.4195 (0.3176)   21.5730 (0.7388)   26.9925 (0.7337)    3.0656 (0.2738)   24.1410 (0.7164)   27.2066 (0.7166)
 58    5.1433 (0.3129)   20.9343 (0.7275)   26.0776 (0.7225)    2.8011 (0.2612)   23.4771 (0.7053)   26.2782 (0.7082)
 59    4.8827 (0.3094)   20.2870 (0.7169)   25.1697 (0.7116)    2.5550 (0.2492)   22.7992 (0.6941)   25.3543 (0.6992)
 60    4.6373 (0.3068)   19.6325 (0.7068)   24.2697 (0.7011)    2.3265 (0.2376)   22.1088 (0.6827)   24.4353 (0.6897)
 61    4.4062 (0.3047)   18.9722 (0.6972)   23.3784 (0.6910)    2.1147 (0.2264)   21.4073 (0.6712)   23.5220 (0.6796)
 62    4.1890 (0.3032)   18.3076 (0.6880)   22.4967 (0.6814)    1.9187 (0.2153)   20.6966 (0.6593)   22.6153 (0.6689)
 63    3.9850 (0.3019)   17.6404 (0.6793)   21.6254 (0.6723)    1.7378 (0.2043)   19.9782 (0.6472)   21.7160 (0.6577)
 64    3.7935 (0.3008)   16.9721 (0.6709)   20.7656 (0.6639)    1.5710 (0.1935)   19.2541 (0.6347)   20.8251 (0.6460)
 65    3.6140 (0.2998)   16.3043 (0.6630)   19.9183 (0.6561)    1.4176 (0.1828)   18.5259 (0.6221)   19.9434 (0.6340)
 66    3.4458 (0.2988)   15.6387 (0.6556)   19.0845 (0.6490)    1.2766 (0.1722)   17.7955 (0.6094)   19.0721 (0.6217)
 67    3.2884 (0.2978)   14.9769 (0.6486)   18.2652 (0.6427)    1.1474 (0.1618)   17.0649 (0.5966)   18.2123 (0.6092)
 68    3.1411 (0.2967)   14.3206 (0.6423)   17.4617 (0.6374)    1.0292 (0.1515)   16.3358 (0.5839)   17.3650 (0.5967)
 69    3.0035 (0.2955)   13.6714 (0.6365)   16.6749 (0.6329)    0.9212 (0.1414)   15.6102 (0.5715)   16.5314 (0.5844)
 70    2.8749 (0.2942)   13.0311 (0.6313)   15.9061 (0.6294)    0.8227 (0.1316)   14.8900 (0.5596)   15.7127 (0.5724)
 71    2.7549 (0.2928)   12.4012 (0.6267)   15.1562 (0.6268)    0.7331 (0.1220)   14.1771 (0.5482)   14.9102 (0.5608)
 72    2.6430 (0.2911)   11.7833 (0.6228)   14.4263 (0.6251)    0.6518 (0.1128)   13.4732 (0.5374)   14.1250 (0.5500)
 73    2.5386 (0.2894)   11.1789 (0.6194)   13.7175 (0.6242)    0.5781 (0.1039)   12.7803 (0.5276)   13.3584 (0.5398)
 74    2.4414 (0.2875)   10.5895 (0.6164)   13.0309 (0.6240)    0.5114 (0.0954)   12.1002 (0.5186)   12.6116 (0.5306)
 75    2.3508 (0.2854)   10.0164 (0.6139)   12.3672 (0.6244)    0.4513 (0.0873)   11.4345 (0.5105)   11.8857 (0.5223)
 76    2.2664 (0.2831)    9.4610 (0.6116)   11.7274 (0.6253)    0.3972 (0.0796)   10.7849 (0.5034)   11.1820 (0.5148)
 77    2.1879 (0.2807)    8.9244 (0.6095)   11.1123 (0.6263)    0.3486 (0.0723)   10.1529 (0.4972)   10.5015 (0.5083)
 78    2.1148 (0.2781)    8.4078 (0.6074)   10.5226 (0.6274)    0.3051 (0.0655)    9.5401 (0.4918)    9.8451 (0.5025)
 79    2.0468 (0.2753)    7.9119 (0.6051)    9.9587 (0.6283)    0.2662 (0.0591)    8.9477 (0.4870)    9.2140 (0.4973)
 80    1.9835 (0.2724)    7.4377 (0.6026)    9.4212 (0.6290)    0.2316 (0.0532)    8.3771 (0.4826)    8.6087 (0.4925)
 81    1.9246 (0.2693)    6.9858 (0.5996)    8.9103 (0.6292)    0.2009 (0.0477)    7.8293 (0.4784)    8.0302 (0.4879)
 82    1.8697 (0.2660)    6.5566 (0.5960)    8.4263 (0.6288)    0.1737 (0.0426)    7.3052 (0.4741)    7.4789 (0.4832)
 83    1.8187 (0.2626)    6.1504 (0.5919)    7.9691 (0.6277)    0.1498 (0.0379)    6.8056 (0.4694)    6.9553 (0.4782)
 84    1.7711 (0.2590)    5.7675 (0.5871)    7.5386 (0.6258)    0.1287 (0.0337)    6.3310 (0.4642)    6.4597 (0.4725)
 85    1.7268 (0.2553)    5.4078 (0.5817)    7.1346 (0.6233)    0.1102 (0.0298)    5.8820 (0.4582)    5.9922 (0.4661)
 86    1.6854 (0.2515)    5.0711 (0.5757)    6.7566 (0.6200)    0.0941 (0.0263)    5.4586 (0.4512)    5.5527 (0.4586)
 87    1.6469 (0.2475)    4.7571 (0.5692)    6.4040 (0.6161)    0.0801 (0.0231)    5.0611 (0.4431)    5.1411 (0.4500)
 88    1.6108 (0.2434)    4.4653 (0.5623)    6.0761 (0.6118)    0.0679 (0.0203)    4.6891 (0.4337)    4.7570 (0.4402)
 89    1.5771 (0.2392)    4.1951 (0.5552)    5.7722 (0.6071)    0.0574 (0.0177)    4.3425 (0.4231)    4.3999 (0.4290)
 90    1.5456 (0.2349)    3.9457 (0.5481)    5.4913 (0.6022)    0.0484 (0.0154)    4.0207 (0.4112)    4.0690 (0.4166)
