
# model  
#****** Result for:******
# ESFchr.txt
#IMaCh version 0.99r45, April 2023,INED-EUROREVES-Institut de longevite-Japan Society for the Promotion of Science (Grant-in-Aid for Scientific Research 25293121), Intel Software 2015-2020, Nihon University 2021-202, INED 2000-2022
#$Revision: 1.353 $ $Date: 2023/05/08 18:48:22 $
# Tue Feb 04 22:21:37 2025
# Total life expectancy with std error and decomposition into time to be expected in each health state
#  (weighted average of eij where weights are the age specific forward period (stable) prevalences in each health state 
# Age popbased mobilav e.. (std) e.1 (std) e.2 (std) 
   50 0 0  33.674 (  0.789)   6.616 (  0.480)  27.058 (  0.878)
   51 0 0  32.735 (  0.777)   6.160 (  0.448)  26.575 (  0.850)
   52 0 0  31.790 (  0.765)   5.723 (  0.420)  26.067 (  0.826)
   53 0 0  30.854 (  0.755)   5.309 (  0.394)  25.546 (  0.804)
   54 0 0  29.921 (  0.744)   4.914 (  0.372)  25.007 (  0.784)
   55 0 0  28.991 (  0.734)   4.541 (  0.352)  24.450 (  0.766)
   56 0 0  28.064 (  0.725)   4.187 (  0.335)  23.876 (  0.750)
   57 0 0  27.140 (  0.715)   3.854 (  0.320)  23.286 (  0.736)
   58 0 0  26.217 (  0.706)   3.539 (  0.306)  22.677 (  0.721)
   59 0 0  25.302 (  0.696)   3.245 (  0.294)  22.057 (  0.708)
   60 0 0  24.391 (  0.686)   2.969 (  0.283)  21.423 (  0.696)
   61 0 0  23.487 (  0.676)   2.711 (  0.273)  20.776 (  0.683)
   62 0 0  22.589 (  0.665)   2.471 (  0.263)  20.118 (  0.670)
   63 0 0  21.698 (  0.654)   2.247 (  0.253)  19.451 (  0.658)
   64 0 0  20.815 (  0.642)   2.040 (  0.243)  18.775 (  0.645)
   65 0 0  19.939 (  0.631)   1.848 (  0.234)  18.091 (  0.632)
   66 0 0  19.075 (  0.619)   1.671 (  0.224)  17.404 (  0.619)
   67 0 0  18.222 (  0.607)   1.508 (  0.213)  16.714 (  0.606)
   68 0 0  17.381 (  0.595)   1.359 (  0.203)  16.022 (  0.593)
   69 0 0  16.553 (  0.583)   1.221 (  0.193)  15.331 (  0.580)
   70 0 0  15.739 (  0.571)   1.096 (  0.182)  14.643 (  0.567)
   71 0 0  14.941 (  0.560)   0.981 (  0.172)  13.960 (  0.555)
   72 0 0  14.160 (  0.550)   0.877 (  0.162)  13.283 (  0.544)
   73 0 0  13.396 (  0.540)   0.782 (  0.151)  12.614 (  0.533)
   74 0 0  12.652 (  0.531)   0.697 (  0.141)  11.956 (  0.524)
   75 0 0  11.929 (  0.522)   0.619 (  0.132)  11.310 (  0.515)
   76 0 0  11.227 (  0.515)   0.549 (  0.122)  10.678 (  0.507)
   77 0 0  10.547 (  0.509)   0.486 (  0.113)  10.061 (  0.500)
   78 0 0   9.892 (  0.503)   0.430 (  0.104)   9.462 (  0.494)
   79 0 0   9.261 (  0.497)   0.379 (  0.096)   8.882 (  0.489)
   80 0 0   8.656 (  0.492)   0.334 (  0.088)   8.323 (  0.484)
   81 0 0   8.077 (  0.488)   0.293 (  0.081)   7.784 (  0.479)
   82 0 0   7.526 (  0.483)   0.257 (  0.074)   7.268 (  0.474)
   83 0 0   7.002 (  0.478)   0.226 (  0.068)   6.776 (  0.470)
   84 0 0   6.505 (  0.472)   0.197 (  0.062)   6.308 (  0.464)
   85 0 0   6.036 (  0.465)   0.173 (  0.057)   5.864 (  0.458)
   86 0 0   5.596 (  0.457)   0.151 (  0.052)   5.445 (  0.451)
   87 0 0   5.183 (  0.449)   0.132 (  0.047)   5.051 (  0.442)
   88 0 0   4.797 (  0.439)   0.115 (  0.043)   4.682 (  0.433)
   89 0 0   4.439 (  0.428)   0.100 (  0.039)   4.338 (  0.422)
   90 0 0   4.106 (  0.415)   0.087 (  0.036)   4.019 (  0.410)
