
#****** ******
# ESFchr.txt
#IMaCh version 0.99r45, April 2023,INED-EUROREVES-Institut de longevite-Japan Society for the Promotion of Science (Grant-in-Aid for Scientific Research 25293121), Intel Software 2015-2020, Nihon University 2021-202, INED 2000-2022
#$Revision: 1.353 $ $Date: 2023/05/08 18:48:22 $
# Tue Feb 04 22:21:37 2025
# Variance and covariance of health expectancies e.j 
#  (weighted average of eij where weights are the age specific period (stable) prevalences in each health state 
# Age Cov(e.1, e.1) Cov(e.1, e.2) Cov(e.2, e.1) Cov(e.2, e.2)
50  0.2305 -0.1887 -0.1887 0.7701
51  0.2010 -0.1601 -0.1601 0.7232
52  0.1762 -0.1360 -0.1360 0.6816
53  0.1555 -0.1160 -0.1160 0.6459
54  0.1383 -0.0995 -0.0995 0.6147
55  0.1240 -0.0860 -0.0860 0.5873
56  0.1122 -0.0749 -0.0749 0.5629
57  0.1023 -0.0659 -0.0659 0.5410
58  0.0939 -0.0583 -0.0583 0.5205
59  0.0867 -0.0521 -0.0521 0.5017
60  0.0803 -0.0469 -0.0469 0.4838
61  0.0745 -0.0423 -0.0423 0.4665
62  0.0691 -0.0383 -0.0383 0.4495
63  0.0641 -0.0346 -0.0346 0.4327
64  0.0592 -0.0312 -0.0312 0.4160
65  0.0545 -0.0280 -0.0280 0.3994
66  0.0500 -0.0250 -0.0250 0.3830
67  0.0455 -0.0221 -0.0221 0.3669
68  0.0413 -0.0193 -0.0193 0.3512
69  0.0372 -0.0167 -0.0167 0.3361
70  0.0332 -0.0143 -0.0143 0.3217
71  0.0295 -0.0120 -0.0120 0.3082
72  0.0261 -0.0099 -0.0099 0.2957
73  0.0229 -0.0079 -0.0079 0.2843
74  0.0200 -0.0062 -0.0062 0.2741
75  0.0173 -0.0047 -0.0047 0.2650
76  0.0149 -0.0033 -0.0033 0.2571
77  0.0128 -0.0022 -0.0022 0.2502
78  0.0109 -0.0012 -0.0012 0.2442
79  0.0092 -0.0004 -0.0004 0.2389
80  0.0078 0.0003 0.0003 0.2341
81  0.0066 0.0008 0.0008 0.2296
82  0.0055 0.0012 0.0012 0.2251
83  0.0046 0.0015 0.0015 0.2205
84  0.0038 0.0016 0.0016 0.2153
85  0.0032 0.0017 0.0017 0.2096
86  0.0027 0.0017 0.0017 0.2031
87  0.0022 0.0017 0.0017 0.1957
88  0.0018 0.0016 0.0016 0.1875
89  0.0015 0.0015 0.0015 0.1783
90  0.0013 0.0013 0.0013 0.1684
