# Powell
# iter -2*LL p12 p13 p21 p23
1 1 12576.320786012702 1 0.000000000000 0.000000000000 0.000000000000 0.000000000000 0.000000000000 0.000000000000 0.000000000000 0.000000000000
2 2 4069.187677552970 2 6.478431155836 -0.003435898396 -0.934179658178 0.003407587984 2.459241676269 -0.001011142778 -0.981223375037 0.002460773583
3 2 2658.154293052012 4 -3.029507402062 -0.005337431961 -5.132396251628 0.026489408631 1.208677125967 -0.002359414982 -1.115596139369 -0.022736722049
4 3 2287.840070538350 5 -1.896988048955 -0.007836045807 -6.511437743534 0.030306042928 1.726145986326 0.008999423205 -1.134996683020 -0.022857519932
5 3 2209.526003884444 5 -3.011735914707 0.008714566650 -8.019964045180 0.054058955487 1.713642808002 0.032842657859 -3.733872139854 0.064902434824
6 4 2136.095410348959 6 -3.273681766331 0.015588433866 -9.325585212792 0.066411611427 1.788309974953 0.043533792634 -5.197862828664 0.099611410863
7 4 2066.866769112744 8 -4.186081089324 0.026888493364 -12.202336887334 0.088939487664 1.699615515967 0.058836495291 -7.333056392504 0.152167197052
8 5 2040.082440043039 9 -4.521934210824 0.030149179861 -13.493145505588 0.096110380988 1.658904694959 0.064054420055 -8.214536533444 0.167366489635
9 5 1994.192993396733 10 -5.097916469043 0.044380841494 -17.928180550453 0.145115382578 1.761953855893 0.083225138844 -11.424534883115 0.220485701205
10 6 1972.813017014991 11 -5.573758986283 0.049220313464 -19.204508730622 0.168713634200 1.672603812078 0.088728761982 -12.325041177206 0.232542972671
11 6 1952.520337248460 12 -6.630403108137 0.061550273019 -21.132224480570 0.203422049258 1.445625954804 0.099173904906 -13.836167129043 0.256807776494
12 7 1949.765675016786 14 -6.794048137398 0.062710989784 -21.695680856170 0.210859589728 1.417093034410 0.101216213671 -14.183437011433 0.260647567492
13 7 1948.482213031060 16 -7.083634693277 0.067440008220 -22.860279587994 0.224635434062 1.388070469996 0.106080549701 -14.952597985648 0.272783276709
14 8 1947.618518472726 18 -7.091434157879 0.067512826526 -22.779284161485 0.222926318130 1.371447592722 0.105295284783 -14.814620459113 0.270168328432
15 8 1942.512036232622 20 -7.434283599263 0.073522548756 -22.108565963472 0.209113112361 1.154603305571 0.100368075874 -13.675959914451 0.252947866169
16 9 1939.188566383122 22 -7.641582648122 0.075386132767 -22.089180808781 0.207334754905 1.059507246340 0.099497139026 -13.369714993467 0.248248830752
17 9 1926.000454335881 25 -10.598153271639 0.113415803765 -26.720211060265 0.256055104575 0.126225741597 0.111861783447 -13.867708889604 0.255196824086
18 10 1923.147804111424 -33 -10.774086882429 0.114679862603 -26.684848072761 0.259422325896 0.033304788865 0.110429556296 -13.480833378404 0.246969555631
19 10 1917.943263693021 -31 -11.430032660540 0.121497681441 -25.217530391591 0.246995740727 -0.439924912555 0.097676878616 -10.676799363552 0.195098830082
20 11 1916.003116345381 -29 -11.609991638798 0.124735146356 -25.185158959221 0.246769455518 -0.534274882932 0.096247721101 -10.316116088553 0.187643108668
21 11 1914.812472067064 -27 -11.661531224303 0.126648812380 -24.943024205877 0.247513299477 -0.595361117118 0.093866848949 -9.869152406920 0.177331303822
22 12 1914.735293317184 -25 -11.795955373796 0.128385992997 -25.228419815389 0.251343790621 -0.631815060481 0.094779265962 -9.958842015152 0.178456119185
23 12 1914.725854712757 -23 -11.863423141145 0.129222339492 -25.275279303704 0.252038536318 -0.659780165010 0.094672296866 -9.896891325302 0.177198660000
24 13 1914.724540145916 -22 -11.889151079380 0.129529289870 -25.282561347875 0.252222038375 -0.671774094644 0.094551933231 -9.857676514314 0.176418507147
25 13 1914.724272953439 -19 -11.885844055912 0.129481644371 -25.277229429949 0.252154220494 -0.670814666332 0.094531294693 -9.855291468451 0.176384876439
26 14 1914.721684150489 -17 -11.851520723223 0.129002180939 -25.231575658893 0.251610393316 -0.661201548975 0.094271120457 -9.816643993845 0.175798170440
27 14 1914.718456918336 -16 -11.835113145537 0.128772666963 -25.232776038019 0.251581612934 -0.656038876257 0.094140281463 -9.788255211310 0.175415741776
28 15 1914.716408307271 -14 -11.829865465735 0.128719054511 -25.232790176387 0.251684644657 -0.654871536643 0.094067250570 -9.773507116078 0.175121934247
29 15 1914.689890021918 -12 -11.799868130507 0.128494383412 -25.453794842309 0.254853887483 -0.645685336557 0.093333727705 -9.536512657505 0.171318519802
30 16 1914.625993147694 -11 -11.824724829094 0.128986017215 -26.097927572533 0.262822177092 -0.643351148121 0.092865229845 -9.199909483015 0.166569176665
31 16 1914.584068745885 -9 -11.848017217376 0.129361580344 -26.615085149944 0.269160843861 -0.641281003195 0.092608955812 -8.956443669110 0.163213753940
32 17 1914.557083328077 -7 -11.851547131275 0.129449436442 -27.005269569694 0.273851732944 -0.635021636614 0.092317830621 -8.752118507173 0.160399159158
33 17 1914.458997495727 -6 -11.876838219794 0.129773975407 -28.037237338831 0.285646126538 -0.619139364325 0.091971202771 -8.302572586431 0.154848839273
34 18 1914.399743320429 -4 -11.887084436602 0.129871526848 -28.166207278471 0.286745405762 -0.614319750565 0.092358679494 -8.346528338727 0.156062687146
35 18 1914.288233418038 -3 -11.947291850445 0.130417386471 -28.778126296152 0.292492696128 -0.596929550343 0.094182293639 -8.553449955646 0.161414950172
36 19 1914.286790634536 -1 -11.946631722798 0.130416711002 -28.860860831466 0.293404976741 -0.592921742652 0.094281347053 -8.549711253728 0.161484070753
37 19 1914.286679330357 1 -11.946114715474 0.130414386766 -28.879342337825 0.293591516741 -0.592247619766 0.094271073514 -8.541194259891 0.161387466880
38 20 1914.286675592276 3 -11.945935681272 0.130412187028 -28.878421377100 0.293577368356 -0.592231874762 0.094267037220 -8.540986769298 0.161382121212
39 20 1914.286664249401 5 -11.945535697685 0.130406572181 -28.868777828458 0.293458918774 -0.592516969254 0.094238632610 -8.542579045732 0.161372000533
40 21 1914.286648633040 7 -11.945522248319 0.130406397314 -28.866988629046 0.293439351203 -0.592654658117 0.094219686276 -8.542640378235 0.161353376211
41 21 1905.117279018032 9 -12.053260018578 0.131169932038 -25.662179133685 0.258206075136 -0.957281285610 0.032982441816 -9.642309689679 0.108431266772
42 22 1900.535918996325 11 -12.681869535272 0.138628750371 -29.337624508053 0.298803674854 -1.089492437634 0.031183966403 -8.849489203689 0.097653775885
43 22 1865.526945407306 13 -14.927964926411 0.156034127521 -40.375047985789 0.401707299661 -1.682888795252 -0.000926000320 -7.194830955498 0.058910433029
44 23 1806.119776125937 15 -13.590994574828 0.133306225711 -34.539046650136 0.330905135658 -1.359658411062 -0.014384682589 -9.182846383258 0.080330689433
45 23 1774.420160886588 16 -12.881943993876 0.120922881568 -28.768545805202 0.263180745147 -1.238133065116 -0.020276727343 -11.769230109427 0.112465984773
46 24 1759.087332735905 18 -12.408296821424 0.110970435545 -26.820267120336 0.243223605407 -1.086208215268 -0.024081907733 -13.364538831462 0.133168686964
47 24 1748.233964756441 20 -12.564044794552 0.111230545603 -31.635841984229 0.304918026893 -1.000613842145 -0.023271331354 -12.058216164974 0.119846310650
48 25 1739.090366129715 22 -13.062733641646 0.116757836588 -34.983948297730 0.344819702815 -1.104078360488 -0.022876090568 -11.034215263319 0.106953234056
49 25 1730.442304665489 23 -13.932184838526 0.126932652794 -41.146760827432 0.418837181610 -1.290265697759 -0.022110249010 -8.723051717324 0.077887467274
50 26 1729.886399823493 25 -13.820240603427 0.125695046022 -40.656796976832 0.413093428365 -1.272619375924 -0.022199350503 -8.584802359466 0.075595822924
51 26 1687.999017951346 -33 -9.943667118762 0.070892657352 -24.098863969308 0.240706765762 -0.510213748283 -0.036813328262 -8.049735788461 0.063878946547
52 27 1681.062777509680 -31 -9.752925054056 0.068589924565 -22.351147697920 0.220481196314 -0.483172839431 -0.033111404152 -8.660284474269 0.068186336564
53 27 1674.742526889645 -30 -10.538144672889 0.075070127171 -21.117511168076 0.206715700381 -0.706258591375 -0.030246559046 -12.382579161460 0.110696921803
54 28 1674.069650364485 -28 -10.658345843667 0.076706053489 -20.948583526136 0.204568829769 -0.747103257865 -0.030358563986 -12.699129124767 0.114714088987
55 28 1671.449815794729 -26 -11.993985065687 0.095476759173 -20.843507786375 0.202868984570 -1.169017150914 -0.024792976473 -15.065832153837 0.143033773295
56 29 1671.278618483316 -24 -12.077681000550 0.096431946168 -20.709250122629 0.201730396007 -1.200197300135 -0.024367106557 -15.268293748023 0.145117937097
57 29 1670.554051410016 -22 -12.212047651414 0.098272135208 -19.774209522671 0.191460211154 -1.302259799454 -0.022803735737 -15.193752672100 0.144094691306
58 30 1668.898537024728 -20 -12.507311526469 0.102232607424 -19.132252122773 0.184236690970 -1.503715608565 -0.020073979279 -14.179746252130 0.132439362960
59 30 1667.413387228913 -19 -12.840831880944 0.106952843882 -19.434304395263 0.188238178503 -1.717464383611 -0.017155246668 -12.292277262156 0.110712372432
60 31 1665.343570204280 -17 -13.480272709576 0.114972981904 -20.517305131278 0.200740551815 -2.024200948105 -0.013378158314 -10.426448034111 0.089266663659
61 31 1664.075797748071 -15 -14.102558795542 0.121964322885 -20.280744943251 0.198025047458 -2.273661081660 -0.010385574514 -10.931931752160 0.094968118996
62 32 1662.721531202933 -13 -14.978597616952 0.131693840595 -19.771325950160 0.191237437865 -2.650517235150 -0.006033381332 -11.322597897431 0.099575612006
63 32 1662.424324143180 -11 -14.747821322859 0.129045568810 -19.772091258864 0.190831003609 -2.549129355090 -0.007299081944 -11.404608446282 0.100587631528
64 33 1662.309400781552 -10 -14.637227259883 0.127929838666 -19.863785151156 0.191514248608 -2.514674212477 -0.007729507184 -11.051599953893 0.096581966848
65 33 1662.307057430854 -7 -14.663224109877 0.128278212540 -19.909018309888 0.192065502800 -2.525202802605 -0.007583661662 -11.008968917800 0.096097185953
66 34 1662.306755160632 -5 -14.681087977667 0.128485655993 -19.910340397772 0.192071289246 -2.532673028030 -0.007493658969 -11.008505914436 0.096093845672
67 34 1662.306754317033 -3 -14.681063728711 0.128485350309 -19.910423090101 0.192072241403 -2.532657800106 -0.007493848787 -11.008466442496 0.096093370254
68 35 1662.302559360541 1 -14.686612736909 0.128591358106 -19.982668689172 0.192879085513 -2.498320632364 -0.007919057168 -11.026204261126 0.096313962509
69 35 1662.293738869778 2 -14.696861605430 0.128739698898 -20.019154009627 0.193280212691 -2.433534021550 -0.008740601214 -11.026147653385 0.096323989457
70 36 1662.270860829206 4 -14.729243317154 0.129132464623 -19.991708278766 0.192945654636 -2.243932997690 -0.011166598057 -11.009434965907 0.096147421127
71 36 1662.262456173596 6 -14.736982095336 0.129173763637 -19.892244048617 0.191825621181 -2.225187389740 -0.011425336129 -11.010262431922 0.096150710604
72 37 1662.262279916032 7 -14.739319689184 0.129194256510 -19.877932379958 0.191664029542 -2.222445930075 -0.011463164371 -11.018617943237 0.096248169485
73 37 1662.262276832587 10 -14.739718814142 0.129198275410 -19.875972791685 0.191641831073 -2.222124884555 -0.011467598325 -11.019663157404 0.096260461859
74 38 1662.262276777283 12 -14.739777699540 0.129198891420 -19.875708853757 0.191638842603 -2.222085584262 -0.011468140062 -11.019793128644 0.096261992310
75 38 1662.262276776253 16 -14.739785830267 0.129198974419 -19.875672298993 0.191638429577 -2.222079535610 -0.011468223235 -11.019810407119 0.096262198890
76 39 1662.262276776247 20 -14.739785467993 0.129198970179 -19.875669731149 0.191638398736 -2.222079458031 -0.011468223554 -11.019811370105 0.096262211000
