# Powell
# iter -2*LL p12 p13 p21 p23
1 1 2409.287870800803 0 0.000000000000 0.000000000000 0.000000000000 0.000000000000 0.000000000000 0.000000000000 0.000000000000 0.000000000000
2 2 931.637700252984 0 -2.681938672372 0.001955998850 -4.213369123531 0.002795168727 0.020358421082 -0.002436004739 -0.428233641035 0.002484299427
3 2 909.097794976276 0 -3.110818474087 0.003716661228 -4.388420995351 0.013944376265 0.075921324098 -0.004358978151 -0.692543316114 0.003288803402
4 3 863.596080269915 0 -5.697949654570 0.038702185627 -7.663158416047 0.068114040846 2.093796351982 -0.042741209591 -4.549533451185 0.050484130789
5 3 841.773375278286 0 -6.445613566384 0.052631011701 -8.883493137245 0.083396068204 3.516916564256 -0.057560242184 -5.825120067200 0.068623041899
6 4 833.934324231003 0 -7.590262823881 0.069844998515 -10.368514763690 0.100781147617 5.081384962235 -0.075085285860 -7.387524771048 0.089049617884
7 4 833.692754355169 0 -7.631334353072 0.070084303936 -10.364222658617 0.100235089341 5.027233678994 -0.074561559989 -7.374028922125 0.088471284875
8 5 832.045188258649 0 -8.560416398324 0.081955391749 -10.418606066842 0.100438801478 3.801148530487 -0.056820552039 -6.991669744770 0.084122352499
9 5 831.734296366842 0 -8.710670795902 0.084824288693 -10.445872121189 0.101330102026 3.615045469018 -0.054389842947 -6.966783177442 0.083874832674
10 6 831.721055818626 0 -8.751609658908 0.085513162386 -10.471096010672 0.101748822918 3.597776812095 -0.054221257793 -6.988412264954 0.084142809617
11 6 831.717280477665 0 -8.793853312784 0.086140910199 -10.513313738994 0.102347379967 3.612435791737 -0.054480990251 -7.036136948356 0.084726614922
12 7 831.717038376463 0 -8.797987157919 0.086179311878 -10.517456034481 0.102391445291 3.613567268312 -0.054489260409 -7.041461412890 0.084793433582
13 7 831.716804506674 0 -8.791628891773 0.086082127772 -10.521990792392 0.102446168955 3.627724111727 -0.054679968559 -7.054356421436 0.084952318087
14 8 831.716601354103 0 -8.789545675993 0.086051482307 -10.521512707239 0.102438369573 3.626706097617 -0.054684769599 -7.056948399043 0.084978992668
15 8 831.713817493655 0 -8.766697078565 0.085749381795 -10.518090631275 0.102399291646 3.581512802625 -0.054144503557 -7.134470675023 0.085937322139
16 9 831.712743507699 0 -8.773190245132 0.085837387415 -10.519076380046 0.102412100982 3.559140117979 -0.053777826701 -7.151230432244 0.086171928407
17 9 831.712537544814 0 -8.775456552384 0.085866902533 -10.520533163582 0.102430777737 3.548118054547 -0.053585536424 -7.165135681020 0.086362096177
18 10 831.712528956889 1 -8.774973090953 0.085859652000 -10.520882307073 0.102435072328 3.549107882138 -0.053599124903 -7.165942923818 0.086372001050
19 10 831.712469652492 1 -8.771060928044 0.085802808644 -10.524269604030 0.102478395399 3.556728108672 -0.053702266379 -7.170672430869 0.086430100648
20 11 831.712414303926 1 -8.770765469701 0.085798964497 -10.524947462067 0.102487110088 3.556425821566 -0.053697742115 -7.169983249564 0.086421624363
21 11 831.710667562148 1 -8.756533190141 0.085613504505 -10.572610344991 0.103127060734 3.538613999407 -0.053440038717 -7.131158297252 0.085941462132
22 12 831.710661022329 1 -8.757180953809 0.085619222688 -10.573581403991 0.103137413847 3.538294280203 -0.053435196290 -7.132368191339 0.085956785565
23 12 831.710660347315 1 -8.757573619095 0.085623945503 -10.573583191504 0.103137087325 3.537837924630 -0.053429440762 -7.132207008927 0.085954690854
24 13 831.710660298014 1 -8.757678919452 0.085625201847 -10.573586925405 0.103137047528 3.537715068091 -0.053427885457 -7.132169891444 0.085954206259
25 13 831.710660294365 1 -8.757707740640 0.085625545969 -10.573587273162 0.103137029576 3.537681255407 -0.053427455872 -7.132159107109 0.085954063479
26 14 831.710660294108 1 -8.757716139104 0.085625649235 -10.573587675634 0.103137027699 3.537672953808 -0.053427348758 -7.132156942225 0.085954036601
27 14 831.710660294085 1 -8.757716874542 0.085625654282 -10.573586541749 0.103137010735 3.537669599686 -0.053427304887 -7.132157122136 0.085954038940
