# SEFchr.txt
#IMaCh version 0.99r45, April 2023,INED-EUROREVES-Institut de longevite-Japan Society for the Promotion of Science (Grant-in-Aid for Scientific Research 25293121), Intel Software 2015-2020, Nihon University 2021-202, INED 2000-2022
#$Revision: 1.353 $ $Date: 2023/05/08 18:48:22 $
# Tue Feb 04 22:21:37 2025

#****** ******
# (a) Life expectancies by health status at initial age and (b) health expectancies by health status at initial age
# Age e11  e12  e1.  e21  e22  e2. 
 50  10.3684  25.3327  35.7011   6.9742  28.3897  35.3640
 51   9.8642  24.8796  34.7438   6.5023  27.8799  34.3822
 52   9.3796  24.4119  33.7916   6.0547  27.3501  33.4048
 53   8.9146  23.9304  32.8450   5.6308  26.8015  32.4322
 54   8.4689  23.4356  31.9045   5.2300  26.2350  31.4650
 55   8.0424  22.9283  30.9707   4.8517  25.6519  30.5037
 56   7.6346  22.4093  30.0440   4.4953  25.0535  29.5488
 57   7.2453  21.8796  29.1250   4.1600  24.4410  28.6010
 58   6.8741  21.3401  28.2142   3.8449  23.8159  27.6608
 59   6.5205  20.7918  27.3123   3.5494  23.1795  26.7289
 60   6.1842  20.2357  26.4199   3.2725  22.5334  25.8059
 61   5.8646  19.6729  25.5375   3.0135  21.8790  24.8925
 62   5.5613  19.1045  24.6658   2.7716  21.2177  23.9893
 63   5.2737  18.5316  23.8053   2.5458  20.5512  23.0970
 64   5.0013  17.9555  22.9568   2.3354  19.8810  22.2163
 65   4.7436  17.3772  22.1208   2.1395  19.2084  21.3479
 66   4.5000  16.7978  21.2978   1.9575  18.5350  20.4925
 67   4.2700  16.2186  20.4886   1.7884  17.8623  19.6507
 68   4.0530  15.6405  19.6935   1.6316  17.1917  18.8233
 69   3.8484  15.0647  18.9131   1.4864  16.5247  18.0110
 70   3.6556  14.4921  18.1477   1.3520  15.8625  17.2145
 71   3.4742  13.9236  17.3978   1.2278  15.2066  16.4343
 72   3.3035  13.3599  16.6634   1.1131  14.5582  15.6713
 73   3.1429  12.8016  15.9445   1.0074  13.9186  14.9260
 74   2.9919  12.2492  15.2410   0.9101  13.2890  14.1991
 75   2.8498  11.7026  14.5523   0.8206  12.6706  13.4911
 76   2.7159  11.1616  13.8776   0.7384  12.0645  12.8028
 77   2.5898  10.6256  13.2153   0.6630  11.4717  12.1347
 78   2.4706  10.0931  12.5637   0.5940  10.8934  11.4874
 79   2.3575   9.5623  11.9198   0.5309  10.3306  10.8615
 80   2.2499   9.0302  11.2801   0.4734   9.7842  10.2576
 81   2.1468   8.4931  10.6399   0.4211   9.2553   9.6763
 82   2.0472   7.9463   9.9935   0.3736   8.7447   9.1183
 83   1.9503   7.3840   9.3343   0.3307   8.2536   8.5843
 84   1.8550   6.8004   8.6554   0.2920   7.7828   8.0748
 85   1.7607   6.1899   7.9505   0.2573   7.3332   7.5906
 86   1.6667   5.5493   7.2160   0.2264   6.9057   7.1321
 87   1.5733   4.8796   6.4529   0.1990   6.5007   6.6997
 88   1.4814   4.1890   5.6703   0.1749   6.1185   6.2934
 89   1.3927   3.4942   4.8869   0.1537   5.7589   5.9127
 90   1.3100   2.8205   4.1305   0.1352   5.4213   5.5565
