# Powell
# iter -2*LL p12 p13 p21 p23
1 1 3649.210064191806 1 0.000000000000 0.000000000000 0.000000000000 0.000000000000 0.000000000000 0.000000000000 0.000000000000 0.000000000000
2 2 2148.770003175237 1 0.598738761490 0.001148625726 -3.388596599713 0.005429859159 -1.408818218313 -0.001261068626 -2.693781873429 0.001976226872
3 2 1973.888451724005 1 -0.362989909043 0.002171124881 -3.982655503243 0.011463182689 -2.090064828439 -0.002385754889 -2.949542974120 0.003919779920
4 3 1921.362401398162 1 -1.817009591176 0.016529993255 -10.500045174821 0.090518524726 -1.089318248371 -0.018307865695 -4.935655164726 0.031395514874
5 3 1871.444821270242 1 -2.329693849246 0.026400392712 -14.658349035667 0.154141862179 -0.279930673360 -0.029190101204 -6.312809688850 0.048598726524
6 4 1826.422598874414 1 -3.532846301471 0.050224513585 -24.648992917013 0.287684488884 1.578705884939 -0.055227150073 -9.587103040096 0.092665682450
7 4 1822.339442886759 1 -3.671078040350 0.053631334986 -25.729416435386 0.294725479434 1.732633982870 -0.057988036778 -9.941794140912 0.095984315197
8 5 1820.848854587690 2 -4.058528255450 0.058469496793 -27.688447765049 0.316359594927 2.024506161770 -0.062643783949 -10.552410158625 0.103542756085
9 5 1820.810969383483 2 -4.079257886216 0.058856889564 -27.795328990597 0.317676453788 2.028947498039 -0.062718819388 -10.585646137981 0.103946550160
10 6 1820.000701500112 2 -4.507291369212 0.065738506187 -28.683283739316 0.329840643278 1.537855822975 -0.055216370412 -10.797267484892 0.106766572434
11 6 1819.954484834454 2 -4.482404139786 0.065175445155 -28.375599839797 0.325754267060 1.448546208660 -0.053997702100 -10.692202542783 0.105364868256
12 7 1819.926289157833 2 -4.452976774803 0.064596089350 -28.353163792904 0.324920352583 1.382776631316 -0.052988150671 -10.646284791400 0.104701371594
13 7 1819.839194296078 2 -4.398772482167 0.063663520944 -28.741178532897 0.328769205779 1.306305812221 -0.051818490909 -10.661938707980 0.104817221610
14 8 1819.720027180701 2 -4.310193590373 0.062133852408 -29.453690510045 0.336837802923 1.193591974416 -0.050113051366 -10.704051834623 0.105391524045
15 8 1819.532531260202 3 -4.189587138547 0.060249577279 -30.817818338130 0.353133224475 1.157959671530 -0.049594210161 -10.877463008029 0.107754885464
16 9 1819.482176520540 3 -4.187942977516 0.060285666749 -30.987378595388 0.355162097994 1.195593266791 -0.050167776174 -10.917402806689 0.108264633542
17 9 1819.357946826897 3 -4.196996055699 0.060763241657 -32.170113267627 0.368685127550 1.294922487050 -0.051669551281 -11.144677218366 0.111076141732
18 10 1819.352964940901 3 -4.204629789103 0.060881889574 -32.224986505643 0.369380079898 1.288892743369 -0.051583225060 -11.148925579463 0.111145549824
19 10 1819.082467703548 3 -4.356063640306 0.063335800565 -32.993789130511 0.379163547422 1.506360337218 -0.054830515901 -10.700686803964 0.105491773501
20 11 1818.888241457182 3 -4.345657274188 0.063136722467 -34.479498294162 0.395937108797 1.457828846303 -0.054117313626 -10.644910067064 0.104718625275
21 11 1818.655562127301 3 -4.312731188969 0.062525048818 -39.315665575772 0.450939856117 1.331279608630 -0.052204180852 -10.516158006915 0.103137483654
22 12 1818.653600456387 4 -4.314567822615 0.062565932078 -39.535732264712 0.453299683126 1.348811684324 -0.052474483086 -10.538110591559 0.103407173934
23 12 1818.653544650548 4 -4.318009111946 0.062620519855 -39.553320764652 0.453527849527 1.350252150800 -0.052495592829 -10.537679917996 0.103407832433
24 13 1818.653544215773 4 -4.317934640061 0.062619205112 -39.554171291882 0.453539407441 1.350581894723 -0.052500450431 -10.537445954444 0.103405100738
25 13 1818.653544184437 4 -4.317851230095 0.062617855225 -39.554014887321 0.453537409932 1.350574305437 -0.052500328862 -10.537546751725 0.103406347413
26 14 1818.653544183566 4 -4.317838137962 0.062617643766 -39.553964750867 0.453536798801 1.350569869968 -0.052500260089 -10.537566715282 0.103406595105
27 14 1818.653544183556 4 -4.317837490659 0.062617632706 -39.553961207075 0.453536752466 1.350568691230 -0.052500243977 -10.537569409653 0.103406629039
28 15 1818.653544183554 4 -4.317837403800 0.062617631087 -39.553974310631 0.453536901511 1.350568351915 -0.052500238846 -10.537569054374 0.103406624673
29 15 1818.653544183553 5 -4.317837403387 0.062617631081 -39.553974309774 0.453536901499 1.350568352389 -0.052500238854 -10.537569054170 0.103406624671
