# SEFchr.txt
#IMaCh version 0.99r45, April 2023,INED-EUROREVES-Institut de longevite-Japan Society for the Promotion of Science (Grant-in-Aid for Scientific Research 25293121), Intel Software 2015-2020, Nihon University 2021-202, INED 2000-2022
#$Revision: 1.353 $ $Date: 2023/05/08 18:48:22 $
# Tue Feb 04 22:21:37 2025
# probabilities of dying before estepm=24 months for people of exact age and weighted probabilities w1*p1j+w2*p2j+... stand dev in()
# Selected quantitative variables and dummies
# Age cov=1 p.3 SE w1 p13 w2 p23
 50 1   1.528e-003  7.543e-004  5.797e-001  3.587e-008   4.204e-001  3.634e-003 
 51 1   1.800e-003  8.552e-004  5.583e-001  5.561e-008   4.419e-001  4.074e-003 
 52 1   2.116e-003  9.667e-004  5.365e-001  8.616e-008   4.637e-001  4.564e-003 
 53 1   2.482e-003  1.089e-003  5.146e-001  1.334e-007   4.856e-001  5.111e-003 
 54 1   2.905e-003  1.223e-003  4.925e-001  2.063e-007   5.077e-001  5.721e-003 
 55 1   3.391e-003  1.369e-003  4.704e-001  3.190e-007   5.299e-001  6.400e-003 
 56 1   3.950e-003  1.528e-003  4.483e-001  4.926e-007   5.519e-001  7.157e-003 
 57 1   4.589e-003  1.698e-003  4.265e-001  7.602e-007   5.737e-001  7.999e-003 
 58 1   5.320e-003  1.881e-003  4.048e-001  1.172e-006   5.953e-001  8.937e-003 
 59 1   6.153e-003  2.077e-003  3.836e-001  1.806e-006   6.166e-001  9.979e-003 
 60 1   7.100e-003  2.285e-003  3.627e-001  2.779e-006   6.374e-001  1.114e-002 
 61 1   8.174e-003  2.505e-003  3.424e-001  4.274e-006   6.577e-001  1.243e-002 
 62 1   9.389e-003  2.736e-003  3.227e-001  6.566e-006   6.775e-001  1.385e-002 
 63 1   1.076e-002  2.977e-003  3.036e-001  1.008e-005   6.966e-001  1.544e-002 
 64 1   1.230e-002  3.227e-003  2.852e-001  1.545e-005   7.150e-001  1.720e-002 
 65 1   1.404e-002  3.485e-003  2.675e-001  2.368e-005   7.326e-001  1.915e-002 
 66 1   1.599e-002  3.751e-003  2.507e-001  3.624e-005   7.494e-001  2.132e-002 
 67 1   1.816e-002  4.022e-003  2.346e-001  5.540e-005   7.655e-001  2.371e-002 
 68 1   2.060e-002  4.299e-003  2.194e-001  8.463e-005   7.807e-001  2.636e-002 
 69 1   2.332e-002  4.580e-003  2.050e-001  1.291e-004   7.951e-001  2.929e-002 
 70 1   2.635e-002  4.868e-003  1.914e-001  1.969e-004   8.087e-001  3.253e-002 
 71 1   2.971e-002  5.164e-003  1.787e-001  2.998e-004   8.214e-001  3.611e-002 
 72 1   3.345e-002  5.473e-003  1.667e-001  4.561e-004   8.334e-001  4.005e-002 
 73 1   3.761e-002  5.802e-003  1.555e-001  6.932e-004   8.446e-001  4.440e-002 
 74 1   4.221e-002  6.161e-003  1.450e-001  1.052e-003   8.551e-001  4.918e-002 
 75 1   4.730e-002  6.566e-003  1.352e-001  1.596e-003   8.648e-001  5.444e-002 
 76 1   5.293e-002  7.038e-003  1.262e-001  2.417e-003   8.739e-001  6.022e-002 
 77 1   5.916e-002  7.708e-003  1.177e-001  3.655e-003   8.824e-001  6.656e-002 
 78 1   6.604e-002  8.290e-003  1.098e-001  5.519e-003   8.902e-001  7.350e-002 
 79 1   7.363e-002  9.134e-003  1.025e-001  8.319e-003   8.975e-001  8.109e-002 
 80 1   8.202e-002  1.017e-002  9.569e-002  1.251e-002   9.043e-001  8.937e-002 
 81 1   9.129e-002  1.143e-002  8.936e-002  1.876e-002   9.107e-001  9.840e-002 
 82 1   1.015e-001  1.294e-002  8.344e-002  2.801e-002   9.166e-001  1.082e-001 
 83 1   1.129e-001  1.473e-002  7.791e-002  4.161e-002   9.221e-001  1.189e-001 
 84 1   1.254e-001  1.681e-002  7.274e-002  6.134e-002   9.273e-001  1.304e-001 
 85 1   1.393e-001  1.921e-002  6.785e-002  8.948e-002   9.322e-001  1.429e-001 
 86 1   1.546e-001  2.194e-002  6.322e-002  1.287e-001   9.368e-001  1.563e-001 
 87 1   1.714e-001  2.504e-002  5.880e-002  1.815e-001   9.412e-001  1.707e-001 
 88 1   1.896e-001  2.854e-002  5.458e-002  2.497e-001   9.454e-001  1.862e-001 
 89 1   2.092e-001  3.245e-002  5.049e-002  3.329e-001   9.495e-001  2.026e-001 
 90 1   2.298e-001  3.673e-002  4.655e-002  4.278e-001   9.535e-001  2.202e-001 
