# SEFchr.txt
#IMaCh version 0.99r45, April 2023,INED-EUROREVES-Institut de longevite-Japan Society for the Promotion of Science (Grant-in-Aid for Scientific Research 25293121), Intel Software 2015-2020, Nihon University 2021-202, INED 2000-2022
#$Revision: 1.353 $ $Date: 2023/05/08 18:48:22 $
# Tue Feb 04 22:21:37 2025
#One-step probabilities and stand. devi in ()
# Age p1-1 (SE) p1-2 (SE) p1-3 (SE) p2-1 (SE) p2-2 (SE) p2-3 (SE)
50  7.662e-001 ( 3.216e-002)  2.338e-001 ( 3.216e-002)  3.587e-008 ( 1.910e-007)  2.177e-001 ( 3.544e-002)  7.787e-001 ( 3.535e-002)  3.634e-003 ( 1.696e-003) 
51  7.548e-001 ( 3.146e-002)  2.452e-001 ( 3.146e-002)  5.561e-008 ( 2.884e-007)  2.088e-001 ( 3.273e-002)  7.871e-001 ( 3.265e-002)  4.074e-003 ( 1.839e-003) 
52  7.430e-001 ( 3.069e-002)  2.570e-001 ( 3.069e-002)  8.616e-008 ( 4.347e-007)  2.002e-001 ( 3.015e-002)  7.953e-001 ( 3.008e-002)  4.564e-003 ( 1.991e-003) 
53  7.309e-001 ( 2.984e-002)  2.691e-001 ( 2.984e-002)  1.334e-007 ( 6.544e-007)  1.918e-001 ( 2.771e-002)  8.031e-001 ( 2.765e-002)  5.111e-003 ( 2.152e-003) 
54  7.184e-001 ( 2.893e-002)  2.816e-001 ( 2.893e-002)  2.063e-007 ( 9.835e-007)  1.837e-001 ( 2.540e-002)  8.106e-001 ( 2.537e-002)  5.721e-003 ( 2.323e-003) 
55  7.055e-001 ( 2.798e-002)  2.945e-001 ( 2.798e-002)  3.190e-007 ( 1.476e-006)  1.758e-001 ( 2.324e-002)  8.178e-001 ( 2.323e-002)  6.400e-003 ( 2.502e-003) 
56  6.924e-001 ( 2.701e-002)  3.076e-001 ( 2.701e-002)  4.926e-007 ( 2.210e-006)  1.682e-001 ( 2.122e-002)  8.246e-001 ( 2.125e-002)  7.157e-003 ( 2.692e-003) 
57  6.789e-001 ( 2.606e-002)  3.211e-001 ( 2.606e-002)  7.602e-007 ( 3.305e-006)  1.609e-001 ( 1.936e-002)  8.311e-001 ( 1.943e-002)  7.999e-003 ( 2.890e-003) 
58  6.651e-001 ( 2.514e-002)  3.349e-001 ( 2.514e-002)  1.172e-006 ( 4.932e-006)  1.538e-001 ( 1.765e-002)  8.373e-001 ( 1.777e-002)  8.937e-003 ( 3.097e-003) 
59  6.510e-001 ( 2.431e-002)  3.490e-001 ( 2.431e-002)  1.806e-006 ( 7.346e-006)  1.470e-001 ( 1.609e-002)  8.431e-001 ( 1.628e-002)  9.979e-003 ( 3.313e-003) 
60  6.366e-001 ( 2.360e-002)  3.634e-001 ( 2.360e-002)  2.779e-006 ( 1.092e-005)  1.403e-001 ( 1.470e-002)  8.485e-001 ( 1.496e-002)  1.114e-002 ( 3.536e-003) 
61  6.220e-001 ( 2.307e-002)  3.780e-001 ( 2.307e-002)  4.274e-006 ( 1.620e-005)  1.340e-001 ( 1.347e-002)  8.536e-001 ( 1.382e-002)  1.243e-002 ( 3.767e-003) 
62  6.072e-001 ( 2.275e-002)  3.928e-001 ( 2.275e-002)  6.566e-006 ( 2.397e-005)  1.278e-001 ( 1.241e-002)  8.583e-001 ( 1.286e-002)  1.385e-002 ( 4.004e-003) 
63  5.922e-001 ( 2.269e-002)  4.078e-001 ( 2.269e-002)  1.008e-005 ( 3.539e-005)  1.219e-001 ( 1.151e-002)  8.627e-001 ( 1.208e-002)  1.544e-002 ( 4.246e-003) 
64  5.770e-001 ( 2.290e-002)  4.230e-001 ( 2.290e-002)  1.545e-005 ( 5.212e-005)  1.162e-001 ( 1.077e-002)  8.666e-001 ( 1.147e-002)  1.720e-002 ( 4.492e-003) 
65  5.616e-001 ( 2.341e-002)  4.384e-001 ( 2.341e-002)  2.368e-005 ( 7.656e-005)  1.107e-001 ( 1.019e-002)  8.702e-001 ( 1.103e-002)  1.915e-002 ( 4.742e-003) 
66  5.461e-001 ( 2.419e-002)  4.538e-001 ( 2.419e-002)  3.624e-005 ( 1.121e-004)  1.054e-001 ( 9.747e-003)  8.733e-001 ( 1.073e-002)  2.132e-002 ( 4.994e-003) 
67  5.305e-001 ( 2.524e-002)  4.694e-001 ( 2.524e-002)  5.540e-005 ( 1.638e-004)  1.003e-001 ( 9.437e-003)  8.760e-001 ( 1.056e-002)  2.371e-002 ( 5.247e-003) 
68  5.149e-001 ( 2.651e-002)  4.850e-001 ( 2.651e-002)  8.463e-005 ( 2.385e-004)  9.543e-002 ( 9.237e-003)  8.782e-001 ( 1.049e-002)  2.636e-002 ( 5.502e-003) 
69  4.992e-001 ( 2.797e-002)  5.006e-001 ( 2.797e-002)  1.291e-004 ( 3.461e-004)  9.073e-002 ( 9.125e-003)  8.800e-001 ( 1.051e-002)  2.929e-002 ( 5.757e-003) 
70  4.836e-001 ( 2.957e-002)  5.162e-001 ( 2.957e-002)  1.969e-004 ( 5.004e-004)  8.622e-002 ( 9.081e-003)  8.812e-001 ( 1.059e-002)  3.253e-002 ( 6.016e-003) 
71  4.679e-001 ( 3.127e-002)  5.318e-001 ( 3.127e-002)  2.998e-004 ( 7.207e-004)  8.188e-002 ( 9.086e-003)  8.820e-001 ( 1.072e-002)  3.611e-002 ( 6.280e-003) 
72  4.523e-001 ( 3.304e-002)  5.473e-001 ( 3.304e-002)  4.561e-004 ( 1.034e-003)  7.771e-002 ( 9.121e-003)  8.822e-001 ( 1.089e-002)  4.005e-002 ( 6.555e-003) 
73  4.367e-001 ( 3.483e-002)  5.626e-001 ( 3.484e-002)  6.932e-004 ( 1.476e-003)  7.371e-002 ( 9.174e-003)  8.819e-001 ( 1.108e-002)  4.440e-002 ( 6.849e-003) 
74  4.212e-001 ( 3.662e-002)  5.777e-001 ( 3.664e-002)  1.052e-003 ( 2.096e-003)  6.986e-002 ( 9.231e-003)  8.810e-001 ( 1.129e-002)  4.918e-002 ( 7.175e-003) 
75  4.058e-001 ( 3.837e-002)  5.926e-001 ( 3.842e-002)  1.596e-003 ( 2.960e-003)  6.617e-002 ( 9.284e-003)  8.794e-001 ( 1.154e-002)  5.444e-002 ( 7.550e-003) 
76  3.905e-001 ( 4.007e-002)  6.071e-001 ( 4.015e-002)  2.417e-003 ( 4.153e-003)  6.263e-002 ( 9.325e-003)  8.772e-001 ( 1.182e-002)  6.022e-002 ( 7.996e-003) 
77  3.753e-001 ( 4.168e-002)  6.211e-001 ( 4.182e-002)  3.655e-003 ( 5.785e-003)  5.923e-002 ( 9.350e-003)  8.742e-001 ( 1.216e-002)  6.656e-002 ( 8.541e-003) 
78  3.601e-001 ( 4.318e-002)  6.344e-001 ( 4.345e-002)  5.519e-003 ( 7.989e-003)  5.596e-002 ( 9.356e-003)  8.705e-001 ( 1.259e-002)  7.350e-002 ( 9.217e-003) 
79  3.449e-001 ( 4.456e-002)  6.468e-001 ( 4.506e-002)  8.319e-003 ( 1.092e-002)  5.283e-002 ( 9.338e-003)  8.661e-001 ( 1.313e-002)  8.109e-002 ( 1.006e-002) 
80  3.295e-001 ( 4.578e-002)  6.580e-001 ( 4.670e-002)  1.251e-002 ( 1.476e-002)  4.982e-002 ( 9.297e-003)  8.608e-001 ( 1.384e-002)  8.937e-002 ( 1.111e-002) 
81  3.139e-001 ( 4.682e-002)  6.673e-001 ( 4.849e-002)  1.876e-002 ( 1.965e-002)  4.693e-002 ( 9.231e-003)  8.547e-001 ( 1.475e-002)  9.840e-002 ( 1.239e-002) 
82  2.979e-001 ( 4.763e-002)  6.741e-001 ( 5.055e-002)  2.801e-002 ( 2.571e-002)  4.417e-002 ( 9.141e-003)  8.476e-001 ( 1.591e-002)  1.082e-001 ( 1.394e-002) 
83  2.811e-001 ( 4.815e-002)  6.773e-001 ( 5.306e-002)  4.161e-002 ( 3.296e-002)  4.151e-002 ( 9.026e-003)  8.396e-001 ( 1.737e-002)  1.189e-001 ( 1.579e-002) 
84  2.633e-001 ( 4.829e-002)  6.754e-001 ( 5.614e-002)  6.134e-002 ( 4.129e-002)  3.897e-002 ( 8.888e-003)  8.306e-001 ( 1.915e-002)  1.304e-001 ( 1.795e-002) 
85  2.440e-001 ( 4.792e-002)  6.665e-001 ( 5.990e-002)  8.948e-002 ( 5.053e-002)  3.653e-002 ( 8.728e-003)  8.206e-001 ( 2.128e-002)  1.429e-001 ( 2.045e-002) 
86  2.230e-001 ( 4.695e-002)  6.483e-001 ( 6.452e-002)  1.287e-001 ( 6.083e-002)  3.419e-002 ( 8.546e-003)  8.095e-001 ( 2.379e-002)  1.563e-001 ( 2.329e-002) 
87  1.999e-001 ( 4.540e-002)  6.186e-001 ( 7.083e-002)  1.815e-001 ( 7.329e-002)  3.195e-002 ( 8.345e-003)  7.973e-001 ( 2.667e-002)  1.707e-001 ( 2.648e-002) 
88  1.747e-001 ( 4.359e-002)  5.756e-001 ( 8.066e-002)  2.497e-001 ( 9.018e-002)  2.981e-002 ( 8.126e-003)  7.840e-001 ( 2.994e-002)  1.862e-001 ( 3.002e-002) 
89  1.480e-001 ( 4.206e-002)  5.191e-001 ( 9.585e-002)  3.329e-001 ( 1.131e-001)  2.777e-002 ( 7.891e-003)  7.696e-001 ( 3.358e-002)  2.026e-001 ( 3.390e-002) 
90  1.208e-001 ( 4.116e-002)  4.513e-001 ( 1.153e-001)  4.278e-001 ( 1.399e-001)  2.581e-002 ( 7.641e-003)  7.540e-001 ( 3.757e-002)  2.202e-001 ( 3.812e-002) 