# SEFchr.txt
#IMaCh version 0.99r45, April 2023,INED-EUROREVES-Institut de longevite-Japan Society for the Promotion of Science (Grant-in-Aid for Scientific Research 25293121), Intel Software 2015-2020, Nihon University 2021-202, INED 2000-2022
#$Revision: 1.353 $ $Date: 2023/05/08 18:48:22 $
# Tue Feb 04 22:21:37 2025
#One-step probabilities and correlation matrix
# Age p1-1  p1-2  p1-3  p2-1  p2-2  p2-3 
50  7.662e-001  2.338e-001  3.587e-008  2.177e-001  7.787e-001  3.634e-003 
50 1-1  1.000e+000
50 1-2 -1.000e+000  1.000e+000
50 1-3 -2.536e-002  2.536e-002  1.000e+000
50 2-1 -3.085e-002  3.085e-002 -5.144e-003  1.000e+000
50 2-2  3.129e-002 -3.129e-002  5.280e-003 -9.989e-001  1.000e+000
50 2-3 -7.541e-003  7.541e-003 -2.570e-003 -7.774e-002  2.998e-002  1.000e+000
51  7.548e-001  2.452e-001  5.561e-008  2.088e-001  7.871e-001  4.074e-003 
51 1-1  1.000e+000
51 1-2 -1.000e+000  1.000e+000
51 1-3 -2.403e-002  2.402e-002  1.000e+000
51 2-1 -3.115e-002  3.115e-002 -4.934e-003  1.000e+000
51 2-2  3.163e-002 -3.163e-002  5.097e-003 -9.984e-001  1.000e+000
51 2-3 -7.125e-003  7.125e-003 -2.667e-003 -7.287e-002  1.674e-002  1.000e+000
52  7.430e-001  2.570e-001  8.616e-008  2.002e-001  7.953e-001  4.564e-003 
52 1-1  1.000e+000
52 1-2 -1.000e+000  1.000e+000
52 1-3 -2.264e-002  2.262e-002  1.000e+000
52 2-1 -3.150e-002  3.150e-002 -4.687e-003  1.000e+000
52 2-2  3.201e-002 -3.201e-002  4.881e-003 -9.978e-001  1.000e+000
52 2-3 -6.646e-003  6.646e-003 -2.769e-003 -6.830e-002  2.288e-003  1.000e+000
53  7.309e-001  2.691e-001  1.334e-007  1.918e-001  8.031e-001  5.111e-003 
53 1-1  1.000e+000
53 1-2 -1.000e+000  1.000e+000
53 1-3 -2.117e-002  2.115e-002  1.000e+000
53 2-1 -3.187e-002  3.187e-002 -4.394e-003  1.000e+000
53 2-2  3.241e-002 -3.241e-002  4.626e-003 -9.970e-001  1.000e+000
53 2-3 -6.095e-003  6.095e-003 -2.877e-003 -6.406e-002 -1.364e-002  1.000e+000
54  7.184e-001  2.816e-001  2.063e-007  1.837e-001  8.106e-001  5.721e-003 
54 1-1  1.000e+000
54 1-2 -1.000e+000  1.000e+000
54 1-3 -1.962e-002  1.958e-002  1.000e+000
54 2-1 -3.228e-002  3.228e-002 -4.046e-003  1.000e+000
54 2-2  3.283e-002 -3.283e-002  4.326e-003 -9.958e-001  1.000e+000
54 2-3 -5.466e-003  5.466e-003 -2.992e-003 -6.016e-002 -3.131e-002  1.000e+000
55  7.055e-001  2.945e-001  3.190e-007  1.758e-001  8.178e-001  6.400e-003 
55 1-1  1.000e+000
55 1-2 -1.000e+000  1.000e+000
55 1-3 -1.798e-002  1.793e-002  1.000e+000
55 2-1 -3.273e-002  3.273e-002 -3.635e-003  1.000e+000
55 2-2  3.325e-002 -3.325e-002  3.972e-003 -9.942e-001  1.000e+000
55 2-3 -4.750e-003  4.751e-003 -3.114e-003 -5.663e-002 -5.106e-002  1.000e+000
56  6.924e-001  3.076e-001  4.926e-007  1.682e-001  8.246e-001  7.157e-003 
56 1-1  1.000e+000
56 1-2 -1.000e+000  1.000e+000
56 1-3 -1.624e-002  1.616e-002  1.000e+000
56 2-1 -3.320e-002  3.320e-002 -3.148e-003  1.000e+000
56 2-2  3.366e-002 -3.366e-002  3.555e-003 -9.920e-001  1.000e+000
56 2-3 -3.943e-003  3.943e-003 -3.247e-003 -5.351e-002 -7.321e-002  1.000e+000
57  6.789e-001  3.211e-001  7.602e-007  1.609e-001  8.311e-001  7.999e-003 
57 1-1  1.000e+000
57 1-2 -1.000e+000  1.000e+000
57 1-3 -1.440e-002  1.427e-002  1.000e+000
57 2-1 -3.369e-002  3.369e-002 -2.572e-003  1.000e+000
57 2-2  3.402e-002 -3.403e-002  3.067e-003 -9.889e-001  1.000e+000
57 2-3 -3.039e-003  3.039e-003 -3.390e-003 -5.083e-002 -9.810e-002  1.000e+000
58  6.651e-001  3.349e-001  1.172e-006  1.538e-001  8.373e-001  8.937e-003 
58 1-1  1.000e+000
58 1-2 -1.000e+000  1.000e+000
58 1-3 -1.246e-002  1.226e-002  1.000e+000
58 2-1 -3.418e-002  3.418e-002 -1.893e-003  1.000e+000
58 2-2  3.431e-002 -3.431e-002  2.499e-003 -9.847e-001  1.000e+000
58 2-3 -2.041e-003  2.042e-003 -3.547e-003 -4.863e-002 -1.260e-001  1.000e+000
59  6.510e-001  3.490e-001  1.806e-006  1.470e-001  8.431e-001  9.979e-003 
59 1-1  1.000e+000
59 1-2 -1.000e+000  1.000e+000
59 1-3 -1.042e-002  1.012e-002  1.000e+000
59 2-1 -3.464e-002  3.464e-002 -1.098e-003  1.000e+000
59 2-2  3.444e-002 -3.444e-002  1.842e-003 -9.791e-001  1.000e+000
59 2-3 -9.603e-004  9.614e-004 -3.719e-003 -4.694e-002 -1.571e-001  1.000e+000
60  6.366e-001  3.634e-001  2.779e-006  1.403e-001  8.485e-001  1.114e-002 
60 1-1  1.000e+000
60 1-2 -1.000e+000  1.000e+000
60 1-3 -8.325e-003  7.863e-003  1.000e+000
60 2-1 -3.503e-002  3.503e-002 -1.735e-004  1.000e+000
60 2-2  3.437e-002 -3.437e-002  1.094e-003 -9.717e-001  1.000e+000
60 2-3  1.794e-004 -1.776e-004 -3.909e-003 -4.580e-002 -1.914e-001  1.000e+000
61  6.220e-001  3.780e-001  4.274e-006  1.340e-001  8.536e-001  1.243e-002 
61 1-1  1.000e+000
61 1-2 -1.000e+000  1.000e+000
61 1-3 -6.213e-003  5.511e-003  1.000e+000
61 2-1 -3.529e-002  3.529e-002  8.881e-004  1.000e+000
61 2-2  3.403e-002 -3.403e-002  2.577e-004 -9.622e-001  1.000e+000
61 2-3  1.337e-003 -1.334e-003 -4.122e-003 -4.522e-002 -2.284e-001  1.000e+000
62  6.072e-001  3.928e-001  6.566e-006  1.278e-001  8.583e-001  1.385e-002 
62 1-1  1.000e+000
62 1-2 -1.000e+000  1.000e+000
62 1-3 -4.164e-003  3.110e-003  1.000e+000
62 2-1 -3.538e-002  3.538e-002  2.087e-003  1.000e+000
62 2-2  3.336e-002 -3.336e-002 -6.557e-004 -9.504e-001  1.000e+000
62 2-3  2.452e-003 -2.448e-003 -4.360e-003 -4.522e-002 -2.677e-001  1.000e+000
63  5.922e-001  4.078e-001  1.008e-005  1.219e-001  8.627e-001  1.544e-002 
63 1-1  1.000e+000
63 1-2 -1.000e+000  1.000e+000
63 1-3 -2.276e-003  7.157e-004  1.000e+000
63 2-1 -3.526e-002  3.525e-002  3.412e-003  1.000e+000
63 2-2  3.237e-002 -3.236e-002 -1.622e-003 -9.363e-001  1.000e+000
63 2-3  3.453e-003 -3.446e-003 -4.629e-003 -4.577e-002 -3.079e-001  1.000e+000
64  5.770e-001  4.230e-001  1.545e-005  1.162e-001  8.666e-001  1.720e-002 
64 1-1  1.000e+000
64 1-2 -1.000e+000  1.000e+000
64 1-3 -6.606e-004 -1.615e-003  1.000e+000
64 2-1 -3.490e-002  3.488e-002  4.837e-003  1.000e+000
64 2-2  3.109e-002 -3.108e-002 -2.607e-003 -9.203e-001  1.000e+000
64 2-3  4.261e-003 -4.250e-003 -4.936e-003 -4.683e-002 -3.476e-001  1.000e+000
65  5.616e-001  4.384e-001  2.368e-005  1.107e-001  8.702e-001  1.915e-002 
65 1-1  1.000e+000
65 1-2 -1.000e+000  1.000e+000
65 1-3  5.753e-004 -3.846e-003  1.000e+000
65 2-1 -3.431e-002  3.429e-002  6.323e-003  1.000e+000
65 2-2  2.963e-002 -2.962e-002 -3.568e-003 -9.030e-001  1.000e+000
65 2-3  4.809e-003 -4.792e-003 -5.287e-003 -4.832e-002 -3.854e-001  1.000e+000
66  5.461e-001  4.538e-001  3.624e-005  1.054e-001  8.733e-001  2.132e-002 
66 1-1  1.000e+000
66 1-2 -1.000e+000  1.000e+000
66 1-3  1.344e-003 -5.980e-003  1.000e+000
66 2-1 -3.356e-002  3.352e-002  7.824e-003  1.000e+000
66 2-2  2.815e-002 -2.812e-002 -4.460e-003 -8.853e-001  1.000e+000
66 2-3  5.048e-003 -5.022e-003 -5.691e-003 -5.014e-002 -4.200e-001  1.000e+000
67  5.305e-001  4.694e-001  5.540e-005  1.003e-001  8.760e-001  2.371e-002 
67 1-1  1.000e+000
67 1-2 -1.000e+000  1.000e+000
67 1-3  1.583e-003 -8.073e-003  1.000e+000
67 2-1 -3.270e-002  3.264e-002  9.293e-003  1.000e+000
67 2-2  2.677e-002 -2.674e-002 -5.247e-003 -8.681e-001  1.000e+000
67 2-3  4.955e-003 -4.914e-003 -6.159e-003 -5.220e-002 -4.504e-001  1.000e+000
68  5.149e-001  4.850e-001  8.463e-005  9.543e-002  8.782e-001  2.636e-002 
68 1-1  1.000e+000
68 1-2 -1.000e+000  1.000e+000
68 1-3  1.247e-003 -1.024e-002  1.000e+000
68 2-1 -3.180e-002  3.170e-002  1.069e-002  1.000e+000
68 2-2  2.563e-002 -2.557e-002 -5.899e-003 -8.519e-001  1.000e+000
68 2-3  4.522e-003 -4.462e-003 -6.704e-003 -5.442e-002 -4.765e-001  1.000e+000
69  4.992e-001  5.006e-001  1.291e-004  9.073e-002  8.800e-001  2.929e-002 
69 1-1  1.000e+000
69 1-2 -9.999e-001  1.000e+000
69 1-3  2.948e-004 -1.267e-002  1.000e+000
69 2-1 -3.092e-002  3.077e-002  1.200e-002  1.000e+000
69 2-2  2.479e-002 -2.470e-002 -6.399e-003 -8.372e-001  1.000e+000
69 2-3  3.758e-003 -3.667e-003 -7.341e-003 -5.674e-002 -4.986e-001  1.000e+000
70  4.836e-001  5.162e-001  1.969e-004  8.622e-002  8.812e-001  3.253e-002 
70 1-1  1.000e+000
70 1-2 -9.999e-001  1.000e+000
70 1-3 -1.329e-003 -1.559e-002  1.000e+000
70 2-1 -3.010e-002  2.987e-002  1.322e-002  1.000e+000
70 2-2  2.428e-002 -2.417e-002 -6.737e-003 -8.238e-001  1.000e+000
70 2-3  2.673e-003 -2.536e-003 -8.088e-003 -5.913e-002 -5.173e-001  1.000e+000
71  4.679e-001  5.318e-001  2.998e-004  8.188e-002  8.820e-001  3.611e-002 
71 1-1  1.000e+000
71 1-2 -9.997e-001  1.000e+000
71 1-3 -3.705e-003 -1.934e-002  1.000e+000
71 2-1 -2.936e-002  2.902e-002  1.435e-002  1.000e+000
71 2-2  2.413e-002 -2.397e-002 -6.905e-003 -8.113e-001  1.000e+000
71 2-3  1.279e-003 -1.072e-003 -8.965e-003 -6.159e-002 -5.335e-001  1.000e+000
72  4.523e-001  5.473e-001  4.561e-004  7.771e-002  8.822e-001  4.005e-002 
72 1-1  1.000e+000
72 1-2 -9.995e-001  1.000e+000
72 1-3 -6.955e-003 -2.433e-002  1.000e+000
72 2-1 -2.872e-002  2.823e-002  1.541e-002  1.000e+000
72 2-2  2.431e-002 -2.409e-002 -6.895e-003 -7.993e-001  1.000e+000
72 2-3 -4.109e-004  7.234e-004 -9.994e-003 -6.412e-002 -5.484e-001  1.000e+000
73  4.367e-001  5.626e-001  6.932e-004  7.371e-002  8.819e-001  4.440e-002 
73 1-1  1.000e+000
73 1-2 -9.991e-001  1.000e+000
73 1-3 -1.125e-002 -3.110e-002  1.000e+000
73 2-1 -2.817e-002  2.747e-002  1.644e-002  1.000e+000
73 2-2  2.481e-002 -2.451e-002 -6.692e-003 -7.870e-001  1.000e+000
73 2-3 -2.380e-003  2.853e-003 -1.120e-002 -6.675e-002 -5.631e-001  1.000e+000
74  4.212e-001  5.777e-001  1.052e-003  6.986e-002  8.810e-001  4.918e-002 
74 1-1  1.000e+000
74 1-2 -9.984e-001  1.000e+000
74 1-3 -1.683e-002 -4.038e-002  1.000e+000
74 2-1 -2.773e-002  2.671e-002  1.747e-002  1.000e+000
74 2-2  2.559e-002 -2.522e-002 -6.272e-003 -7.734e-001  1.000e+000
74 2-3 -4.597e-003  5.315e-003 -1.260e-002 -6.947e-002 -5.787e-001  1.000e+000
75  4.058e-001  5.926e-001  1.596e-003  6.617e-002  8.794e-001  5.444e-002 
75 1-1  1.000e+000
75 1-2 -9.970e-001  1.000e+000
75 1-3 -2.398e-002 -5.310e-002  1.000e+000
75 2-1 -2.739e-002  2.593e-002  1.852e-002  1.000e+000
75 2-2  2.663e-002 -2.617e-002 -5.600e-003 -7.575e-001  1.000e+000
75 2-3 -7.013e-003  8.101e-003 -1.422e-002 -7.229e-002 -5.964e-001  1.000e+000
76  3.905e-001  6.071e-001  2.417e-003  6.263e-002  8.772e-001  6.022e-002 
76 1-1  1.000e+000
76 1-2 -9.946e-001  1.000e+000
76 1-3 -3.307e-002 -7.046e-002  1.000e+000
76 2-1 -2.715e-002  2.506e-002  1.964e-002  1.000e+000
76 2-2  2.788e-002 -2.734e-002 -4.628e-003 -7.381e-001  1.000e+000
76 2-3 -9.545e-003  1.119e-002 -1.606e-002 -7.521e-002 -6.172e-001  1.000e+000
77  3.753e-001  6.211e-001  3.655e-003  5.923e-002  8.742e-001  6.656e-002 
77 1-1  1.000e+000
77 1-2 -9.904e-001  1.000e+000
77 1-3 -4.453e-002 -9.395e-002  1.000e+000
77 2-1 -2.701e-002  2.404e-002  2.086e-002  1.000e+000
77 2-2  2.925e-002 -2.869e-002 -3.296e-003 -7.140e-001  1.000e+000
77 2-3 -1.207e-002  1.454e-002 -1.814e-002 -7.823e-002 -6.422e-001  1.000e+000
78  3.601e-001  6.344e-001  5.519e-003  5.596e-002  8.705e-001  7.350e-002 
78 1-1  1.000e+000
78 1-2 -9.830e-001  1.000e+000
78 1-3 -5.885e-002 -1.254e-001  1.000e+000
78 2-1 -2.701e-002  2.275e-002  2.223e-002  1.000e+000
78 2-2  3.065e-002 -3.018e-002 -1.536e-003 -6.836e-001  1.000e+000
78 2-3 -1.444e-002  1.812e-002 -2.047e-002 -8.138e-002 -6.718e-001  1.000e+000
79  3.449e-001  6.468e-001  8.319e-003  5.283e-002  8.661e-001  8.109e-002 
79 1-1  1.000e+000
79 1-2 -9.704e-001  1.000e+000
79 1-3 -7.650e-002 -1.668e-001  1.000e+000
79 2-1 -2.715e-002  2.108e-002  2.381e-002  1.000e+000
79 2-2  3.193e-002 -3.175e-002  7.283e-004 -6.461e-001  1.000e+000
79 2-3 -1.648e-002  2.189e-002 -2.305e-002 -8.469e-002 -7.058e-001  1.000e+000
80  3.295e-001  6.580e-001  1.251e-002  4.982e-002  8.608e-001  8.937e-002 
80 1-1  1.000e+000
80 1-2 -9.493e-001  1.000e+000
80 1-3 -9.794e-002 -2.199e-001  1.000e+000
80 2-1 -2.748e-002  1.883e-002  2.566e-002  1.000e+000
80 2-2  3.291e-002 -3.339e-002  3.573e-003 -6.009e-001  1.000e+000
80 2-3 -1.802e-002  2.585e-002 -2.593e-002 -8.829e-002 -7.432e-001  1.000e+000
81  3.139e-001  6.673e-001  1.876e-002  4.693e-002  8.547e-001  9.840e-002 
81 1-1  1.000e+000
81 1-2 -9.156e-001  1.000e+000
81 1-3 -1.234e-001 -2.860e-001  1.000e+000
81 2-1 -2.804e-002  1.578e-002  2.787e-002  1.000e+000
81 2-2  3.340e-002 -3.512e-002  7.078e-003 -5.483e-001  1.000e+000
81 2-3 -1.888e-002  3.006e-002 -2.919e-002 -9.229e-002 -7.821e-001  1.000e+000
82  2.979e-001  6.741e-001  2.801e-002  4.417e-002  8.476e-001  1.082e-001 
82 1-1  1.000e+000
82 1-2 -8.645e-001  1.000e+000
82 1-3 -1.529e-001 -3.646e-001  1.000e+000
82 2-1 -2.890e-002  1.169e-002  3.055e-002  1.000e+000
82 2-2  3.318e-002 -3.702e-002  1.133e-002 -4.895e-001  1.000e+000
82 2-3 -1.892e-002  3.459e-002 -3.296e-002 -9.689e-002 -8.204e-001  1.000e+000
83  2.811e-001  6.773e-001  4.161e-002  4.151e-002  8.396e-001  1.189e-001 
83 1-1  1.000e+000
83 1-2 -7.921e-001  1.000e+000
83 1-3 -1.859e-001 -4.526e-001  1.000e+000
83 2-1 -3.014e-002  6.350e-003  3.380e-002  1.000e+000
83 2-2  3.205e-002 -3.930e-002  1.643e-002 -4.268e-001  1.000e+000
83 2-3 -1.803e-002  3.960e-002 -3.740e-002 -1.023e-001 -8.560e-001  1.000e+000
84  2.633e-001  6.754e-001  6.134e-002  3.897e-002  8.306e-001  1.304e-001 
84 1-1  1.000e+000
84 1-2 -6.970e-001  1.000e+000
84 1-3 -2.218e-001 -5.446e-001  1.000e+000
84 2-1 -3.185e-002 -3.400e-004  3.772e-002  1.000e+000
84 2-2  2.987e-002 -4.224e-002  2.250e-002 -3.624e-001  1.000e+000
84 2-3 -1.608e-002  4.522e-002 -4.267e-002 -1.086e-001 -8.872e-001  1.000e+000
85  2.440e-001  6.665e-001  8.948e-002  3.653e-002  8.206e-001  1.429e-001 
85 1-1  1.000e+000
85 1-2 -5.803e-001  1.000e+000
85 1-3 -2.606e-001 -6.351e-001  1.000e+000
85 2-1 -3.413e-002 -8.286e-003  4.219e-002  1.000e+000
85 2-2  2.647e-002 -4.609e-002  2.953e-002 -2.987e-001  1.000e+000
85 2-3 -1.298e-002  5.151e-002 -4.875e-002 -1.159e-001 -9.133e-001  1.000e+000
86  2.230e-001  6.483e-001  1.287e-001  3.419e-002  8.095e-001  1.563e-001 
86 1-1  1.000e+000
86 1-2 -4.403e-001  1.000e+000
86 1-3 -3.048e-001 -7.209e-001  1.000e+000
86 2-1 -3.698e-002 -1.706e-002  4.665e-002  1.000e+000
86 2-2  2.173e-002 -5.080e-002  3.711e-002 -2.374e-001  1.000e+000
86 2-3 -8.622e-003  5.815e-002 -5.503e-002 -1.245e-001 -9.343e-001  1.000e+000
87  1.999e-001  6.186e-001  1.815e-001  3.195e-002  7.973e-001  1.707e-001 
87 1-1  1.000e+000
87 1-2 -2.654e-001  1.000e+000
87 1-3 -3.631e-001 -8.020e-001  1.000e+000
87 2-1 -4.020e-002 -2.556e-002  4.960e-002  1.000e+000
87 2-2  1.557e-002 -5.534e-002  4.384e-002 -1.796e-001  1.000e+000
87 2-3 -3.016e-003  6.380e-002 -5.979e-002 -1.342e-001 -9.507e-001  1.000e+000
88  1.747e-001  5.756e-001  2.497e-001  2.981e-002  7.840e-001  1.862e-001 
88 1-1  1.000e+000
88 1-2 -3.880e-002  1.000e+000
88 1-3 -4.486e-001 -8.757e-001  1.000e+000
88 2-1 -4.307e-002 -3.168e-002  4.915e-002  1.000e+000
88 2-2  8.143e-003 -5.744e-002  4.744e-002 -1.257e-001  1.000e+000
88 2-3  3.537e-003  6.586e-002 -6.061e-002 -1.453e-001 -9.633e-001  1.000e+000
89  1.480e-001  5.191e-001  3.329e-001  2.777e-002  7.696e-001  2.026e-001 
89 1-1  1.000e+000
89 1-2  2.282e-001  1.000e+000
89 1-3 -5.652e-001 -9.322e-001  1.000e+000
89 2-1 -4.430e-002 -3.358e-002  4.492e-002  1.000e+000
89 2-2  2.021e-004 -5.528e-002  4.677e-002 -7.582e-002  1.000e+000
89 2-3  1.011e-002  6.256e-002 -5.677e-002 -1.576e-001 -9.727e-001  1.000e+000
90  1.208e-001  4.513e-001  4.278e-001  2.581e-002  7.540e-001  2.202e-001 
90 1-1  1.000e+000
90 1-2  4.814e-001  1.000e+000
90 1-3 -6.912e-001 -9.662e-001  1.000e+000
90 2-1 -4.276e-002 -3.173e-002  3.874e-002  1.000e+000
90 2-2 -6.776e-003 -4.986e-002  4.310e-002 -2.962e-002  1.000e+000
90 2-3  1.525e-002  5.550e-002 -5.025e-002 -1.713e-001 -9.797e-001  1.000e+000