
#****** ******
# SEFchr.txt
#IMaCh version 0.99r45, April 2023,INED-EUROREVES-Institut de longevite-Japan Society for the Promotion of Science (Grant-in-Aid for Scientific Research 25293121), Intel Software 2015-2020, Nihon University 2021-202, INED 2000-2022
#$Revision: 1.353 $ $Date: 2023/05/08 18:48:22 $
# Tue Feb 04 22:21:37 2025
# Variance and covariance of health expectancies e.j 
#  (weighted average of eij where weights are the age specific period (stable) prevalences in each health state 
# Age Cov(e.1, e.1) Cov(e.1, e.2) Cov(e.2, e.1) Cov(e.2, e.2)
50  0.5807 -0.4245 -0.4245 1.3943
51  0.5066 -0.3584 -0.3584 1.3269
52  0.4406 -0.3002 -0.3002 1.2664
53  0.3826 -0.2495 -0.2495 1.2123
54  0.3319 -0.2060 -0.2060 1.1642
55  0.2882 -0.1690 -0.1690 1.1217
56  0.2509 -0.1380 -0.1380 1.0840
57  0.2193 -0.1122 -0.1122 1.0502
58  0.1926 -0.0913 -0.0913 1.0208
59  0.1704 -0.0744 -0.0744 0.9946
60  0.1518 -0.0609 -0.0609 0.9712
61  0.1364 -0.0502 -0.0502 0.9501
62  0.1235 -0.0417 -0.0417 0.9310
63  0.1127 -0.0349 -0.0349 0.9136
64  0.1034 -0.0295 -0.0295 0.8977
65  0.0953 -0.0250 -0.0250 0.8832
66  0.0882 -0.0213 -0.0213 0.8699
67  0.0817 -0.0180 -0.0180 0.8579
68  0.0757 -0.0151 -0.0151 0.8471
69  0.0700 -0.0125 -0.0125 0.8375
70  0.0647 -0.0100 -0.0100 0.8292
71  0.0595 -0.0076 -0.0076 0.8220
72  0.0546 -0.0054 -0.0054 0.8160
73  0.0498 -0.0032 -0.0032 0.8110
74  0.0453 -0.0013 -0.0013 0.8069
75  0.0409 0.0006 0.0006 0.8035
76  0.0368 0.0022 0.0022 0.8005
77  0.0234 -0.0106 -0.0106 0.9045
78  0.0293 0.0049 0.0049 0.7946
79  0.0259 0.0060 0.0060 0.7911
80  0.0228 0.0068 0.0068 0.7867
81  0.0200 0.0074 0.0074 0.7812
82  0.0174 0.0078 0.0078 0.7742
83  0.0150 0.0081 0.0081 0.7656
84  0.0129 0.0082 0.0082 0.7553
85  0.0111 0.0081 0.0081 0.7432
86  0.0094 0.0081 0.0081 0.7294
87  0.0080 0.0079 0.0079 0.7140
88  0.0068 0.0078 0.0078 0.6971
89  0.0058 0.0076 0.0076 0.6786
90  0.0049 0.0075 0.0075 0.6587
