
#****** ******
# SEFchr.txt
#IMaCh version 0.99r45, April 2023,INED-EUROREVES-Institut de longevite-Japan Society for the Promotion of Science (Grant-in-Aid for Scientific Research 25293121), Intel Software 2015-2020, Nihon University 2021-202, INED 2000-2022
#$Revision: 1.353 $ $Date: 2023/05/08 18:48:22 $
# Tue Feb 04 22:21:37 2025
# Standard deviation of period (forward stable) prevalences 
# Age  Result#  1-1 2-2
50 1  0.57973 (0.05980) 0.42040 (0.05988)
51 1  0.55827 (0.05810) 0.44189 (0.05819)
52 1  0.53651 (0.05615) 0.46366 (0.05624)
53 1  0.51455 (0.05396) 0.48565 (0.05405)
54 1  0.49247 (0.05156) 0.50774 (0.05165)
55 1  0.47037 (0.04898) 0.52986 (0.04908)
56 1  0.44834 (0.04627) 0.55191 (0.04636)
57 1  0.42645 (0.04347) 0.57367 (0.04352)
58 1  0.40483 (0.04060) 0.59530 (0.04065)
59 1  0.38356 (0.03772) 0.61657 (0.03777)
60 1  0.36273 (0.03487) 0.63742 (0.03492)
61 1  0.34240 (0.03210) 0.65774 (0.03215)
62 1  0.32266 (0.02947) 0.67748 (0.02951)
63 1  0.30357 (0.02700) 0.69657 (0.02704)
64 1  0.28518 (0.02474) 0.71496 (0.02477)
65 1  0.26754 (0.02272) 0.73259 (0.02275)
66 1  0.25068 (0.02097) 0.74944 (0.02099)
67 1  0.23463 (0.01949) 0.76548 (0.01951)
68 1  0.21940 (0.01829) 0.78070 (0.01830)
69 1  0.20500 (0.01735) 0.79509 (0.01736)
70 1  0.19142 (0.01665) 0.80866 (0.01665)
71 1  0.17865 (0.01614) 0.82142 (0.01614)
72 1  0.16668 (0.01580) 0.83338 (0.01579)
73 1  0.15548 (0.01557) 0.84460 (0.01556)
74 1  0.14501 (0.01542) 0.85506 (0.01541)
75 1  0.13525 (0.01531) 0.86481 (0.01531)
76 1  0.12615 (0.01524) 0.87390 (0.01523)
77 1  0.11770 (0.01215) 0.88237 (0.02280)
78 1  0.10983 (0.01509) 0.89023 (0.01508)
79 1  0.10250 (0.01499) 0.89754 (0.01499)
80 1  0.09569 (0.01488) 0.90435 (0.01487)
81 1  0.08936 (0.01474) 0.91069 (0.01473)
82 1  0.08344 (0.01458) 0.91660 (0.01457)
83 1  0.07791 (0.01438) 0.92212 (0.01438)
84 1  0.07274 (0.01416) 0.92730 (0.01415)
85 1  0.06785 (0.01390) 0.93218 (0.01390)
86 1  0.06322 (0.01361) 0.93681 (0.01360)
87 1  0.05880 (0.01327) 0.94122 (0.01327)
88 1  0.05457 (0.01290) 0.94545 (0.01289)
89 1  0.05049 (0.01248) 0.94953 (0.01247)
90 1  0.04655 (0.01203) 0.95346 (0.01202)
