# ESMadl.txt
#IMaCh version 0.99r45, April 2023,INED-EUROREVES-Institut de longevite-Japan Society for the Promotion of Science (Grant-in-Aid for Scientific Research 25293121), Intel Software 2015-2020, Nihon University 2021-202, INED 2000-2022
#$Revision: 1.353 $ $Date: 2023/05/08 18:48:22 $
# Tue Feb 04 22:03:38 2025

#****** ******
# (a) Life expectancies by health status at initial age and (b) health expectancies by health status at initial age
# Age e11  e12  e1.  e21  e22  e2. 
 50  26.3374   2.3048  28.6421  19.8968   6.5775  26.4742
 51  25.5272   2.3053  27.8325  19.1908   6.4488  25.6397
 52  24.7251   2.3055  27.0307  18.4930   6.3215  24.8145
 53  23.9314   2.3055  26.2369  17.8036   6.1954  23.9990
 54  23.1462   2.3052  25.4515  17.1232   6.0705  23.1937
 55  22.3700   2.3046  24.6746  16.4522   5.9467  22.3989
 56  21.6030   2.3036  23.9066  15.7911   5.8239  21.6150
 57  20.8456   2.3021  23.1478  15.1403   5.7022  20.8425
 58  20.0981   2.3002  22.3983  14.5003   5.5814  20.0817
 59  19.3608   2.2978  21.6586  13.8715   5.4615  19.3331
 60  18.6341   2.2948  20.9289  13.2545   5.3425  18.5970
 61  17.9182   2.2912  20.2094  12.6496   5.2244  17.8739
 62  17.2137   2.2869  19.5006  12.0573   5.1070  17.1643
 63  16.5208   2.2819  18.8027  11.4780   4.9904  16.4684
 64  15.8399   2.2760  18.1160  10.9123   4.8745  15.7867
 65  15.1715   2.2694  17.4408  10.3604   4.7592  15.1196
 66  14.5158   2.2618  16.7776   9.8228   4.6447  14.4675
 67  13.8732   2.2532  16.1265   9.3000   4.5308  13.8308
 68  13.2443   2.2437  15.4879   8.7922   4.4175  13.2097
 69  12.6292   2.2330  14.8622   8.2998   4.3049  12.6047
 70  12.0285   2.2212  14.2497   7.8231   4.1929  12.0160
 71  11.4425   2.2081  13.6506   7.3624   4.0815  11.4439
 72  10.8715   2.1939  13.0654   6.9180   3.9708  10.8888
 73  10.3160   2.1783  12.4943   6.4900   3.8608  10.3508
 74   9.7763   2.1613  11.9377   6.0787   3.7515   9.8302
 75   9.2528   2.1430  11.3958   5.6841   3.6429   9.3270
 76   8.7456   2.1233  10.8689   5.3065   3.5351   8.8416
 77   8.2552   2.1021  10.3573   4.9457   3.4282   8.3739
 78   7.7817   2.0795   9.8613   4.6018   3.3222   7.9240
 79   7.3255   2.0555   9.3810   4.2747   3.2172   7.4919
 80   6.8866   2.0300   8.9166   3.9644   3.1132   7.0776
 81   6.4653   2.0030   8.4684   3.6706   3.0104   6.6809
 82   6.0617   1.9747   8.0364   3.3931   2.9088   6.3019
 83   5.6758   1.9451   7.6208   3.1317   2.8086   5.9402
 84   5.3075   1.9141   7.2216   2.8860   2.7098   5.5957
 85   4.9569   1.8819   6.8388   2.6557   2.6125   5.2682
 86   4.6239   1.8486   6.4725   2.4403   2.5169   4.9571
 87   4.3082   1.8142   6.1224   2.2393   2.4230   4.6623
 88   4.0097   1.7788   5.7886   2.0524   2.3309   4.3833
 89   3.7281   1.7426   5.4707   1.8789   2.2409   4.1197
 90   3.4630   1.7057   5.1687   1.7182   2.1528   3.8711
