# ESMadl.txt
#IMaCh version 0.99r45, April 2023,INED-EUROREVES-Institut de longevite-Japan Society for the Promotion of Science (Grant-in-Aid for Scientific Research 25293121), Intel Software 2015-2020, Nihon University 2021-202, INED 2000-2022
#$Revision: 1.353 $ $Date: 2023/05/08 18:48:22 $
# Tue Feb 04 22:03:38 2025
# Forward period (stable) prevalence. Precision given by ftolpl=0.0006 
#Age 1-1 2-2 
#************
#Age   1-1     2-2   Total Years_to_converge
50  0.98870 0.01183 1.001 200
51  0.98755 0.01288 1.000 200
52  0.98630 0.01406 1.000 200
53  0.98492 0.01537 1.000 200
54  0.98341 0.01683 1.000 200
55  0.98176 0.01844 1.000 200
56  0.97994 0.02021 1.000 200
57  0.97796 0.02216 1.000 200
58  0.97580 0.02430 1.000 200
59  0.97343 0.02665 1.000 200
60  0.97084 0.02922 1.000 200
61  0.96802 0.03202 1.000 200
62  0.96495 0.03509 1.000 200
63  0.96160 0.03843 1.000 200
64  0.95795 0.04207 1.000 147
65  0.95399 0.04604 1.000 115
66  0.94969 0.05034 1.000 97
67  0.94502 0.05502 1.000 85
68  0.93995 0.06008 1.000 76
69  0.93448 0.06556 1.000 69
70  0.92855 0.07149 1.000 63
71  0.92216 0.07788 1.000 57
72  0.91527 0.08478 1.000 53
73  0.90785 0.09220 1.000 49
74  0.89988 0.10017 1.000 45
75  0.89134 0.10873 1.000 42
76  0.88218 0.11789 1.000 39
77  0.87240 0.12767 1.000 36
78  0.86197 0.13811 1.000 34
79  0.85087 0.14921 1.000 32
80  0.83908 0.16101 1.000 29
81  0.82660 0.17350 1.000 27
82  0.81342 0.18668 1.000 26
83  0.79953 0.20059 1.000 24
84  0.78495 0.21518 1.000 22
85  0.76967 0.23046 1.000 21
86  0.75374 0.24641 1.000 19
87  0.73716 0.26298 1.000 18
88  0.71999 0.28018 1.000 17
89  0.70227 0.29790 1.000 16
90  0.68405 0.31612 1.000 15
