# ESMadl.txt
#IMaCh version 0.99r45, April 2023,INED-EUROREVES-Institut de longevite-Japan Society for the Promotion of Science (Grant-in-Aid for Scientific Research 25293121), Intel Software 2015-2020, Nihon University 2021-202, INED 2000-2022
#$Revision: 1.353 $ $Date: 2023/05/08 18:48:22 $
# Tue Feb 04 22:03:38 2025
# probabilities of dying before estepm=6 months for people of exact age and weighted probabilities w1*p1j+w2*p2j+... stand dev in()
# Selected quantitative variables and dummies
# Age cov=1 p.3 SE w1 p13 w2 p23
 50 1   3.268e-003  8.984e-004  9.887e-001  3.186e-003   1.183e-002  9.949e-003 
 51 1   3.498e-003  9.196e-004  9.876e-001  3.403e-003   1.288e-002  1.069e-002 
 52 1   3.745e-003  9.402e-004  9.863e-001  3.633e-003   1.406e-002  1.148e-002 
 53 1   4.011e-003  9.600e-004  9.849e-001  3.880e-003   1.537e-002  1.232e-002 
 54 1   4.296e-003  9.790e-004  9.834e-001  4.142e-003   1.683e-002  1.323e-002 
 55 1   4.604e-003  9.972e-004  9.818e-001  4.423e-003   1.844e-002  1.420e-002 
 56 1   4.935e-003  1.015e-003  9.799e-001  4.722e-003   2.021e-002  1.525e-002 
 57 1   5.292e-003  1.032e-003  9.780e-001  5.040e-003   2.216e-002  1.637e-002 
 58 1   5.677e-003  1.048e-003  9.758e-001  5.381e-003   2.430e-002  1.756e-002 
 59 1   6.093e-003  1.064e-003  9.734e-001  5.743e-003   2.665e-002  1.885e-002 
 60 1   6.542e-003  1.081e-003  9.708e-001  6.130e-003   2.922e-002  2.022e-002 
 61 1   7.027e-003  1.098e-003  9.680e-001  6.542e-003   3.202e-002  2.169e-002 
 62 1   7.552e-003  1.117e-003  9.649e-001  6.981e-003   3.509e-002  2.326e-002 
 63 1   8.121e-003  1.138e-003  9.616e-001  7.448e-003   3.843e-002  2.495e-002 
 64 1   8.738e-003  1.163e-003  9.580e-001  7.946e-003   4.207e-002  2.675e-002 
 65 1   9.407e-003  1.193e-003  9.540e-001  8.477e-003   4.604e-002  2.867e-002 
 66 1   1.013e-002  1.229e-003  9.497e-001  9.041e-003   5.034e-002  3.073e-002 
 67 1   1.092e-002  1.273e-003  9.450e-001  9.641e-003   5.502e-002  3.293e-002 
 68 1   1.178e-002  1.326e-003  9.400e-001  1.028e-002   6.008e-002  3.527e-002 
 69 1   1.272e-002  1.390e-003  9.345e-001  1.096e-002   6.556e-002  3.778e-002 
 70 1   1.374e-002  1.467e-003  9.286e-001  1.168e-002   7.149e-002  4.046e-002 
 71 1   1.485e-002  1.558e-003  9.222e-001  1.244e-002   7.788e-002  4.331e-002 
 72 1   1.606e-002  1.664e-003  9.153e-001  1.326e-002   8.478e-002  4.635e-002 
 73 1   1.739e-002  1.787e-003  9.079e-001  1.412e-002   9.220e-002  4.959e-002 
 74 1   1.884e-002  1.928e-003  8.999e-001  1.503e-002   1.002e-001  5.304e-002 
 75 1   2.042e-002  2.088e-003  8.913e-001  1.600e-002   1.087e-001  5.671e-002 
 76 1   2.216e-002  2.266e-003  8.822e-001  1.702e-002   1.179e-001  6.062e-002 
 77 1   2.406e-002  2.473e-003  8.724e-001  1.810e-002   1.277e-001  6.477e-002 
 78 1   2.614e-002  2.703e-003  8.620e-001  1.924e-002   1.381e-001  6.918e-002 
 79 1   2.841e-002  2.964e-003  8.509e-001  2.044e-002   1.492e-001  7.387e-002 
 80 1   3.090e-002  3.260e-003  8.391e-001  2.170e-002   1.610e-001  7.884e-002 
 81 1   3.362e-002  3.601e-003  8.266e-001  2.302e-002   1.735e-001  8.410e-002 
 82 1   3.660e-002  3.995e-003  8.134e-001  2.441e-002   1.867e-001  8.968e-002 
 83 1   3.986e-002  4.454e-003  7.995e-001  2.587e-002   2.006e-001  9.558e-002 
 84 1   4.341e-002  4.992e-003  7.849e-001  2.739e-002   2.152e-001  1.018e-001 
 85 1   4.729e-002  5.625e-003  7.697e-001  2.897e-002   2.305e-001  1.084e-001 
 86 1   5.151e-002  6.363e-003  7.537e-001  3.062e-002   2.464e-001  1.154e-001 
 87 1   5.610e-002  7.255e-003  7.372e-001  3.232e-002   2.630e-001  1.227e-001 
 88 1   6.108e-002  8.293e-003  7.200e-001  3.408e-002   2.802e-001  1.304e-001 
 89 1   6.648e-002  9.508e-003  7.023e-001  3.590e-002   2.979e-001  1.385e-001 
 90 1   7.231e-002  1.092e-002  6.840e-001  3.775e-002   3.161e-001  1.471e-001 
