# ESMadl.txt
#IMaCh version 0.99r45, April 2023,INED-EUROREVES-Institut de longevite-Japan Society for the Promotion of Science (Grant-in-Aid for Scientific Research 25293121), Intel Software 2015-2020, Nihon University 2021-202, INED 2000-2022
#$Revision: 1.353 $ $Date: 2023/05/08 18:48:22 $
# Tue Feb 04 22:03:38 2025
#One-step probabilities and correlation matrix
# Age p1-1  p1-2  p1-3  p2-1  p2-2  p2-3 
50  9.952e-001  1.584e-003  3.186e-003  8.261e-002  9.074e-001  9.949e-003 
50 1-1  1.000e+000
50 1-2 -4.549e-001  1.000e+000
50 1-3 -8.583e-001 -6.661e-002  1.000e+000
50 2-1 -1.361e-001  2.542e-001  6.054e-003  1.000e+000
50 2-2  1.221e-001 -2.693e-001  1.843e-002 -9.771e-001  1.000e+000
50 2-3  4.928e-002  1.027e-001 -1.144e-001  1.703e-002 -2.292e-001  1.000e+000
51  9.948e-001  1.773e-003  3.403e-003  8.437e-002  9.049e-001  1.069e-002 
51 1-1  1.000e+000
51 1-2 -4.767e-001  1.000e+000
51 1-3 -8.460e-001 -6.540e-002  1.000e+000
51 2-1 -1.395e-001  2.503e-001  6.571e-003  1.000e+000
51 2-2  1.252e-001 -2.661e-001  1.927e-002 -9.744e-001  1.000e+000
51 2-3  4.594e-002  1.020e-001 -1.140e-001  1.293e-002 -2.375e-001  1.000e+000
52  9.944e-001  1.984e-003  3.633e-003  8.616e-002  9.024e-001  1.148e-002 
52 1-1  1.000e+000
52 1-2 -4.987e-001  1.000e+000
52 1-3 -8.330e-001 -6.419e-002  1.000e+000
52 2-1 -1.427e-001  2.462e-001  7.123e-003  1.000e+000
52 2-2  1.282e-001 -2.628e-001  2.016e-002 -9.713e-001  1.000e+000
52 2-3  4.257e-002  1.014e-001 -1.137e-001  8.628e-003 -2.463e-001  1.000e+000
53  9.939e-001  2.220e-003  3.880e-003  8.798e-002  8.997e-001  1.232e-002 
53 1-1  1.000e+000
53 1-2 -5.208e-001  1.000e+000
53 1-3 -8.192e-001 -6.299e-002  1.000e+000
53 2-1 -1.456e-001  2.419e-001  7.713e-003  1.000e+000
53 2-2  1.309e-001 -2.593e-001  2.113e-002 -9.678e-001  1.000e+000
53 2-3  3.918e-002  1.009e-001 -1.136e-001  4.108e-003 -2.557e-001  1.000e+000
54  9.934e-001  2.485e-003  4.142e-003  8.983e-002  8.969e-001  1.323e-002 
54 1-1  1.000e+000
54 1-2 -5.430e-001  1.000e+000
54 1-3 -8.046e-001 -6.183e-002  1.000e+000
54 2-1 -1.483e-001  2.374e-001  8.343e-003  1.000e+000
54 2-2  1.334e-001 -2.556e-001  2.218e-002 -9.639e-001  1.000e+000
54 2-3  3.580e-002  1.003e-001 -1.135e-001 -6.418e-004 -2.657e-001  1.000e+000
55  9.928e-001  2.780e-003  4.423e-003  9.171e-002  8.941e-001  1.420e-002 
55 1-1  1.000e+000
55 1-2 -5.651e-001  1.000e+000
55 1-3 -7.892e-001 -6.072e-002  1.000e+000
55 2-1 -1.506e-001  2.327e-001  9.016e-003  1.000e+000
55 2-2  1.356e-001 -2.518e-001  2.334e-002 -9.595e-001  1.000e+000
55 2-3  3.244e-002  9.989e-002 -1.136e-001 -5.631e-003 -2.763e-001  1.000e+000
56  9.922e-001  3.110e-003  4.722e-003  9.362e-002  8.911e-001  1.525e-002 
56 1-1  1.000e+000
56 1-2 -5.870e-001  1.000e+000
56 1-3 -7.731e-001 -5.972e-002  1.000e+000
56 2-1 -1.526e-001  2.278e-001  9.733e-003  1.000e+000
56 2-2  1.375e-001 -2.478e-001  2.461e-002 -9.546e-001  1.000e+000
56 2-3  2.913e-002  9.952e-002 -1.139e-001 -1.087e-002 -2.875e-001  1.000e+000
57  9.915e-001  3.480e-003  5.040e-003  9.555e-002  8.881e-001  1.637e-002 
57 1-1  1.000e+000
57 1-2 -6.085e-001  1.000e+000
57 1-3 -7.563e-001 -5.887e-002  1.000e+000
57 2-1 -1.543e-001  2.227e-001  1.050e-002  1.000e+000
57 2-2  1.390e-001 -2.437e-001  2.602e-002 -9.491e-001  1.000e+000
57 2-3  2.590e-002  9.924e-002 -1.144e-001 -1.637e-002 -2.994e-001  1.000e+000
58  9.907e-001  3.893e-003  5.381e-003  9.751e-002  8.849e-001  1.756e-002 
58 1-1  1.000e+000
58 1-2 -6.295e-001  1.000e+000
58 1-3 -7.390e-001 -5.822e-002  1.000e+000
58 2-1 -1.555e-001  2.174e-001  1.131e-002  1.000e+000
58 2-2  1.402e-001 -2.396e-001  2.762e-002 -9.429e-001  1.000e+000
58 2-3  2.278e-002  9.909e-002 -1.152e-001 -2.212e-002 -3.120e-001  1.000e+000
59  9.899e-001  4.355e-003  5.743e-003  9.950e-002  8.817e-001  1.885e-002 
59 1-1  1.000e+000
59 1-2 -6.499e-001  1.000e+000
59 1-3 -7.211e-001 -5.788e-002  1.000e+000
59 2-1 -1.565e-001  2.121e-001  1.216e-002  1.000e+000
59 2-2  1.410e-001 -2.355e-001  2.944e-002 -9.361e-001  1.000e+000
59 2-3  1.980e-002  9.910e-002 -1.163e-001 -2.814e-002 -3.253e-001  1.000e+000
60  9.890e-001  4.871e-003  6.130e-003  1.015e-001  8.783e-001  2.022e-002 
60 1-1  1.000e+000
60 1-2 -6.694e-001  1.000e+000
60 1-3 -7.029e-001 -5.794e-002  1.000e+000
60 2-1 -1.571e-001  2.068e-001  1.305e-002  1.000e+000
60 2-2  1.415e-001 -2.316e-001  3.153e-002 -9.285e-001  1.000e+000
60 2-3  1.700e-002  9.929e-002 -1.179e-001 -3.440e-002 -3.392e-001  1.000e+000
61  9.880e-001  5.448e-003  6.542e-003  1.036e-001  8.748e-001  2.169e-002 
61 1-1  1.000e+000
61 1-2 -6.878e-001  1.000e+000
61 1-3 -6.844e-001 -5.855e-002  1.000e+000
61 2-1 -1.575e-001  2.017e-001  1.398e-002  1.000e+000
61 2-2  1.418e-001 -2.279e-001  3.396e-002 -9.201e-001  1.000e+000
61 2-3  1.442e-002  9.972e-002 -1.200e-001 -4.088e-002 -3.537e-001  1.000e+000
62  9.869e-001  6.093e-003  6.981e-003  1.056e-001  8.711e-001  2.326e-002 
62 1-1  1.000e+000
62 1-2 -7.050e-001  1.000e+000
62 1-3 -6.657e-001 -5.989e-002  1.000e+000
62 2-1 -1.578e-001  1.969e-001  1.492e-002  1.000e+000
62 2-2  1.418e-001 -2.247e-001  3.681e-002 -9.109e-001  1.000e+000
62 2-3  1.210e-002  1.004e-001 -1.227e-001 -4.755e-002 -3.688e-001  1.000e+000
63  9.857e-001  6.813e-003  7.448e-003  1.077e-001  8.674e-001  2.495e-002 
63 1-1  1.000e+000
63 1-2 -7.207e-001  1.000e+000
63 1-3 -6.472e-001 -6.216e-002  1.000e+000
63 2-1 -1.581e-001  1.926e-001  1.585e-002  1.000e+000
63 2-2  1.418e-001 -2.222e-001  4.017e-002 -9.009e-001  1.000e+000
63 2-3  1.008e-002  1.015e-001 -1.261e-001 -5.433e-002 -3.844e-001  1.000e+000
64  9.844e-001  7.618e-003  7.946e-003  1.098e-001  8.634e-001  2.675e-002 
64 1-1  1.000e+000
64 1-2 -7.346e-001  1.000e+000
64 1-3 -6.288e-001 -6.562e-002  1.000e+000
64 2-1 -1.589e-001  1.893e-001  1.675e-002  1.000e+000
64 2-2  1.420e-001 -2.208e-001  4.414e-002 -8.902e-001  1.000e+000
64 2-3  8.412e-003  1.030e-001 -1.304e-001 -6.114e-002 -4.003e-001  1.000e+000
65  9.830e-001  8.516e-003  8.477e-003  1.119e-001  8.594e-001  2.867e-002 
65 1-1  1.000e+000
65 1-2 -7.467e-001  1.000e+000
65 1-3 -6.108e-001 -7.055e-002  1.000e+000
65 2-1 -1.604e-001  1.873e-001  1.757e-002  1.000e+000
65 2-2  1.428e-001 -2.209e-001  4.884e-002 -8.790e-001  1.000e+000
65 2-3  7.126e-003  1.050e-001 -1.357e-001 -6.783e-002 -4.162e-001  1.000e+000
66  9.814e-001  9.520e-003  9.041e-003  1.141e-001  8.552e-001  3.073e-002 
66 1-1  1.000e+000
66 1-2 -7.566e-001  1.000e+000
66 1-3 -5.934e-001 -7.723e-002  1.000e+000
66 2-1 -1.631e-001  1.872e-001  1.826e-002  1.000e+000
66 2-2  1.444e-001 -2.230e-001  5.437e-002 -8.674e-001  1.000e+000
66 2-3  6.256e-003  1.076e-001 -1.420e-001 -7.422e-002 -4.319e-001  1.000e+000
67  9.797e-001  1.064e-002  9.641e-003  1.162e-001  8.508e-001  3.293e-002 
67 1-1  1.000e+000
67 1-2 -7.644e-001  1.000e+000
67 1-3 -5.767e-001 -8.591e-002  1.000e+000
67 2-1 -1.676e-001  1.896e-001  1.876e-002  1.000e+000
67 2-2  1.474e-001 -2.278e-001  6.080e-002 -8.558e-001  1.000e+000
67 2-3  5.825e-003  1.110e-001 -1.496e-001 -8.005e-002 -4.471e-001  1.000e+000
68  9.778e-001  1.189e-002  1.028e-002  1.184e-001  8.463e-001  3.527e-002 
68 1-1  1.000e+000
68 1-2 -7.698e-001  1.000e+000
68 1-3 -5.608e-001 -9.675e-002  1.000e+000
68 2-1 -1.747e-001  1.953e-001  1.900e-002  1.000e+000
68 2-2  1.524e-001 -2.358e-001  6.818e-002 -8.448e-001  1.000e+000
68 2-3  5.833e-003  1.151e-001 -1.585e-001 -8.504e-002 -4.613e-001  1.000e+000
69  9.758e-001  1.328e-002  1.096e-002  1.206e-001  8.416e-001  3.778e-002 
69 1-1  1.000e+000
69 1-2 -7.731e-001  1.000e+000
69 1-3 -5.456e-001 -1.098e-001  1.000e+000
69 2-1 -1.848e-001  2.049e-001  1.892e-002  1.000e+000
69 2-2  1.599e-001 -2.476e-001  7.646e-002 -8.350e-001  1.000e+000
69 2-3  6.252e-003  1.202e-001 -1.687e-001 -8.881e-002 -4.740e-001  1.000e+000
70  9.735e-001  1.484e-002  1.168e-002  1.228e-001  8.367e-001  4.046e-002 
70 1-1  1.000e+000
70 1-2 -7.745e-001  1.000e+000
70 1-3 -5.310e-001 -1.248e-001  1.000e+000
70 2-1 -1.987e-001  2.189e-001  1.850e-002  1.000e+000
70 2-2  1.706e-001 -2.636e-001  8.554e-002 -8.269e-001  1.000e+000
70 2-3  7.016e-003  1.263e-001 -1.803e-001 -9.099e-002 -4.848e-001  1.000e+000
71  9.710e-001  1.657e-002  1.244e-002  1.250e-001  8.317e-001  4.331e-002 
71 1-1  1.000e+000
71 1-2 -7.746e-001  1.000e+000
71 1-3 -5.167e-001 -1.413e-001  1.000e+000
71 2-1 -2.166e-001  2.374e-001  1.773e-002  1.000e+000
71 2-2  1.846e-001 -2.838e-001  9.522e-002 -8.213e-001  1.000e+000
71 2-3  8.010e-003  1.335e-001 -1.933e-001 -9.125e-002 -4.932e-001  1.000e+000
72  9.682e-001  1.849e-002  1.326e-002  1.272e-001  8.264e-001  4.635e-002 
72 1-1  1.000e+000
72 1-2 -7.739e-001  1.000e+000
72 1-3 -5.024e-001 -1.588e-001  1.000e+000
72 2-1 -2.384e-001  2.601e-001  1.664e-002  1.000e+000
72 2-2  2.022e-001 -3.080e-001  1.053e-001 -8.186e-001  1.000e+000
72 2-3  9.062e-003  1.417e-001 -2.076e-001 -8.932e-002 -4.990e-001  1.000e+000
73  9.652e-001  2.064e-002  1.412e-002  1.294e-001  8.210e-001  4.959e-002 
73 1-1  1.000e+000
73 1-2 -7.735e-001  1.000e+000
73 1-3 -4.874e-001 -1.764e-001  1.000e+000
73 2-1 -2.636e-001  2.860e-001  1.529e-002  1.000e+000
73 2-2  2.230e-001 -3.351e-001  1.154e-001 -8.188e-001  1.000e+000
73 2-3  9.952e-003  1.509e-001 -2.233e-001 -8.512e-002 -5.023e-001  1.000e+000
74  9.619e-001  2.303e-002  1.503e-002  1.316e-001  8.153e-001  5.304e-002 
74 1-1  1.000e+000
74 1-2 -7.741e-001  1.000e+000
74 1-3 -4.714e-001 -1.934e-001  1.000e+000
74 2-1 -2.909e-001  3.138e-001  1.377e-002  1.000e+000
74 2-2  2.463e-001 -3.639e-001  1.253e-001 -8.219e-001  1.000e+000
74 2-3  1.042e-002  1.608e-001 -2.401e-001 -7.878e-002 -5.032e-001  1.000e+000
75  9.583e-001  2.569e-002  1.600e-002  1.339e-001  8.094e-001  5.671e-002 
75 1-1  1.000e+000
75 1-2 -7.764e-001  1.000e+000
75 1-3 -4.538e-001 -2.092e-001  1.000e+000
75 2-1 -3.191e-001  3.416e-001  1.216e-002  1.000e+000
75 2-2  2.709e-001 -3.926e-001  1.348e-001 -8.270e-001  1.000e+000
75 2-3  1.019e-002  1.712e-001 -2.579e-001 -7.068e-002 -5.023e-001  1.000e+000
76  9.543e-001  2.864e-002  1.702e-002  1.361e-001  8.033e-001  6.062e-002 
76 1-1  1.000e+000
76 1-2 -7.809e-001  1.000e+000
76 1-3 -4.345e-001 -2.233e-001  1.000e+000
76 2-1 -3.467e-001  3.679e-001  1.054e-002  1.000e+000
76 2-2  2.958e-001 -4.197e-001  1.437e-001 -8.335e-001  1.000e+000
76 2-3  9.009e-003  1.817e-001 -2.761e-001 -6.141e-002 -5.004e-001  1.000e+000
77  9.500e-001  3.192e-002  1.810e-002  1.382e-001  7.970e-001  6.477e-002 
77 1-1  1.000e+000
77 1-2 -7.877e-001  1.000e+000
77 1-3 -4.133e-001 -2.354e-001  1.000e+000
77 2-1 -3.723e-001  3.913e-001  8.969e-003  1.000e+000
77 2-2  3.196e-001 -4.440e-001  1.520e-001 -8.401e-001  1.000e+000
77 2-3  6.698e-003  1.920e-001 -2.943e-001 -5.172e-002 -4.982e-001  1.000e+000
78  9.452e-001  3.555e-002  1.924e-002  1.404e-001  7.904e-001  6.918e-002 
78 1-1  1.000e+000
78 1-2 -7.964e-001  1.000e+000
78 1-3 -3.905e-001 -2.458e-001  1.000e+000
78 2-1 -3.951e-001  4.111e-001  7.477e-003  1.000e+000
78 2-2  3.415e-001 -4.646e-001  1.597e-001 -8.461e-001  1.000e+000
78 2-3  3.172e-003  2.013e-001 -3.116e-001 -4.247e-002 -4.966e-001  1.000e+000
79  9.400e-001  3.959e-002  2.044e-002  1.426e-001  7.836e-001  7.387e-002 
79 1-1  1.000e+000
79 1-2 -8.066e-001  1.000e+000
79 1-3 -3.662e-001 -2.546e-001  1.000e+000
79 2-1 -4.145e-001  4.269e-001  6.075e-003  1.000e+000
79 2-2  3.609e-001 -4.810e-001  1.669e-001 -8.505e-001  1.000e+000
79 2-3 -1.524e-003  2.094e-001 -3.271e-001 -3.449e-002 -4.963e-001  1.000e+000
80  9.343e-001  4.405e-002  2.170e-002  1.447e-001  7.765e-001  7.884e-002 
80 1-1  1.000e+000
80 1-2 -8.179e-001  1.000e+000
80 1-3 -3.408e-001 -2.622e-001  1.000e+000
80 2-1 -4.304e-001  4.389e-001  4.756e-003  1.000e+000
80 2-2  3.773e-001 -4.935e-001  1.735e-001 -8.529e-001  1.000e+000
80 2-3 -7.215e-003  2.155e-001 -3.401e-001 -2.853e-002 -4.975e-001  1.000e+000
81  9.280e-001  4.899e-002  2.302e-002  1.468e-001  7.691e-001  8.410e-002 
81 1-1  1.000e+000
81 1-2 -8.297e-001  1.000e+000
81 1-3 -3.146e-001 -2.688e-001  1.000e+000
81 2-1 -4.430e-001  4.474e-001  3.502e-003  1.000e+000
81 2-2  3.907e-001 -5.022e-001  1.798e-001 -8.528e-001  1.000e+000
81 2-3 -1.362e-002  2.196e-001 -3.499e-001 -2.516e-002 -5.006e-001  1.000e+000
82  9.211e-001  5.444e-002  2.441e-002  1.488e-001  7.615e-001  8.968e-002 
82 1-1  1.000e+000
82 1-2 -8.416e-001  1.000e+000
82 1-3 -2.879e-001 -2.750e-001  1.000e+000
82 2-1 -4.525e-001  4.530e-001  2.288e-003  1.000e+000
82 2-2  4.012e-001 -5.076e-001  1.857e-001 -8.500e-001  1.000e+000
82 2-3 -2.040e-002  2.214e-001 -3.562e-001 -2.469e-002 -5.056e-001  1.000e+000
83  9.137e-001  6.045e-002  2.587e-002  1.508e-001  7.536e-001  9.558e-002 
83 1-1  1.000e+000
83 1-2 -8.531e-001  1.000e+000
83 1-3 -2.609e-001 -2.810e-001  1.000e+000
83 2-1 -4.593e-001  4.560e-001  1.086e-003  1.000e+000
83 2-2  4.091e-001 -5.102e-001  1.915e-001 -8.444e-001  1.000e+000
83 2-3 -2.721e-002  2.211e-001 -3.591e-001 -2.721e-002 -5.125e-001  1.000e+000
84  9.055e-001  6.708e-002  2.739e-002  1.528e-001  7.454e-001  1.018e-001 
84 1-1  1.000e+000
84 1-2 -8.642e-001  1.000e+000
84 1-3 -2.339e-001 -2.870e-001  1.000e+000
84 2-1 -4.639e-001  4.571e-001 -1.334e-004  1.000e+000
84 2-2  4.147e-001 -5.106e-001  1.971e-001 -8.361e-001  1.000e+000
84 2-3 -3.378e-002  2.190e-001 -3.589e-001 -3.258e-002 -5.211e-001  1.000e+000
85  8.967e-001  7.436e-002  2.897e-002  1.547e-001  7.369e-001  1.084e-001 
85 1-1  1.000e+000
85 1-2 -8.747e-001  1.000e+000
85 1-3 -2.068e-001 -2.934e-001  1.000e+000
85 2-1 -4.666e-001  4.566e-001 -1.397e-003  1.000e+000
85 2-2  4.182e-001 -5.090e-001  2.027e-001 -8.250e-001  1.000e+000
85 2-3 -3.989e-002  2.155e-001 -3.563e-001 -4.055e-002 -5.312e-001  1.000e+000
86  8.870e-001  8.236e-002  3.062e-002  1.566e-001  7.281e-001  1.154e-001 
86 1-1  1.000e+000
86 1-2 -8.844e-001  1.000e+000
86 1-3 -1.797e-001 -3.002e-001  1.000e+000
86 2-1 -4.677e-001  4.548e-001 -2.731e-003  1.000e+000
86 2-2  4.199e-001 -5.060e-001  2.083e-001 -8.113e-001  1.000e+000
86 2-3 -4.542e-002  2.110e-001 -3.518e-001 -5.078e-002 -5.427e-001  1.000e+000
87  8.766e-001  9.112e-002  3.232e-002  1.583e-001  7.190e-001  1.227e-001 
87 1-1  1.000e+000
87 1-2 -8.933e-001  1.000e+000
87 1-3 -1.528e-001 -3.077e-001  1.000e+000
87 2-1 -4.675e-001  4.520e-001 -4.158e-003  1.000e+000
87 2-2  4.201e-001 -5.017e-001  2.138e-001 -7.950e-001  1.000e+000
87 2-3 -5.033e-002  2.058e-001 -3.461e-001 -6.295e-002 -5.554e-001  1.000e+000
88  8.652e-001  1.007e-001  3.408e-002  1.600e-001  7.095e-001  1.304e-001 
88 1-1  1.000e+000
88 1-2 -9.015e-001  1.000e+000
88 1-3 -1.258e-001 -3.159e-001  1.000e+000
88 2-1 -4.663e-001  4.484e-001 -5.698e-003  1.000e+000
88 2-2  4.191e-001 -4.966e-001  2.194e-001 -7.763e-001  1.000e+000
88 2-3 -5.460e-002  2.004e-001 -3.396e-001 -7.675e-002 -5.690e-001  1.000e+000
89  8.530e-001  1.111e-001  3.590e-002  1.617e-001  6.998e-001  1.385e-001 
89 1-1  1.000e+000
89 1-2 -9.089e-001  1.000e+000
89 1-3 -9.893e-002 -3.250e-001  1.000e+000
89 2-1 -4.642e-001  4.443e-001 -7.368e-003  1.000e+000
89 2-2  4.170e-001 -4.906e-001  2.250e-001 -7.552e-001  1.000e+000
89 2-3 -5.828e-002  1.948e-001 -3.327e-001 -9.194e-002 -5.833e-001  1.000e+000
90  8.397e-001  1.225e-001  3.775e-002  1.632e-001  6.897e-001  1.471e-001 
90 1-1  1.000e+000
90 1-2 -9.157e-001  1.000e+000
90 1-3 -7.201e-002 -3.350e-001  1.000e+000
90 2-1 -4.614e-001  4.396e-001 -9.182e-003  1.000e+000
90 2-2  4.141e-001 -4.841e-001  2.307e-001 -7.320e-001  1.000e+000
90 2-3 -6.140e-002  1.893e-001 -3.257e-001 -1.083e-001 -5.981e-001  1.000e+000