
#****** ******
# ESMadl.txt
#IMaCh version 0.99r45, April 2023,INED-EUROREVES-Institut de longevite-Japan Society for the Promotion of Science (Grant-in-Aid for Scientific Research 25293121), Intel Software 2015-2020, Nihon University 2021-202, INED 2000-2022
#$Revision: 1.353 $ $Date: 2023/05/08 18:48:22 $
# Tue Feb 04 22:03:38 2025
# Health expectancies with standard errors
# Age e11 (SE) e12 (SE) e1.  e21 (SE) e22 (SE) e2. 
 50   26.3374 (0.9135)    2.3048 (0.2824)   28.6421 (1.0213)   19.8968 (2.2079)    6.5775 (1.1898)   26.4742 (1.9795)
 51   25.5272 (0.8871)    2.3053 (0.2817)   27.8325 (0.9950)   19.1908 (2.1135)    6.4488 (1.1187)   25.6397 (1.9348)
 52   24.7251 (0.8619)    2.3055 (0.2810)   27.0307 (0.9701)   18.4930 (2.0212)    6.3215 (1.0513)   24.8145 (1.8885)
 53   23.9314 (0.8379)    2.3055 (0.2804)   26.2369 (0.9464)   17.8036 (1.9310)    6.1954 (0.9876)   23.9990 (1.8406)
 54   23.1462 (0.8151)    2.3052 (0.2800)   25.4515 (0.9242)   17.1232 (1.8429)    6.0705 (0.9274)   23.1937 (1.7911)
 55   22.3700 (0.7937)    2.3046 (0.2796)   24.6746 (0.9035)   16.4522 (1.7570)    5.9467 (0.8709)   22.3989 (1.7403)
 56   21.6030 (0.7737)    2.3036 (0.2793)   23.9066 (0.8842)   15.7911 (1.6734)    5.8239 (0.8179)   21.6150 (1.6883)
 57   20.8456 (0.7550)    2.3021 (0.2792)   23.1478 (0.8665)   15.1403 (1.5920)    5.7022 (0.7683)   20.8425 (1.6352)
 58   20.0981 (0.7377)    2.3002 (0.2793)   22.3983 (0.8503)   14.5003 (1.5130)    5.5814 (0.7222)   20.0817 (1.5811)
 59   19.3608 (0.7217)    2.2978 (0.2795)   21.6586 (0.8355)   13.8715 (1.4364)    5.4615 (0.6795)   19.3331 (1.5263)
 60   18.6341 (0.7071)    2.2948 (0.2800)   20.9289 (0.8221)   13.2545 (1.3624)    5.3425 (0.6400)   18.5970 (1.4711)
 61   17.9182 (0.6937)    2.2912 (0.2806)   20.2094 (0.8102)   12.6496 (1.2911)    5.2244 (0.6037)   17.8739 (1.4155)
 62   17.2137 (0.6816)    2.2869 (0.2814)   19.5006 (0.7994)   12.0573 (1.2226)    5.1070 (0.5706)   17.1643 (1.3600)
 63   16.5208 (0.6705)    2.2819 (0.2824)   18.8027 (0.7899)   11.4780 (1.1571)    4.9904 (0.5405)   16.4684 (1.3049)
 64   15.8399 (0.6605)    2.2760 (0.2837)   18.1160 (0.7814)   10.9123 (1.0948)    4.8745 (0.5133)   15.7867 (1.2504)
 65   15.1715 (0.6515)    2.2694 (0.2852)   17.4408 (0.7739)   10.3604 (1.0357)    4.7592 (0.4888)   15.1196 (1.1969)
 66   14.5158 (0.6432)    2.2618 (0.2869)   16.7776 (0.7672)    9.8228 (0.9802)    4.6447 (0.4670)   14.4675 (1.1449)
 67   13.8732 (0.6357)    2.2532 (0.2888)   16.1265 (0.7612)    9.3000 (0.9283)    4.5308 (0.4478)   13.8308 (1.0947)
 68   13.2443 (0.6288)    2.2437 (0.2910)   15.4879 (0.7558)    8.7922 (0.8801)    4.4175 (0.4310)   13.2097 (1.0468)
 69   12.6292 (0.6224)    2.2330 (0.2934)   14.8622 (0.7509)    8.2998 (0.8359)    4.3049 (0.4164)   12.6047 (1.0016)
 70   12.0285 (0.6164)    2.2212 (0.2961)   14.2497 (0.7464)    7.8231 (0.7956)    4.1929 (0.4041)   12.0160 (0.9595)
 71   11.4425 (0.6107)    2.2081 (0.2989)   13.6506 (0.7422)    7.3624 (0.7593)    4.0815 (0.3937)   11.4439 (0.9209)
 72   10.8715 (0.6052)    2.1939 (0.3020)   13.0654 (0.7382)    6.9180 (0.7269)    3.9708 (0.3853)   10.8888 (0.8863)
 73   10.3160 (0.5999)    2.1783 (0.3053)   12.4943 (0.7345)    6.4900 (0.6983)    3.8608 (0.3787)   10.3508 (0.8560)
 74    9.7763 (0.5947)    2.1613 (0.3087)   11.9377 (0.7309)    6.0787 (0.6733)    3.7515 (0.3738)    9.8302 (0.8300)
 75    9.2528 (0.5895)    2.1430 (0.3123)   11.3958 (0.7274)    5.6841 (0.6516)    3.6429 (0.3706)    9.3270 (0.8086)
 76    8.7456 (0.5842)    2.1233 (0.3160)   10.8689 (0.7240)    5.3065 (0.6329)    3.5351 (0.3689)    8.8416 (0.7917)
 77    8.2552 (0.5789)    2.1021 (0.3199)   10.3573 (0.7207)    4.9457 (0.6168)    3.4282 (0.3685)    8.3739 (0.7791)
 78    7.7817 (0.5734)    2.0795 (0.3239)    9.8613 (0.7176)    4.6018 (0.6029)    3.3222 (0.3695)    7.9240 (0.7706)
 79    7.3255 (0.5677)    2.0555 (0.3280)    9.3810 (0.7145)    4.2747 (0.5907)    3.2172 (0.3717)    7.4919 (0.7656)
 80    6.8866 (0.5617)    2.0300 (0.3321)    8.9166 (0.7115)    3.9644 (0.5798)    3.1132 (0.3750)    7.0776 (0.7637)
 81    6.4653 (0.5554)    2.0030 (0.3363)    8.4684 (0.7085)    3.6706 (0.5698)    3.0104 (0.3792)    6.6809 (0.7643)
 82    6.0617 (0.5488)    1.9747 (0.3406)    8.0364 (0.7057)    3.3931 (0.5603)    2.9088 (0.3842)    6.3019 (0.7668)
 83    5.6758 (0.5417)    1.9451 (0.3448)    7.6208 (0.7028)    3.1317 (0.5509)    2.8086 (0.3899)    5.9402 (0.7706)
 84    5.3075 (0.5341)    1.9141 (0.3490)    7.2216 (0.7000)    2.8860 (0.5415)    2.7098 (0.3961)    5.5957 (0.7752)
 85    4.9569 (0.5261)    1.8819 (0.3531)    6.8388 (0.6971)    2.6557 (0.5318)    2.6125 (0.4025)    5.2682 (0.7801)
 86    4.6239 (0.5175)    1.8486 (0.3571)    6.4725 (0.6941)    2.4403 (0.5216)    2.5169 (0.4092)    4.9571 (0.7848)
 87    4.3082 (0.5083)    1.8142 (0.3610)    6.1224 (0.6910)    2.2393 (0.5108)    2.4230 (0.4158)    4.6623 (0.7890)
 88    4.0097 (0.4985)    1.7788 (0.3647)    5.7886 (0.6877)    2.0524 (0.4994)    2.3309 (0.4223)    4.3833 (0.7923)
 89    3.7281 (0.4881)    1.7426 (0.3682)    5.4707 (0.6841)    1.8789 (0.4873)    2.2409 (0.4286)    4.1197 (0.7945)
 90    3.4630 (0.4770)    1.7057 (0.3714)    5.1687 (0.6801)    1.7182 (0.4746)    2.1528 (0.4344)    3.8711 (0.7955)
