
# model  
#****** Result for:******
# ESMadl.txt
#IMaCh version 0.99r45, April 2023,INED-EUROREVES-Institut de longevite-Japan Society for the Promotion of Science (Grant-in-Aid for Scientific Research 25293121), Intel Software 2015-2020, Nihon University 2021-202, INED 2000-2022
#$Revision: 1.353 $ $Date: 2023/05/08 18:48:22 $
# Tue Feb 04 22:03:38 2025
# Total life expectancy with std error and decomposition into time to be expected in each health state
#  (weighted average of eij where weights are the age specific forward period (stable) prevalences in each health state 
# Age popbased mobilav e.. (std) e.1 (std) e.2 (std) 
   50 0 0  28.632 (  1.026)  26.275 (  0.918)   2.357 (  0.297)
   51 0 0  27.816 (  0.998)  25.457 (  0.892)   2.360 (  0.295)
   52 0 0  27.009 (  0.972)  24.646 (  0.867)   2.363 (  0.293)
   53 0 0  26.210 (  0.948)  23.844 (  0.844)   2.366 (  0.292)
   54 0 0  25.420 (  0.925)  23.050 (  0.821)   2.369 (  0.291)
   55 0 0  24.637 (  0.904)  22.265 (  0.801)   2.372 (  0.290)
   56 0 0  23.864 (  0.885)  21.489 (  0.781)   2.375 (  0.290)
   57 0 0  23.100 (  0.867)  20.722 (  0.763)   2.378 (  0.289)
   58 0 0  22.344 (  0.851)  19.964 (  0.746)   2.380 (  0.289)
   59 0 0  21.598 (  0.836)  19.216 (  0.730)   2.382 (  0.289)
   60 0 0  20.862 (  0.823)  18.478 (  0.716)   2.384 (  0.289)
   61 0 0  20.136 (  0.811)  17.750 (  0.703)   2.385 (  0.290)
   62 0 0  19.419 (  0.800)  17.033 (  0.691)   2.386 (  0.290)
   63 0 0  18.713 (  0.790)  16.327 (  0.680)   2.386 (  0.291)
   64 0 0  18.018 (  0.781)  15.633 (  0.670)   2.385 (  0.292)
   65 0 0  17.334 (  0.773)  14.950 (  0.660)   2.384 (  0.293)
   66 0 0  16.662 (  0.766)  14.280 (  0.652)   2.382 (  0.294)
   67 0 0  16.001 (  0.760)  13.622 (  0.644)   2.379 (  0.296)
   68 0 0  15.352 (  0.753)  12.977 (  0.636)   2.374 (  0.298)
   69 0 0  14.715 (  0.748)  12.346 (  0.630)   2.369 (  0.300)
   70 0 0  14.091 (  0.742)  11.728 (  0.623)   2.362 (  0.302)
   71 0 0  13.479 (  0.737)  11.125 (  0.618)   2.354 (  0.305)
   72 0 0  12.882 (  0.733)  10.537 (  0.612)   2.345 (  0.308)
   73 0 0  12.297 (  0.728)   9.964 (  0.607)   2.334 (  0.311)
   74 0 0  11.727 (  0.724)   9.406 (  0.602)   2.321 (  0.315)
   75 0 0  11.172 (  0.720)   8.865 (  0.597)   2.306 (  0.318)
   76 0 0  10.631 (  0.716)   8.341 (  0.591)   2.290 (  0.323)
   77 0 0  10.105 (  0.714)   7.833 (  0.589)   2.272 (  0.327)
   78 0 0   9.594 (  0.711)   7.343 (  0.584)   2.251 (  0.331)
   79 0 0   9.100 (  0.711)   6.871 (  0.582)   2.229 (  0.336)
   80 0 0   8.621 (  0.707)   6.417 (  0.576)   2.205 (  0.341)
   81 0 0   8.159 (  0.706)   5.981 (  0.572)   2.178 (  0.347)
   82 0 0   7.713 (  0.706)   5.564 (  0.567)   2.149 (  0.352)
   83 0 0   7.285 (  0.705)   5.166 (  0.563)   2.119 (  0.358)
   84 0 0   6.873 (  0.706)   4.787 (  0.557)   2.086 (  0.364)
   85 0 0   6.478 (  0.706)   4.427 (  0.551)   2.051 (  0.370)
   86 0 0   6.100 (  0.724)   4.086 (  0.548)   2.014 (  0.387)
   87 0 0   5.739 (  0.707)   3.765 (  0.537)   1.975 (  0.382)
   88 0 0   5.396 (  0.708)   3.462 (  0.528)   1.934 (  0.387)
   89 0 0   5.069 (  0.708)   3.178 (  0.519)   1.891 (  0.393)
   90 0 0   4.759 (  0.707)   2.912 (  0.509)   1.847 (  0.398)
