
#****** ******
# ESMadl.txt
#IMaCh version 0.99r45, April 2023,INED-EUROREVES-Institut de longevite-Japan Society for the Promotion of Science (Grant-in-Aid for Scientific Research 25293121), Intel Software 2015-2020, Nihon University 2021-202, INED 2000-2022
#$Revision: 1.353 $ $Date: 2023/05/08 18:48:22 $
# Tue Feb 04 22:03:38 2025
# Variance and covariance of health expectancies e.j 
#  (weighted average of eij where weights are the age specific period (stable) prevalences in each health state 
# Age Cov(e.1, e.1) Cov(e.1, e.2) Cov(e.2, e.1) Cov(e.2, e.2)
50  0.8433 0.0603 0.0603 0.0879
51  0.7958 0.0565 0.0565 0.0869
52  0.7520 0.0533 0.0533 0.0861
53  0.7117 0.0506 0.0506 0.0854
54  0.6747 0.0483 0.0483 0.0848
55  0.6409 0.0463 0.0463 0.0844
56  0.6100 0.0446 0.0446 0.0840
57  0.5820 0.0432 0.0432 0.0838
58  0.5565 0.0421 0.0421 0.0837
59  0.5335 0.0412 0.0412 0.0836
60  0.5127 0.0405 0.0405 0.0837
61  0.4940 0.0399 0.0399 0.0839
62  0.4771 0.0394 0.0394 0.0842
63  0.4619 0.0390 0.0390 0.0846
64  0.4482 0.0386 0.0386 0.0851
65  0.4359 0.0383 0.0383 0.0857
66  0.4246 0.0379 0.0379 0.0866
67  0.4146 0.0375 0.0375 0.0875
68  0.4051 0.0370 0.0370 0.0886
69  0.3965 0.0363 0.0363 0.0899
70  0.3886 0.0356 0.0356 0.0914
71  0.3813 0.0347 0.0347 0.0930
72  0.3745 0.0337 0.0337 0.0948
73  0.3682 0.0327 0.0327 0.0968
74  0.3623 0.0315 0.0315 0.0990
75  0.3567 0.0303 0.0303 0.1014
76  0.3498 0.0290 0.0290 0.1046
77  0.3464 0.0281 0.0281 0.1068
78  0.3416 0.0272 0.0272 0.1099
79  0.3387 0.0268 0.0268 0.1126
80  0.3320 0.0259 0.0259 0.1166
81  0.3271 0.0257 0.0257 0.1202
82  0.3220 0.0259 0.0259 0.1241
83  0.3165 0.0265 0.0265 0.1282
84  0.3104 0.0275 0.0275 0.1324
85  0.3038 0.0289 0.0289 0.1367
86  0.2998 0.0368 0.0368 0.1501
87  0.2883 0.0330 0.0330 0.1456
88  0.2793 0.0356 0.0356 0.1500
89  0.2694 0.0385 0.0385 0.1544
90  0.2587 0.0416 0.0416 0.1586
