
#****** ******
# ESMadl.txt
#IMaCh version 0.99r45, April 2023,INED-EUROREVES-Institut de longevite-Japan Society for the Promotion of Science (Grant-in-Aid for Scientific Research 25293121), Intel Software 2015-2020, Nihon University 2021-202, INED 2000-2022
#$Revision: 1.353 $ $Date: 2023/05/08 18:48:22 $
# Tue Feb 04 22:03:38 2025
# Standard deviation of period (forward stable) prevalences 
# Age  Result#  1-1 2-2
50 1  0.98870 (0.00437) 0.01183 (0.00670)
51 1  0.98755 (0.00466) 0.01288 (0.00647)
52 1  0.98630 (0.00496) 0.01406 (0.00636)
53 1  0.98492 (0.00527) 0.01537 (0.00635)
54 1  0.98341 (0.00560) 0.01683 (0.00643)
55 1  0.98175 (0.00593) 0.01844 (0.00657)
56 1  0.97994 (0.00628) 0.02021 (0.00677)
57 1  0.97796 (0.00663) 0.02216 (0.00701)
58 1  0.97579 (0.00699) 0.02430 (0.00728)
59 1  0.97343 (0.00735) 0.02665 (0.00758)
60 1  0.97084 (0.00772) 0.02922 (0.00789)
61 1  0.96802 (0.00808) 0.03203 (0.00822)
62 1  0.96494 (0.00845) 0.03509 (0.00855)
63 1  0.96159 (0.00881) 0.03843 (0.00889)
64 1  0.95795 (0.00917) 0.04208 (0.00920)
65 1  0.95398 (0.00952) 0.04604 (0.00955)
66 1  0.94968 (0.00986) 0.05035 (0.00986)
67 1  0.94501 (0.01020) 0.05503 (0.01028)
68 1  0.93994 (0.01052) 0.06009 (0.01059)
69 1  0.93446 (0.01084) 0.06557 (0.01090)
70 1  0.92854 (0.01116) 0.07150 (0.01122)
71 1  0.92215 (0.01147) 0.07790 (0.01153)
72 1  0.91525 (0.01181) 0.08480 (0.01186)
73 1  0.90783 (0.01217) 0.09222 (0.01222)
74 1  0.89986 (0.01258) 0.10020 (0.01263)
75 1  0.89131 (0.01306) 0.10875 (0.01311)
76 1  0.88215 (0.01365) 0.11792 (0.01358)
77 1  0.87237 (0.01437) 0.12771 (0.01441)
78 1  0.86193 (0.01525) 0.13815 (0.01529)
79 1  0.85083 (0.01635) 0.14925 (0.01624)
80 1  0.83904 (0.01766) 0.16106 (0.01769)
81 1  0.82655 (0.01924) 0.17355 (0.01927)
82 1  0.81336 (0.02108) 0.18674 (0.02111)
83 1  0.79947 (0.02320) 0.20065 (0.02323)
84 1  0.78488 (0.02560) 0.21525 (0.02562)
85 1  0.76960 (0.02826) 0.23053 (0.02828)
86 1  0.75366 (0.03108) 0.24647 (0.03390)
87 1  0.73708 (0.03430) 0.26306 (0.03432)
88 1  0.71990 (0.03762) 0.28027 (0.03765)
89 1  0.70217 (0.04109) 0.29800 (0.04112)
90 1  0.68395 (0.04467) 0.31622 (0.04471)
