# DKMchr.txt
#IMaCh version 0.99r45, April 2023,INED-EUROREVES-Institut de longevite-Japan Society for the Promotion of Science (Grant-in-Aid for Scientific Research 25293121), Intel Software 2015-2020, Nihon University 2021-202, INED 2000-2022
#$Revision: 1.353 $ $Date: 2023/05/08 18:48:22 $
# Tue Feb 04 22:21:37 2025

#****** ******
# (a) Life expectancies by health status at initial age and (b) health expectancies by health status at initial age
# Age e11  e12  e1.  e21  e22  e2. 
 50   9.9014  20.2711  30.1725   6.0824  23.7918  29.8742
 51   9.5227  19.7002  29.2229   5.7066  23.1881  28.8947
 52   9.1567  19.1227  28.2795   5.3463  22.5730  27.9193
 53   8.8034  18.5395  27.3429   5.0010  21.9475  26.9485
 54   8.4624  17.9513  26.4137   4.6707  21.3122  25.9830
 55   8.1336  17.3591  25.4927   4.3551  20.6682  25.0233
 56   7.8169  16.7637  24.5806   4.0539  20.0165  24.0704
 57   7.5120  16.1662  23.6782   3.7668  19.3581  23.1249
 58   7.2186  15.5676  22.7863   3.4937  18.6941  22.1878
 59   6.9366  14.9690  21.9057   3.2341  18.0258  21.2599
 60   6.6657  14.3716  21.0373   2.9878  17.3544  20.3422
 61   6.4056  13.7763  20.1820   2.7545  16.6813  19.4358
 62   6.1561  13.1845  19.3407   2.5339  16.0078  18.5417
 63   5.9169  12.5974  18.5143   2.3257  15.3355  17.6612
 64   5.6876  12.0162  17.7038   2.1295  14.6658  16.7954
 65   5.4679  11.4421  16.9100   1.9451  14.0003  15.9454
 66   5.2576  10.8763  16.1339   1.7721  13.3406  15.1127
 67   5.0563  10.3201  15.3764   1.6101  12.6883  14.2984
 68   4.8636   9.7747  14.6383   1.4589  12.0450  13.5038
 69   4.6792   9.2412  13.9204   1.3180  11.4123  12.7303
 70   4.5027   8.7206  13.2233   1.1871  10.7919  11.9790
 71   4.3337   8.2142  12.5478   1.0659  10.1853  11.2512
 72   4.1718   7.7227  11.8945   0.9540   9.5941  10.5480
 73   4.0165   7.2472  11.2637   0.8509   9.0197   9.8706
 74   3.8676   6.7883  10.6559   0.7564   8.4635   9.2199
 75   3.7246   6.3467  10.0713   0.6700   7.9268   8.5968
 76   3.5870   5.9229   9.5100   0.5913   7.4108   8.0021
 77   3.4545   5.5175   8.9719   0.5199   6.9165   7.4363
 78   3.3266   5.1305   8.4571   0.4553   6.4447   6.9001
 79   3.2030   4.7623   7.9653   0.3973   5.9963   6.3935
 80   3.0833   4.4127   7.4960   0.3453   5.5716   5.9169
 81   2.9673   4.0816   7.0489   0.2989   5.1711   5.4700
 82   2.8545   3.7689   6.6234   0.2578   4.7948   5.0526
 83   2.7448   3.4741   6.2189   0.2214   4.4429   4.6643
 84   2.6380   3.1968   5.8348   0.1895   4.1150   4.3045
 85   2.5339   2.9364   5.4703   0.1615   3.8108   3.9723
 86   2.4325   2.6924   5.1249   0.1372   3.5296   3.6668
 87   2.3337   2.4641   4.7978   0.1162   3.2708   3.3870
 88   2.2376   2.2509   4.4885   0.0980   3.0336   3.1316
 89   2.1443   2.0520   4.1963   0.0825   2.8169   2.8994
 90   2.0539   1.8668   3.9207   0.0692   2.6197   2.6889
