# Powell
# iter -2*LL p12 p13 p21 p23
1 1 3051.448634304982 0 0.000000000000 0.000000000000 0.000000000000 0.000000000000 0.000000000000 0.000000000000 0.000000000000 0.000000000000
2 2 1786.133971994435 0 0.142530260539 0.000458014714 -3.898191941325 0.004057446326 -1.632436959030 -0.001047553742 -2.303404703998 0.002495080120
3 2 1682.968452379135 0 -0.694789109509 0.000914150933 -4.425325785563 0.008246734049 -2.221399440157 -0.002041405275 -2.553069141785 0.004932039830
4 3 1600.280499992488 0 -2.056890896856 0.014458030871 -13.832891462350 0.125556551291 -0.472821278357 -0.031795240314 -7.606237015788 0.077889967932
5 3 1558.718962746194 0 -2.103630913986 0.019712500399 -16.095736737360 0.170110948982 0.431552004579 -0.043108788511 -9.747371417422 0.105040207432
6 4 1549.878185253214 0 -2.192684041169 0.024393534231 -18.695546358418 0.208481340549 1.101754441553 -0.052815476546 -11.657438421449 0.128764386365
7 4 1549.750429739192 0 -2.201889164299 0.024433654632 -18.851021243167 0.208980714017 1.099225865649 -0.052885109312 -11.730756127386 0.129332402251
8 5 1549.653208858213 0 -2.272248448444 0.025228761626 -19.105519535420 0.212141573907 1.125086717091 -0.053445404910 -11.967505070453 0.132486892121
9 5 1549.596729721803 0 -2.297458997439 0.025777044921 -19.151432054067 0.212835231882 1.131350253320 -0.053480879989 -12.056896646656 0.133623796635
10 6 1548.791412255923 0 -2.733184460650 0.032793726044 -17.348912359130 0.190837872011 0.599113233041 -0.045003909358 -12.160016634199 0.134978431180
11 6 1548.785127118818 0 -2.734788840801 0.032759803809 -17.328475551633 0.190438401854 0.586749606869 -0.044918616374 -12.149403986170 0.134859757620
12 7 1548.781001779323 0 -2.722724462139 0.032676392854 -17.292427927556 0.189983916466 0.588345293261 -0.044941996318 -12.140933103076 0.134749138032
13 7 1548.776783581485 0 -2.720709094767 0.032645179545 -17.268583727013 0.189834900963 0.588889083374 -0.044947892218 -12.146605747025 0.134821730731
14 8 1548.640685260510 0 -2.515450595114 0.029274468645 -15.962130444447 0.172568357312 0.530830440263 -0.044045720119 -12.180566207804 0.135262068931
15 8 1548.621437424851 0 -2.516690779758 0.029296437640 -15.949780868771 0.172409227591 0.548496133132 -0.044329953224 -12.314850465782 0.137012062341
16 9 1548.620653131934 0 -2.514404771861 0.029280349880 -15.944671157222 0.172316381888 0.552068270797 -0.044385464716 -12.343302872050 0.137382829716
17 9 1548.620526659805 1 -2.512631911021 0.029261425031 -15.940813539402 0.172263984976 0.551604533216 -0.044377808198 -12.346843543643 0.137429103438
18 10 1548.620470162464 1 -2.511559930786 0.029252553086 -15.942911578141 0.172301353010 0.551652719493 -0.044378294402 -12.346901163546 0.137429836820
19 10 1548.620275677010 1 -2.510268940786 0.029248708676 -15.956287071920 0.172511861478 0.549893388394 -0.044350268569 -12.341016193618 0.137353228071
20 11 1548.619752933796 1 -2.510162733771 0.029267971765 -15.998800342954 0.173091724911 0.545405538219 -0.044280087618 -12.347101729150 0.137433363596
21 11 1548.618022288920 1 -2.509151335651 0.029256361120 -16.102009450949 0.174429427321 0.528013105693 -0.044009909622 -12.368692098659 0.137717541881
22 12 1548.616341900301 1 -2.502435481378 0.029107330372 -16.108941545036 0.174459928960 0.517482954177 -0.043847360644 -12.369556450659 0.137729852711
23 12 1548.615681575843 1 -2.489699096669 0.028893855584 -16.123981009090 0.174653733422 0.507484798139 -0.043692134529 -12.352793011482 0.137512024594
24 13 1548.615663815982 1 -2.491078167615 0.028918226701 -16.130681855279 0.174747525741 0.507614415936 -0.043693755396 -12.350034825705 0.137476088508
25 13 1548.615662095584 1 -2.491837058693 0.028929798659 -16.134100108657 0.174792005191 0.507536723802 -0.043692472049 -12.349250719610 0.137465908081
26 14 1548.615662003473 1 -2.491917305214 0.028930760532 -16.134018846818 0.174790731932 0.507556983024 -0.043692808337 -12.349456125133 0.137468584900
27 14 1548.615661977973 1 -2.491869888736 0.028929802419 -16.134041804370 0.174790889096 0.507487426322 -0.043691732141 -12.349432832763 0.137468287791
28 15 1548.615661977963 1 -2.491869965863 0.028929803595 -16.134043747537 0.174790893617 0.507487418425 -0.043691734088 -12.349432762221 0.137468286757
29 15 1548.615661977958 1 -2.491869996018 0.028929806337 -16.134039978947 0.174790847260 0.507486634871 -0.043691720617 -12.349431306310 0.137468267243
30 16 1548.615661977957 2 -2.491869996019 0.028929806338 -16.134039964958 0.174790847261 0.507486634870 -0.043691720617 -12.349431306309 0.137468267243
