# DKMchr.txt
#IMaCh version 0.99r45, April 2023,INED-EUROREVES-Institut de longevite-Japan Society for the Promotion of Science (Grant-in-Aid for Scientific Research 25293121), Intel Software 2015-2020, Nihon University 2021-202, INED 2000-2022
#$Revision: 1.353 $ $Date: 2023/05/08 18:48:22 $
# Tue Feb 04 22:21:37 2025
#One-step probabilities and correlation matrix
# Age p1-1  p1-2  p1-3  p2-1  p2-2  p2-3 
50  7.396e-001  2.600e-001  4.545e-004  1.569e-001  8.396e-001  3.514e-003 
50 1-1  1.000e+000
50 1-2 -9.998e-001  1.000e+000
50 1-3 -2.260e-002  1.693e-003  1.000e+000
50 2-1 -1.110e-002  1.060e-002  2.385e-002  1.000e+000
50 2-2  1.126e-002 -1.085e-002 -2.009e-002 -9.986e-001  1.000e+000
50 2-3 -2.735e-003  4.258e-003 -7.280e-002 -6.224e-002  1.014e-002  1.000e+000
51  7.339e-001  2.656e-001  5.372e-004  1.512e-001  8.448e-001  4.057e-003 
51 1-1  1.000e+000
51 1-2 -9.997e-001  1.000e+000
51 1-3 -2.353e-002 -1.374e-003  1.000e+000
51 2-1 -1.116e-002  1.058e-002  2.343e-002  1.000e+000
51 2-2  1.134e-002 -1.088e-002 -1.886e-002 -9.980e-001  1.000e+000
51 2-3 -2.641e-003  4.457e-003 -7.283e-002 -5.872e-002 -4.546e-003  1.000e+000
52  7.281e-001  2.712e-001  6.348e-004  1.455e-001  8.498e-001  4.683e-003 
52 1-1  1.000e+000
52 1-2 -9.996e-001  1.000e+000
52 1-3 -2.491e-002 -4.780e-003  1.000e+000
52 2-1 -1.124e-002  1.056e-002  2.298e-002  1.000e+000
52 2-2  1.145e-002 -1.094e-002 -1.741e-002 -9.970e-001  1.000e+000
52 2-3 -2.517e-003  4.681e-003 -7.285e-002 -5.554e-002 -2.133e-002  1.000e+000
53  7.223e-001  2.770e-001  7.500e-004  1.401e-001  8.545e-001  5.403e-003 
53 1-1  1.000e+000
53 1-2 -9.994e-001  1.000e+000
53 1-3 -2.681e-002 -8.582e-003  1.000e+000
53 2-1 -1.136e-002  1.057e-002  2.248e-002  1.000e+000
53 2-2  1.159e-002 -1.104e-002 -1.568e-002 -9.956e-001  1.000e+000
53 2-3 -2.356e-003  4.937e-003 -7.288e-002 -5.273e-002 -4.069e-002  1.000e+000
54  7.164e-001  2.827e-001  8.859e-004  1.348e-001  8.590e-001  6.231e-003 
54 1-1  1.000e+000
54 1-2 -9.991e-001  1.000e+000
54 1-3 -2.935e-002 -1.284e-002  1.000e+000
54 2-1 -1.153e-002  1.061e-002  2.192e-002  1.000e+000
54 2-2  1.177e-002 -1.119e-002 -1.363e-002 -9.936e-001  1.000e+000
54 2-3 -2.152e-003  5.230e-003 -7.290e-002 -5.032e-002 -6.313e-002  1.000e+000
55  7.104e-001  2.886e-001  1.046e-003  1.297e-001  8.631e-001  7.184e-003 
55 1-1  1.000e+000
55 1-2 -9.987e-001  1.000e+000
55 1-3 -3.262e-002 -1.763e-002  1.000e+000
55 2-1 -1.175e-002  1.069e-002  2.129e-002  1.000e+000
55 2-2  1.198e-002 -1.142e-002 -1.120e-002 -9.905e-001  1.000e+000
55 2-3 -1.898e-003  5.563e-003 -7.292e-002 -4.837e-002 -8.922e-002  1.000e+000
56  7.042e-001  2.945e-001  1.235e-003  1.247e-001  8.670e-001  8.280e-003 
56 1-1  1.000e+000
56 1-2 -9.982e-001  1.000e+000
56 1-3 -3.672e-002 -2.299e-002  1.000e+000
56 2-1 -1.204e-002  1.082e-002  2.058e-002  1.000e+000
56 2-2  1.223e-002 -1.174e-002 -8.333e-003 -9.861e-001  1.000e+000
56 2-3 -1.586e-003  5.942e-003 -7.293e-002 -4.694e-002 -1.195e-001  1.000e+000
57  6.981e-001  3.005e-001  1.458e-003  1.199e-001  8.706e-001  9.540e-003 
57 1-1  1.000e+000
57 1-2 -9.975e-001  1.000e+000
57 1-3 -4.175e-002 -2.897e-002  1.000e+000
57 2-1 -1.241e-002  1.102e-002  1.977e-002  1.000e+000
57 2-2  1.252e-002 -1.217e-002 -4.972e-003 -9.798e-001  1.000e+000
57 2-3 -1.210e-003  6.369e-003 -7.293e-002 -4.605e-002 -1.544e-001  1.000e+000
58  6.918e-001  3.065e-001  1.721e-003  1.152e-001  8.739e-001  1.099e-002 
58 1-1  1.000e+000
58 1-2 -9.965e-001  1.000e+000
58 1-3 -4.774e-002 -3.556e-002  1.000e+000
58 2-1 -1.286e-002  1.130e-002  1.887e-002  1.000e+000
58 2-2  1.282e-002 -1.273e-002 -1.094e-003 -9.710e-001  1.000e+000
58 2-3 -7.674e-004  6.844e-003 -7.292e-002 -4.578e-002 -1.942e-001  1.000e+000
59  6.854e-001  3.126e-001  2.031e-003  1.106e-001  8.768e-001  1.265e-002 
59 1-1  1.000e+000
59 1-2 -9.953e-001  1.000e+000
59 1-3 -5.468e-002 -4.271e-002  1.000e+000
59 2-1 -1.341e-002  1.168e-002  1.787e-002  1.000e+000
59 2-2  1.311e-002 -1.344e-002  3.285e-003 -9.591e-001  1.000e+000
59 2-3 -2.595e-004  7.360e-003 -7.288e-002 -4.613e-002 -2.386e-001  1.000e+000
60  6.789e-001  3.187e-001  2.396e-003  1.062e-001  8.793e-001  1.455e-002 
60 1-1  1.000e+000
60 1-2 -9.936e-001  1.000e+000
60 1-3 -6.244e-002 -5.028e-002  1.000e+000
60 2-1 -1.403e-002  1.215e-002  1.676e-002  1.000e+000
60 2-2  1.336e-002 -1.428e-002  8.082e-003 -9.435e-001  1.000e+000
60 2-3  3.039e-004  7.906e-003 -7.281e-002 -4.711e-002 -2.866e-001  1.000e+000
61  6.723e-001  3.249e-001  2.826e-003  1.019e-001  8.814e-001  1.674e-002 
61 1-1  1.000e+000
61 1-2 -9.917e-001  1.000e+000
61 1-3 -7.078e-002 -5.804e-002  1.000e+000
61 2-1 -1.470e-002  1.270e-002  1.559e-002  1.000e+000
61 2-2  1.351e-002 -1.522e-002  1.313e-002 -9.240e-001  1.000e+000
61 2-3  9.031e-004  8.465e-003 -7.269e-002 -4.868e-002 -3.369e-001  1.000e+000
62  6.656e-001  3.311e-001  3.332e-003  9.771e-002  8.831e-001  1.924e-002 
62 1-1  1.000e+000
62 1-2 -9.895e-001  1.000e+000
62 1-3 -7.937e-002 -6.570e-002  1.000e+000
62 2-1 -1.538e-002  1.331e-002  1.438e-002  1.000e+000
62 2-2  1.354e-002 -1.620e-002  1.820e-002 -9.011e-001  1.000e+000
62 2-3  1.508e-003  9.016e-003 -7.252e-002 -5.076e-002 -3.872e-001  1.000e+000
63  6.587e-001  3.373e-001  3.928e-003  9.366e-002  8.842e-001  2.210e-002 
63 1-1  1.000e+000
63 1-2 -9.871e-001  1.000e+000
63 1-3 -8.782e-002 -7.298e-002  1.000e+000
63 2-1 -1.601e-002  1.391e-002  1.322e-002  1.000e+000
63 2-2  1.343e-002 -1.715e-002  2.302e-002 -8.758e-001  1.000e+000
63 2-3  2.083e-003  9.543e-003 -7.227e-002 -5.320e-002 -4.355e-001  1.000e+000
64  6.518e-001  3.436e-001  4.629e-003  8.972e-002  8.849e-001  2.538e-002 
64 1-1  1.000e+000
64 1-2 -9.846e-001  1.000e+000
64 1-3 -9.577e-002 -7.965e-002  1.000e+000
64 2-1 -1.656e-002  1.444e-002  1.220e-002  1.000e+000
64 2-2  1.318e-002 -1.800e-002  2.731e-002 -8.492e-001  1.000e+000
64 2-3  2.590e-003  1.003e-002 -7.192e-002 -5.588e-002 -4.797e-001  1.000e+000
65  6.447e-001  3.498e-001  5.453e-003  8.589e-002  8.850e-001  2.912e-002 
65 1-1  1.000e+000
65 1-2 -9.822e-001  1.000e+000
65 1-3 -1.030e-001 -8.562e-002  1.000e+000
65 2-1 -1.699e-002  1.486e-002  1.141e-002  1.000e+000
65 2-2  1.284e-002 -1.869e-002  3.089e-002 -8.229e-001  1.000e+000
65 2-3  2.997e-003  1.048e-002 -7.143e-002 -5.865e-002 -5.190e-001  1.000e+000
66  6.375e-001  3.561e-001  6.422e-003  8.217e-002  8.844e-001  3.340e-002 
66 1-1  1.000e+000
66 1-2 -9.799e-001  1.000e+000
66 1-3 -1.094e-001 -9.092e-002  1.000e+000
66 2-1 -1.730e-002  1.514e-002  1.093e-002  1.000e+000
66 2-2  1.246e-002 -1.923e-002  3.364e-002 -7.976e-001  1.000e+000
66 2-3  3.281e-003  1.091e-002 -7.077e-002 -6.142e-002 -5.530e-001  1.000e+000
67  6.302e-001  3.623e-001  7.560e-003  7.855e-002  8.832e-001  3.826e-002 
67 1-1  1.000e+000
67 1-2 -9.778e-001  1.000e+000
67 1-3 -1.151e-001 -9.571e-002  1.000e+000
67 2-1 -1.751e-002  1.526e-002  1.084e-002  1.000e+000
67 2-2  1.209e-002 -1.961e-002  3.552e-002 -7.739e-001  1.000e+000
67 2-3  3.430e-003  1.131e-002 -6.989e-002 -6.412e-002 -5.824e-001  1.000e+000
68  6.226e-001  3.685e-001  8.897e-003  7.502e-002  8.812e-001  4.380e-002 
68 1-1  1.000e+000
68 1-2 -9.757e-001  1.000e+000
68 1-3 -1.202e-001 -1.002e-001  1.000e+000
68 2-1 -1.766e-002  1.523e-002  1.119e-002  1.000e+000
68 2-2  1.178e-002 -1.987e-002  3.653e-002 -7.516e-001  1.000e+000
68 2-3  3.440e-003  1.172e-002 -6.873e-002 -6.674e-002 -6.080e-001  1.000e+000
69  6.149e-001  3.746e-001  1.047e-002  7.158e-002  8.783e-001  5.009e-002 
69 1-1  1.000e+000
69 1-2 -9.736e-001  1.000e+000
69 1-3 -1.249e-001 -1.047e-001  1.000e+000
69 2-1 -1.778e-002  1.507e-002  1.199e-002  1.000e+000
69 2-2  1.156e-002 -2.003e-002  3.670e-002 -7.304e-001  1.000e+000
69 2-3  3.311e-003  1.213e-002 -6.722e-002 -6.930e-002 -6.308e-001  1.000e+000
70  6.071e-001  3.806e-001  1.230e-002  6.822e-002  8.745e-001  5.723e-002 
70 1-1  1.000e+000
70 1-2 -9.715e-001  1.000e+000
70 1-3 -1.294e-001 -1.095e-001  1.000e+000
70 2-1 -1.790e-002  1.478e-002  1.325e-002  1.000e+000
70 2-2  1.146e-002 -2.011e-002  3.607e-002 -7.094e-001  1.000e+000
70 2-3  3.050e-003  1.256e-002 -6.530e-002 -7.183e-002 -6.520e-001  1.000e+000
71  5.990e-001  3.866e-001  1.446e-002  6.495e-002  8.698e-001  6.530e-002 
71 1-1  1.000e+000
71 1-2 -9.690e-001  1.000e+000
71 1-3 -1.342e-001 -1.149e-001  1.000e+000
71 2-1 -1.806e-002  1.438e-002  1.496e-002  1.000e+000
71 2-2  1.146e-002 -2.014e-002  3.468e-002 -6.879e-001  1.000e+000
71 2-3  2.668e-003  1.302e-002 -6.291e-002 -7.438e-002 -6.726e-001  1.000e+000
72  5.906e-001  3.924e-001  1.698e-002  6.175e-002  8.638e-001  7.442e-002 
72 1-1  1.000e+000
72 1-2 -9.660e-001  1.000e+000
72 1-3 -1.395e-001 -1.213e-001  1.000e+000
72 2-1 -1.829e-002  1.387e-002  1.708e-002  1.000e+000
72 2-2  1.158e-002 -2.012e-002  3.262e-002 -6.649e-001  1.000e+000
72 2-3  2.184e-003  1.348e-002 -6.001e-002 -7.702e-002 -6.935e-001  1.000e+000
73  5.820e-001  3.980e-001  1.993e-002  5.862e-002  8.567e-001  8.468e-002 
73 1-1  1.000e+000
73 1-2 -9.622e-001  1.000e+000
73 1-3 -1.459e-001 -1.292e-001  1.000e+000
73 2-1 -1.859e-002  1.325e-002  1.955e-002  1.000e+000
73 2-2  1.177e-002 -2.006e-002  2.999e-002 -6.390e-001  1.000e+000
73 2-3  1.631e-003  1.396e-002 -5.663e-002 -7.982e-002 -7.157e-001  1.000e+000
74  5.732e-001  4.035e-001  2.337e-002  5.556e-002  8.482e-001  9.620e-002 
74 1-1  1.000e+000
74 1-2 -9.571e-001  1.000e+000
74 1-3 -1.538e-001 -1.390e-001  1.000e+000
74 2-1 -1.900e-002  1.251e-002  2.229e-002  1.000e+000
74 2-2  1.199e-002 -1.993e-002  2.702e-002 -6.092e-001  1.000e+000
74 2-3  1.056e-003  1.444e-002 -5.286e-002 -8.289e-002 -7.398e-001  1.000e+000
75  5.640e-001  4.086e-001  2.739e-002  5.256e-002  8.384e-001  1.091e-001 
75 1-1  1.000e+000
75 1-2 -9.503e-001  1.000e+000
75 1-3 -1.640e-001 -1.512e-001  1.000e+000
75 2-1 -1.953e-002  1.163e-002  2.516e-002  1.000e+000
75 2-2  1.216e-002 -1.975e-002  2.398e-002 -5.741e-001  1.000e+000
75 2-3  5.284e-004  1.491e-002 -4.893e-002 -8.634e-002 -7.661e-001  1.000e+000
76  5.544e-001  4.135e-001  3.207e-002  4.963e-002  8.269e-001  1.235e-001 
76 1-1  1.000e+000
76 1-2 -9.409e-001  1.000e+000
76 1-3 -1.770e-001 -1.666e-001  1.000e+000
76 2-1 -2.020e-002  1.059e-002  2.804e-002  1.000e+000
76 2-2  1.220e-002 -1.953e-002  2.123e-002 -5.328e-001  1.000e+000
76 2-3  1.324e-004  1.538e-002 -4.510e-002 -9.037e-002 -7.946e-001  1.000e+000
77  5.445e-001  4.180e-001  3.751e-002  4.676e-002  8.138e-001  1.394e-001 
77 1-1  1.000e+000
77 1-2 -9.279e-001  1.000e+000
77 1-3 -1.938e-001 -1.859e-001  1.000e+000
77 2-1 -2.103e-002  9.354e-003  3.080e-002  1.000e+000
77 2-2  1.199e-002 -1.927e-002  1.913e-002 -4.849e-001  1.000e+000
77 2-3 -3.652e-005  1.588e-002 -4.170e-002 -9.515e-002 -8.245e-001  1.000e+000
78  5.341e-001  4.221e-001  4.383e-002  4.394e-002  7.990e-001  1.570e-001 
78 1-1  1.000e+000
78 1-2 -9.098e-001  1.000e+000
78 1-3 -2.150e-001 -2.097e-001  1.000e+000
78 2-1 -2.203e-002  7.892e-003  3.334e-002  1.000e+000
78 2-2  1.141e-002 -1.905e-002  1.795e-002 -4.308e-001  1.000e+000
78 2-3  1.145e-004  1.645e-002 -3.899e-002 -1.010e-001 -8.544e-001  1.000e+000
79  5.232e-001  4.256e-001  5.113e-002  4.119e-002  7.824e-001  1.764e-001 
79 1-1  1.000e+000
79 1-2 -8.848e-001  1.000e+000
79 1-3 -2.412e-001 -2.389e-001  1.000e+000
79 2-1 -2.324e-002  6.159e-003  3.560e-002  1.000e+000
79 2-2  1.037e-002 -1.893e-002  1.782e-002 -3.719e-001  1.000e+000
79 2-3  6.636e-004  1.716e-002 -3.711e-002 -1.080e-001 -8.827e-001  1.000e+000
80  5.118e-001  4.286e-001  5.957e-002  3.850e-002  7.639e-001  1.976e-001 
80 1-1  1.000e+000
80 1-2 -8.504e-001  1.000e+000
80 1-3 -2.730e-001 -2.740e-001  1.000e+000
80 2-1 -2.466e-002  4.110e-003  3.756e-002  1.000e+000
80 2-2  8.808e-003 -1.902e-002  1.869e-002 -3.103e-001  1.000e+000
80 2-3  1.666e-003  1.806e-002 -3.608e-002 -1.166e-001 -9.080e-001  1.000e+000
81  4.999e-001  4.309e-001  6.929e-002  3.586e-002  7.434e-001  2.207e-001 
81 1-1  1.000e+000
81 1-2 -8.041e-001  1.000e+000
81 1-3 -3.105e-001 -3.155e-001  1.000e+000
81 2-1 -2.630e-002  1.700e-003  3.926e-002  1.000e+000
81 2-2  6.706e-003 -1.943e-002  2.036e-002 -2.480e-001  1.000e+000
81 2-3  3.148e-003  1.924e-002 -3.579e-002 -1.268e-001 -9.295e-001  1.000e+000
82  4.872e-001  4.323e-001  8.045e-002  3.330e-002  7.211e-001  2.456e-001 
82 1-1  1.000e+000
82 1-2 -7.428e-001  1.000e+000
82 1-3 -3.538e-001 -3.634e-001  1.000e+000
82 2-1 -2.817e-002 -1.106e-003  4.074e-002  1.000e+000
82 2-2  4.076e-003 -2.022e-002  2.257e-002 -1.871e-001  1.000e+000
82 2-3  5.115e-003  2.074e-002 -3.610e-002 -1.388e-001 -9.469e-001  1.000e+000
83  4.739e-001  4.329e-001  9.320e-002  3.080e-002  6.969e-001  2.723e-001 
83 1-1  1.000e+000
83 1-2 -6.640e-001  1.000e+000
83 1-3 -4.022e-001 -4.175e-001  1.000e+000
83 2-1 -3.024e-002 -4.329e-003  4.205e-002  1.000e+000
83 2-2  9.624e-004 -2.145e-002  2.509e-002 -1.288e-001  1.000e+000
83 2-3  7.540e-003  2.259e-002 -3.683e-002 -1.527e-001 -9.604e-001  1.000e+000
84  4.599e-001  4.324e-001  1.077e-001  2.839e-002  6.708e-001  3.008e-001 
84 1-1  1.000e+000
84 1-2 -5.660e-001  1.000e+000
84 1-3 -4.549e-001 -4.767e-001  1.000e+000
84 2-1 -3.250e-002 -7.957e-003  4.325e-002  1.000e+000
84 2-2 -2.565e-003 -2.312e-002  2.771e-002 -7.364e-002  1.000e+000
84 2-3  1.038e-002  2.477e-002 -3.782e-002 -1.684e-001 -9.706e-001  1.000e+000
85  4.451e-001  4.307e-001  1.242e-001  2.605e-002  6.431e-001  3.309e-001 
85 1-1  1.000e+000
85 1-2 -4.488e-001  1.000e+000
85 1-3 -5.104e-001 -5.393e-001  1.000e+000
85 2-1 -3.490e-002 -1.194e-002  4.438e-002  1.000e+000
85 2-2 -6.415e-003 -2.519e-002  3.028e-002 -2.193e-002  1.000e+000
85 2-3  1.355e-002  2.723e-002 -3.897e-002 -1.859e-001 -9.783e-001  1.000e+000
86  4.295e-001  4.278e-001  1.427e-001  2.380e-002  6.139e-001  3.623e-001 
86 1-1  1.000e+000
86 1-2 -3.151e-001  1.000e+000
86 1-3 -5.671e-001 -6.030e-001  1.000e+000
86 2-1 -3.737e-002 -1.619e-002  4.546e-002  1.000e+000
86 2-2 -1.048e-002 -2.756e-002  3.272e-002  2.650e-002  1.000e+000
86 2-3  1.695e-002  2.988e-002 -4.018e-002 -2.050e-001 -9.839e-001  1.000e+000
87  4.131e-001  4.235e-001  1.634e-001  2.165e-002  5.833e-001  3.950e-001 
87 1-1  1.000e+000
87 1-2 -1.700e-001  1.000e+000
87 1-3 -6.228e-001 -6.651e-001  1.000e+000
87 2-1 -3.985e-002 -2.056e-002  4.652e-002  1.000e+000
87 2-2 -1.462e-002 -3.011e-002  3.499e-002  7.192e-002  1.000e+000
87 2-3  2.047e-002  3.261e-002 -4.140e-002 -2.254e-001 -9.879e-001  1.000e+000
88  3.958e-001  4.177e-001  1.865e-001  1.960e-002  5.517e-001  4.287e-001 
88 1-1  1.000e+000
88 1-2 -2.053e-002  1.000e+000
88 1-3 -6.759e-001 -7.230e-001  1.000e+000
88 2-1 -4.227e-002 -2.492e-002  4.757e-002  1.000e+000
88 2-2 -1.873e-002 -3.272e-002  3.706e-002  1.146e-001  1.000e+000
88 2-3  2.398e-002  3.528e-002 -4.258e-002 -2.470e-001 -9.909e-001  1.000e+000
89  3.777e-001  4.103e-001  2.120e-001  1.766e-002  5.193e-001  4.630e-001 
89 1-1  1.000e+000
89 1-2  1.258e-001  1.000e+000
89 1-3 -7.247e-001 -7.748e-001  1.000e+000
89 2-1 -4.456e-002 -2.911e-002  4.862e-002  1.000e+000
89 2-2 -2.268e-002 -3.525e-002  3.894e-002  1.548e-001  1.000e+000
89 2-3  2.738e-002  3.781e-002 -4.371e-002 -2.694e-001 -9.931e-001  1.000e+000
90  3.588e-001  4.013e-001  2.399e-001  1.584e-002  4.865e-001  4.977e-001 
90 1-1  1.000e+000
90 1-2  2.624e-001  1.000e+000
90 1-3 -7.682e-001 -8.193e-001  1.000e+000
90 2-1 -4.669e-002 -3.303e-002  4.965e-002  1.000e+000
90 2-2 -2.637e-002 -3.762e-002  4.063e-002  1.928e-001  1.000e+000
90 2-3  3.058e-002  4.011e-002 -4.478e-002 -2.923e-001 -9.947e-001  1.000e+000