# DKMchr.txt
#IMaCh version 0.99r45, April 2023,INED-EUROREVES-Institut de longevite-Japan Society for the Promotion of Science (Grant-in-Aid for Scientific Research 25293121), Intel Software 2015-2020, Nihon University 2021-202, INED 2000-2022
#$Revision: 1.353 $ $Date: 2023/05/08 18:48:22 $
# Tue Feb 04 22:21:37 2025
#One-step probabilities and stand. devi in ()
# Age p1-1 (SE) p1-2 (SE) p1-3 (SE) p2-1 (SE) p2-2 (SE) p2-3 (SE)
50  7.396e-001 ( 3.786e-002)  2.600e-001 ( 3.785e-002)  4.545e-004 ( 7.916e-004)  1.569e-001 ( 2.857e-002)  8.396e-001 ( 2.852e-002)  3.514e-003 ( 1.489e-003) 
51  7.339e-001 ( 3.628e-002)  2.656e-001 ( 3.627e-002)  5.372e-004 ( 9.035e-004)  1.512e-001 ( 2.623e-002)  8.448e-001 ( 2.618e-002)  4.057e-003 ( 1.659e-003) 
52  7.281e-001 ( 3.469e-002)  2.712e-001 ( 3.468e-002)  6.348e-004 ( 1.030e-003)  1.455e-001 ( 2.402e-002)  8.498e-001 ( 2.399e-002)  4.683e-003 ( 1.846e-003) 
53  7.223e-001 ( 3.312e-002)  2.770e-001 ( 3.311e-002)  7.500e-004 ( 1.172e-003)  1.401e-001 ( 2.196e-002)  8.545e-001 ( 2.195e-002)  5.403e-003 ( 2.051e-003) 
54  7.164e-001 ( 3.159e-002)  2.827e-001 ( 3.158e-002)  8.859e-004 ( 1.333e-003)  1.348e-001 ( 2.004e-002)  8.590e-001 ( 2.006e-002)  6.231e-003 ( 2.275e-003) 
55  7.104e-001 ( 3.011e-002)  2.886e-001 ( 3.009e-002)  1.046e-003 ( 1.512e-003)  1.297e-001 ( 1.827e-002)  8.631e-001 ( 1.832e-002)  7.184e-003 ( 2.519e-003) 
56  7.042e-001 ( 2.871e-002)  2.945e-001 ( 2.870e-002)  1.235e-003 ( 1.714e-003)  1.247e-001 ( 1.665e-002)  8.670e-001 ( 1.675e-002)  8.280e-003 ( 2.784e-003) 
57  6.981e-001 ( 2.743e-002)  3.005e-001 ( 2.741e-002)  1.458e-003 ( 1.939e-003)  1.199e-001 ( 1.518e-002)  8.706e-001 ( 1.535e-002)  9.540e-003 ( 3.070e-003) 
58  6.918e-001 ( 2.630e-002)  3.065e-001 ( 2.628e-002)  1.721e-003 ( 2.190e-003)  1.152e-001 ( 1.388e-002)  8.739e-001 ( 1.413e-002)  1.099e-002 ( 3.379e-003) 
59  6.854e-001 ( 2.536e-002)  3.126e-001 ( 2.534e-002)  2.031e-003 ( 2.469e-003)  1.106e-001 ( 1.273e-002)  8.768e-001 ( 1.310e-002)  1.265e-002 ( 3.712e-003) 
60  6.789e-001 ( 2.466e-002)  3.187e-001 ( 2.464e-002)  2.396e-003 ( 2.778e-003)  1.062e-001 ( 1.176e-002)  8.793e-001 ( 1.226e-002)  1.455e-002 ( 4.067e-003) 
61  6.723e-001 ( 2.423e-002)  3.249e-001 ( 2.421e-002)  2.826e-003 ( 3.121e-003)  1.019e-001 ( 1.095e-002)  8.814e-001 ( 1.161e-002)  1.674e-002 ( 4.446e-003) 
62  6.656e-001 ( 2.412e-002)  3.311e-001 ( 2.410e-002)  3.332e-003 ( 3.498e-003)  9.771e-002 ( 1.031e-002)  8.831e-001 ( 1.117e-002)  1.924e-002 ( 4.847e-003) 
63  6.587e-001 ( 2.435e-002)  3.373e-001 ( 2.432e-002)  3.928e-003 ( 3.913e-003)  9.366e-002 ( 9.829e-003)  8.842e-001 ( 1.090e-002)  2.210e-002 ( 5.271e-003) 
64  6.518e-001 ( 2.492e-002)  3.436e-001 ( 2.489e-002)  4.629e-003 ( 4.369e-003)  8.972e-002 ( 9.498e-003)  8.849e-001 ( 1.081e-002)  2.538e-002 ( 5.716e-003) 
65  6.447e-001 ( 2.583e-002)  3.498e-001 ( 2.579e-002)  5.453e-003 ( 4.869e-003)  8.589e-002 ( 9.297e-003)  8.850e-001 ( 1.086e-002)  2.912e-002 ( 6.181e-003) 
66  6.375e-001 ( 2.706e-002)  3.561e-001 ( 2.701e-002)  6.422e-003 ( 5.418e-003)  8.217e-002 ( 9.206e-003)  8.844e-001 ( 1.103e-002)  3.340e-002 ( 6.665e-003) 
67  6.302e-001 ( 2.858e-002)  3.623e-001 ( 2.852e-002)  7.560e-003 ( 6.020e-003)  7.855e-002 ( 9.200e-003)  8.832e-001 ( 1.129e-002)  3.826e-002 ( 7.168e-003) 
68  6.226e-001 ( 3.035e-002)  3.685e-001 ( 3.029e-002)  8.897e-003 ( 6.683e-003)  7.502e-002 ( 9.257e-003)  8.812e-001 ( 1.163e-002)  4.380e-002 ( 7.690e-003) 
69  6.149e-001 ( 3.234e-002)  3.746e-001 ( 3.227e-002)  1.047e-002 ( 7.417e-003)  7.158e-002 ( 9.354e-003)  8.783e-001 ( 1.203e-002)  5.009e-002 ( 8.234e-003) 
70  6.071e-001 ( 3.452e-002)  3.806e-001 ( 3.443e-002)  1.230e-002 ( 8.237e-003)  6.822e-002 ( 9.473e-003)  8.745e-001 ( 1.246e-002)  5.723e-002 ( 8.805e-003) 
71  5.990e-001 ( 3.684e-002)  3.866e-001 ( 3.675e-002)  1.446e-002 ( 9.167e-003)  6.495e-002 ( 9.598e-003)  8.698e-001 ( 1.293e-002)  6.530e-002 ( 9.413e-003) 
72  5.906e-001 ( 3.929e-002)  3.924e-001 ( 3.920e-002)  1.698e-002 ( 1.024e-002)  6.175e-002 ( 9.717e-003)  8.638e-001 ( 1.345e-002)  7.442e-002 ( 1.007e-002) 
73  5.820e-001 ( 4.184e-002)  3.980e-001 ( 4.174e-002)  1.993e-002 ( 1.150e-002)  5.862e-002 ( 9.818e-003)  8.567e-001 ( 1.401e-002)  8.468e-002 ( 1.081e-002) 
74  5.732e-001 ( 4.447e-002)  4.035e-001 ( 4.437e-002)  2.337e-002 ( 1.301e-002)  5.556e-002 ( 9.894e-003)  8.482e-001 ( 1.465e-002)  9.620e-002 ( 1.166e-002) 
75  5.640e-001 ( 4.716e-002)  4.086e-001 ( 4.707e-002)  2.739e-002 ( 1.485e-002)  5.256e-002 ( 9.939e-003)  8.384e-001 ( 1.541e-002)  1.091e-001 ( 1.266e-002) 
76  5.544e-001 ( 4.991e-002)  4.135e-001 ( 4.982e-002)  3.207e-002 ( 1.714e-002)  4.963e-002 ( 9.949e-003)  8.269e-001 ( 1.632e-002)  1.235e-001 ( 1.387e-002) 
77  5.445e-001 ( 5.271e-002)  4.180e-001 ( 5.263e-002)  3.751e-002 ( 2.000e-002)  4.676e-002 ( 9.919e-003)  8.138e-001 ( 1.745e-002)  1.394e-001 ( 1.533e-002) 
78  5.341e-001 ( 5.556e-002)  4.221e-001 ( 5.549e-002)  4.383e-002 ( 2.358e-002)  4.394e-002 ( 9.849e-003)  7.990e-001 ( 1.885e-002)  1.570e-001 ( 1.710e-002) 
79  5.232e-001 ( 5.847e-002)  4.256e-001 ( 5.843e-002)  5.113e-002 ( 2.806e-002)  4.119e-002 ( 9.736e-003)  7.824e-001 ( 2.059e-002)  1.764e-001 ( 1.923e-002) 
80  5.118e-001 ( 6.147e-002)  4.286e-001 ( 6.149e-002)  5.957e-002 ( 3.363e-002)  3.850e-002 ( 9.581e-003)  7.639e-001 ( 2.271e-002)  1.976e-001 ( 2.174e-002) 
81  4.999e-001 ( 6.461e-002)  4.309e-001 ( 6.472e-002)  6.929e-002 ( 4.048e-002)  3.586e-002 ( 9.385e-003)  7.434e-001 ( 2.524e-002)  2.207e-001 ( 2.465e-002) 
82  4.872e-001 ( 6.794e-002)  4.323e-001 ( 6.821e-002)  8.045e-002 ( 4.883e-002)  3.330e-002 ( 9.149e-003)  7.211e-001 ( 2.817e-002)  2.456e-001 ( 2.794e-002) 
83  4.739e-001 ( 7.154e-002)  4.329e-001 ( 7.208e-002)  9.320e-002 ( 5.887e-002)  3.080e-002 ( 8.876e-003)  6.969e-001 ( 3.147e-002)  2.723e-001 ( 3.158e-002) 
84  4.599e-001 ( 7.550e-002)  4.324e-001 ( 7.649e-002)  1.077e-001 ( 7.081e-002)  2.839e-002 ( 8.568e-003)  6.708e-001 ( 3.511e-002)  3.008e-001 ( 3.552e-002) 
85  4.451e-001 ( 7.992e-002)  4.307e-001 ( 8.161e-002)  1.242e-001 ( 8.481e-002)  2.605e-002 ( 8.229e-003)  6.431e-001 ( 3.898e-002)  3.309e-001 ( 3.967e-002) 
86  4.295e-001 ( 8.489e-002)  4.278e-001 ( 8.765e-002)  1.427e-001 ( 1.010e-001)  2.380e-002 ( 7.864e-003)  6.139e-001 ( 4.301e-002)  3.623e-001 ( 4.392e-002) 
87  4.131e-001 ( 9.051e-002)  4.235e-001 ( 9.481e-002)  1.634e-001 ( 1.194e-001)  2.165e-002 ( 7.476e-003)  5.833e-001 ( 4.706e-002)  3.950e-001 ( 4.818e-002) 
88  3.958e-001 ( 9.680e-002)  4.177e-001 ( 1.033e-001)  1.865e-001 ( 1.401e-001)  1.960e-002 ( 7.071e-003)  5.517e-001 ( 5.102e-002)  4.287e-001 ( 5.230e-002) 
89  3.777e-001 ( 1.037e-001)  4.103e-001 ( 1.131e-001)  2.120e-001 ( 1.628e-001)  1.766e-002 ( 6.653e-003)  5.193e-001 ( 5.474e-002)  4.630e-001 ( 5.616e-002) 
90  3.588e-001 ( 1.113e-001)  4.013e-001 ( 1.242e-001)  2.399e-001 ( 1.873e-001)  1.584e-002 ( 6.228e-003)  4.865e-001 ( 5.812e-002)  4.977e-001 ( 5.963e-002) 