# DKMchr.txt
#IMaCh version 0.99r45, April 2023,INED-EUROREVES-Institut de longevite-Japan Society for the Promotion of Science (Grant-in-Aid for Scientific Research 25293121), Intel Software 2015-2020, Nihon University 2021-202, INED 2000-2022
#$Revision: 1.353 $ $Date: 2023/05/08 18:48:22 $
# Tue Feb 04 22:21:37 2025
#One-step probabilities and covariance matrix
# Age p1-1  p1-2  p1-3  p2-1  p2-2  p2-3 
50  7.396e-001  2.600e-001  4.545e-004  1.569e-001  8.396e-001  3.514e-003 
50 1-1  1.433e-003
50 1-2 -1.433e-003  1.433e-003
50 1-3 -6.774e-007  5.072e-008  6.267e-007
50 2-1 -1.200e-005  1.147e-005  5.393e-007  8.162e-004
50 2-2  1.216e-005 -1.171e-005 -4.535e-007 -8.135e-004  8.131e-004
50 2-3 -1.541e-007  2.399e-007 -8.580e-008 -2.647e-006  4.305e-007  2.217e-006
51  7.339e-001  2.656e-001  5.372e-004  1.512e-001  8.448e-001  4.057e-003 
51 1-1  1.316e-003
51 1-2 -1.315e-003  1.315e-003
51 1-3 -7.713e-007 -4.504e-008  8.163e-007
51 2-1 -1.061e-005  1.006e-005  5.553e-007  6.878e-004
51 2-2  1.077e-005 -1.033e-005 -4.461e-007 -6.853e-004  6.855e-004
51 2-3 -1.590e-007  2.681e-007 -1.092e-007 -2.555e-006 -1.975e-007  2.753e-006
52  7.281e-001  2.712e-001  6.348e-004  1.455e-001  8.498e-001  4.683e-003 
52 1-1  1.203e-003
52 1-2 -1.203e-003  1.203e-003
52 1-3 -8.899e-007 -1.707e-007  1.061e-006
52 2-1 -9.370e-006  8.801e-006  5.686e-007  5.771e-004
52 2-2  9.531e-006 -9.101e-006 -4.301e-007 -5.747e-004  5.756e-004
52 2-3 -1.612e-007  2.997e-007 -1.385e-007 -2.463e-006 -9.449e-007  3.408e-006
53  7.223e-001  2.770e-001  7.500e-004  1.401e-001  8.545e-001  5.403e-003 
53 1-1  1.097e-003
53 1-2 -1.096e-003  1.096e-003
53 1-3 -1.041e-006 -3.332e-007  1.374e-006
53 2-1 -8.267e-006  7.688e-006  5.787e-007  4.823e-004
53 2-2  8.427e-006 -8.023e-006 -4.035e-007 -4.799e-004  4.818e-004
53 2-3 -1.601e-007  3.353e-007 -1.752e-007 -2.375e-006 -1.832e-006  4.207e-006
54  7.164e-001  2.827e-001  8.859e-004  1.348e-001  8.590e-001  6.231e-003 
54 1-1  9.977e-004
54 1-2 -9.965e-004  9.970e-004
54 1-3 -1.235e-006 -5.404e-007  1.776e-006
54 2-1 -7.300e-006  6.714e-006  5.854e-007  4.017e-004
54 2-2  7.454e-006 -7.090e-006 -3.644e-007 -3.994e-004  4.023e-004
54 2-3 -1.547e-007  3.756e-007 -2.210e-007 -2.294e-006 -2.880e-006  5.175e-006
55  7.104e-001  2.886e-001  1.046e-003  1.297e-001  8.631e-001  7.184e-003 
55 1-1  9.064e-004
55 1-2 -9.049e-004  9.057e-004
55 1-3 -1.485e-006 -8.023e-007  2.288e-006
55 2-1 -6.465e-006  5.876e-006  5.883e-007  3.339e-004
55 2-2  6.609e-006 -6.298e-006 -3.105e-007 -3.316e-004  3.357e-004
55 2-3 -1.439e-007  4.217e-007 -2.778e-007 -2.226e-006 -4.118e-006  6.344e-006
56  7.042e-001  2.945e-001  1.235e-003  1.247e-001  8.670e-001  8.280e-003 
56 1-1  8.242e-004
56 1-2 -8.224e-004  8.235e-004
56 1-3 -1.807e-006 -1.131e-006  2.938e-006
56 2-1 -5.756e-006  5.169e-006  5.872e-007  2.772e-004
56 2-2  5.883e-006 -5.643e-006 -2.393e-007 -2.751e-004  2.806e-004
56 2-3 -1.267e-007  4.747e-007 -3.480e-007 -2.175e-006 -5.573e-006  7.748e-006
57  6.981e-001  3.005e-001  1.458e-003  1.199e-001  8.706e-001  9.540e-003 
57 1-1  7.522e-004
57 1-2 -7.500e-004  7.515e-004
57 1-3 -2.220e-006 -1.540e-006  3.760e-006
57 2-1 -5.168e-006  4.585e-006  5.822e-007  2.305e-004
57 2-2  5.270e-006 -5.122e-006 -1.480e-007 -2.284e-004  2.357e-004
57 2-3 -1.019e-007  5.361e-007 -4.342e-007 -2.147e-006 -7.280e-006  9.427e-006
58  6.918e-001  3.065e-001  1.721e-003  1.152e-001  8.739e-001  1.099e-002 
58 1-1  6.915e-004
58 1-2 -6.887e-004  6.908e-004
58 1-3 -2.749e-006 -2.047e-006  4.796e-006
58 2-1 -4.694e-006  4.121e-006  5.735e-007  1.925e-004
58 2-2  4.762e-006 -4.728e-006 -3.386e-008 -1.904e-004  1.997e-004
58 2-3 -6.819e-008  6.079e-007 -5.397e-007 -2.147e-006 -9.274e-006  1.142e-005
59  6.854e-001  3.126e-001  2.031e-003  1.106e-001  8.768e-001  1.265e-002 
59 1-1  6.430e-004
59 1-2 -6.396e-004  6.423e-004
59 1-3 -3.423e-006 -2.673e-006  6.096e-006
59 2-1 -4.329e-006  3.767e-006  5.617e-007  1.621e-004
59 2-2  4.354e-006 -4.460e-006  1.062e-007 -1.599e-004  1.715e-004
59 2-3 -2.442e-008  6.923e-007 -6.679e-007 -2.180e-006 -1.160e-005  1.378e-005
60  6.789e-001  3.187e-001  2.396e-003  1.062e-001  8.793e-001  1.455e-002 
60 1-1  6.079e-004
60 1-2 -6.037e-004  6.071e-004
60 1-3 -4.277e-006 -3.442e-006  7.720e-006
60 2-1 -4.067e-006  3.519e-006  5.475e-007  1.382e-004
60 2-2  4.036e-006 -4.311e-006  2.752e-007 -1.359e-004  1.502e-004
60 2-3  3.048e-008  7.923e-007 -8.227e-007 -2.252e-006 -1.429e-005  1.654e-005
61  6.723e-001  3.249e-001  2.826e-003  1.019e-001  8.814e-001  1.674e-002 
61 1-1  5.872e-004
61 1-2 -5.819e-004  5.863e-004
61 1-3 -5.353e-006 -4.385e-006  9.738e-006
61 2-1 -3.900e-006  3.368e-006  5.325e-007  1.199e-004
61 2-2  3.803e-006 -4.279e-006  4.760e-007 -1.175e-004  1.349e-004
61 2-3  9.730e-008  9.112e-007 -1.008e-006 -2.370e-006 -1.740e-005  1.976e-005
62  6.656e-001  3.311e-001  3.332e-003  9.771e-002  8.831e-001  1.924e-002 
62 1-1  5.819e-004
62 1-2 -5.752e-004  5.807e-004
62 1-3 -6.697e-006 -5.538e-006  1.224e-005
62 2-1 -3.824e-006  3.306e-006  5.186e-007  1.063e-004
62 2-2  3.648e-006 -4.359e-006  7.110e-007 -1.037e-004  1.247e-004
62 2-3  1.764e-007  1.053e-006 -1.230e-006 -2.536e-006 -2.096e-005  2.350e-005
63  6.587e-001  3.373e-001  3.928e-003  9.366e-002  8.842e-001  2.210e-002 
63 1-1  5.929e-004
63 1-2 -5.845e-004  5.915e-004
63 1-3 -8.367e-006 -6.945e-006  1.531e-005
63 2-1 -3.832e-006  3.324e-006  5.086e-007  9.660e-005
63 2-2  3.565e-006 -4.547e-006  9.820e-007 -9.385e-005  1.189e-004
63 2-3  2.673e-007  1.223e-006 -1.491e-006 -2.756e-006 -2.502e-005  2.778e-005
64  6.518e-001  3.436e-001  4.629e-003  8.972e-002  8.849e-001  2.538e-002 
64 1-1  6.211e-004
64 1-2 -6.107e-004  6.194e-004
64 1-3 -1.043e-005 -8.661e-006  1.909e-005
64 2-1 -3.920e-006  3.413e-006  5.062e-007  9.021e-005
64 2-2  3.551e-006 -4.840e-006  1.290e-006 -8.717e-005  1.168e-004
64 2-3  3.689e-007  1.427e-006 -1.796e-006 -3.033e-006 -2.963e-005  3.267e-005
65  6.447e-001  3.498e-001  5.453e-003  8.589e-002  8.850e-001  2.912e-002 
65 1-1  6.674e-004
65 1-2 -6.544e-004  6.652e-004
65 1-3 -1.296e-005 -1.075e-005  2.371e-005
65 2-1 -4.080e-006  3.564e-006  5.163e-007  8.644e-005
65 2-2  3.602e-006 -5.235e-006  1.633e-006 -8.307e-005  1.179e-004
65 2-3  4.785e-007  1.671e-006 -2.150e-006 -3.370e-006 -3.483e-005  3.820e-005
66  6.375e-001  3.561e-001  6.422e-003  8.217e-002  8.844e-001  3.340e-002 
66 1-1  7.324e-004
66 1-2 -7.164e-004  7.297e-004
66 1-3 -1.605e-005 -1.331e-005  2.935e-005
66 2-1 -4.310e-006  3.765e-006  5.451e-007  8.475e-005
66 2-2  3.719e-006 -5.729e-006  2.010e-006 -8.098e-005  1.216e-004
66 2-3  5.918e-007  1.964e-006 -2.556e-006 -3.768e-006 -4.065e-005  4.442e-005
67  6.302e-001  3.623e-001  7.560e-003  7.855e-002  8.832e-001  3.826e-002 
67 1-1  8.169e-004
67 1-2 -7.971e-004  8.135e-004
67 1-3 -1.981e-005 -1.643e-005  3.624e-005
67 2-1 -4.605e-006  4.005e-006  6.004e-007  8.465e-005
67 2-2  3.903e-006 -6.318e-006  2.415e-006 -8.042e-005  1.276e-004
67 2-3  7.028e-007  2.313e-006 -3.016e-006 -4.228e-006 -4.715e-005  5.138e-005
68  6.226e-001  3.685e-001  8.897e-003  7.502e-002  8.812e-001  4.380e-002 
68 1-1  9.213e-004
68 1-2 -8.970e-004  9.172e-004
68 1-3 -2.438e-005 -2.028e-005  4.466e-005
68 2-1 -4.962e-006  4.270e-006  6.920e-007  8.569e-005
68 2-2  4.159e-006 -7.000e-006  2.840e-006 -8.094e-005  1.353e-004
68 2-3  8.029e-007  2.729e-006 -3.532e-006 -4.751e-006 -5.439e-005  5.914e-005
69  6.149e-001  3.746e-001  1.047e-002  7.158e-002  8.783e-001  5.009e-002 
69 1-1  1.046e-003
69 1-2 -1.016e-003  1.041e-003
69 1-3 -2.995e-005 -2.506e-005  5.500e-005
69 2-1 -5.379e-006  4.547e-006  8.316e-007  8.750e-005
69 2-2  4.497e-006 -7.771e-006  3.274e-006 -8.216e-005  1.446e-004
69 2-3  8.818e-007  3.223e-006 -4.105e-006 -5.337e-006 -6.246e-005  6.780e-005
70  6.071e-001  3.806e-001  1.230e-002  6.822e-002  8.745e-001  5.723e-002 
70 1-1  1.191e-003
70 1-2 -1.155e-003  1.186e-003
70 1-3 -3.680e-005 -3.105e-005  6.785e-005
70 2-1 -5.854e-006  4.820e-006  1.034e-006  8.974e-005
70 2-2  4.927e-006 -8.630e-006  3.702e-006 -8.375e-005  1.553e-004
70 2-3  9.270e-007  3.809e-006 -4.736e-006 -5.991e-006 -7.154e-005  7.753e-005
71  5.990e-001  3.866e-001  1.446e-002  6.495e-002  8.698e-001  6.530e-002 
71 1-1  1.357e-003
71 1-2 -1.312e-003  1.351e-003
71 1-3 -4.532e-005 -3.871e-005  8.403e-005
71 2-1 -6.388e-006  5.072e-006  1.316e-006  9.213e-005
71 2-2  5.463e-006 -9.575e-006  4.112e-006 -8.541e-005  1.673e-004
71 2-3  9.252e-007  4.503e-006 -5.428e-006 -6.720e-006 -8.189e-005  8.861e-005
72  5.906e-001  3.924e-001  1.698e-002  6.175e-002  8.638e-001  7.442e-002 
72 1-1  1.544e-003
72 1-2 -1.488e-003  1.536e-003
72 1-3 -5.613e-005 -4.869e-005  1.048e-004
72 2-1 -6.981e-006  5.282e-006  1.699e-006  9.441e-005
72 2-2  6.116e-006 -1.061e-005  4.490e-006 -8.687e-005  1.808e-004
72 2-3  8.646e-007  5.325e-006 -6.189e-006 -7.539e-006 -9.396e-005  1.015e-004
73  5.820e-001  3.980e-001  1.993e-002  5.862e-002  8.567e-001  8.468e-002 
73 1-1  1.751e-003
73 1-2 -1.680e-003  1.742e-003
73 1-3 -7.018e-005 -6.200e-005  1.322e-004
73 2-1 -7.637e-006  5.429e-006  2.207e-006  9.639e-005
73 2-2  6.899e-006 -1.173e-005  4.832e-006 -8.792e-005  1.964e-004
73 2-3  7.378e-007  6.301e-006 -7.039e-006 -8.474e-006 -1.084e-004  1.169e-004
74  5.732e-001  4.035e-001  2.337e-002  5.556e-002  8.482e-001  9.620e-002 
74 1-1  1.978e-003
74 1-2 -1.889e-003  1.969e-003
74 1-3 -8.898e-005 -8.020e-005  1.692e-004
74 2-1 -8.359e-006  5.491e-006  2.868e-006  9.790e-005
74 2-2  7.811e-006 -1.296e-005  5.150e-006 -8.833e-005  2.148e-004
74 2-3  5.478e-007  7.470e-006 -8.018e-006 -9.563e-006 -1.264e-004  1.360e-004
75  5.640e-001  4.086e-001  2.739e-002  5.256e-002  8.384e-001  1.091e-001 
75 1-1  2.224e-003
75 1-2 -2.110e-003  2.215e-003
75 1-3 -1.149e-004 -1.057e-004  2.206e-004
75 2-1 -9.154e-006  5.440e-006  3.714e-006  9.879e-005
75 2-2  8.838e-006 -1.433e-005  5.488e-006 -8.792e-005  2.374e-004
75 2-3  3.156e-007  8.886e-006 -9.201e-006 -1.087e-005 -1.495e-004  1.603e-004
76  5.544e-001  4.135e-001  3.207e-002  4.963e-002  8.269e-001  1.235e-001 
76 1-1  2.491e-003
76 1-2 -2.340e-003  2.482e-003
76 1-3 -1.514e-004 -1.423e-004  2.937e-004
76 2-1 -1.003e-005  5.247e-006  4.781e-006  9.898e-005
76 2-2  9.937e-006 -1.588e-005  5.938e-006 -8.651e-005  2.663e-004
76 2-3  9.164e-008  1.063e-005 -1.072e-005 -1.247e-005 -1.798e-004  1.923e-004
77  5.445e-001  4.180e-001  3.751e-002  4.676e-002  8.138e-001  1.394e-001 
77 1-1  2.778e-003
77 1-2 -2.574e-003  2.769e-003
77 1-3 -2.043e-004 -1.956e-004  3.999e-004
77 2-1 -1.099e-005  4.883e-006  6.110e-006  9.839e-005
77 2-2  1.102e-005 -1.770e-005  6.674e-006 -8.392e-005  3.044e-004
77 2-3 -2.951e-008  1.281e-005 -1.278e-005 -1.447e-005 -2.205e-004  2.350e-004
78  5.341e-001  4.221e-001  4.383e-002  4.394e-002  7.990e-001  1.570e-001 
78 1-1  3.086e-003
78 1-2 -2.805e-003  3.079e-003
78 1-3 -2.816e-004 -2.745e-004  5.561e-004
78 2-1 -1.206e-005  4.313e-006  7.743e-006  9.699e-005
78 2-2  1.195e-005 -1.993e-005  7.980e-006 -7.999e-005  3.555e-004
78 2-3  1.088e-007  1.561e-005 -1.572e-005 -1.700e-005 -2.755e-004  2.925e-004
79  5.232e-001  4.256e-001  5.113e-002  4.119e-002  7.824e-001  1.764e-001 
79 1-1  3.419e-003
79 1-2 -3.023e-003  3.415e-003
79 1-3 -3.958e-004 -3.918e-004  7.875e-004
79 2-1 -1.323e-005  3.504e-006  9.726e-006  9.479e-005
79 2-2  1.248e-005 -2.278e-005  1.030e-005 -7.457e-005  4.241e-004
79 2-3  7.461e-007  1.928e-005 -2.002e-005 -2.022e-005 -3.495e-004  3.698e-004
80  5.118e-001  4.286e-001  5.957e-002  3.850e-002  7.639e-001  1.976e-001 
80 1-1  3.779e-003
80 1-2 -3.215e-003  3.781e-003
80 1-3 -5.643e-004 -5.666e-004  1.131e-003
80 2-1 -1.452e-005  2.422e-006  1.210e-005  9.180e-005
80 2-2  1.230e-005 -2.657e-005  1.427e-005 -6.752e-005  5.159e-004
80 2-3  2.226e-006  2.415e-005 -2.638e-005 -2.428e-005 -4.484e-004  4.727e-004
81  4.999e-001  4.309e-001  6.929e-002  3.586e-002  7.434e-001  2.207e-001 
81 1-1  4.175e-003
81 1-2 -3.363e-003  4.189e-003
81 1-3 -8.122e-004 -8.265e-004  1.639e-003
81 2-1 -1.595e-005  1.033e-006  1.492e-005  8.808e-005
81 2-2  1.094e-005 -3.173e-005  2.080e-005 -5.875e-005  6.370e-004
81 2-3  5.014e-006  3.070e-005 -3.571e-005 -2.933e-005 -5.782e-004  6.075e-004
82  4.872e-001  4.323e-001  8.045e-002  3.330e-002  7.211e-001  2.456e-001 
82 1-1  4.616e-003
82 1-2 -3.443e-003  4.653e-003
82 1-3 -1.174e-003 -1.210e-003  2.384e-003
82 2-1 -1.751e-005 -6.904e-007  1.820e-005  8.371e-005
82 2-2  7.800e-006 -3.885e-005  3.105e-005 -4.822e-005  7.934e-004
82 2-3  9.709e-006  3.954e-005 -4.925e-005 -3.549e-005 -7.452e-004  7.807e-004
83  4.739e-001  4.329e-001  9.320e-002  3.080e-002  6.969e-001  2.723e-001 
83 1-1  5.118e-003
83 1-2 -3.424e-003  5.196e-003
83 1-3 -1.694e-003 -1.772e-003  3.466e-003
83 2-1 -1.920e-005 -2.770e-006  2.197e-005  7.878e-005
83 2-2  2.167e-006 -4.866e-005  4.649e-005 -3.597e-005  9.907e-004
83 2-3  1.704e-005  5.143e-005 -6.847e-005 -4.281e-005 -9.547e-004  9.975e-004
84  4.599e-001  4.324e-001  1.077e-001  2.839e-002  6.708e-001  3.008e-001 
84 1-1  5.700e-003
84 1-2 -3.268e-003  5.850e-003
84 1-3 -2.432e-003 -2.582e-003  5.014e-003
84 2-1 -2.103e-005 -5.214e-006  2.624e-005  7.341e-005
84 2-2 -6.799e-006 -6.208e-005  6.888e-005 -2.215e-005  1.232e-003
84 2-3  2.782e-005  6.729e-005 -9.512e-005 -5.126e-005 -1.210e-003  1.262e-003
85  4.451e-001  4.307e-001  1.242e-001  2.605e-002  6.431e-001  3.309e-001 
85 1-1  6.386e-003
85 1-2 -2.927e-003  6.660e-003
85 1-3 -3.459e-003 -3.733e-003  7.192e-003
85 2-1 -2.295e-005 -8.019e-006  3.097e-005  6.772e-005
85 2-2 -1.999e-005 -8.013e-005  1.001e-004 -7.035e-006  1.520e-003
85 2-3  4.294e-005  8.815e-005 -1.311e-004 -6.069e-005 -1.513e-003  1.573e-003
86  4.295e-001  4.278e-001  1.427e-001  2.380e-002  6.139e-001  3.623e-001 
86 1-1  7.207e-003
86 1-2 -2.345e-003  7.683e-003
86 1-3 -4.862e-003 -5.338e-003  1.020e-002
86 2-1 -2.495e-005 -1.116e-005  3.611e-005  6.184e-005
86 2-2 -3.825e-005 -1.039e-004  1.421e-004  8.963e-006  1.850e-003
86 2-3  6.320e-005  1.150e-004 -1.782e-004 -7.081e-005 -1.859e-003  1.929e-003
87  4.131e-001  4.235e-001  1.634e-001  2.165e-002  5.833e-001  3.950e-001 
87 1-1  8.191e-003
87 1-2 -1.459e-003  8.990e-003
87 1-3 -6.732e-003 -7.531e-003  1.426e-002
87 2-1 -2.696e-005 -1.457e-005  4.154e-005  5.590e-005
87 2-2 -6.229e-005 -1.344e-004  1.967e-004  2.530e-005  2.215e-003
87 2-3  8.925e-005  1.489e-004 -2.382e-004 -8.120e-005 -2.240e-003  2.321e-003
88  3.958e-001  4.177e-001  1.865e-001  1.960e-002  5.517e-001  4.287e-001 
88 1-1  9.370e-003
88 1-2 -2.052e-004  1.066e-002
88 1-3 -9.164e-003 -1.046e-002  1.962e-002
88 2-1 -2.893e-005 -1.819e-005  4.712e-005  5.000e-005
88 2-2 -9.249e-005 -1.723e-004  2.648e-004  4.135e-005  2.603e-003
88 2-3  1.214e-004  1.905e-004 -3.120e-004 -9.135e-005 -2.644e-003  2.735e-003
89  3.777e-001  4.103e-001  2.120e-001  1.766e-002  5.193e-001  4.630e-001 
89 1-1  1.076e-002
89 1-2  1.476e-003  1.278e-002
89 1-3 -1.224e-002 -1.426e-002  2.650e-002
89 2-1 -3.076e-005 -2.190e-005  5.265e-005  4.427e-005
89 2-2 -1.288e-004 -2.182e-004  3.470e-004  5.640e-005  2.997e-003
89 2-3  1.595e-004  2.401e-004 -3.996e-004 -1.007e-004 -3.053e-003  3.154e-003
90  3.588e-001  4.013e-001  2.399e-001  1.584e-002  4.865e-001  4.977e-001 
90 1-1  1.238e-002
90 1-2  3.627e-003  1.544e-002
90 1-3 -1.601e-002 -1.906e-002  3.507e-002
90 2-1 -3.235e-005 -2.555e-005  5.790e-005  3.878e-005
90 2-2 -1.705e-004 -2.717e-004  4.422e-004  6.978e-005  3.378e-003
90 2-3  2.029e-004  2.972e-004 -5.001e-004 -1.086e-004 -3.447e-003  3.556e-003