# Powell
# iter -2*LL p12 p13 p21 p23
1 1 8984.493688044064 0 0.000000000000 0.000000000000 0.000000000000 0.000000000000 0.000000000000 0.000000000000 0.000000000000 0.000000000000
2 2 2458.597783898829 0 5.650212822657 -0.001964643376 -0.715833427986 0.001904034396 2.653161346292 -0.000764029725 -1.158663580829 0.002447468203
3 2 1708.644237195689 0 -2.162773386400 -0.005113121740 -4.656803489370 0.013014960301 1.090813695961 -0.011233598002 -1.691192340072 -0.033490671509
4 3 1617.781884989844 1 -1.517478482052 -0.004732646882 -4.695141474319 0.000322900373 1.187667928936 0.004546814170 -2.151019628343 -0.032339621493
5 3 1615.758052560435 1 -1.576816777124 -0.003855914082 -4.716382664845 0.003116596963 1.154755272636 0.005925238483 -3.010999746291 -0.019091461650
6 4 1608.959362437576 2 -1.794252650919 -0.000882227010 -4.884713072752 0.008515674031 1.017678847160 -0.002287653765 -6.609796617377 0.041890522709
7 4 1588.763113432398 3 -2.001434300235 -0.001146863220 -4.989709251990 0.005517971468 0.999621594323 -0.012749195532 -6.104564884765 0.043912485715
8 5 1415.699741738033 4 -3.582661879006 -0.002048858721 -5.395716643578 -0.007324109292 0.900387424970 -0.059736353633 -3.062564550321 0.000580136591
9 5 1366.689074321026 5 -4.191445704631 0.000958051308 -5.490132884055 -0.000253682255 0.835447799612 -0.054769837575 -5.497184866255 0.036699890383
10 6 1352.793079265005 5 -4.444637847891 0.002382069021 -5.603657619957 0.002257347492 0.788554709518 -0.052987978156 -6.328757632823 0.044189322891
11 6 1341.497181842211 6 -4.837862392949 0.008199470729 -6.007284633927 0.007934023346 0.558687718948 -0.049725070742 -8.386199305240 0.064154769155
12 7 1335.006744570628 7 -5.165710355237 0.013975637696 -6.351066536149 0.011821913716 0.343464917690 -0.047103404634 -9.828573890038 0.081590616896
13 7 1330.945076403380 8 -5.569109837873 0.020324977820 -6.659448202536 0.015743927341 0.119167327721 -0.045197618623 -11.508473112629 0.103636409895
14 8 1325.449701013733 8 -6.099343512627 0.028727759411 -6.965369610726 0.018425054814 -0.114096576030 -0.040994105975 -12.722630959063 0.120916299952
15 8 1320.023731483642 9 -6.814356580022 0.038233645600 -7.279781651038 0.019703005106 -0.337820901051 -0.035914339415 -13.426838617206 0.130251672747
16 9 1315.746570436880 9 -6.993698909243 0.039441912155 -7.222882374750 0.016202795717 -0.308465705243 -0.035501903174 -12.250896017927 0.115476788807
17 9 1306.680878360598 9 -7.707475379941 0.050906257447 -7.311169845711 0.006331471621 -0.519310881775 -0.035200425683 -9.592692080277 0.085446385556
18 10 1305.897539394101 10 -7.670264115903 0.051191981609 -7.268841342064 0.005319655900 -0.485332463802 -0.033882672948 -9.184843661194 0.080450229920
19 10 1305.718338145156 10 -7.828141472126 0.053113492364 -7.336239360165 0.005135657466 -0.541487471565 -0.033019964466 -9.198426860187 0.080658752532
20 11 1305.694933872910 11 -7.894937693772 0.054071345058 -7.367884047908 0.005150453008 -0.566929821512 -0.032576880734 -9.234179449880 0.081103649791
21 11 1305.687606932216 12 -7.944893601465 0.054772106736 -7.392986449702 0.005166039305 -0.588921204453 -0.032233964942 -9.266882109459 0.081507178764
22 12 1305.678316212023 12 -7.978507577085 0.055219715892 -7.407681775116 0.005042983513 -0.608010191420 -0.031891293895 -9.251229650755 0.081350420331
23 12 1305.672387827163 13 -7.985868091262 0.055277059744 -7.409487571902 0.004943075018 -0.615834563297 -0.031729547485 -9.228280271918 0.081079059872
24 13 1305.661879320405 14 -8.014089887003 0.055605155857 -7.419754992214 0.004778130594 -0.641332977278 -0.031323255117 -9.209185801696 0.080850750402
25 13 1305.594529124140 16 -8.060376183782 0.056085044479 -7.424938815475 0.004093546175 -0.740076022388 -0.029809060513 -9.130163328717 0.079910787879
26 14 1305.299717464879 17 -8.005148924065 0.055181703115 -7.339925339175 0.002090007288 -1.035052395457 -0.025384006290 -8.935959871711 0.077647257848
27 14 1304.981698904421 18 -7.820200135920 0.052932595401 -7.229250987641 0.001610251453 -1.147912297090 -0.023738993308 -8.977100299563 0.078217460997
28 15 1304.812116151694 20 -7.755671387863 0.052332454976 -7.184934231290 0.001363407570 -1.382676223918 -0.020255340847 -9.255068712181 0.081643013121
29 15 1304.788796806387 21 -7.812568556116 0.053076222017 -7.209428985517 0.001239774280 -1.426701961198 -0.019714632974 -9.273927922637 0.081848568072
30 16 1304.784452847616 22 -7.829777762581 0.053341570248 -7.219515329865 0.001280849088 -1.422491113504 -0.019807922277 -9.278482436386 0.081892415827
31 16 1304.782659312273 23 -7.855684464471 0.053724841906 -7.231630529252 0.001268800773 -1.431291761315 -0.019681464450 -9.280966695436 0.081920811059
32 17 1304.782133771255 24 -7.856308369856 0.053731623617 -7.230600795246 0.001256968036 -1.433684240150 -0.019661348124 -9.278992413696 0.081899951409
33 17 1304.773925166343 26 -7.868603767197 0.053945146072 -7.217221153382 0.001602539197 -1.404941475145 -0.020132618684 -9.271387773551 0.081793951061
34 18 1304.766020690900 27 -7.870093467050 0.053938641737 -7.201054394409 0.001643330301 -1.423602403066 -0.019827965134 -9.263975652376 0.081686405325
35 18 1304.757758330750 -32 -7.915697349976 0.054519606531 -7.185211993258 0.001800134926 -1.475668995619 -0.019037125728 -9.270697489565 0.081729631619
36 19 1304.757532391279 -31 -7.920309920918 0.054580911410 -7.188369118239 0.001814361969 -1.475468477550 -0.019053001902 -9.275261204142 0.081784281261
37 19 1304.756694763807 -30 -7.932751730175 0.054756979362 -7.195801621375 0.001924786004 -1.471195852998 -0.019146579825 -9.290675018064 0.081964247111
38 20 1304.754600488988 -29 -7.941847168762 0.054876460411 -7.203934326436 0.002047181652 -1.466265236616 -0.019260558317 -9.303959963023 0.082122056230
39 20 1304.740512919843 -28 -7.967271601797 0.055188849833 -7.242236030977 0.002657800599 -1.445282829282 -0.019735350374 -9.345605703276 0.082620737942
40 21 1304.664315020224 -26 -8.000815939644 0.055521330322 -7.381544376225 0.004996554379 -1.393535394179 -0.020876280043 -9.415091562754 0.083457253594
41 21 1304.195420631130 -25 -8.058178381093 0.055840802553 -8.147361093926 0.018116014396 -1.237773688797 -0.024191987604 -9.579480019603 0.085381250902
42 22 1302.157488136124 -24 -8.058897558283 0.055057901412 -10.474563532732 0.058116472328 -1.037944707629 -0.028134462782 -9.759754117609 0.087182323687
43 22 1300.698885579020 -24 -7.833705142427 0.051402119510 -11.163699912396 0.068794391179 -1.387602054026 -0.022702825564 -9.820178696846 0.087640229755
44 23 1297.667030878119 -22 -7.325226492354 0.044014569713 -15.639191272900 0.127932928611 -1.752808443975 -0.016725247609 -9.835073548217 0.087480431853
45 23 1297.149769942238 -21 -7.241565804739 0.043124268315 -16.383326768702 0.134265910440 -1.759518941284 -0.016065292428 -9.400837024452 0.082405024830
46 24 1296.190051212398 -20 -7.132629735896 0.042354202397 -16.727456770123 0.139240091654 -1.435295842733 -0.019660278554 -8.643325605495 0.072937687896
47 24 1295.963967930229 -20 -7.264857228635 0.044405435744 -16.476877345992 0.137531173023 -1.516750803762 -0.018427979814 -8.805444028623 0.074606608020
48 25 1295.951859945108 -19 -7.297287338036 0.044949278088 -16.335630008272 0.135789576549 -1.549155225086 -0.017953247200 -8.827899720041 0.074892347360
49 25 1295.949569325297 -17 -7.306108878975 0.045090417771 -16.274258420622 0.135049045166 -1.562755728258 -0.017773756019 -8.823147602253 0.074848887006
50 26 1295.948402414839 -16 -7.308589731724 0.045123809452 -16.245977096640 0.134789228855 -1.572321903475 -0.017674127415 -8.810361989333 0.074693870415
51 26 1295.948223397546 -15 -7.306213109131 0.045085117502 -16.267765495653 0.135095314910 -1.568035919188 -0.017739267845 -8.808366316170 0.074657524702
52 27 1295.948200018066 -14 -7.306609138693 0.045089763165 -16.275218195611 0.135190440831 -1.568690904680 -0.017733393541 -8.809933725956 0.074675385710
53 27 1295.948194658919 -12 -7.306585078275 0.045090316474 -16.277888456000 0.135220949073 -1.568538318003 -0.017736956956 -8.810000288226 0.074676918068
54 28 1295.948191870023 -11 -7.306835291726 0.045095037262 -16.280978789509 0.135253715474 -1.568614302559 -0.017737014075 -8.809585532793 0.074673512604
55 28 1295.948191833760 -9 -7.306850799917 0.045095133749 -16.280896390051 0.135252313193 -1.568646385896 -0.017736475183 -8.809504716277 0.074672653336
56 29 1295.948191831108 -7 -7.306847363440 0.045095037046 -16.280903081718 0.135252400274 -1.568650157862 -0.017736455745 -8.809494109531 0.074672536722
57 29 1295.948191830372 -5 -7.306839515455 0.045094912082 -16.280914758169 0.135252562520 -1.568646872335 -0.017736524504 -8.809493247412 0.074672523594
58 30 1295.948191830029 -3 -7.306827467801 0.045094731000 -16.280919659209 0.135252643521 -1.568643466500 -0.017736596085 -8.809493250981 0.074672526916
59 30 1295.948191830023 -1 -7.306827262187 0.045094729902 -16.280919675375 0.135252647448 -1.568643061941 -0.017736600054 -8.809490633032 0.074672494463
60 31 1295.948191830021 1 -7.306827284034 0.045094729287 -16.280919418904 0.135252639804 -1.568644096133 -0.017736584664 -8.809490107731 0.074672488461
