# CZFadl.txt
#IMaCh version 0.99r45, April 2023,INED-EUROREVES-Institut de longevite-Japan Society for the Promotion of Science (Grant-in-Aid for Scientific Research 25293121), Intel Software 2015-2020, Nihon University 2021-202, INED 2000-2022
#$Revision: 1.353 $ $Date: 2023/05/08 18:48:22 $
# Tue Feb 04 22:03:38 2025

#****** ******
# (a) Life expectancies by health status at initial age and (b) health expectancies by health status at initial age
# Age e11  e12  e1.  e21  e22  e2. 
 50  28.9713   4.1269  33.0982  26.6523   5.3961  32.0484
 51  28.0459   4.0904  32.1363  25.6278   5.3877  31.0156
 52  27.1272   4.0518  31.1790  24.6076   5.3769  29.9845
 53  26.2158   4.0109  30.2267  23.5924   5.3634  28.9559
 54  25.3122   3.9676  29.2799  22.5834   5.3471  27.9304
 55  24.4171   3.9219  28.3391  21.5815   5.3275  26.9090
 56  23.5312   3.8737  27.4049  20.5881   5.3046  25.8927
 57  22.6550   3.8229  26.4779  19.6045   5.2781  24.8826
 58  21.7893   3.7693  25.5587  18.6320   5.2479  23.8799
 59  20.9349   3.7131  24.6480  17.6723   5.2136  22.8859
 60  20.0925   3.6540  23.7466  16.7269   5.1751  21.9020
 61  19.2629   3.5921  22.8550  15.7974   5.1322  20.9297
 62  18.4467   3.5274  21.9741  14.8857   5.0849  19.9706
 63  17.6448   3.4598  21.1046  13.9935   5.0330  19.0265
 64  16.8579   3.3894  20.2472  13.1225   4.9764  18.0989
 65  16.0867   3.3161  19.4028  12.2745   4.9151  17.1896
 66  15.3320   3.2400  18.5720  11.4513   4.8491  16.3003
 67  14.5945   3.1612  17.7557  10.6544   4.7784  15.4328
 68  13.8747   3.0798  16.9545   9.8854   4.7032  14.5886
 69  13.1733   2.9959  16.1691   9.1458   4.6236  13.7694
 70  12.4908   2.9095  15.4003   8.4368   4.5398  12.9765
 71  11.8278   2.8209  14.6487   7.7595   4.4520  12.2115
 72  11.1846   2.7303  13.9149   7.1148   4.3605  11.4753
 73  10.5617   2.6377  13.1994   6.5034   4.2656  10.7690
 74   9.9593   2.5435  12.5028   5.9259   4.1676  10.0935
 75   9.3778   2.4478  11.8256   5.3824   4.0670   9.4493
 76   8.8172   2.3509  11.1681   4.8729   3.9640   8.8369
 77   8.2777   2.2531  10.5308   4.3973   3.8591   8.2564
 78   7.7593   2.1546   9.9140   3.9550   3.7528   7.7078
 79   7.2621   2.0558   9.3179   3.5455   3.6454   7.1909
 80   6.7860   1.9569   8.7428   3.1679   3.5373   6.7052
 81   6.3308   1.8582   8.1890   2.8212   3.4289   6.2501
 82   5.8964   1.7601   7.6565   2.5042   3.3207   5.8248
 83   5.4826   1.6628   7.1454   2.2155   3.2129   5.4284
 84   5.0892   1.5668   6.6560   1.9538   3.1059   5.0597
 85   4.7158   1.4723   6.1881   1.7176   3.0000   4.7175
 86   4.3623   1.3795   5.7418   1.5052   2.8955   4.4007
 87   4.0281   1.2889   5.3170   1.3151   2.7927   4.1078
 88   3.7131   1.2007   4.9138   1.1457   2.6917   3.8374
 89   3.4167   1.1152   4.5319   0.9953   2.5927   3.5880
 90   3.1386   1.0326   4.1712   0.8624   2.4960   3.3584
