# CZFadl.txt
#IMaCh version 0.99r45, April 2023,INED-EUROREVES-Institut de longevite-Japan Society for the Promotion of Science (Grant-in-Aid for Scientific Research 25293121), Intel Software 2015-2020, Nihon University 2021-202, INED 2000-2022
#$Revision: 1.353 $ $Date: 2023/05/08 18:48:22 $
# Tue Feb 04 22:03:38 2025
# probabilities of dying before estepm=6 months for people of exact age and weighted probabilities w1*p1j+w2*p2j+... stand dev in()
# Selected quantitative variables and dummies
# Age cov=1 p.3 SE w1 p13 w2 p23
 50 1   4.887e-004  1.893e-004  9.646e-001  1.634e-004   3.542e-002  9.350e-003 
 51 1   5.630e-004  2.099e-004  9.622e-001  1.903e-004   3.780e-002  1.005e-002 
 52 1   6.484e-004  2.324e-004  9.597e-001  2.217e-004   4.033e-002  1.080e-002 
 53 1   7.464e-004  2.568e-004  9.570e-001  2.582e-004   4.302e-002  1.161e-002 
 54 1   8.589e-004  2.835e-004  9.541e-001  3.008e-004   4.588e-002  1.246e-002 
 55 1   9.878e-004  3.123e-004  9.511e-001  3.503e-004   4.892e-002  1.338e-002 
 56 1   1.136e-003  3.386e-004  9.479e-001  4.080e-004   5.216e-002  1.436e-002 
 57 1   1.305e-003  3.771e-004  9.444e-001  4.752e-004   5.558e-002  1.540e-002 
 58 1   1.499e-003  4.086e-004  9.408e-001  5.535e-004   5.921e-002  1.652e-002 
 59 1   1.720e-003  4.520e-004  9.370e-001  6.446e-004   6.306e-002  1.771e-002 
 60 1   1.974e-003  4.934e-004  9.329e-001  7.506e-004   6.713e-002  1.897e-002 
 61 1   2.263e-003  5.376e-004  9.286e-001  8.741e-004   7.144e-002  2.032e-002 
 62 1   2.594e-003  5.845e-004  9.241e-001  1.018e-003   7.597e-002  2.176e-002 
 63 1   2.970e-003  6.343e-004  9.193e-001  1.185e-003   8.077e-002  2.329e-002 
 64 1   3.400e-003  6.868e-004  9.142e-001  1.380e-003   8.580e-002  2.492e-002 
 65 1   3.888e-003  7.423e-004  9.089e-001  1.606e-003   9.111e-002  2.665e-002 
 66 1   4.444e-003  8.007e-004  9.034e-001  1.870e-003   9.667e-002  2.850e-002 
 67 1   5.076e-003  8.622e-004  8.975e-001  2.176e-003   1.025e-001  3.046e-002 
 68 1   5.793e-003  9.268e-004  8.914e-001  2.533e-003   1.086e-001  3.254e-002 
 69 1   6.606e-003  9.950e-004  8.850e-001  2.947e-003   1.150e-001  3.476e-002 
 70 1   7.528e-003  1.067e-003  8.784e-001  3.429e-003   1.217e-001  3.711e-002 
 71 1   8.572e-003  1.144e-003  8.714e-001  3.990e-003   1.287e-001  3.961e-002 
 72 1   9.752e-003  1.226e-003  8.642e-001  4.641e-003   1.359e-001  4.225e-002 
 73 1   1.109e-002  1.317e-003  8.567e-001  5.398e-003   1.434e-001  4.506e-002 
 74 1   1.259e-002  1.418e-003  8.488e-001  6.277e-003   1.512e-001  4.804e-002 
 75 1   1.429e-002  1.533e-003  8.407e-001  7.298e-003   1.594e-001  5.119e-002 
 76 1   1.621e-002  1.668e-003  8.323e-001  8.483e-003   1.678e-001  5.452e-002 
 77 1   1.836e-002  1.831e-003  8.236e-001  9.857e-003   1.765e-001  5.806e-002 
 78 1   2.079e-002  2.033e-003  8.146e-001  1.145e-002   1.855e-001  6.179e-002 
 79 1   2.352e-002  2.288e-003  8.053e-001  1.330e-002   1.948e-001  6.574e-002 
 80 1   2.657e-002  2.604e-003  7.957e-001  1.544e-002   2.044e-001  6.991e-002 
 81 1   3.001e-002  3.028e-003  7.857e-001  1.791e-002   2.144e-001  7.432e-002 
 82 1   3.386e-002  3.557e-003  7.754e-001  2.078e-002   2.248e-001  7.896e-002 
 83 1   3.816e-002  4.227e-003  7.647e-001  2.408e-002   2.355e-001  8.386e-002 
 84 1   4.298e-002  5.065e-003  7.535e-001  2.790e-002   2.466e-001  8.903e-002 
 85 1   4.835e-002  6.104e-003  7.419e-001  3.230e-002   2.582e-001  9.446e-002 
 86 1   5.434e-002  7.376e-003  7.298e-001  3.736e-002   2.703e-001  1.002e-001 
 87 1   6.101e-002  8.915e-003  7.171e-001  4.317e-002   2.830e-001  1.062e-001 
 88 1   6.842e-002  1.075e-002  7.038e-001  4.984e-002   2.964e-001  1.125e-001 
 89 1   7.663e-002  1.292e-002  6.896e-001  5.746e-002   3.106e-001  1.191e-001 
 90 1   8.569e-002  1.544e-002  6.745e-001  6.617e-002   3.257e-001  1.261e-001 
