# CZFadl.txt
#IMaCh version 0.99r45, April 2023,INED-EUROREVES-Institut de longevite-Japan Society for the Promotion of Science (Grant-in-Aid for Scientific Research 25293121), Intel Software 2015-2020, Nihon University 2021-202, INED 2000-2022
#$Revision: 1.353 $ $Date: 2023/05/08 18:48:22 $
# Tue Feb 04 22:03:38 2025
#One-step probabilities and stand. devi in ()
# Age p1-1 (SE) p1-2 (SE) p1-3 (SE) p2-1 (SE) p2-2 (SE) p2-3 (SE)
50  9.877e-001 ( 2.658e-003)  1.215e-002 ( 2.692e-003)  1.634e-004 ( 1.613e-004)  2.892e-001 ( 5.562e-002)  7.015e-001 ( 5.554e-002)  9.350e-003 ( 5.932e-003) 
51  9.871e-001 ( 2.659e-003)  1.269e-002 ( 2.698e-003)  1.903e-004 ( 1.819e-004)  2.807e-001 ( 5.257e-002)  7.092e-001 ( 5.255e-002)  1.005e-002 ( 6.180e-003) 
52  9.865e-001 ( 2.657e-003)  1.325e-002 ( 2.700e-003)  2.217e-004 ( 2.049e-004)  2.724e-001 ( 4.960e-002)  7.168e-001 ( 4.964e-002)  1.080e-002 ( 6.431e-003) 
53  9.859e-001 ( 2.650e-003)  1.383e-002 ( 2.698e-003)  2.582e-004 ( 2.306e-004)  2.643e-001 ( 4.671e-002)  7.241e-001 ( 4.682e-002)  1.161e-002 ( 6.684e-003) 
54  9.853e-001 ( 2.639e-003)  1.444e-002 ( 2.693e-003)  3.008e-004 ( 2.592e-004)  2.563e-001 ( 4.390e-002)  7.312e-001 ( 4.409e-002)  1.246e-002 ( 6.936e-003) 
55  9.846e-001 ( 2.624e-003)  1.508e-002 ( 2.683e-003)  3.503e-004 ( 2.909e-004)  2.485e-001 ( 4.119e-002)  7.382e-001 ( 4.146e-002)  1.338e-002 ( 7.187e-003) 
56  9.838e-001 ( 2.605e-003)  1.575e-002 ( 2.670e-003)  4.080e-004 ( 3.261e-004)  2.408e-001 ( 3.857e-002)  7.449e-001 ( 3.894e-002)  1.436e-002 ( 7.437e-003) 
57  9.831e-001 ( 2.582e-003)  1.644e-002 ( 2.653e-003)  4.752e-004 ( 3.650e-004)  2.332e-001 ( 3.605e-002)  7.514e-001 ( 3.653e-002)  1.540e-002 ( 7.682e-003) 
58  9.823e-001 ( 2.555e-003)  1.716e-002 ( 2.632e-003)  5.535e-004 ( 4.079e-004)  2.258e-001 ( 3.363e-002)  7.577e-001 ( 3.423e-002)  1.652e-002 ( 7.923e-003) 
59  9.814e-001 ( 2.525e-003)  1.792e-002 ( 2.608e-003)  6.446e-004 ( 4.550e-004)  2.186e-001 ( 3.133e-002)  7.637e-001 ( 3.206e-002)  1.771e-002 ( 8.157e-003) 
60  9.805e-001 ( 2.494e-003)  1.870e-002 ( 2.582e-003)  7.506e-004 ( 5.068e-004)  2.115e-001 ( 2.914e-002)  7.695e-001 ( 3.002e-002)  1.897e-002 ( 8.383e-003) 
61  9.796e-001 ( 2.461e-003)  1.952e-002 ( 2.555e-003)  8.741e-004 ( 5.633e-004)  2.046e-001 ( 2.707e-002)  7.751e-001 ( 2.811e-002)  2.032e-002 ( 8.598e-003) 
62  9.786e-001 ( 2.429e-003)  2.038e-002 ( 2.527e-003)  1.018e-003 ( 6.248e-004)  1.978e-001 ( 2.513e-002)  7.805e-001 ( 2.634e-002)  2.176e-002 ( 8.802e-003) 
63  9.775e-001 ( 2.400e-003)  2.127e-002 ( 2.501e-003)  1.185e-003 ( 6.915e-004)  1.912e-001 ( 2.332e-002)  7.855e-001 ( 2.471e-002)  2.329e-002 ( 8.991e-003) 
64  9.764e-001 ( 2.377e-003)  2.220e-002 ( 2.477e-003)  1.380e-003 ( 7.635e-004)  1.847e-001 ( 2.165e-002)  7.904e-001 ( 2.323e-002)  2.492e-002 ( 9.165e-003) 
65  9.752e-001 ( 2.363e-003)  2.316e-002 ( 2.460e-003)  1.606e-003 ( 8.408e-004)  1.784e-001 ( 2.013e-002)  7.950e-001 ( 2.189e-002)  2.665e-002 ( 9.320e-003) 
66  9.740e-001 ( 2.361e-003)  2.417e-002 ( 2.452e-003)  1.870e-003 ( 9.235e-004)  1.722e-001 ( 1.875e-002)  7.993e-001 ( 2.070e-002)  2.850e-002 ( 9.456e-003) 
67  9.726e-001 ( 2.376e-003)  2.522e-002 ( 2.457e-003)  2.176e-003 ( 1.011e-003)  1.662e-001 ( 1.752e-002)  8.033e-001 ( 1.966e-002)  3.046e-002 ( 9.570e-003) 
68  9.712e-001 ( 2.411e-003)  2.631e-002 ( 2.479e-003)  2.533e-003 ( 1.104e-003)  1.604e-001 ( 1.646e-002)  8.071e-001 ( 1.876e-002)  3.254e-002 ( 9.660e-003) 
69  9.696e-001 ( 2.473e-003)  2.745e-002 ( 2.523e-003)  2.947e-003 ( 1.202e-003)  1.547e-001 ( 1.555e-002)  8.106e-001 ( 1.800e-002)  3.476e-002 ( 9.727e-003) 
70  9.679e-001 ( 2.564e-003)  2.863e-002 ( 2.594e-003)  3.429e-003 ( 1.304e-003)  1.491e-001 ( 1.480e-002)  8.138e-001 ( 1.736e-002)  3.711e-002 ( 9.769e-003) 
71  9.662e-001 ( 2.687e-003)  2.986e-002 ( 2.695e-003)  3.990e-003 ( 1.410e-003)  1.437e-001 ( 1.421e-002)  8.167e-001 ( 1.685e-002)  3.961e-002 ( 9.788e-003) 
72  9.642e-001 ( 2.845e-003)  3.114e-002 ( 2.831e-003)  4.641e-003 ( 1.520e-003)  1.384e-001 ( 1.376e-002)  8.193e-001 ( 1.644e-002)  4.225e-002 ( 9.784e-003) 
73  9.621e-001 ( 3.039e-003)  3.246e-002 ( 3.006e-003)  5.398e-003 ( 1.636e-003)  1.333e-001 ( 1.344e-002)  8.216e-001 ( 1.613e-002)  4.506e-002 ( 9.763e-003) 
74  9.599e-001 ( 3.270e-003)  3.384e-002 ( 3.220e-003)  6.277e-003 ( 1.758e-003)  1.283e-001 ( 1.325e-002)  8.236e-001 ( 1.590e-002)  4.804e-002 ( 9.729e-003) 
75  9.574e-001 ( 3.539e-003)  3.527e-002 ( 3.476e-003)  7.298e-003 ( 1.891e-003)  1.235e-001 ( 1.316e-002)  8.253e-001 ( 1.575e-002)  5.119e-002 ( 9.694e-003) 
76  9.548e-001 ( 3.848e-003)  3.675e-002 ( 3.774e-003)  8.483e-003 ( 2.042e-003)  1.188e-001 ( 1.315e-002)  8.267e-001 ( 1.566e-002)  5.452e-002 ( 9.669e-003) 
77  9.519e-001 ( 4.199e-003)  3.828e-002 ( 4.116e-003)  9.857e-003 ( 2.222e-003)  1.142e-001 ( 1.321e-002)  8.278e-001 ( 1.563e-002)  5.806e-002 ( 9.674e-003) 
78  9.487e-001 ( 4.598e-003)  3.986e-002 ( 4.501e-003)  1.145e-002 ( 2.450e-003)  1.097e-001 ( 1.332e-002)  8.285e-001 ( 1.567e-002)  6.179e-002 ( 9.733e-003) 
79  9.452e-001 ( 5.054e-003)  4.149e-002 ( 4.929e-003)  1.330e-002 ( 2.749e-003)  1.054e-001 ( 1.346e-002)  8.288e-001 ( 1.577e-002)  6.574e-002 ( 9.875e-003) 
80  9.414e-001 ( 5.579e-003)  4.318e-002 ( 5.401e-003)  1.544e-002 ( 3.154e-003)  1.012e-001 ( 1.362e-002)  8.288e-001 ( 1.595e-002)  6.991e-002 ( 1.013e-002) 
81  9.372e-001 ( 6.193e-003)  4.492e-002 ( 5.917e-003)  1.791e-002 ( 3.704e-003)  9.718e-002 ( 1.379e-002)  8.285e-001 ( 1.621e-002)  7.432e-002 ( 1.055e-002) 
82  9.325e-001 ( 6.924e-003)  4.670e-002 ( 6.478e-003)  2.078e-002 ( 4.442e-003)  9.324e-002 ( 1.396e-002)  8.278e-001 ( 1.659e-002)  7.896e-002 ( 1.115e-002) 
83  9.274e-001 ( 7.809e-003)  4.852e-002 ( 7.082e-003)  2.408e-002 ( 5.417e-003)  8.942e-002 ( 1.412e-002)  8.267e-001 ( 1.709e-002)  8.386e-002 ( 1.197e-002) 
84  9.217e-001 ( 8.894e-003)  5.039e-002 ( 7.733e-003)  2.790e-002 ( 6.681e-003)  8.572e-002 ( 1.428e-002)  8.253e-001 ( 1.776e-002)  8.903e-002 ( 1.303e-002) 
85  9.154e-001 ( 1.023e-002)  5.229e-002 ( 8.429e-003)  3.230e-002 ( 8.289e-003)  8.213e-002 ( 1.441e-002)  8.234e-001 ( 1.862e-002)  9.446e-002 ( 1.435e-002) 
86  9.084e-001 ( 1.190e-002)  5.422e-002 ( 9.171e-003)  3.736e-002 ( 1.030e-002)  7.865e-002 ( 1.452e-002)  8.212e-001 ( 1.968e-002)  1.002e-001 ( 1.593e-002) 
87  9.007e-001 ( 1.396e-002)  5.616e-002 ( 9.962e-003)  4.317e-002 ( 1.280e-002)  7.528e-002 ( 1.462e-002)  8.185e-001 ( 2.099e-002)  1.062e-001 ( 1.778e-002) 
88  8.920e-001 ( 1.649e-002)  5.812e-002 ( 1.080e-002)  4.984e-002 ( 1.584e-002)  7.202e-002 ( 1.468e-002)  8.155e-001 ( 2.256e-002)  1.125e-001 ( 1.991e-002) 
89  8.825e-001 ( 1.959e-002)  6.008e-002 ( 1.169e-002)  5.746e-002 ( 1.953e-002)  6.886e-002 ( 1.473e-002)  8.120e-001 ( 2.440e-002)  1.191e-001 ( 2.230e-002) 
90  8.718e-001 ( 2.333e-002)  6.201e-002 ( 1.263e-002)  6.617e-002 ( 2.395e-002)  6.581e-002 ( 1.474e-002)  8.081e-001 ( 2.653e-002)  1.261e-001 ( 2.498e-002) 