
#****** ******
# CZFadl.txt
#IMaCh version 0.99r45, April 2023,INED-EUROREVES-Institut de longevite-Japan Society for the Promotion of Science (Grant-in-Aid for Scientific Research 25293121), Intel Software 2015-2020, Nihon University 2021-202, INED 2000-2022
#$Revision: 1.353 $ $Date: 2023/05/08 18:48:22 $
# Tue Feb 04 22:03:38 2025
# Variance and covariance of health expectancies e.j 
#  (weighted average of eij where weights are the age specific period (stable) prevalences in each health state 
# Age Cov(e.1, e.1) Cov(e.1, e.2) Cov(e.2, e.1) Cov(e.2, e.2)
50  0.5636 -0.0240 -0.0240 0.1263
51  0.5529 -0.0230 -0.0230 0.1254
52  0.5420 -0.0220 -0.0220 0.1244
53  0.5309 -0.0212 -0.0212 0.1235
54  0.5195 -0.0206 -0.0206 0.1226
55  0.5082 -0.0200 -0.0200 0.1217
56  0.5147 -0.0165 -0.0165 0.1213
57  0.4853 -0.0193 -0.0193 0.1201
58  0.4893 -0.0155 -0.0155 0.1203
59  0.4627 -0.0191 -0.0191 0.1187
60  0.4517 -0.0192 -0.0192 0.1181
61  0.4409 -0.0192 -0.0192 0.1174
62  0.4305 -0.0194 -0.0194 0.1169
63  0.4205 -0.0195 -0.0195 0.1163
64  0.4109 -0.0196 -0.0196 0.1158
65  0.4018 -0.0196 -0.0196 0.1154
66  0.3933 -0.0195 -0.0195 0.1150
67  0.3852 -0.0193 -0.0193 0.1146
68  0.3778 -0.0188 -0.0188 0.1143
69  0.3709 -0.0182 -0.0182 0.1140
70  0.3645 -0.0173 -0.0173 0.1138
71  0.3587 -0.0161 -0.0161 0.1136
72  0.3533 -0.0146 -0.0146 0.1134
73  0.3485 -0.0128 -0.0128 0.1133
74  0.3441 -0.0106 -0.0106 0.1132
75  0.3400 -0.0083 -0.0083 0.1132
76  0.3363 -0.0056 -0.0056 0.1131
77  0.3329 -0.0028 -0.0028 0.1131
78  0.3297 0.0001 0.0001 0.1131
79  0.3268 0.0031 0.0031 0.1132
80  0.3270 0.0065 0.0065 0.1106
81  0.3212 0.0088 0.0088 0.1131
82  0.3184 0.0112 0.0112 0.1130
83  0.3156 0.0131 0.0131 0.1128
84  0.3127 0.0145 0.0145 0.1126
85  0.3095 0.0150 0.0150 0.1122
86  0.3060 0.0146 0.0146 0.1118
87  0.3022 0.0131 0.0131 0.1114
88  0.2980 0.0102 0.0102 0.1110
89  0.2933 0.0059 0.0059 0.1108
90  0.2882 -0.0002 -0.0002 0.1109
