
#****** ******
# CZFadl.txt
#IMaCh version 0.99r45, April 2023,INED-EUROREVES-Institut de longevite-Japan Society for the Promotion of Science (Grant-in-Aid for Scientific Research 25293121), Intel Software 2015-2020, Nihon University 2021-202, INED 2000-2022
#$Revision: 1.353 $ $Date: 2023/05/08 18:48:22 $
# Tue Feb 04 22:03:38 2025
# Standard deviation of period (forward stable) prevalences 
# Age  Result#  1-1 2-2
50 1  0.96459 (0.00802) 0.03542 (0.00804)
51 1  0.96222 (0.00823) 0.03780 (0.00825)
52 1  0.95969 (0.00842) 0.04033 (0.00845)
53 1  0.95700 (0.00861) 0.04302 (0.00863)
54 1  0.95414 (0.00879) 0.04588 (0.00881)
55 1  0.95110 (0.00895) 0.04892 (0.00897)
56 1  0.94787 (0.00914) 0.05216 (0.00847)
57 1  0.94445 (0.00924) 0.05558 (0.00926)
58 1  0.94081 (0.00940) 0.05921 (0.00877)
59 1  0.93697 (0.00946) 0.06306 (0.00948)
60 1  0.93290 (0.00954) 0.06713 (0.00956)
61 1  0.92860 (0.00961) 0.07144 (0.00964)
62 1  0.92406 (0.00967) 0.07598 (0.00970)
63 1  0.91927 (0.00972) 0.08077 (0.00975)
64 1  0.91423 (0.00977) 0.08581 (0.00980)
65 1  0.90893 (0.00983) 0.09111 (0.00986)
66 1  0.90337 (0.00990) 0.09667 (0.00992)
67 1  0.89754 (0.00999) 0.10252 (0.01002)
68 1  0.89143 (0.01013) 0.10862 (0.01016)
69 1  0.88504 (0.01032) 0.11503 (0.01035)
70 1  0.87837 (0.01059) 0.12169 (0.01062)
71 1  0.87141 (0.01095) 0.12866 (0.01098)
72 1  0.86417 (0.01141) 0.13589 (0.01144)
73 1  0.85664 (0.01200) 0.14344 (0.01203)
74 1  0.84882 (0.01271) 0.15125 (0.01274)
75 1  0.84071 (0.01357) 0.15938 (0.01360)
76 1  0.83230 (0.01457) 0.16778 (0.01460)
77 1  0.82360 (0.01571) 0.17650 (0.01574)
78 1  0.81459 (0.01700) 0.18549 (0.01702)
79 1  0.80527 (0.01843) 0.19483 (0.01845)
80 1  0.79563 (0.02010) 0.20446 (0.01923)
81 1  0.78566 (0.02172) 0.21445 (0.02174)
82 1  0.77533 (0.02359) 0.22480 (0.02361)
83 1  0.76461 (0.02562) 0.23550 (0.02564)
84 1  0.75348 (0.02783) 0.24665 (0.02785)
85 1  0.74189 (0.03025) 0.25827 (0.03028)
86 1  0.72977 (0.03294) 0.27037 (0.03296)
87 1  0.71706 (0.03595) 0.28310 (0.03597)
88 1  0.70367 (0.03937) 0.29647 (0.03939)
89 1  0.68950 (0.04335) 0.31066 (0.04337)
90 1  0.67442 (0.04804) 0.32576 (0.04806)
