# Powell
# iter -2*LL p12 p13 p21 p23
1 1 12928.699884121141 0 0.000000000000 0.000000000000 0.000000000000 0.000000000000 0.000000000000 0.000000000000 0.000000000000 0.000000000000
2 2 3395.410646411193 1 7.115680396359 -0.001025256454 -0.513186926656 0.001148433500 2.555240420702 -0.000877114984 -1.219702945157 0.002570444675
3 2 3133.468870746930 1 4.174140111948 -0.005163689045 -2.888124215987 0.019614741904 2.356624609496 -0.010047200033 -1.885270829177 -0.012962935824
4 3 3020.804724535329 3 1.547689812918 -0.011040443335 -4.942612446536 0.032517870821 1.982936513366 -0.005771185199 -2.312678428208 -0.029714809648
5 3 2952.704198166915 4 1.444813520503 -0.012782174504 -5.523726627241 0.032995780400 1.946440709308 0.007848311445 -2.134291876607 -0.031592469891
6 4 2923.735786894350 6 1.194740941957 -0.013475990359 -6.058518827733 0.030277857875 1.855030030874 0.023505273722 -2.173923866300 -0.010138948627
7 4 2918.622613137898 7 1.165277741136 -0.012793987529 -6.159327885519 0.031550391911 1.816412533051 0.027866524835 -2.452516401334 -0.000192232818
8 5 2803.245666580263 9 -0.018936270096 0.007095719480 -9.068667961502 0.068395696591 0.717823932232 0.154551336903 -10.536174397760 0.248081782107
9 5 2779.833864627145 10 -0.327747878804 0.011030250211 -9.681595430200 0.071820277467 0.544513300864 0.177700260660 -11.672398095366 0.283316405649
10 6 2737.221199119465 12 -2.079010470201 0.028715440301 -11.782210288322 0.086709396146 -0.143766739673 0.259975811381 -16.067171427237 0.411059806757
11 6 2725.183897021378 13 -2.522377432617 0.036685313980 -12.438887670110 0.092926838647 -0.385777343858 0.287801567222 -17.709595038025 0.453255966940
12 7 2720.504676607633 14 -3.142897272466 0.047209188169 -13.095211730412 0.102027577582 -0.702348659906 0.318133219589 -19.751952434087 0.502724217780
13 7 2716.815684265505 15 -3.636934719121 0.055120726196 -13.286474126278 0.109654938921 -0.891096214487 0.331123839350 -21.088608257061 0.527382142378
14 8 2712.121810712230 17 -4.697800544940 0.068648276817 -13.812070187558 0.121293267896 -1.243950253355 0.358882332350 -23.341336940536 0.575249585811
15 8 2711.093232348868 18 -4.595472553928 0.065792923501 -13.611545334096 0.118769826798 -1.157348715159 0.349674178510 -22.730528783790 0.559994702339
16 9 2709.256583786015 19 -4.440392164623 0.063959345200 -13.145894733361 0.116249813907 -1.007697987006 0.331087387058 -21.802158856104 0.531469475328
17 9 2708.917269174151 20 -4.437217207059 0.064755140714 -13.149766759491 0.116613571248 -1.013736207249 0.331484888473 -21.840045722257 0.532459613740
18 10 2708.878174140818 21 -4.380938956763 0.063758306753 -13.093491411150 0.115492174985 -0.983595462347 0.328701419678 -21.575679396648 0.527207956873
19 10 2708.833556101594 22 -4.378813756528 0.063728968049 -13.081342036114 0.115210497689 -0.979144458943 0.328169862784 -21.500510143548 0.525736142553
20 11 2708.509755101228 24 -4.645053379425 0.067106798263 -13.089846178889 0.115271324602 -1.044854551052 0.330405698580 -21.096714736535 0.522649149982
21 11 2708.159387777224 24 -4.673481263544 0.067814162167 -13.004295991159 0.113641579199 -1.032764491710 0.327275245600 -20.485586706642 0.513061201682
22 12 2707.905997903944 25 -4.612639170124 0.067071345704 -12.800756410869 0.109348496778 -0.966221044193 0.318665835641 -19.159539447313 0.490987020371
23 12 2707.896665488500 26 -4.599942446895 0.066935458227 -12.811784678931 0.109323757954 -0.965494483658 0.319098072655 -19.171730151207 0.491544125759
24 13 2707.837199903148 26 -4.562999012204 0.066134612139 -12.811040291738 0.109012995883 -0.946838303523 0.319924708262 -19.004274138723 0.490623373429
25 13 2707.688547685413 27 -4.557093503106 0.065800835249 -12.864386132000 0.109405010686 -0.938976365948 0.325330876692 -18.751854069498 0.493201141244
26 14 2706.806451655014 27 -4.640897558234 0.066337357082 -13.336675613397 0.114595257388 -0.953826863382 0.368065490622 -17.513631984275 0.521560022510
27 14 2704.015028275153 28 -4.990493201431 0.071342735871 -14.898322387217 0.134816103405 -1.105914488845 0.499235273670 -15.470723346111 0.627472153092
28 15 2698.644443987331 29 -5.474494738881 0.079334624899 -18.115703641627 0.179671786207 -1.422928269139 0.756196247239 -13.973147754834 0.862544164920
29 15 2695.186475913589 29 -5.476096039158 0.080557095500 -19.379706212669 0.196812479634 -1.562690019061 0.845446199315 -14.887386794169 0.959615929510
30 16 2691.439146758939 30 -5.503624359810 0.080563342569 -25.254774330898 0.262446652868 -2.086184317859 1.274281534830 -13.487987348064 1.364843018132
31 16 2690.491565304501 31 -5.391093931459 0.078749940053 -26.133206656440 0.271171738242 -2.174498288430 1.332487256312 -13.791350470500 1.426569084583
32 17 2689.807831742901 32 -5.242300986453 0.076690364976 -28.154454555140 0.293051097265 -2.386319313805 1.469691223316 -14.500790883245 1.570780669611
33 17 2689.774740325047 33 -5.212487567375 0.076375756316 -28.280921126249 0.294392704685 -2.393938976209 1.477912843768 -14.602178124696 1.579870663113
34 18 2689.772499343606 34 -5.207780705217 0.076275199905 -28.381457314714 0.295429007297 -2.402675937396 1.485081239261 -14.581633984717 1.586696442141
35 18 2689.772245358128 36 -5.208880519395 0.076274735037 -28.406306986045 0.295670135442 -2.405646940684 1.486814541880 -14.575704043967 1.588340808910
36 19 2689.772176591055 37 -5.210114341938 0.076294224584 -28.415193584934 0.295767415642 -2.406981381128 1.487413478823 -14.578077940342 1.588955693161
37 19 2689.772095902361 38 -5.213806689943 0.076351096248 -28.437350700800 0.296011106271 -2.410214316873 1.488937918461 -14.580206553418 1.590467713822
38 20 2689.772095334869 39 -5.213680853109 0.076349432946 -28.439717690673 0.296036634021 -2.410452900697 1.489101136215 -14.580666612035 1.590634261802
39 20 2689.772095316739 40 -5.213648430117 0.076349018082 -28.440077360693 0.296040445731 -2.410484518999 1.489126125825 -14.580700885194 1.590659401521
40 21 2689.772095315356 41 -5.213639714746 0.076348923350 -28.440114206542 0.296040842618 -2.410486576422 1.489128670641 -14.580710289566 1.590662051949
41 21 2689.772095315258 42 -5.213636567399 0.076348886568 -28.440113898144 0.296040838819 -2.410485812985 1.489128646610 -14.580711968476 1.590662060809
42 22 2689.772095315248 44 -5.213637280777 0.076348900191 -28.440117267933 0.296040880701 -2.410486328387 1.489128877461 -14.580713469514 1.590662301333
43 22 2689.772095315245 -13 -5.213637322720 0.076348900201 -28.440126219324 0.296040980703 -2.410487125995 1.489129530845 -14.580711337356 1.590662918747
