# DKMsr.txt
#IMaCh version 0.99r45, April 2023,INED-EUROREVES-Institut de longevite-Japan Society for the Promotion of Science (Grant-in-Aid for Scientific Research 25293121), Intel Software 2015-2020, Nihon University 2021-202, INED 2000-2022
#$Revision: 1.353 $ $Date: 2023/05/08 18:48:22 $
# Tue Feb 04 22:13:35 2025
# Forward period (stable) prevalence. Precision given by ftolpl=0.0006 
#Age 1-1 2-2 
#************
#Age   1-1     2-2   Total Years_to_converge
50  0.80453 0.19557 1.000 26
51  0.79901 0.20110 1.000 26
52  0.79341 0.20671 1.000 26
53  0.78774 0.21237 1.000 26
54  0.78201 0.21811 1.000 26
55  0.77622 0.22391 1.000 26
56  0.77038 0.22975 1.000 26
57  0.76451 0.23561 1.000 27
58  0.75861 0.24152 1.000 27
59  0.75270 0.24744 1.000 27
60  0.74680 0.25335 1.000 27
61  0.74090 0.25923 1.000 27
62  0.73504 0.26510 1.000 27
63  0.72923 0.27092 1.000 27
64  0.72348 0.27667 1.000 27
65  0.71782 0.28234 1.000 27
66  0.71227 0.28790 1.000 27
67  0.70684 0.29331 1.000 28
68  0.70155 0.29860 1.000 28
69  0.69644 0.30372 1.000 28
70  0.69152 0.30864 1.000 28
71  0.68681 0.31336 1.000 28
72  0.68233 0.31784 1.000 28
73  0.67811 0.32207 1.000 28
74  0.67415 0.32603 1.000 28
75  0.67047 0.32971 1.000 28
76  0.66708 0.33310 1.000 28
77  0.66398 0.33621 1.000 28
78  0.66115 0.33903 1.000 28
79  0.65860 0.34158 1.000 28
80  0.65628 0.34390 1.000 28
81  0.65415 0.34606 1.000 27
82  0.65214 0.34806 1.000 27
83  0.65016 0.35003 1.000 27
84  0.64810 0.35209 1.000 27
85  0.64580 0.35438 1.000 27
86  0.64307 0.35713 1.000 27
87  0.63967 0.36053 1.000 27
88  0.63528 0.36491 1.000 27
89  0.62954 0.37067 1.000 26
90  0.62196 0.37824 1.000 26
