# DKMsr.txt
#IMaCh version 0.99r45, April 2023,INED-EUROREVES-Institut de longevite-Japan Society for the Promotion of Science (Grant-in-Aid for Scientific Research 25293121), Intel Software 2015-2020, Nihon University 2021-202, INED 2000-2022
#$Revision: 1.353 $ $Date: 2023/05/08 18:48:22 $
# Tue Feb 04 22:13:35 2025
# probabilities of dying before estepm=6 months for people of exact age and weighted probabilities w1*p1j+w2*p2j+... stand dev in()
# Selected quantitative variables and dummies
# Age cov=1 p.3 SE w1 p13 w2 p23
 50 1   1.164e-003  5.169e-004  8.045e-001  2.265e-005   1.956e-001  5.857e-003 
 51 1   1.318e-003  5.610e-004  7.990e-001  2.817e-005   2.011e-001  6.440e-003 
 52 1   1.492e-003  6.077e-004  7.934e-001  3.504e-005   2.067e-001  7.081e-003 
 53 1   1.688e-003  6.569e-004  7.877e-001  4.358e-005   2.124e-001  7.785e-003 
 54 1   1.909e-003  7.088e-004  7.820e-001  5.419e-005   2.181e-001  8.558e-003 
 55 1   2.158e-003  7.634e-004  7.762e-001  6.739e-005   2.239e-001  9.406e-003 
 56 1   2.440e-003  8.204e-004  7.704e-001  8.381e-005   2.298e-001  1.034e-002 
 57 1   2.756e-003  8.796e-004  7.645e-001  1.042e-004   2.356e-001  1.136e-002 
 58 1   3.113e-003  9.412e-004  7.586e-001  1.296e-004   2.415e-001  1.248e-002 
 59 1   3.514e-003  1.005e-003  7.527e-001  1.612e-004   2.474e-001  1.371e-002 
 60 1   3.966e-003  1.071e-003  7.468e-001  2.004e-004   2.534e-001  1.506e-002 
 61 1   4.473e-003  1.138e-003  7.409e-001  2.492e-004   2.592e-001  1.654e-002 
 62 1   5.043e-003  1.208e-003  7.350e-001  3.098e-004   2.651e-001  1.817e-002 
 63 1   5.684e-003  1.279e-003  7.292e-001  3.852e-004   2.709e-001  1.994e-002 
 64 1   6.403e-003  1.354e-003  7.235e-001  4.789e-004   2.767e-001  2.189e-002 
 65 1   7.210e-003  1.431e-003  7.178e-001  5.954e-004   2.823e-001  2.402e-002 
 66 1   8.115e-003  1.512e-003  7.123e-001  7.402e-004   2.879e-001  2.636e-002 
 67 1   9.129e-003  1.600e-003  7.068e-001  9.201e-004   2.933e-001  2.891e-002 
 68 1   1.027e-002  1.695e-003  7.016e-001  1.144e-003   2.986e-001  3.170e-002 
 69 1   1.154e-002  1.801e-003  6.964e-001  1.421e-003   3.037e-001  3.475e-002 
 70 1   1.297e-002  1.922e-003  6.915e-001  1.767e-003   3.086e-001  3.808e-002 
 71 1   1.458e-002  2.062e-003  6.868e-001  2.195e-003   3.134e-001  4.172e-002 
 72 1   1.638e-002  2.225e-003  6.823e-001  2.727e-003   3.178e-001  4.568e-002 
 73 1   1.840e-002  2.418e-003  6.781e-001  3.388e-003   3.221e-001  5.000e-002 
 74 1   2.067e-002  2.644e-003  6.741e-001  4.209e-003   3.260e-001  5.471e-002 
 75 1   2.323e-002  2.908e-003  6.705e-001  5.226e-003   3.297e-001  5.983e-002 
 76 1   2.611e-002  3.215e-003  6.671e-001  6.488e-003   3.331e-001  6.539e-002 
 77 1   2.936e-002  3.569e-003  6.640e-001  8.051e-003   3.362e-001  7.143e-002 
 78 1   3.304e-002  3.975e-003  6.612e-001  9.988e-003   3.390e-001  7.798e-002 
 79 1   3.722e-002  4.438e-003  6.586e-001  1.238e-002   3.416e-001  8.508e-002 
 80 1   4.197e-002  4.969e-003  6.563e-001  1.535e-002   3.439e-001  9.275e-002 
 81 1   4.739e-002  5.588e-003  6.542e-001  1.900e-002   3.461e-001  1.010e-001 
 82 1   5.361e-002  6.327e-003  6.521e-001  2.351e-002   3.481e-001  1.100e-001 
 83 1   6.074e-002  7.239e-003  6.502e-001  2.905e-002   3.500e-001  1.196e-001 
 84 1   6.897e-002  8.407e-003  6.481e-001  3.584e-002   3.521e-001  1.299e-001 
 85 1   7.849e-002  1.027e-002  6.458e-001  4.416e-002   3.544e-001  1.410e-001 
 86 1   8.950e-002  1.199e-002  6.431e-001  5.429e-002   3.571e-001  1.529e-001 
 87 1   1.023e-001  1.471e-002  6.397e-001  6.658e-002   3.605e-001  1.655e-001 
 88 1   1.170e-001  1.824e-002  6.353e-001  8.141e-002   3.649e-001  1.790e-001 
 89 1   1.341e-001  2.270e-002  6.295e-001  9.919e-002   3.707e-001  1.933e-001 
 90 1   1.537e-001  2.816e-002  6.220e-001  1.203e-001   3.782e-001  2.085e-001 
