# DKMsr.txt
#IMaCh version 0.99r45, April 2023,INED-EUROREVES-Institut de longevite-Japan Society for the Promotion of Science (Grant-in-Aid for Scientific Research 25293121), Intel Software 2015-2020, Nihon University 2021-202, INED 2000-2022
#$Revision: 1.353 $ $Date: 2023/05/08 18:48:22 $
# Tue Feb 04 22:13:35 2025
#One-step probabilities and correlation matrix
# Age p1-1  p1-2  p1-3  p2-1  p2-2  p2-3 
50  9.680e-001  3.199e-002  2.265e-005  1.129e-001  8.812e-001  5.857e-003 
50 1-1  1.000e+000
50 1-2 -1.000e+000  1.000e+000
50 1-3 -1.231e-002  7.220e-003  1.000e+000
50 2-1 -2.223e-001  2.221e-001  2.532e-002  1.000e+000
50 2-2  2.233e-001 -2.232e-001 -1.462e-002 -9.950e-001  1.000e+000
50 2-3 -1.246e-002  1.300e-002 -1.069e-001 -4.070e-002 -5.922e-002  1.000e+000
51  9.673e-001  3.272e-002  2.817e-005  1.111e-001  8.825e-001  6.440e-003 
51 1-1  1.000e+000
51 1-2 -1.000e+000  1.000e+000
51 1-3 -1.221e-002  5.892e-003  1.000e+000
51 2-1 -2.235e-001  2.234e-001  2.443e-002  1.000e+000
51 2-2  2.243e-001 -2.242e-001 -1.226e-002 -9.936e-001  1.000e+000
51 2-3 -1.076e-002  1.144e-002 -1.075e-001 -3.957e-002 -7.324e-002  1.000e+000
52  9.665e-001  3.347e-002  3.504e-005  1.093e-001  8.837e-001  7.081e-003 
52 1-1  1.000e+000
52 1-2 -1.000e+000  1.000e+000
52 1-3 -1.214e-002  4.297e-003  1.000e+000
52 2-1 -2.249e-001  2.247e-001  2.347e-002  1.000e+000
52 2-2  2.253e-001 -2.253e-001 -9.637e-003 -9.919e-001  1.000e+000
52 2-3 -8.968e-003  9.816e-003 -1.081e-001 -3.854e-002 -8.881e-002  1.000e+000
53  9.657e-001  3.423e-002  4.358e-005  1.075e-001  8.847e-001  7.785e-003 
53 1-1  1.000e+000
53 1-2 -1.000e+000  1.000e+000
53 1-3 -1.213e-002  2.381e-003  1.000e+000
53 2-1 -2.265e-001  2.263e-001  2.243e-002  1.000e+000
53 2-2  2.264e-001 -2.263e-001 -6.699e-003 -9.897e-001  1.000e+000
53 2-3 -7.095e-003  8.156e-003 -1.088e-001 -3.765e-002 -1.061e-001  1.000e+000
54  9.649e-001  3.501e-002  5.419e-005  1.057e-001  8.857e-001  8.558e-003 
54 1-1  1.000e+000
54 1-2 -9.999e-001  1.000e+000
54 1-3 -1.220e-002  8.111e-005  1.000e+000
54 2-1 -2.282e-001  2.279e-001  2.132e-002  1.000e+000
54 2-2  2.274e-001 -2.273e-001 -3.416e-003 -9.868e-001  1.000e+000
54 2-3 -5.150e-003  6.479e-003 -1.097e-001 -3.690e-002 -1.252e-001  1.000e+000
55  9.641e-001  3.580e-002  6.739e-005  1.039e-001  8.867e-001  9.406e-003 
55 1-1  1.000e+000
55 1-2 -9.999e-001  1.000e+000
55 1-3 -1.239e-002 -2.682e-003  1.000e+000
55 2-1 -2.300e-001  2.298e-001  2.012e-002  1.000e+000
55 2-2  2.283e-001 -2.283e-001  2.517e-004 -9.833e-001  1.000e+000
55 2-3 -3.150e-003  4.818e-003 -1.107e-001 -3.632e-002 -1.463e-001  1.000e+000
56  9.633e-001  3.662e-002  8.381e-005  1.022e-001  8.875e-001  1.034e-002 
56 1-1  1.000e+000
56 1-2 -9.998e-001  1.000e+000
56 1-3 -1.275e-002 -6.000e-003  1.000e+000
56 2-1 -2.321e-001  2.318e-001  1.883e-002  1.000e+000
56 2-2  2.291e-001 -2.292e-001  4.337e-003 -9.788e-001  1.000e+000
56 2-3 -1.124e-003  3.220e-003 -1.118e-001 -3.592e-002 -1.696e-001  1.000e+000
57  9.624e-001  3.745e-002  1.042e-004  1.005e-001  8.882e-001  1.136e-002 
57 1-1  1.000e+000
57 1-2 -9.997e-001  1.000e+000
57 1-3 -1.335e-002 -9.980e-003  1.000e+000
57 2-1 -2.343e-001  2.339e-001  1.745e-002  1.000e+000
57 2-2  2.298e-001 -2.300e-001  8.869e-003 -9.732e-001  1.000e+000
57 2-3  8.862e-004  1.750e-003 -1.130e-001 -3.574e-002 -1.949e-001  1.000e+000
58  9.616e-001  3.830e-002  1.296e-004  9.877e-002  8.887e-001  1.248e-002 
58 1-1  1.000e+000
58 1-2 -9.996e-001  1.000e+000
58 1-3 -1.425e-002 -1.474e-002  1.000e+000
58 2-1 -2.367e-001  2.362e-001  1.597e-002  1.000e+000
58 2-2  2.302e-001 -2.306e-001  1.386e-002 -9.664e-001  1.000e+000
58 2-3  2.820e-003  4.998e-004 -1.145e-001 -3.580e-002 -2.222e-001  1.000e+000
59  9.607e-001  3.916e-002  1.612e-004  9.708e-002  8.892e-001  1.371e-002 
59 1-1  1.000e+000
59 1-2 -9.994e-001  1.000e+000
59 1-3 -1.556e-002 -2.042e-002  1.000e+000
59 2-1 -2.391e-001  2.386e-001  1.440e-002  1.000e+000
59 2-2  2.303e-001 -2.310e-001  1.932e-002 -9.582e-001  1.000e+000
59 2-3  4.593e-003 -4.109e-004 -1.162e-001 -3.612e-002 -2.513e-001  1.000e+000
60  9.598e-001  4.005e-002  2.004e-004  9.541e-002  8.895e-001  1.506e-002 
60 1-1  1.000e+000
60 1-2 -9.990e-001  1.000e+000
60 1-3 -1.740e-002 -2.716e-002  1.000e+000
60 2-1 -2.416e-001  2.410e-001  1.276e-002  1.000e+000
60 2-2  2.300e-001 -2.311e-001  2.520e-002 -9.485e-001  1.000e+000
60 2-3  6.089e-003 -8.242e-004 -1.181e-001 -3.673e-002 -2.817e-001  1.000e+000
61  9.588e-001  4.095e-002  2.492e-004  9.374e-002  8.897e-001  1.654e-002 
61 1-1  1.000e+000
61 1-2 -9.985e-001  1.000e+000
61 1-3 -1.987e-002 -3.506e-002  1.000e+000
61 2-1 -2.439e-001  2.432e-001  1.108e-002  1.000e+000
61 2-2  2.293e-001 -2.309e-001  3.144e-002 -9.374e-001  1.000e+000
61 2-3  7.158e-003 -5.420e-004 -1.204e-001 -3.765e-002 -3.128e-001  1.000e+000
62  9.578e-001  4.188e-002  3.098e-004  9.209e-002  8.897e-001  1.817e-002 
62 1-1  1.000e+000
62 1-2 -9.977e-001  1.000e+000
62 1-3 -2.312e-002 -4.422e-002  1.000e+000
62 2-1 -2.459e-001  2.451e-001  9.400e-003  1.000e+000
62 2-2  2.282e-001 -2.306e-001  3.794e-002 -9.250e-001  1.000e+000
62 2-3  7.616e-003  6.712e-004 -1.230e-001 -3.889e-002 -3.437e-001  1.000e+000
63  9.568e-001  4.282e-002  3.852e-004  9.046e-002  8.896e-001  1.994e-002 
63 1-1  1.000e+000
63 1-2 -9.966e-001  1.000e+000
63 1-3 -2.726e-002 -5.466e-002  1.000e+000
63 2-1 -2.473e-001  2.464e-001  7.788e-003  1.000e+000
63 2-2  2.266e-001 -2.300e-001  4.456e-002 -9.118e-001  1.000e+000
63 2-3  7.252e-003  3.076e-003 -1.260e-001 -4.044e-002 -3.734e-001  1.000e+000
64  9.557e-001  4.378e-002  4.789e-004  8.883e-002  8.893e-001  2.189e-002 
64 1-1  1.000e+000
64 1-2 -9.951e-001  1.000e+000
64 1-3 -3.236e-002 -6.628e-002  1.000e+000
64 2-1 -2.479e-001  2.469e-001  6.325e-003  1.000e+000
64 2-2  2.248e-001 -2.294e-001  5.114e-002 -8.984e-001  1.000e+000
64 2-3  5.849e-003  6.932e-003 -1.295e-001 -4.230e-002 -4.008e-001  1.000e+000
65  9.546e-001  4.476e-002  5.954e-004  8.721e-002  8.888e-001  2.402e-002 
65 1-1  1.000e+000
65 1-2 -9.931e-001  1.000e+000
65 1-3 -3.846e-002 -7.890e-002  1.000e+000
65 2-1 -2.476e-001  2.464e-001  5.106e-003  1.000e+000
65 2-2  2.228e-001 -2.290e-001  5.755e-002 -8.854e-001  1.000e+000
65 2-3  3.219e-003  1.246e-002 -1.336e-001 -4.446e-002 -4.251e-001  1.000e+000
66  9.535e-001  4.576e-002  7.402e-004  8.561e-002  8.880e-001  2.636e-002 
66 1-1  1.000e+000
66 1-2 -9.905e-001  1.000e+000
66 1-3 -4.549e-002 -9.222e-002  1.000e+000
66 2-1 -2.461e-001  2.448e-001  4.231e-003  1.000e+000
66 2-2  2.210e-001 -2.290e-001  6.366e-002 -8.733e-001  1.000e+000
66 2-3 -7.549e-004  1.978e-002 -1.383e-001 -4.690e-002 -4.457e-001  1.000e+000
67  9.523e-001  4.678e-002  9.201e-004  8.401e-002  8.871e-001  2.891e-002 
67 1-1  1.000e+000
67 1-2 -9.873e-001  1.000e+000
67 1-3 -5.333e-002 -1.059e-001  1.000e+000
67 2-1 -2.437e-001  2.421e-001  3.794e-003  1.000e+000
67 2-2  2.194e-001 -2.296e-001  6.943e-002 -8.626e-001  1.000e+000
67 2-3 -6.079e-003  2.891e-002 -1.437e-001 -4.959e-002 -4.624e-001  1.000e+000
68  9.510e-001  4.782e-002  1.144e-003  8.241e-002  8.859e-001  3.170e-002 
68 1-1  1.000e+000
68 1-2 -9.835e-001  1.000e+000
68 1-3 -6.182e-002 -1.196e-001  1.000e+000
68 2-1 -2.405e-001  2.385e-001  3.876e-003  1.000e+000
68 2-2  2.184e-001 -2.308e-001  7.485e-002 -8.535e-001  1.000e+000
68 2-3 -1.263e-002  3.973e-002 -1.500e-001 -5.255e-002 -4.755e-001  1.000e+000
69  9.497e-001  4.888e-002  1.421e-003  8.083e-002  8.844e-001  3.475e-002 
69 1-1  1.000e+000
69 1-2 -9.792e-001  1.000e+000
69 1-3 -7.078e-002 -1.331e-001  1.000e+000
69 2-1 -2.367e-001  2.343e-001  4.536e-003  1.000e+000
69 2-2  2.180e-001 -2.329e-001  8.002e-002 -8.458e-001  1.000e+000
69 2-3 -2.017e-002  5.203e-002 -1.572e-001 -5.578e-002 -4.854e-001  1.000e+000
70  9.483e-001  4.996e-002  1.767e-003  7.925e-002  8.827e-001  3.808e-002 
70 1-1  1.000e+000
70 1-2 -9.743e-001  1.000e+000
70 1-3 -8.007e-002 -1.464e-001  1.000e+000
70 2-1 -2.328e-001  2.297e-001  5.823e-003  1.000e+000
70 2-2  2.183e-001 -2.359e-001  8.506e-002 -8.391e-001  1.000e+000
70 2-3 -2.834e-002  6.549e-002 -1.654e-001 -5.928e-002 -4.932e-001  1.000e+000
71  9.467e-001  5.106e-002  2.195e-003  7.767e-002  8.806e-001  4.172e-002 
71 1-1  1.000e+000
71 1-2 -9.689e-001  1.000e+000
71 1-3 -8.960e-002 -1.595e-001  1.000e+000
71 2-1 -2.290e-001  2.251e-001  7.771e-003  1.000e+000
71 2-2  2.191e-001 -2.396e-001  9.015e-002 -8.329e-001  1.000e+000
71 2-3 -3.673e-002  7.979e-002 -1.747e-001 -6.307e-002 -4.999e-001  1.000e+000
72  9.451e-001  5.217e-002  2.727e-003  7.609e-002  8.782e-001  4.568e-002 
72 1-1  1.000e+000
72 1-2 -9.630e-001  1.000e+000
72 1-3 -9.938e-002 -1.725e-001  1.000e+000
72 2-1 -2.257e-001  2.206e-001  1.042e-002  1.000e+000
72 2-2  2.204e-001 -2.440e-001  9.550e-002 -8.263e-001  1.000e+000
72 2-3 -4.484e-002  9.454e-002 -1.851e-001 -6.715e-002 -5.065e-001  1.000e+000
73  9.433e-001  5.330e-002  3.388e-003  7.452e-002  8.755e-001  5.000e-002 
73 1-1  1.000e+000
73 1-2 -9.564e-001  1.000e+000
73 1-3 -1.095e-001 -1.857e-001  1.000e+000
73 2-1 -2.230e-001  2.163e-001  1.379e-002  1.000e+000
73 2-2  2.217e-001 -2.490e-001  1.013e-001 -8.187e-001  1.000e+000
73 2-3 -5.213e-002  1.093e-001 -1.966e-001 -7.150e-002 -5.142e-001  1.000e+000
74  9.413e-001  5.444e-002  4.209e-003  7.294e-002  8.724e-001  5.471e-002 
74 1-1  1.000e+000
74 1-2 -9.490e-001  1.000e+000
74 1-3 -1.201e-001 -1.992e-001  1.000e+000
74 2-1 -2.209e-001  2.124e-001  1.795e-002  1.000e+000
74 2-2  2.229e-001 -2.543e-001  1.079e-001 -8.092e-001  1.000e+000
74 2-3 -5.801e-002  1.237e-001 -2.091e-001 -7.608e-002 -5.242e-001  1.000e+000
75  9.392e-001  5.560e-002  5.226e-003  7.136e-002  8.688e-001  5.983e-002 
75 1-1  1.000e+000
75 1-2 -9.405e-001  1.000e+000
75 1-3 -1.315e-001 -2.131e-001  1.000e+000
75 2-1 -2.198e-001  2.087e-001  2.292e-002  1.000e+000
75 2-2  2.234e-001 -2.597e-001  1.154e-001 -7.971e-001  1.000e+000
75 2-3 -6.186e-002  1.372e-001 -2.224e-001 -8.084e-002 -5.374e-001  1.000e+000
76  9.367e-001  5.676e-002  6.488e-003  6.979e-002  8.648e-001  6.539e-002 
76 1-1  1.000e+000
76 1-2 -9.307e-001  1.000e+000
76 1-3 -1.445e-001 -2.275e-001  1.000e+000
76 2-1 -2.195e-001  2.053e-001  2.876e-002  1.000e+000
76 2-2  2.228e-001 -2.651e-001  1.240e-001 -7.816e-001  1.000e+000
76 2-3 -6.308e-002  1.494e-001 -2.364e-001 -8.573e-002 -5.545e-001  1.000e+000
77  9.340e-001  5.793e-002  8.051e-003  6.820e-002  8.604e-001  7.143e-002 
77 1-1  1.000e+000
77 1-2 -9.190e-001  1.000e+000
77 1-3 -1.597e-001 -2.424e-001  1.000e+000
77 2-1 -2.201e-001  2.021e-001  3.549e-002  1.000e+000
77 2-2  2.204e-001 -2.700e-001  1.338e-001 -7.619e-001  1.000e+000
77 2-3 -6.109e-002  1.601e-001 -2.505e-001 -9.072e-002 -5.759e-001  1.000e+000
78  9.309e-001  5.910e-002  9.988e-003  6.661e-002  8.554e-001  7.798e-002 
78 1-1  1.000e+000
78 1-2 -9.047e-001  1.000e+000
78 1-3 -1.788e-001 -2.574e-001  1.000e+000
78 2-1 -2.217e-001  1.991e-001  4.308e-002  1.000e+000
78 2-2  2.155e-001 -2.744e-001  1.448e-001 -7.375e-001  1.000e+000
78 2-3 -5.541e-002  1.689e-001 -2.644e-001 -9.579e-002 -6.016e-001  1.000e+000
79  9.274e-001  6.027e-002  1.238e-002  6.502e-002  8.499e-001  8.508e-002 
79 1-1  1.000e+000
79 1-2 -8.866e-001  1.000e+000
79 1-3 -2.036e-001 -2.723e-001  1.000e+000
79 2-1 -2.242e-001  1.961e-001  5.143e-002  1.000e+000
79 2-2  2.072e-001 -2.778e-001  1.569e-001 -7.079e-001  1.000e+000
79 2-3 -4.565e-002  1.759e-001 -2.774e-001 -1.010e-001 -6.312e-001  1.000e+000
80  9.232e-001  6.141e-002  1.535e-002  6.342e-002  8.438e-001  9.275e-002 
80 1-1  1.000e+000
80 1-2 -8.630e-001  1.000e+000
80 1-3 -2.368e-001 -2.863e-001  1.000e+000
80 2-1 -2.276e-001  1.931e-001  6.035e-002  1.000e+000
80 2-2  1.947e-001 -2.801e-001  1.694e-001 -6.732e-001  1.000e+000
80 2-3 -3.152e-002  1.813e-001 -2.889e-001 -1.063e-001 -6.637e-001  1.000e+000
81  9.185e-001  6.254e-002  1.900e-002  6.181e-002  8.372e-001  1.010e-001 
81 1-1  1.000e+000
81 1-2 -8.316e-001  1.000e+000
81 1-3 -2.814e-001 -2.989e-001  1.000e+000
81 2-1 -2.315e-001  1.900e-001  6.949e-002  1.000e+000
81 2-2  1.768e-001 -2.811e-001  1.819e-001 -6.334e-001  1.000e+000
81 2-3 -1.286e-002  1.852e-001 -2.978e-001 -1.120e-001 -6.980e-001  1.000e+000
82  9.129e-001  6.362e-002  2.351e-002  6.019e-002  8.298e-001  1.100e-001 
82 1-1  1.000e+000
82 1-2 -7.891e-001  1.000e+000
82 1-3 -3.399e-001 -3.094e-001  1.000e+000
82 2-1 -2.354e-001  1.868e-001  7.842e-002  1.000e+000
82 2-2  1.530e-001 -2.809e-001  1.932e-001 -5.892e-001  1.000e+000
82 2-3  1.021e-002  1.879e-001 -3.035e-001 -1.180e-001 -7.328e-001  1.000e+000
83  9.063e-001  6.465e-002  2.905e-002  5.855e-002  8.219e-001  1.196e-001 
83 1-1  1.000e+000
83 1-2 -7.320e-001  1.000e+000
83 1-3 -4.135e-001 -3.177e-001  1.000e+000
83 2-1 -2.383e-001  1.833e-001  8.667e-002  1.000e+000
83 2-2  1.227e-001 -2.794e-001  2.027e-001 -5.413e-001  1.000e+000
83 2-3  3.711e-002  1.899e-001 -3.054e-001 -1.244e-001 -7.669e-001  1.000e+000
84  8.985e-001  6.561e-002  3.584e-002  5.691e-002  8.132e-001  1.299e-001 
84 1-1  1.000e+000
84 1-2 -6.571e-001  1.000e+000
84 1-3 -5.002e-001 -3.240e-001  1.000e+000
84 2-1 -2.391e-001  1.795e-001  9.386e-002  1.000e+000
84 2-2  8.648e-002 -2.770e-001  2.096e-001 -4.908e-001  1.000e+000
84 2-3  6.650e-002  1.913e-001 -3.032e-001 -1.314e-001 -7.993e-001  1.000e+000
85  8.894e-001  6.648e-002  4.416e-002  5.526e-002  8.037e-001  1.410e-001 
85 1-1  1.000e+000
85 1-2 -5.638e-001  1.000e+000
85 1-3 -5.942e-001 -3.294e-001  1.000e+000
85 2-1 -2.365e-001  1.752e-001  9.974e-002  1.000e+000
85 2-2  4.627e-002 -2.737e-001  2.137e-001 -4.387e-001  1.000e+000
85 2-3  9.620e-002  1.926e-001 -2.975e-001 -1.390e-001 -8.290e-001  1.000e+000
86  8.785e-001  6.721e-002  5.429e-002  5.360e-002  7.935e-001  1.529e-001 
86 1-1  1.000e+000
86 1-2 -4.550e-001  1.000e+000
86 1-3 -6.865e-001 -3.352e-001  1.000e+000
86 2-1 -2.300e-001  1.703e-001  1.043e-001  1.000e+000
86 2-2  5.128e-003 -2.700e-001  2.151e-001 -3.860e-001  1.000e+000
86 2-3  1.236e-001  1.939e-001 -2.891e-001 -1.473e-001 -8.556e-001  1.000e+000
87  8.656e-001  6.779e-002  6.658e-002  5.193e-002  7.825e-001  1.655e-001 
87 1-1  1.000e+000
87 1-2 -3.371e-001  1.000e+000
87 1-3 -7.686e-001 -3.432e-001  1.000e+000
87 2-1 -2.201e-001  1.648e-001  1.076e-001  1.000e+000
87 2-2 -3.341e-002 -2.662e-001  2.142e-001 -3.336e-001  1.000e+000
87 2-3  1.463e-001  1.955e-001 -2.788e-001 -1.563e-001 -8.790e-001  1.000e+000
88  8.504e-001  6.817e-002  8.141e-002  5.024e-002  7.707e-001  1.790e-001 
88 1-1  1.000e+000
88 1-2 -2.175e-001  1.000e+000
88 1-3 -8.353e-001 -3.549e-001  1.000e+000
88 2-1 -2.079e-001  1.583e-001  1.100e-001  1.000e+000
88 2-2 -6.661e-002 -2.624e-001  2.116e-001 -2.823e-001  1.000e+000
88 2-3  1.633e-001  1.975e-001 -2.677e-001 -1.661e-001 -8.991e-001  1.000e+000
89  8.325e-001  6.831e-002  9.919e-002  4.855e-002  7.581e-001  1.933e-001 
89 1-1  1.000e+000
89 1-2 -1.017e-001  1.000e+000
89 1-3 -8.856e-001 -3.720e-001  1.000e+000
89 2-1 -1.950e-001  1.507e-001  1.116e-001  1.000e+000
89 2-2 -9.320e-002 -2.590e-001  2.079e-001 -2.325e-001  1.000e+000
89 2-3  1.747e-001  2.000e-001 -2.564e-001 -1.767e-001 -9.162e-001  1.000e+000
90  8.115e-001  6.816e-002  1.203e-001  4.684e-002  7.446e-001  2.085e-001 
90 1-1  1.000e+000
90 1-2  7.506e-003  1.000e+000
90 1-3 -9.215e-001 -3.953e-001  1.000e+000
90 2-1 -1.827e-001  1.419e-001  1.127e-001  1.000e+000
90 2-2 -1.133e-001 -2.560e-001  2.035e-001 -1.845e-001  1.000e+000
90 2-3  1.812e-001  2.030e-001 -2.453e-001 -1.881e-001 -9.306e-001  1.000e+000