
# model  
#****** Result for:******
# DKMsr.txt
#IMaCh version 0.99r45, April 2023,INED-EUROREVES-Institut de longevite-Japan Society for the Promotion of Science (Grant-in-Aid for Scientific Research 25293121), Intel Software 2015-2020, Nihon University 2021-202, INED 2000-2022
#$Revision: 1.353 $ $Date: 2023/05/08 18:48:22 $
# Tue Feb 04 22:13:35 2025
# Total life expectancy with std error and decomposition into time to be expected in each health state
#  (weighted average of eij where weights are the age specific forward period (stable) prevalences in each health state 
# Age popbased mobilav e.. (std) e.1 (std) e.2 (std) 
   50 0 0  28.788 (  1.018)  20.712 (  1.066)   8.076 (  0.683)
   51 0 0  27.856 (  1.000)  19.959 (  1.034)   7.897 (  0.660)
   52 0 0  26.931 (  0.980)  19.216 (  1.004)   7.715 (  0.638)
   53 0 0  26.012 (  0.960)  18.483 (  0.975)   7.528 (  0.617)
   54 0 0  25.101 (  0.940)  17.761 (  0.947)   7.339 (  0.598)
   55 0 0  24.198 (  0.919)  17.051 (  0.920)   7.147 (  0.579)
   56 0 0  23.304 (  0.898)  16.352 (  0.895)   6.952 (  0.562)
   57 0 0  22.418 (  0.877)  15.665 (  0.871)   6.753 (  0.546)
   58 0 0  21.544 (  0.855)  14.991 (  0.848)   6.553 (  0.530)
   59 0 0  20.679 (  0.834)  14.329 (  0.827)   6.350 (  0.516)
   60 0 0  19.826 (  0.812)  13.681 (  0.807)   6.145 (  0.502)
   61 0 0  18.985 (  0.791)  13.046 (  0.788)   5.938 (  0.489)
   62 0 0  18.156 (  0.770)  12.426 (  0.770)   5.730 (  0.477)
   63 0 0  17.341 (  0.749)  11.820 (  0.753)   5.521 (  0.465)
   64 0 0  16.540 (  0.729)  11.229 (  0.737)   5.311 (  0.454)
   65 0 0  15.754 (  0.709)  10.653 (  0.722)   5.100 (  0.443)
   66 0 0  14.982 (  0.690)  10.093 (  0.707)   4.890 (  0.432)
   67 0 0  14.227 (  0.671)   9.548 (  0.692)   4.679 (  0.422)
   68 0 0  13.489 (  0.653)   9.019 (  0.678)   4.470 (  0.413)
   69 0 0  12.768 (  0.635)   8.506 (  0.663)   4.262 (  0.403)
   70 0 0  12.064 (  0.618)   8.009 (  0.648)   4.055 (  0.394)
   71 0 0  11.379 (  0.601)   7.529 (  0.632)   3.850 (  0.386)
   72 0 0  10.713 (  0.585)   7.065 (  0.616)   3.648 (  0.377)
   73 0 0  10.066 (  0.568)   6.617 (  0.599)   3.449 (  0.369)
   74 0 0   9.439 (  0.553)   6.186 (  0.582)   3.253 (  0.361)
   75 0 0   8.832 (  0.537)   5.770 (  0.565)   3.061 (  0.353)
   76 0 0   8.244 (  0.522)   5.371 (  0.547)   2.873 (  0.345)
   77 0 0   7.678 (  0.508)   4.988 (  0.528)   2.690 (  0.338)
   78 0 0   7.132 (  0.494)   4.620 (  0.510)   2.512 (  0.330)
   79 0 0   6.608 (  0.481)   4.268 (  0.492)   2.340 (  0.323)
   80 0 0   6.104 (  0.470)   3.930 (  0.475)   2.174 (  0.316)
   81 0 0   5.622 (  0.460)   3.608 (  0.459)   2.014 (  0.308)
   82 0 0   5.162 (  0.452)   3.301 (  0.445)   1.861 (  0.301)
   83 0 0   4.723 (  0.445)   3.008 (  0.432)   1.715 (  0.294)
   84 0 0   4.307 (  0.440)   2.730 (  0.421)   1.577 (  0.287)
   85 0 0   3.914 (  0.436)   2.466 (  0.409)   1.447 (  0.287)
   86 0 0   3.543 (  0.431)   2.217 (  0.405)   1.326 (  0.272)
   87 0 0   3.196 (  0.425)   1.983 (  0.399)   1.213 (  0.265)
   88 0 0   2.873 (  0.418)   1.763 (  0.394)   1.110 (  0.258)
   89 0 0   2.574 (  0.408)   1.558 (  0.390)   1.016 (  0.252)
   90 0 0   2.300 (  0.395)   1.368 (  0.386)   0.932 (  0.248)
