
#****** ******
# DKMsr.txt
#IMaCh version 0.99r45, April 2023,INED-EUROREVES-Institut de longevite-Japan Society for the Promotion of Science (Grant-in-Aid for Scientific Research 25293121), Intel Software 2015-2020, Nihon University 2021-202, INED 2000-2022
#$Revision: 1.353 $ $Date: 2023/05/08 18:48:22 $
# Tue Feb 04 22:13:35 2025
# Variance and covariance of health expectancies e.j 
#  (weighted average of eij where weights are the age specific period (stable) prevalences in each health state 
# Age Cov(e.1, e.1) Cov(e.1, e.2) Cov(e.2, e.1) Cov(e.2, e.2)
50  1.1367 -0.2830 -0.2830 0.4660
51  1.0699 -0.2530 -0.2530 0.4351
52  1.0076 -0.2267 -0.2267 0.4068
53  0.9499 -0.2041 -0.2041 0.3808
54  0.8960 -0.1847 -0.1847 0.3571
55  0.8461 -0.1683 -0.1683 0.3355
56  0.8002 -0.1547 -0.1547 0.3158
57  0.7580 -0.1435 -0.1435 0.2977
58  0.7192 -0.1345 -0.1345 0.2811
59  0.6835 -0.1273 -0.1273 0.2660
60  0.6509 -0.1217 -0.1217 0.2520
61  0.6209 -0.1174 -0.1174 0.2391
62  0.5932 -0.1140 -0.1140 0.2272
63  0.5676 -0.1113 -0.1113 0.2161
64  0.5437 -0.1092 -0.1092 0.2057
65  0.5212 -0.1073 -0.1073 0.1961
66  0.4998 -0.1055 -0.1055 0.1870
67  0.4792 -0.1036 -0.1036 0.1784
68  0.4590 -0.1015 -0.1015 0.1704
69  0.4392 -0.0992 -0.0992 0.1628
70  0.4194 -0.0965 -0.0965 0.1556
71  0.3995 -0.0934 -0.0934 0.1487
72  0.3795 -0.0900 -0.0900 0.1423
73  0.3593 -0.0861 -0.0861 0.1361
74  0.3391 -0.0820 -0.0820 0.1302
75  0.3188 -0.0775 -0.0775 0.1246
76  0.2988 -0.0728 -0.0728 0.1193
77  0.2792 -0.0678 -0.0678 0.1141
78  0.2603 -0.0627 -0.0627 0.1091
79  0.2425 -0.0575 -0.0575 0.1043
80  0.2260 -0.0523 -0.0523 0.0996
81  0.2111 -0.0471 -0.0471 0.0951
82  0.1979 -0.0421 -0.0421 0.0907
83  0.1867 -0.0373 -0.0373 0.0863
84  0.1774 -0.0330 -0.0330 0.0821
85  0.1672 -0.0299 -0.0299 0.0823
86  0.1640 -0.0262 -0.0262 0.0740
87  0.1593 -0.0243 -0.0243 0.0702
88  0.1554 -0.0236 -0.0236 0.0667
89  0.1520 -0.0244 -0.0244 0.0637
90  0.1488 -0.0270 -0.0270 0.0615
