# Powell
# iter -2*LL p12 p13 p21 p23
1 1 3451.080574293291 0 0.000000000000 0.000000000000 0.000000000000 0.000000000000 0.000000000000 0.000000000000 0.000000000000 0.000000000000
2 2 1799.362030374160 0 -0.008396632445 0.001187678900 -3.414706063655 0.004866718916 -2.023838037223 -0.001767298089 -2.321392846922 0.002267558317
3 2 1713.733160506921 0 -0.911108132321 0.002132580099 -4.032012695631 0.009670681367 -2.544896658713 -0.003472595028 -2.537475058705 0.004484497649
4 3 1540.822558471262 0 -4.090614147821 0.040630372781 -17.225445788044 0.199208107892 2.258752047130 -0.073303943142 -9.188062023215 0.095095719041
5 3 1486.363864585767 1 -4.233148839457 0.051821401184 -20.719884497984 0.252942649923 3.623403882061 -0.093072313973 -11.397624870566 0.120478723278
6 4 1473.964491294207 1 -4.719403689750 0.064175942667 -25.238255600822 0.310211227613 4.860596111970 -0.113913102702 -13.730083399589 0.147898530382
7 4 1473.565730813602 1 -4.791270778097 0.064792502263 -25.433764189417 0.311661246976 4.866092359108 -0.114199283335 -13.835772020303 0.148907222152
8 5 1471.963108484582 1 -5.427750309851 0.073371055844 -26.580835439517 0.327650599268 4.961834653615 -0.115728254972 -14.895341499744 0.162267166660
9 5 1470.910369462563 1 -5.521576842726 0.075081797455 -26.370276571281 0.325276329865 4.798936079037 -0.113468646384 -15.023938643634 0.163747586436
10 6 1466.116016317539 1 -6.244019481675 0.087615822882 -23.109430537344 0.285340037953 3.088795253171 -0.086002903610 -15.537874444038 0.169957198052
11 6 1465.992150793822 1 -6.305136767312 0.089140219297 -23.305052292620 0.287503860011 3.082400005559 -0.086406517038 -15.684970557090 0.171840378928
12 7 1465.968302385499 1 -6.376849693107 0.090161251073 -23.444909977994 0.289451792697 3.100456519788 -0.086666999820 -15.833311738270 0.173662549940
13 7 1465.811419283590 1 -6.389265044269 0.089746989423 -23.335055848735 0.288433794691 3.113073942519 -0.086734306415 -16.205373383232 0.178232052279
14 8 1465.441667248589 1 -6.083528743807 0.084442765120 -22.676142935365 0.279547234636 3.136260550408 -0.087036997614 -16.528857566118 0.182204637403
15 8 1465.189770107747 2 -5.821850374771 0.080228740927 -22.171536824194 0.271691217592 3.136644516572 -0.087216699315 -16.889334180663 0.186611301219
16 9 1464.899351495821 2 -5.464694349461 0.075141204022 -21.317725621059 0.259545944389 3.054625150198 -0.086047986490 -16.971981135282 0.187606656306
17 9 1464.855681245957 2 -5.440710395953 0.074892504272 -21.220154754416 0.258685643389 3.041744633357 -0.085756493157 -16.848578732528 0.186092727253
18 10 1464.837408273047 2 -5.381154995389 0.074016576506 -21.181331458909 0.258280830077 3.063821967774 -0.086072141865 -16.675536976822 0.183977847228
19 10 1464.836998594216 2 -5.380171009860 0.073999382749 -21.184075824946 0.258262037149 3.061313613717 -0.086045716309 -16.671532557577 0.183928720899
20 11 1464.835978465704 2 -5.400663760512 0.074339901739 -21.251224065758 0.259107885926 3.046872151900 -0.085836101033 -16.652410050153 0.183695478735
21 11 1464.835151368007 2 -5.398328621230 0.074310682624 -21.273860743760 0.259433517328 3.045868415514 -0.085812558920 -16.650265888696 0.183669378221
22 12 1464.830920571686 2 -5.368103514293 0.073843309386 -21.456663951451 0.261880335785 3.020335208235 -0.085386210979 -16.676128489824 0.183986837929
23 12 1464.830313816895 2 -5.362332816443 0.073726143044 -21.489828007055 0.262245307969 3.025629755986 -0.085480431073 -16.673784367771 0.183957672032
24 13 1464.830255960847 3 -5.359646921112 0.073676220467 -21.495415654608 0.262292524952 3.026190221066 -0.085493912713 -16.672927790462 0.183947085004
25 13 1464.830250128431 3 -5.358933116035 0.073662666604 -21.497564586548 0.262312196739 3.026244227053 -0.085496388965 -16.672546818097 0.183942398949
26 14 1464.830249542201 3 -5.358768198514 0.073659415401 -21.498485209002 0.262321607174 3.026236337552 -0.085496795999 -16.672336455164 0.183939818711
27 14 1464.830249480732 3 -5.358745580592 0.073658905024 -21.498856108805 0.262325679228 3.026219193377 -0.085496696658 -16.672230805217 0.183938525530
28 15 1464.830249472773 3 -5.358753756428 0.073659013420 -21.499008172846 0.262327464937 3.026206753288 -0.085496553136 -16.672182312228 0.183937933074
29 15 1464.830249471297 3 -5.358763658066 0.073659178030 -21.499064814102 0.262328168546 3.026199933081 -0.085496459088 -16.672159157767 0.183937648738
30 16 1464.830249470958 3 -5.358769814796 0.073659282554 -21.499086654489 0.262328455000 3.026195706481 -0.085496394960 -16.672148707282 0.183937522160
31 16 1464.830249470879 3 -5.358772319196 0.073659328156 -21.499099415216 0.262328624508 3.026193065505 -0.085496357497 -16.672145314235 0.183937479736
32 17 1464.830249470852 3 -5.358774617620 0.073659367312 -21.499101981407 0.262328657676 3.026192251889 -0.085496343238 -16.672141896095 0.183937439190
33 17 1464.830249470851 3 -5.358774616258 0.073659367291 -21.499101989645 0.262328662989 3.026192250739 -0.085496343219 -16.672141901281 0.183937439204
34 18 1464.830249470851 3 -5.358774616258 0.073659367291 -21.499101989645 0.262328665152 3.026192250739 -0.085496343219 -16.672141901281 0.183937439204
