# GRFchr.txt
#IMaCh version 0.99r45, April 2023,INED-EUROREVES-Institut de longevite-Japan Society for the Promotion of Science (Grant-in-Aid for Scientific Research 25293121), Intel Software 2015-2020, Nihon University 2021-202, INED 2000-2022
#$Revision: 1.353 $ $Date: 2023/05/08 18:48:22 $
# Tue Feb 04 22:21:37 2025
# probabilities of dying before estepm=24 months for people of exact age and weighted probabilities w1*p1j+w2*p2j+... stand dev in()
# Selected quantitative variables and dummies
# Age cov=1 p.3 SE w1 p13 w2 p23
 50 1   2.638e-004  2.453e-004  7.132e-001  1.927e-004   2.869e-001  4.403e-004 
 51 1   3.381e-004  2.958e-004  6.896e-001  2.475e-004   3.105e-001  5.391e-004 
 52 1   4.322e-004  3.553e-004  6.647e-001  3.176e-004   3.354e-001  6.591e-004 
 53 1   5.511e-004  4.250e-004  6.387e-001  4.073e-004   3.615e-001  8.049e-004 
 54 1   7.007e-004  5.061e-004  6.116e-001  5.219e-004   3.885e-001  9.819e-004 
 55 1   8.883e-004  6.001e-004  5.835e-001  6.681e-004   4.166e-001  1.197e-003 
 56 1   1.123e-003  7.086e-004  5.546e-001  8.544e-004   4.456e-001  1.457e-003 
 57 1   1.415e-003  8.329e-004  5.250e-001  1.092e-003   4.752e-001  1.772e-003 
 58 1   1.777e-003  9.747e-004  4.949e-001  1.393e-003   5.052e-001  2.152e-003 
 59 1   2.225e-003  1.136e-003  4.645e-001  1.776e-003   5.356e-001  2.613e-003 
 60 1   2.776e-003  1.318e-003  4.341e-001  2.262e-003   5.661e-001  3.169e-003 
 61 1   3.453e-003  1.524e-003  4.037e-001  2.877e-003   5.965e-001  3.841e-003 
 62 1   4.279e-003  1.754e-003  3.737e-001  3.654e-003   6.264e-001  4.651e-003 
 63 1   5.287e-003  2.012e-003  3.444e-001  4.635e-003   6.558e-001  5.628e-003 
 64 1   6.511e-003  2.300e-003  3.158e-001  5.870e-003   6.844e-001  6.805e-003 
 65 1   7.992e-003  2.621e-003  2.882e-001  7.424e-003   7.119e-001  8.221e-003 
 66 1   9.781e-003  2.978e-003  2.618e-001  9.373e-003   7.383e-001  9.924e-003 
 67 1   1.193e-002  3.373e-003  2.367e-001  1.181e-002   7.634e-001  1.197e-002 
 68 1   1.452e-002  3.809e-003  2.131e-001  1.486e-002   7.870e-001  1.443e-002 
 69 1   1.762e-002  4.288e-003  1.910e-001  1.865e-002   8.090e-001  1.737e-002 
 70 1   2.132e-002  4.812e-003  1.706e-001  2.336e-002   8.295e-001  2.090e-002 
 71 1   2.573e-002  5.380e-003  1.518e-001  2.918e-002   8.483e-001  2.511e-002 
 72 1   3.098e-002  6.005e-003  1.347e-001  3.636e-002   8.654e-001  3.014e-002 
 73 1   3.720e-002  6.641e-003  1.191e-001  4.515e-002   8.809e-001  3.612e-002 
 74 1   4.456e-002  7.328e-003  1.051e-001  5.588e-002   8.949e-001  4.323e-002 
 75 1   5.325e-002  8.047e-003  9.256e-002  6.889e-002   9.075e-001  5.166e-002 
 76 1   6.347e-002  8.798e-003  8.140e-002  8.455e-002   9.186e-001  6.160e-002 
 77 1   7.544e-002  9.585e-003  7.151e-002  1.032e-001   9.285e-001  7.330e-002 
 78 1   8.941e-002  1.043e-002  6.278e-002  1.254e-001   9.372e-001  8.700e-002 
 79 1   1.056e-001  1.137e-002  5.511e-002  1.513e-001   9.449e-001  1.030e-001 
 80 1   1.243e-001  1.247e-002  4.838e-002  1.812e-001   9.516e-001  1.214e-001 
 81 1   1.458e-001  1.383e-002  4.249e-002  2.154e-001   9.575e-001  1.427e-001 
 82 1   1.702e-001  1.557e-002  3.734e-002  2.537e-001   9.627e-001  1.669e-001 
 83 1   1.977e-001  1.781e-002  3.285e-002  2.961e-001   9.672e-001  1.943e-001 
 84 1   2.284e-001  2.064e-002  2.893e-002  3.420e-001   9.711e-001  2.250e-001 
 85 1   2.623e-001  2.409e-002  2.553e-002  3.908e-001   9.745e-001  2.589e-001 
 86 1   2.992e-001  2.811e-002  2.256e-002  4.416e-001   9.775e-001  2.960e-001 
 87 1   3.390e-001  3.258e-002  1.998e-002  4.934e-001   9.800e-001  3.359e-001 
 88 1   3.813e-001  3.731e-002  1.773e-002  5.451e-001   9.823e-001  3.783e-001 
 89 1   4.254e-001  4.205e-002  1.578e-002  5.956e-001   9.842e-001  4.227e-001 
 90 1   4.707e-001  4.652e-002  1.407e-002  6.439e-001   9.859e-001  4.683e-001 
