# GRFchr.txt
#IMaCh version 0.99r45, April 2023,INED-EUROREVES-Institut de longevite-Japan Society for the Promotion of Science (Grant-in-Aid for Scientific Research 25293121), Intel Software 2015-2020, Nihon University 2021-202, INED 2000-2022
#$Revision: 1.353 $ $Date: 2023/05/08 18:48:22 $
# Tue Feb 04 22:21:37 2025
#One-step probabilities and stand. devi in ()
# Age p1-1 (SE) p1-2 (SE) p1-3 (SE) p2-1 (SE) p2-2 (SE) p2-3 (SE)
50  8.422e-001 ( 3.351e-002)  1.576e-001 ( 3.348e-002)  1.927e-004 ( 3.256e-004)  2.228e-001 ( 3.997e-002)  7.767e-001 ( 3.995e-002)  4.403e-004 ( 2.643e-004) 
51  8.321e-001 ( 3.303e-002)  1.676e-001 ( 3.300e-002)  2.475e-004 ( 4.035e-004)  2.084e-001 ( 3.609e-002)  7.911e-001 ( 3.606e-002)  5.391e-004 ( 3.135e-004) 
52  8.215e-001 ( 3.245e-002)  1.782e-001 ( 3.241e-002)  3.176e-004 ( 4.991e-004)  1.946e-001 ( 3.245e-002)  8.047e-001 ( 3.242e-002)  6.591e-004 ( 3.711e-004) 
53  8.104e-001 ( 3.176e-002)  1.892e-001 ( 3.173e-002)  4.073e-004 ( 6.162e-004)  1.815e-001 ( 2.906e-002)  8.177e-001 ( 2.904e-002)  8.049e-004 ( 4.384e-004) 
54  7.988e-001 ( 3.101e-002)  2.007e-001 ( 3.096e-002)  5.219e-004 ( 7.590e-004)  1.691e-001 ( 2.594e-002)  8.299e-001 ( 2.592e-002)  9.819e-004 ( 5.167e-004) 
55  7.866e-001 ( 3.021e-002)  2.128e-001 ( 3.016e-002)  6.681e-004 ( 9.329e-004)  1.574e-001 ( 2.309e-002)  8.414e-001 ( 2.307e-002)  1.197e-003 ( 6.076e-004) 
56  7.738e-001 ( 2.942e-002)  2.253e-001 ( 2.936e-002)  8.544e-004 ( 1.144e-003)  1.464e-001 ( 2.050e-002)  8.522e-001 ( 2.048e-002)  1.457e-003 ( 7.131e-004) 
57  7.605e-001 ( 2.870e-002)  2.384e-001 ( 2.864e-002)  1.092e-003 ( 1.399e-003)  1.360e-001 ( 1.819e-002)  8.623e-001 ( 1.817e-002)  1.772e-003 ( 8.349e-004) 
58  7.467e-001 ( 2.813e-002)  2.519e-001 ( 2.806e-002)  1.393e-003 ( 1.707e-003)  1.262e-001 ( 1.614e-002)  8.717e-001 ( 1.613e-002)  2.152e-003 ( 9.753e-004) 
59  7.323e-001 ( 2.780e-002)  2.659e-001 ( 2.772e-002)  1.776e-003 ( 2.077e-003)  1.170e-001 ( 1.434e-002)  8.804e-001 ( 1.435e-002)  2.613e-003 ( 1.137e-003) 
60  7.173e-001 ( 2.779e-002)  2.804e-001 ( 2.771e-002)  2.262e-003 ( 2.519e-003)  1.084e-001 ( 1.280e-002)  8.884e-001 ( 1.282e-002)  3.169e-003 ( 1.321e-003) 
61  7.018e-001 ( 2.821e-002)  2.953e-001 ( 2.812e-002)  2.877e-003 ( 3.047e-003)  1.003e-001 ( 1.149e-002)  8.958e-001 ( 1.155e-002)  3.841e-003 ( 1.532e-003) 
62  6.857e-001 ( 2.912e-002)  3.106e-001 ( 2.902e-002)  3.654e-003 ( 3.675e-003)  9.282e-002 ( 1.041e-002)  9.025e-001 ( 1.051e-002)  4.651e-003 ( 1.771e-003) 
63  6.691e-001 ( 3.054e-002)  3.263e-001 ( 3.043e-002)  4.635e-003 ( 4.417e-003)  8.578e-002 ( 9.529e-003)  9.086e-001 ( 9.689e-003)  5.628e-003 ( 2.042e-003) 
64  6.519e-001 ( 3.249e-002)  3.422e-001 ( 3.236e-002)  5.870e-003 ( 5.293e-003)  7.922e-002 ( 8.832e-003)  9.140e-001 ( 9.073e-003)  6.805e-003 ( 2.347e-003) 
65  6.342e-001 ( 3.491e-002)  3.583e-001 ( 3.476e-002)  7.424e-003 ( 6.321e-003)  7.310e-002 ( 8.288e-003)  9.187e-001 ( 8.637e-003)  8.221e-003 ( 2.689e-003) 
66  6.160e-001 ( 3.775e-002)  3.746e-001 ( 3.757e-002)  9.373e-003 ( 7.527e-003)  6.740e-002 ( 7.870e-003)  9.227e-001 ( 8.358e-003)  9.924e-003 ( 3.069e-003) 
67  5.972e-001 ( 4.094e-002)  3.910e-001 ( 4.072e-002)  1.181e-002 ( 8.935e-003)  6.210e-002 ( 7.548e-003)  9.259e-001 ( 8.211e-003)  1.197e-002 ( 3.491e-003) 
68  5.779e-001 ( 4.440e-002)  4.073e-001 ( 4.412e-002)  1.486e-002 ( 1.058e-002)  5.716e-002 ( 7.295e-003)  9.284e-001 ( 8.175e-003)  1.443e-002 ( 3.954e-003) 
69  5.580e-001 ( 4.803e-002)  4.233e-001 ( 4.771e-002)  1.865e-002 ( 1.250e-002)  5.257e-002 ( 7.089e-003)  9.301e-001 ( 8.232e-003)  1.737e-002 ( 4.459e-003) 
70  5.376e-001 ( 5.175e-002)  4.390e-001 ( 5.139e-002)  2.336e-002 ( 1.476e-002)  4.830e-002 ( 6.911e-003)  9.308e-001 ( 8.370e-003)  2.090e-002 ( 5.005e-003) 
71  5.167e-001 ( 5.549e-002)  4.542e-001 ( 5.510e-002)  2.918e-002 ( 1.742e-002)  4.433e-002 ( 6.746e-003)  9.306e-001 ( 8.576e-003)  2.511e-002 ( 5.589e-003) 
72  4.951e-001 ( 5.915e-002)  4.685e-001 ( 5.878e-002)  3.636e-002 ( 2.058e-002)  4.064e-002 ( 6.583e-003)  9.292e-001 ( 8.844e-003)  3.014e-002 ( 6.207e-003) 
73  4.730e-001 ( 6.267e-002)  4.818e-001 ( 6.239e-002)  4.515e-002 ( 2.437e-002)  3.721e-002 ( 6.416e-003)  9.267e-001 ( 9.165e-003)  3.612e-002 ( 6.854e-003) 
74  4.504e-001 ( 6.596e-002)  4.938e-001 ( 6.590e-002)  5.588e-002 ( 2.899e-002)  3.402e-002 ( 6.238e-003)  9.228e-001 ( 9.535e-003)  4.323e-002 ( 7.524e-003) 
75  4.271e-001 ( 6.895e-002)  5.040e-001 ( 6.933e-002)  6.889e-002 ( 3.466e-002)  3.104e-002 ( 6.048e-003)  9.173e-001 ( 9.947e-003)  5.166e-002 ( 8.214e-003) 
76  4.032e-001 ( 7.160e-002)  5.122e-001 ( 7.278e-002)  8.455e-002 ( 4.165e-002)  2.828e-002 ( 5.842e-003)  9.101e-001 ( 1.040e-002)  6.160e-002 ( 8.922e-003) 
77  3.788e-001 ( 7.386e-002)  5.180e-001 ( 7.640e-002)  1.032e-001 ( 5.027e-002)  2.570e-002 ( 5.621e-003)  9.010e-001 ( 1.090e-002)  7.330e-002 ( 9.658e-003) 
78  3.538e-001 ( 7.570e-002)  5.208e-001 ( 8.047e-002)  1.254e-001 ( 6.083e-002)  2.330e-002 ( 5.384e-003)  8.897e-001 ( 1.147e-002)  8.700e-002 ( 1.045e-002) 
79  3.284e-001 ( 7.713e-002)  5.203e-001 ( 8.537e-002)  1.513e-001 ( 7.357e-002)  2.106e-002 ( 5.133e-003)  8.760e-001 ( 1.216e-002)  1.030e-001 ( 1.133e-002) 
80  3.026e-001 ( 7.816e-002)  5.162e-001 ( 9.155e-002)  1.812e-001 ( 8.861e-002)  1.897e-002 ( 4.868e-003)  8.596e-001 ( 1.304e-002)  1.214e-001 ( 1.240e-002) 
81  2.767e-001 ( 7.880e-002)  5.080e-001 ( 9.940e-002)  2.154e-001 ( 1.059e-001)  1.703e-002 ( 4.591e-003)  8.403e-001 ( 1.421e-002)  1.427e-001 ( 1.376e-002) 
82  2.507e-001 ( 7.907e-002)  4.956e-001 ( 1.092e-001)  2.537e-001 ( 1.251e-001)  1.521e-002 ( 4.303e-003)  8.179e-001 ( 1.582e-002)  1.669e-001 ( 1.553e-002) 
83  2.251e-001 ( 7.893e-002)  4.789e-001 ( 1.208e-001)  2.961e-001 ( 1.456e-001)  1.353e-002 ( 4.008e-003)  7.922e-001 ( 1.797e-002)  1.943e-001 ( 1.784e-002) 
84  2.000e-001 ( 7.831e-002)  4.580e-001 ( 1.338e-001)  3.420e-001 ( 1.664e-001)  1.196e-002 ( 3.708e-003)  7.631e-001 ( 2.076e-002)  2.250e-001 ( 2.076e-002) 
85  1.758e-001 ( 7.713e-002)  4.334e-001 ( 1.475e-001)  3.908e-001 ( 1.865e-001)  1.052e-002 ( 3.405e-003)  7.306e-001 ( 2.420e-002)  2.589e-001 ( 2.431e-002) 
86  1.528e-001 ( 7.524e-002)  4.055e-001 ( 1.607e-001)  4.416e-001 ( 2.046e-001)  9.182e-003 ( 3.104e-003)  6.949e-001 ( 2.823e-002)  2.960e-001 ( 2.843e-002) 
87  1.314e-001 ( 7.256e-002)  3.752e-001 ( 1.725e-001)  4.934e-001 ( 2.195e-001)  7.960e-003 ( 2.807e-003)  6.561e-001 ( 3.272e-002)  3.359e-001 ( 3.299e-002) 
88  1.116e-001 ( 6.905e-002)  3.432e-001 ( 1.818e-001)  5.451e-001 ( 2.301e-001)  6.847e-003 ( 2.518e-003)  6.148e-001 ( 3.745e-002)  3.783e-001 ( 3.778e-002) 
89  9.383e-002 ( 6.473e-002)  3.106e-001 ( 1.879e-001)  5.956e-001 ( 2.359e-001)  5.843e-003 ( 2.241e-003)  5.715e-001 ( 4.220e-002)  4.227e-001 ( 4.257e-002) 
90  7.803e-002 ( 5.973e-002)  2.780e-001 ( 1.903e-001)  6.439e-001 ( 2.367e-001)  4.945e-003 ( 1.978e-003)  5.268e-001 ( 4.668e-002)  4.683e-001 ( 4.707e-002) 