
#****** ******
# GRFchr.txt
#IMaCh version 0.99r45, April 2023,INED-EUROREVES-Institut de longevite-Japan Society for the Promotion of Science (Grant-in-Aid for Scientific Research 25293121), Intel Software 2015-2020, Nihon University 2021-202, INED 2000-2022
#$Revision: 1.353 $ $Date: 2023/05/08 18:48:22 $
# Tue Feb 04 22:21:37 2025
# Health expectancies with standard errors
# Age e11 (SE) e12 (SE) e1.  e21 (SE) e22 (SE) e2. 
 50   10.9474 (0.7748)   22.8324 (1.0044)   33.7798 (0.6973)    6.6756 (0.7376)   27.0744 (0.9792)   33.7501 (0.6958)
 51   10.3520 (0.7290)   22.4332 (0.9702)   32.7852 (0.6961)    6.0683 (0.6702)   26.6845 (0.9307)   32.7528 (0.6937)
 52    9.7818 (0.6866)   22.0099 (0.9394)   31.7916 (0.6947)    5.5014 (0.6085)   26.2553 (0.8881)   31.7567 (0.6912)
 53    9.2367 (0.6481)   21.5626 (0.9119)   30.7993 (0.6931)    4.9745 (0.5526)   25.7877 (0.8511)   30.7621 (0.6884)
 54    8.7166 (0.6136)   21.0917 (0.8877)   29.8084 (0.6914)    4.4866 (0.5027)   25.2828 (0.8192)   29.7694 (0.6852)
 55    8.2213 (0.5831)   20.5978 (0.8667)   28.8191 (0.6896)    4.0366 (0.4582)   24.7422 (0.7918)   28.7788 (0.6815)
 56    7.7503 (0.5568)   20.0813 (0.8486)   27.8316 (0.6877)    3.6230 (0.4188)   24.1678 (0.7680)   27.7907 (0.6772)
 57    7.3032 (0.5343)   19.5431 (0.8332)   26.8463 (0.6856)    3.2441 (0.3840)   23.5616 (0.7473)   26.8057 (0.6724)
 58    6.8795 (0.5155)   18.9840 (0.8201)   25.8635 (0.6834)    2.8980 (0.3530)   22.9260 (0.7287)   25.8240 (0.6669)
 59    6.4783 (0.5000)   18.4051 (0.8090)   24.8834 (0.6812)    2.5830 (0.3254)   22.2634 (0.7117)   24.8464 (0.6607)
 60    6.0991 (0.4874)   17.8074 (0.7995)   23.9065 (0.6790)    2.2970 (0.3004)   21.5764 (0.6958)   23.8734 (0.6537)
 61    5.7410 (0.4770)   17.1922 (0.7915)   22.9332 (0.6769)    2.0381 (0.2776)   20.8676 (0.6805)   22.9057 (0.6458)
 62    5.4033 (0.4685)   16.5608 (0.7845)   21.9641 (0.6750)    1.8042 (0.2566)   20.1398 (0.6655)   21.9440 (0.6370)
 63    5.0850 (0.4612)   15.9146 (0.7783)   20.9996 (0.6733)    1.5935 (0.2370)   19.3956 (0.6504)   20.9891 (0.6273)
 64    4.7853 (0.4549)   15.2551 (0.7728)   20.0405 (0.6720)    1.4040 (0.2186)   18.6379 (0.6351)   20.0420 (0.6166)
 65    4.5034 (0.4489)   14.5840 (0.7679)   19.0874 (0.6712)    1.2342 (0.2012)   17.8694 (0.6195)   19.1036 (0.6048)
 66    4.2383 (0.4429)   13.9030 (0.7634)   18.1412 (0.6712)    1.0822 (0.1847)   17.0930 (0.6034)   18.1751 (0.5921)
 67    3.9891 (0.4367)   13.2138 (0.7595)   17.2029 (0.6721)    0.9464 (0.1690)   16.3113 (0.5868)   17.2577 (0.5784)
 68    3.7550 (0.4299)   12.5184 (0.7561)   16.2734 (0.6743)    0.8255 (0.1542)   15.5272 (0.5698)   16.3527 (0.5637)
 69    3.5351 (0.4224)   11.8190 (0.7535)   15.3541 (0.6781)    0.7180 (0.1401)   14.7435 (0.5523)   15.4615 (0.5483)
 70    3.3285 (0.4139)   11.1177 (0.7519)   14.4462 (0.6838)    0.6226 (0.1268)   13.9629 (0.5346)   14.5855 (0.5322)
 71    3.1345 (0.4045)   10.4168 (0.7517)   13.5513 (0.6921)    0.5383 (0.1143)   13.1882 (0.5166)   13.7265 (0.5157)
 72    2.9524 (0.3941)    9.7189 (0.7532)   12.6712 (0.7033)    0.4638 (0.1026)   12.4222 (0.4988)   12.8860 (0.4990)
 73    2.7813 (0.3826)    9.0266 (0.7568)   11.8079 (0.7182)    0.3983 (0.0917)   11.6677 (0.4812)   12.0660 (0.4823)
 74    2.6206 (0.3701)    8.3428 (0.7632)   10.9635 (0.7371)    0.3408 (0.0816)   10.9273 (0.4642)   11.2681 (0.4660)
 75    2.4698 (0.3568)    7.6706 (0.7727)   10.1404 (0.7605)    0.2905 (0.0723)   10.2039 (0.4481)   10.4944 (0.4505)
 76    2.3282 (0.3427)    7.0131 (0.7855)    9.3413 (0.7885)    0.2466 (0.0637)    9.4999 (0.4330)    9.7465 (0.4359)
 77    2.1953 (0.3280)    6.3737 (0.8016)    8.5691 (0.8208)    0.2085 (0.0559)    8.8179 (0.4193)    9.0265 (0.4225)
 78    2.0709 (0.3130)    5.7558 (0.8205)    7.8267 (0.8563)    0.1756 (0.0488)    8.1605 (0.4071)    8.3360 (0.4104)
 79    1.9546 (0.2979)    5.1628 (0.8411)    7.1173 (0.8938)    0.1472 (0.0424)    7.5297 (0.3962)    7.6769 (0.3998)
 80    1.8461 (0.2829)    4.5981 (0.8621)    6.4442 (0.9310)    0.1228 (0.0367)    6.9277 (0.3868)    7.0505 (0.3904)
 81    1.7452 (0.2680)    4.0650 (0.8814)    5.8103 (0.9654)    0.1020 (0.0315)    6.3564 (0.3783)    6.4584 (0.3820)
 82    1.6520 (0.2535)    3.5665 (0.8968)    5.2184 (0.9941)    0.0843 (0.0270)    5.8172 (0.3706)    5.9015 (0.3743)
 83    1.5662 (0.2393)    3.1049 (0.9058)    4.6711 (1.0143)    0.0694 (0.0230)    5.3114 (0.3632)    5.3808 (0.3667)
 84    1.4879 (0.2251)    2.6821 (0.9065)    4.1700 (1.0234)    0.0569 (0.0195)    4.8400 (0.3555)    4.8968 (0.3589)
 85    1.4170 (0.2110)    2.2992 (0.8972)    3.7162 (1.0197)    0.0463 (0.0165)    4.4033 (0.3471)    4.4496 (0.3504)
 86    1.3534 (0.1966)    1.9566 (0.8772)    3.3099 (1.0020)    0.0376 (0.0139)    4.0016 (0.3377)    4.0392 (0.3408)
 87    1.2969 (0.1818)    1.6535 (0.8464)    2.9504 (0.9705)    0.0304 (0.0116)    3.6345 (0.3270)    3.6648 (0.3299)
 88    1.2473 (0.1666)    1.3886 (0.8059)    2.6359 (0.9264)    0.0244 (0.0097)    3.3013 (0.3147)    3.3257 (0.3174)
 89    1.2043 (0.1512)    1.1597 (0.7572)    2.3639 (0.8717)    0.0196 (0.0081)    3.0010 (0.3010)    3.0205 (0.3034)
 90    1.1674 (0.1356)    0.9638 (0.7024)    2.1312 (0.8090)    0.0156 (0.0067)    2.7322 (0.2858)    2.7477 (0.2880)
