
#****** ******
# GRFchr.txt
#IMaCh version 0.99r45, April 2023,INED-EUROREVES-Institut de longevite-Japan Society for the Promotion of Science (Grant-in-Aid for Scientific Research 25293121), Intel Software 2015-2020, Nihon University 2021-202, INED 2000-2022
#$Revision: 1.353 $ $Date: 2023/05/08 18:48:22 $
# Tue Feb 04 22:21:37 2025
# Variance and covariance of health expectancies e.j 
#  (weighted average of eij where weights are the age specific period (stable) prevalences in each health state 
# Age Cov(e.1, e.1) Cov(e.1, e.2) Cov(e.2, e.1) Cov(e.2, e.2)
50  1.0036 -0.9592 -0.9592 1.3994
51  0.8912 -0.8495 -0.8495 1.2897
52  0.7863 -0.7471 -0.7471 1.1870
53  0.6893 -0.6528 -0.6528 1.0917
54  0.6010 -0.5662 -0.5662 1.0026
55  0.5212 -0.4889 -0.4889 0.9229
56  0.4502 -0.4203 -0.4203 0.8511
57  0.3876 -0.3600 -0.3600 0.7868
58  0.3331 -0.3076 -0.3076 0.7288
59  0.2862 -0.2628 -0.2628 0.6778
60  0.2460 -0.2247 -0.2247 0.6324
61  0.2118 -0.1925 -0.1925 0.5918
62  0.1828 -0.1653 -0.1653 0.5548
63  0.1581 -0.1423 -0.1423 0.5212
64  0.1370 -0.1229 -0.1229 0.4898
65  0.1187 -0.1062 -0.1062 0.4602
66  0.1028 -0.0917 -0.0917 0.4318
67  0.0887 -0.0790 -0.0790 0.4044
68  0.0761 -0.0677 -0.0677 0.3778
69  0.0649 -0.0576 -0.0576 0.3519
70  0.0549 -0.0486 -0.0486 0.3267
71  0.0460 -0.0405 -0.0405 0.3025
72  0.0407 -0.0137 -0.0137 0.2635
73  0.0312 -0.0271 -0.0271 0.2576
74  0.0252 -0.0217 -0.0217 0.2374
75  0.0202 -0.0171 -0.0171 0.2188
76  0.0160 -0.0132 -0.0132 0.2022
77  0.0125 -0.0100 -0.0100 0.1875
78  0.0097 -0.0074 -0.0074 0.1747
79  0.0074 -0.0054 -0.0054 0.1637
80  0.0057 -0.0038 -0.0038 0.1543
81  0.0043 -0.0026 -0.0026 0.1462
82  0.0033 -0.0016 -0.0016 0.1391
83  0.0024 -0.0010 -0.0010 0.1326
84  0.0018 -0.0005 -0.0005 0.1263
85  0.0014 -0.0002 -0.0002 0.1199
86  0.0010 -0.0000 -0.0000 0.1132
87  0.0008 0.0001 0.0001 0.1059
88  0.0006 0.0001 0.0001 0.0980
89  0.0004 0.0002 0.0002 0.0896
90  0.0003 0.0002 0.0002 0.0808
