
#****** ******
# GRFchr.txt
#IMaCh version 0.99r45, April 2023,INED-EUROREVES-Institut de longevite-Japan Society for the Promotion of Science (Grant-in-Aid for Scientific Research 25293121), Intel Software 2015-2020, Nihon University 2021-202, INED 2000-2022
#$Revision: 1.353 $ $Date: 2023/05/08 18:48:22 $
# Tue Feb 04 22:21:37 2025
# Standard deviation of period (forward stable) prevalences 
# Age  Result#  1-1 2-2
50 1  0.71316 (0.06923) 0.28690 (0.06925)
51 1  0.68955 (0.06941) 0.31054 (0.06944)
52 1  0.66471 (0.06914) 0.33542 (0.06918)
53 1  0.63869 (0.06840) 0.36149 (0.06845)
54 1  0.61158 (0.06719) 0.38850 (0.06722)
55 1  0.58351 (0.06550) 0.41661 (0.06553)
56 1  0.55460 (0.06335) 0.44557 (0.06338)
57 1  0.52501 (0.06078) 0.47522 (0.06082)
58 1  0.49492 (0.05784) 0.50519 (0.05786)
59 1  0.46453 (0.05460) 0.53561 (0.05462)
60 1  0.43406 (0.05114) 0.56612 (0.05117)
61 1  0.40373 (0.04757) 0.59651 (0.04760)
62 1  0.37375 (0.04400) 0.62637 (0.04402)
63 1  0.34436 (0.04052) 0.65579 (0.04054)
64 1  0.31577 (0.03725) 0.68441 (0.03727)
65 1  0.28818 (0.03428) 0.71191 (0.03429)
66 1  0.26177 (0.03166) 0.73833 (0.03167)
67 1  0.23670 (0.02941) 0.76342 (0.02942)
68 1  0.21309 (0.02753) 0.78697 (0.02753)
69 1  0.19104 (0.02596) 0.80903 (0.02596)
70 1  0.17060 (0.02462) 0.82947 (0.02462)
71 1  0.15181 (0.02344) 0.84827 (0.02343)
72 1  0.13466 (0.02281) 0.86542 (0.02194)
73 1  0.11910 (0.02124) 0.88094 (0.02123)
74 1  0.10510 (0.02014) 0.89494 (0.02012)
75 1  0.09256 (0.01899) 0.90747 (0.01898)
76 1  0.08140 (0.01781) 0.91863 (0.01780)
77 1  0.07151 (0.01661) 0.92852 (0.01659)
78 1  0.06278 (0.01540) 0.93724 (0.01538)
79 1  0.05511 (0.01420) 0.94492 (0.01419)
80 1  0.04837 (0.01305) 0.95164 (0.01303)
81 1  0.04248 (0.01195) 0.95754 (0.01193)
82 1  0.03734 (0.01092) 0.96268 (0.01091)
83 1  0.03284 (0.00998) 0.96717 (0.00997)
84 1  0.02893 (0.00912) 0.97108 (0.00911)
85 1  0.02552 (0.00834) 0.97449 (0.00833)
86 1  0.02256 (0.00764) 0.97746 (0.00763)
87 1  0.01997 (0.00701) 0.98003 (0.00700)
88 1  0.01773 (0.00644) 0.98228 (0.00643)
89 1  0.01577 (0.00593) 0.98423 (0.00592)
90 1  0.01407 (0.00546) 0.98593 (0.00546)
