# FRMgali.txt
#IMaCh version 0.99r45, April 2023,INED-EUROREVES-Institut de longevite-Japan Society for the Promotion of Science (Grant-in-Aid for Scientific Research 25293121), Intel Software 2015-2020, Nihon University 2021-202, INED 2000-2022
#$Revision: 1.353 $ $Date: 2023/05/08 18:48:22 $
# Tue Feb 04 20:24:32 2025

#****** ******
# (a) Life expectancies by health status at initial age and (b) health expectancies by health status at initial age
# Age e11  e12  e1.  e21  e22  e2. 
 50  27.3327   3.8800  31.2127  24.6491   5.9028  30.5519
 51  26.4250   3.8617  30.2867  23.6282   5.9212  29.5494
 52  25.5239   3.8414  29.3653  22.6099   5.9350  28.5448
 53  24.6300   3.8188  28.4488  21.5950   5.9435  27.5384
 54  23.7437   3.7938  27.5376  20.5847   5.9460  26.5307
 55  22.8659   3.7663  26.6322  19.5803   5.9418  25.5222
 56  21.9971   3.7359  25.7331  18.5834   5.9302  24.5136
 57  21.1383   3.7026  24.8409  17.5956   5.9103  23.5059
 58  20.2900   3.6662  23.9562  16.6188   5.8815  22.5003
 59  19.4533   3.6264  23.0797  15.6551   5.8431  21.4982
 60  18.6289   3.5832  22.2122  14.7066   5.7945  20.5012
 61  17.8179   3.5365  21.3544  13.7758   5.7353  19.5111
 62  17.0212   3.4860  20.5072  12.8650   5.6649  18.5299
 63  16.2397   3.4318  19.6715  11.9767   5.5832  17.5599
 64  15.4745   3.3738  18.8483  11.1134   5.4900  16.6034
 65  14.7265   3.3120  18.0385  10.2776   5.3853  15.6630
 66  13.9968   3.2465  17.2432   9.4716   5.2694  14.7411
 67  13.2862   3.1773  16.4635   8.6977   5.1426  13.8403
 68  12.5957   3.1045  15.7002   7.9577   5.0055  12.9632
 69  11.9261   3.0285  14.9545   7.2534   4.8588  12.1122
 70  11.2781   2.9493  14.2274   6.5863   4.7034  11.2897
 71  10.6526   2.8672  13.5198   5.9575   4.5402  10.4977
 72  10.0500   2.7826  12.8326   5.3677   4.3704   9.7382
 73   9.4708   2.6959  12.1667   4.8174   4.1953   9.0126
 74   8.9154   2.6074  11.5228   4.3064   4.0160   8.3224
 75   8.3841   2.5174  10.9015   3.8346   3.8339   7.6684
 76   7.8768   2.4266  10.3034   3.4010   3.6503   7.0514
 77   7.3937   2.3352   9.7288   3.0048   3.4665   6.4714
 78   6.9344   2.2438   9.1782   2.6447   3.2838   5.9285
 79   6.4989   2.1527   8.6516   2.3189   3.1033   5.4222
 80   6.0866   2.0625   8.1491   2.0258   2.9261   4.9518
 81   5.6972   1.9734   7.6706   1.7634   2.7531   4.5165
 82   5.3299   1.8860   7.2159   1.5296   2.5853   4.1149
 83   4.9841   1.8005   6.7847   1.3224   2.4233   3.7457
 84   4.6592   1.7174   6.3765   1.1396   2.2677   3.4073
 85   4.3542   1.6367   5.9909   0.9790   2.1190   3.0981
 86   4.0684   1.5589   5.6273   0.8386   1.9776   2.8163
 87   3.8009   1.4841   5.2849   0.7164   1.8437   2.5601
 88   3.5507   1.4124   4.9631   0.6104   1.7174   2.3277
 89   3.3171   1.3440   4.6610   0.5188   1.5987   2.1174
 90   3.0990   1.2789   4.3779   0.4400   1.4875   1.9275
