# Powell
# iter -2*LL p12 p13 p21 p23
1 1 1359.835794572029 0 -8.216671100000 0.075369400000 -11.776585400000 0.104536700000 1.318342600000 -0.036371800000 -9.512211100000 0.103827100000
2 2 1267.351079182051 0 -8.663126892199 0.075285191700 -13.071104147045 0.103758534057 0.688964211951 -0.036010117077 -10.293784632690 0.103711410219
3 2 1263.431571353375 0 -8.783547527371 0.075317868876 -12.699290973480 0.103328120871 0.540559655506 -0.035939694797 -10.349900835426 0.103630729192
4 3 1263.094114443601 1 -8.854160218077 0.075350490852 -12.628681902527 0.102839671466 0.509195733450 -0.035882871050 -10.353307613282 0.103534892134
5 3 1263.058504939887 1 -8.877423025280 0.075529263663 -12.564077559212 0.102034690469 0.498889082804 -0.035794981846 -10.341578785145 0.103502860669
6 4 1263.004694969500 1 -8.927388270772 0.076140964855 -12.436433936162 0.100976194414 0.485861294387 -0.035607401671 -10.320393605986 0.103208033773
7 4 1262.912963766204 2 -9.016463643604 0.077470637959 -12.222690959204 0.098662423500 0.456668054376 -0.035120573966 -10.247082351572 0.102237822249
8 5 1262.711913649700 2 -9.215911175739 0.080557624100 -11.853511418856 0.093413542110 0.385694748968 -0.033975406345 -10.058687982602 0.099902734870
9 5 1262.650286804088 2 -9.241423425693 0.080924700292 -11.828555721700 0.092687193340 0.373807738425 -0.033799196074 -10.032227153888 0.099627543464
10 6 1262.572431963204 2 -9.338474163932 0.082178183979 -11.700887448951 0.089961250658 0.328801864723 -0.033195185531 -9.951422517124 0.098784347085
11 6 1262.571051791214 3 -9.342557631122 0.082248720999 -11.689540896444 0.089802170875 0.326616637445 -0.033160695015 -9.949101106741 0.098750474265
12 7 1262.379077132293 3 -9.389298411330 0.083129161860 -10.816960386463 0.077687314824 0.193616319053 -0.031047541087 -10.374966142288 0.104198394395
13 7 1262.359368641080 3 -9.342688053358 0.082362193285 -10.837584701576 0.077813714440 0.191528664277 -0.031156749312 -10.471088066596 0.105412136515
14 8 1262.356774130481 3 -9.318898446928 0.082014222906 -10.854776137643 0.078182528105 0.203240372256 -0.031388875707 -10.494956194857 0.105686425033
15 8 1262.351033052570 3 -9.300245412494 0.081750502332 -10.832598525028 0.078008049414 0.226619502211 -0.031766099633 -10.516905335407 0.105941247932
16 9 1262.330948732561 3 -9.265955415616 0.081273378568 -10.716831661714 0.076600192272 0.302011223437 -0.032882645348 -10.537990117374 0.106179337280
17 9 1262.295321755384 4 -9.273841319190 0.081403306208 -10.538458876582 0.073892032785 0.412622283689 -0.034442203805 -10.452106522268 0.105137876645
18 10 1262.289141078743 4 -9.283093845261 0.081528413300 -10.614526658460 0.074774321079 0.428480689367 -0.034655532776 -10.382914221875 0.104284345083
19 10 1262.287573175605 4 -9.276135087475 0.081410789422 -10.602793312845 0.074486352880 0.431951103611 -0.034727053219 -10.401274670895 0.104524357640
20 11 1262.287310630489 4 -9.279301402013 0.081464760439 -10.583974177951 0.074208874514 0.427855513039 -0.034662374608 -10.407045762567 0.104601634969
21 11 1262.286653742756 4 -9.295241859417 0.081686077074 -10.539775453378 0.073553145685 0.419219203660 -0.034537448911 -10.399172229836 0.104514867142
22 12 1262.286045567797 4 -9.294915170884 0.081679358125 -10.540254714072 0.073574814594 0.419659801540 -0.034544446493 -10.395296865858 0.104464697630
23 12 1262.249353732282 4 -9.201352844004 0.080465310049 -10.516567471694 0.073537975656 0.365697193821 -0.033712884754 -10.217551475476 0.102233996470
24 13 1262.240922217869 4 -9.172294857342 0.080036139129 -10.509711438498 0.073216345031 0.364352266412 -0.033709440121 -10.207762910443 0.102131243313
25 13 1262.240494332131 4 -9.164861003362 0.079924784865 -10.512864495831 0.073196017225 0.363572022294 -0.033702866213 -10.202204793698 0.102066582975
26 14 1262.240494196856 5 -9.164897810521 0.079925564567 -10.513247916134 0.073201006776 0.363536304840 -0.033702266241 -10.201965819676 0.102063617526
27 14 1262.240494187742 5 -9.164927810187 0.079925980487 -10.513363592674 0.073202533120 0.363547306831 -0.033702428092 -10.201916089055 0.102062993197
28 15 1262.240494187282 5 -9.164934817300 0.079926075018 -10.513399593807 0.073203023418 0.363548369102 -0.033702445152 -10.201898613508 0.102062772079
29 15 1262.240494187281 5 -9.164934817300 0.079926075018 -10.513399593809 0.073203023418 0.363548369102 -0.033702445152 -10.201898613508 0.102062772079
