# FRMgali.txt
#IMaCh version 0.99r45, April 2023,INED-EUROREVES-Institut de longevite-Japan Society for the Promotion of Science (Grant-in-Aid for Scientific Research 25293121), Intel Software 2015-2020, Nihon University 2021-202, INED 2000-2022
#$Revision: 1.353 $ $Date: 2023/05/08 18:48:22 $
# Tue Feb 04 20:24:32 2025
# probabilities of dying before estepm=6 months for people of exact age and weighted probabilities w1*p1j+w2*p2j+... stand dev in()
# Selected quantitative variables and dummies
# Age cov=1 p.3 SE w1 p13 w2 p23
 50 1   1.128e-003  7.476e-004  9.790e-001  1.049e-003   2.103e-002  4.796e-003 
 51 1   1.226e-003  7.652e-004  9.768e-001  1.128e-003   2.319e-002  5.346e-003 
 52 1   1.334e-003  7.819e-004  9.744e-001  1.213e-003   2.557e-002  5.957e-003 
 53 1   1.454e-003  7.973e-004  9.718e-001  1.304e-003   2.817e-002  6.636e-003 
 54 1   1.588e-003  8.116e-004  9.690e-001  1.402e-003   3.103e-002  7.391e-003 
 55 1   1.737e-003  8.248e-004  9.659e-001  1.508e-003   3.415e-002  8.230e-003 
 56 1   1.904e-003  8.371e-004  9.624e-001  1.621e-003   3.758e-002  9.162e-003 
 57 1   2.092e-003  8.489e-004  9.587e-001  1.742e-003   4.132e-002  1.020e-002 
 58 1   2.303e-003  8.607e-004  9.546e-001  1.873e-003   4.540e-002  1.134e-002 
 59 1   2.542e-003  8.734e-004  9.502e-001  2.013e-003   4.984e-002  1.262e-002 
 60 1   2.813e-003  8.882e-004  9.454e-001  2.164e-003   5.468e-002  1.403e-002 
 61 1   3.120e-003  9.065e-004  9.401e-001  2.325e-003   5.992e-002  1.560e-002 
 62 1   3.472e-003  9.303e-004  9.344e-001  2.499e-003   6.560e-002  1.733e-002 
 63 1   3.873e-003  9.616e-004  9.283e-001  2.685e-003   7.173e-002  1.925e-002 
 64 1   4.333e-003  1.003e-003  9.217e-001  2.884e-003   7.835e-002  2.138e-002 
 65 1   4.862e-003  1.056e-003  9.146e-001  3.098e-003   8.547e-002  2.373e-002 
 66 1   5.469e-003  1.124e-003  9.070e-001  3.327e-003   9.308e-002  2.633e-002 
 67 1   6.168e-003  1.207e-003  8.988e-001  3.573e-003   1.012e-001  2.920e-002 
 68 1   6.973e-003  1.307e-003  8.902e-001  3.837e-003   1.099e-001  3.238e-002 
 69 1   7.901e-003  1.425e-003  8.810e-001  4.119e-003   1.191e-001  3.588e-002 
 70 1   8.970e-003  1.560e-003  8.713e-001  4.421e-003   1.288e-001  3.974e-002 
 71 1   1.020e-002  1.713e-003  8.611e-001  4.744e-003   1.390e-001  4.399e-002 
 72 1   1.161e-002  1.885e-003  8.504e-001  5.090e-003   1.497e-001  4.866e-002 
 73 1   1.324e-002  2.075e-003  8.392e-001  5.461e-003   1.609e-001  5.380e-002 
 74 1   1.510e-002  2.288e-003  8.276e-001  5.856e-003   1.725e-001  5.944e-002 
 75 1   1.722e-002  2.526e-003  8.157e-001  6.279e-003   1.844e-001  6.563e-002 
 76 1   1.965e-002  2.796e-003  8.034e-001  6.730e-003   1.967e-001  7.240e-002 
 77 1   2.240e-002  3.136e-003  7.909e-001  7.211e-003   2.092e-001  7.980e-002 
 78 1   2.552e-002  3.470e-003  7.782e-001  7.725e-003   2.220e-001  8.788e-002 
 79 1   2.903e-002  3.901e-003  7.653e-001  8.272e-003   2.348e-001  9.669e-002 
 80 1   3.298e-002  4.415e-003  7.524e-001  8.855e-003   2.477e-001  1.063e-001 
 81 1   3.740e-002  5.030e-003  7.396e-001  9.475e-003   2.606e-001  1.167e-001 
 82 1   4.232e-002  5.763e-003  7.268e-001  1.013e-002   2.733e-001  1.279e-001 
 83 1   4.778e-002  6.630e-003  7.143e-001  1.083e-002   2.859e-001  1.401e-001 
 84 1   5.380e-002  7.642e-003  7.020e-001  1.158e-002   2.982e-001  1.532e-001 
 85 1   6.040e-002  8.812e-003  6.900e-001  1.237e-002   3.102e-001  1.672e-001 
 86 1   6.762e-002  1.015e-002  6.784e-001  1.320e-002   3.218e-001  1.823e-001 
 87 1   7.546e-002  1.176e-002  6.672e-001  1.408e-002   3.330e-001  1.984e-001 
 88 1   8.394e-002  1.334e-002  6.564e-001  1.501e-002   3.437e-001  2.155e-001 
 89 1   9.307e-002  1.521e-002  6.461e-001  1.600e-002   3.540e-001  2.337e-001 
 90 1   1.029e-001  1.959e-002  6.363e-001  1.703e-002   3.639e-001  2.529e-001 
