# FRMgali.txt
#IMaCh version 0.99r45, April 2023,INED-EUROREVES-Institut de longevite-Japan Society for the Promotion of Science (Grant-in-Aid for Scientific Research 25293121), Intel Software 2015-2020, Nihon University 2021-202, INED 2000-2022
#$Revision: 1.353 $ $Date: 2023/05/08 18:48:22 $
# Tue Feb 04 20:24:32 2025
#One-step probabilities and covariance matrix
# Age p1-1  p1-2  p1-3  p2-1  p2-2  p2-3 
50  9.933e-001  5.654e-003  1.049e-003  2.095e-001  7.857e-001  4.796e-003 
50 1-1  3.051e-006
50 1-2 -2.682e-006  2.916e-006
50 1-3 -3.688e-007 -2.343e-007  6.031e-007
50 2-1 -1.605e-005  1.672e-005 -6.678e-007  2.140e-003
50 2-2  1.601e-005 -1.711e-005  1.100e-006 -2.136e-003  2.140e-003
50 2-3  3.823e-008  3.941e-007 -4.323e-007 -4.322e-006 -4.311e-006  8.633e-006
51  9.928e-001  6.121e-003  1.128e-003  2.039e-001  7.907e-001  5.346e-003 
51 1-1  3.306e-006
51 1-2 -2.914e-006  3.158e-006
51 1-3 -3.925e-007 -2.445e-007  6.369e-007
51 2-1 -1.566e-005  1.629e-005 -6.241e-007  1.877e-003
51 2-2  1.563e-005 -1.673e-005  1.102e-006 -1.873e-003  1.879e-003
51 2-3  3.605e-008  4.418e-007 -4.779e-007 -4.128e-006 -5.931e-006  1.006e-005
52  9.922e-001  6.627e-003  1.213e-003  1.984e-001  7.957e-001  5.957e-003 
52 1-1  3.574e-006
52 1-2 -3.158e-006  3.411e-006
52 1-3 -4.166e-007 -2.537e-007  6.703e-007
52 2-1 -1.524e-005  1.582e-005 -5.779e-007  1.641e-003
52 2-2  1.521e-005 -1.631e-005  1.104e-006 -1.637e-003  1.645e-003
52 2-3  3.302e-008  4.936e-007 -5.266e-007 -3.964e-006 -7.729e-006  1.169e-005
53  9.915e-001  7.173e-003  1.304e-003  1.930e-001  8.004e-001  6.636e-003 
53 1-1  3.854e-006
53 1-2 -3.413e-006  3.674e-006
53 1-3 -4.413e-007 -2.617e-007  7.029e-007
53 2-1 -1.479e-005  1.532e-005 -5.292e-007  1.430e-003
53 2-2  1.476e-005 -1.587e-005  1.108e-006 -1.426e-003  1.436e-003
53 2-3  2.911e-008  5.493e-007 -5.784e-007 -3.838e-006 -9.719e-006  1.356e-005
54  9.908e-001  7.765e-003  1.402e-003  1.876e-001  8.050e-001  7.391e-003 
54 1-1  4.145e-006
54 1-2 -3.678e-006  3.946e-006
54 1-3 -4.663e-007 -2.681e-007  7.344e-007
54 2-1 -1.432e-005  1.480e-005 -4.784e-007  1.242e-003
54 2-2  1.430e-005 -1.541e-005  1.112e-006 -1.238e-003  1.250e-003
54 2-3  2.430e-008  6.089e-007 -6.332e-007 -3.758e-006 -1.192e-005  1.568e-005
55  9.901e-001  8.405e-003  1.508e-003  1.824e-001  8.094e-001  8.230e-003 
55 1-1  4.445e-006
55 1-2 -3.953e-006  4.226e-006
55 1-3 -4.916e-007 -2.727e-007  7.643e-007
55 2-1 -1.384e-005  1.426e-005 -4.258e-007  1.076e-003
55 2-2  1.382e-005 -1.494e-005  1.117e-006 -1.073e-003  1.087e-003
55 2-3  1.863e-008  6.721e-007 -6.907e-007 -3.731e-006 -1.434e-005  1.807e-005
56  9.893e-001  9.097e-003  1.621e-003  1.773e-001  8.136e-001  9.162e-003 
56 1-1  4.753e-006
56 1-2 -4.236e-006  4.512e-006
56 1-3 -5.171e-007 -2.753e-007  7.924e-007
56 2-1 -1.335e-005  1.372e-005 -3.717e-007  9.310e-004
56 2-2  1.333e-005 -1.446e-005  1.122e-006 -9.272e-004  9.442e-004
56 2-3  1.219e-008  7.386e-007 -7.508e-007 -3.764e-006 -1.702e-005  2.078e-005
57  9.884e-001  9.845e-003  1.742e-003  1.722e-001  8.176e-001  1.020e-002 
57 1-1  5.069e-006
57 1-2 -4.526e-006  4.802e-006
57 1-3 -5.428e-007 -2.756e-007  8.184e-007
57 2-1 -1.285e-005  1.317e-005 -3.165e-007  8.042e-004
57 2-2  1.285e-005 -1.398e-005  1.130e-006 -8.004e-004  8.203e-004
57 2-3  5.159e-009  8.080e-007 -8.131e-007 -3.865e-006 -1.995e-005  2.381e-005
58  9.875e-001  1.065e-002  1.873e-003  1.673e-001  8.214e-001  1.134e-002 
58 1-1  5.391e-006
58 1-2 -4.822e-006  5.096e-006
58 1-3 -5.687e-007 -2.737e-007  8.423e-007
58 2-1 -1.237e-005  1.263e-005 -2.607e-007  6.947e-004
58 2-2  1.237e-005 -1.351e-005  1.138e-006 -6.906e-004  7.138e-004
58 2-3 -2.171e-009  8.797e-007 -8.775e-007 -4.040e-006 -2.316e-005  2.720e-005
59  9.865e-001  1.153e-002  2.013e-003  1.625e-001  8.249e-001  1.262e-002 
59 1-1  5.717e-006
59 1-2 -5.122e-006  5.391e-006
59 1-3 -5.948e-007 -2.694e-007  8.642e-007
59 2-1 -1.190e-005  1.211e-005 -2.046e-007  6.008e-004
59 2-2  1.191e-005 -1.306e-005  1.148e-006 -5.965e-004  6.232e-004
59 2-3 -9.390e-009  9.530e-007 -9.436e-007 -4.294e-006 -2.667e-005  3.096e-005
60  9.854e-001  1.247e-002  2.164e-003  1.577e-001  8.283e-001  1.403e-002 
60 1-1  6.047e-006
60 1-2 -5.426e-006  5.689e-006
60 1-3 -6.213e-007 -2.632e-007  8.845e-007
60 2-1 -1.147e-005  1.162e-005 -1.490e-007  5.213e-004
60 2-2  1.149e-005 -1.265e-005  1.160e-006 -5.166e-004  5.471e-004
60 2-3 -1.593e-008  1.027e-006 -1.011e-006 -4.631e-006 -3.048e-005  3.511e-005
61  9.842e-001  1.350e-002  2.325e-003  1.530e-001  8.314e-001  1.560e-002 
61 1-1  6.382e-006
61 1-2 -5.734e-006  5.990e-006
61 1-3 -6.485e-007 -2.556e-007  9.041e-007
61 2-1 -1.109e-005  1.118e-005 -9.423e-008  4.547e-004
61 2-2  1.111e-005 -1.229e-005  1.175e-006 -4.496e-004  4.842e-004
61 2-3 -2.104e-008  1.102e-006 -1.081e-006 -5.055e-006 -3.461e-005  3.966e-005
62  9.829e-001  1.460e-002  2.499e-003  1.485e-001  8.342e-001  1.733e-002 
62 1-1  6.724e-006
62 1-2 -6.047e-006  6.295e-006
62 1-3 -6.768e-007 -2.476e-007  9.245e-007
62 2-1 -1.077e-005  1.081e-005 -4.097e-008  3.998e-004
62 2-2  1.079e-005 -1.198e-005  1.193e-006 -3.942e-004  4.333e-004
62 2-3 -2.374e-008  1.176e-006 -1.152e-006 -5.565e-006 -3.906e-005  4.463e-005
63  9.815e-001  1.579e-002  2.685e-003  1.440e-001  8.367e-001  1.925e-002 
63 1-1  7.076e-006
63 1-2 -6.368e-006  6.609e-006
63 1-3 -7.071e-007 -2.409e-007  9.479e-007
63 2-1 -1.052e-005  1.051e-005  1.021e-008  3.553e-004
63 2-2  1.055e-005 -1.176e-005  1.216e-006 -3.492e-004  3.930e-004
63 2-3 -2.284e-008  1.249e-006 -1.226e-006 -6.160e-006 -4.384e-005  5.000e-005
64  9.800e-001  1.708e-002  2.884e-003  1.396e-001  8.390e-001  2.138e-002 
64 1-1  7.444e-006
64 1-2 -6.704e-006  6.942e-006
64 1-3 -7.401e-007 -2.377e-007  9.779e-007
64 2-1 -1.038e-005  1.032e-005  5.872e-008  3.202e-004
64 2-2  1.039e-005 -1.164e-005  1.247e-006 -3.133e-004  3.623e-004
64 2-3 -1.687e-008  1.322e-006 -1.305e-006 -6.835e-006 -4.894e-005  5.577e-005
65  9.784e-001  1.847e-002  3.098e-003  1.353e-001  8.410e-001  2.373e-002 
65 1-1  7.840e-006
65 1-2 -7.062e-006  7.304e-006
65 1-3 -7.774e-007 -2.416e-007  1.019e-006
65 2-1 -1.035e-005  1.024e-005  1.041e-007  2.932e-004
65 2-2  1.035e-005 -1.164e-005  1.288e-006 -2.857e-004  3.400e-004
65 2-3 -4.113e-009  1.396e-006 -1.392e-006 -7.584e-006 -5.434e-005  6.193e-005
66  9.767e-001  1.997e-002  3.327e-003  1.311e-001  8.426e-001  2.633e-002 
66 1-1  8.279e-006
66 1-2 -7.458e-006  7.715e-006
66 1-3 -8.206e-007 -2.573e-007  1.078e-006
66 2-1 -1.046e-005  1.031e-005  1.457e-007  2.735e-004
66 2-2  1.044e-005 -1.178e-005  1.345e-006 -2.651e-004  3.252e-004
66 2-3  1.742e-008  1.473e-006 -1.490e-006 -8.396e-006 -6.004e-005  6.844e-005
67  9.748e-001  2.159e-002  3.573e-003  1.269e-001  8.439e-001  2.920e-002 
67 1-1  8.785e-006
67 1-2 -7.912e-006  8.204e-006
67 1-3 -8.722e-007 -2.912e-007  1.163e-006
67 2-1 -1.073e-005  1.055e-005  1.834e-007  2.600e-004
67 2-2  1.068e-005 -1.210e-005  1.424e-006 -2.507e-004  3.168e-004
67 2-3  4.993e-008  1.557e-006 -1.607e-006 -9.258e-006 -6.602e-005  7.528e-005
68  9.728e-001  2.334e-002  3.837e-003  1.228e-001  8.448e-001  3.238e-002 
68 1-1  9.390e-006
68 1-2 -8.454e-006  8.807e-006
68 1-3 -9.353e-007 -3.522e-007  1.288e-006
68 2-1 -1.119e-005  1.097e-005  2.170e-007  2.518e-004
68 2-2  1.109e-005 -1.263e-005  1.536e-006 -2.417e-004  3.139e-004
68 2-3  9.573e-008  1.657e-006 -1.753e-006 -1.015e-005 -7.226e-005  8.241e-005
69  9.707e-001  2.523e-002  4.119e-003  1.188e-001  8.453e-001  3.588e-002 
69 1-1  1.014e-005
69 1-2 -9.125e-006  9.577e-006
69 1-3 -1.014e-006 -4.518e-007  1.465e-006
69 2-1 -1.186e-005  1.162e-005  2.464e-007  2.482e-004
69 2-2  1.171e-005 -1.340e-005  1.694e-006 -2.371e-004  3.158e-004
69 2-3  1.571e-007  1.783e-006 -1.940e-006 -1.107e-005 -7.874e-005  8.981e-005
70  9.683e-001  2.726e-002  4.421e-003  1.149e-001  8.454e-001  3.974e-002 
70 1-1  1.109e-005
70 1-2 -9.981e-006  1.059e-005
70 1-3 -1.112e-006 -6.053e-007  1.718e-006
70 2-1 -1.278e-005  1.251e-005  2.722e-007  2.482e-004
70 2-2  1.254e-005 -1.446e-005  1.917e-006 -2.362e-004  3.217e-004
70 2-3  2.363e-007  1.953e-006 -2.189e-006 -1.198e-005 -8.549e-005  9.747e-005
71  9.658e-001  2.945e-002  4.744e-003  1.110e-001  8.450e-001  4.399e-002 
71 1-1  1.233e-005
71 1-2 -1.110e-005  1.193e-005
71 1-3 -1.237e-006 -8.324e-007  2.070e-006
71 2-1 -1.397e-005  1.367e-005  2.951e-007  2.513e-004
71 2-2  1.363e-005 -1.586e-005  2.230e-006 -2.384e-004  3.309e-004
71 2-3  3.348e-007  2.190e-006 -2.525e-006 -1.287e-005 -9.255e-005  1.054e-004
72  9.631e-001  3.181e-002  5.090e-003  1.073e-001  8.441e-001  4.866e-002 
72 1-1  1.397e-005
72 1-2 -1.257e-005  1.373e-005
72 1-3 -1.396e-006 -1.159e-006  2.555e-006
72 2-1 -1.545e-005  1.514e-005  3.164e-007  2.566e-004
72 2-2  1.500e-005 -1.766e-005  2.665e-006 -2.429e-004  3.429e-004
72 2-3  4.531e-007  2.529e-006 -2.982e-006 -1.372e-005 -1.000e-004  1.137e-004
73  9.602e-001  3.436e-002  5.461e-003  1.035e-001  8.427e-001  5.380e-002 
73 1-1  1.613e-005
73 1-2 -1.453e-005  1.615e-005
73 1-3 -1.597e-006 -1.617e-006  3.214e-006
73 2-1 -1.727e-005  1.693e-005  3.382e-007  2.637e-004
73 2-2  1.668e-005 -1.994e-005  3.268e-006 -2.492e-004  3.573e-004
73 2-3  5.905e-007  3.016e-006 -3.606e-006 -1.452e-005 -1.081e-004  1.226e-004
74  9.571e-001  3.709e-002  5.856e-003  9.986e-002  8.407e-001  5.944e-002 
74 1-1  1.899e-005
74 1-2 -1.714e-005  1.939e-005
74 1-3 -1.852e-006 -2.249e-006  4.100e-006
74 2-1 -1.944e-005  1.908e-005  3.633e-007  2.720e-004
74 2-2  1.870e-005 -2.279e-005  4.094e-006 -2.567e-004  3.738e-004
74 2-3  7.436e-007  3.714e-006 -4.457e-006 -1.526e-005 -1.171e-004  1.324e-004
75  9.537e-001  4.004e-002  6.279e-003  9.626e-002  8.381e-001  6.563e-002 
75 1-1  2.279e-005
75 1-2 -2.061e-005  2.372e-005
75 1-3 -2.173e-006 -3.107e-006  5.279e-006
75 2-1 -2.200e-005  2.160e-005  3.954e-007  2.809e-004
75 2-2  2.109e-005 -2.631e-005  5.217e-006 -2.649e-004  3.925e-004
75 2-3  9.056e-007  4.707e-006 -5.613e-006 -1.596e-005 -1.276e-004  1.435e-004
76  9.501e-001  4.321e-002  6.730e-003  9.271e-002  8.349e-001  7.240e-002 
76 1-1  2.779e-005
76 1-2 -2.521e-005  2.947e-005
76 1-3 -2.575e-006 -4.257e-006  6.831e-006
76 2-1 -2.497e-005  2.453e-005  4.393e-007  2.900e-004
76 2-2  2.391e-005 -3.064e-005  6.730e-006 -2.733e-004  4.136e-004
76 2-3  1.065e-006  6.104e-006 -7.170e-006 -1.662e-005 -1.403e-004  1.569e-004
77  9.462e-001  4.661e-002  7.211e-003  8.922e-002  8.310e-001  7.980e-002 
77 1-1  3.435e-005
77 1-2 -3.128e-005  3.706e-005
77 1-3 -3.075e-006 -5.782e-006  8.857e-006
77 2-1 -2.839e-005  2.788e-005  5.014e-007  2.988e-004
77 2-2  2.718e-005 -3.593e-005  8.751e-006 -2.815e-004  4.378e-004
77 2-3  1.204e-006  8.048e-006 -9.252e-006 -1.731e-005 -1.562e-004  1.735e-004
78  9.420e-001  5.027e-002  7.725e-003  8.578e-002  8.263e-001  8.788e-002 
78 1-1  4.291e-005
78 1-2 -3.922e-005  4.700e-005
78 1-3 -3.693e-006 -7.785e-006  1.148e-005
78 2-1 -3.226e-005  3.167e-005  5.894e-007  3.072e-004
78 2-2  3.096e-005 -4.238e-005  1.142e-005 -2.891e-004  4.661e-004
78 2-3  1.297e-006  1.072e-005 -1.201e-005 -1.810e-005 -1.771e-004  1.951e-004
79  9.375e-001  5.419e-002  8.272e-003  8.239e-002  8.209e-001  9.669e-002 
79 1-1  5.399e-005
79 1-2 -4.954e-005  5.994e-005
79 1-3 -4.451e-006 -1.039e-005  1.484e-005
79 2-1 -3.660e-005  3.589e-005  7.125e-007  3.146e-004
79 2-2  3.529e-005 -5.023e-005  1.493e-005 -2.955e-004  5.003e-004
79 2-3  1.307e-006  1.434e-005 -1.565e-005 -1.908e-005 -2.048e-004  2.239e-004
80  9.327e-001  5.840e-002  8.855e-003  7.906e-002  8.147e-001  1.063e-001 
80 1-1  6.825e-005
80 1-2 -6.287e-005  7.664e-005
80 1-3 -5.373e-006 -1.377e-005  1.914e-005
80 2-1 -4.143e-005  4.055e-005  8.820e-007  3.209e-004
80 2-2  4.025e-005 -5.975e-005  1.950e-005 -3.005e-004  5.427e-004
80 2-3  1.183e-006  1.920e-005 -2.038e-005 -2.042e-005 -2.422e-004  2.626e-004
81  9.276e-001  6.291e-002  9.475e-003  7.577e-002  8.076e-001  1.167e-001 
81 1-1  8.645e-005
81 1-2 -7.997e-005  9.806e-005
81 1-3 -6.485e-006 -1.810e-005  2.458e-005
81 2-1 -4.675e-005  4.564e-005  1.111e-006  3.259e-004
81 2-2  4.589e-005 -7.128e-005  2.538e-005 -3.036e-004  5.963e-004
81 2-3  8.592e-007  2.564e-005 -2.650e-005 -2.231e-005 -2.927e-004  3.151e-004
82  9.221e-001  6.774e-002  1.013e-002  7.253e-002  7.996e-001  1.279e-001 
82 1-1  1.095e-004
82 1-2 -1.017e-004  1.254e-004
82 1-3 -7.814e-006 -2.362e-005  3.143e-005
82 2-1 -5.256e-005  5.114e-005  1.415e-006  3.293e-004
82 2-2  5.231e-005 -8.522e-005  3.291e-005 -3.043e-004  6.652e-004
82 2-3  2.490e-007  3.408e-005 -3.432e-005 -2.500e-005 -3.610e-004  3.860e-004
83  9.163e-001  7.291e-002  1.083e-002  6.934e-002  7.906e-001  1.401e-001 
83 1-1  1.386e-004
83 1-2 -1.292e-004  1.599e-004
83 1-3 -9.389e-006 -3.063e-005  4.002e-005
83 2-1 -5.883e-005  5.702e-005  1.810e-006  3.311e-004
83 2-2  5.959e-005 -1.020e-004  4.245e-005 -3.023e-004  7.545e-004
83 2-3 -7.571e-007  4.502e-005 -4.426e-005 -2.879e-005 -4.522e-004  4.810e-004
84  9.100e-001  7.844e-002  1.158e-002  6.620e-002  7.806e-001  1.532e-001 
84 1-1  1.750e-004
84 1-2 -1.638e-004  2.033e-004
84 1-3 -1.124e-005 -3.947e-005  5.070e-005
84 2-1 -6.555e-005  6.324e-005  2.317e-006  3.311e-004
84 2-2  6.785e-005 -1.223e-004  5.444e-005 -2.971e-004  8.702e-004
84 2-3 -2.295e-006  5.905e-005 -5.675e-005 -3.401e-005 -5.731e-004  6.071e-004
85  9.033e-001  8.434e-002  1.237e-002  6.310e-002  7.697e-001  1.672e-001 
85 1-1  2.202e-004
85 1-2 -2.069e-004  2.574e-004
85 1-3 -1.338e-005 -5.056e-005  6.394e-005
85 2-1 -7.268e-005  6.973e-005  2.954e-006  3.293e-004
85 2-2  7.721e-005 -1.466e-004  6.937e-005 -2.883e-004  1.019e-003
85 2-3 -4.528e-006  7.686e-005 -7.233e-005 -4.107e-005 -7.311e-004  7.721e-004
86  8.962e-001  9.063e-002  1.320e-002  6.006e-002  7.576e-001  1.823e-001 
86 1-1  2.760e-004
86 1-2 -2.602e-004  3.246e-004
86 1-3 -1.583e-005 -6.442e-005  8.025e-005
86 2-1 -8.016e-005  7.642e-005  3.745e-006  3.258e-004
86 2-2  8.782e-005 -1.756e-004  8.782e-005 -2.755e-004  1.210e-003
86 2-3 -7.654e-006  9.922e-005 -9.156e-005 -5.036e-005 -9.347e-004  9.850e-004
87  8.886e-001  9.734e-002  1.408e-002  5.706e-002  7.445e-001  1.984e-001 
87 1-1  3.444e-004
87 1-2 -3.258e-004  4.074e-004
87 1-3 -1.862e-005 -8.165e-005  1.003e-004
87 2-1 -8.794e-005  8.323e-005  4.711e-006  3.206e-004
87 2-2  9.984e-005 -2.102e-004  1.104e-004 -2.582e-004  1.451e-003
87 2-3 -1.190e-005  1.270e-004 -1.151e-004 -6.232e-005 -1.193e-003  1.255e-003
88  8.805e-001  1.045e-001  1.501e-002  5.412e-002  7.303e-001  2.155e-001 
88 1-1  4.276e-004
88 1-2 -4.059e-004  5.088e-004
88 1-3 -2.172e-005 -1.030e-004  1.247e-004
88 2-1 -9.592e-005  9.005e-005  5.874e-006  3.137e-004
88 2-2  1.135e-004 -2.512e-004  1.378e-004 -2.363e-004  1.752e-003
88 2-3 -1.753e-005  1.612e-004 -1.437e-004 -7.735e-005 -1.516e-003  1.593e-003
89  8.719e-001  1.121e-001  1.600e-002  5.123e-002  7.151e-001  2.337e-001 
89 1-1  5.282e-004
89 1-2 -5.030e-004  6.323e-004
89 1-3 -2.512e-005 -1.293e-004  1.544e-004
89 2-1 -1.040e-004  9.677e-005  7.256e-006  3.052e-004
89 2-2  1.288e-004 -2.995e-004  1.707e-004 -2.094e-004  2.122e-003
89 2-3 -2.482e-005  2.028e-004 -1.779e-004 -9.578e-005 -1.913e-003  2.009e-003
90  8.628e-001  1.201e-001  1.703e-002  4.840e-002  6.987e-001  2.529e-001 
90 1-1  6.489e-004
90 1-2 -6.201e-004  7.816e-004
90 1-3 -2.879e-005 -1.615e-004  1.903e-004
90 2-1 -1.122e-004  1.033e-004  8.876e-006  2.953e-004
90 2-2  1.462e-004 -3.561e-004  2.098e-004 -1.775e-004  2.570e-003
90 2-3 -3.409e-005  2.528e-004 -2.187e-004 -1.179e-004 -2.392e-003  2.510e-003