# FRMgali.txt
#IMaCh version 0.99r45, April 2023,INED-EUROREVES-Institut de longevite-Japan Society for the Promotion of Science (Grant-in-Aid for Scientific Research 25293121), Intel Software 2015-2020, Nihon University 2021-202, INED 2000-2022
#$Revision: 1.353 $ $Date: 2023/05/08 18:48:22 $
# Tue Feb 04 20:24:32 2025
#One-step probabilities and stand. devi in ()
# Age p1-1 (SE) p1-2 (SE) p1-3 (SE) p2-1 (SE) p2-2 (SE) p2-3 (SE)
50  9.933e-001 ( 1.747e-003)  5.654e-003 ( 1.708e-003)  1.049e-003 ( 7.766e-004)  2.095e-001 ( 4.626e-002)  7.857e-001 ( 4.626e-002)  4.796e-003 ( 2.938e-003) 
51  9.928e-001 ( 1.818e-003)  6.121e-003 ( 1.777e-003)  1.128e-003 ( 7.981e-004)  2.039e-001 ( 4.333e-002)  7.907e-001 ( 4.335e-002)  5.346e-003 ( 3.172e-003) 
52  9.922e-001 ( 1.891e-003)  6.627e-003 ( 1.847e-003)  1.213e-003 ( 8.187e-004)  1.984e-001 ( 4.051e-002)  7.957e-001 ( 4.055e-002)  5.957e-003 ( 3.419e-003) 
53  9.915e-001 ( 1.963e-003)  7.173e-003 ( 1.917e-003)  1.304e-003 ( 8.384e-004)  1.930e-001 ( 3.781e-002)  8.004e-001 ( 3.789e-002)  6.636e-003 ( 3.682e-003) 
54  9.908e-001 ( 2.036e-003)  7.765e-003 ( 1.987e-003)  1.402e-003 ( 8.570e-004)  1.876e-001 ( 3.524e-002)  8.050e-001 ( 3.536e-002)  7.391e-003 ( 3.959e-003) 
55  9.901e-001 ( 2.108e-003)  8.405e-003 ( 2.056e-003)  1.508e-003 ( 8.742e-004)  1.824e-001 ( 3.281e-002)  8.094e-001 ( 3.297e-002)  8.230e-003 ( 4.251e-003) 
56  9.893e-001 ( 2.180e-003)  9.097e-003 ( 2.124e-003)  1.621e-003 ( 8.902e-004)  1.773e-001 ( 3.051e-002)  8.136e-001 ( 3.073e-002)  9.162e-003 ( 4.558e-003) 
57  9.884e-001 ( 2.251e-003)  9.845e-003 ( 2.191e-003)  1.742e-003 ( 9.047e-004)  1.722e-001 ( 2.836e-002)  8.176e-001 ( 2.864e-002)  1.020e-002 ( 4.880e-003) 
58  9.875e-001 ( 2.322e-003)  1.065e-002 ( 2.257e-003)  1.873e-003 ( 9.178e-004)  1.673e-001 ( 2.636e-002)  8.214e-001 ( 2.672e-002)  1.134e-002 ( 5.215e-003) 
59  9.865e-001 ( 2.391e-003)  1.153e-002 ( 2.322e-003)  2.013e-003 ( 9.296e-004)  1.625e-001 ( 2.451e-002)  8.249e-001 ( 2.496e-002)  1.262e-002 ( 5.564e-003) 
60  9.854e-001 ( 2.459e-003)  1.247e-002 ( 2.385e-003)  2.164e-003 ( 9.405e-004)  1.577e-001 ( 2.283e-002)  8.283e-001 ( 2.339e-002)  1.403e-002 ( 5.925e-003) 
61  9.842e-001 ( 2.526e-003)  1.350e-002 ( 2.447e-003)  2.325e-003 ( 9.508e-004)  1.530e-001 ( 2.132e-002)  8.314e-001 ( 2.201e-002)  1.560e-002 ( 6.298e-003) 
62  9.829e-001 ( 2.593e-003)  1.460e-002 ( 2.509e-003)  2.499e-003 ( 9.615e-004)  1.485e-001 ( 1.999e-002)  8.342e-001 ( 2.082e-002)  1.733e-002 ( 6.680e-003) 
63  9.815e-001 ( 2.660e-003)  1.579e-002 ( 2.571e-003)  2.685e-003 ( 9.736e-004)  1.440e-001 ( 1.885e-002)  8.367e-001 ( 1.982e-002)  1.925e-002 ( 7.071e-003) 
64  9.800e-001 ( 2.728e-003)  1.708e-002 ( 2.635e-003)  2.884e-003 ( 9.889e-004)  1.396e-001 ( 1.789e-002)  8.390e-001 ( 1.903e-002)  2.138e-002 ( 7.468e-003) 
65  9.784e-001 ( 2.800e-003)  1.847e-002 ( 2.703e-003)  3.098e-003 ( 1.009e-003)  1.353e-001 ( 1.712e-002)  8.410e-001 ( 1.844e-002)  2.373e-002 ( 7.869e-003) 
66  9.767e-001 ( 2.877e-003)  1.997e-002 ( 2.778e-003)  3.327e-003 ( 1.038e-003)  1.311e-001 ( 1.654e-002)  8.426e-001 ( 1.803e-002)  2.633e-002 ( 8.273e-003) 
67  9.748e-001 ( 2.964e-003)  2.159e-002 ( 2.864e-003)  3.573e-003 ( 1.079e-003)  1.269e-001 ( 1.612e-002)  8.439e-001 ( 1.780e-002)  2.920e-002 ( 8.676e-003) 
68  9.728e-001 ( 3.064e-003)  2.334e-002 ( 2.968e-003)  3.837e-003 ( 1.135e-003)  1.228e-001 ( 1.587e-002)  8.448e-001 ( 1.772e-002)  3.238e-002 ( 9.078e-003) 
69  9.707e-001 ( 3.184e-003)  2.523e-002 ( 3.095e-003)  4.119e-003 ( 1.211e-003)  1.188e-001 ( 1.575e-002)  8.453e-001 ( 1.777e-002)  3.588e-002 ( 9.477e-003) 
70  9.683e-001 ( 3.331e-003)  2.726e-002 ( 3.254e-003)  4.421e-003 ( 1.311e-003)  1.149e-001 ( 1.575e-002)  8.454e-001 ( 1.794e-002)  3.974e-002 ( 9.873e-003) 
71  9.658e-001 ( 3.512e-003)  2.945e-002 ( 3.454e-003)  4.744e-003 ( 1.439e-003)  1.110e-001 ( 1.585e-002)  8.450e-001 ( 1.819e-002)  4.399e-002 ( 1.027e-002) 
72  9.631e-001 ( 3.737e-003)  3.181e-002 ( 3.705e-003)  5.090e-003 ( 1.598e-003)  1.073e-001 ( 1.602e-002)  8.441e-001 ( 1.852e-002)  4.866e-002 ( 1.067e-002) 
73  9.602e-001 ( 4.016e-003)  3.436e-002 ( 4.018e-003)  5.461e-003 ( 1.793e-003)  1.035e-001 ( 1.624e-002)  8.427e-001 ( 1.890e-002)  5.380e-002 ( 1.107e-002) 
74  9.571e-001 ( 4.358e-003)  3.709e-002 ( 4.403e-003)  5.856e-003 ( 2.025e-003)  9.986e-002 ( 1.649e-002)  8.407e-001 ( 1.933e-002)  5.944e-002 ( 1.151e-002) 
75  9.537e-001 ( 4.773e-003)  4.004e-002 ( 4.870e-003)  6.279e-003 ( 2.298e-003)  9.626e-002 ( 1.676e-002)  8.381e-001 ( 1.981e-002)  6.563e-002 ( 1.198e-002) 
76  9.501e-001 ( 5.272e-003)  4.321e-002 ( 5.429e-003)  6.730e-003 ( 2.614e-003)  9.271e-002 ( 1.703e-002)  8.349e-001 ( 2.034e-002)  7.240e-002 ( 1.253e-002) 
77  9.462e-001 ( 5.861e-003)  4.661e-002 ( 6.088e-003)  7.211e-003 ( 2.976e-003)  8.922e-002 ( 1.729e-002)  8.310e-001 ( 2.092e-002)  7.980e-002 ( 1.317e-002) 
78  9.420e-001 ( 6.551e-003)  5.027e-002 ( 6.856e-003)  7.725e-003 ( 3.388e-003)  8.578e-002 ( 1.753e-002)  8.263e-001 ( 2.159e-002)  8.788e-002 ( 1.397e-002) 
79  9.375e-001 ( 7.348e-003)  5.419e-002 ( 7.742e-003)  8.272e-003 ( 3.853e-003)  8.239e-002 ( 1.774e-002)  8.209e-001 ( 2.237e-002)  9.669e-002 ( 1.496e-002) 
80  9.327e-001 ( 8.261e-003)  5.840e-002 ( 8.754e-003)  8.855e-003 ( 4.375e-003)  7.906e-002 ( 1.791e-002)  8.147e-001 ( 2.330e-002)  1.063e-001 ( 1.620e-002) 
81  9.276e-001 ( 9.298e-003)  6.291e-002 ( 9.903e-003)  9.475e-003 ( 4.958e-003)  7.577e-002 ( 1.805e-002)  8.076e-001 ( 2.442e-002)  1.167e-001 ( 1.775e-002) 
82  9.221e-001 ( 1.047e-002)  6.774e-002 ( 1.120e-002)  1.013e-002 ( 5.607e-003)  7.253e-002 ( 1.815e-002)  7.996e-001 ( 2.579e-002)  1.279e-001 ( 1.965e-002) 
83  9.163e-001 ( 1.177e-002)  7.291e-002 ( 1.264e-002)  1.083e-002 ( 6.326e-003)  6.934e-002 ( 1.819e-002)  7.906e-001 ( 2.747e-002)  1.401e-001 ( 2.193e-002) 
84  9.100e-001 ( 1.323e-002)  7.844e-002 ( 1.426e-002)  1.158e-002 ( 7.121e-003)  6.620e-002 ( 1.820e-002)  7.806e-001 ( 2.950e-002)  1.532e-001 ( 2.464e-002) 
85  9.033e-001 ( 1.484e-002)  8.434e-002 ( 1.604e-002)  1.237e-002 ( 7.996e-003)  6.310e-002 ( 1.815e-002)  7.697e-001 ( 3.193e-002)  1.672e-001 ( 2.779e-002) 
86  8.962e-001 ( 1.661e-002)  9.063e-002 ( 1.802e-002)  1.320e-002 ( 8.958e-003)  6.006e-002 ( 1.805e-002)  7.576e-001 ( 3.479e-002)  1.823e-001 ( 3.139e-002) 
87  8.886e-001 ( 1.856e-002)  9.734e-002 ( 2.018e-002)  1.408e-002 ( 1.001e-002)  5.706e-002 ( 1.790e-002)  7.445e-001 ( 3.810e-002)  1.984e-001 ( 3.543e-002) 
88  8.805e-001 ( 2.068e-002)  1.045e-001 ( 2.256e-002)  1.501e-002 ( 1.117e-002)  5.412e-002 ( 1.771e-002)  7.303e-001 ( 4.186e-002)  2.155e-001 ( 3.992e-002) 
89  8.719e-001 ( 2.298e-002)  1.121e-001 ( 2.515e-002)  1.600e-002 ( 1.242e-002)  5.123e-002 ( 1.747e-002)  7.151e-001 ( 4.607e-002)  2.337e-001 ( 4.482e-002) 
90  8.628e-001 ( 2.547e-002)  1.201e-001 ( 2.796e-002)  1.703e-002 ( 1.379e-002)  4.840e-002 ( 1.719e-002)  6.987e-001 ( 5.069e-002)  2.529e-001 ( 5.010e-002) 