
#****** ******
# FRMgali.txt
#IMaCh version 0.99r45, April 2023,INED-EUROREVES-Institut de longevite-Japan Society for the Promotion of Science (Grant-in-Aid for Scientific Research 25293121), Intel Software 2015-2020, Nihon University 2021-202, INED 2000-2022
#$Revision: 1.353 $ $Date: 2023/05/08 18:48:22 $
# Tue Feb 04 20:24:32 2025
# Health expectancies with standard errors
# Age e11 (SE) e12 (SE) e1.  e21 (SE) e22 (SE) e2. 
 50   27.3327 (1.0028)    3.8800 (0.4173)   31.2127 (1.0640)   24.6491 (1.2494)    5.9028 (0.6503)   30.5519 (1.2058)
 51   26.4250 (0.9843)    3.8617 (0.4143)   30.2867 (1.0431)   23.6282 (1.2415)    5.9212 (0.6386)   29.5494 (1.2097)
 52   25.5239 (0.9668)    3.8414 (0.4112)   29.3653 (1.0232)   22.6099 (1.2335)    5.9350 (0.6268)   28.5448 (1.2152)
 53   24.6300 (0.9500)    3.8188 (0.4081)   28.4488 (1.0044)   21.5950 (1.2252)    5.9435 (0.6151)   27.5384 (1.2218)
 54   23.7437 (0.9342)    3.7938 (0.4050)   27.5376 (0.9868)   20.5847 (1.2163)    5.9460 (0.6037)   26.5307 (1.2290)
 55   22.8659 (0.9191)    3.7663 (0.4019)   26.6322 (0.9702)   19.5803 (1.2065)    5.9418 (0.5928)   25.5222 (1.2359)
 56   21.9971 (0.9047)    3.7359 (0.3987)   25.7331 (0.9546)   18.5834 (1.1956)    5.9302 (0.5826)   24.5136 (1.2420)
 57   21.1383 (0.8911)    3.7026 (0.3956)   24.8409 (0.9399)   17.5956 (1.1833)    5.9103 (0.5732)   23.5059 (1.2465)
 58   20.2900 (0.8781)    3.6662 (0.3924)   23.9562 (0.9261)   16.6188 (1.1695)    5.8815 (0.5645)   22.5003 (1.2489)
 59   19.4533 (0.8656)    3.6264 (0.3893)   23.0797 (0.9130)   15.6551 (1.1539)    5.8431 (0.5567)   21.4982 (1.2484)
 60   18.6289 (0.8537)    3.5832 (0.3861)   22.2122 (0.9006)   14.7066 (1.1366)    5.7945 (0.5494)   20.5012 (1.2445)
 61   17.8179 (0.8421)    3.5365 (0.3828)   21.3544 (0.8886)   13.7758 (1.1173)    5.7353 (0.5427)   19.5111 (1.2369)
 62   17.0212 (0.8309)    3.4860 (0.3795)   20.5072 (0.8770)   12.8650 (1.0960)    5.6649 (0.5361)   18.5299 (1.2252)
 63   16.2397 (0.8199)    3.4318 (0.3762)   19.6715 (0.8657)   11.9767 (1.0728)    5.5832 (0.5294)   17.5599 (1.2093)
 64   15.4745 (0.8092)    3.3738 (0.3728)   18.8483 (0.8546)   11.1134 (1.0476)    5.4900 (0.5224)   16.6034 (1.1891)
 65   14.7265 (0.7986)    3.3120 (0.3693)   18.0385 (0.8436)   10.2776 (1.0205)    5.3853 (0.5147)   15.6630 (1.1647)
 66   13.9968 (0.7882)    3.2465 (0.3658)   17.2432 (0.8327)    9.4716 (0.9916)    5.2694 (0.5061)   14.7411 (1.1363)
 67   13.2862 (0.7779)    3.1773 (0.3621)   16.4635 (0.8218)    8.6977 (0.9609)    5.1426 (0.4964)   13.8403 (1.1044)
 68   12.5957 (0.7676)    3.1045 (0.3584)   15.7002 (0.8110)    7.9577 (0.9286)    5.0055 (0.4857)   12.9632 (1.0695)
 69   11.9261 (0.7575)    3.0285 (0.3546)   14.9545 (0.8002)    7.2534 (0.8949)    4.8588 (0.4739)   12.1122 (1.0320)
 70   11.2781 (0.7475)    2.9493 (0.3508)   14.2274 (0.7895)    6.5863 (0.8597)    4.7034 (0.4611)   11.2897 (0.9927)
 71   10.6526 (0.7375)    2.8672 (0.3469)   13.5198 (0.7788)    5.9575 (0.8233)    4.5402 (0.4476)   10.4977 (0.9523)
 72   10.0500 (0.7277)    2.7826 (0.3429)   12.8326 (0.7683)    5.3677 (0.7859)    4.3704 (0.4336)    9.7382 (0.9114)
 73    9.4708 (0.7179)    2.6959 (0.3390)   12.1667 (0.7579)    4.8174 (0.7476)    4.1953 (0.4196)    9.0126 (0.8706)
 74    8.9154 (0.7082)    2.6074 (0.3350)   11.5228 (0.7477)    4.3064 (0.7087)    4.0160 (0.4059)    8.3224 (0.8307)
 75    8.3841 (0.6986)    2.5174 (0.3311)   10.9015 (0.7377)    3.8346 (0.6693)    3.8339 (0.3928)    7.6684 (0.7920)
 76    7.8768 (0.6890)    2.4266 (0.3271)   10.3034 (0.7277)    3.4010 (0.6298)    3.6503 (0.3808)    7.0514 (0.7551)
 77    7.3937 (0.6795)    2.3352 (0.3231)    9.7288 (0.7179)    3.0048 (0.5903)    3.4665 (0.3700)    6.4714 (0.7202)
 78    6.9344 (0.6699)    2.2438 (0.3191)    9.1782 (0.7082)    2.6447 (0.5510)    3.2838 (0.3606)    5.9285 (0.6874)
 79    6.4989 (0.6602)    2.1527 (0.3150)    8.6516 (0.6985)    2.3189 (0.5124)    3.1033 (0.3527)    5.4222 (0.6567)
 80    6.0866 (0.6504)    2.0625 (0.3109)    8.1491 (0.6886)    2.0258 (0.4745)    2.9261 (0.3461)    4.9518 (0.6282)
 81    5.6972 (0.6404)    1.9734 (0.3066)    7.6706 (0.6787)    1.7634 (0.4376)    2.7531 (0.3407)    4.5165 (0.6016)
 82    5.3299 (0.6302)    1.8860 (0.3021)    7.2159 (0.6684)    1.5296 (0.4020)    2.5853 (0.3361)    4.1149 (0.5767)
 83    4.9841 (0.6197)    1.8005 (0.2974)    6.7847 (0.6579)    1.3224 (0.3677)    2.4233 (0.3322)    3.7457 (0.5532)
 84    4.6592 (0.6089)    1.7174 (0.2924)    6.3765 (0.6469)    1.1396 (0.3351)    2.2677 (0.3286)    3.4073 (0.5309)
 85    4.3542 (0.5977)    1.6367 (0.2872)    5.9909 (0.6355)    0.9790 (0.3041)    2.1190 (0.3249)    3.0981 (0.5095)
 86    4.0684 (0.5861)    1.5589 (0.2817)    5.6273 (0.6236)    0.8386 (0.2749)    1.9776 (0.3210)    2.8163 (0.4889)
 87    3.8009 (0.5741)    1.4841 (0.2758)    5.2849 (0.6111)    0.7164 (0.2475)    1.8437 (0.3167)    2.5601 (0.4687)
 88    3.5507 (0.5617)    1.4124 (0.2697)    4.9631 (0.5981)    0.6104 (0.2221)    1.7174 (0.3117)    2.3277 (0.4489)
 89    3.3171 (0.5489)    1.3440 (0.2632)    4.6610 (0.5846)    0.5188 (0.1985)    1.5987 (0.3060)    2.1174 (0.4295)
 90    3.0990 (0.5357)    1.2789 (0.2565)    4.3779 (0.5705)    0.4400 (0.1769)    1.4875 (0.2995)    1.9275 (0.4103)
