
# model  
#****** Result for:******
# FRMgali.txt
#IMaCh version 0.99r45, April 2023,INED-EUROREVES-Institut de longevite-Japan Society for the Promotion of Science (Grant-in-Aid for Scientific Research 25293121), Intel Software 2015-2020, Nihon University 2021-202, INED 2000-2022
#$Revision: 1.353 $ $Date: 2023/05/08 18:48:22 $
# Tue Feb 04 20:24:32 2025
# Total life expectancy with std error and decomposition into time to be expected in each health state
#  (weighted average of eij where weights are the age specific forward period (stable) prevalences in each health state 
# Age popbased mobilav e.. (std) e.1 (std) e.2 (std) 
   50 0 0  31.199 (  1.065)  27.277 (  1.006)   3.923 (  0.424)
   51 0 0  30.270 (  1.044)  26.360 (  0.989)   3.909 (  0.421)
   52 0 0  29.345 (  1.025)  25.450 (  0.971)   3.895 (  0.419)
   53 0 0  28.423 (  1.007)  24.545 (  0.956)   3.879 (  0.416)
   54 0 0  27.507 (  0.990)  23.646 (  0.941)   3.861 (  0.414)
   55 0 0  26.595 (  0.974)  22.754 (  0.927)   3.841 (  0.411)
   56 0 0  25.688 (  0.959)  21.869 (  0.914)   3.818 (  0.409)
   57 0 0  24.786 (  0.946)  20.992 (  0.902)   3.794 (  0.406)
   58 0 0  23.891 (  0.933)  20.124 (  0.890)   3.767 (  0.403)
   59 0 0  23.001 (  0.921)  19.264 (  0.879)   3.737 (  0.401)
   60 0 0  22.119 (  0.910)  18.415 (  0.869)   3.704 (  0.398)
   61 0 0  21.245 (  0.899)  17.576 (  0.859)   3.668 (  0.396)
   62 0 0  20.378 (  0.889)  16.749 (  0.849)   3.629 (  0.393)
   63 0 0  19.521 (  0.878)  15.934 (  0.839)   3.586 (  0.390)
   64 0 0  18.673 (  0.868)  15.133 (  0.830)   3.540 (  0.388)
   65 0 0  17.836 (  0.857)  14.347 (  0.821)   3.489 (  0.385)
   66 0 0  17.011 (  0.847)  13.576 (  0.812)   3.435 (  0.382)
   67 0 0  16.199 (  0.836)  12.822 (  0.802)   3.376 (  0.378)
   68 0 0  15.400 (  0.824)  12.087 (  0.793)   3.314 (  0.375)
   69 0 0  14.617 (  0.813)  11.370 (  0.783)   3.247 (  0.371)
   70 0 0  13.850 (  0.801)  10.675 (  0.774)   3.175 (  0.368)
   71 0 0  13.101 (  0.789)  10.001 (  0.764)   3.100 (  0.363)
   72 0 0  12.370 (  0.776)   9.350 (  0.754)   3.021 (  0.359)
   73 0 0  11.660 (  0.764)   8.723 (  0.744)   2.937 (  0.355)
   74 0 0  10.972 (  0.751)   8.121 (  0.734)   2.851 (  0.350)
   75 0 0  10.306 (  0.739)   7.546 (  0.724)   2.760 (  0.346)
   76 0 0   9.665 (  0.726)   6.997 (  0.713)   2.668 (  0.341)
   77 0 0   9.048 (  0.712)   6.476 (  0.701)   2.572 (  0.338)
   78 0 0   8.458 (  0.702)   5.983 (  0.691)   2.475 (  0.332)
   79 0 0   7.894 (  0.689)   5.518 (  0.679)   2.376 (  0.328)
   80 0 0   7.358 (  0.677)   5.082 (  0.666)   2.277 (  0.324)
   81 0 0   6.850 (  0.664)   4.673 (  0.654)   2.177 (  0.320)
   82 0 0   6.369 (  0.651)   4.292 (  0.641)   2.077 (  0.316)
   83 0 0   5.917 (  0.637)   3.938 (  0.627)   1.979 (  0.312)
   84 0 0   5.492 (  0.622)   3.610 (  0.613)   1.882 (  0.308)
   85 0 0   5.095 (  0.608)   3.308 (  0.600)   1.787 (  0.304)
   86 0 0   4.724 (  0.592)   3.030 (  0.586)   1.694 (  0.299)
   87 0 0   4.378 (  0.576)   2.774 (  0.572)   1.604 (  0.295)
   88 0 0   4.058 (  0.560)   2.541 (  0.559)   1.517 (  0.289)
   89 0 0   3.761 (  0.544)   2.327 (  0.545)   1.434 (  0.284)
   90 0 0   3.487 (  0.510)   2.132 (  0.533)   1.355 (  0.255)
