
#****** ******
# FRMgali.txt
#IMaCh version 0.99r45, April 2023,INED-EUROREVES-Institut de longevite-Japan Society for the Promotion of Science (Grant-in-Aid for Scientific Research 25293121), Intel Software 2015-2020, Nihon University 2021-202, INED 2000-2022
#$Revision: 1.353 $ $Date: 2023/05/08 18:48:22 $
# Tue Feb 04 20:24:32 2025
# Variance and covariance of health expectancies e.j 
#  (weighted average of eij where weights are the age specific period (stable) prevalences in each health state 
# Age Cov(e.1, e.1) Cov(e.1, e.2) Cov(e.2, e.1) Cov(e.2, e.2)
50  1.0119 -0.0292 -0.0292 0.1800
51  0.9779 -0.0326 -0.0326 0.1775
52  0.9438 -0.0347 -0.0347 0.1756
53  0.9134 -0.0369 -0.0369 0.1735
54  0.8852 -0.0386 -0.0386 0.1713
55  0.8592 -0.0400 -0.0400 0.1691
56  0.8351 -0.0410 -0.0410 0.1670
57  0.8129 -0.0418 -0.0418 0.1649
58  0.7921 -0.0423 -0.0423 0.1628
59  0.7728 -0.0426 -0.0426 0.1607
60  0.7546 -0.0427 -0.0427 0.1586
61  0.7373 -0.0428 -0.0428 0.1565
62  0.7207 -0.0428 -0.0428 0.1545
63  0.7047 -0.0429 -0.0429 0.1523
64  0.6891 -0.0430 -0.0430 0.1502
65  0.6738 -0.0433 -0.0433 0.1479
66  0.6587 -0.0437 -0.0437 0.1456
67  0.6437 -0.0442 -0.0442 0.1431
68  0.6287 -0.0448 -0.0448 0.1406
69  0.6137 -0.0455 -0.0455 0.1379
70  0.5988 -0.0463 -0.0463 0.1351
71  0.5838 -0.0471 -0.0471 0.1321
72  0.5689 -0.0478 -0.0478 0.1291
73  0.5539 -0.0483 -0.0483 0.1260
74  0.5388 -0.0487 -0.0487 0.1228
75  0.5237 -0.0487 -0.0487 0.1196
76  0.5083 -0.0486 -0.0486 0.1165
77  0.4910 -0.0488 -0.0488 0.1141
78  0.4768 -0.0474 -0.0474 0.1104
79  0.4606 -0.0465 -0.0465 0.1075
80  0.4441 -0.0455 -0.0455 0.1048
81  0.4273 -0.0444 -0.0444 0.1022
82  0.4104 -0.0434 -0.0434 0.0997
83  0.3934 -0.0425 -0.0425 0.0972
84  0.3764 -0.0418 -0.0418 0.0947
85  0.3596 -0.0413 -0.0413 0.0922
86  0.3432 -0.0411 -0.0411 0.0895
87  0.3270 -0.0412 -0.0412 0.0872
88  0.3121 -0.0411 -0.0411 0.0837
89  0.2975 -0.0413 -0.0413 0.0805
90  0.2836 -0.0443 -0.0443 0.0650
