
#****** ******
# FRMgali.txt
#IMaCh version 0.99r45, April 2023,INED-EUROREVES-Institut de longevite-Japan Society for the Promotion of Science (Grant-in-Aid for Scientific Research 25293121), Intel Software 2015-2020, Nihon University 2021-202, INED 2000-2022
#$Revision: 1.353 $ $Date: 2023/05/08 18:48:22 $
# Tue Feb 04 20:24:32 2025
# Standard deviation of period (forward stable) prevalences 
# Age  Result#  1-1 2-2
50 1  0.97898 (0.00699) 0.02103 (0.00700)
51 1  0.97682 (0.00741) 0.02319 (0.00722)
52 1  0.97445 (0.00785) 0.02557 (0.00787)
53 1  0.97184 (0.00830) 0.02817 (0.00831)
54 1  0.96899 (0.00875) 0.03103 (0.00877)
55 1  0.96586 (0.00922) 0.03415 (0.00923)
56 1  0.96244 (0.00968) 0.03758 (0.00970)
57 1  0.95870 (0.01015) 0.04132 (0.01017)
58 1  0.95462 (0.01062) 0.04540 (0.01064)
59 1  0.95018 (0.01109) 0.04984 (0.01110)
60 1  0.94535 (0.01154) 0.05468 (0.01157)
61 1  0.94011 (0.01200) 0.05992 (0.01202)
62 1  0.93443 (0.01244) 0.06560 (0.01246)
63 1  0.92829 (0.01287) 0.07174 (0.01289)
64 1  0.92168 (0.01330) 0.07836 (0.01333)
65 1  0.91458 (0.01373) 0.08547 (0.01376)
66 1  0.90696 (0.01417) 0.09309 (0.01419)
67 1  0.89882 (0.01462) 0.10124 (0.01464)
68 1  0.89016 (0.01510) 0.10989 (0.01512)
69 1  0.88097 (0.01563) 0.11909 (0.01565)
70 1  0.87126 (0.01622) 0.12882 (0.01625)
71 1  0.86104 (0.01691) 0.13903 (0.01693)
72 1  0.85034 (0.01771) 0.14974 (0.01773)
73 1  0.83917 (0.01864) 0.16091 (0.01867)
74 1  0.82759 (0.01973) 0.17251 (0.01976)
75 1  0.81563 (0.02099) 0.18447 (0.02103)
76 1  0.80336 (0.02245) 0.19676 (0.02248)
77 1  0.79082 (0.02409) 0.20931 (0.02460)
78 1  0.77809 (0.02595) 0.22205 (0.02599)
79 1  0.76523 (0.02802) 0.23490 (0.02806)
80 1  0.75233 (0.03031) 0.24780 (0.03035)
81 1  0.73947 (0.03282) 0.26067 (0.03287)
82 1  0.72671 (0.03558) 0.27342 (0.03562)
83 1  0.71414 (0.03859) 0.28602 (0.03864)
84 1  0.70182 (0.04187) 0.29833 (0.04191)
85 1  0.68982 (0.04544) 0.31035 (0.04549)
86 1  0.67819 (0.04931) 0.32199 (0.04936)
87 1  0.66698 (0.05344) 0.33319 (0.05428)
88 1  0.65621 (0.05800) 0.34397 (0.05804)
89 1  0.64590 (0.06282) 0.35428 (0.06287)
90 1  0.63605 (0.06859) 0.36413 (0.06526)
