# Powell
# iter -2*LL p12 p13 p21 p23
1 1 12955.115237244107 1 0.000000000000 0.000000000000 0.000000000000 0.000000000000 0.000000000000 0.000000000000 0.000000000000 0.000000000000
2 2 3572.094491177503 2 5.378326760801 -0.001253177834 -0.698801790240 0.001271100891 2.864492556703 -0.000950127933 -1.020104191233 0.002889207017
3 2 3035.001573805661 3 -2.773976722243 -0.005529305989 -4.020765576622 0.016028176765 1.147928571040 -0.001780815414 -1.340520359167 -0.041468130445
4 3 2294.886774236992 4 -2.148579497108 -0.004346639706 -5.542931513458 0.018468082691 0.642966502320 0.001214713042 -1.705289728956 -0.042543324841
5 3 2257.254797995230 5 -2.442035616880 -0.001781345569 -6.613232840378 0.024501893339 0.433948945419 -0.002299031800 -1.467818425910 -0.044172588946
6 4 2227.491324773755 6 -2.964056472636 0.003528765712 -8.116332202988 0.041883657831 0.152658353446 -0.011497275069 -1.348007102073 -0.046849691563
7 4 2041.925583875764 7 -5.305038857869 0.011957261807 -11.304701493841 0.058600022654 -0.952260611682 -0.025419662971 0.783621301904 -0.052738891313
8 5 1997.351848301011 8 -4.758507396209 0.007708580799 -8.596082191522 0.041168170936 -0.801289567273 -0.028314053931 0.299656901089 -0.048787788631
9 5 1989.286974248210 8 -5.038130795568 0.008568321740 -8.439491754541 0.041232631474 -0.844251687665 -0.029411332690 0.211806302429 -0.048666155628
10 6 1986.364210605889 9 -5.445095943785 0.013415291963 -8.822274646217 0.046715854231 -0.972209724224 -0.031251584440 0.229613229351 -0.049274881592
11 6 1980.107806961198 10 -6.110638866423 0.022849632314 -9.590554075803 0.057462236918 -1.129478756283 -0.031642444218 0.281973469036 -0.050118104963
12 7 1974.670720641551 10 -6.230737621312 0.026009533645 -9.455860691186 0.059288376165 -1.107412926358 -0.030460422021 0.201009016370 -0.049516432831
13 7 1960.610562813780 11 -7.180507412113 0.041425009788 -10.186331882216 0.073157094630 -0.916286861872 -0.027112595957 0.044977898446 -0.048285132630
14 8 1947.307963352172 11 -7.461164465898 0.044524874207 -10.818538132265 0.079761358060 -0.808090243064 -0.026475486637 0.042570126986 -0.048163500800
15 8 1935.287472175226 12 -8.791301143157 0.061235470141 -13.126193641012 0.106332317025 -0.752900035773 -0.026669818621 0.081644787259 -0.048622695876
16 9 1934.825902694149 12 -8.798645811557 0.061447102467 -13.169165413782 0.106938673375 -0.750523035061 -0.026644453174 0.066795588817 -0.048380958427
17 9 1881.048948426284 14 -5.708442515502 0.019695640580 -16.931078338525 0.150173989906 -0.783621630873 -0.030106974530 -2.597922594394 -0.004364904500
18 10 1871.354723394724 15 -6.033184080888 0.024775125124 -19.160724392376 0.177515213372 -0.703362623258 -0.029900313224 -3.412925838421 0.005123717046
19 10 1869.577986292217 17 -6.058499118613 0.024808923650 -20.094086828625 0.187763093070 -0.673783408239 -0.030131748602 -3.739559951017 0.009035107410
20 11 1869.168821241640 19 -6.055368099947 0.024589610417 -20.497541168650 0.192141098135 -0.662649528753 -0.030232924352 -3.895442753148 0.010892186883
21 11 1868.943506815346 20 -6.044809442245 0.024207399930 -20.995360162724 0.197537062414 -0.651838603959 -0.030312644161 -4.112965742022 0.013472069025
22 12 1868.859892826265 22 -6.036999289210 0.024112990350 -20.960773156653 0.197161728930 -0.655854744547 -0.030271480988 -4.125591103534 0.013585500742
23 12 1865.415262409667 23 -5.808667271809 0.021466231609 -18.692599701247 0.172276272867 -0.960476568018 -0.026464685741 -4.940153439000 0.021925150988
24 13 1863.749372084485 25 -5.887734758168 0.022125637001 -18.825986300737 0.173450945188 -1.059111328711 -0.025032042413 -5.493618110201 0.028671537084
25 13 1856.806077767574 27 -7.026424528170 0.037219161550 -17.146873760549 0.153373581742 -1.729752540441 -0.015339224024 -7.131024848018 0.051395597920
26 14 1855.946786205170 -32 -7.226005426689 0.040608076635 -16.786523638549 0.148815432721 -1.752746536967 -0.015207688011 -6.842997242790 0.048185803230
27 14 1855.813730238976 -30 -7.279800221677 0.041467150886 -16.760469218498 0.148060663621 -1.754366810356 -0.015301832158 -6.751703487088 0.047247476263
28 15 1855.774725668164 -29 -7.290346320237 0.041647724690 -16.663964239226 0.146768487363 -1.759692289335 -0.015299829993 -6.703737583102 0.046738370570
29 15 1855.744601756683 -27 -7.285107486796 0.041574717289 -16.456955268023 0.144160547681 -1.771952385224 -0.015254763671 -6.658329849978 0.046242711853
30 16 1855.726240967554 -25 -7.281127737312 0.041523005305 -16.418140016068 0.143761699418 -1.774935495116 -0.015208599987 -6.677111600524 0.046452265435
31 16 1854.459300805300 -23 -6.939774531638 0.036273334898 -15.956278443820 0.137822774859 -1.509299990605 -0.019535206847 -7.268378828136 0.052319895841
32 17 1853.347798931540 -22 -7.001970883284 0.037260866430 -16.030611690303 0.138193451363 -1.367882445811 -0.021564546100 -7.346149566402 0.053559791546
33 17 1846.414614562206 -20 -7.583920490206 0.046140196836 -15.301049545421 0.126563485661 0.445208258939 -0.047427469512 -7.854696206656 0.061698106470
34 18 1845.427670197352 -19 -7.470412936535 0.044193738878 -14.989628434251 0.123600869738 0.648717152966 -0.050821530332 -7.761014932162 0.060273247977
35 18 1844.529982986068 -17 -7.261760049538 0.041093048787 -14.974763258447 0.125685274373 0.934189565396 -0.054907770587 -7.645354482724 0.058578893433
36 19 1844.510602892126 -16 -7.214027937425 0.040420644270 -14.846347144139 0.124060310966 0.996613694779 -0.055821247731 -7.684778070039 0.059047450020
37 19 1844.510315698664 -14 -7.213923834956 0.040406317697 -14.827558945979 0.123831800251 0.996016144994 -0.055811713294 -7.688135688970 0.059094806274
38 20 1844.510295847802 -12 -7.214378754282 0.040408506284 -14.827776276647 0.123833489261 0.996120800718 -0.055812184570 -7.685792549569 0.059070083376
39 20 1844.510290248812 -10 -7.213755539883 0.040400370040 -14.830166723974 0.123861565835 0.996691023212 -0.055820861222 -7.683879882867 0.059046733976
40 21 1844.510290093811 -8 -7.213627997428 0.040398712481 -14.830333993652 0.123863552644 0.996757261233 -0.055821962188 -7.683919501006 0.059046850308
41 21 1844.510290084828 -5 -7.213595694824 0.040398290878 -14.830336232976 0.123863552008 0.996783881818 -0.055822393989 -7.683925151150 0.059046853076
42 22 1844.510290083957 -2 -7.213584280539 0.040398149573 -14.830334985473 0.123863528561 0.996797631714 -0.055822613811 -7.683924909479 0.059046823362
43 22 1844.510290083945 2 -7.213584791911 0.040398158328 -14.830336585671 0.123863544158 0.996796554159 -0.055822598080 -7.683924342996 0.059046821956
44 23 1844.510290083942 6 -7.213584794022 0.040398158355 -14.830336585178 0.123863544157 0.996796553113 -0.055822598080 -7.683924345153 0.059046821980
45 23 1844.510290083941 9 -7.213584794022 0.040398158355 -14.830336585177 0.123863544157 0.996796553112 -0.055822598080 -7.683924345154 0.059046821980
