# BEMgali.txt
#IMaCh version 0.99r45, April 2023,INED-EUROREVES-Institut de longevite-Japan Society for the Promotion of Science (Grant-in-Aid for Scientific Research 25293121), Intel Software 2015-2020, Nihon University 2021-202, INED 2000-2022
#$Revision: 1.353 $ $Date: 2023/05/08 18:48:22 $
# Tue Feb 04 20:24:32 2025
# probabilities of dying before estepm=6 months for people of exact age and weighted probabilities w1*p1j+w2*p2j+... stand dev in()
# Selected quantitative variables and dummies
# Age cov=1 p.3 SE w1 p13 w2 p23
 50 1   1.619e-003  5.546e-004  9.110e-001  2.572e-004   8.903e-002  1.555e-002 
 51 1   1.780e-003  5.795e-004  9.084e-001  2.959e-004   9.165e-002  1.648e-002 
 52 1   1.956e-003  6.048e-004  9.057e-001  3.404e-004   9.432e-002  1.747e-002 
 53 1   2.150e-003  6.304e-004  9.030e-001  3.917e-004   9.704e-002  1.851e-002 
 54 1   2.363e-003  6.562e-004  9.002e-001  4.506e-004   9.981e-002  1.961e-002 
 55 1   2.597e-003  6.824e-004  8.974e-001  5.183e-004   1.026e-001  2.077e-002 
 56 1   2.855e-003  7.089e-004  8.946e-001  5.962e-004   1.055e-001  2.201e-002 
 57 1   3.139e-003  7.359e-004  8.916e-001  6.859e-004   1.084e-001  2.331e-002 
 58 1   3.451e-003  7.635e-004  8.887e-001  7.889e-004   1.114e-001  2.469e-002 
 59 1   3.795e-003  7.920e-004  8.857e-001  9.075e-004   1.144e-001  2.615e-002 
 60 1   4.173e-003  8.107e-004  8.826e-001  1.044e-003   1.175e-001  2.769e-002 
 61 1   4.590e-003  8.625e-004  8.795e-001  1.200e-003   1.206e-001  2.931e-002 
 62 1   5.049e-003  8.953e-004  8.764e-001  1.381e-003   1.237e-001  3.103e-002 
 63 1   5.554e-003  9.187e-004  8.732e-001  1.588e-003   1.269e-001  3.285e-002 
 64 1   6.112e-003  9.624e-004  8.700e-001  1.826e-003   1.301e-001  3.477e-002 
 65 1   6.726e-003  1.007e-003  8.668e-001  2.100e-003   1.333e-001  3.680e-002 
 66 1   7.404e-003  1.057e-003  8.635e-001  2.414e-003   1.366e-001  3.894e-002 
 67 1   8.152e-003  1.113e-003  8.602e-001  2.776e-003   1.399e-001  4.119e-002 
 68 1   8.977e-003  1.178e-003  8.568e-001  3.192e-003   1.432e-001  4.358e-002 
 69 1   9.889e-003  1.251e-003  8.535e-001  3.669e-003   1.466e-001  4.609e-002 
 70 1   1.090e-002  1.334e-003  8.501e-001  4.218e-003   1.500e-001  4.874e-002 
 71 1   1.201e-002  1.429e-003  8.467e-001  4.848e-003   1.534e-001  5.153e-002 
 72 1   1.324e-002  1.537e-003  8.432e-001  5.571e-003   1.569e-001  5.448e-002 
 73 1   1.461e-002  1.659e-003  8.398e-001  6.401e-003   1.603e-001  5.758e-002 
 74 1   1.612e-002  1.796e-003  8.363e-001  7.355e-003   1.638e-001  6.084e-002 
 75 1   1.779e-002  1.951e-003  8.327e-001  8.448e-003   1.673e-001  6.428e-002 
 76 1   1.965e-002  2.128e-003  8.292e-001  9.703e-003   1.709e-001  6.789e-002 
 77 1   2.171e-002  2.329e-003  8.256e-001  1.114e-002   1.745e-001  7.169e-002 
 78 1   2.399e-002  2.560e-003  8.220e-001  1.279e-002   1.781e-001  7.569e-002 
 79 1   2.653e-002  2.830e-003  8.183e-001  1.468e-002   1.818e-001  7.989e-002 
 80 1   2.936e-002  3.149e-003  8.146e-001  1.684e-002   1.855e-001  8.430e-002 
 81 1   3.249e-002  3.532e-003  8.108e-001  1.931e-002   1.893e-001  8.893e-002 
 82 1   3.599e-002  3.998e-003  8.069e-001  2.214e-002   1.932e-001  9.379e-002 
 83 1   3.987e-002  4.568e-003  8.029e-001  2.537e-002   1.972e-001  9.888e-002 
 84 1   4.419e-002  5.268e-003  7.988e-001  2.906e-002   2.013e-001  1.042e-001 
 85 1   4.900e-002  6.130e-003  7.946e-001  3.326e-002   2.055e-001  1.098e-001 
 86 1   5.434e-002  7.188e-003  7.902e-001  3.805e-002   2.099e-001  1.156e-001 
 87 1   6.029e-002  8.476e-003  7.855e-001  4.349e-002   2.146e-001  1.218e-001 
 88 1   6.690e-002  1.003e-002  7.806e-001  4.967e-002   2.195e-001  1.281e-001 
 89 1   7.424e-002  1.190e-002  7.754e-001  5.667e-002   2.247e-001  1.348e-001 
 90 1   8.237e-002  1.412e-002  7.699e-001  6.459e-002   2.302e-001  1.418e-001 
