# BEMgali.txt
#IMaCh version 0.99r45, April 2023,INED-EUROREVES-Institut de longevite-Japan Society for the Promotion of Science (Grant-in-Aid for Scientific Research 25293121), Intel Software 2015-2020, Nihon University 2021-202, INED 2000-2022
#$Revision: 1.353 $ $Date: 2023/05/08 18:48:22 $
# Tue Feb 04 20:24:32 2025
#One-step probabilities and stand. devi in ()
# Age p1-1 (SE) p1-2 (SE) p1-3 (SE) p2-1 (SE) p2-2 (SE) p2-3 (SE)
50  9.803e-001 ( 3.476e-003)  1.947e-002 ( 3.502e-003)  2.572e-004 ( 2.036e-004)  1.708e-001 ( 2.901e-002)  8.136e-001 ( 2.935e-002)  1.555e-002 ( 5.946e-003) 
51  9.797e-001 ( 3.415e-003)  2.000e-002 ( 3.444e-003)  2.959e-004 ( 2.272e-004)  1.691e-001 ( 2.750e-002)  8.144e-001 ( 2.790e-002)  1.648e-002 ( 6.080e-003) 
52  9.791e-001 ( 3.351e-003)  2.054e-002 ( 3.382e-003)  3.404e-004 ( 2.533e-004)  1.675e-001 ( 2.604e-002)  8.151e-001 ( 2.649e-002)  1.747e-002 ( 6.210e-003) 
53  9.785e-001 ( 3.283e-003)  2.109e-002 ( 3.318e-003)  3.917e-004 ( 2.821e-004)  1.658e-001 ( 2.462e-002)  8.157e-001 ( 2.515e-002)  1.851e-002 ( 6.336e-003) 
54  9.779e-001 ( 3.213e-003)  2.166e-002 ( 3.251e-003)  4.506e-004 ( 3.138e-004)  1.642e-001 ( 2.326e-002)  8.162e-001 ( 2.385e-002)  1.961e-002 ( 6.458e-003) 
55  9.772e-001 ( 3.140e-003)  2.224e-002 ( 3.182e-003)  5.183e-004 ( 3.487e-004)  1.625e-001 ( 2.195e-002)  8.167e-001 ( 2.262e-002)  2.077e-002 ( 6.574e-003) 
56  9.766e-001 ( 3.066e-003)  2.284e-002 ( 3.112e-003)  5.962e-004 ( 3.871e-004)  1.609e-001 ( 2.070e-002)  8.171e-001 ( 2.146e-002)  2.201e-002 ( 6.685e-003) 
57  9.759e-001 ( 2.992e-003)  2.345e-002 ( 3.041e-003)  6.859e-004 ( 4.291e-004)  1.592e-001 ( 1.952e-002)  8.175e-001 ( 2.036e-002)  2.331e-002 ( 6.789e-003) 
58  9.751e-001 ( 2.919e-003)  2.408e-002 ( 2.971e-003)  7.889e-004 ( 4.752e-004)  1.576e-001 ( 1.842e-002)  8.177e-001 ( 1.935e-002)  2.469e-002 ( 6.888e-003) 
59  9.744e-001 ( 2.848e-003)  2.473e-002 ( 2.903e-003)  9.075e-004 ( 5.254e-004)  1.559e-001 ( 1.740e-002)  8.179e-001 ( 1.842e-002)  2.615e-002 ( 6.980e-003) 
60  9.736e-001 ( 2.781e-003)  2.539e-002 ( 2.838e-003)  1.044e-003 ( 5.801e-004)  1.543e-001 ( 1.647e-002)  8.180e-001 ( 1.758e-002)  2.769e-002 ( 7.067e-003) 
61  9.727e-001 ( 2.721e-003)  2.607e-002 ( 2.779e-003)  1.200e-003 ( 6.396e-004)  1.527e-001 ( 1.564e-002)  8.180e-001 ( 1.684e-002)  2.931e-002 ( 7.148e-003) 
62  9.719e-001 ( 2.670e-003)  2.677e-002 ( 2.728e-003)  1.381e-003 ( 7.039e-004)  1.510e-001 ( 1.491e-002)  8.180e-001 ( 1.620e-002)  3.103e-002 ( 7.226e-003) 
63  9.709e-001 ( 2.631e-003)  2.748e-002 ( 2.688e-003)  1.588e-003 ( 7.735e-004)  1.494e-001 ( 1.431e-002)  8.178e-001 ( 1.567e-002)  3.285e-002 ( 7.300e-003) 
64  9.700e-001 ( 2.608e-003)  2.821e-002 ( 2.661e-003)  1.826e-003 ( 8.484e-004)  1.477e-001 ( 1.383e-002)  8.175e-001 ( 1.526e-002)  3.477e-002 ( 7.374e-003) 
65  9.689e-001 ( 2.604e-003)  2.896e-002 ( 2.651e-003)  2.100e-003 ( 9.288e-004)  1.461e-001 ( 1.349e-002)  8.171e-001 ( 1.497e-002)  3.680e-002 ( 7.451e-003) 
66  9.679e-001 ( 2.623e-003)  2.972e-002 ( 2.662e-003)  2.414e-003 ( 1.015e-003)  1.445e-001 ( 1.328e-002)  8.166e-001 ( 1.480e-002)  3.894e-002 ( 7.535e-003) 
67  9.667e-001 ( 2.667e-003)  3.051e-002 ( 2.695e-003)  2.776e-003 ( 1.107e-003)  1.428e-001 ( 1.321e-002)  8.160e-001 ( 1.474e-002)  4.119e-002 ( 7.631e-003) 
68  9.655e-001 ( 2.739e-003)  3.131e-002 ( 2.755e-003)  3.192e-003 ( 1.204e-003)  1.412e-001 ( 1.326e-002)  8.153e-001 ( 1.480e-002)  4.358e-002 ( 7.746e-003) 
69  9.642e-001 ( 2.841e-003)  3.213e-002 ( 2.843e-003)  3.669e-003 ( 1.308e-003)  1.395e-001 ( 1.343e-002)  8.144e-001 ( 1.498e-002)  4.609e-002 ( 7.887e-003) 
70  9.628e-001 ( 2.974e-003)  3.297e-002 ( 2.961e-003)  4.218e-003 ( 1.417e-003)  1.379e-001 ( 1.371e-002)  8.134e-001 ( 1.525e-002)  4.874e-002 ( 8.065e-003) 
71  9.613e-001 ( 3.137e-003)  3.383e-002 ( 3.110e-003)  4.848e-003 ( 1.533e-003)  1.362e-001 ( 1.408e-002)  8.123e-001 ( 1.563e-002)  5.153e-002 ( 8.289e-003) 
72  9.597e-001 ( 3.331e-003)  3.471e-002 ( 3.289e-003)  5.571e-003 ( 1.656e-003)  1.345e-001 ( 1.453e-002)  8.110e-001 ( 1.609e-002)  5.448e-002 ( 8.572e-003) 
73  9.580e-001 ( 3.554e-003)  3.560e-002 ( 3.499e-003)  6.401e-003 ( 1.787e-003)  1.329e-001 ( 1.505e-002)  8.096e-001 ( 1.664e-002)  5.758e-002 ( 8.925e-003) 
74  9.561e-001 ( 3.805e-003)  3.651e-002 ( 3.739e-003)  7.355e-003 ( 1.928e-003)  1.312e-001 ( 1.562e-002)  8.080e-001 ( 1.726e-002)  6.084e-002 ( 9.363e-003) 
75  9.541e-001 ( 4.085e-003)  3.744e-002 ( 4.007e-003)  8.448e-003 ( 2.082e-003)  1.295e-001 ( 1.624e-002)  8.062e-001 ( 1.796e-002)  6.428e-002 ( 9.897e-003) 
76  9.519e-001 ( 4.393e-003)  3.839e-002 ( 4.304e-003)  9.703e-003 ( 2.254e-003)  1.278e-001 ( 1.688e-002)  8.043e-001 ( 1.873e-002)  6.789e-002 ( 1.054e-002) 
77  9.495e-001 ( 4.730e-003)  3.935e-002 ( 4.627e-003)  1.114e-002 ( 2.451e-003)  1.261e-001 ( 1.755e-002)  8.022e-001 ( 1.957e-002)  7.169e-002 ( 1.130e-002) 
78  9.469e-001 ( 5.100e-003)  4.032e-002 ( 4.977e-003)  1.279e-002 ( 2.684e-003)  1.244e-001 ( 1.823e-002)  7.999e-001 ( 2.049e-002)  7.569e-002 ( 1.218e-002) 
79  9.440e-001 ( 5.508e-003)  4.131e-002 ( 5.351e-003)  1.468e-002 ( 2.968e-003)  1.227e-001 ( 1.892e-002)  7.974e-001 ( 2.148e-002)  7.989e-002 ( 1.321e-002) 
80  9.409e-001 ( 5.961e-003)  4.231e-002 ( 5.750e-003)  1.684e-002 ( 3.322e-003)  1.210e-001 ( 1.962e-002)  7.947e-001 ( 2.254e-002)  8.430e-002 ( 1.437e-002) 
81  9.374e-001 ( 6.471e-003)  4.332e-002 ( 6.173e-003)  1.931e-002 ( 3.770e-003)  1.193e-001 ( 2.031e-002)  7.918e-001 ( 2.369e-002)  8.893e-002 ( 1.568e-002) 
82  9.335e-001 ( 7.057e-003)  4.433e-002 ( 6.618e-003)  2.214e-002 ( 4.341e-003)  1.176e-001 ( 2.100e-002)  7.887e-001 ( 2.493e-002)  9.379e-002 ( 1.715e-002) 
83  9.293e-001 ( 7.741e-003)  4.535e-002 ( 7.085e-003)  2.537e-002 ( 5.068e-003)  1.158e-001 ( 2.168e-002)  7.853e-001 ( 2.627e-002)  9.888e-002 ( 1.877e-002) 
84  9.246e-001 ( 8.553e-003)  4.636e-002 ( 7.574e-003)  2.906e-002 ( 5.987e-003)  1.141e-001 ( 2.235e-002)  7.817e-001 ( 2.771e-002)  1.042e-001 ( 2.055e-002) 
85  9.194e-001 ( 9.531e-003)  4.737e-002 ( 8.083e-003)  3.326e-002 ( 7.139e-003)  1.123e-001 ( 2.300e-002)  7.779e-001 ( 2.926e-002)  1.098e-001 ( 2.250e-002) 
86  9.136e-001 ( 1.072e-002)  4.838e-002 ( 8.612e-003)  3.805e-002 ( 8.565e-003)  1.105e-001 ( 2.364e-002)  7.738e-001 ( 3.093e-002)  1.156e-001 ( 2.462e-002) 
87  9.071e-001 ( 1.217e-002)  4.936e-002 ( 9.160e-003)  4.349e-002 ( 1.031e-002)  1.087e-001 ( 2.426e-002)  7.695e-001 ( 3.273e-002)  1.218e-001 ( 2.691e-002) 
88  9.000e-001 ( 1.394e-002)  5.032e-002 ( 9.726e-003)  4.967e-002 ( 1.244e-002)  1.069e-001 ( 2.485e-002)  7.649e-001 ( 3.466e-002)  1.281e-001 ( 2.938e-002) 
89  8.921e-001 ( 1.609e-002)  5.126e-002 ( 1.031e-002)  5.667e-002 ( 1.498e-002)  1.051e-001 ( 2.543e-002)  7.601e-001 ( 3.674e-002)  1.348e-001 ( 3.203e-002) 
90  8.833e-001 ( 1.868e-002)  5.215e-002 ( 1.091e-002)  6.459e-002 ( 1.802e-002)  1.033e-001 ( 2.598e-002)  7.549e-001 ( 3.898e-002)  1.418e-001 ( 3.486e-002) 