
# model  
#****** Result for:******
# BEMgali.txt
#IMaCh version 0.99r45, April 2023,INED-EUROREVES-Institut de longevite-Japan Society for the Promotion of Science (Grant-in-Aid for Scientific Research 25293121), Intel Software 2015-2020, Nihon University 2021-202, INED 2000-2022
#$Revision: 1.353 $ $Date: 2023/05/08 18:48:22 $
# Tue Feb 04 20:24:32 2025
# Total life expectancy with std error and decomposition into time to be expected in each health state
#  (weighted average of eij where weights are the age specific forward period (stable) prevalences in each health state 
# Age popbased mobilav e.. (std) e.1 (std) e.2 (std) 
   50 0 0  30.628 (  0.939)  26.239 (  0.923)   4.389 (  0.368)
   51 0 0  29.728 (  0.923)  25.415 (  0.903)   4.313 (  0.362)
   52 0 0  28.835 (  0.907)  24.599 (  0.885)   4.236 (  0.356)
   53 0 0  27.949 (  0.892)  23.792 (  0.867)   4.157 (  0.351)
   54 0 0  27.070 (  0.876)  22.993 (  0.850)   4.077 (  0.346)
   55 0 0  26.199 (  0.862)  22.204 (  0.834)   3.995 (  0.342)
   56 0 0  25.336 (  0.848)  21.424 (  0.819)   3.912 (  0.337)
   57 0 0  24.482 (  0.834)  20.654 (  0.805)   3.828 (  0.334)
   58 0 0  23.637 (  0.822)  19.894 (  0.791)   3.743 (  0.330)
   59 0 0  22.801 (  0.809)  19.145 (  0.779)   3.656 (  0.327)
   60 0 0  21.975 (  0.801)  18.407 (  0.765)   3.568 (  0.329)
   61 0 0  21.160 (  0.795)  17.681 (  0.766)   3.479 (  0.319)
   62 0 0  20.355 (  0.784)  16.966 (  0.756)   3.390 (  0.316)
   63 0 0  19.562 (  0.767)  16.263 (  0.731)   3.299 (  0.323)
   64 0 0  18.781 (  0.757)  15.573 (  0.727)   3.208 (  0.316)
   65 0 0  18.012 (  0.748)  14.896 (  0.718)   3.116 (  0.314)
   66 0 0  17.255 (  0.739)  14.232 (  0.709)   3.023 (  0.313)
   67 0 0  16.512 (  0.732)  13.582 (  0.701)   2.931 (  0.311)
   68 0 0  15.783 (  0.724)  12.945 (  0.693)   2.837 (  0.310)
   69 0 0  15.068 (  0.717)  12.324 (  0.685)   2.744 (  0.308)
   70 0 0  14.367 (  0.711)  11.716 (  0.678)   2.651 (  0.307)
   71 0 0  13.682 (  0.705)  11.124 (  0.670)   2.558 (  0.306)
   72 0 0  13.012 (  0.699)  10.548 (  0.662)   2.465 (  0.304)
   73 0 0  12.359 (  0.694)   9.987 (  0.655)   2.372 (  0.303)
   74 0 0  11.722 (  0.690)   9.441 (  0.648)   2.280 (  0.301)
   75 0 0  11.102 (  0.686)   8.912 (  0.641)   2.189 (  0.300)
   76 0 0  10.499 (  0.683)   8.400 (  0.634)   2.099 (  0.298)
   77 0 0   9.914 (  0.680)   7.904 (  0.628)   2.010 (  0.297)
   78 0 0   9.347 (  0.678)   7.425 (  0.622)   1.922 (  0.295)
   79 0 0   8.799 (  0.677)   6.963 (  0.617)   1.836 (  0.293)
   80 0 0   8.270 (  0.676)   6.518 (  0.611)   1.752 (  0.291)
   81 0 0   7.760 (  0.675)   6.091 (  0.607)   1.669 (  0.289)
   82 0 0   7.269 (  0.675)   5.681 (  0.602)   1.588 (  0.286)
   83 0 0   6.797 (  0.674)   5.288 (  0.598)   1.509 (  0.284)
   84 0 0   6.346 (  0.674)   4.913 (  0.595)   1.433 (  0.281)
   85 0 0   5.914 (  0.672)   4.555 (  0.591)   1.359 (  0.279)
   86 0 0   5.503 (  0.671)   4.215 (  0.587)   1.288 (  0.276)
   87 0 0   5.111 (  0.668)   3.892 (  0.583)   1.220 (  0.273)
   88 0 0   4.740 (  0.664)   3.585 (  0.578)   1.154 (  0.270)
   89 0 0   4.389 (  0.658)   3.296 (  0.573)   1.092 (  0.267)
   90 0 0   4.057 (  0.650)   3.024 (  0.567)   1.033 (  0.263)
