# Powell
# iter -2*LL p12 p13 p21 p23
1 1 11796.071250899944 1 0.000000000000 0.000000000000 0.000000000000 0.000000000000 0.000000000000 0.000000000000 0.000000000000 0.000000000000
2 2 2984.561162299393 3 5.960297649404 -0.003912920826 -0.756853612324 0.003880885722 2.803070021658 -0.000835523364 -1.183554032095 0.002779766930
3 2 2826.321892340632 4 4.090058057604 -0.006037370045 -1.855020143279 0.009174808918 2.624490894379 -0.006034074480 -1.689885164394 -0.014157730641
4 3 2738.875439282518 6 2.292633155093 -0.012065985245 -3.318401144801 0.018344011812 2.312854349341 0.006429877662 -1.719576446774 -0.036059165743
5 3 2630.299157245206 7 1.293718601397 -0.019156333860 -4.701218436624 0.024781750092 2.119819858460 0.033370100990 -1.210203075452 -0.045546822230
6 4 2489.626287578280 8 1.008477394954 -0.023941248253 -5.850690754765 0.022404753892 1.939472512763 0.056492259855 -0.841673389674 -0.012357332555
7 4 2480.570583924437 10 1.060794087753 -0.023290586594 -5.935986581293 0.023311815398 1.886000770972 0.059331546045 -0.965678542586 0.006080664184
8 5 2321.751766600758 11 -3.793219974200 0.054861657648 -14.723312233938 0.137878650311 -3.257551712429 0.347671275086 -15.899481753563 0.458435729837
9 5 2287.662080501085 12 -4.620302167153 0.059688009748 -15.224306464151 0.141405230876 -3.542020547897 0.364041019643 -16.770390333621 0.482950329768
10 6 2283.035357806191 14 -5.475242127701 0.070711577778 -16.370616958728 0.153940310476 -4.188064568405 0.401458228874 -18.742131262450 0.535634262350
11 6 2281.147581237487 15 -5.602970231529 0.072809614538 -16.580188524110 0.158914197851 -4.305298501028 0.408291935467 -19.089158212776 0.543009055818
12 7 2279.490454551548 17 -5.953572753132 0.077924580197 -17.087094811674 0.169812916071 -4.605073336152 0.424949503537 -19.918954726592 0.563239802517
13 7 2278.857418484608 18 -6.126983180760 0.081038467359 -17.395744463221 0.174202847138 -4.785598160873 0.435076257897 -20.415783814627 0.577152711477
14 8 2278.500315571688 19 -6.437043241420 0.086329753543 -17.918479182082 0.181571151556 -5.090179570195 0.452217954529 -21.227780291248 0.600051792108
15 8 2278.463599172197 20 -6.439676942331 0.086385644192 -17.922069958105 0.181665184870 -5.092933920355 0.452340935236 -21.200166441086 0.599791833474
16 9 2275.986481277892 22 -7.121460627521 0.096570436392 -18.902751619159 0.195000907922 -5.731370976875 0.485029555254 -18.600186516256 0.594630205772
17 9 2275.857650389185 23 -7.187190858399 0.097685963527 -19.016482293331 0.195700705119 -5.790176736760 0.488968595277 -18.560769553134 0.597407195576
18 10 2275.799909077656 24 -7.155198881466 0.097302599552 -19.024437337920 0.196417247411 -5.774750309637 0.489132526097 -18.448551862358 0.595699559333
19 10 2275.724461672963 25 -7.167835922996 0.097371668947 -19.123560255967 0.198057928833 -5.808186266523 0.492001411167 -18.488088785664 0.598302228855
20 11 2275.299334920442 26 -7.028625714419 0.095133091080 -19.533920795944 0.203873838311 -5.839593084617 0.501579674874 -17.976852164295 0.600400714909
21 11 2274.559793675030 27 -6.910510316582 0.093152220765 -20.331907015116 0.213498148023 -5.974489806460 0.520911189739 -17.611801419430 0.613644380387
22 12 2273.228193997966 28 -6.730681287908 0.090249585440 -22.212589338398 0.234377237638 -6.339579972549 0.567099206300 -17.094928582640 0.650457820411
23 12 2272.703018233704 29 -6.795033226627 0.091335042481 -22.765574059976 0.239968845251 -6.513325352773 0.582248983635 -17.172361064021 0.665140071890
24 13 2272.432360331823 30 -6.798223308326 0.091689706556 -23.446518750674 0.246974871960 -6.694269990554 0.600968891205 -16.928910835467 0.678939088822
25 13 2272.422331584898 31 -6.746176849394 0.090886876659 -23.356274363694 0.245705793535 -6.644400546068 0.598087562361 -16.926408444140 0.676679365198
26 14 2272.420733919842 32 -6.721065248413 0.090499970831 -23.341762515288 0.245410270698 -6.627373134446 0.597422823722 -16.942930140314 0.676480727713
27 14 2272.420667390161 34 -6.723215530369 0.090530475539 -23.356956418998 0.245588271890 -6.632138451395 0.597828177778 -16.948850213900 0.676909177230
28 15 2272.420658288606 35 -6.723549281110 0.090536072308 -23.364149916135 0.245671322901 -6.634091684239 0.598017633109 -16.949695180476 0.677087605061
29 15 2272.420657564988 36 -6.723542649545 0.090536300854 -23.366038059243 0.245693493963 -6.634558851205 0.598066521191 -16.949822607665 0.677132681689
30 16 2272.420657526408 38 -6.723545957450 0.090536486434 -23.366385246898 0.245697660593 -6.634648851098 0.598075543046 -16.949899426310 0.677141612769
31 16 2272.420657523471 40 -6.723553844696 0.090536665451 -23.366476612178 0.245698789356 -6.634676710089 0.598077963443 -16.949954059210 0.677144401501
32 17 2272.420657523465 42 -6.723554943900 0.090536683125 -23.366472603995 0.245698741112 -6.634676325090 0.598077869072 -16.949958256626 0.677144366205
33 17 2272.420657523459 -16 -6.723555366145 0.090536689141 -23.366476031974 0.245698777739 -6.634677372743 0.598077964348 -16.949958449598 0.677144451633
34 18 2272.420657523457 -13 -6.723555290261 0.090536687907 -23.366476684783 0.245698785216 -6.634677493065 0.598077980320 -16.949958218544 0.677144463603
