# Powell
# iter -2*LL p12 p13 p21 p23
1 1 6044.144419281974 0 0.000000000000 0.000000000000 0.000000000000 0.000000000000 0.000000000000 0.000000000000 0.000000000000 0.000000000000
2 2 2081.250249285753 1 6.542816616464 -0.000872261480 -0.550423292354 0.000869213644 2.876138428190 -0.001248217812 -1.085400144190 0.002586454789
3 2 1943.283560212517 1 3.482690583891 -0.002649437933 -1.265715024219 0.003795173300 2.888451445529 -0.002864156217 -1.842846403509 0.005451384259
4 3 1900.220086897122 2 2.399799088265 -0.006573197292 -2.725290030456 0.010643809055 2.603856510925 -0.007276458767 -2.888958530479 0.012556592019
5 3 1891.254111565034 3 2.451174084382 -0.009059653686 -3.017755026823 0.010559187147 2.873279207541 -0.010554897932 -3.071943238924 0.014683973670
6 4 1859.869075391170 4 2.602310510339 -0.023403653472 -4.134380379746 0.004675548381 5.204088612853 -0.033200085382 -3.539730120618 0.040591011883
7 4 1851.634035349845 4 2.962342213197 -0.026526392632 -4.383733273564 0.010160653392 5.790131345104 -0.036875313543 -3.714491270723 0.045441093584
8 5 1840.733499765501 5 3.756727118324 -0.034431790977 -5.024761958822 0.031425607277 7.414850499728 -0.045128808809 -4.258061972579 0.060938470851
9 5 1840.094444423967 6 3.829198770162 -0.036196833462 -5.219691264309 0.032777228680 7.780746140710 -0.047733935848 -4.403610037860 0.065099866804
10 6 1839.837065880409 6 3.851274432052 -0.036724486703 -5.334750089844 0.033701669707 7.932480839253 -0.049017195474 -4.502219229158 0.067277461656
11 6 1839.197960035739 7 3.810197331327 -0.036517233426 -5.785072750396 0.038163110041 8.235172317141 -0.052907693061 -4.945481949428 0.073609529713
12 7 1838.654972714442 8 3.727162844986 -0.034314843953 -5.815030354416 0.038865901435 8.062865296514 -0.052787892769 -5.046116288948 0.072816986665
13 7 1833.970370458388 8 2.403289875805 -0.013805998607 -6.557817406072 0.051906254059 6.864679135929 -0.056171328085 -6.472513125589 0.071987833873
14 8 1833.683666079584 9 2.355084687887 -0.012061787702 -6.757859355913 0.056101486115 6.922473027111 -0.057480893137 -6.712312751874 0.074520388573
15 8 1833.560275186430 10 2.249193466209 -0.009957660852 -7.048050471632 0.061062193839 7.001460574545 -0.058700751181 -6.961990714350 0.077449867350
16 9 1833.426526828482 10 2.197607659511 -0.009135313585 -7.150805724919 0.062628710160 7.028658576522 -0.058570529470 -7.017213957872 0.078109675901
17 9 1832.013647634240 11 1.182490678070 0.003255486337 -8.481002470528 0.081519570786 6.973429124781 -0.050006894071 -7.356456440877 0.088315044520
18 10 1831.169438186577 11 0.736166854843 0.009971975583 -8.792428785517 0.085834818036 6.704085940453 -0.044448028659 -7.271431632278 0.089474509445
19 10 1830.715711858328 12 0.230296422692 0.017580789487 -9.099684339261 0.090710560393 6.381754015602 -0.035795968503 -6.969777470969 0.090324111689
20 11 1830.619416309861 13 0.367126738427 0.015062287190 -9.077283140499 0.089479904757 6.634615522237 -0.029352860744 -6.286959027535 0.091539655221
21 11 1830.397104881108 13 -0.119446307846 0.020946333140 -9.728569793253 0.098231815926 6.765326022859 -0.012840136842 -5.353706975983 0.097251213312
22 12 1830.103154672017 14 -0.207260338053 0.021756050467 -10.181945545033 0.104683508354 7.101488898067 -0.008503349995 -5.165030836223 0.102722796756
23 12 1829.354845266347 14 0.469565872765 0.012681585917 -10.414449256032 0.107222785787 8.425677969384 0.010892771453 -3.039218168512 0.112039632670
24 13 1829.301669869518 15 0.472711497542 0.012675400889 -10.569189786383 0.109509441447 8.574579807911 0.011995108408 -2.988001315269 0.114164706837
25 13 1829.284840384235 15 0.377596543811 0.013835254462 -10.790419441830 0.112336078399 8.683851900762 0.015338058223 -2.816228747855 0.116705081641
26 14 1829.283062619698 16 0.370801542857 0.013967302914 -10.808218569238 0.112600823851 8.685849810578 0.015374960385 -2.825129387939 0.116867137553
27 14 1829.281907634815 17 0.359020232014 0.014182574510 -10.831740586750 0.112921528390 8.682183781358 0.015267107640 -2.852130980624 0.117069322992
28 15 1829.281905917313 17 0.357972200626 0.014196696894 -10.831623750364 0.112921379012 8.680436666152 0.015242065604 -2.855081451700 0.117058922303
29 15 1829.281902944852 18 0.356978319080 0.014208263827 -10.834439855499 0.112956340582 8.683334658152 0.015305852753 -2.851162415051 0.117110314241
30 16 1829.281892979077 19 0.355929414530 0.014220434225 -10.837544694937 0.112994877213 8.689225609147 0.015415477820 -2.844122759145 0.117205974014
31 16 1829.281817361660 20 0.352086946238 0.014265002448 -10.848234156296 0.113126694251 8.729519038790 0.016084761650 -2.800123388758 0.117831050693
32 17 1829.281403749826 21 0.344961647211 0.014347605670 -10.864900066269 0.113328406631 8.918708445514 0.018971079233 -2.606392904106 0.120667152812
33 17 1829.279966835094 21 0.338520823396 0.014422009090 -10.867346439177 0.113341255390 9.704099596032 0.030443592747 -1.826139532674 0.132218650656
34 18 1829.278964433917 22 0.338510290270 0.014431495842 -10.849424295913 0.113127108747 10.916585002502 0.047995246216 -0.626800616116 0.149927582765
35 18 1829.278533575491 23 0.348874110242 0.014313845167 -10.828209600142 0.112882518599 12.091148916823 0.064964266354 0.543228273136 0.166934797002
36 19 1829.278454878191 23 0.356432320127 0.014217510517 -10.825038359401 0.112839546526 12.015309313067 0.063829140125 0.473143660264 0.165727777049
37 19 1829.278445082791 24 0.357696235641 0.014199996533 -10.823539277391 0.112815171898 12.253755259914 0.067293861717 0.711851526502 0.169193187794
38 20 1829.278440978177 24 0.357935996146 0.014195732188 -10.822656945592 0.112799123145 12.674139880929 0.073417613735 1.131855975783 0.175325834873
39 20 1829.278440091707 24 0.357920060660 0.014196262243 -10.822382695497 0.112796343650 12.811250447618 0.075415353574 1.268742385808 0.177325899422
40 21 1829.278436079451 25 0.356850554357 0.014209950874 -10.825182763305 0.112834529593 13.576450452436 0.086597557619 2.034843164628 0.188494521808
41 21 1829.278435721252 25 0.356966495364 0.014208444468 -10.825051306067 0.112832472810 13.804284340541 0.089919795215 2.262697859880 0.191816697355
42 22 1829.278435189377 26 0.357311212317 0.014204029017 -10.824219446059 0.112821710248 14.880444580281 0.105611139336 3.338682170858 0.207510374171
43 22 1829.278435127353 26 0.357245226618 0.014204940526 -10.824378335520 0.112823797531 15.184869203308 0.110052281832 3.643099758138 0.211951698275
44 23 1829.278435075402 26 0.357101614447 0.014206742521 -10.824645476668 0.112827246805 16.149654224893 0.124126869310 4.607919204430 0.226025842486
45 23 1829.278435068810 27 0.357127926593 0.014206408797 -10.824611649550 0.112826790329 16.519043522594 0.129514621663 4.977312727376 0.231413539572
46 24 1829.278435064330 27 0.357166800054 0.014205906400 -10.824545964314 0.112825903292 17.577827610859 0.144957898997 6.036100566460 0.246856783403
47 24 1829.278435063760 28 0.357159785334 0.014205995343 -10.824561022802 0.112826105793 17.966831853460 0.150632125999 6.425107774085 0.252530952418
48 25 1829.278435063360 29 0.357150610125 0.014206121889 -10.824575554498 0.112826323294 19.027153768003 0.166098291659 7.485422360917 0.267997207128
49 25 1829.278435063342 30 0.357152293512 0.014206100033 -10.824574140965 0.112826304219 19.164926434953 0.168107855592 7.623194693498 0.270006783957
50 26 1829.278435063325 31 0.357151574055 0.014206109134 -10.824572125276 0.112826269345 19.437513956588 0.172083877070 7.895779374576 0.273982844218
51 26 1829.278435063316 33 0.357154032807 0.014206073711 -10.824569306931 0.112826231577 19.437502702369 0.172083702778 7.895770195184 0.273982642925
52 27 1829.278435063311 34 0.357151679374 0.014206107791 -10.824571091486 0.112826258225 19.579631431442 0.174156867825 8.037899517366 0.276055800908
53 27 1829.278435063305 35 0.357151946726 0.014206104480 -10.824572516392 0.112826278215 19.659325566679 0.175319309904 8.117594233899 0.277218231878
