# Powell
# iter -2*LL p12 p13 p21 p23
1 1 15810.297996081454 0 0.000000000000 0.000000000000 0.000000000000 0.000000000000 0.000000000000 0.000000000000 0.000000000000 0.000000000000
2 2 4565.906362941400 1 10.322114808399 -0.003467732812 -0.501882215378 0.003533605983 2.801302015709 -0.000752583317 -1.321915626376 0.002065169809
3 2 4093.156286703060 1 4.360893386806 -0.004930559874 -1.229002775997 0.006142143585 2.153927944816 -0.001795966596 -2.751297148975 0.005160231259
4 3 3370.004047291722 2 4.094288104279 -0.009012894565 -1.761289324525 0.011577085867 -0.580291504762 -0.007400724131 -5.673697279509 0.011202896663
5 3 3358.266142717171 3 3.740946247674 -0.012309415942 -1.892068600270 0.015141369734 -0.651810968792 -0.008729564638 -5.654274811314 0.014489061433
6 4 3308.077956607754 4 8.319959721538 -0.044115624013 -3.498002435434 0.048416230306 0.165897818427 -0.017862071230 -5.480464013580 0.020355801115
7 4 3281.537502251623 5 10.527548153137 -0.064879538169 -4.498262241593 0.068617114849 0.579073221620 -0.024005068076 -5.553680276194 0.020006493227
8 5 3236.608294168939 6 17.497735784428 -0.142053819150 -7.250205835272 0.124512331744 1.841682995257 -0.043055888540 -5.722050396094 0.017822556513
9 5 3221.704846158795 7 21.733929493278 -0.175617470931 -8.848717131481 0.157232441255 2.554748398832 -0.054220726615 -5.811067059305 0.019724453105
10 6 3199.392970340614 8 36.830378569585 -0.288114887324 -14.580541273618 0.274327848928 5.196261011664 -0.094207759454 -6.082342719972 0.024873537183
11 6 3197.887966765567 8 36.496930979838 -0.280994210208 -15.015941457455 0.271696421109 5.152538068452 -0.093289166374 -6.081269505563 0.025494656073
12 7 3197.378474236480 9 36.847130912193 -0.280422518837 -14.828432655891 0.275672256586 5.225399021811 -0.094034438007 -6.198877920024 0.026408269339
13 7 3196.126762451812 10 35.897140099747 -0.258374448059 -13.368442198658 0.271549890962 5.025527479792 -0.090804538683 -6.462874436824 0.029344256968
14 8 3191.327696225224 11 33.237716386978 -0.166549262162 -7.398797629262 0.264094189590 4.321322107000 -0.080476868134 -7.575472601860 0.043910510137
15 8 3187.043009197394 12 34.917185750546 -0.141627759524 -5.769469577707 0.283005578920 4.446900888345 -0.083324171385 -8.117316634553 0.052359566661
16 9 3186.410304648995 13 37.060370038793 -0.140083557721 -5.634035632554 0.303518403457 4.750349084033 -0.088202858276 -8.442081095098 0.056801108313
17 9 3186.406353876430 13 37.078073392309 -0.140277543393 -5.689289108621 0.304148207436 4.751976054891 -0.088227907803 -8.441675261664 0.056786550075
18 10 3185.599386928535 14 39.945075097831 -0.151524938792 -24.713387512463 0.536860388949 4.549621945522 -0.085104690662 -8.424115061430 0.056568821636
19 10 3185.350017604744 15 41.114796971932 -0.157438956597 -31.627406007094 0.615298704363 4.522192401927 -0.084735511703 -8.409859409245 0.056385245053
20 11 3185.279359279466 16 42.867811135182 -0.166217950233 -39.058501278861 0.703809636025 4.576934098006 -0.085556903511 -8.435855628131 0.056688454997
21 11 3185.278977452158 16 42.898118816597 -0.166709503960 -39.318180591739 0.706471215639 4.574342225447 -0.085529955734 -8.428338741859 0.056596718074
22 12 3185.278972153843 17 42.899162520788 -0.166733720373 -39.351217001339 0.706808597333 4.573574851007 -0.085517396491 -8.427608635955 0.056587673976
23 12 3185.278971603171 18 42.896937358167 -0.166726428482 -39.343289405092 0.706698303070 4.573523983757 -0.085516484312 -8.427483777307 0.056586240920
24 13 3185.278971563420 20 42.896367018181 -0.166720142093 -39.341402980048 0.706675749188 4.573479928952 -0.085515808001 -8.427518753655 0.056586743425
25 13 3185.278971561237 21 42.896259814366 -0.166718796544 -39.341179523058 0.706673027376 4.573466344049 -0.085515601728 -8.427525683370 0.056586846787
26 14 3185.278971561104 23 42.896257526531 -0.166718662647 -39.341254470635 0.706673826114 4.573463140113 -0.085515552663 -8.427526155746 0.056586855575
27 14 3185.278971561098 24 42.896257241316 -0.166718652334 -39.341253785650 0.706673825474 4.573463064710 -0.085515551529 -8.427526288544 0.056586857246
