# GRMgali.txt
#IMaCh version 0.99r45, April 2023,INED-EUROREVES-Institut de longevite-Japan Society for the Promotion of Science (Grant-in-Aid for Scientific Research 25293121), Intel Software 2015-2020, Nihon University 2021-202, INED 2000-2022
#$Revision: 1.353 $ $Date: 2023/05/08 18:48:22 $
# Tue Feb 04 20:24:32 2025
# Forward period (stable) prevalence. Precision given by ftolpl=0.0006 
#Age 1-1 2-2 
#************
#Age   1-1     2-2   Total Years_to_converge
50  0.99532 0.00468 1.000 18
51  0.99484 0.00516 1.000 19
52  0.99431 0.00569 1.000 19
53  0.99374 0.00627 1.000 19
54  0.99310 0.00690 1.000 19
55  0.99241 0.00760 1.000 20
56  0.99164 0.00836 1.000 20
57  0.99081 0.00920 1.000 20
58  0.98989 0.01011 1.000 20
59  0.98890 0.01111 1.000 21
60  0.98780 0.01220 1.000 21
61  0.98661 0.01339 1.000 21
62  0.98531 0.01470 1.000 21
63  0.98389 0.01611 1.000 21
64  0.98235 0.01766 1.000 22
65  0.98067 0.01934 1.000 22
66  0.97884 0.02117 1.000 22
67  0.97686 0.02315 1.000 22
68  0.97470 0.02531 1.000 22
69  0.97236 0.02765 1.000 23
70  0.96982 0.03020 1.000 23
71  0.96706 0.03295 1.000 23
72  0.96408 0.03594 1.000 23
73  0.96084 0.03918 1.000 23
74  0.95733 0.04269 1.000 23
75  0.95353 0.04649 1.000 24
76  0.94941 0.05061 1.000 24
77  0.94494 0.05509 1.000 24
78  0.94010 0.05994 1.000 24
79  0.93483 0.06520 1.000 24
80  0.92910 0.07093 1.000 24
81  0.92286 0.07718 1.000 24
82  0.91606 0.08398 1.000 24
83  0.90862 0.09143 1.000 24
84  0.90048 0.09958 1.000 24
85  0.89152 0.10854 1.000 24
86  0.88166 0.11840 1.000 25
87  0.87075 0.12932 1.000 25
88  0.85864 0.14144 1.000 25
89  0.84514 0.15494 1.000 25
90  0.83003 0.17006 1.000 25
