# Powell
# iter -2*LL p12 p13 p21 p23
1 1 1368.898309299748 0 -10.015536400000 0.081502700000 -13.223505700000 0.133251200000 1.548296000000 -0.037927900000 -4.376541700000 0.040800900000
2 2 1268.238581263036 0 -10.471840829184 0.081523474897 -14.082934811579 0.133207238861 0.868156076205 -0.037775643506 -5.139840317895 0.040832245236
3 2 1266.934388744026 1 -10.609382720721 0.081505991315 -14.021250070538 0.133168945290 0.734407018934 -0.037687024816 -5.187720579035 0.040867517147
4 3 1266.896353162917 1 -10.640789413793 0.081488159308 -14.016962146003 0.133130846113 0.719894312823 -0.037604236282 -5.196443739146 0.040901895336
5 3 1266.873194208101 1 -10.649917457684 0.081275564351 -13.975899384365 0.132672856644 0.641137983840 -0.036624368240 -5.235196882707 0.041314192529
6 4 1266.840856222064 2 -10.629223578065 0.080946062397 -13.916450948676 0.131950565295 0.525615489598 -0.035036976358 -5.295036392217 0.041997012252
7 4 1266.805234891574 2 -10.606609274798 0.080840699472 -13.833581599186 0.130911795529 0.366229502297 -0.032762888336 -5.379991067112 0.043067857273
8 5 1266.797766097780 2 -10.598497916200 0.080935698646 -13.837116857435 0.130927056169 0.375039067459 -0.032830269691 -5.377531720899 0.043121208443
9 5 1266.796765968090 2 -10.598337956693 0.080952980551 -13.831238816694 0.130819702982 0.378036609389 -0.032895831267 -5.381073083793 0.043223531206
10 6 1266.793673260678 3 -10.600054065516 0.081013985485 -13.807899541836 0.130510206128 0.388714047971 -0.033068010651 -5.391804145737 0.043425065598
11 6 1266.783545853612 3 -10.611923079149 0.081217191623 -13.720679247498 0.129410337011 0.435468690881 -0.033731414155 -5.427537960283 0.043920755083
12 7 1266.775791942332 3 -10.621890587827 0.081279468129 -13.688384308429 0.129042169465 0.466015776314 -0.034118224367 -5.435605027718 0.043908170748
13 7 1266.774908874253 4 -10.625901482146 0.081300982446 -13.679814923740 0.128952149089 0.480298943594 -0.034311591190 -5.435965312074 0.043885809082
14 8 1266.774826101396 4 -10.627164518227 0.081308523040 -13.677171606733 0.128924131192 0.484497953275 -0.034368104869 -5.436234740242 0.043880592813
15 8 1266.774815740643 4 -10.627624952378 0.081311761644 -13.676378435854 0.128915763498 0.485783508152 -0.034385436009 -5.436402853848 0.043880096697
16 9 1266.774805734204 4 -10.628713981877 0.081321637648 -13.675212840956 0.128903618062 0.487774273609 -0.034412316439 -5.437108279532 0.043884917437
17 9 1266.774796787888 5 -10.629173244700 0.081328302635 -13.674465850671 0.128893952926 0.488154568230 -0.034417977182 -5.437892284342 0.043895758382
18 10 1266.774599539873 5 -10.643754599215 0.081520088230 -13.678690799165 0.128945238045 0.485463397671 -0.034383074316 -5.455278978302 0.044117631015
19 10 1266.774598832404 5 -10.643750953039 0.081520296385 -13.678778496815 0.128946248419 0.485376293983 -0.034382036638 -5.455142114866 0.044116480110
20 11 1266.774588943880 6 -10.645474320186 0.081537930899 -13.679867360786 0.128962719801 0.485156236587 -0.034378875848 -5.453415995210 0.044093527912
21 11 1266.774565957649 6 -10.649340154778 0.081585886078 -13.679256061195 0.128956160581 0.484356793654 -0.034367619785 -5.451185257552 0.044065235026
22 12 1266.774540918133 7 -10.652154413378 0.081625918202 -13.677109210469 0.128927032219 0.483669727415 -0.034358225578 -5.450453010378 0.044057338013
23 12 1266.774535278493 7 -10.653271423552 0.081642410307 -13.676693308602 0.128920734254 0.482992494159 -0.034348878242 -5.449814041360 0.044049917210
24 13 1266.774533930794 8 -10.653703281417 0.081648989278 -13.676679327591 0.128920037927 0.482540041288 -0.034342562463 -5.449431516426 0.044045386639
25 13 1266.774533616817 8 -10.653872848734 0.081651654530 -13.676730097048 0.128920429976 0.482293790392 -0.034339106115 -5.449229590242 0.044042972833
26 14 1266.774533546894 9 -10.653940335524 0.081652744010 -13.676771587016 0.128920837606 0.482168856974 -0.034337347386 -5.449130015269 0.044041778674
27 14 1266.774533532114 9 -10.653966964367 0.081653186495 -13.676795254120 0.128921085713 0.482109593787 -0.034336510807 -5.449082389373 0.044041203181
28 15 1266.774533528972 9 -10.653979264194 0.081653389654 -13.676808094292 0.128921223725 0.482080674552 -0.034336106506 -5.449061445975 0.044040952593
29 15 1266.774533528351 9 -10.653984326709 0.081653476167 -13.676814531585 0.128921295067 0.482068557668 -0.034335933784 -5.449051319358 0.044040830457
30 16 1266.774533528230 10 -10.653984602385 0.081653488547 -13.676817343923 0.128921325244 0.482062663062 -0.034335849816 -5.449048023726 0.044040789659
31 16 1266.774533528211 11 -10.653985761592 0.081653505731 -13.676819621553 0.128921352356 0.482061393322 -0.034335831406 -5.449046226729 0.044040764656
32 17 1266.774533528208 11 -10.653986226086 0.081653511189 -13.676819664488 0.128921353140 0.482061308315 -0.034335830204 -5.449045518038 0.044040760418
33 17 1266.774533528205 12 -10.653986004234 0.081653508837 -13.676818704806 0.128921341322 0.482059459756 -0.034335804373 -5.449046490095 0.044040772272
