# GRMgali.txt
#IMaCh version 0.99r45, April 2023,INED-EUROREVES-Institut de longevite-Japan Society for the Promotion of Science (Grant-in-Aid for Scientific Research 25293121), Intel Software 2015-2020, Nihon University 2021-202, INED 2000-2022
#$Revision: 1.353 $ $Date: 2023/05/08 18:48:22 $
# Tue Feb 04 20:24:32 2025
#One-step probabilities and covariance matrix
# Age p1-1  p1-2  p1-3  p2-1  p2-2  p2-3 
50  9.979e-001  1.397e-003  7.224e-004  2.188e-001  7.520e-001  2.925e-002 
50 1-1  7.671e-007
50 1-2 -6.811e-007  7.130e-007
50 1-3 -8.597e-008 -3.182e-008  1.178e-007
50 2-1 -8.752e-006  7.819e-006  9.335e-007  5.814e-003
50 2-2  9.606e-006 -9.553e-006 -5.309e-008 -5.637e-003  5.789e-003
50 2-3 -8.541e-007  1.735e-006 -8.804e-007 -1.770e-004 -1.519e-004  3.289e-004
51  9.977e-001  1.516e-003  8.217e-004  2.127e-001  7.566e-001  3.075e-002 
51 1-1  8.517e-007
51 1-2 -7.455e-007  7.822e-007
51 1-3 -1.062e-007 -3.665e-008  1.429e-007
51 2-1 -8.680e-006  7.724e-006  9.557e-007  5.163e-003
51 2-2  9.543e-006 -9.569e-006  2.605e-008 -4.998e-003  5.173e-003
51 2-3 -8.632e-007  1.845e-006 -9.818e-007 -1.648e-004 -1.754e-004  3.402e-004
52  9.974e-001  1.644e-003  9.345e-004  2.067e-001  7.610e-001  3.232e-002 
52 1-1  9.448e-007
52 1-2 -8.140e-007  8.561e-007
52 1-3 -1.308e-007 -4.213e-008  1.730e-007
52 2-1 -8.587e-006  7.612e-006  9.747e-007  4.571e-003
52 2-2  9.451e-006 -9.569e-006  1.175e-007 -4.417e-003  4.615e-003
52 2-3 -8.648e-007  1.957e-006 -1.092e-006 -1.532e-004 -1.978e-004  3.511e-004
53  9.972e-001  1.783e-003  1.063e-003  2.008e-001  7.652e-001  3.396e-002 
53 1-1  1.047e-006
53 1-2 -8.865e-007  9.348e-007
53 1-3 -1.606e-007 -4.832e-008  2.089e-007
53 2-1 -8.473e-006  7.483e-006  9.898e-007  4.034e-003
53 2-2  9.331e-006 -9.553e-006  2.221e-007 -3.892e-003  4.111e-003
53 2-3 -8.576e-007  2.070e-006 -1.212e-006 -1.422e-004 -2.192e-004  3.614e-004
54  9.969e-001  1.935e-003  1.209e-003  1.951e-001  7.693e-001  3.568e-002 
54 1-1  1.159e-006
54 1-2 -9.629e-007  1.018e-006
54 1-3 -1.965e-007 -5.528e-008  2.518e-007
54 2-1 -8.340e-006  7.339e-006  1.001e-006  3.550e-003
54 2-2  9.180e-006 -9.521e-006  3.405e-007 -3.418e-003  3.657e-003
54 2-3 -8.405e-007  2.182e-006 -1.341e-006 -1.317e-004 -2.394e-004  3.711e-004
55  9.965e-001  2.099e-003  1.375e-003  1.894e-001  7.731e-001  3.747e-002 
55 1-1  1.283e-006
55 1-2 -1.043e-006  1.106e-006
55 1-3 -2.397e-007 -6.307e-008  3.027e-007
55 2-1 -8.187e-006  7.180e-006  1.007e-006  3.114e-003
55 2-2  9.000e-006 -9.473e-006  4.732e-007 -2.992e-003  3.251e-003
55 2-3 -8.124e-007  2.293e-006 -1.480e-006 -1.219e-004 -2.582e-004  3.801e-004
56  9.962e-001  2.276e-003  1.563e-003  1.839e-001  7.768e-001  3.934e-002 
56 1-1  1.418e-006
56 1-2 -1.126e-006  1.198e-006
56 1-3 -2.913e-007 -7.176e-008  3.631e-007
56 2-1 -8.017e-006  7.009e-006  1.009e-006  2.725e-003
56 2-2  8.789e-006 -9.410e-006  6.205e-007 -2.612e-003  2.888e-003
56 2-3 -7.722e-007  2.401e-006 -1.629e-006 -1.127e-004 -2.755e-004  3.882e-004
57  9.958e-001  2.469e-003  1.777e-003  1.785e-001  7.802e-001  4.130e-002 
57 1-1  1.565e-006
57 1-2 -1.213e-006  1.294e-006
57 1-3 -3.528e-007 -8.142e-008  4.342e-007
57 2-1 -7.831e-006  6.826e-006  1.005e-006  2.378e-003
57 2-2  8.550e-006 -9.332e-006  7.825e-007 -2.274e-003  2.565e-003
57 2-3 -7.189e-007  2.506e-006 -1.787e-006 -1.041e-004 -2.913e-004  3.954e-004
58  9.953e-001  2.678e-003  2.021e-003  1.732e-001  7.835e-001  4.334e-002 
58 1-1  1.727e-006
58 1-2 -1.301e-006  1.393e-006
58 1-3 -4.257e-007 -9.209e-008  5.178e-007
58 2-1 -7.630e-006  6.635e-006  9.952e-007  2.071e-003
58 2-2  8.281e-006 -9.241e-006  9.591e-007 -1.975e-003  2.280e-003
58 2-3 -6.517e-007  2.606e-006 -1.954e-006 -9.620e-005 -3.053e-004  4.015e-004
59  9.948e-001  2.904e-003  2.298e-003  1.680e-001  7.865e-001  4.547e-002 
59 1-1  1.903e-006
59 1-2 -1.392e-006  1.495e-006
59 1-3 -5.117e-007 -1.038e-007  6.155e-007
59 2-1 -7.417e-006  6.437e-006  9.802e-007  1.801e-003
59 2-2  7.987e-006 -9.137e-006  1.150e-006 -1.712e-003  2.029e-003
59 2-3 -5.701e-007  2.700e-006 -2.130e-006 -8.891e-005 -3.176e-004  4.066e-004
60  9.942e-001  3.149e-003  2.613e-003  1.629e-001  7.894e-001  4.769e-002 
60 1-1  2.096e-006
60 1-2 -1.483e-006  1.600e-006
60 1-3 -6.127e-007 -1.166e-007  7.293e-007
60 2-1 -7.195e-006  6.236e-006  9.599e-007  1.564e-003
60 2-2  7.669e-006 -9.023e-006  1.353e-006 -1.481e-003  1.810e-003
60 2-3 -4.737e-007  2.787e-006 -2.313e-006 -8.225e-005 -3.281e-004  4.104e-004
61  9.936e-001  3.415e-003  2.971e-003  1.579e-001  7.921e-001  5.000e-002 
61 1-1  2.306e-006
61 1-2 -1.575e-006  1.706e-006
61 1-3 -7.306e-007 -1.306e-007  8.612e-007
61 2-1 -6.969e-006  6.034e-006  9.344e-007  1.358e-003
61 2-2  7.331e-006 -8.900e-006  1.569e-006 -1.281e-003  1.618e-003
61 2-3 -3.627e-007  2.866e-006 -2.503e-006 -7.623e-005 -3.367e-004  4.129e-004
62  9.929e-001  3.703e-003  3.377e-003  1.531e-001  7.945e-001  5.242e-002 
62 1-1  2.534e-006
62 1-2 -1.667e-006  1.812e-006
62 1-3 -8.675e-007 -1.457e-007  1.013e-006
62 2-1 -6.742e-006  5.837e-006  9.046e-007  1.180e-003
62 2-2  6.979e-006 -8.774e-006  1.794e-006 -1.109e-003  1.452e-003
62 2-3 -2.377e-007  2.937e-006 -2.699e-006 -7.083e-005 -3.433e-004  4.142e-004
63  9.921e-001  4.015e-003  3.839e-003  1.483e-001  7.967e-001  5.493e-002 
63 1-1  2.783e-006
63 1-2 -1.757e-006  1.919e-006
63 1-3 -1.025e-006 -1.619e-007  1.187e-006
63 2-1 -6.519e-006  5.648e-006  8.714e-007  1.027e-003
63 2-2  6.619e-006 -8.646e-006  2.027e-006 -9.610e-004  1.309e-003
63 2-3 -9.989e-008  2.998e-006 -2.898e-006 -6.606e-005 -3.480e-004  4.141e-004
64  9.913e-001  4.353e-003  4.363e-003  1.437e-001  7.988e-001  5.755e-002 
64 1-1  3.053e-006
64 1-2 -1.846e-006  2.026e-006
64 1-3 -1.207e-006 -1.792e-007  1.386e-006
64 2-1 -6.308e-006  5.472e-006  8.363e-007  8.977e-004
64 2-2  6.259e-006 -8.523e-006  2.265e-006 -8.358e-004  1.187e-003
64 2-3  4.892e-008  3.052e-006 -3.101e-006 -6.191e-005 -3.508e-004  4.127e-004
65  9.903e-001  4.719e-003  4.958e-003  1.392e-001  8.006e-001  6.028e-002 
65 1-1  3.347e-006
65 1-2 -1.934e-006  2.132e-006
65 1-3 -1.413e-006 -1.976e-007  1.610e-006
65 2-1 -6.115e-006  5.313e-006  8.014e-007  7.891e-004
65 2-2  5.909e-006 -8.412e-006  2.503e-006 -7.307e-004  1.082e-003
65 2-3  2.061e-007  3.098e-006 -3.305e-006 -5.836e-005 -3.516e-004  4.100e-004
66  9.893e-001  5.115e-003  5.635e-003  1.347e-001  8.022e-001  6.311e-002 
66 1-1  3.666e-006
66 1-2 -2.020e-006  2.238e-006
66 1-3 -1.646e-006 -2.171e-007  1.863e-006
66 2-1 -5.949e-006  5.179e-006  7.694e-007  6.990e-004
66 2-2  5.580e-006 -8.320e-006  2.739e-006 -6.436e-004  9.943e-004
66 2-3  3.683e-007  3.140e-006 -3.509e-006 -5.541e-005 -3.507e-004  4.061e-004
67  9.881e-001  5.543e-003  6.402e-003  1.304e-001  8.035e-001  6.607e-002 
67 1-1  4.015e-006
67 1-2 -2.107e-006  2.345e-006
67 1-3 -1.908e-006 -2.378e-007  2.146e-006
67 2-1 -5.819e-006  5.075e-006  7.440e-007  6.255e-004
67 2-2  5.288e-006 -8.257e-006  2.969e-006 -5.724e-004  9.206e-004
67 2-3  5.313e-007  3.181e-006 -3.713e-006 -5.305e-005 -3.481e-004  4.012e-004
68  9.867e-001  6.006e-003  7.273e-003  1.262e-001  8.047e-001  6.914e-002 
68 1-1  4.395e-006
68 1-2 -2.195e-006  2.455e-006
68 1-3 -2.200e-006 -2.599e-007  2.460e-006
68 2-1 -5.738e-006  5.009e-006  7.295e-007  5.665e-004
68 2-2  5.048e-006 -8.236e-006  3.188e-006 -5.152e-004  8.594e-004
68 2-3  6.900e-007  3.227e-006 -3.917e-006 -5.128e-005 -3.441e-004  3.954e-004
69  9.852e-001  6.508e-003  8.262e-003  1.221e-001  8.056e-001  7.234e-002 
69 1-1  4.814e-006
69 1-2 -2.290e-006  2.573e-006
69 1-3 -2.525e-006 -2.836e-007  2.808e-006
69 2-1 -5.718e-006  4.986e-006  7.319e-007  5.204e-004
69 2-2  4.879e-006 -8.272e-006  3.393e-006 -4.703e-004  8.093e-004
69 2-3  8.388e-007  3.286e-006 -4.125e-006 -5.008e-005 -3.390e-004  3.890e-004
70  9.836e-001  7.049e-003  9.383e-003  1.180e-001  8.063e-001  7.566e-002 
70 1-1  5.278e-006
70 1-2 -2.395e-006  2.705e-006
70 1-3 -2.883e-006 -3.097e-007  3.193e-006
70 2-1 -5.774e-006  5.016e-006  7.582e-007  4.854e-004
70 2-2  4.803e-006 -8.385e-006  3.582e-006 -4.359e-004  7.689e-004
70 2-3  9.713e-007  3.369e-006 -4.340e-006 -4.948e-005 -3.329e-004  3.824e-004
71  9.817e-001  7.635e-003  1.065e-002  1.141e-001  8.068e-001  7.911e-002 
71 1-1  5.799e-006
71 1-2 -2.521e-006  2.860e-006
71 1-3 -3.278e-006 -3.393e-007  3.617e-006
71 2-1 -5.923e-006  5.106e-006  8.171e-007  4.601e-004
71 2-2  4.842e-006 -8.596e-006  3.754e-006 -4.106e-004  7.372e-004
71 2-3  1.081e-006  3.490e-006 -4.571e-006 -4.945e-005 -3.265e-004  3.760e-004
72  9.796e-001  8.267e-003  1.209e-002  1.103e-001  8.070e-001  8.270e-002 
72 1-1  6.395e-006
72 1-2 -2.679e-006  3.053e-006
72 1-3 -3.716e-006 -3.742e-007  4.090e-006
72 2-1 -6.185e-006  5.265e-006  9.192e-007  4.430e-004
72 2-2  5.021e-006 -8.933e-006  3.912e-006 -3.929e-004  7.132e-004
72 2-3  1.163e-006  3.667e-006 -4.831e-006 -5.002e-005 -3.203e-004  3.703e-004
73  9.773e-001  8.949e-003  1.373e-002  1.066e-001  8.070e-001  8.642e-002 
73 1-1  7.090e-006
73 1-2 -2.885e-006  3.302e-006
73 1-3 -4.205e-006 -4.174e-007  4.623e-006
73 2-1 -6.580e-006  5.503e-006  1.077e-006  4.328e-004
73 2-2  5.367e-006 -9.430e-006  4.062e-006 -3.816e-004  6.963e-004
73 2-3  1.213e-006  3.927e-006 -5.140e-006 -5.118e-005 -3.147e-004  3.659e-004
74  9.747e-001  9.685e-003  1.557e-002  1.029e-001  8.068e-001  9.029e-002 
74 1-1  7.924e-006
74 1-2 -3.161e-006  3.635e-006
74 1-3 -4.763e-006 -4.737e-007  5.236e-006
74 2-1 -7.134e-006  5.828e-006  1.306e-006  4.284e-004
74 2-2  5.907e-006 -1.013e-005  4.220e-006 -3.754e-004  6.861e-004
74 2-3  1.228e-006  4.298e-006 -5.526e-006 -5.297e-005 -3.107e-004  3.637e-004
75  9.719e-001  1.048e-002  1.766e-002  9.942e-002  8.063e-001  9.430e-002 
75 1-1  8.954e-006
75 1-2 -3.537e-006  4.087e-006
75 1-3 -5.417e-006 -5.501e-007  5.967e-006
75 2-1 -7.875e-006  6.250e-006  1.624e-006  4.287e-004
75 2-2  6.664e-006 -1.107e-005  4.407e-006 -3.733e-004  6.824e-004
75 2-3  1.211e-006  4.820e-006 -6.031e-006 -5.538e-005 -3.091e-004  3.645e-004
76  9.686e-001  1.133e-002  2.003e-002  9.598e-002  8.056e-001  9.846e-002 
76 1-1  1.026e-005
76 1-2 -4.049e-006  4.706e-006
76 1-3 -6.215e-006 -6.574e-007  6.873e-006
76 2-1 -8.832e-006  6.779e-006  2.053e-006  4.327e-004
76 2-2  7.661e-006 -1.232e-005  4.659e-006 -3.743e-004  6.852e-004
76 2-3  1.171e-006  5.541e-006 -6.711e-006 -5.846e-005 -3.109e-004  3.694e-004
77  9.651e-001  1.225e-002  2.270e-002  9.263e-002  8.046e-001  1.028e-001 
77 1-1  1.198e-005
77 1-2 -4.744e-006  5.556e-006
77 1-3 -7.234e-006 -8.113e-007  8.045e-006
77 2-1 -1.004e-005  7.424e-006  2.615e-006  4.397e-004
77 2-2  8.913e-006 -1.394e-005  5.028e-006 -3.775e-004  6.949e-004
77 2-3  1.126e-006  6.518e-006 -7.644e-006 -6.222e-005 -3.174e-004  3.796e-004
78  9.610e-001  1.324e-002  2.571e-002  8.936e-002  8.034e-001  1.072e-001 
78 1-1  1.428e-005
78 1-2 -5.683e-006  6.717e-006
78 1-3 -8.594e-006 -1.035e-006  9.629e-006
78 2-1 -1.153e-005  8.193e-006  3.341e-006  4.489e-004
78 2-2  1.043e-005 -1.602e-005  5.589e-006 -3.822e-004  7.120e-004
78 2-3  1.106e-006  7.823e-006 -8.930e-006 -6.670e-005 -3.298e-004  3.965e-004
79  9.566e-001  1.430e-002  2.912e-002  8.619e-002  8.020e-001  1.119e-001 
79 1-1  1.742e-005
79 1-2 -6.935e-006  8.296e-006
79 1-3 -1.048e-005 -1.361e-006  1.184e-005
79 2-1 -1.336e-005  9.096e-006  4.261e-006  4.595e-004
79 2-2  1.220e-005 -1.864e-005  6.443e-006 -3.875e-004  7.373e-004
79 2-3  1.162e-006  9.543e-006 -1.070e-005 -7.195e-005 -3.498e-004  4.217e-004
80  9.516e-001  1.543e-002  3.295e-002  8.311e-002  8.002e-001  1.166e-001 
80 1-1  2.176e-005
80 1-2 -8.589e-006  1.043e-005
80 1-3 -1.317e-005 -1.837e-006  1.501e-005
80 2-1 -1.555e-005  1.014e-005  5.413e-006  4.710e-004
80 2-2  1.419e-005 -2.192e-005  7.730e-006 -3.930e-004  7.721e-004
80 2-3  1.362e-006  1.178e-005 -1.314e-005 -7.801e-005 -3.791e-004  4.571e-004
81  9.461e-001  1.665e-002  3.727e-002  8.010e-002  7.983e-001  1.216e-001 
81 1-1  2.782e-005
81 1-2 -1.074e-005  1.327e-005
81 1-3 -1.708e-005 -2.530e-006  1.961e-005
81 2-1 -1.817e-005  1.133e-005  6.838e-006  4.829e-004
81 2-2  1.636e-005 -2.599e-005  9.632e-006 -3.980e-004  8.176e-004
81 2-3  1.810e-006  1.466e-005 -1.647e-005 -8.492e-005 -4.196e-004  5.045e-004
82  9.399e-001  1.795e-002  4.212e-002  7.719e-002  7.961e-001  1.267e-001 
82 1-1  3.630e-005
82 1-2 -1.351e-005  1.705e-005
82 1-3 -2.279e-005 -3.534e-006  2.632e-005
82 2-1 -2.126e-005  1.268e-005  8.580e-006  4.948e-004
82 2-2  1.861e-005 -3.100e-005  1.239e-005 -4.020e-004  8.756e-004
82 2-3  2.643e-006  1.832e-005 -2.097e-005 -9.274e-005 -4.735e-004  5.663e-004
83  9.331e-001  1.933e-002  4.757e-002  7.435e-002  7.936e-001  1.320e-001 
83 1-1  4.817e-005
83 1-2 -1.703e-005  2.201e-005
83 1-3 -3.115e-005 -4.980e-006  3.613e-005
83 2-1 -2.487e-005  1.418e-005  1.069e-005  5.062e-004
83 2-2  2.082e-005 -3.712e-005  1.631e-005 -4.047e-004  9.480e-004
83 2-3  4.047e-006  2.295e-005 -2.699e-005 -1.015e-004 -5.434e-004  6.449e-004
84  9.255e-001  2.081e-002  5.367e-002  7.160e-002  7.909e-001  1.375e-001 
84 1-1  6.473e-005
84 1-2 -2.142e-005  2.846e-005
84 1-3 -4.331e-005 -7.048e-006  5.036e-005
84 2-1 -2.905e-005  1.583e-005  1.322e-005  5.170e-004
84 2-2  2.279e-005 -4.456e-005  2.177e-005 -4.056e-004  1.037e-003
84 2-3  6.263e-006  2.873e-005 -3.499e-005 -1.114e-004 -6.317e-004  7.430e-004
85  9.171e-001  2.237e-002  6.051e-002  6.892e-002  7.879e-001  1.431e-001 
85 1-1  8.771e-005
85 1-2 -2.681e-005  3.680e-005
85 1-3 -6.089e-005 -9.986e-006  7.088e-005
85 2-1 -3.387e-005  1.764e-005  1.623e-005  5.267e-004
85 2-2  2.426e-005 -5.354e-005  2.927e-005 -4.044e-004  1.146e-003
85 2-3  9.602e-006  3.590e-005 -4.550e-005 -1.223e-004 -7.414e-004  8.637e-004
86  9.078e-001  2.403e-002  6.813e-002  6.632e-002  7.847e-001  1.490e-001 
86 1-1  1.194e-004
86 1-2 -3.334e-005  4.747e-005
86 1-3 -8.602e-005 -1.413e-005  1.002e-004
86 2-1 -3.936e-005  1.959e-005  1.977e-005  5.353e-004
86 2-2  2.491e-005 -6.432e-005  3.941e-005 -4.009e-004  1.277e-003
86 2-3  1.445e-005  4.473e-005 -5.918e-005 -1.343e-004 -8.757e-004  1.010e-003
87  8.976e-001  2.578e-002  7.663e-002  6.380e-002  7.812e-001  1.550e-001 
87 1-1  1.626e-004
87 1-2 -4.107e-005  6.100e-005
87 1-3 -1.215e-004 -1.993e-005  1.415e-004
87 2-1 -4.559e-005  2.169e-005  2.391e-005  5.425e-004
87 2-2  2.430e-005 -7.720e-005  5.290e-005 -3.949e-004  1.433e-003
87 2-3  2.129e-005  5.551e-005 -7.680e-005 -1.476e-004 -1.038e-003  1.186e-003
88  8.863e-001  2.762e-002  8.608e-002  6.135e-002  7.775e-001  1.612e-001 
88 1-1  2.211e-004
88 1-2 -5.004e-005  7.803e-005
88 1-3 -1.711e-004 -2.798e-005  1.990e-004
88 2-1 -5.259e-005  2.390e-005  2.869e-005  5.483e-004
88 2-2  2.190e-005 -9.250e-005  7.060e-005 -3.861e-004  1.618e-003
88 2-3  3.070e-005  6.860e-005 -9.930e-005 -1.622e-004 -1.232e-003  1.394e-003
89  8.739e-001  2.955e-002  9.656e-002  5.897e-002  7.735e-001  1.676e-001 
89 1-1  2.994e-004
89 1-2 -6.018e-005  9.926e-005
89 1-3 -2.392e-004 -3.908e-005  2.783e-004
89 2-1 -6.040e-005  2.621e-005  3.418e-005  5.526e-004
89 2-2  1.704e-005 -1.106e-004  9.355e-005 -3.745e-004  1.836e-003
89 2-3  4.335e-005  8.438e-005 -1.277e-004 -1.781e-004 -1.461e-003  1.639e-003
90  8.603e-001  3.157e-002  1.081e-001  5.667e-002  7.692e-001  1.742e-001 
90 1-1  4.030e-004
90 1-2 -7.128e-005  1.255e-004
90 1-3 -3.317e-004 -5.425e-005  3.859e-004
90 2-1 -6.903e-005  2.860e-005  4.042e-005  5.553e-004
90 2-2  8.969e-006 -1.319e-004  1.229e-004 -3.598e-004  2.090e-003
90 2-3  6.006e-005  1.033e-004 -1.633e-004 -1.955e-004 -1.730e-003  1.925e-003