
#****** ******
# GRMgali.txt
#IMaCh version 0.99r45, April 2023,INED-EUROREVES-Institut de longevite-Japan Society for the Promotion of Science (Grant-in-Aid for Scientific Research 25293121), Intel Software 2015-2020, Nihon University 2021-202, INED 2000-2022
#$Revision: 1.353 $ $Date: 2023/05/08 18:48:22 $
# Tue Feb 04 20:24:32 2025
# Health expectancies with standard errors
# Age e11 (SE) e12 (SE) e1.  e21 (SE) e22 (SE) e2. 
 50   28.9437 (0.9587)    1.0047 (0.1974)   29.9484 (0.9738)   23.6854 (2.6657)    2.6888 (0.6290)   26.3742 (2.4956)
 51   28.0022 (0.9434)    1.0006 (0.1960)   29.0029 (0.9587)   22.5997 (2.6044)    2.7138 (0.6160)   25.3134 (2.4550)
 52   27.0668 (0.9272)    0.9962 (0.1946)   28.0630 (0.9427)   21.5252 (2.5354)    2.7375 (0.6026)   24.2627 (2.4071)
 53   26.1380 (0.9102)    0.9914 (0.1931)   27.1293 (0.9259)   20.4638 (2.4590)    2.7598 (0.5888)   23.2236 (2.3522)
 54   25.2163 (0.8923)    0.9861 (0.1915)   26.2024 (0.9083)   19.4172 (2.3758)    2.7805 (0.5748)   22.1977 (2.2905)
 55   24.3024 (0.8737)    0.9804 (0.1900)   25.2828 (0.8899)   18.3872 (2.2866)    2.7994 (0.5607)   21.1867 (2.2226)
 56   23.3969 (0.8543)    0.9742 (0.1884)   24.3712 (0.8707)   17.3758 (2.1922)    2.8165 (0.5465)   20.1922 (2.1490)
 57   22.5006 (0.8343)    0.9676 (0.1868)   23.4682 (0.8509)   16.3847 (2.0934)    2.8314 (0.5325)   19.2161 (2.0705)
 58   21.6141 (0.8136)    0.9604 (0.1851)   22.5745 (0.8303)   15.4160 (1.9915)    2.8440 (0.5186)   18.2600 (1.9877)
 59   20.7382 (0.7923)    0.9526 (0.1835)   21.6908 (0.8093)   14.4715 (1.8875)    2.8542 (0.5051)   17.3257 (1.9016)
 60   19.8736 (0.7706)    0.9443 (0.1819)   20.8179 (0.7877)   13.5529 (1.7826)    2.8619 (0.4919)   16.4149 (1.8131)
 61   19.0212 (0.7486)    0.9354 (0.1803)   19.9565 (0.7659)   12.6621 (1.6779)    2.8669 (0.4792)   15.5291 (1.7231)
 62   18.1818 (0.7264)    0.9258 (0.1788)   19.1075 (0.7438)   11.8007 (1.5749)    2.8691 (0.4669)   14.6698 (1.6325)
 63   17.3561 (0.7042)    0.9156 (0.1773)   18.2717 (0.7216)   10.9702 (1.4744)    2.8684 (0.4551)   13.8386 (1.5423)
 64   16.5452 (0.6820)    0.9046 (0.1759)   17.4499 (0.6996)   10.1718 (1.3777)    2.8648 (0.4438)   13.0366 (1.4534)
 65   15.7498 (0.6602)    0.8931 (0.1746)   16.6429 (0.6778)    9.4069 (1.2856)    2.8581 (0.4330)   12.2650 (1.3667)
 66   14.9708 (0.6388)    0.8808 (0.1734)   15.8516 (0.6565)    8.6764 (1.1989)    2.8483 (0.4227)   11.5247 (1.2828)
 67   14.2091 (0.6180)    0.8677 (0.1724)   15.0768 (0.6359)    7.9810 (1.1182)    2.8355 (0.4129)   10.8165 (1.2025)
 68   13.4654 (0.5981)    0.8540 (0.1714)   14.3194 (0.6162)    7.3213 (1.0438)    2.8196 (0.4035)   10.1410 (1.1264)
 69   12.7407 (0.5791)    0.8396 (0.1707)   13.5803 (0.5975)    6.6977 (0.9758)    2.8008 (0.3947)    9.4985 (1.0548)
 70   12.0357 (0.5613)    0.8244 (0.1700)   12.8601 (0.5800)    6.1103 (0.9140)    2.7789 (0.3866)    8.8892 (0.9881)
 71   11.3511 (0.5448)    0.8085 (0.1695)   12.1596 (0.5640)    5.5589 (0.8581)    2.7542 (0.3790)    8.3130 (0.9266)
 72   10.6877 (0.5296)    0.7919 (0.1692)   11.4797 (0.5494)    5.0432 (0.8076)    2.7267 (0.3722)    7.7698 (0.8703)
 73   10.0461 (0.5158)    0.7747 (0.1691)   10.8208 (0.5365)    4.5626 (0.7617)    2.6965 (0.3663)    7.2591 (0.8192)
 74    9.4270 (0.5034)    0.7568 (0.1691)   10.1838 (0.5251)    4.1165 (0.7198)    2.6637 (0.3614)    6.7802 (0.7732)
 75    8.8307 (0.4924)    0.7384 (0.1693)    9.5691 (0.5154)    3.7038 (0.6812)    2.6286 (0.3576)    6.3324 (0.7324)
 76    8.2579 (0.4826)    0.7193 (0.1695)    8.9772 (0.5071)    3.3235 (0.6450)    2.5913 (0.3551)    5.9148 (0.6963)
 77    7.7087 (0.4740)    0.6997 (0.1699)    8.4085 (0.5003)    2.9742 (0.6108)    2.5519 (0.3539)    5.5262 (0.6649)
 78    7.1836 (0.4663)    0.6797 (0.1704)    7.8633 (0.4946)    2.6548 (0.5781)    2.5107 (0.3542)    5.1654 (0.6379)
 79    6.6827 (0.4593)    0.6592 (0.1710)    7.3419 (0.4898)    2.3636 (0.5465)    2.4677 (0.3559)    4.8313 (0.6150)
 80    6.2061 (0.4528)    0.6384 (0.1716)    6.8445 (0.4858)    2.0992 (0.5157)    2.4233 (0.3591)    4.5224 (0.5959)
 81    5.7537 (0.4466)    0.6173 (0.1722)    6.3710 (0.4822)    1.8599 (0.4856)    2.3775 (0.3638)    4.2373 (0.5803)
 82    5.3254 (0.4404)    0.5960 (0.1727)    5.9214 (0.4789)    1.6441 (0.4561)    2.3306 (0.3698)    3.9747 (0.5680)
 83    4.9211 (0.4341)    0.5745 (0.1732)    5.4956 (0.4755)    1.4502 (0.4273)    2.2827 (0.3770)    3.7329 (0.5586)
 84    4.5404 (0.4273)    0.5529 (0.1736)    5.0933 (0.4718)    1.2766 (0.3991)    2.2341 (0.3852)    3.5107 (0.5517)
 85    4.1828 (0.4201)    0.5313 (0.1739)    4.7141 (0.4677)    1.1216 (0.3717)    2.1849 (0.3943)    3.3065 (0.5471)
 86    3.8480 (0.4122)    0.5097 (0.1741)    4.3577 (0.4630)    0.9837 (0.3452)    2.1352 (0.4041)    3.1190 (0.5445)
 87    3.5352 (0.4036)    0.4883 (0.1741)    4.0235 (0.4576)    0.8615 (0.3196)    2.0853 (0.4144)    2.9468 (0.5434)
 88    3.2439 (0.3942)    0.4671 (0.1738)    3.7110 (0.4513)    0.7533 (0.2952)    2.0353 (0.4249)    2.7886 (0.5437)
 89    2.9733 (0.3840)    0.4462 (0.1734)    3.4194 (0.4442)    0.6580 (0.2719)    1.9852 (0.4356)    2.6432 (0.5450)
 90    2.7225 (0.3730)    0.4255 (0.1727)    3.1481 (0.4362)    0.5742 (0.2498)    1.9353 (0.4463)    2.5095 (0.5471)
