
# model  
#****** Result for:******
# GRMgali.txt
#IMaCh version 0.99r45, April 2023,INED-EUROREVES-Institut de longevite-Japan Society for the Promotion of Science (Grant-in-Aid for Scientific Research 25293121), Intel Software 2015-2020, Nihon University 2021-202, INED 2000-2022
#$Revision: 1.353 $ $Date: 2023/05/08 18:48:22 $
# Tue Feb 04 20:24:32 2025
# Total life expectancy with std error and decomposition into time to be expected in each health state
#  (weighted average of eij where weights are the age specific forward period (stable) prevalences in each health state 
# Age popbased mobilav e.. (std) e.1 (std) e.2 (std) 
   50 0 0  29.932 (  0.976)  28.919 (  0.963)   1.013 (  0.200)
   51 0 0  28.984 (  0.961)  27.974 (  0.948)   1.009 (  0.199)
   52 0 0  28.041 (  0.945)  27.035 (  0.933)   1.006 (  0.198)
   53 0 0  27.105 (  0.928)  26.102 (  0.916)   1.002 (  0.197)
   54 0 0  26.175 (  0.911)  25.176 (  0.898)   0.999 (  0.195)
   55 0 0  25.252 (  0.893)  24.258 (  0.880)   0.994 (  0.194)
   56 0 0  24.336 (  0.874)  23.347 (  0.861)   0.990 (  0.193)
   57 0 0  23.429 (  0.854)  22.444 (  0.841)   0.985 (  0.191)
   58 0 0  22.531 (  0.833)  21.552 (  0.821)   0.979 (  0.190)
   59 0 0  21.642 (  0.812)  20.669 (  0.800)   0.974 (  0.189)
   60 0 0  20.764 (  0.791)  19.797 (  0.779)   0.968 (  0.187)
   61 0 0  19.897 (  0.769)  18.936 (  0.757)   0.961 (  0.186)
   62 0 0  19.042 (  0.746)  18.088 (  0.735)   0.954 (  0.185)
   63 0 0  18.200 (  0.724)  17.253 (  0.713)   0.947 (  0.183)
   64 0 0  17.372 (  0.702)  16.433 (  0.690)   0.939 (  0.182)
   65 0 0  16.558 (  0.680)  15.627 (  0.669)   0.931 (  0.181)
   66 0 0  15.760 (  0.658)  14.838 (  0.647)   0.922 (  0.180)
   67 0 0  14.978 (  0.637)  14.065 (  0.626)   0.913 (  0.180)
   68 0 0  14.214 (  0.617)  13.310 (  0.606)   0.904 (  0.180)
   69 0 0  13.468 (  0.598)  12.574 (  0.587)   0.894 (  0.179)
   70 0 0  12.740 (  0.580)  11.857 (  0.570)   0.883 (  0.179)
   71 0 0  12.033 (  0.564)  11.160 (  0.554)   0.873 (  0.179)
   72 0 0  11.347 (  0.548)  10.485 (  0.538)   0.861 (  0.179)
   73 0 0  10.682 (  0.534)   9.831 (  0.524)   0.850 (  0.180)
   74 0 0  10.039 (  0.521)   9.200 (  0.511)   0.838 (  0.181)
   75 0 0   9.419 (  0.511)   8.593 (  0.500)   0.826 (  0.182)
   76 0 0   8.822 (  0.501)   8.008 (  0.490)   0.814 (  0.184)
   77 0 0   8.250 (  0.493)   7.448 (  0.481)   0.802 (  0.186)
   78 0 0   7.702 (  0.485)   6.912 (  0.474)   0.789 (  0.188)
   79 0 0   7.178 (  0.479)   6.401 (  0.466)   0.777 (  0.191)
   80 0 0   6.680 (  0.473)   5.915 (  0.460)   0.765 (  0.195)
   81 0 0   6.207 (  0.467)   5.453 (  0.453)   0.753 (  0.198)
   82 0 0   5.758 (  0.461)   5.017 (  0.447)   0.742 (  0.202)
   83 0 0   5.335 (  0.455)   4.604 (  0.441)   0.731 (  0.207)
   84 0 0   4.936 (  0.449)   4.216 (  0.434)   0.720 (  0.212)
   85 0 0   4.562 (  0.442)   3.851 (  0.427)   0.711 (  0.217)
   86 0 0   4.211 (  0.434)   3.509 (  0.419)   0.702 (  0.225)
   87 0 0   3.885 (  0.426)   3.190 (  0.412)   0.695 (  0.232)
   88 0 0   3.581 (  0.416)   2.892 (  0.404)   0.689 (  0.241)
   89 0 0   3.299 (  0.406)   2.615 (  0.395)   0.685 (  0.251)
   90 0 0   3.040 (  0.395)   2.357 (  0.387)   0.682 (  0.262)
