
#****** ******
# GRMgali.txt
#IMaCh version 0.99r45, April 2023,INED-EUROREVES-Institut de longevite-Japan Society for the Promotion of Science (Grant-in-Aid for Scientific Research 25293121), Intel Software 2015-2020, Nihon University 2021-202, INED 2000-2022
#$Revision: 1.353 $ $Date: 2023/05/08 18:48:22 $
# Tue Feb 04 20:24:32 2025
# Standard deviation of period (forward stable) prevalences 
# Age  Result#  1-1 2-2
50 1  0.99532 (0.00307) 0.00468 (0.00307)
51 1  0.99484 (0.00327) 0.00516 (0.00328)
52 1  0.99431 (0.00348) 0.00569 (0.00349)
53 1  0.99374 (0.00370) 0.00627 (0.00370)
54 1  0.99310 (0.00393) 0.00690 (0.00393)
55 1  0.99240 (0.00416) 0.00760 (0.00417)
56 1  0.99164 (0.00440) 0.00836 (0.00441)
57 1  0.99081 (0.00465) 0.00920 (0.00465)
58 1  0.98989 (0.00490) 0.01011 (0.00491)
59 1  0.98889 (0.00516) 0.01111 (0.00516)
60 1  0.98780 (0.00541) 0.01220 (0.00542)
61 1  0.98661 (0.00568) 0.01340 (0.00556)
62 1  0.98531 (0.00594) 0.01470 (0.00595)
63 1  0.98389 (0.00620) 0.01612 (0.00621)
64 1  0.98235 (0.00646) 0.01766 (0.00647)
65 1  0.98067 (0.00672) 0.01934 (0.00673)
66 1  0.97884 (0.00698) 0.02117 (0.00699)
67 1  0.97685 (0.00724) 0.02316 (0.00725)
68 1  0.97469 (0.00750) 0.02532 (0.00747)
69 1  0.97235 (0.00776) 0.02766 (0.00777)
70 1  0.96981 (0.00802) 0.03021 (0.00803)
71 1  0.96705 (0.00830) 0.03296 (0.00822)
72 1  0.96407 (0.00859) 0.03595 (0.00860)
73 1  0.96083 (0.00892) 0.03919 (0.00893)
74 1  0.95732 (0.00930) 0.04271 (0.00931)
75 1  0.95351 (0.00974) 0.04651 (0.00975)
76 1  0.94939 (0.01027) 0.05064 (0.01028)
77 1  0.94492 (0.01092) 0.05511 (0.01094)
78 1  0.94006 (0.01173) 0.05997 (0.01174)
79 1  0.93479 (0.01272) 0.06524 (0.01273)
80 1  0.92906 (0.01394) 0.07097 (0.01396)
81 1  0.92282 (0.01543) 0.07722 (0.01545)
82 1  0.91601 (0.01724) 0.08404 (0.01726)
83 1  0.90856 (0.01940) 0.09149 (0.01942)
84 1  0.90040 (0.02197) 0.09965 (0.02199)
85 1  0.89144 (0.02501) 0.10862 (0.02458)
86 1  0.88156 (0.02857) 0.11849 (0.02859)
87 1  0.87064 (0.03274) 0.12943 (0.03277)
88 1  0.85851 (0.03762) 0.14156 (0.03765)
89 1  0.84500 (0.04331) 0.15509 (0.04335)
90 1  0.82987 (0.04996) 0.17023 (0.05001)
