# Powell
# iter -2*LL p12 p13 p21 p23
1 1 2385.461474905223 0 -8.714912800000 0.083498100000 -13.946546400000 0.146501400000 2.150138000000 -0.032326500000 -10.975664800000 0.130139200000
2 2 1532.810692840700 0 -9.241752592572 0.083046225526 -17.217623453735 0.145767001674 2.823577169413 -0.030771117345 -11.374069895321 0.129454858508
3 2 1482.450665649680 0 -8.924839851324 0.082346082291 -16.977552006231 0.152800895444 2.377849096644 -0.029422386167 -11.814022845567 0.118128668787
4 3 1478.106870358856 0 -8.801713851350 0.081953849472 -16.966365372205 0.153363612597 2.173352915352 -0.028617348855 -11.885220509006 0.114344462643
5 3 1418.724067933413 0 -9.185700977412 0.077165747005 -17.320015243531 0.152302609310 -1.056443248006 -0.015778182187 -12.439483017319 0.108282396365
6 4 1340.752151995265 0 -10.044110224263 0.077112613453 -17.238153011949 0.156139058433 -1.155792649956 -0.019091532307 -12.594950507141 0.116308605210
7 4 1339.904642001290 1 -10.155208787442 0.077193660341 -17.208198558881 0.155488858512 -1.151133424838 -0.019007042959 -12.562028887092 0.116112186255
8 5 1339.611229351576 1 -10.271899211797 0.078140701846 -17.043740602567 0.153031698587 -1.172253732159 -0.018901090893 -12.423859074599 0.114625804672
9 5 1339.030827990355 1 -10.534811479499 0.081540289770 -16.707203393512 0.147974734421 -1.164583755503 -0.019312465702 -12.107555740877 0.111241540749
10 6 1337.948860058228 1 -11.069346749979 0.089120847009 -15.934291269009 0.137961742936 -1.038935720972 -0.021273612544 -11.378033852653 0.102965531131
11 6 1337.636269964379 1 -11.077316913896 0.089939490869 -15.896668748145 0.138307397285 -0.947197515429 -0.022089806018 -11.342398297348 0.102363067582
12 7 1337.616653019722 1 -11.098612480347 0.090032715849 -15.867427283959 0.138208367541 -0.955156768721 -0.021948285427 -11.330237441198 0.102083733695
13 7 1337.611711086743 1 -11.098865065593 0.090049005035 -15.861181649490 0.138155117425 -0.959550120424 -0.021897969442 -11.326263430485 0.102032983792
14 8 1337.432743858281 1 -11.108735473843 0.090191795979 -15.506394586304 0.133449131365 -1.246810914282 -0.017895276977 -11.091314767329 0.099387540922
15 8 1337.372654777269 2 -11.002877163958 0.088946405575 -15.549607154486 0.134231224098 -1.320682586747 -0.016798622806 -11.160345355274 0.100137472545
16 9 1337.328628874378 2 -10.847032081019 0.087030524922 -15.610220221956 0.135042695852 -1.363516528217 -0.016175898621 -11.272675082971 0.101450949608
17 9 1337.272279185344 2 -10.824771236346 0.086733397216 -15.586055880205 0.134705467996 -1.329629904007 -0.016522728326 -11.281946311908 0.101570030016
18 10 1336.701066275034 2 -10.492532528287 0.082097257504 -14.895886895312 0.126479109933 -0.774755795919 -0.023931804308 -11.378383831456 0.102492836142
19 10 1336.629382443642 2 -10.466664608733 0.081642180859 -14.860235476009 0.125969296516 -0.726916823860 -0.025052339873 -11.414932914479 0.102914227273
20 11 1336.621776075557 2 -10.458193256510 0.081503099585 -14.843674586120 0.125664870667 -0.697783542315 -0.025637304291 -11.428935676976 0.103104898460
21 11 1336.621505288054 2 -10.458157296943 0.081507112400 -14.844723084111 0.125667941645 -0.698215044406 -0.025626692357 -11.430842693577 0.103131691368
22 12 1336.618313682273 2 -10.457193562044 0.081544569761 -14.813618482877 0.125184158581 -0.681901336107 -0.025791560602 -11.470481765180 0.103644492915
23 12 1336.615626062520 2 -10.466527223415 0.081667455582 -14.807946841028 0.125133613521 -0.689824145887 -0.025657040856 -11.484885895754 0.103809601351
24 13 1336.599851727369 2 -10.551206152326 0.082759146113 -14.709352791618 0.123963676657 -0.726751646414 -0.025206721634 -11.676099678525 0.106059996811
25 13 1336.598973233974 3 -10.537578475763 0.082569353185 -14.720527982810 0.124109582051 -0.734942544394 -0.025097971423 -11.703161721777 0.106369097416
26 14 1336.598911108238 3 -10.531668561764 0.082489918291 -14.719652886881 0.124106891867 -0.735164459380 -0.025094028494 -11.711826174887 0.106466864869
27 14 1336.598910420831 3 -10.531608989891 0.082489067992 -14.719344612752 0.124104098248 -0.734950324801 -0.025097007169 -11.711414534018 0.106461641709
28 15 1336.598910323947 3 -10.531589988389 0.082488813636 -14.719053838268 0.124100796524 -0.734761261492 -0.025099644667 -11.711316875508 0.106460389546
29 15 1336.598910323907 3 -10.531587938414 0.082488795176 -14.719056302396 0.124100826869 -0.734760436391 -0.025099655616 -11.711312126236 0.106460332606
30 16 1336.598910323904 3 -10.531588002309 0.082488796075 -14.719054885762 0.124100808039 -0.734761587234 -0.025099639584 -11.711311149741 0.106460321611
31 16 1336.598910323904 4 -10.531588052032 0.082488796743 -14.719054892730 0.124100808057 -0.734761585509 -0.025099639615 -11.711311077964 0.106460320801
32 17 1336.598910323904 4 -10.531588052031 0.082488796743 -14.719054892727 0.124100808057 -0.734761585504 -0.025099639615 -11.711311077966 0.106460320801
