# HRFsr.txt
#IMaCh version 0.99r45, April 2023,INED-EUROREVES-Institut de longevite-Japan Society for the Promotion of Science (Grant-in-Aid for Scientific Research 25293121), Intel Software 2015-2020, Nihon University 2021-202, INED 2000-2022
#$Revision: 1.353 $ $Date: 2023/05/08 18:48:22 $
# Tue Feb 04 22:13:35 2025

#****** ******
# (a) Life expectancies by health status at initial age and (b) health expectancies by health status at initial age
# Age e11  e12  e1.  e21  e22  e2. 
 50  16.1392  12.7141  28.8533  14.0419  14.5322  28.5741
 51  15.4766  12.4245  27.9011  13.3807  14.2229  27.6036
 52  14.8262  12.1280  26.9542  12.7328  13.9053  26.6381
 53  14.1885  11.8247  26.0132  12.0986  13.5795  25.6781
 54  13.5636  11.5150  25.0786  11.4785  13.2458  24.7243
 55  12.9519  11.1991  24.1510  10.8729  12.9047  23.7775
 56  12.3537  10.8773  23.2311  10.2820  12.5564  22.8384
 57  11.7693  10.5500  22.3194   9.7064  12.2014  21.9079
 58  11.1990  10.2176  21.4165   9.1464  11.8404  20.9867
 59  10.6429   9.8804  20.5233   8.6023  11.4737  20.0760
 60  10.1014   9.5391  19.6405   8.0745  11.1021  19.1766
 61   9.5747   9.1940  18.7687   7.5633  10.7263  18.2896
 62   9.0631   8.8457  17.9088   7.0691  10.3471  17.4162
 63   8.5666   8.4949  17.0615   6.5923   9.9651  16.5574
 64   8.0855   8.1422  16.2277   6.1330   9.5814  15.7144
 65   7.6200   7.7882  15.4082   5.6916   9.1969  14.8884
 66   7.1701   7.4337  14.6037   5.2682   8.8124  14.0807
 67   6.7359   7.0793  13.8152   4.8633   8.4291  13.2923
 68   6.3175   6.7258  13.0433   4.4768   8.0479  12.5247
 69   5.9150   6.3740  12.2890   4.1089   7.6699  11.7789
 70   5.5283   6.0247  11.5531   3.7598   7.2963  11.0561
 71   5.1575   5.6788  10.8363   3.4294   6.9280  10.3574
 72   4.8024   5.3369  10.1393   3.1178   6.5662   9.6840
 73   4.4629   5.0001   9.4630   2.8249   6.2119   9.0368
 74   4.1390   4.6691   8.8081   2.5505   5.8661   8.4166
 75   3.8304   4.3448   8.1752   2.2944   5.5297   7.8242
 76   3.5371   4.0281   7.5652   2.0564   5.2038   7.2602
 77   3.2588   3.7198   6.9786   1.8361   4.8890   6.7252
 78   2.9954   3.4207   6.4161   1.6332   4.5862   6.2194
 79   2.7466   3.1318   5.8784   1.4471   4.2959   5.7429
 80   2.5122   2.8539   5.3661   1.2772   4.0186   5.2958
 81   2.2920   2.5878   4.8797   1.1230   3.7547   4.8777
 82   2.0858   2.3342   4.4199   0.9838   3.5044   4.4882
 83   1.8933   2.0938   3.9872   0.8587   3.2678   4.1265
 84   1.7144   1.8674   3.5818   0.7471   3.0450   3.7920
 85   1.5487   1.6555   3.2043   0.6479   2.8356   3.4835
 86   1.3961   1.4585   2.8547   0.5605   2.6395   3.1999
 87   1.2562   1.2768   2.5330   0.4837   2.4561   2.9398
 88   1.1288   1.1104   2.2392   0.4167   2.2851   2.7018
 89   1.0133   0.9594   1.9727   0.3585   2.1259   2.4844
 90   0.9093   0.8235   1.7328   0.3083   1.9778   2.2861
