# HRFsr.txt
#IMaCh version 0.99r45, April 2023,INED-EUROREVES-Institut de longevite-Japan Society for the Promotion of Science (Grant-in-Aid for Scientific Research 25293121), Intel Software 2015-2020, Nihon University 2021-202, INED 2000-2022
#$Revision: 1.353 $ $Date: 2023/05/08 18:48:22 $
# Tue Feb 04 22:13:35 2025
# Forward period (stable) prevalence. Precision given by ftolpl=0.0006 
#Age 1-1 2-2 
#************
#Age   1-1     2-2   Total Years_to_converge
50  0.70905 0.29108 1.000 18
51  0.69920 0.30098 1.000 17
52  0.68916 0.31102 1.000 17
53  0.67896 0.32122 1.000 17
54  0.66861 0.33157 1.000 17
55  0.65812 0.34206 1.000 17
56  0.64749 0.35268 1.000 17
57  0.63675 0.36342 1.000 17
58  0.62591 0.37431 1.000 17
59  0.61496 0.38525 1.000 17
60  0.60393 0.39627 1.000 17
61  0.59283 0.40736 1.000 17
62  0.58169 0.41855 1.000 16
63  0.57049 0.42974 1.000 16
64  0.55926 0.44096 1.000 16
65  0.54803 0.45224 1.000 16
66  0.53677 0.46349 1.000 16
67  0.52551 0.47473 1.000 16
68  0.51428 0.48601 1.000 15
69  0.50304 0.49722 1.000 15
70  0.49183 0.50842 1.000 15
71  0.48063 0.51959 1.000 15
72  0.46948 0.53079 1.000 15
73  0.45831 0.54194 1.000 15
74  0.44715 0.55308 1.000 15
75  0.43597 0.56424 1.000 15
76  0.42477 0.57548 1.000 14
77  0.41348 0.58674 1.000 14
78  0.40208 0.59811 1.000 14
79  0.39056 0.60967 1.000 14
80  0.37882 0.62139 1.000 14
81  0.36680 0.63338 1.000 14
82  0.35447 0.64569 1.000 14
83  0.34176 0.65843 1.000 13
84  0.32856 0.67160 1.000 13
85  0.31487 0.68531 1.000 13
86  0.30058 0.69957 1.000 13
87  0.28574 0.71443 1.000 12
88  0.27033 0.72980 1.000 12
89  0.25449 0.74565 1.000 12
90  0.23832 0.76179 1.000 12
