# HRFsr.txt
#IMaCh version 0.99r45, April 2023,INED-EUROREVES-Institut de longevite-Japan Society for the Promotion of Science (Grant-in-Aid for Scientific Research 25293121), Intel Software 2015-2020, Nihon University 2021-202, INED 2000-2022
#$Revision: 1.353 $ $Date: 2023/05/08 18:48:22 $
# Tue Feb 04 22:13:35 2025
# probabilities of dying before estepm=6 months for people of exact age and weighted probabilities w1*p1j+w2*p2j+... stand dev in()
# Selected quantitative variables and dummies
# Age cov=1 p.3 SE w1 p13 w2 p23
 50 1   6.723e-004  3.422e-004  7.091e-001  1.009e-004   2.911e-001  2.064e-003 
 51 1   7.810e-004  3.811e-004  6.992e-001  1.242e-004   3.010e-001  2.306e-003 
 52 1   9.068e-004  4.238e-004  6.892e-001  1.528e-004   3.110e-001  2.577e-003 
 53 1   1.053e-003  4.705e-004  6.790e-001  1.880e-004   3.212e-001  2.879e-003 
 54 1   1.221e-003  5.216e-004  6.686e-001  2.313e-004   3.316e-001  3.217e-003 
 55 1   1.417e-003  5.774e-004  6.581e-001  2.846e-004   3.421e-001  3.594e-003 
 56 1   1.643e-003  6.383e-004  6.475e-001  3.500e-004   3.527e-001  4.015e-003 
 57 1   1.904e-003  7.044e-004  6.367e-001  4.304e-004   3.634e-001  4.485e-003 
 58 1   2.206e-003  7.764e-004  6.259e-001  5.293e-004   3.743e-001  5.010e-003 
 59 1   2.556e-003  8.544e-004  6.150e-001  6.507e-004   3.852e-001  5.595e-003 
 60 1   2.959e-003  9.388e-004  6.039e-001  7.998e-004   3.963e-001  6.248e-003 
 61 1   3.425e-003  1.030e-003  5.928e-001  9.830e-004   4.074e-001  6.977e-003 
 62 1   3.963e-003  1.129e-003  5.817e-001  1.208e-003   4.185e-001  7.790e-003 
 63 1   4.584e-003  1.236e-003  5.705e-001  1.484e-003   4.297e-001  8.697e-003 
 64 1   5.300e-003  1.351e-003  5.593e-001  1.823e-003   4.410e-001  9.708e-003 
 65 1   6.127e-003  1.475e-003  5.480e-001  2.239e-003   4.522e-001  1.083e-002 
 66 1   7.079e-003  1.610e-003  5.368e-001  2.749e-003   4.635e-001  1.209e-002 
 67 1   8.177e-003  1.754e-003  5.255e-001  3.374e-003   4.747e-001  1.349e-002 
 68 1   9.442e-003  1.911e-003  5.143e-001  4.140e-003   4.860e-001  1.505e-002 
 69 1   1.090e-002  2.079e-003  5.030e-001  5.078e-003   4.972e-001  1.678e-002 
 70 1   1.258e-002  2.262e-003  4.918e-001  6.226e-003   5.084e-001  1.871e-002 
 71 1   1.451e-002  2.459e-003  4.806e-001  7.631e-003   5.196e-001  2.086e-002 
 72 1   1.673e-002  2.673e-003  4.695e-001  9.348e-003   5.308e-001  2.325e-002 
 73 1   1.928e-002  2.907e-003  4.583e-001  1.145e-002   5.419e-001  2.590e-002 
 74 1   2.222e-002  3.163e-003  4.471e-001  1.400e-002   5.531e-001  2.885e-002 
 75 1   2.559e-002  3.447e-003  4.360e-001  1.712e-002   5.642e-001  3.212e-002 
 76 1   2.945e-002  3.767e-003  4.248e-001  2.091e-002   5.755e-001  3.574e-002 
 77 1   3.388e-002  4.137e-003  4.135e-001  2.552e-002   5.867e-001  3.976e-002 
 78 1   3.894e-002  4.575e-003  4.021e-001  3.110e-002   5.981e-001  4.421e-002 
 79 1   4.473e-002  5.110e-003  3.906e-001  3.784e-002   6.097e-001  4.913e-002 
 80 1   5.132e-002  5.778e-003  3.788e-001  4.597e-002   6.214e-001  5.456e-002 
 81 1   5.880e-002  6.627e-003  3.668e-001  5.573e-002   6.334e-001  6.055e-002 
 82 1   6.726e-002  1.978e-002  3.545e-001  6.741e-002   6.457e-001  6.716e-002 
 83 1   7.679e-002  9.064e-003  3.418e-001  8.130e-002   6.584e-001  7.443e-002 
 84 1   8.746e-002  1.074e-002  3.286e-001  9.773e-002   6.716e-001  8.241e-002 
 85 1   9.933e-002  1.276e-002  3.149e-001  1.170e-001   6.853e-001  9.116e-002 
 86 1   1.124e-001  1.511e-002  3.006e-001  1.395e-001   6.996e-001  1.007e-001 
 87 1   1.267e-001  1.778e-002  2.857e-001  1.655e-001   7.144e-001  1.112e-001 
 88 1   1.422e-001  2.073e-002  2.703e-001  1.952e-001   7.298e-001  1.226e-001 
 89 1   1.589e-001  2.393e-002  2.545e-001  2.287e-001   7.457e-001  1.350e-001 
 90 1   1.764e-001  2.735e-002  2.383e-001  2.660e-001   7.618e-001  1.484e-001 
