# HRFsr.txt
#IMaCh version 0.99r45, April 2023,INED-EUROREVES-Institut de longevite-Japan Society for the Promotion of Science (Grant-in-Aid for Scientific Research 25293121), Intel Software 2015-2020, Nihon University 2021-202, INED 2000-2022
#$Revision: 1.353 $ $Date: 2023/05/08 18:48:22 $
# Tue Feb 04 22:13:35 2025
#One-step probabilities and covariance matrix
# Age p1-1  p1-2  p1-3  p2-1  p2-2  p2-3 
50  9.294e-001  7.054e-002  1.009e-004  1.536e-001  8.443e-001  2.064e-003 
50 1-1  1.743e-004
50 1-2 -1.743e-004  1.743e-004
50 1-3 -1.947e-008 -2.407e-009  2.188e-008
50 2-1 -1.217e-004  1.215e-004  2.370e-007  6.748e-004
50 2-2  1.218e-004 -1.216e-004 -1.674e-007 -6.728e-004  6.724e-004
50 2-3 -6.315e-008  1.327e-007 -6.956e-008 -1.938e-006  4.567e-007  1.481e-006
51  9.268e-001  7.308e-002  1.242e-004  1.517e-001  8.460e-001  2.306e-003 
51 1-1  1.690e-004
51 1-2 -1.690e-004  1.690e-004
51 1-3 -1.900e-008 -1.213e-008  3.113e-008
51 2-1 -1.127e-004  1.125e-004  2.606e-007  6.038e-004
51 2-2  1.128e-004 -1.126e-004 -1.708e-007 -6.018e-004  6.016e-004
51 2-3 -8.905e-008  1.789e-007 -8.982e-008 -1.925e-006  1.917e-007  1.733e-006
52  9.241e-001  7.570e-002  1.528e-004  1.498e-001  8.476e-001  2.577e-003 
52 1-1  1.633e-004
52 1-2 -1.633e-004  1.633e-004
52 1-3 -1.810e-008 -2.609e-008  4.419e-008
52 2-1 -1.040e-004  1.037e-004  2.854e-007  5.387e-004
52 2-2  1.041e-004 -1.040e-004 -1.696e-007 -5.368e-004  5.369e-004
52 2-3 -1.175e-007  2.333e-007 -1.157e-007 -1.906e-006 -1.180e-007  2.024e-006
53  9.214e-001  7.840e-002  1.880e-004  1.479e-001  8.492e-001  2.879e-003 
53 1-1  1.572e-004
53 1-2 -1.572e-004  1.573e-004
53 1-3 -1.695e-008 -4.564e-008  6.259e-008
53 2-1 -9.565e-005  9.534e-005  3.109e-007  4.792e-004
53 2-2  9.580e-005 -9.564e-005 -1.621e-007 -4.774e-004  4.778e-004
53 2-3 -1.482e-007  2.970e-007 -1.488e-007 -1.881e-006 -4.772e-007  2.358e-006
54  9.186e-001  8.120e-002  2.313e-004  1.460e-001  8.507e-001  3.217e-003 
54 1-1  1.509e-004
54 1-2 -1.508e-004  1.509e-004
54 1-3 -1.592e-008 -7.252e-008  8.844e-008
54 2-1 -8.766e-005  8.732e-005  3.369e-007  4.252e-004
54 2-2  8.784e-005 -8.769e-005 -1.461e-007 -4.234e-004  4.243e-004
54 2-3 -1.804e-007  3.713e-007 -1.908e-007 -1.850e-006 -8.906e-007  2.741e-006
55  9.156e-001  8.408e-002  2.846e-004  1.442e-001  8.522e-001  3.594e-003 
55 1-1  1.443e-004
55 1-2 -1.443e-004  1.444e-004
55 1-3 -1.573e-008 -1.089e-007  1.246e-007
55 2-1 -8.010e-005  7.973e-005  3.631e-007  3.764e-004
55 2-2  8.031e-005 -8.019e-005 -1.190e-007 -3.745e-004  3.759e-004
55 2-3 -2.133e-007  4.575e-007 -2.442e-007 -1.815e-006 -1.363e-006  3.177e-006
56  9.126e-001  8.705e-002  3.500e-004  1.423e-001  8.537e-001  4.015e-003 
56 1-1  1.376e-004
56 1-2 -1.376e-004  1.377e-004
56 1-3 -1.761e-008 -1.576e-007  1.752e-007
56 2-1 -7.301e-005  7.262e-005  3.891e-007  3.324e-004
56 2-2  7.325e-005 -7.317e-005 -7.754e-008 -3.306e-004  3.325e-004
56 2-3 -2.455e-007  5.570e-007 -3.115e-007 -1.775e-006 -1.899e-006  3.674e-006
57  9.094e-001  9.012e-002  4.304e-004  1.405e-001  8.550e-001  4.485e-003 
57 1-1  1.309e-004
57 1-2 -1.309e-004  1.311e-004
57 1-3 -2.354e-008 -2.220e-007  2.456e-007
57 2-1 -6.644e-005  6.602e-005  4.143e-007  2.932e-004
57 2-2  6.671e-005 -6.670e-005 -1.794e-008 -2.914e-004  2.939e-004
57 2-3 -2.753e-007  6.716e-007 -3.964e-007 -1.734e-006 -2.503e-006  4.236e-006
58  9.062e-001  9.329e-002  5.293e-004  1.387e-001  8.563e-001  5.010e-003 
58 1-1  1.245e-004
58 1-2 -1.244e-004  1.247e-004
58 1-3 -3.660e-008 -3.065e-007  3.431e-007
58 2-1 -6.044e-005  6.000e-005  4.384e-007  2.584e-004
58 2-2  6.074e-005 -6.081e-005  6.435e-008 -2.567e-004  2.599e-004
58 2-3 -3.002e-007  8.030e-007 -5.027e-007 -1.691e-006 -3.179e-006  4.870e-006
59  9.028e-001  9.655e-002  6.507e-004  1.369e-001  8.575e-001  5.595e-003 
59 1-1  1.184e-004
59 1-2 -1.183e-004  1.187e-004
59 1-3 -6.139e-008 -4.164e-007  4.778e-007
59 2-1 -5.507e-005  5.461e-005  4.610e-007  2.278e-004
59 2-2  5.538e-005 -5.556e-005  1.746e-007 -2.262e-004  2.301e-004
59 2-3 -3.174e-007  9.530e-007 -6.356e-007 -1.650e-006 -3.931e-006  5.581e-006
60  8.993e-001  9.990e-002  7.998e-004  1.351e-001  8.587e-001  6.248e-003 
60 1-1  1.128e-004
60 1-2 -1.127e-004  1.133e-004
60 1-3 -1.047e-007 -5.583e-007  6.629e-007
60 2-1 -5.036e-005  4.988e-005  4.818e-007  2.013e-004
60 2-2  5.069e-005 -5.101e-005  3.190e-007 -1.997e-004  2.044e-004
60 2-3 -3.229e-007  1.124e-006 -8.007e-007 -1.613e-006 -4.760e-006  6.373e-006
61  8.957e-001  1.034e-001  9.830e-004  1.333e-001  8.597e-001  6.977e-003 
61 1-1  1.080e-004
61 1-2 -1.079e-004  1.086e-004
61 1-3 -1.761e-007 -7.403e-007  9.164e-007
61 2-1 -4.639e-005  4.588e-005  5.008e-007  1.785e-004
61 2-2  4.670e-005 -4.720e-005  5.041e-007 -1.769e-004  1.826e-004
61 2-3 -3.121e-007  1.317e-006 -1.005e-006 -1.584e-006 -5.669e-006  7.253e-006
62  8.919e-001  1.069e-001  1.208e-003  1.315e-001  8.607e-001  7.790e-003 
62 1-1  1.043e-004
62 1-2 -1.041e-004  1.050e-004
62 1-3 -2.891e-007 -9.725e-007  1.262e-006
62 2-1 -4.318e-005  4.266e-005  5.187e-007  1.594e-004
62 2-2  4.346e-005 -4.420e-005  7.376e-007 -1.578e-004  1.645e-004
62 2-3 -2.795e-007  1.536e-006 -1.256e-006 -1.566e-006 -6.656e-006  8.222e-006
63  8.879e-001  1.106e-001  1.484e-003  1.297e-001  8.616e-001  8.697e-003 
63 1-1  1.020e-004
63 1-2 -1.015e-004  1.028e-004
63 1-3 -4.624e-007 -1.267e-006  1.729e-006
63 2-1 -4.081e-005  4.027e-005  5.365e-007  1.436e-004
63 2-2  4.103e-005 -4.206e-005  1.027e-006 -1.421e-004  1.498e-004
63 2-3 -2.182e-007  1.782e-006 -1.564e-006 -1.565e-006 -7.719e-006  9.284e-006
64  8.838e-001  1.143e-001  1.823e-003  1.280e-001  8.623e-001  9.708e-003 
64 1-1  1.014e-004
64 1-2 -1.006e-004  1.023e-004
64 1-3 -7.212e-007 -1.637e-006  2.359e-006
64 2-1 -3.932e-005  3.877e-005  5.564e-007  1.311e-004
64 2-2  3.944e-005 -4.082e-005  1.381e-006 -1.295e-004  1.384e-004
64 2-3 -1.206e-007  2.058e-006 -1.937e-006 -1.586e-006 -8.853e-006  1.044e-005
65  8.796e-001  1.182e-001  2.239e-003  1.262e-001  8.630e-001  1.083e-002 
65 1-1  1.028e-004
65 1-2 -1.017e-004  1.038e-004
65 1-3 -1.099e-006 -2.102e-006  3.201e-006
65 2-1 -3.877e-005  3.819e-005  5.823e-007  1.216e-004
65 2-2  3.875e-005 -4.055e-005  1.805e-006 -1.199e-004  1.300e-004
65 2-3  2.203e-008  2.365e-006 -2.387e-006 -1.638e-006 -1.005e-005  1.169e-005
66  8.751e-001  1.222e-001  2.749e-003  1.244e-001  8.635e-001  1.209e-002 
66 1-1  1.067e-004
66 1-2 -1.051e-004  1.078e-004
66 1-3 -1.639e-006 -2.680e-006  4.319e-006
66 2-1 -3.921e-005  3.859e-005  6.201e-007  1.148e-004
66 2-2  3.899e-005 -4.130e-005  2.307e-006 -1.131e-004  1.244e-004
66 2-3  2.194e-007  2.707e-006 -2.927e-006 -1.727e-006 -1.130e-005  1.303e-005
67  8.704e-001  1.262e-001  3.374e-003  1.227e-001  8.638e-001  1.349e-002 
67 1-1  1.136e-004
67 1-2 -1.112e-004  1.146e-004
67 1-3 -2.398e-006 -3.396e-006  5.794e-006
67 2-1 -4.070e-005  4.002e-005  6.788e-007  1.107e-004
67 2-2  4.022e-005 -4.311e-005  2.888e-006 -1.089e-004  1.215e-004
67 2-3  4.818e-007  3.086e-006 -3.567e-006 -1.864e-006 -1.259e-005  1.446e-005
68  8.655e-001  1.304e-001  4.140e-003  1.210e-001  8.640e-001  1.505e-002 
68 1-1  1.240e-004
68 1-2 -1.206e-004  1.248e-004
68 1-3 -3.446e-006 -4.275e-006  7.722e-006
68 2-1 -4.330e-005  4.252e-005  7.716e-007  1.091e-004
68 2-2  4.248e-005 -4.602e-005  3.549e-006 -1.070e-004  1.209e-004
68 2-3  8.202e-007  3.501e-006 -4.321e-006 -2.063e-006 -1.391e-005  1.597e-005
69  8.603e-001  1.346e-001  5.078e-003  1.192e-001  8.640e-001  1.678e-002 
69 1-1  1.384e-004
69 1-2 -1.336e-004  1.389e-004
69 1-3 -4.871e-006 -5.349e-006  1.022e-005
69 2-1 -4.705e-005  4.613e-005  9.174e-007  1.097e-004
69 2-2  4.581e-005 -5.009e-005  4.282e-006 -1.074e-004  1.226e-004
69 2-3  1.246e-006  3.954e-006 -5.200e-006 -2.336e-006 -1.523e-005  1.756e-005
70  8.548e-001  1.390e-001  6.226e-003  1.175e-001  8.638e-001  1.871e-002 
70 1-1  1.575e-004
70 1-2 -1.507e-004  1.574e-004
70 1-3 -6.779e-006 -6.648e-006  1.343e-005
70 2-1 -5.203e-005  5.088e-005  1.143e-006  1.125e-004
70 2-2  5.026e-005 -5.533e-005  5.071e-006 -1.098e-004  1.263e-004
70 2-3  1.770e-006  4.444e-006 -6.214e-006 -2.703e-006 -1.654e-005  1.924e-005
71  8.490e-001  1.434e-001  7.631e-003  1.157e-001  8.634e-001  2.086e-002 
71 1-1  1.819e-004
71 1-2 -1.726e-004  1.808e-004
71 1-3 -9.297e-006 -8.205e-006  1.750e-005
71 2-1 -5.828e-005  5.680e-005  1.484e-006  1.171e-004
71 2-2  5.588e-005 -6.177e-005  5.888e-006 -1.139e-004  1.318e-004
71 2-3  2.403e-006  4.970e-006 -7.373e-006 -3.184e-006 -1.784e-005  2.102e-005
72  8.428e-001  1.479e-001  9.348e-003  1.139e-001  8.628e-001  2.325e-002 
72 1-1  2.123e-004
72 1-2 -1.997e-004  2.098e-004
72 1-3 -1.258e-005 -1.005e-005  2.263e-005
72 2-1 -6.589e-005  6.390e-005  1.992e-006  1.235e-004
72 2-2  6.273e-005 -6.942e-005  6.693e-006 -1.197e-004  1.388e-004
72 2-3  3.158e-006  5.527e-006 -8.685e-006 -3.806e-006 -1.912e-005  2.293e-005
73  8.361e-001  1.524e-001  1.145e-002  1.122e-001  8.619e-001  2.590e-002 
73 1-1  2.494e-004
73 1-2 -2.326e-004  2.448e-004
73 1-3 -1.681e-005 -1.223e-005  2.904e-005
73 2-1 -7.491e-005  7.217e-005  2.735e-006  1.315e-004
73 2-2  7.086e-005 -7.828e-005  7.426e-006 -1.269e-004  1.473e-004
73 2-3  4.050e-006  6.111e-006 -1.016e-005 -4.601e-006 -2.041e-005  2.501e-005
74  8.290e-001  1.570e-001  1.400e-002  1.104e-001  8.607e-001  2.885e-002 
74 1-1  2.940e-004
74 1-2 -2.718e-004  2.865e-004
74 1-3 -2.223e-005 -1.475e-005  3.698e-005
74 2-1 -8.541e-005  8.161e-005  3.803e-006  1.410e-004
74 2-2  8.031e-005 -8.833e-005  8.014e-006 -1.354e-004  1.571e-004
74 2-3  5.101e-006  6.717e-006 -1.182e-005 -5.609e-006 -2.175e-005  2.736e-005
75  8.213e-001  1.616e-001  1.712e-002  1.086e-001  8.593e-001  3.212e-002 
75 1-1  3.469e-004
75 1-2 -3.177e-004  3.354e-004
75 1-3 -2.916e-005 -1.765e-005  4.682e-005
75 2-1 -9.749e-005  9.217e-005  5.317e-006  1.516e-004
75 2-2  9.114e-005 -9.951e-005  8.369e-006 -1.448e-004  1.680e-004
75 2-3  6.348e-006  7.337e-006 -1.369e-005 -6.879e-006 -2.326e-005  3.014e-005
76  8.130e-001  1.661e-001  2.091e-002  1.068e-001  8.574e-001  3.574e-002 
76 1-1  4.089e-004
76 1-2 -3.708e-004  3.917e-004
76 1-3 -3.809e-005 -2.098e-005  5.907e-005
76 2-1 -1.112e-004  1.038e-004  7.434e-006  1.634e-004
76 2-2  1.034e-004 -1.118e-004  8.397e-006 -1.549e-004  1.800e-004
76 2-3  7.860e-006  7.970e-006 -1.583e-005 -8.474e-006 -2.510e-005  3.358e-005
77  8.038e-001  1.706e-001  2.552e-002  1.050e-001  8.552e-001  3.976e-002 
77 1-1  4.810e-004
77 1-2 -4.312e-004  4.560e-004
77 1-3 -4.980e-005 -2.481e-005  7.461e-005
77 2-1 -1.267e-004  1.164e-004  1.036e-005  1.761e-004
77 2-2  1.170e-004 -1.250e-004  8.023e-006 -1.656e-004  1.932e-004
77 2-3  9.757e-006  8.624e-006 -1.838e-005 -1.047e-005 -2.757e-005  3.804e-005
78  7.938e-001  1.751e-001  3.110e-002  1.032e-001  8.526e-001  4.421e-002 
78 1-1  5.646e-004
78 1-2 -4.990e-004  5.283e-004
78 1-3 -6.567e-005 -2.933e-005  9.500e-005
78 2-1 -1.441e-004  1.298e-004  1.435e-005  1.895e-004
78 2-2  1.319e-004 -1.391e-004  7.220e-006 -1.766e-004  2.077e-004
78 2-3  1.225e-005  9.324e-006 -2.158e-005 -1.297e-005 -3.109e-005  4.405e-005
79  7.828e-001  1.793e-001  3.784e-002  1.013e-001  8.496e-001  4.913e-002 
79 1-1  6.617e-004
79 1-2 -5.736e-004  6.085e-004
79 1-3 -8.809e-005 -3.497e-005  1.231e-004
79 2-1 -1.636e-004  1.438e-004  1.976e-005  2.036e-004
79 2-2  1.479e-004 -1.540e-004  6.079e-006 -1.875e-004  2.238e-004
79 2-3  1.570e-005  1.014e-005 -2.583e-005 -1.608e-005 -3.629e-005  5.237e-005
80  7.706e-001  1.834e-001  4.597e-002  9.943e-002  8.460e-001  5.456e-002 
80 1-1  7.751e-004
80 1-2 -6.538e-004  6.965e-004
80 1-3 -1.213e-004 -4.262e-005  1.639e-004
80 2-1 -1.852e-004  1.582e-004  2.698e-005  2.180e-004
80 2-2  1.645e-004 -1.694e-004  4.893e-006 -1.981e-004  2.422e-004
80 2-3  2.069e-005  1.118e-005 -3.187e-005 -1.997e-005 -4.410e-005  6.407e-005
81  7.571e-001  1.872e-001  5.573e-002  9.752e-002  8.419e-001  6.055e-002 
81 1-1  9.100e-004
81 1-2 -7.375e-004  7.915e-004
81 1-3 -1.725e-004 -5.403e-005  2.266e-004
81 2-1 -2.092e-004  1.727e-004  3.653e-005  2.327e-004
81 2-2  1.811e-004 -1.854e-004  4.307e-006 -2.079e-004  2.637e-004
81 2-3  2.814e-005  1.270e-005 -4.084e-005 -2.481e-005 -5.579e-005  8.061e-005
82  7.420e-001  1.906e-001  6.741e-002  9.558e-002  8.373e-001  6.716e-002 
82 1-1  1.075e-003
82 1-2 -8.207e-004  8.931e-004
82 1-3 -2.539e-004 -7.248e-005  3.264e-004
82 2-1 -2.358e-004  1.868e-004  4.904e-005  2.476e-004
82 2-2  1.963e-004 -2.018e-004  5.510e-006 -2.167e-004  2.898e-004
82 2-3  3.947e-005  1.507e-005 -5.455e-005 -3.086e-005 -7.310e-005  1.040e-004
83  7.252e-001  1.935e-001  8.130e-002  9.360e-002  8.320e-001  7.443e-002 
83 1-1  1.282e-003
83 1-2 -8.969e-004  1.001e-003
83 1-3 -3.849e-004 -1.037e-004  4.886e-004
83 2-1 -2.652e-004  2.000e-004  6.521e-005  2.623e-004
83 2-2  2.084e-004 -2.189e-004  1.049e-005 -2.239e-004  3.223e-004
83 2-3  5.677e-005  1.894e-005 -7.571e-005 -3.838e-005 -9.835e-005  1.367e-004
84  7.065e-001  1.958e-001  9.773e-002  9.159e-002  8.260e-001  8.241e-002 
84 1-1  1.551e-003
84 1-2 -9.562e-004  1.113e-003
84 1-3 -5.952e-004 -1.572e-004  7.524e-004
84 2-1 -2.975e-004  2.117e-004  8.588e-005  2.768e-004
84 2-2  2.146e-004 -2.369e-004  2.236e-005 -2.291e-004  3.637e-004
84 2-3  8.298e-005  2.526e-005 -1.082e-004 -4.773e-005 -1.346e-004  1.823e-004
85  6.856e-001  1.974e-001  1.170e-001  8.953e-002  8.193e-001  9.116e-002 
85 1-1  1.913e-003
85 1-2 -9.842e-004  1.232e-003
85 1-3 -9.283e-004 -2.480e-004  1.176e-003
85 2-1 -3.331e-004  2.212e-004  1.119e-004  2.910e-004
85 2-2  2.110e-004 -2.566e-004  4.568e-005 -2.316e-004  4.175e-004
85 2-3  1.221e-004  3.546e-005 -1.576e-004 -5.933e-005 -1.858e-004  2.452e-004
86  6.624e-001  1.981e-001  1.395e-001  8.743e-002  8.118e-001  1.007e-001 
86 1-1  2.404e-003
86 1-2 -9.606e-004  1.359e-003
86 1-3 -1.443e-003 -3.982e-004  1.841e-003
86 2-1 -3.719e-004  2.277e-004  1.442e-004  3.046e-004
86 2-2  1.925e-004 -2.793e-004  8.676e-005 -2.309e-004  4.879e-004
86 2-3  1.794e-004  5.153e-005 -2.309e-004 -7.367e-005 -2.570e-004  3.306e-004
87  6.367e-001  1.978e-001  1.655e-001  8.528e-002  8.035e-001  1.112e-001 
87 1-1  3.074e-003
87 1-2 -8.590e-004  1.497e-003
87 1-3 -2.215e-003 -6.379e-004  2.852e-003
87 2-1 -4.140e-004  2.305e-004  1.835e-004  3.175e-004
87 2-2  1.528e-004 -3.066e-004  1.538e-004 -2.262e-004  5.803e-004
87 2-3  2.612e-004  7.613e-005 -3.373e-004 -9.135e-005 -3.542e-004  4.455e-004
88  6.084e-001  1.964e-001  1.952e-001  8.308e-002  7.943e-001  1.226e-001 
88 1-1  3.974e-003
88 1-2 -6.480e-004  1.653e-003
88 1-3 -3.326e-003 -1.005e-003  4.331e-003
88 2-1 -4.590e-004  2.286e-004  2.304e-004  3.296e-004
88 2-2  8.418e-005 -3.412e-004  2.570e-004 -2.166e-004  7.016e-004
88 2-3  3.748e-004  1.126e-004 -4.874e-004 -1.130e-004 -4.850e-004  5.980e-004
89  5.776e-001  1.937e-001  2.287e-001  8.084e-002  7.842e-001  1.350e-001 
89 1-1  5.152e-003
89 1-2 -2.945e-004  1.836e-003
89 1-3 -4.858e-003 -1.541e-003  6.399e-003
89 2-1 -5.064e-004  2.214e-004  2.851e-004  3.408e-004
89 2-2 -2.141e-005 -3.861e-004  4.075e-004 -2.014e-004  8.596e-004
89 2-3  5.278e-004  1.648e-004 -6.926e-004 -1.394e-004 -6.581e-004  7.976e-004
90  5.444e-001  1.896e-001  2.660e-001  7.854e-002  7.730e-001  1.484e-001 
90 1-1  6.633e-003
90 1-2  2.303e-004  2.056e-003
90 1-3 -6.863e-003 -2.286e-003  9.149e-003
90 2-1 -5.553e-004  2.082e-004  3.471e-004  3.510e-004
90 2-2 -1.718e-004 -4.451e-004  6.168e-004 -1.796e-004  1.064e-003
90 2-3  7.270e-004  2.369e-004 -9.639e-004 -1.713e-004 -8.839e-004  1.055e-003