
#****** ******
# HRFsr.txt
#IMaCh version 0.99r45, April 2023,INED-EUROREVES-Institut de longevite-Japan Society for the Promotion of Science (Grant-in-Aid for Scientific Research 25293121), Intel Software 2015-2020, Nihon University 2021-202, INED 2000-2022
#$Revision: 1.353 $ $Date: 2023/05/08 18:48:22 $
# Tue Feb 04 22:13:35 2025
# Health expectancies with standard errors
# Age e11 (SE) e12 (SE) e1.  e21 (SE) e22 (SE) e2. 
 50   16.1392 (0.7870)   12.7141 (0.8264)   28.8533 (0.9930)   14.0419 (0.8557)   14.5322 (0.8869)   28.5741 (1.0859)
 51   15.4766 (0.7573)   12.4245 (0.8043)   27.9011 (0.9785)   13.3807 (0.8204)   14.2229 (0.8621)   27.6036 (1.0725)
 52   14.8262 (0.7291)   12.1280 (0.7832)   26.9542 (0.9632)   12.7328 (0.7867)   13.9053 (0.8387)   26.6381 (1.0579)
 53   14.1885 (0.7022)   11.8247 (0.7631)   26.0132 (0.9472)   12.0986 (0.7544)   13.5795 (0.8163)   25.6781 (1.0419)
 54   13.5636 (0.6767)   11.5150 (0.7439)   25.0786 (0.9305)   11.4785 (0.7236)   13.2458 (0.7950)   24.7243 (1.0244)
 55   12.9519 (0.6527)   11.1991 (0.7255)   24.1510 (0.9130)   10.8729 (0.6942)   12.9047 (0.7745)   23.7775 (1.0056)
 56   12.3537 (0.6299)   10.8773 (0.7077)   23.2311 (0.8950)   10.2820 (0.6661)   12.5564 (0.7546)   22.8384 (0.9854)
 57   11.7693 (0.6085)   10.5500 (0.6906)   22.3194 (0.8764)    9.7064 (0.6393)   12.2014 (0.7352)   21.9079 (0.9637)
 58   11.1990 (0.5882)   10.2176 (0.6740)   21.4165 (0.8573)    9.1464 (0.6136)   11.8404 (0.7161)   20.9867 (0.9407)
 59   10.6429 (0.5691)    9.8804 (0.6579)   20.5233 (0.8379)    8.6023 (0.5889)   11.4737 (0.6973)   20.0760 (0.9164)
 60   10.1014 (0.5510)    9.5391 (0.6422)   19.6405 (0.8181)    8.0745 (0.5651)   11.1021 (0.6785)   19.1766 (0.8908)
 61    9.5747 (0.5337)    9.1940 (0.6269)   18.7687 (0.7982)    7.5633 (0.5421)   10.7263 (0.6596)   18.2896 (0.8642)
 62    9.0631 (0.5173)    8.8457 (0.6119)   17.9088 (0.7782)    7.0691 (0.5199)   10.3471 (0.6407)   17.4162 (0.8366)
 63    8.5666 (0.5015)    8.4949 (0.5971)   17.0615 (0.7581)    6.5923 (0.4982)    9.9651 (0.6217)   16.5574 (0.8082)
 64    8.0855 (0.4862)    8.1422 (0.5826)   16.2277 (0.7381)    6.1330 (0.4770)    9.5814 (0.6026)   15.7144 (0.7792)
 65    7.6200 (0.4713)    7.7882 (0.5683)   15.4082 (0.7183)    5.6916 (0.4562)    9.1969 (0.5834)   14.8884 (0.7499)
 66    7.1701 (0.4566)    7.4337 (0.5543)   14.6037 (0.6988)    5.2682 (0.4357)    8.8124 (0.5642)   14.0807 (0.7204)
 67    6.7359 (0.4422)    7.0793 (0.5405)   13.8152 (0.6795)    4.8633 (0.4156)    8.4291 (0.5450)   13.2923 (0.6911)
 68    6.3175 (0.4278)    6.7258 (0.5269)   13.0433 (0.6606)    4.4768 (0.3958)    8.0479 (0.5261)   12.5247 (0.6623)
 69    5.9150 (0.4134)    6.3740 (0.5135)   12.2890 (0.6420)    4.1089 (0.3762)    7.6699 (0.5075)   11.7789 (0.6343)
 70    5.5283 (0.3989)    6.0247 (0.5004)   11.5531 (0.6238)    3.7598 (0.3569)    7.2963 (0.4894)   11.0561 (0.6074)
 71    5.1575 (0.3844)    5.6788 (0.4874)   10.8363 (0.6060)    3.4294 (0.3380)    6.9280 (0.4720)   10.3574 (0.5819)
 72    4.8024 (0.3698)    5.3369 (0.4746)   10.1393 (0.5888)    3.1178 (0.3195)    6.5662 (0.4554)    9.6840 (0.5580)
 73    4.4629 (0.3551)    5.0001 (0.4619)    9.4630 (0.5721)    2.8249 (0.3014)    6.2119 (0.4398)    9.0368 (0.5360)
 74    4.1390 (0.3406)    4.6691 (0.4494)    8.8081 (0.5561)    2.5505 (0.2838)    5.8661 (0.4252)    8.4166 (0.5161)
 75    3.8304 (0.3262)    4.3448 (0.4371)    8.1752 (0.5409)    2.2944 (0.2668)    5.5297 (0.4119)    7.8242 (0.4982)
 76    3.5371 (0.3122)    4.0281 (0.4250)    7.5652 (0.5269)    2.0564 (0.2504)    5.2038 (0.3998)    7.2602 (0.4823)
 77    3.2588 (0.2988)    3.7198 (0.4131)    6.9786 (0.5142)    1.8361 (0.2347)    4.8890 (0.3889)    6.7252 (0.4684)
 78    2.9954 (0.2863)    3.4207 (0.4015)    6.4161 (0.5032)    1.6332 (0.2197)    4.5862 (0.3792)    6.2194 (0.4561)
 79    2.7466 (0.2748)    3.1318 (0.3903)    5.8784 (0.4941)    1.4471 (0.2054)    4.2959 (0.3706)    5.7429 (0.4453)
 80    2.5122 (0.2646)    2.8539 (0.3795)    5.3661 (0.4871)    1.2772 (0.1918)    4.0186 (0.3629)    5.2958 (0.4356)
 81    2.2920 (0.2558)    2.5878 (0.3692)    4.8797 (0.4823)    1.1230 (0.1789)    3.7547 (0.3562)    4.8777 (0.4267)
 82    2.0858 (0.2485)    2.3342 (0.3593)    4.4199 (0.4795)    0.9838 (0.1666)    3.5044 (0.3502)    4.4882 (0.4184)
 83    1.8933 (0.2427)    2.0938 (0.3498)    3.9872 (0.4781)    0.8587 (0.1548)    3.2678 (0.3449)    4.1265 (0.4104)
 84    1.7144 (0.2380)    1.8674 (0.3405)    3.5818 (0.4777)    0.7471 (0.1435)    3.0450 (0.3401)    3.7920 (0.4026)
 85    1.5487 (0.2341)    1.6555 (0.3312)    3.2043 (0.4773)    0.6479 (0.1327)    2.8356 (0.3357)    3.4835 (0.3949)
 86    1.3961 (0.2305)    1.4585 (0.3216)    2.8547 (0.4759)    0.5605 (0.1223)    2.6395 (0.3317)    3.1999 (0.3873)
 87    1.2562 (0.2269)    1.2768 (0.3113)    2.5330 (0.4727)    0.4837 (0.1123)    2.4561 (0.3280)    2.9398 (0.3798)
 88    1.1288 (0.2225)    1.1104 (0.3001)    2.2392 (0.4668)    0.4167 (0.1027)    2.2851 (0.3244)    2.7018 (0.3726)
 89    1.0133 (0.2172)    0.9594 (0.2876)    1.9727 (0.4575)    0.3585 (0.0936)    2.1259 (0.3210)    2.4844 (0.3656)
 90    0.9093 (0.2106)    0.8235 (0.2738)    1.7328 (0.4445)    0.3083 (0.0850)    1.9778 (0.3177)    2.2861 (0.3588)
