
#****** ******
# HRFsr.txt
#IMaCh version 0.99r45, April 2023,INED-EUROREVES-Institut de longevite-Japan Society for the Promotion of Science (Grant-in-Aid for Scientific Research 25293121), Intel Software 2015-2020, Nihon University 2021-202, INED 2000-2022
#$Revision: 1.353 $ $Date: 2023/05/08 18:48:22 $
# Tue Feb 04 22:13:35 2025
# Variance and covariance of health expectancies e.j 
#  (weighted average of eij where weights are the age specific period (stable) prevalences in each health state 
# Age Cov(e.1, e.1) Cov(e.1, e.2) Cov(e.2, e.1) Cov(e.2, e.2)
50  0.7394 -0.2387 -0.2387 0.7762
51  0.6821 -0.2018 -0.2018 0.7323
52  0.6294 -0.1694 -0.1694 0.6914
53  0.5808 -0.1413 -0.1413 0.6534
54  0.5362 -0.1173 -0.1173 0.6181
55  0.4953 -0.0969 -0.0969 0.5852
56  0.4579 -0.0800 -0.0800 0.5545
57  0.4237 -0.0662 -0.0662 0.5256
58  0.3925 -0.0552 -0.0552 0.4986
59  0.3639 -0.0466 -0.0466 0.4729
60  0.3378 -0.0401 -0.0401 0.4485
61  0.3139 -0.0353 -0.0353 0.4251
62  0.2918 -0.0319 -0.0319 0.4028
63  0.2714 -0.0297 -0.0297 0.3813
64  0.2525 -0.0284 -0.0284 0.3606
65  0.2348 -0.0276 -0.0276 0.3407
66  0.2181 -0.0272 -0.0272 0.3215
67  0.2024 -0.0271 -0.0271 0.3030
68  0.1875 -0.0269 -0.0269 0.2853
69  0.1733 -0.0266 -0.0266 0.2684
70  0.1596 -0.0261 -0.0261 0.2523
71  0.1466 -0.0253 -0.0253 0.2372
72  0.1342 -0.0242 -0.0242 0.2230
73  0.1224 -0.0227 -0.0227 0.2097
74  0.1111 -0.0209 -0.0209 0.1975
75  0.1005 -0.0188 -0.0188 0.1863
76  0.0906 -0.0165 -0.0165 0.1760
77  0.0813 -0.0139 -0.0139 0.1666
78  0.0728 -0.0112 -0.0112 0.1580
79  0.0650 -0.0085 -0.0085 0.1502
80  0.0580 -0.0059 -0.0059 0.1429
81  0.0517 -0.0035 -0.0035 0.1361
82  0.2613 0.3886 0.3886 0.8361
83  0.0411 0.0004 0.0004 0.1236
84  0.0367 0.0017 0.0017 0.1176
85  0.0327 0.0025 0.0025 0.1119
86  0.0291 0.0028 0.0028 0.1065
87  0.0259 0.0025 0.0025 0.1014
88  0.0229 0.0019 0.0019 0.0969
89  0.0201 0.0010 0.0010 0.0931
90  0.0175 -0.0001 -0.0001 0.0900
