# ITMchr.txt
#IMaCh version 0.99r45, April 2023,INED-EUROREVES-Institut de longevite-Japan Society for the Promotion of Science (Grant-in-Aid for Scientific Research 25293121), Intel Software 2015-2020, Nihon University 2021-202, INED 2000-2022
#$Revision: 1.353 $ $Date: 2023/05/08 18:48:22 $
# Tue Feb 04 22:21:37 2025

#****** ******
# (a) Life expectancies by health status at initial age and (b) health expectancies by health status at initial age
# Age e11  e12  e1.  e21  e22  e2. 
 50  11.8734  20.7248  32.5982   9.1800  23.3744  32.5545
 51  11.2279  20.4249  31.6527   8.5225  23.0693  31.5918
 52  10.6059  20.1062  30.7121   7.8951  22.7368  30.6319
 53  10.0079  19.7689  29.7768   7.2982  22.3770  29.6752
 54   9.4343  19.4131  28.8474   6.7322  21.9902  28.7224
 55   8.8853  19.0391  27.9245   6.1970  21.5770  27.7740
 56   8.3611  18.6476  27.0087   5.6927  21.1382  26.8309
 57   7.8616  18.2392  26.1008   5.2187  20.6749  25.8936
 58   7.3867  17.8149  25.2016   4.7746  20.1884  24.9631
 59   6.9363  17.3755  24.3118   4.3597  19.6804  24.0402
 60   6.5100  16.9224  23.4323   3.9731  19.1527  23.1258
 61   6.1073  16.4567  22.5640   3.6138  18.6071  22.2210
 62   5.7278  15.9800  21.7077   3.2808  18.0459  21.3267
 63   5.3708  15.4937  20.8645   2.9729  17.4710  20.4439
 64   5.0357  14.9994  20.0351   2.6888  16.8849  19.5737
 65   4.7218  14.4989  19.2207   2.4274  16.2898  18.7173
 66   4.4283  13.9938  18.4221   2.1874  15.6881  17.8755
 67   4.1543  13.4860  17.6403   1.9674  15.0821  17.0495
 68   3.8991  12.9771  16.8762   1.7663  14.4741  16.2404
 69   3.6617  12.4690  16.1307   1.5828  13.8663  15.4491
 70   3.4414  11.9634  15.4048   1.4157  13.2610  14.6767
 71   3.2372  11.4621  14.6993   1.2639  12.6603  13.9241
 72   3.0482  10.9666  14.0148   1.1261  12.0662  13.1923
 73   2.8737  10.4786  13.3523   1.0015  11.4806  12.4820
 74   2.7127   9.9996  12.7123   0.8889  10.9053  11.7942
 75   2.5644   9.5311  12.0955   0.7874  10.3420  11.1294
 76   2.4280   9.0742  11.5023   0.6960   9.7923  10.4884
 77   2.3028   8.6303  10.9331   0.6140   9.2576   9.8716
 78   2.1879   8.2003  10.3883   0.5406   8.7391   9.2797
 79   2.0827   7.7853   9.8680   0.4749   8.2379   8.7128
 80   1.9864   7.3860   9.3725   0.4163   7.7549   8.1713
 81   1.8984   7.0032   8.9016   0.3642   7.2911   7.6553
 82   1.8181   6.6372   8.4553   0.3179   6.8469   7.1648
 83   1.7449   6.2886   8.0334   0.2769   6.4229   6.6998
 84   1.6781   5.9575   7.6356   0.2407   6.0194   6.2601
 85   1.6173   5.6440   7.2614   0.2087   5.6366   5.8453
 86   1.5620   5.3483   6.9103   0.1806   5.2746   5.4552
 87   1.5117   5.0700   6.5818   0.1560   4.9332   5.0891
 88   1.4660   4.8090   6.2751   0.1344   4.6122   4.7466
 89   1.4245   4.5650   5.9895   0.1156   4.3113   4.4268
 90   1.3868   4.3374   5.7243   0.0992   4.0300   4.1291
