# ITMchr.txt
#IMaCh version 0.99r45, April 2023,INED-EUROREVES-Institut de longevite-Japan Society for the Promotion of Science (Grant-in-Aid for Scientific Research 25293121), Intel Software 2015-2020, Nihon University 2021-202, INED 2000-2022
#$Revision: 1.353 $ $Date: 2023/05/08 18:48:22 $
# Tue Feb 04 22:21:37 2025
# Forward period (stable) prevalence. Precision given by ftolpl=0.0006 
#Age 1-1 2-2 
#************
#Age   1-1     2-2   Total Years_to_converge
50  0.73306 0.26709 1.000 18
51  0.71193 0.28812 1.000 20
52  0.68974 0.31032 1.000 20
53  0.66654 0.33354 1.000 20
54  0.64240 0.35770 1.000 20
55  0.61741 0.38272 1.000 20
56  0.59168 0.40847 1.000 20
57  0.56534 0.43484 1.000 20
58  0.53854 0.46166 1.000 20
59  0.51144 0.48879 1.000 20
60  0.48421 0.51605 1.000 20
61  0.45699 0.54311 1.000 22
62  0.43002 0.57009 1.000 22
63  0.40345 0.59667 1.000 22
64  0.37745 0.62268 1.000 22
65  0.35217 0.64796 1.000 22
66  0.32775 0.67238 1.000 22
67  0.30432 0.69581 1.000 22
68  0.28196 0.71816 1.000 22
69  0.26077 0.73934 1.000 22
70  0.24078 0.75932 1.000 22
71  0.22203 0.77806 1.000 22
72  0.20451 0.79557 1.000 22
73  0.18822 0.81184 1.000 22
74  0.17314 0.82692 1.000 22
75  0.15922 0.84087 1.000 20
76  0.14638 0.85369 1.000 20
77  0.13459 0.86547 1.000 20
78  0.12377 0.87628 1.000 20
79  0.11385 0.88618 1.000 20
80  0.10480 0.89526 1.000 18
81  0.09650 0.90354 1.000 18
82  0.08891 0.91112 1.000 18
83  0.08197 0.91805 1.000 18
84  0.07564 0.92440 1.000 16
85  0.06983 0.93020 1.000 16
86  0.06451 0.93551 1.000 16
87  0.05965 0.94037 1.000 16
88  0.05520 0.94483 1.000 14
89  0.05111 0.94892 1.000 14
90  0.04735 0.95267 1.000 14
