# ITMchr.txt
#IMaCh version 0.99r45, April 2023,INED-EUROREVES-Institut de longevite-Japan Society for the Promotion of Science (Grant-in-Aid for Scientific Research 25293121), Intel Software 2015-2020, Nihon University 2021-202, INED 2000-2022
#$Revision: 1.353 $ $Date: 2023/05/08 18:48:22 $
# Tue Feb 04 22:21:37 2025
#One-step probabilities and correlation matrix
# Age p1-1  p1-2  p1-3  p2-1  p2-2  p2-3 
50  8.092e-001  1.876e-001  3.119e-003  3.534e-001  6.433e-001  3.344e-003 
50 1-1  1.000e+000
50 1-2 -9.935e-001  1.000e+000
50 1-3 -1.341e-001  2.013e-002  1.000e+000
50 2-1 -1.984e-002  1.918e-002  7.221e-003  1.000e+000
50 2-2  1.977e-002 -1.918e-002 -6.695e-003 -9.991e-001  1.000e+000
50 2-3  3.134e-003 -1.641e-003 -1.320e-002 -1.013e-001  5.994e-002  1.000e+000
51  7.964e-001  2.003e-001  3.370e-003  3.376e-001  6.586e-001  3.838e-003 
51 1-1  1.000e+000
51 1-2 -9.929e-001  1.000e+000
51 1-3 -1.316e-001  1.311e-002  1.000e+000
51 2-1 -1.991e-002  1.926e-002  6.844e-003  1.000e+000
51 2-2  1.983e-002 -1.926e-002 -6.188e-003 -9.988e-001  1.000e+000
51 2-3  2.939e-003 -1.328e-003 -1.368e-002 -9.490e-002  4.553e-002  1.000e+000
52  7.828e-001  2.135e-001  3.638e-003  3.221e-001  6.735e-001  4.400e-003 
52 1-1  1.000e+000
52 1-2 -9.924e-001  1.000e+000
52 1-3 -1.290e-001  5.659e-003  1.000e+000
52 2-1 -2.000e-002  1.936e-002  6.461e-003  1.000e+000
52 2-2  1.991e-002 -1.937e-002 -5.640e-003 -9.983e-001  1.000e+000
52 2-3  2.743e-003 -9.965e-004 -1.422e-002 -8.901e-002  2.998e-002  1.000e+000
53  7.687e-001  2.274e-001  3.922e-003  3.070e-001  6.879e-001  5.039e-003 
53 1-1  1.000e+000
53 1-2 -9.917e-001  1.000e+000
53 1-3 -1.263e-001 -2.223e-003  1.000e+000
53 2-1 -2.012e-002  1.949e-002  6.080e-003  1.000e+000
53 2-2  2.001e-002 -1.951e-002 -5.049e-003 -9.975e-001  1.000e+000
53 2-3  2.544e-003 -6.432e-004 -1.483e-002 -8.368e-002  1.303e-002  1.000e+000
54  7.539e-001  2.419e-001  4.224e-003  2.923e-001  7.019e-001  5.765e-003 
54 1-1  1.000e+000
54 1-2 -9.910e-001  1.000e+000
54 1-3 -1.236e-001 -1.050e-002  1.000e+000
54 2-1 -2.027e-002  1.965e-002  5.711e-003  1.000e+000
54 2-2  2.013e-002 -1.969e-002 -4.413e-003 -9.964e-001  1.000e+000
54 2-3  2.342e-003 -2.647e-004 -1.552e-002 -7.895e-002 -5.623e-003  1.000e+000
55  7.385e-001  2.569e-001  4.543e-003  2.780e-001  7.154e-001  6.587e-003 
55 1-1  1.000e+000
55 1-2 -9.902e-001  1.000e+000
55 1-3 -1.208e-001 -1.913e-002  1.000e+000
55 2-1 -2.046e-002  1.985e-002  5.369e-003  1.000e+000
55 2-2  2.029e-002 -1.992e-002 -3.731e-003 -9.949e-001  1.000e+000
55 2-3  2.136e-003  1.424e-004 -1.629e-002 -7.488e-002 -2.632e-002  1.000e+000
56  7.225e-001  2.726e-001  4.880e-003  2.641e-001  7.284e-001  7.519e-003 
56 1-1  1.000e+000
56 1-2 -9.893e-001  1.000e+000
56 1-3 -1.181e-001 -2.798e-002  1.000e+000
56 2-1 -2.070e-002  2.009e-002  5.075e-003  1.000e+000
56 2-2  2.049e-002 -2.019e-002 -3.005e-003 -9.927e-001  1.000e+000
56 2-3  1.925e-003  5.812e-004 -1.715e-002 -7.154e-002 -4.940e-002  1.000e+000
57  7.059e-001  2.889e-001  5.235e-003  2.506e-001  7.408e-001  8.573e-003 
57 1-1  1.000e+000
57 1-2 -9.884e-001  1.000e+000
57 1-3 -1.155e-001 -3.690e-002  1.000e+000
57 2-1 -2.100e-002  2.038e-002  4.855e-003  1.000e+000
57 2-2  2.074e-002 -2.052e-002 -2.242e-003 -9.896e-001  1.000e+000
57 2-3  1.708e-003  1.053e-003 -1.811e-002 -6.899e-002 -7.519e-002  1.000e+000
58  6.887e-001  3.057e-001  5.609e-003  2.376e-001  7.526e-001  9.765e-003 
58 1-1  1.000e+000
58 1-2 -9.874e-001  1.000e+000
58 1-3 -1.130e-001 -4.566e-002  1.000e+000
58 2-1 -2.135e-002  2.071e-002  4.745e-003  1.000e+000
58 2-2  2.103e-002 -2.091e-002 -1.452e-003 -9.853e-001  1.000e+000
58 2-3  1.486e-003  1.559e-003 -1.917e-002 -6.727e-002 -1.039e-001  1.000e+000
59  6.710e-001  3.230e-001  6.000e-003  2.250e-001  7.639e-001  1.111e-002 
59 1-1  1.000e+000
59 1-2 -9.864e-001  1.000e+000
59 1-3 -1.107e-001 -5.395e-002  1.000e+000
59 2-1 -2.177e-002  2.108e-002  4.787e-003  1.000e+000
59 2-2  2.136e-002 -2.135e-002 -6.542e-004 -9.795e-001  1.000e+000
59 2-3  1.258e-003  2.093e-003 -2.033e-002 -6.640e-002 -1.357e-001  1.000e+000
60  6.528e-001  3.408e-001  6.409e-003  2.129e-001  7.745e-001  1.263e-002 
60 1-1  1.000e+000
60 1-2 -9.855e-001  1.000e+000
60 1-3 -1.087e-001 -6.139e-002  1.000e+000
60 2-1 -2.223e-002  2.147e-002  5.027e-003  1.000e+000
60 2-2  2.171e-002 -2.182e-002  1.273e-004 -9.719e-001  1.000e+000
60 2-3  1.027e-003  2.648e-003 -2.158e-002 -6.638e-002 -1.703e-001  1.000e+000
61  6.341e-001  3.590e-001  6.836e-003  2.012e-001  7.845e-001  1.434e-002 
61 1-1  1.000e+000
61 1-2 -9.847e-001  1.000e+000
61 1-3 -1.070e-001 -6.761e-002  1.000e+000
61 2-1 -2.273e-002  2.185e-002  5.507e-003  1.000e+000
61 2-2  2.207e-002 -2.230e-002  8.602e-004 -9.621e-001  1.000e+000
61 2-3  7.992e-004  3.208e-003 -2.292e-002 -6.716e-002 -2.073e-001  1.000e+000
62  6.151e-001  3.777e-001  7.280e-003  1.899e-001  7.938e-001  1.627e-002 
62 1-1  1.000e+000
62 1-2 -9.841e-001  1.000e+000
62 1-3 -1.058e-001 -7.231e-002  1.000e+000
62 2-1 -2.323e-002  2.218e-002  6.263e-003  1.000e+000
62 2-2  2.239e-002 -2.273e-002  1.511e-003 -9.502e-001  1.000e+000
62 2-3  5.803e-004  3.756e-003 -2.432e-002 -6.863e-002 -2.457e-001  1.000e+000
63  5.956e-001  3.966e-001  7.741e-003  1.792e-001  8.024e-001  1.844e-002 
63 1-1  1.000e+000
63 1-2 -9.837e-001  1.000e+000
63 1-3 -1.050e-001 -7.540e-002  1.000e+000
63 2-1 -2.370e-002  2.244e-002  7.303e-003  1.000e+000
63 2-2  2.264e-002 -2.307e-002  2.049e-003 -9.362e-001  1.000e+000
63 2-3  3.787e-004  4.270e-003 -2.574e-002 -7.065e-002 -2.844e-001  1.000e+000
64  5.759e-001  4.159e-001  8.218e-003  1.688e-001  8.103e-001  2.087e-002 
64 1-1  1.000e+000
64 1-2 -9.835e-001  1.000e+000
64 1-3 -1.045e-001 -7.705e-002  1.000e+000
64 2-1 -2.409e-002  2.258e-002  8.607e-003  1.000e+000
64 2-2  2.279e-002 -2.329e-002  2.457e-003 -9.206e-001  1.000e+000
64 2-3  2.028e-004  4.733e-003 -2.715e-002 -7.302e-002 -3.222e-001  1.000e+000
65  5.559e-001  4.354e-001  8.711e-003  1.589e-001  8.175e-001  2.361e-002 
65 1-1  1.000e+000
65 1-2 -9.834e-001  1.000e+000
65 1-3 -1.044e-001 -7.773e-002  1.000e+000
65 2-1 -2.438e-002  2.260e-002  1.012e-002  1.000e+000
65 2-2  2.281e-002 -2.336e-002  2.740e-003 -9.040e-001  1.000e+000
65 2-3  5.912e-005  5.136e-003 -2.848e-002 -7.557e-002 -3.580e-001  1.000e+000
66  5.357e-001  4.551e-001  9.217e-003  1.494e-001  8.239e-001  2.668e-002 
66 1-1  1.000e+000
66 1-2 -9.833e-001  1.000e+000
66 1-3 -1.044e-001 -7.812e-002  1.000e+000
66 2-1 -2.457e-002  2.249e-002  1.175e-002  1.000e+000
66 2-2  2.271e-002 -2.330e-002  2.919e-003 -8.869e-001  1.000e+000
66 2-3 -4.827e-005  5.477e-003 -2.970e-002 -7.812e-002 -3.912e-001  1.000e+000
67  5.154e-001  4.749e-001  9.737e-003  1.404e-001  8.295e-001  3.011e-002 
67 1-1  1.000e+000
67 1-2 -9.832e-001  1.000e+000
67 1-3 -1.043e-001 -7.897e-002  1.000e+000
67 2-1 -2.466e-002  2.226e-002  1.339e-002  1.000e+000
67 2-2  2.249e-002 -2.310e-002  3.035e-003 -8.699e-001  1.000e+000
67 2-3 -1.184e-004  5.763e-003 -3.075e-002 -8.054e-002 -4.216e-001  1.000e+000
68  4.951e-001  4.947e-001  1.027e-002  1.318e-001  8.343e-001  3.395e-002 
68 1-1  1.000e+000
68 1-2 -9.829e-001  1.000e+000
68 1-3 -1.040e-001 -8.094e-002  1.000e+000
68 2-1 -2.466e-002  2.195e-002  1.496e-002  1.000e+000
68 2-2  2.219e-002 -2.282e-002  3.136e-003 -8.531e-001  1.000e+000
68 2-3 -1.525e-004  6.005e-003 -3.160e-002 -8.275e-002 -4.493e-001  1.000e+000
69  4.747e-001  5.145e-001  1.081e-002  1.235e-001  8.382e-001  3.824e-002 
69 1-1  1.000e+000
69 1-2 -9.824e-001  1.000e+000
69 1-3 -1.033e-001 -8.454e-002  1.000e+000
69 2-1 -2.460e-002  2.157e-002  1.636e-002  1.000e+000
69 2-2  2.182e-002 -2.247e-002  3.268e-003 -8.368e-001  1.000e+000
69 2-3 -1.531e-004  6.216e-003 -3.224e-002 -8.471e-002 -4.747e-001  1.000e+000
70  4.545e-001  5.341e-001  1.137e-002  1.157e-001  8.413e-001  4.303e-002 
70 1-1  1.000e+000
70 1-2 -9.815e-001  1.000e+000
70 1-3 -1.021e-001 -9.010e-002  1.000e+000
70 2-1 -2.450e-002  2.115e-002  1.756e-002  1.000e+000
70 2-2  2.138e-002 -2.208e-002  3.471e-003 -8.205e-001  1.000e+000
70 2-3 -1.233e-004  6.406e-003 -3.268e-002 -8.641e-002 -4.986e-001  1.000e+000
71  4.344e-001  5.537e-001  1.193e-002  1.082e-001  8.434e-001  4.837e-002 
71 1-1  1.000e+000
71 1-2 -9.804e-001  1.000e+000
71 1-3 -1.003e-001 -9.773e-002  1.000e+000
71 2-1 -2.436e-002  2.070e-002  1.853e-002  1.000e+000
71 2-2  2.091e-002 -2.166e-002  3.770e-003 -8.041e-001  1.000e+000
71 2-3 -6.588e-005  6.585e-003 -3.291e-002 -8.786e-002 -5.216e-001  1.000e+000
72  4.145e-001  5.730e-001  1.250e-002  1.011e-001  8.446e-001  5.430e-002 
72 1-1  1.000e+000
72 1-2 -9.789e-001  1.000e+000
72 1-3 -9.818e-002 -1.074e-001  1.000e+000
72 2-1 -2.422e-002  2.023e-002  1.928e-002  1.000e+000
72 2-2  2.038e-002 -2.122e-002  4.181e-003 -7.868e-001  1.000e+000
72 2-3  1.639e-005  6.756e-003 -3.295e-002 -8.909e-002 -5.446e-001  1.000e+000
73  3.949e-001  5.920e-001  1.307e-002  9.436e-002  8.447e-001  6.089e-002 
73 1-1  1.000e+000
73 1-2 -9.769e-001  1.000e+000
73 1-3 -9.565e-002 -1.192e-001  1.000e+000
73 2-1 -2.407e-002  1.975e-002  1.983e-002  1.000e+000
73 2-2  1.980e-002 -2.076e-002  4.707e-003 -7.681e-001  1.000e+000
73 2-3  1.209e-004  6.917e-003 -3.280e-002 -9.014e-002 -5.685e-001  1.000e+000
74  3.756e-001  6.107e-001  1.365e-002  8.796e-002  8.439e-001  6.819e-002 
74 1-1  1.000e+000
74 1-2 -9.745e-001  1.000e+000
74 1-3 -9.286e-002 -1.328e-001  1.000e+000
74 2-1 -2.392e-002  1.926e-002  2.021e-002  1.000e+000
74 2-2  1.915e-002 -2.027e-002  5.338e-003 -7.467e-001  1.000e+000
74 2-3  2.448e-004  7.061e-003 -3.243e-002 -9.108e-002 -5.944e-001  1.000e+000
75  3.567e-001  6.290e-001  1.424e-002  8.188e-002  8.419e-001  7.627e-002 
75 1-1  1.000e+000
75 1-2 -9.716e-001  1.000e+000
75 1-3 -8.990e-002 -1.483e-001  1.000e+000
75 2-1 -2.378e-002  1.876e-002  2.045e-002  1.000e+000
75 2-2  1.841e-002 -1.972e-002  6.057e-003 -7.215e-001  1.000e+000
75 2-3  3.838e-004  7.176e-003 -3.182e-002 -9.198e-002 -6.231e-001  1.000e+000
76  3.383e-001  6.469e-001  1.483e-002  7.611e-002  8.387e-001  8.518e-002 
76 1-1  1.000e+000
76 1-2 -9.681e-001  1.000e+000
76 1-3 -8.685e-002 -1.654e-001  1.000e+000
76 2-1 -2.365e-002  1.824e-002  2.058e-002  1.000e+000
76 2-2  1.755e-002 -1.909e-002  6.831e-003 -6.909e-001  1.000e+000
76 2-3  5.325e-004  7.243e-003 -3.091e-002 -9.300e-002 -6.555e-001  1.000e+000
77  3.203e-001  6.643e-001  1.541e-002  7.065e-002  8.343e-001  9.500e-002 
77 1-1  1.000e+000
77 1-2 -9.640e-001  1.000e+000
77 1-3 -8.377e-002 -1.842e-001  1.000e+000
77 2-1 -2.353e-002  1.770e-002  2.063e-002  1.000e+000
77 2-2  1.654e-002 -1.835e-002  7.617e-003 -6.534e-001  1.000e+000
77 2-3  6.837e-004  7.248e-003 -2.969e-002 -9.433e-002 -6.920e-001  1.000e+000
78  3.028e-001  6.812e-001  1.600e-002  6.548e-002  8.287e-001  1.058e-001 
78 1-1  1.000e+000
78 1-2 -9.591e-001  1.000e+000
78 1-3 -8.074e-002 -2.047e-001  1.000e+000
78 2-1 -2.342e-002  1.715e-002  2.061e-002  1.000e+000
78 2-2  1.536e-002 -1.746e-002  8.358e-003 -6.074e-001  1.000e+000
78 2-3  8.291e-004  7.178e-003 -2.814e-002 -9.623e-002 -7.322e-001  1.000e+000
79  2.859e-001  6.975e-001  1.659e-002  6.059e-002  8.218e-001  1.176e-001 
79 1-1  1.000e+000
79 1-2 -9.534e-001  1.000e+000
79 1-3 -7.779e-002 -2.267e-001  1.000e+000
79 2-1 -2.332e-002  1.656e-002  2.054e-002  1.000e+000
79 2-2  1.402e-002 -1.641e-002  8.993e-003 -5.526e-001  1.000e+000
79 2-3  9.609e-004  7.030e-003 -2.633e-002 -9.902e-002 -7.746e-001  1.000e+000
80  2.696e-001  7.133e-001  1.717e-002  5.596e-002  8.135e-001  1.305e-001 
80 1-1  1.000e+000
80 1-2 -9.467e-001  1.000e+000
80 1-3 -7.496e-002 -2.503e-001  1.000e+000
80 2-1 -2.322e-002  1.594e-002  2.044e-002  1.000e+000
80 2-2  1.253e-002 -1.522e-002  9.463e-003 -4.896e-001  1.000e+000
80 2-3  1.073e-003  6.815e-003 -2.432e-002 -1.031e-001 -8.168e-001  1.000e+000
81  2.538e-001  7.284e-001  1.776e-002  5.160e-002  8.038e-001  1.446e-001 
81 1-1  1.000e+000
81 1-2 -9.389e-001  1.000e+000
81 1-3 -7.227e-002 -2.755e-001  1.000e+000
81 2-1 -2.314e-002  1.529e-002  2.031e-002  1.000e+000
81 2-2  1.096e-002 -1.392e-002  9.735e-003 -4.204e-001  1.000e+000
81 2-3  1.164e-003  6.551e-003 -2.223e-002 -1.087e-001 -8.563e-001  1.000e+000
82  2.387e-001  7.429e-001  1.834e-002  4.748e-002  7.927e-001  1.599e-001 
82 1-1  1.000e+000
82 1-2 -9.298e-001  1.000e+000
82 1-3 -6.974e-002 -3.022e-001  1.000e+000
82 2-1 -2.305e-002  1.459e-002  2.017e-002  1.000e+000
82 2-2  9.383e-003 -1.258e-002  9.801e-003 -3.479e-001  1.000e+000
82 2-3  1.232e-003  6.259e-003 -2.016e-002 -1.161e-001 -8.908e-001  1.000e+000
83  2.242e-001  7.569e-001  1.891e-002  4.359e-002  7.800e-001  1.764e-001 
83 1-1  1.000e+000
83 1-2 -9.194e-001  1.000e+000
83 1-3 -6.738e-002 -3.305e-001  1.000e+000
83 2-1 -2.297e-002  1.384e-002  2.001e-002  1.000e+000
83 2-2  7.878e-003 -1.127e-002  9.685e-003 -2.752e-001  1.000e+000
83 2-3  1.280e-003  5.961e-003 -1.819e-002 -1.256e-001 -9.192e-001  1.000e+000
84  2.104e-001  7.701e-001  1.948e-002  3.994e-002  7.659e-001  1.941e-001 
84 1-1  1.000e+000
84 1-2 -9.074e-001  1.000e+000
84 1-3 -6.519e-002 -3.603e-001  1.000e+000
84 2-1 -2.289e-002  1.304e-002  1.985e-002  1.000e+000
84 2-2  6.498e-003 -1.005e-002  9.425e-003 -2.050e-001  1.000e+000
84 2-3  1.312e-003  5.672e-003 -1.638e-002 -1.372e-001 -9.414e-001  1.000e+000
85  1.972e-001  7.828e-001  2.005e-002  3.651e-002  7.503e-001  2.132e-001 
85 1-1  1.000e+000
85 1-2 -8.936e-001  1.000e+000
85 1-3 -6.319e-002 -3.915e-001  1.000e+000
85 2-1 -2.281e-002  1.218e-002  1.967e-002  1.000e+000
85 2-2  5.277e-003 -8.944e-003  9.068e-003 -1.387e-001  1.000e+000
85 2-3  1.332e-003  5.403e-003 -1.474e-002 -1.509e-001 -9.581e-001  1.000e+000
86  1.846e-001  7.948e-001  2.061e-002  3.329e-002  7.331e-001  2.336e-001 
86 1-1  1.000e+000
86 1-2 -8.780e-001  1.000e+000
86 1-3 -6.138e-002 -4.239e-001  1.000e+000
86 2-1 -2.272e-002  1.127e-002  1.949e-002  1.000e+000
86 2-2  4.224e-003 -7.984e-003  8.654e-003 -7.702e-002  1.000e+000
86 2-3  1.342e-003  5.158e-003 -1.329e-002 -1.668e-001 -9.702e-001  1.000e+000
87  1.726e-001  8.062e-001  2.116e-002  3.027e-002  7.145e-001  2.552e-001 
87 1-1  1.000e+000
87 1-2 -8.603e-001  1.000e+000
87 1-3 -5.975e-002 -4.576e-001  1.000e+000
87 2-1 -2.262e-002  1.029e-002  1.930e-002  1.000e+000
87 2-2  3.333e-003 -7.166e-003  8.216e-003 -1.995e-002  1.000e+000
87 2-3  1.345e-003  4.941e-003 -1.202e-002 -1.847e-001 -9.789e-001  1.000e+000
88  1.613e-001  8.170e-001  2.171e-002  2.745e-002  6.945e-001  2.781e-001 
88 1-1  1.000e+000
88 1-2 -8.404e-001  1.000e+000
88 1-3 -5.830e-002 -4.921e-001  1.000e+000
88 2-1 -2.252e-002  9.263e-003  1.911e-002  1.000e+000
88 2-2  2.587e-003 -6.479e-003  7.777e-003  3.292e-002  1.000e+000
88 2-3  1.344e-003  4.750e-003 -1.091e-002 -2.045e-001 -9.851e-001  1.000e+000
89  1.506e-001  8.272e-001  2.226e-002  2.482e-002  6.730e-001  3.021e-001 
89 1-1  1.000e+000
89 1-2 -8.182e-001  1.000e+000
89 1-3 -5.703e-002 -5.273e-001  1.000e+000
89 2-1 -2.240e-002  8.180e-003  1.890e-002  1.000e+000
89 2-2  1.968e-003 -5.908e-003  7.351e-003  8.213e-002  1.000e+000
89 2-3  1.340e-003  4.583e-003 -9.938e-003 -2.260e-001 -9.894e-001  1.000e+000
90  1.405e-001  8.367e-001  2.279e-002  2.238e-002  6.503e-001  3.273e-001 
90 1-1  1.000e+000
90 1-2 -7.937e-001  1.000e+000
90 1-3 -5.593e-002 -5.629e-001  1.000e+000
90 2-1 -2.227e-002  7.049e-003  1.869e-002  1.000e+000
90 2-2  1.457e-003 -5.438e-003  6.946e-003  1.283e-001  1.000e+000
90 2-3  1.333e-003  4.438e-003 -9.096e-003 -2.490e-001 -9.924e-001  1.000e+000