# ITMchr.txt
#IMaCh version 0.99r45, April 2023,INED-EUROREVES-Institut de longevite-Japan Society for the Promotion of Science (Grant-in-Aid for Scientific Research 25293121), Intel Software 2015-2020, Nihon University 2021-202, INED 2000-2022
#$Revision: 1.353 $ $Date: 2023/05/08 18:48:22 $
# Tue Feb 04 22:21:37 2025
#One-step probabilities and stand. devi in ()
# Age p1-1 (SE) p1-2 (SE) p1-3 (SE) p2-1 (SE) p2-2 (SE) p2-3 (SE)
50  8.092e-001 ( 2.601e-002)  1.876e-001 ( 2.578e-002)  3.119e-003 ( 2.969e-003)  3.534e-001 ( 3.375e-002)  6.433e-001 ( 3.363e-002)  3.344e-003 ( 1.401e-003) 
51  7.964e-001 ( 2.585e-002)  2.003e-001 ( 2.563e-002)  3.370e-003 ( 3.065e-003)  3.376e-001 ( 3.138e-002)  6.586e-001 ( 3.127e-002)  3.838e-003 ( 1.554e-003) 
52  7.828e-001 ( 2.560e-002)  2.135e-001 ( 2.539e-002)  3.638e-003 ( 3.158e-003)  3.221e-001 ( 2.907e-002)  6.735e-001 ( 2.897e-002)  4.400e-003 ( 1.719e-003) 
53  7.687e-001 ( 2.526e-002)  2.274e-001 ( 2.505e-002)  3.922e-003 ( 3.245e-003)  3.070e-001 ( 2.684e-002)  6.879e-001 ( 2.675e-002)  5.039e-003 ( 1.898e-003) 
54  7.539e-001 ( 2.483e-002)  2.419e-001 ( 2.465e-002)  4.224e-003 ( 3.327e-003)  2.923e-001 ( 2.472e-002)  7.019e-001 ( 2.464e-002)  5.765e-003 ( 2.090e-003) 
55  7.385e-001 ( 2.435e-002)  2.569e-001 ( 2.418e-002)  4.543e-003 ( 3.404e-003)  2.780e-001 ( 2.270e-002)  7.154e-001 ( 2.265e-002)  6.587e-003 ( 2.296e-003) 
56  7.225e-001 ( 2.383e-002)  2.726e-001 ( 2.367e-002)  4.880e-003 ( 3.476e-003)  2.641e-001 ( 2.082e-002)  7.284e-001 ( 2.079e-002)  7.519e-003 ( 2.517e-003) 
57  7.059e-001 ( 2.329e-002)  2.889e-001 ( 2.315e-002)  5.235e-003 ( 3.543e-003)  2.506e-001 ( 1.908e-002)  7.408e-001 ( 1.909e-002)  8.573e-003 ( 2.751e-003) 
58  6.887e-001 ( 2.277e-002)  3.057e-001 ( 2.265e-002)  5.609e-003 ( 3.607e-003)  2.376e-001 ( 1.749e-002)  7.526e-001 ( 1.755e-002)  9.765e-003 ( 3.000e-003) 
59  6.710e-001 ( 2.232e-002)  3.230e-001 ( 2.222e-002)  6.000e-003 ( 3.669e-003)  2.250e-001 ( 1.607e-002)  7.639e-001 ( 1.618e-002)  1.111e-002 ( 3.263e-003) 
60  6.528e-001 ( 2.198e-002)  3.408e-001 ( 2.189e-002)  6.409e-003 ( 3.732e-003)  2.129e-001 ( 1.481e-002)  7.745e-001 ( 1.500e-002)  1.263e-002 ( 3.539e-003) 
61  6.341e-001 ( 2.179e-002)  3.590e-001 ( 2.172e-002)  6.836e-003 ( 3.801e-003)  2.012e-001 ( 1.374e-002)  7.845e-001 ( 1.401e-002)  1.434e-002 ( 3.827e-003) 
62  6.151e-001 ( 2.181e-002)  3.777e-001 ( 2.174e-002)  7.280e-003 ( 3.879e-003)  1.899e-001 ( 1.283e-002)  7.938e-001 ( 1.321e-002)  1.627e-002 ( 4.126e-003) 
63  5.956e-001 ( 2.205e-002)  3.966e-001 ( 2.200e-002)  7.741e-003 ( 3.973e-003)  1.792e-001 ( 1.210e-002)  8.024e-001 ( 1.259e-002)  1.844e-002 ( 4.435e-003) 
64  5.759e-001 ( 2.255e-002)  4.159e-001 ( 2.249e-002)  8.218e-003 ( 4.090e-003)  1.688e-001 ( 1.152e-002)  8.103e-001 ( 1.214e-002)  2.087e-002 ( 4.752e-003) 
65  5.559e-001 ( 2.329e-002)  4.354e-001 ( 2.324e-002)  8.711e-003 ( 4.239e-003)  1.589e-001 ( 1.108e-002)  8.175e-001 ( 1.183e-002)  2.361e-002 ( 5.075e-003) 
66  5.357e-001 ( 2.427e-002)  4.551e-001 ( 2.421e-002)  9.217e-003 ( 4.426e-003)  1.494e-001 ( 1.076e-002)  8.239e-001 ( 1.166e-002)  2.668e-002 ( 5.402e-003) 
67  5.154e-001 ( 2.545e-002)  4.749e-001 ( 2.539e-002)  9.737e-003 ( 4.660e-003)  1.404e-001 ( 1.054e-002)  8.295e-001 ( 1.158e-002)  3.011e-002 ( 5.732e-003) 
68  4.951e-001 ( 2.678e-002)  4.947e-001 ( 2.672e-002)  1.027e-002 ( 4.949e-003)  1.318e-001 ( 1.038e-002)  8.343e-001 ( 1.158e-002)  3.395e-002 ( 6.064e-003) 
69  4.747e-001 ( 2.823e-002)  5.145e-001 ( 2.818e-002)  1.081e-002 ( 5.298e-003)  1.235e-001 ( 1.028e-002)  8.382e-001 ( 1.164e-002)  3.824e-002 ( 6.396e-003) 
70  4.545e-001 ( 2.975e-002)  5.341e-001 ( 2.971e-002)  1.137e-002 ( 5.713e-003)  1.157e-001 ( 1.021e-002)  8.413e-001 ( 1.173e-002)  4.303e-002 ( 6.730e-003) 
71  4.344e-001 ( 3.128e-002)  5.537e-001 ( 3.128e-002)  1.193e-002 ( 6.195e-003)  1.082e-001 ( 1.014e-002)  8.434e-001 ( 1.184e-002)  4.837e-002 ( 7.068e-003) 
72  4.145e-001 ( 3.280e-002)  5.730e-001 ( 3.283e-002)  1.250e-002 ( 6.748e-003)  1.011e-001 ( 1.008e-002)  8.446e-001 ( 1.197e-002)  5.430e-002 ( 7.418e-003) 
73  3.949e-001 ( 3.427e-002)  5.920e-001 ( 3.436e-002)  1.307e-002 ( 7.372e-003)  9.436e-002 ( 1.001e-002)  8.447e-001 ( 1.212e-002)  6.089e-002 ( 7.791e-003) 
74  3.756e-001 ( 3.565e-002)  6.107e-001 ( 3.581e-002)  1.365e-002 ( 8.066e-003)  8.796e-002 ( 9.919e-003)  8.439e-001 ( 1.228e-002)  6.819e-002 ( 8.204e-003) 
75  3.567e-001 ( 3.692e-002)  6.290e-001 ( 3.718e-002)  1.424e-002 ( 8.830e-003)  8.188e-002 ( 9.807e-003)  8.419e-001 ( 1.249e-002)  7.627e-002 ( 8.682e-003) 
76  3.383e-001 ( 3.805e-002)  6.469e-001 ( 3.844e-002)  1.483e-002 ( 9.662e-003)  7.611e-002 ( 9.670e-003)  8.387e-001 ( 1.275e-002)  8.518e-002 ( 9.257e-003) 
77  3.203e-001 ( 3.904e-002)  6.643e-001 ( 3.958e-002)  1.541e-002 ( 1.056e-002)  7.065e-002 ( 9.506e-003)  8.343e-001 ( 1.311e-002)  9.500e-002 ( 9.970e-003) 
78  3.028e-001 ( 3.986e-002)  6.812e-001 ( 4.059e-002)  1.600e-002 ( 1.153e-002)  6.548e-002 ( 9.316e-003)  8.287e-001 ( 1.361e-002)  1.058e-001 ( 1.087e-002) 
79  2.859e-001 ( 4.052e-002)  6.975e-001 ( 4.147e-002)  1.659e-002 ( 1.255e-002)  6.059e-002 ( 9.098e-003)  8.218e-001 ( 1.432e-002)  1.176e-001 ( 1.199e-002) 
80  2.696e-001 ( 4.100e-002)  7.133e-001 ( 4.223e-002)  1.717e-002 ( 1.364e-002)  5.596e-002 ( 8.856e-003)  8.135e-001 ( 1.527e-002)  1.305e-001 ( 1.339e-002) 
81  2.538e-001 ( 4.131e-002)  7.284e-001 ( 4.286e-002)  1.776e-002 ( 1.479e-002)  5.160e-002 ( 8.590e-003)  8.038e-001 ( 1.653e-002)  1.446e-001 ( 1.509e-002) 
82  2.387e-001 ( 4.146e-002)  7.429e-001 ( 4.338e-002)  1.834e-002 ( 1.600e-002)  4.748e-002 ( 8.304e-003)  7.927e-001 ( 1.815e-002)  1.599e-001 ( 1.713e-002) 
83  2.242e-001 ( 4.143e-002)  7.569e-001 ( 4.380e-002)  1.891e-002 ( 1.727e-002)  4.359e-002 ( 7.999e-003)  7.800e-001 ( 2.015e-002)  1.764e-001 ( 1.953e-002) 
84  2.104e-001 ( 4.125e-002)  7.701e-001 ( 4.413e-002)  1.948e-002 ( 1.859e-002)  3.994e-002 ( 7.679e-003)  7.659e-001 ( 2.255e-002)  1.941e-001 ( 2.228e-002) 
85  1.972e-001 ( 4.093e-002)  7.828e-001 ( 4.439e-002)  2.005e-002 ( 1.996e-002)  3.651e-002 ( 7.346e-003)  7.503e-001 ( 2.534e-002)  2.132e-001 ( 2.539e-002) 
86  1.846e-001 ( 4.046e-002)  7.948e-001 ( 4.459e-002)  2.061e-002 ( 2.139e-002)  3.329e-002 ( 7.003e-003)  7.331e-001 ( 2.851e-002)  2.336e-001 ( 2.883e-002) 
87  1.726e-001 ( 3.987e-002)  8.062e-001 ( 4.476e-002)  2.116e-002 ( 2.286e-002)  3.027e-002 ( 6.654e-003)  7.145e-001 ( 3.202e-002)  2.552e-001 ( 3.258e-002) 
88  1.613e-001 ( 3.917e-002)  8.170e-001 ( 4.492e-002)  2.171e-002 ( 2.439e-002)  2.745e-002 ( 6.302e-003)  6.945e-001 ( 3.584e-002)  2.781e-001 ( 3.659e-002) 
89  1.506e-001 ( 3.837e-002)  8.272e-001 ( 4.508e-002)  2.226e-002 ( 2.596e-002)  2.482e-002 ( 5.948e-003)  6.730e-001 ( 3.990e-002)  3.021e-001 ( 4.083e-002) 
90  1.405e-001 ( 3.748e-002)  8.367e-001 ( 4.527e-002)  2.279e-002 ( 2.758e-002)  2.238e-002 ( 5.596e-003)  6.503e-001 ( 4.415e-002)  3.273e-001 ( 4.521e-002) 