# ITMchr.txt
#IMaCh version 0.99r45, April 2023,INED-EUROREVES-Institut de longevite-Japan Society for the Promotion of Science (Grant-in-Aid for Scientific Research 25293121), Intel Software 2015-2020, Nihon University 2021-202, INED 2000-2022
#$Revision: 1.353 $ $Date: 2023/05/08 18:48:22 $
# Tue Feb 04 22:21:37 2025
#One-step probabilities and covariance matrix
# Age p1-1  p1-2  p1-3  p2-1  p2-2  p2-3 
50  8.092e-001  1.876e-001  3.119e-003  3.534e-001  6.433e-001  3.344e-003 
50 1-1  6.766e-004
50 1-2 -6.662e-004  6.647e-004
50 1-3 -1.035e-005  1.541e-006  8.813e-006
50 2-1 -1.741e-005  1.669e-005  7.234e-007  1.139e-003
50 2-2  1.730e-005 -1.663e-005 -6.685e-007 -1.134e-003  1.131e-003
50 2-3  1.142e-007 -5.930e-008 -5.493e-008 -4.789e-006  2.825e-006  1.964e-006
51  7.964e-001  2.003e-001  3.370e-003  3.376e-001  6.586e-001  3.838e-003 
51 1-1  6.684e-004
51 1-2 -6.579e-004  6.569e-004
51 1-3 -1.043e-005  1.030e-006  9.396e-006
51 2-1 -1.615e-005  1.549e-005  6.582e-007  9.844e-004
51 2-2  1.603e-005 -1.544e-005 -5.930e-007 -9.798e-004  9.776e-004
51 2-3  1.181e-007 -5.289e-008 -6.517e-008 -4.626e-006  2.212e-006  2.414e-006
52  7.828e-001  2.135e-001  3.638e-003  3.221e-001  6.735e-001  4.400e-003 
52 1-1  6.553e-004
52 1-2 -6.449e-004  6.444e-004
52 1-3 -1.042e-005  4.536e-007  9.971e-006
52 2-1 -1.488e-005  1.429e-005  5.931e-007  8.449e-004
52 2-2  1.476e-005 -1.425e-005 -5.159e-007 -8.405e-004  8.390e-004
52 2-3  1.207e-007 -4.348e-008 -7.721e-008 -4.448e-006  1.493e-006  2.955e-006
53  7.687e-001  2.274e-001  3.922e-003  3.070e-001  6.879e-001  5.039e-003 
53 1-1  6.378e-004
53 1-2 -6.275e-004  6.277e-004
53 1-3 -1.035e-005 -1.807e-007  1.053e-005
53 2-1 -1.364e-005  1.311e-005  5.296e-007  7.205e-004
53 2-2  1.352e-005 -1.308e-005 -4.383e-007 -7.162e-004  7.156e-004
53 2-3  1.219e-007 -3.058e-008 -9.135e-008 -4.262e-006  6.615e-007  3.601e-006
54  7.539e-001  2.419e-001  4.224e-003  2.923e-001  7.019e-001  5.765e-003 
54 1-1  6.167e-004
54 1-2 -6.065e-004  6.074e-004
54 1-3 -1.021e-005 -8.614e-007  1.107e-005
54 2-1 -1.244e-005  1.197e-005  4.697e-007  6.109e-004
54 2-2  1.232e-005 -1.196e-005 -3.618e-007 -6.068e-004  6.071e-004
54 2-3  1.216e-007 -1.363e-008 -1.079e-007 -4.078e-006 -2.895e-007  4.367e-006
55  7.385e-001  2.569e-001  4.543e-003  2.780e-001  7.154e-001  6.587e-003 
55 1-1  5.929e-004
55 1-2 -5.829e-004  5.845e-004
55 1-3 -1.002e-005 -1.574e-006  1.159e-005
55 2-1 -1.131e-005  1.090e-005  4.150e-007  5.154e-004
55 2-2  1.119e-005 -1.090e-005 -2.876e-007 -5.115e-004  5.129e-004
55 2-3  1.194e-007  7.905e-009 -1.273e-007 -3.904e-006 -1.369e-006  5.272e-006
56  7.225e-001  2.726e-001  4.880e-003  2.641e-001  7.284e-001  7.519e-003 
56 1-1  5.676e-004
56 1-2 -5.579e-004  5.602e-004
56 1-3 -9.780e-006 -2.302e-006  1.208e-005
56 2-1 -1.027e-005  9.901e-006  3.672e-007  4.335e-004
56 2-2  1.015e-005 -9.935e-006 -2.172e-007 -4.297e-004  4.323e-004
56 2-3  1.154e-007  3.462e-008 -1.501e-007 -3.749e-006 -2.585e-006  6.333e-006
57  7.059e-001  2.889e-001  5.235e-003  2.506e-001  7.408e-001  8.573e-003 
57 1-1  5.423e-004
57 1-2 -5.328e-004  5.358e-004
57 1-3 -9.526e-006 -3.027e-006  1.255e-005
57 2-1 -9.328e-006  8.999e-006  3.282e-007  3.640e-004
57 2-2  9.218e-006 -9.067e-006 -1.516e-007 -3.604e-004  3.643e-004
57 2-3  1.095e-007  6.709e-008 -1.766e-007 -3.621e-006 -3.949e-006  7.570e-006
58  6.887e-001  3.057e-001  5.609e-003  2.376e-001  7.526e-001  9.765e-003 
58 1-1  5.186e-004
58 1-2 -5.093e-004  5.130e-004
58 1-3 -9.277e-006 -3.730e-006  1.301e-005
58 2-1 -8.504e-006  8.204e-006  2.993e-007  3.059e-004
58 2-2  8.402e-006 -8.310e-006 -9.191e-008 -3.024e-004  3.079e-004
58 2-3  1.015e-007  1.059e-007 -2.074e-007 -3.530e-006 -5.472e-006  9.002e-006
59  6.710e-001  3.230e-001  6.000e-003  2.250e-001  7.639e-001  1.111e-002 
59 1-1  4.982e-004
59 1-2 -4.892e-004  4.936e-004
59 1-3 -9.062e-006 -4.397e-006  1.346e-005
59 2-1 -7.806e-006  7.523e-006  2.822e-007  2.581e-004
59 2-2  7.714e-006 -7.675e-006 -3.883e-008 -2.547e-004  2.618e-004
59 2-3  9.159e-008  1.517e-007 -2.433e-007 -3.481e-006 -7.166e-006  1.065e-005
60  6.528e-001  3.408e-001  6.409e-003  2.129e-001  7.745e-001  1.263e-002 
60 1-1  4.831e-004
60 1-2 -4.742e-004  4.792e-004
60 1-3 -8.913e-006 -5.015e-006  1.393e-005
60 2-1 -7.239e-006  6.961e-006  2.779e-007  2.194e-004
60 2-2  7.159e-006 -7.166e-006  7.126e-009 -2.160e-004  2.250e-004
60 2-3  7.990e-008  2.051e-007 -2.850e-007 -3.480e-006 -9.042e-006  1.252e-005
61  6.341e-001  3.590e-001  6.836e-003  2.012e-001  7.845e-001  1.434e-002 
61 1-1  4.750e-004
61 1-2 -4.661e-004  4.717e-004
61 1-3 -8.863e-006 -5.580e-006  1.444e-005
61 2-1 -6.805e-006  6.517e-006  2.875e-007  1.887e-004
61 2-2  6.738e-006 -6.784e-006  4.580e-008 -1.851e-004  1.963e-004
61 2-3  6.666e-008  2.666e-007 -3.333e-007 -3.530e-006 -1.111e-005  1.464e-005
62  6.151e-001  3.777e-001  7.280e-003  1.899e-001  7.938e-001  1.627e-002 
62 1-1  4.756e-004
62 1-2 -4.667e-004  4.728e-004
62 1-3 -8.947e-006 -6.098e-006  1.505e-005
62 2-1 -6.501e-006  6.190e-006  3.117e-007  1.647e-004
62 2-2  6.449e-006 -6.527e-006  7.738e-008 -1.610e-004  1.744e-004
62 2-3  5.221e-008  3.369e-007 -3.891e-007 -3.634e-006 -1.339e-005  1.702e-005
63  5.956e-001  3.966e-001  7.741e-003  1.792e-001  8.024e-001  1.844e-002 
63 1-1  4.864e-004
63 1-2 -4.772e-004  4.838e-004
63 1-3 -9.197e-006 -6.589e-006  1.579e-005
63 2-1 -6.322e-006  5.971e-006  3.510e-007  1.464e-004
63 2-2  6.285e-006 -6.388e-006  1.025e-007 -1.426e-004  1.584e-004
63 2-3  3.704e-008  4.165e-007 -4.535e-007 -3.790e-006 -1.588e-005  1.967e-005
64  5.759e-001  4.159e-001  8.218e-003  1.688e-001  8.103e-001  2.087e-002 
64 1-1  5.085e-004
64 1-2 -4.988e-004  5.059e-004
64 1-3 -9.643e-006 -7.089e-006  1.673e-005
64 2-1 -6.258e-006  5.852e-006  4.056e-007  1.327e-004
64 2-2  6.236e-006 -6.358e-006  1.220e-007 -1.287e-004  1.473e-004
64 2-3  2.172e-008  5.059e-007 -5.276e-007 -3.997e-006 -1.858e-005  2.258e-005
65  5.559e-001  4.354e-001  8.711e-003  1.589e-001  8.175e-001  2.361e-002 
65 1-1  5.426e-004
65 1-2 -5.323e-004  5.400e-004
65 1-3 -1.031e-005 -7.656e-006  1.797e-005
65 2-1 -6.295e-006  5.820e-006  4.752e-007  1.228e-004
65 2-2  6.288e-006 -6.425e-006  1.374e-007 -1.186e-004  1.401e-004
65 2-3  6.988e-009  6.057e-007 -6.127e-007 -4.250e-006 -2.150e-005  2.575e-005
66  5.357e-001  4.551e-001  9.217e-003  1.494e-001  8.239e-001  2.668e-002 
66 1-1  5.891e-004
66 1-2 -5.779e-004  5.862e-004
66 1-3 -1.122e-005 -8.372e-006  1.959e-005
66 2-1 -6.419e-006  5.860e-006  5.595e-007  1.158e-004
66 2-2  6.425e-006 -6.576e-006  1.506e-007 -1.113e-004  1.359e-004
66 2-3 -6.329e-009  7.164e-007 -7.101e-007 -4.542e-006 -2.464e-005  2.918e-005
67  5.154e-001  4.749e-001  9.737e-003  1.404e-001  8.295e-001  3.011e-002 
67 1-1  6.476e-004
67 1-2 -6.352e-004  6.445e-004
67 1-3 -1.237e-005 -9.343e-006  2.172e-005
67 2-1 -6.613e-006  5.956e-006  6.576e-007  1.110e-004
67 2-2  6.631e-006 -6.794e-006  1.638e-007 -1.062e-004  1.342e-004
67 2-3 -1.727e-008  8.387e-007 -8.215e-007 -4.865e-006 -2.800e-005  3.286e-005
68  4.951e-001  4.947e-001  1.027e-002  1.318e-001  8.343e-001  3.395e-002 
68 1-1  7.173e-004
68 1-2 -7.035e-004  7.142e-004
68 1-3 -1.379e-005 -1.070e-005  2.449e-005
68 2-1 -6.860e-006  6.091e-006  7.686e-007  1.078e-004
68 2-2  6.884e-006 -7.064e-006  1.798e-007 -1.026e-004  1.342e-004
68 2-3 -2.476e-008  9.731e-007 -9.484e-007 -5.210e-006 -3.156e-005  3.677e-005
69  4.747e-001  5.145e-001  1.081e-002  1.235e-001  8.382e-001  3.824e-002 
69 1-1  7.970e-004
69 1-2 -7.815e-004  7.942e-004
69 1-3 -1.545e-005 -1.262e-005  2.807e-005
69 2-1 -7.140e-006  6.249e-006  8.911e-007  1.057e-004
69 2-2  7.167e-006 -7.369e-006  2.015e-007 -1.001e-004  1.354e-004
69 2-3 -2.764e-008  1.120e-006 -1.093e-006 -5.570e-006 -3.534e-005  4.091e-005
70  4.545e-001  5.341e-001  1.137e-002  1.157e-001  8.413e-001  4.303e-002 
70 1-1  8.848e-004
70 1-2 -8.675e-004  8.828e-004
70 1-3 -1.734e-005 -1.529e-005  3.263e-005
70 2-1 -7.436e-006  6.412e-006  1.024e-006  1.041e-004
70 2-2  7.460e-006 -7.693e-006  2.325e-007 -9.821e-005  1.376e-004
70 2-3 -2.467e-008  1.281e-006 -1.256e-006 -5.934e-006 -3.935e-005  4.529e-005
71  4.344e-001  5.537e-001  1.193e-002  1.082e-001  8.434e-001  4.837e-002 
71 1-1  9.787e-004
71 1-2 -9.592e-004  9.782e-004
71 1-3 -1.945e-005 -1.894e-005  3.838e-005
71 2-1 -7.730e-006  6.566e-006  1.164e-006  1.029e-004
71 2-2  7.745e-006 -8.022e-006  2.766e-007 -9.658e-005  1.402e-004
71 2-3 -1.457e-008  1.456e-006 -1.441e-006 -6.299e-006 -4.366e-005  4.996e-005
72  4.145e-001  5.730e-001  1.250e-002  1.011e-001  8.446e-001  5.430e-002 
72 1-1  1.076e-003
72 1-2 -1.054e-003  1.078e-003
72 1-3 -2.173e-005 -2.381e-005  4.554e-005
72 2-1 -8.008e-006  6.696e-006  1.312e-006  1.016e-004
72 2-2  8.004e-006 -8.342e-006  3.378e-007 -9.496e-005  1.433e-004
72 2-3  3.988e-009  1.646e-006 -1.650e-006 -6.662e-006 -4.837e-005  5.503e-005
73  3.949e-001  5.920e-001  1.307e-002  9.436e-002  8.447e-001  6.089e-002 
73 1-1  1.174e-003
73 1-2 -1.150e-003  1.180e-003
73 1-3 -2.416e-005 -3.018e-005  5.435e-005
73 2-1 -8.254e-006  6.791e-006  1.463e-006  1.002e-004
73 2-2  8.222e-006 -8.642e-006  4.204e-007 -9.314e-005  1.468e-004
73 2-3  3.229e-008  1.851e-006 -1.884e-006 -7.029e-006 -5.367e-005  6.070e-005
74  3.756e-001  6.107e-001  1.365e-002  8.796e-002  8.439e-001  6.819e-002 
74 1-1  1.271e-003
74 1-2 -1.244e-003  1.282e-003
74 1-3 -2.670e-005 -3.836e-005  6.506e-005
74 2-1 -8.458e-006  6.841e-006  1.617e-006  9.838e-005
74 2-2  8.386e-006 -8.915e-006  5.289e-007 -9.097e-005  1.509e-004
74 2-3  7.158e-008  2.074e-006 -2.146e-006 -7.411e-006 -5.989e-005  6.730e-005
75  3.567e-001  6.290e-001  1.424e-002  8.188e-002  8.419e-001  7.627e-002 
75 1-1  1.363e-003
75 1-2 -1.333e-003  1.382e-003
75 1-3 -2.930e-005 -4.867e-005  7.797e-005
75 2-1 -8.610e-006  6.839e-006  1.771e-006  9.618e-005
75 2-2  8.487e-006 -9.154e-006  6.677e-007 -8.835e-005  1.559e-004
75 2-3  1.230e-007  2.316e-006 -2.439e-006 -7.832e-006 -6.754e-005  7.537e-005
76  3.383e-001  6.469e-001  1.483e-002  7.611e-002  8.387e-001  8.518e-002 
76 1-1  1.448e-003
76 1-2 -1.416e-003  1.477e-003
76 1-3 -3.193e-005 -6.143e-005  9.336e-005
76 2-1 -8.703e-006  6.779e-006  1.923e-006  9.351e-005
76 2-2  8.515e-006 -9.357e-006  8.415e-007 -8.519e-005  1.626e-004
76 2-3  1.876e-007  2.577e-006 -2.765e-006 -8.325e-006 -7.737e-005  8.569e-005
77  3.203e-001  6.643e-001  1.541e-002  7.065e-002  8.343e-001  9.500e-002 
77 1-1  1.524e-003
77 1-2 -1.489e-003  1.566e-003
77 1-3 -3.454e-005 -7.701e-005  1.116e-004
77 2-1 -8.732e-006  6.661e-006  2.071e-006  9.037e-005
77 2-2  8.466e-006 -9.521e-006  1.055e-006 -8.143e-005  1.719e-004
77 2-3  2.661e-007  2.860e-006 -3.126e-006 -8.940e-006 -9.046e-005  9.940e-005
78  3.028e-001  6.812e-001  1.600e-002  6.548e-002  8.287e-001  1.058e-001 
78 1-1  1.589e-003
78 1-2 -1.552e-003  1.648e-003
78 1-3 -3.710e-005 -9.576e-005  1.329e-004
78 2-1 -8.697e-006  6.484e-006  2.213e-006  8.678e-005
78 2-2  8.338e-006 -9.649e-006  1.312e-006 -7.704e-005  1.854e-004
78 2-3  3.591e-007  3.165e-006 -3.525e-006 -9.740e-006 -1.083e-004  1.181e-004
79  2.859e-001  6.975e-001  1.659e-002  6.059e-002  8.218e-001  1.176e-001 
79 1-1  1.642e-003
79 1-2 -1.602e-003  1.720e-003
79 1-3 -3.957e-005 -1.180e-004  1.576e-004
79 2-1 -8.596e-006  6.250e-006  2.346e-006  8.278e-005
79 2-2  8.129e-006 -9.745e-006  1.616e-006 -7.198e-005  2.049e-004
79 2-3  4.668e-007  3.496e-006 -3.963e-006 -1.080e-005 -1.329e-004  1.437e-004
80  2.696e-001  7.133e-001  1.717e-002  5.596e-002  8.135e-001  1.305e-001 
80 1-1  1.681e-003
80 1-2 -1.639e-003  1.783e-003
80 1-3 -4.194e-005 -1.442e-004  1.862e-004
80 2-1 -8.433e-006  5.963e-006  2.470e-006  7.843e-005
80 2-2  7.844e-006 -9.816e-006  1.972e-006 -6.621e-005  2.332e-004
80 2-3  5.891e-007  3.853e-006 -4.442e-006 -1.222e-005 -1.670e-004  1.792e-004
81  2.538e-001  7.284e-001  1.776e-002  5.160e-002  8.038e-001  1.446e-001 
81 1-1  1.707e-003
81 1-2 -1.663e-003  1.837e-003
81 1-3 -4.417e-005 -1.747e-004  2.189e-004
81 2-1 -8.211e-006  5.629e-006  2.582e-006  7.380e-005
81 2-2  7.485e-006 -9.867e-006  2.381e-006 -5.971e-005  2.734e-004
81 2-3  7.255e-007  4.238e-006 -4.963e-006 -1.409e-005 -2.137e-004  2.278e-004
82  2.387e-001  7.429e-001  1.834e-002  4.748e-002  7.927e-001  1.599e-001 
82 1-1  1.719e-003
82 1-2 -1.672e-003  1.882e-003
82 1-3 -4.626e-005 -2.098e-004  2.561e-004
82 2-1 -7.936e-006  5.255e-006  2.680e-006  6.895e-005
82 2-2  7.061e-006 -9.908e-006  2.847e-006 -5.243e-005  3.295e-004
82 2-3  8.749e-007  4.653e-006 -5.527e-006 -1.652e-005 -2.770e-004  2.936e-004
83  2.242e-001  7.569e-001  1.891e-002  4.359e-002  7.800e-001  1.764e-001 
83 1-1  1.717e-003
83 1-2 -1.668e-003  1.918e-003
83 1-3 -4.821e-005 -2.500e-004  2.982e-004
83 2-1 -7.613e-006  4.849e-006  2.764e-006  6.398e-005
83 2-2  6.577e-006 -9.948e-006  3.370e-006 -4.437e-005  4.061e-004
83 2-3  1.036e-006  5.099e-006 -6.135e-006 -1.962e-005 -3.617e-004  3.813e-004
84  2.104e-001  7.701e-001  1.948e-002  3.994e-002  7.659e-001  1.941e-001 
84 1-1  1.702e-003
84 1-2 -1.652e-003  1.947e-003
84 1-3 -4.999e-005 -2.955e-004  3.455e-004
84 2-1 -7.251e-006  4.418e-006  2.833e-006  5.896e-005
84 2-2  6.045e-006 -9.995e-006  3.950e-006 -3.549e-005  5.084e-004
84 2-3  1.206e-006  5.577e-006 -6.783e-006 -2.347e-005 -4.729e-004  4.964e-004
85  1.972e-001  7.828e-001  2.005e-002  3.651e-002  7.503e-001  2.132e-001 
85 1-1  1.675e-003
85 1-2 -1.623e-003  1.970e-003
85 1-3 -5.163e-005 -3.469e-004  3.985e-004
85 2-1 -6.857e-006  3.972e-006  2.885e-006  5.396e-005
85 2-2  5.473e-006 -1.006e-005  4.587e-006 -2.582e-005  6.421e-004
85 2-3  1.384e-006  6.088e-006 -7.472e-006 -2.814e-005 -6.163e-004  6.444e-004
86  1.846e-001  7.948e-001  2.061e-002  3.329e-002  7.331e-001  2.336e-001 
86 1-1  1.637e-003
86 1-2 -1.584e-003  1.988e-003
86 1-3 -5.312e-005 -4.043e-004  4.574e-004
86 2-1 -6.438e-006  3.519e-006  2.919e-006  4.905e-005
86 2-2  4.873e-006 -1.015e-005  5.277e-006 -1.538e-005  8.127e-004
86 2-3  1.565e-006  6.631e-006 -8.196e-006 -3.367e-005 -7.973e-004  8.310e-004
87  1.726e-001  8.062e-001  2.116e-002  3.027e-002  7.145e-001  2.552e-001 
87 1-1  1.590e-003
87 1-2 -1.535e-003  2.004e-003
87 1-3 -5.447e-005 -4.683e-004  5.227e-004
87 2-1 -6.003e-006  3.066e-006  2.937e-006  4.428e-005
87 2-2  4.256e-006 -1.027e-005  6.016e-006 -4.251e-006  1.025e-003
87 2-3  1.747e-006  7.205e-006 -8.952e-006 -4.003e-005 -1.021e-003  1.061e-003
88  1.613e-001  8.170e-001  2.171e-002  2.745e-002  6.945e-001  2.781e-001 
88 1-1  1.534e-003
88 1-2 -1.479e-003  2.018e-003
88 1-3 -5.569e-005 -5.391e-004  5.948e-004
88 2-1 -5.558e-006  2.622e-006  2.936e-006  3.971e-005
88 2-2  3.632e-006 -1.043e-005  6.797e-006  7.434e-006  1.284e-003
88 2-3  1.926e-006  7.807e-006 -9.734e-006 -4.715e-005 -1.292e-003  1.339e-003
89  1.506e-001  8.272e-001  2.226e-002  2.482e-002  6.730e-001  3.021e-001 
89 1-1  1.472e-003
89 1-2 -1.415e-003  2.032e-003
89 1-3 -5.680e-005 -6.172e-004  6.740e-004
89 2-1 -5.112e-006  2.193e-006  2.919e-006  3.538e-005
89 2-2  3.014e-006 -1.063e-005  7.615e-006  1.949e-005  1.592e-003
89 2-3  2.098e-006  8.435e-006 -1.053e-005 -5.487e-005 -1.612e-003  1.667e-003
90  1.405e-001  8.367e-001  2.279e-002  2.238e-002  6.503e-001  3.273e-001 
90 1-1  1.404e-003
90 1-2 -1.347e-003  2.050e-003
90 1-3 -5.781e-005 -7.029e-004  7.607e-004
90 2-1 -4.670e-006  1.786e-006  2.884e-006  3.131e-005
90 2-2  2.411e-006 -1.087e-005  8.458e-006  3.169e-005  1.949e-003
90 2-3  2.259e-006  9.083e-006 -1.134e-005 -6.300e-005 -1.981e-003  2.044e-003