
#****** ******
# ITMchr.txt
#IMaCh version 0.99r45, April 2023,INED-EUROREVES-Institut de longevite-Japan Society for the Promotion of Science (Grant-in-Aid for Scientific Research 25293121), Intel Software 2015-2020, Nihon University 2021-202, INED 2000-2022
#$Revision: 1.353 $ $Date: 2023/05/08 18:48:22 $
# Tue Feb 04 22:21:37 2025
# Variance and covariance of health expectancies e.j 
#  (weighted average of eij where weights are the age specific period (stable) prevalences in each health state 
# Age Cov(e.1, e.1) Cov(e.1, e.2) Cov(e.2, e.1) Cov(e.2, e.2)
50  0.3719 -0.2298 -0.2298 0.8957
51  0.3360 -0.2030 -0.2030 0.8514
52  0.3029 -0.1780 -0.1780 0.8101
53  0.2724 -0.1548 -0.1548 0.7718
54  0.2446 -0.1336 -0.1336 0.7365
55  0.2196 -0.1145 -0.1145 0.7042
56  0.1972 -0.0975 -0.0975 0.6747
57  0.1774 -0.0826 -0.0826 0.6479
58  0.1599 -0.0696 -0.0696 0.6237
59  0.1445 -0.0585 -0.0585 0.6017
60  0.1310 -0.0491 -0.0491 0.5816
61  0.1190 -0.0411 -0.0411 0.5631
62  0.1085 -0.0344 -0.0344 0.5461
63  0.0992 -0.0287 -0.0287 0.5303
64  0.0907 -0.0238 -0.0238 0.5155
65  0.0830 -0.0196 -0.0196 0.5016
66  0.0759 -0.0159 -0.0159 0.4886
67  0.0693 -0.0125 -0.0125 0.4764
68  0.0630 -0.0095 -0.0095 0.4651
69  0.0571 -0.0067 -0.0067 0.4548
70  0.0515 -0.0042 -0.0042 0.4454
71  0.0462 -0.0018 -0.0018 0.4370
72  0.0413 0.0003 0.0003 0.4298
73  0.0366 0.0023 0.0023 0.4235
74  0.0324 0.0040 0.0040 0.4183
75  0.0363 0.0400 0.0400 0.5584
76  0.0248 0.0068 0.0068 0.4102
77  0.0216 0.0079 0.0079 0.4069
78  0.0187 0.0088 0.0088 0.4039
79  0.0161 0.0094 0.0094 0.4008
80  0.0139 0.0098 0.0098 0.3973
81  0.0119 0.0101 0.0101 0.3932
82  0.0101 0.0101 0.0101 0.3881
83  0.0086 0.0100 0.0100 0.3820
84  0.0073 0.0098 0.0098 0.3744
85  0.0062 0.0094 0.0094 0.3655
86  0.0052 0.0089 0.0089 0.3550
87  0.0044 0.0083 0.0083 0.3429
88  0.0037 0.0077 0.0077 0.3295
89  0.0031 0.0071 0.0071 0.3147
90  0.0026 0.0064 0.0064 0.2987
