
#****** ******
# ITMchr.txt
#IMaCh version 0.99r45, April 2023,INED-EUROREVES-Institut de longevite-Japan Society for the Promotion of Science (Grant-in-Aid for Scientific Research 25293121), Intel Software 2015-2020, Nihon University 2021-202, INED 2000-2022
#$Revision: 1.353 $ $Date: 2023/05/08 18:48:22 $
# Tue Feb 04 22:21:37 2025
# Standard deviation of period (forward stable) prevalences 
# Age  Result#  1-1 2-2
50 1  0.73306 (0.03874) 0.26709 (0.03875)
51 1  0.71193 (0.03875) 0.28812 (0.03875)
52 1  0.68974 (0.03851) 0.31032 (0.03852)
53 1  0.66654 (0.03804) 0.33354 (0.03804)
54 1  0.64240 (0.03733) 0.35771 (0.03733)
55 1  0.61741 (0.03639) 0.38272 (0.03639)
56 1  0.59168 (0.03522) 0.40847 (0.03522)
57 1  0.56534 (0.03386) 0.43484 (0.03386)
58 1  0.53854 (0.03233) 0.46166 (0.03233)
59 1  0.51144 (0.03068) 0.48879 (0.03067)
60 1  0.48421 (0.02895) 0.51605 (0.02894)
61 1  0.45699 (0.02720) 0.54311 (0.02720)
62 1  0.43002 (0.02548) 0.57009 (0.02548)
63 1  0.40345 (0.02384) 0.59667 (0.02384)
64 1  0.37745 (0.02233) 0.62268 (0.02233)
65 1  0.35217 (0.02100) 0.64796 (0.02099)
66 1  0.32775 (0.01986) 0.67238 (0.01985)
67 1  0.30431 (0.01893) 0.69581 (0.01892)
68 1  0.28196 (0.01818) 0.71816 (0.01817)
69 1  0.26077 (0.01760) 0.73934 (0.01760)
70 1  0.24078 (0.01716) 0.75932 (0.01715)
71 1  0.22202 (0.01681) 0.77807 (0.01680)
72 1  0.20451 (0.01651) 0.79557 (0.01650)
73 1  0.18822 (0.01625) 0.81184 (0.01624)
74 1  0.17313 (0.01599) 0.82692 (0.01598)
75 1  0.15922 (0.02178) 0.84088 (0.02680)
76 1  0.14638 (0.01544) 0.85369 (0.01543)
77 1  0.13458 (0.01513) 0.86547 (0.01512)
78 1  0.12376 (0.01480) 0.87628 (0.01480)
79 1  0.11385 (0.01446) 0.88618 (0.01445)
80 1  0.10480 (0.01410) 0.89526 (0.01409)
81 1  0.09650 (0.01372) 0.90355 (0.01371)
82 1  0.08891 (0.01333) 0.91112 (0.01333)
83 1  0.08197 (0.01294) 0.91806 (0.01294)
84 1  0.07564 (0.01255) 0.92440 (0.01254)
85 1  0.06983 (0.01215) 0.93020 (0.01215)
86 1  0.06451 (0.01176) 0.93551 (0.01175)
87 1  0.05964 (0.01136) 0.94037 (0.01136)
88 1  0.05520 (0.01098) 0.94483 (0.01097)
89 1  0.05110 (0.01059) 0.94892 (0.01059)
90 1  0.04734 (0.01022) 0.95267 (0.01021)
