# DEFadl.txt
#IMaCh version 0.99r45, April 2023,INED-EUROREVES-Institut de longevite-Japan Society for the Promotion of Science (Grant-in-Aid for Scientific Research 25293121), Intel Software 2015-2020, Nihon University 2021-202, INED 2000-2022
#$Revision: 1.353 $ $Date: 2023/05/08 18:48:22 $
# Tue Feb 04 22:03:38 2025
#One-step probabilities and stand. devi in ()
# Age p1-1 (SE) p1-2 (SE) p1-3 (SE) p2-1 (SE) p2-2 (SE) p2-3 (SE)
50  9.900e-001 ( 2.352e-003)  8.573e-003 ( 2.284e-003)  1.447e-003 ( 7.536e-004)  3.009e-001 ( 6.253e-002)  6.968e-001 ( 6.242e-002)  2.216e-003 ( 1.927e-003) 
51  9.895e-001 ( 2.367e-003)  8.963e-003 ( 2.294e-003)  1.534e-003 ( 7.662e-004)  2.886e-001 ( 5.869e-002)  7.089e-001 ( 5.859e-002)  2.469e-003 ( 2.084e-003) 
52  9.890e-001 ( 2.378e-003)  9.370e-003 ( 2.300e-003)  1.626e-003 ( 7.779e-004)  2.766e-001 ( 5.495e-002)  7.207e-001 ( 5.486e-002)  2.749e-003 ( 2.249e-003) 
53  9.885e-001 ( 2.386e-003)  9.795e-003 ( 2.304e-003)  1.724e-003 ( 7.887e-004)  2.649e-001 ( 5.132e-002)  7.321e-001 ( 5.124e-002)  3.058e-003 ( 2.424e-003) 
54  9.879e-001 ( 2.392e-003)  1.024e-002 ( 2.304e-003)  1.827e-003 ( 7.985e-004)  2.534e-001 ( 4.781e-002)  7.432e-001 ( 4.774e-002)  3.400e-003 ( 2.609e-003) 
55  9.874e-001 ( 2.394e-003)  1.070e-002 ( 2.302e-003)  1.936e-003 ( 8.072e-004)  2.424e-001 ( 4.443e-002)  7.539e-001 ( 4.437e-002)  3.777e-003 ( 2.802e-003) 
56  9.868e-001 ( 2.393e-003)  1.119e-002 ( 2.296e-003)  2.052e-003 ( 8.148e-004)  2.316e-001 ( 4.119e-002)  7.642e-001 ( 4.116e-002)  4.194e-003 ( 3.005e-003) 
57  9.861e-001 ( 2.388e-003)  1.169e-002 ( 2.287e-003)  2.175e-003 ( 8.213e-004)  2.212e-001 ( 3.811e-002)  7.742e-001 ( 3.809e-002)  4.653e-003 ( 3.216e-003) 
58  9.855e-001 ( 2.381e-003)  1.222e-002 ( 2.275e-003)  2.305e-003 ( 8.268e-004)  2.111e-001 ( 3.518e-002)  7.838e-001 ( 3.519e-002)  5.160e-003 ( 3.437e-003) 
59  9.848e-001 ( 2.371e-003)  1.277e-002 ( 2.260e-003)  2.443e-003 ( 8.314e-004)  2.013e-001 ( 3.241e-002)  7.930e-001 ( 3.247e-002)  5.717e-003 ( 3.665e-003) 
60  9.841e-001 ( 2.358e-003)  1.335e-002 ( 2.243e-003)  2.589e-003 ( 8.353e-004)  1.919e-001 ( 2.982e-002)  8.018e-001 ( 2.992e-002)  6.332e-003 ( 3.900e-003) 
61  9.833e-001 ( 2.344e-003)  1.395e-002 ( 2.224e-003)  2.744e-003 ( 8.388e-004)  1.828e-001 ( 2.741e-002)  8.102e-001 ( 2.755e-002)  7.007e-003 ( 4.142e-003) 
62  9.825e-001 ( 2.328e-003)  1.458e-002 ( 2.205e-003)  2.908e-003 ( 8.425e-004)  1.740e-001 ( 2.517e-002)  8.182e-001 ( 2.538e-002)  7.751e-003 ( 4.390e-003) 
63  9.817e-001 ( 2.313e-003)  1.524e-002 ( 2.186e-003)  3.081e-003 ( 8.469e-004)  1.656e-001 ( 2.312e-002)  8.259e-001 ( 2.340e-002)  8.568e-003 ( 4.642e-003) 
64  9.808e-001 ( 2.299e-003)  1.593e-002 ( 2.170e-003)  3.265e-003 ( 8.530e-004)  1.574e-001 ( 2.125e-002)  8.331e-001 ( 2.161e-002)  9.466e-003 ( 4.897e-003) 
65  9.799e-001 ( 2.289e-003)  1.664e-002 ( 2.157e-003)  3.459e-003 ( 8.619e-004)  1.496e-001 ( 1.958e-002)  8.399e-001 ( 2.003e-002)  1.045e-002 ( 5.154e-003) 
66  9.789e-001 ( 2.284e-003)  1.739e-002 ( 2.151e-003)  3.665e-003 ( 8.751e-004)  1.421e-001 ( 1.808e-002)  8.463e-001 ( 1.864e-002)  1.154e-002 ( 5.410e-003) 
67  9.779e-001 ( 2.288e-003)  1.817e-002 ( 2.156e-003)  3.883e-003 ( 8.942e-004)  1.349e-001 ( 1.677e-002)  8.523e-001 ( 1.745e-002)  1.272e-002 ( 5.665e-003) 
68  9.769e-001 ( 2.303e-003)  1.898e-002 ( 2.173e-003)  4.113e-003 ( 9.214e-004)  1.280e-001 ( 1.564e-002)  8.579e-001 ( 1.644e-002)  1.403e-002 ( 5.914e-003) 
69  9.758e-001 ( 2.335e-003)  1.983e-002 ( 2.207e-003)  4.357e-003 ( 9.587e-004)  1.214e-001 ( 1.468e-002)  8.631e-001 ( 1.562e-002)  1.546e-002 ( 6.158e-003) 
70  9.747e-001 ( 2.387e-003)  2.072e-002 ( 2.263e-003)  4.616e-003 ( 1.009e-003)  1.151e-001 ( 1.388e-002)  8.679e-001 ( 1.496e-002)  1.702e-002 ( 6.393e-003) 
71  9.735e-001 ( 2.463e-003)  2.164e-002 ( 2.344e-003)  4.889e-003 ( 1.073e-003)  1.090e-001 ( 1.323e-002)  8.722e-001 ( 1.444e-002)  1.874e-002 ( 6.618e-003) 
72  9.722e-001 ( 2.569e-003)  2.261e-002 ( 2.455e-003)  5.178e-003 ( 1.155e-003)  1.032e-001 ( 1.271e-002)  8.761e-001 ( 1.405e-002)  2.061e-002 ( 6.830e-003) 
73  9.709e-001 ( 2.706e-003)  2.361e-002 ( 2.598e-003)  5.485e-003 ( 1.255e-003)  9.772e-002 ( 1.230e-002)  8.796e-001 ( 1.377e-002)  2.266e-002 ( 7.031e-003) 
74  9.695e-001 ( 2.880e-003)  2.466e-002 ( 2.775e-003)  5.808e-003 ( 1.375e-003)  9.243e-002 ( 1.199e-002)  8.827e-001 ( 1.357e-002)  2.491e-002 ( 7.219e-003) 
75  9.681e-001 ( 3.092e-003)  2.576e-002 ( 2.990e-003)  6.151e-003 ( 1.518e-003)  8.739e-002 ( 1.175e-002)  8.852e-001 ( 1.344e-002)  2.736e-002 ( 7.398e-003) 
76  9.666e-001 ( 3.345e-003)  2.690e-002 ( 3.244e-003)  6.513e-003 ( 1.684e-003)  8.258e-002 ( 1.157e-002)  8.874e-001 ( 1.337e-002)  3.004e-002 ( 7.573e-003) 
77  9.650e-001 ( 3.640e-003)  2.809e-002 ( 3.537e-003)  6.896e-003 ( 1.874e-003)  7.799e-002 ( 1.143e-002)  8.890e-001 ( 1.334e-002)  3.296e-002 ( 7.754e-003) 
78  9.634e-001 ( 3.979e-003)  2.933e-002 ( 3.870e-003)  7.301e-003 ( 2.090e-003)  7.362e-002 ( 1.131e-002)  8.902e-001 ( 1.334e-002)  3.615e-002 ( 7.956e-003) 
79  9.617e-001 ( 4.362e-003)  3.062e-002 ( 4.244e-003)  7.729e-003 ( 2.333e-003)  6.945e-002 ( 1.121e-002)  8.909e-001 ( 1.339e-002)  3.962e-002 ( 8.202e-003) 
80  9.599e-001 ( 4.791e-003)  3.196e-002 ( 4.660e-003)  8.182e-003 ( 2.605e-003)  6.548e-002 ( 1.112e-002)  8.911e-001 ( 1.349e-002)  4.341e-002 ( 8.520e-003) 
81  9.580e-001 ( 5.266e-003)  3.337e-002 ( 5.119e-003)  8.660e-003 ( 2.907e-003)  6.171e-002 ( 1.103e-002)  8.908e-001 ( 1.366e-002)  4.752e-002 ( 8.950e-003) 
82  9.560e-001 ( 5.790e-003)  3.483e-002 ( 5.621e-003)  9.165e-003 ( 3.242e-003)  5.811e-002 ( 1.093e-002)  8.899e-001 ( 1.394e-002)  5.200e-002 ( 9.538e-003) 
83  9.540e-001 ( 6.364e-003)  3.635e-002 ( 6.169e-003)  9.699e-003 ( 3.610e-003)  5.469e-002 ( 1.081e-002)  8.885e-001 ( 1.437e-002)  5.686e-002 ( 1.033e-002) 
84  9.518e-001 ( 6.989e-003)  3.793e-002 ( 6.762e-003)  1.026e-002 ( 4.016e-003)  5.144e-002 ( 1.069e-002)  8.864e-001 ( 1.500e-002)  6.213e-002 ( 1.138e-002) 
85  9.496e-001 ( 7.667e-003)  3.958e-002 ( 7.404e-003)  1.086e-002 ( 4.460e-003)  4.835e-002 ( 1.055e-002)  8.838e-001 ( 1.588e-002)  6.785e-002 ( 1.273e-002) 
86  9.472e-001 ( 8.401e-003)  4.129e-002 ( 8.094e-003)  1.149e-002 ( 4.946e-003)  4.541e-002 ( 1.039e-002)  8.806e-001 ( 1.708e-002)  7.403e-002 ( 1.442e-002) 
87  9.448e-001 ( 9.192e-003)  4.308e-002 ( 8.836e-003)  1.215e-002 ( 5.475e-003)  4.262e-002 ( 1.022e-002)  8.767e-001 ( 1.864e-002)  8.072e-002 ( 1.648e-002) 
88  9.422e-001 ( 1.004e-002)  4.494e-002 ( 9.632e-003)  1.285e-002 ( 6.052e-003)  3.996e-002 ( 1.003e-002)  8.721e-001 ( 2.062e-002)  8.795e-002 ( 1.893e-002) 
89  9.395e-001 ( 1.096e-002)  4.687e-002 ( 1.048e-002)  1.359e-002 ( 6.680e-003)  3.744e-002 ( 9.823e-003)  8.668e-001 ( 2.306e-002)  9.575e-002 ( 2.181e-002) 
90  9.368e-001 ( 1.193e-002)  4.887e-002 ( 1.139e-002)  1.437e-002 ( 7.361e-003)  3.505e-002 ( 9.603e-003)  8.608e-001 ( 2.597e-002)  1.041e-001 ( 2.513e-002) 