
#****** ******
# DEFadl.txt
#IMaCh version 0.99r45, April 2023,INED-EUROREVES-Institut de longevite-Japan Society for the Promotion of Science (Grant-in-Aid for Scientific Research 25293121), Intel Software 2015-2020, Nihon University 2021-202, INED 2000-2022
#$Revision: 1.353 $ $Date: 2023/05/08 18:48:22 $
# Tue Feb 04 22:03:38 2025
# Variance and covariance of health expectancies e.j 
#  (weighted average of eij where weights are the age specific period (stable) prevalences in each health state 
# Age Cov(e.1, e.1) Cov(e.1, e.2) Cov(e.2, e.1) Cov(e.2, e.2)
50  1.5840 -0.0678 -0.0678 0.3328
51  1.5604 -0.0729 -0.0729 0.3331
52  1.5403 -0.0777 -0.0777 0.3336
53  1.5235 -0.0820 -0.0820 0.3342
54  1.5098 -0.0861 -0.0861 0.3350
55  1.4991 -0.0899 -0.0899 0.3359
56  1.4909 -0.0933 -0.0933 0.3370
57  1.4852 -0.0965 -0.0965 0.3383
58  1.4816 -0.0995 -0.0995 0.3397
59  1.4799 -0.1023 -0.1023 0.3413
60  1.4797 -0.1049 -0.1049 0.3430
61  1.4808 -0.1075 -0.1075 0.3448
62  1.4828 -0.1099 -0.1099 0.3468
63  1.4854 -0.1123 -0.1123 0.3489
64  1.4885 -0.1147 -0.1147 0.3510
65  1.4917 -0.1171 -0.1171 0.3532
66  1.4947 -0.1194 -0.1194 0.3555
67  1.4974 -0.1218 -0.1218 0.3578
68  1.4996 -0.1241 -0.1241 0.3602
69  1.5011 -0.1264 -0.1264 0.3625
70  1.5016 -0.1286 -0.1286 0.3649
71  1.5012 -0.1306 -0.1306 0.3672
72  1.4996 -0.1324 -0.1324 0.3696
73  1.4968 -0.1340 -0.1340 0.3720
74  1.4771 -0.1326 -0.1326 0.3893
75  1.4715 -0.1341 -0.1341 0.3926
76  1.4803 -0.1364 -0.1364 0.3798
77  1.4719 -0.1363 -0.1363 0.3827
78  1.4618 -0.1359 -0.1359 0.3858
79  1.4501 -0.1351 -0.1351 0.3893
80  1.4367 -0.1341 -0.1341 0.3931
81  1.4216 -0.1331 -0.1331 0.3971
82  1.4050 -0.1323 -0.1323 0.4015
83  1.3869 -0.1318 -0.1318 0.4062
84  1.3675 -0.1321 -0.1321 0.4110
85  1.3471 -0.1333 -0.1333 0.4158
86  1.3262 -0.1359 -0.1359 0.4205
87  1.3052 -0.1399 -0.1399 0.4249
88  1.2847 -0.1458 -0.1458 0.4287
89  1.2653 -0.1534 -0.1534 0.4317
90  1.2477 -0.1631 -0.1631 0.4336
