# BEFchr.txt
#IMaCh version 0.99r45, April 2023,INED-EUROREVES-Institut de longevite-Japan Society for the Promotion of Science (Grant-in-Aid for Scientific Research 25293121), Intel Software 2015-2020, Nihon University 2021-202, INED 2000-2022
#$Revision: 1.353 $ $Date: 2023/05/08 18:48:22 $
# Tue Feb 04 22:21:36 2025
# probabilities of dying before estepm=24 months for people of exact age and weighted probabilities w1*p1j+w2*p2j+... stand dev in()
# Selected quantitative variables and dummies
# Age cov=1 p.3 SE w1 p13 w2 p23
 50 1   5.065e-003  2.762e-003  4.246e-001  1.026e-002   5.756e-001  1.235e-003 
 51 1   5.226e-003  2.655e-003  4.050e-001  1.078e-002   5.952e-001  1.445e-003 
 52 1   5.406e-003  2.547e-003  3.856e-001  1.133e-002   6.146e-001  1.690e-003 
 53 1   5.611e-003  2.440e-003  3.665e-001  1.189e-002   6.337e-001  1.975e-003 
 54 1   5.845e-003  2.337e-003  3.477e-001  1.248e-002   6.524e-001  2.308e-003 
 55 1   6.118e-003  2.242e-003  3.294e-001  1.309e-002   6.707e-001  2.695e-003 
 56 1   6.438e-003  2.157e-003  3.115e-001  1.372e-002   6.887e-001  3.145e-003 
 57 1   6.816e-003  2.090e-003  2.940e-001  1.437e-002   7.061e-001  3.668e-003 
 58 1   7.262e-003  2.043e-003  2.772e-001  1.504e-002   7.229e-001  4.277e-003 
 59 1   7.791e-003  2.024e-003  2.609e-001  1.574e-002   7.392e-001  4.984e-003 
 60 1   8.419e-003  2.036e-003  2.453e-001  1.646e-002   7.549e-001  5.805e-003 
 61 1   9.163e-003  2.083e-003  2.302e-001  1.720e-002   7.699e-001  6.759e-003 
 62 1   1.004e-002  2.169e-003  2.159e-001  1.796e-002   7.842e-001  7.865e-003 
 63 1   1.109e-002  2.292e-003  2.022e-001  1.874e-002   7.979e-001  9.148e-003 
 64 1   1.232e-002  2.452e-003  1.892e-001  1.955e-002   8.109e-001  1.063e-002 
 65 1   1.377e-002  2.648e-003  1.769e-001  2.038e-002   8.232e-001  1.236e-002 
 66 1   1.548e-002  2.876e-003  1.652e-001  2.122e-002   8.348e-001  1.435e-002 
 67 1   1.749e-002  3.134e-003  1.543e-001  2.210e-002   8.458e-001  1.665e-002 
 68 1   1.984e-002  3.418e-003  1.439e-001  2.299e-002   8.562e-001  1.931e-002 
 69 1   2.259e-002  3.727e-003  1.342e-001  2.390e-002   8.658e-001  2.238e-002 
 70 1   2.579e-002  4.057e-003  1.251e-001  2.484e-002   8.749e-001  2.592e-002 
 71 1   2.951e-002  4.406e-003  1.166e-001  2.579e-002   8.834e-001  3.000e-002 
 72 1   3.383e-002  4.773e-003  1.087e-001  2.677e-002   8.914e-001  3.469e-002 
 73 1   3.883e-002  5.157e-003  1.013e-001  2.776e-002   8.988e-001  4.008e-002 
 74 1   4.461e-002  5.561e-003  9.438e-002  2.878e-002   9.057e-001  4.625e-002 
 75 1   5.125e-002  5.989e-003  8.798e-002  2.982e-002   9.121e-001  5.332e-002 
 76 1   5.888e-002  6.453e-003  8.202e-002  3.087e-002   9.180e-001  6.138e-002 
 77 1   6.761e-002  6.970e-003  7.648e-002  3.195e-002   9.236e-001  7.057e-002 
 78 1   7.757e-002  7.568e-003  7.135e-002  3.304e-002   9.287e-001  8.099e-002 
 79 1   8.889e-002  8.283e-003  6.658e-002  3.415e-002   9.334e-001  9.279e-002 
 80 1   1.017e-001  9.163e-003  6.217e-002  3.528e-002   9.378e-001  1.061e-001 
 81 1   1.161e-001  1.026e-002  5.809e-002  3.643e-002   9.419e-001  1.211e-001 
 82 1   1.323e-001  1.164e-002  5.433e-002  3.760e-002   9.457e-001  1.378e-001 
 83 1   1.504e-001  1.334e-002  5.083e-002  3.878e-002   9.492e-001  1.564e-001 
 84 1   1.704e-001  1.540e-002  4.760e-002  3.998e-002   9.524e-001  1.770e-001 
 85 1   1.925e-001  1.785e-002  4.461e-002  4.120e-002   9.554e-001  1.996e-001 
 86 1   2.167e-001  2.068e-002  4.186e-002  4.243e-002   9.582e-001  2.243e-001 
 87 1   2.430e-001  2.387e-002  3.931e-002  4.368e-002   9.607e-001  2.511e-001 
 88 1   2.713e-001  2.738e-002  3.696e-002  4.495e-002   9.630e-001  2.800e-001 
 89 1   3.015e-001  3.113e-002  3.480e-002  4.623e-002   9.652e-001  3.108e-001 
 90 1   3.336e-001  3.504e-002  3.282e-002  4.753e-002   9.672e-001  3.433e-001 
