# BEFchr.txt
#IMaCh version 0.99r45, April 2023,INED-EUROREVES-Institut de longevite-Japan Society for the Promotion of Science (Grant-in-Aid for Scientific Research 25293121), Intel Software 2015-2020, Nihon University 2021-202, INED 2000-2022
#$Revision: 1.353 $ $Date: 2023/05/08 18:48:22 $
# Tue Feb 04 22:21:36 2025
#One-step probabilities and covariance matrix
# Age p1-1  p1-2  p1-3  p2-1  p2-2  p2-3 
50  6.551e-001  3.346e-001  1.026e-002  1.833e-001  8.155e-001  1.235e-003 
50 1-1  1.415e-003
50 1-2 -1.380e-003  1.387e-003
50 1-3 -3.504e-005 -6.679e-006  4.172e-005
50 2-1 -1.355e-005  1.264e-005  9.115e-007  4.854e-004
50 2-2  1.357e-005 -1.277e-005 -8.066e-007 -4.848e-004  4.844e-004
50 2-3 -1.982e-008  1.247e-007 -1.049e-007 -6.415e-007  3.620e-007  2.795e-007
51  6.439e-001  3.454e-001  1.078e-002  1.745e-001  8.241e-001  1.445e-003 
51 1-1  1.304e-003
51 1-2 -1.271e-003  1.279e-003
51 1-3 -3.349e-005 -8.661e-006  4.215e-005
51 2-1 -1.192e-005  1.111e-005  8.079e-007  4.045e-004
51 2-2  1.194e-005 -1.125e-005 -6.863e-007 -4.039e-004  4.036e-004
51 2-3 -1.905e-008  1.406e-007 -1.215e-007 -6.173e-007  2.580e-007  3.593e-007
52  6.324e-001  3.563e-001  1.133e-002  1.660e-001  8.323e-001  1.690e-003 
52 1-1  1.197e-003
52 1-2 -1.165e-003  1.175e-003
52 1-3 -3.191e-005 -1.054e-005  4.245e-005
52 2-1 -1.045e-005  9.738e-006  7.144e-007  3.355e-004
52 2-2  1.047e-005 -9.896e-006 -5.739e-007 -3.349e-004  3.348e-004
52 2-3 -1.733e-008  1.578e-007 -1.404e-007 -5.926e-007  1.321e-007  4.605e-007
53  6.208e-001  3.673e-001  1.189e-002  1.578e-001  8.402e-001  1.975e-003 
53 1-1  1.094e-003
53 1-2 -1.064e-003  1.076e-003
53 1-3 -3.035e-005 -1.229e-005  4.264e-005
53 2-1 -9.143e-006  8.512e-006  6.317e-007  2.773e-004
53 2-2  9.158e-006 -8.688e-006 -4.697e-007 -2.767e-004  2.767e-004
53 2-3 -1.444e-008  1.764e-007 -1.619e-007 -5.683e-007 -2.005e-008  5.883e-007
54  6.090e-001  3.785e-001  1.248e-002  1.500e-001  8.477e-001  2.308e-003 
54 1-1  9.979e-004
54 1-2 -9.691e-004  9.830e-004
54 1-3 -2.884e-005 -1.388e-005  4.272e-005
54 2-1 -7.991e-006  7.431e-006  5.603e-007  2.284e-004
54 2-2  8.002e-006 -7.627e-006 -3.741e-007 -2.279e-004  2.281e-004
54 2-3 -1.011e-008  1.963e-007 -1.862e-007 -5.455e-007 -2.038e-007  7.493e-007
55  5.971e-001  3.898e-001  1.309e-002  1.425e-001  8.548e-001  2.695e-003 
55 1-1  9.096e-004
55 1-2 -8.822e-004  8.975e-004
55 1-3 -2.741e-005 -1.532e-005  4.272e-005
55 2-1 -6.992e-006  6.491e-006  5.008e-007  1.879e-004
55 2-2  6.996e-006 -6.709e-006 -2.872e-007 -1.873e-004  1.878e-004
55 2-3 -4.047e-009  2.176e-007 -2.136e-007 -5.256e-007 -4.256e-007  9.511e-007
56  5.851e-001  4.011e-001  1.372e-002  1.353e-001  8.616e-001  3.145e-003 
56 1-1  8.305e-004
56 1-2 -8.044e-004  8.209e-004
56 1-3 -2.610e-005 -1.658e-005  4.267e-005
56 2-1 -6.138e-006  5.685e-006  4.534e-007  1.545e-004
56 2-2  6.134e-006 -5.925e-006 -2.090e-007 -1.540e-004  1.547e-004
56 2-3  4.064e-009  2.403e-007 -2.444e-007 -5.097e-007 -6.936e-007  1.203e-006
57  5.730e-001  4.126e-001  1.437e-002  1.284e-001  8.680e-001  3.668e-003 
57 1-1  7.618e-004
57 1-2 -7.368e-004  7.545e-004
57 1-3 -2.495e-005 -1.766e-005  4.261e-005
57 2-1 -5.423e-006  5.004e-006  4.182e-007  1.274e-004
57 2-2  5.408e-006 -5.269e-006 -1.394e-007 -1.269e-004  1.279e-004
57 2-3  1.456e-008  2.643e-007 -2.788e-007 -4.993e-007 -1.017e-006  1.517e-006
58  5.608e-001  4.241e-001  1.504e-002  1.217e-001  8.740e-001  4.277e-003 
58 1-1  7.047e-004
58 1-2 -6.807e-004  6.993e-004
58 1-3 -2.399e-005 -1.859e-005  4.259e-005
58 2-1 -4.837e-006  4.442e-006  3.953e-007  1.056e-004
58 2-2  4.809e-006 -4.731e-006 -7.802e-008 -1.051e-004  1.065e-004
58 2-3  2.778e-008  2.895e-007 -3.173e-007 -4.960e-007 -1.409e-006  1.905e-006
59  5.486e-001  4.357e-001  1.574e-002  1.154e-001  8.796e-001  4.984e-003 
59 1-1  6.603e-004
59 1-2 -6.370e-004  6.564e-004
59 1-3 -2.328e-005 -1.939e-005  4.267e-005
59 2-1 -4.372e-006  3.987e-006  3.847e-007  8.822e-005
59 2-2  4.328e-006 -4.303e-006 -2.453e-008 -8.772e-005  8.960e-005
59 2-3  4.408e-008  3.161e-007 -3.601e-007 -5.011e-007 -1.881e-006  2.383e-006
60  5.362e-001  4.473e-001  1.646e-002  1.094e-001  8.848e-001  5.805e-003 
60 1-1  6.292e-004
60 1-2 -6.063e-004  6.264e-004
60 1-3 -2.283e-005 -2.010e-005  4.293e-005
60 2-1 -4.017e-006  3.631e-006  3.860e-007  7.466e-005
60 2-2  3.953e-006 -3.975e-006  2.163e-008 -7.414e-005  7.660e-005
60 2-3  6.379e-008  3.438e-007 -4.076e-007 -5.164e-007 -2.452e-006  2.968e-006
61  5.238e-001  4.590e-001  1.720e-002  1.036e-001  8.897e-001  6.759e-003 
61 1-1  6.120e-004
61 1-2 -5.893e-004  6.101e-004
61 1-3 -2.268e-005 -2.079e-005  4.347e-005
61 2-1 -3.762e-006  3.363e-006  3.990e-007  6.422e-005
61 2-2  3.675e-006 -3.736e-006  6.112e-008 -6.368e-005  6.682e-005
61 2-3  8.722e-008  3.729e-007 -4.601e-007 -5.431e-007 -3.138e-006  3.681e-006
62  5.114e-001  4.706e-001  1.796e-002  9.804e-002  8.941e-001  7.865e-003 
62 1-1  6.093e-004
62 1-2 -5.864e-004  6.079e-004
62 1-3 -2.288e-005 -2.153e-005  4.440e-005
62 2-1 -3.596e-006  3.172e-006  4.233e-007  5.634e-005
62 2-2  3.481e-006 -3.576e-006  9.472e-008 -5.576e-005  5.972e-005
62 2-3  1.146e-007  4.035e-007 -5.181e-007 -5.827e-007 -3.962e-006  4.544e-006
63  4.990e-001  4.823e-001  1.874e-002  9.276e-002  8.981e-001  9.148e-003 
63 1-1  6.211e-004
63 1-2 -5.977e-004  6.201e-004
63 1-3 -2.343e-005 -2.242e-005  4.586e-005
63 2-1 -3.508e-006  3.050e-006  4.584e-007  5.052e-005
63 2-2  3.362e-006 -3.485e-006  1.233e-007 -4.989e-005  5.483e-005
63 2-3  1.461e-007  4.356e-007 -5.818e-007 -6.365e-007 -4.947e-006  5.583e-006
64  4.865e-001  4.939e-001  1.955e-002  8.772e-002  9.016e-001  1.063e-002 
64 1-1  6.474e-004
64 1-2 -6.230e-004  6.466e-004
64 1-3 -2.439e-005 -2.361e-005  4.799e-005
64 2-1 -3.488e-006  2.984e-006  5.037e-007  4.635e-005
64 2-2  3.306e-006 -3.454e-006  1.480e-007 -4.564e-005  5.176e-005
64 2-3  1.818e-007  4.699e-007 -6.517e-007 -7.056e-007 -6.118e-006  6.824e-006
65  4.741e-001  5.055e-001  2.038e-002  8.291e-002  9.047e-001  1.236e-002 
65 1-1  6.880e-004
65 1-2 -6.622e-004  6.874e-004
65 1-3 -2.575e-005 -2.523e-005  5.098e-005
65 2-1 -3.525e-006  2.967e-006  5.584e-007  4.344e-005
65 2-2  3.303e-006 -3.473e-006  1.699e-007 -4.265e-005  5.016e-005
65 2-3  2.216e-007  5.067e-007 -7.283e-007 -7.905e-007 -7.504e-006  8.295e-006
66  4.617e-001  5.170e-001  2.122e-002  7.832e-002  9.073e-001  1.435e-002 
66 1-1  7.423e-004
66 1-2 -7.147e-004  7.422e-004
66 1-3 -2.755e-005 -2.748e-005  5.503e-005
66 2-1 -3.609e-006  2.987e-006  6.219e-007  4.151e-005
66 2-2  3.344e-006 -3.534e-006  1.904e-007 -4.062e-005  4.975e-005
66 2-3  2.651e-007  5.471e-007 -8.122e-007 -8.918e-007 -9.133e-006  1.002e-005
67  4.494e-001  5.285e-001  2.210e-002  7.394e-002  9.094e-001  1.665e-002 
67 1-1  8.096e-004
67 1-2 -7.798e-004  8.104e-004
67 1-3 -2.979e-005 -3.058e-005  6.037e-005
67 2-1 -3.729e-006  3.036e-006  6.933e-007  4.028e-005
67 2-2  3.417e-006 -3.628e-006  2.110e-007 -3.928e-005  5.031e-005
67 2-3  3.117e-007  5.925e-007 -9.042e-007 -1.009e-006 -1.103e-005  1.204e-005
68  4.371e-001  5.399e-001  2.299e-002  6.976e-002  9.109e-001  1.931e-002 
68 1-1  8.891e-004
68 1-2 -8.566e-004  8.913e-004
68 1-3 -3.249e-005 -3.477e-005  6.726e-005
68 2-1 -3.877e-006  3.105e-006  7.717e-007  3.955e-005
68 2-2  3.517e-006 -3.750e-006  2.335e-007 -3.841e-005  5.164e-005
68 2-3  3.606e-007  6.446e-007 -1.005e-006 -1.142e-006 -1.323e-005  1.437e-005
69  4.249e-001  5.512e-001  2.390e-002  6.578e-002  9.118e-001  2.238e-002 
69 1-1  9.796e-004
69 1-2 -9.439e-004  9.843e-004
69 1-3 -3.566e-005 -4.034e-005  7.600e-005
69 2-1 -4.044e-006  3.188e-006  8.564e-007  3.914e-005
69 2-2  3.634e-006 -3.894e-006  2.601e-007 -3.785e-005  5.361e-005
69 2-3  4.103e-007  7.061e-007 -1.116e-006 -1.290e-006 -1.575e-005  1.704e-005
70  4.127e-001  5.624e-001  2.484e-002  6.198e-002  9.121e-001  2.592e-002 
70 1-1  1.080e-003
70 1-2 -1.041e-003  1.088e-003
70 1-3 -3.930e-005 -4.761e-005  8.691e-005
70 2-1 -4.221e-006  3.275e-006  9.462e-007  3.891e-005
70 2-2  3.762e-006 -4.056e-006  2.935e-007 -3.746e-005  5.609e-005
70 2-3  4.592e-007  7.805e-007 -1.240e-006 -1.450e-006 -1.863e-005  2.008e-005
71  4.007e-001  5.735e-001  2.579e-002  5.835e-002  9.116e-001  3.000e-002 
71 1-1  1.189e-003
71 1-2 -1.145e-003  1.202e-003
71 1-3 -4.341e-005 -5.694e-005  1.003e-004
71 2-1 -4.402e-006  3.361e-006  1.040e-006  3.875e-005
71 2-2  3.897e-006 -4.234e-006  3.369e-007 -3.713e-005  5.900e-005
71 2-3  5.047e-007  8.725e-007 -1.377e-006 -1.620e-006 -2.187e-005  2.349e-005
72  3.888e-001  5.844e-001  2.677e-002  5.489e-002  9.104e-001  3.469e-002 
72 1-1  1.305e-003
72 1-2 -1.257e-003  1.325e-003
72 1-3 -4.798e-005 -6.872e-005  1.167e-004
72 2-1 -4.578e-006  3.441e-006  1.138e-006  3.856e-005
72 2-2  4.035e-006 -4.429e-006  3.944e-007 -3.676e-005  6.227e-005
72 2-3  5.439e-007  9.882e-007 -1.532e-006 -1.799e-006 -2.551e-005  2.731e-005
73  3.770e-001  5.952e-001  2.776e-002  5.158e-002  9.083e-001  4.008e-002 
73 1-1  1.426e-003
73 1-2 -1.373e-003  1.456e-003
73 1-3 -5.302e-005 -8.341e-005  1.364e-004
73 2-1 -4.745e-006  3.508e-006  1.237e-006  3.829e-005
73 2-2  4.172e-006 -4.643e-006  4.712e-007 -3.630e-005  6.589e-005
73 2-3  5.732e-007  1.135e-006 -1.709e-006 -1.984e-006 -2.959e-005  3.157e-005
74  3.654e-001  6.058e-001  2.878e-002  4.842e-002  9.053e-001  4.625e-002 
74 1-1  1.551e-003
74 1-2 -1.493e-003  1.594e-003
74 1-3 -5.852e-005 -1.015e-004  1.600e-004
74 2-1 -4.897e-006  3.559e-006  1.339e-006  3.788e-005
74 2-2  4.309e-006 -4.883e-006  5.738e-007 -3.570e-005  6.988e-005
74 2-3  5.879e-007  1.324e-006 -1.912e-006 -2.174e-006 -3.418e-005  3.635e-005
75  3.539e-001  6.163e-001  2.982e-002  4.541e-002  9.013e-001  5.332e-002 
75 1-1  1.679e-003
75 1-2 -1.614e-003  1.738e-003
75 1-3 -6.447e-005 -1.235e-004  1.879e-004
75 2-1 -5.029e-006  3.589e-006  1.440e-006  3.730e-005
75 2-2  4.446e-006 -5.157e-006  7.108e-007 -3.493e-005  7.432e-005
75 2-3  5.830e-007  1.568e-006 -2.151e-006 -2.369e-006 -3.939e-005  4.176e-005
76  3.426e-001  6.266e-001  3.087e-002  4.253e-002  8.961e-001  6.138e-002 
76 1-1  1.807e-003
76 1-2 -1.736e-003  1.886e-003
76 1-3 -7.086e-005 -1.499e-004  2.208e-004
76 2-1 -5.138e-006  3.597e-006  1.541e-006  3.654e-005
76 2-2  4.585e-006 -5.478e-006  8.924e-007 -3.396e-005  7.942e-005
76 2-3  5.523e-007  1.881e-006 -2.433e-006 -2.574e-006 -4.545e-005  4.803e-005
77  3.314e-001  6.367e-001  3.195e-002  3.977e-002  8.897e-001  7.057e-002 
77 1-1  1.934e-003
77 1-2 -1.856e-003  2.038e-003
77 1-3 -7.768e-005 -1.815e-004  2.591e-004
77 2-1 -5.219e-006  3.579e-006  1.640e-006  3.558e-005
77 2-2  4.730e-006 -5.862e-006  1.132e-006 -3.278e-005  8.552e-005
77 2-3  4.891e-007  2.283e-006 -2.772e-006 -2.796e-006 -5.274e-005  5.554e-005
78  3.204e-001  6.465e-001  3.304e-002  3.713e-002  8.819e-001  8.099e-002 
78 1-1  2.059e-003
78 1-2 -1.974e-003  2.193e-003
78 1-3 -8.493e-005 -2.188e-004  3.037e-004
78 2-1 -5.270e-006  3.533e-006  1.737e-006  3.442e-005
78 2-2  4.884e-006 -6.330e-006  1.446e-006 -3.137e-005  9.325e-005
78 2-3  3.862e-007  2.797e-006 -3.183e-006 -3.052e-006 -6.188e-005  6.493e-005
79  3.096e-001  6.562e-001  3.415e-002  3.461e-002  8.726e-001  9.279e-002 
79 1-1  2.180e-003
79 1-2 -2.087e-003  2.350e-003
79 1-3 -9.260e-005 -2.625e-004  3.551e-004
79 2-1 -5.290e-006  3.460e-006  1.830e-006  3.308e-005
79 2-2  5.054e-006 -6.909e-006  1.854e-006 -2.971e-005  1.035e-004
79 2-3  2.358e-007  3.449e-006 -3.685e-006 -3.365e-006 -7.384e-005  7.720e-005
80  2.991e-001  6.657e-001  3.528e-002  3.219e-002  8.617e-001  1.061e-001 
80 1-1  2.296e-003
80 1-2 -2.195e-003  2.509e-003
80 1-3 -1.007e-004 -3.135e-004  4.142e-004
80 2-1 -5.277e-006  3.358e-006  1.920e-006  3.156e-005
80 2-2  5.247e-006 -7.628e-006  2.381e-006 -2.779e-005  1.179e-004
80 2-3  3.036e-008  4.270e-006 -4.300e-006 -3.771e-006 -9.009e-005  9.386e-005
81  2.887e-001  6.749e-001  3.643e-002  2.988e-002  8.491e-001  1.211e-001 
81 1-1  2.406e-003
81 1-2 -2.296e-003  2.669e-003
81 1-3 -1.092e-004 -3.726e-004  4.817e-004
81 2-1 -5.231e-006  3.227e-006  2.004e-006  2.988e-005
81 2-2  5.468e-006 -8.521e-006  3.053e-006 -2.556e-005  1.383e-004
81 2-3 -2.374e-007  5.294e-006 -5.057e-006 -4.317e-006 -1.127e-004  1.170e-004
82  2.785e-001  6.839e-001  3.760e-002  2.766e-002  8.346e-001  1.378e-001 
82 1-1  2.508e-003
82 1-2 -2.390e-003  2.830e-003
82 1-3 -1.181e-004 -4.405e-004  5.586e-004
82 2-1 -5.151e-006  3.069e-006  2.082e-006  2.807e-005
82 2-2  5.725e-006 -9.628e-006  3.903e-006 -2.301e-005  1.677e-004
82 2-3 -5.735e-007  6.559e-006 -5.985e-006 -5.062e-006 -1.446e-004  1.497e-004
83  2.686e-001  6.926e-001  3.878e-002  2.554e-002  8.181e-001  1.564e-001 
83 1-1  2.602e-003
83 1-2 -2.474e-003  2.992e-003
83 1-3 -1.274e-004 -5.182e-004  6.456e-004
83 2-1 -5.039e-006  2.885e-006  2.154e-006  2.616e-005
83 2-2  6.022e-006 -1.099e-005  4.966e-006 -2.009e-005  2.097e-004
83 2-3 -9.826e-007  8.103e-006 -7.120e-006 -6.077e-006 -1.896e-004  1.957e-004
84  2.589e-001  7.011e-001  3.998e-002  2.351e-002  7.995e-001  1.770e-001 
84 1-1  2.686e-003
84 1-2 -2.549e-003  3.156e-003
84 1-3 -1.371e-004 -6.067e-004  7.438e-004
84 2-1 -4.896e-006  2.677e-006  2.218e-006  2.418e-005
84 2-2  6.362e-006 -1.264e-005  6.279e-006 -1.674e-005  2.691e-004
84 2-3 -1.466e-006  9.964e-006 -8.498e-006 -7.439e-006 -2.523e-004  2.598e-004
85  2.494e-001  7.094e-001  4.120e-002  2.157e-002  7.788e-001  1.996e-001 
85 1-1  2.762e-003
85 1-2 -2.614e-003  3.321e-003
85 1-3 -1.472e-004 -7.070e-004  8.542e-004
85 2-1 -4.723e-006  2.448e-006  2.274e-006  2.215e-005
85 2-2  6.747e-006 -1.463e-005  7.881e-006 -1.292e-005  3.511e-004
85 2-3 -2.024e-006  1.218e-005 -1.016e-005 -9.224e-006 -3.382e-004  3.474e-004
86  2.401e-001  7.174e-001  4.243e-002  1.972e-002  7.559e-001  2.243e-001 
86 1-1  2.827e-003
86 1-2 -2.669e-003  3.489e-003
86 1-3 -1.578e-004 -8.201e-004  9.779e-004
86 2-1 -4.523e-006  2.202e-006  2.321e-006  2.010e-005
86 2-2  7.173e-006 -1.698e-005  9.806e-006 -8.610e-006  4.617e-004
86 2-3 -2.649e-006  1.478e-005 -1.213e-005 -1.149e-005 -4.531e-004  4.646e-004
87  2.311e-001  7.252e-001  4.368e-002  1.796e-002  7.309e-001  2.511e-001 
87 1-1  2.881e-003
87 1-2 -2.712e-003  3.659e-003
87 1-3 -1.688e-004 -9.472e-004  1.116e-003
87 2-1 -4.301e-006  1.942e-006  2.358e-006  1.808e-005
87 2-2  7.634e-006 -1.972e-005  1.208e-005 -3.797e-006  6.064e-004
87 2-3 -3.333e-006  1.778e-005 -1.444e-005 -1.428e-005 -6.026e-004  6.169e-004
88  2.223e-001  7.327e-001  4.495e-002  1.629e-002  7.037e-001  2.800e-001 
88 1-1  2.925e-003
88 1-2 -2.745e-003  3.834e-003
88 1-3 -1.802e-004 -1.089e-003  1.270e-003
88 2-1 -4.058e-006  1.673e-006  2.385e-006  1.611e-005
88 2-2  8.118e-006 -2.285e-005  1.474e-005  1.479e-006  7.899e-004
88 2-3 -4.060e-006  2.118e-005 -1.712e-005 -1.759e-005 -7.913e-004  8.089e-004
89  2.138e-001  7.400e-001  4.623e-002  1.471e-002  6.745e-001  3.108e-001 
89 1-1  2.958e-003
89 1-2 -2.766e-003  4.014e-003
89 1-3 -1.921e-004 -1.248e-003  1.440e-003
89 2-1 -3.800e-006  1.400e-006  2.400e-006  1.422e-005
89 2-2  8.611e-006 -2.638e-005  1.777e-005  7.130e-006  1.014e-003
89 2-3 -4.811e-006  2.498e-005 -2.017e-005 -2.135e-005 -1.022e-003  1.043e-003
90  2.055e-001  7.470e-001  4.753e-002  1.322e-002  6.435e-001  3.433e-001 
90 1-1  2.980e-003
90 1-2 -2.776e-003  4.200e-003
90 1-3 -2.044e-004 -1.424e-003  1.629e-003
90 2-1 -3.530e-006  1.128e-006  2.402e-006  1.242e-005
90 2-2  9.093e-006 -3.026e-005  2.117e-005  1.301e-005  1.279e-003
90 2-3 -5.563e-006  2.913e-005 -2.357e-005 -2.543e-005 -1.292e-003  1.318e-003