# BEFchr.txt
#IMaCh version 0.99r45, April 2023,INED-EUROREVES-Institut de longevite-Japan Society for the Promotion of Science (Grant-in-Aid for Scientific Research 25293121), Intel Software 2015-2020, Nihon University 2021-202, INED 2000-2022
#$Revision: 1.353 $ $Date: 2023/05/08 18:48:22 $
# Tue Feb 04 22:21:36 2025
#One-step probabilities and stand. devi in ()
# Age p1-1 (SE) p1-2 (SE) p1-3 (SE) p2-1 (SE) p2-2 (SE) p2-3 (SE)
50  6.551e-001 ( 3.762e-002)  3.346e-001 ( 3.724e-002)  1.026e-002 ( 6.459e-003)  1.833e-001 ( 2.203e-002)  8.155e-001 ( 2.201e-002)  1.235e-003 ( 5.287e-004) 
51  6.439e-001 ( 3.611e-002)  3.454e-001 ( 3.577e-002)  1.078e-002 ( 6.492e-003)  1.745e-001 ( 2.011e-002)  8.241e-001 ( 2.009e-002)  1.445e-003 ( 5.994e-004) 
52  6.324e-001 ( 3.459e-002)  3.563e-001 ( 3.428e-002)  1.133e-002 ( 6.516e-003)  1.660e-001 ( 1.832e-002)  8.323e-001 ( 1.830e-002)  1.690e-003 ( 6.786e-004) 
53  6.208e-001 ( 3.308e-002)  3.673e-001 ( 3.280e-002)  1.189e-002 ( 6.530e-003)  1.578e-001 ( 1.665e-002)  8.402e-001 ( 1.663e-002)  1.975e-003 ( 7.670e-004) 
54  6.090e-001 ( 3.159e-002)  3.785e-001 ( 3.135e-002)  1.248e-002 ( 6.536e-003)  1.500e-001 ( 1.511e-002)  8.477e-001 ( 1.510e-002)  2.308e-003 ( 8.656e-004) 
55  5.971e-001 ( 3.016e-002)  3.898e-001 ( 2.996e-002)  1.309e-002 ( 6.536e-003)  1.425e-001 ( 1.371e-002)  8.548e-001 ( 1.370e-002)  2.695e-003 ( 9.753e-004) 
56  5.851e-001 ( 2.882e-002)  4.011e-001 ( 2.865e-002)  1.372e-002 ( 6.532e-003)  1.353e-001 ( 1.243e-002)  8.616e-001 ( 1.244e-002)  3.145e-003 ( 1.097e-003) 
57  5.730e-001 ( 2.760e-002)  4.126e-001 ( 2.747e-002)  1.437e-002 ( 6.528e-003)  1.284e-001 ( 1.129e-002)  8.680e-001 ( 1.131e-002)  3.668e-003 ( 1.232e-003) 
58  5.608e-001 ( 2.655e-002)  4.241e-001 ( 2.644e-002)  1.504e-002 ( 6.526e-003)  1.217e-001 ( 1.027e-002)  8.740e-001 ( 1.032e-002)  4.277e-003 ( 1.380e-003) 
59  5.486e-001 ( 2.570e-002)  4.357e-001 ( 2.562e-002)  1.574e-002 ( 6.532e-003)  1.154e-001 ( 9.393e-003)  8.796e-001 ( 9.466e-003)  4.984e-003 ( 1.544e-003) 
60  5.362e-001 ( 2.508e-002)  4.473e-001 ( 2.503e-002)  1.646e-002 ( 6.552e-003)  1.094e-001 ( 8.641e-003)  8.848e-001 ( 8.752e-003)  5.805e-003 ( 1.723e-003) 
61  5.238e-001 ( 2.474e-002)  4.590e-001 ( 2.470e-002)  1.720e-002 ( 6.593e-003)  1.036e-001 ( 8.014e-003)  8.897e-001 ( 8.174e-003)  6.759e-003 ( 1.919e-003) 
62  5.114e-001 ( 2.468e-002)  4.706e-001 ( 2.466e-002)  1.796e-002 ( 6.664e-003)  9.804e-002 ( 7.506e-003)  8.941e-001 ( 7.728e-003)  7.865e-003 ( 2.132e-003) 
63  4.990e-001 ( 2.492e-002)  4.823e-001 ( 2.490e-002)  1.874e-002 ( 6.772e-003)  9.276e-002 ( 7.108e-003)  8.981e-001 ( 7.405e-003)  9.148e-003 ( 2.363e-003) 
64  4.865e-001 ( 2.544e-002)  4.939e-001 ( 2.543e-002)  1.955e-002 ( 6.928e-003)  8.772e-002 ( 6.808e-003)  9.016e-001 ( 7.194e-003)  1.063e-002 ( 2.612e-003) 
65  4.741e-001 ( 2.623e-002)  5.055e-001 ( 2.622e-002)  2.038e-002 ( 7.140e-003)  8.291e-002 ( 6.591e-003)  9.047e-001 ( 7.082e-003)  1.236e-002 ( 2.880e-003) 
66  4.617e-001 ( 2.724e-002)  5.170e-001 ( 2.724e-002)  2.122e-002 ( 7.418e-003)  7.832e-002 ( 6.443e-003)  9.073e-001 ( 7.053e-003)  1.435e-002 ( 3.166e-003) 
67  4.494e-001 ( 2.845e-002)  5.285e-001 ( 2.847e-002)  2.210e-002 ( 7.770e-003)  7.394e-002 ( 6.347e-003)  9.094e-001 ( 7.093e-003)  1.665e-002 ( 3.470e-003) 
68  4.371e-001 ( 2.982e-002)  5.399e-001 ( 2.986e-002)  2.299e-002 ( 8.202e-003)  6.976e-002 ( 6.289e-003)  9.109e-001 ( 7.186e-003)  1.931e-002 ( 3.791e-003) 
69  4.249e-001 ( 3.130e-002)  5.512e-001 ( 3.137e-002)  2.390e-002 ( 8.718e-003)  6.578e-002 ( 6.257e-003)  9.118e-001 ( 7.322e-003)  2.238e-002 ( 4.128e-003) 
70  4.127e-001 ( 3.286e-002)  5.624e-001 ( 3.299e-002)  2.484e-002 ( 9.322e-003)  6.198e-002 ( 6.238e-003)  9.121e-001 ( 7.489e-003)  2.592e-002 ( 4.481e-003) 
71  4.007e-001 ( 3.448e-002)  5.735e-001 ( 3.468e-002)  2.579e-002 ( 1.002e-002)  5.835e-002 ( 6.225e-003)  9.116e-001 ( 7.681e-003)  3.000e-002 ( 4.847e-003) 
72  3.888e-001 ( 3.612e-002)  5.844e-001 ( 3.641e-002)  2.677e-002 ( 1.080e-002)  5.489e-002 ( 6.210e-003)  9.104e-001 ( 7.891e-003)  3.469e-002 ( 5.226e-003) 
73  3.770e-001 ( 3.776e-002)  5.952e-001 ( 3.816e-002)  2.776e-002 ( 1.168e-002)  5.158e-002 ( 6.188e-003)  9.083e-001 ( 8.117e-003)  4.008e-002 ( 5.619e-003) 
74  3.654e-001 ( 3.939e-002)  6.058e-001 ( 3.993e-002)  2.878e-002 ( 1.265e-002)  4.842e-002 ( 6.154e-003)  9.053e-001 ( 8.359e-003)  4.625e-002 ( 6.029e-003) 
75  3.539e-001 ( 4.097e-002)  6.163e-001 ( 4.169e-002)  2.982e-002 ( 1.371e-002)  4.541e-002 ( 6.107e-003)  9.013e-001 ( 8.621e-003)  5.332e-002 ( 6.462e-003) 
76  3.426e-001 ( 4.251e-002)  6.266e-001 ( 4.343e-002)  3.087e-002 ( 1.486e-002)  4.253e-002 ( 6.045e-003)  8.961e-001 ( 8.912e-003)  6.138e-002 ( 6.930e-003) 
77  3.314e-001 ( 4.398e-002)  6.367e-001 ( 4.514e-002)  3.195e-002 ( 1.610e-002)  3.977e-002 ( 5.965e-003)  8.897e-001 ( 9.248e-003)  7.057e-002 ( 7.452e-003) 
78  3.204e-001 ( 4.538e-002)  6.465e-001 ( 4.683e-002)  3.304e-002 ( 1.743e-002)  3.713e-002 ( 5.867e-003)  8.819e-001 ( 9.657e-003)  8.099e-002 ( 8.058e-003) 
79  3.096e-001 ( 4.669e-002)  6.562e-001 ( 4.848e-002)  3.415e-002 ( 1.884e-002)  3.461e-002 ( 5.751e-003)  8.726e-001 ( 1.018e-002)  9.279e-002 ( 8.787e-003) 
80  2.991e-001 ( 4.792e-002)  6.657e-001 ( 5.009e-002)  3.528e-002 ( 2.035e-002)  3.219e-002 ( 5.618e-003)  8.617e-001 ( 1.086e-002)  1.061e-001 ( 9.688e-003) 
81  2.887e-001 ( 4.905e-002)  6.749e-001 ( 5.166e-002)  3.643e-002 ( 2.195e-002)  2.988e-002 ( 5.466e-003)  8.491e-001 ( 1.176e-002)  1.211e-001 ( 1.082e-002) 
82  2.785e-001 ( 5.008e-002)  6.839e-001 ( 5.320e-002)  3.760e-002 ( 2.363e-002)  2.766e-002 ( 5.299e-003)  8.346e-001 ( 1.295e-002)  1.378e-001 ( 1.224e-002) 
83  2.686e-001 ( 5.101e-002)  6.926e-001 ( 5.470e-002)  3.878e-002 ( 2.541e-002)  2.554e-002 ( 5.115e-003)  8.181e-001 ( 1.448e-002)  1.564e-001 ( 1.399e-002) 
84  2.589e-001 ( 5.183e-002)  7.011e-001 ( 5.618e-002)  3.998e-002 ( 2.727e-002)  2.351e-002 ( 4.917e-003)  7.995e-001 ( 1.640e-002)  1.770e-001 ( 1.612e-002) 
85  2.494e-001 ( 5.255e-002)  7.094e-001 ( 5.763e-002)  4.120e-002 ( 2.923e-002)  2.157e-002 ( 4.706e-003)  7.788e-001 ( 1.874e-002)  1.996e-001 ( 1.864e-002) 
86  2.401e-001 ( 5.317e-002)  7.174e-001 ( 5.907e-002)  4.243e-002 ( 3.127e-002)  1.972e-002 ( 4.484e-003)  7.559e-001 ( 2.149e-002)  2.243e-001 ( 2.155e-002) 
87  2.311e-001 ( 5.368e-002)  7.252e-001 ( 6.049e-002)  4.368e-002 ( 3.341e-002)  1.796e-002 ( 4.252e-003)  7.309e-001 ( 2.463e-002)  2.511e-001 ( 2.484e-002) 
88  2.223e-001 ( 5.408e-002)  7.327e-001 ( 6.192e-002)  4.495e-002 ( 3.563e-002)  1.629e-002 ( 4.014e-003)  7.037e-001 ( 2.810e-002)  2.800e-001 ( 2.844e-002) 
89  2.138e-001 ( 5.439e-002)  7.400e-001 ( 6.336e-002)  4.623e-002 ( 3.795e-002)  1.471e-002 ( 3.771e-003)  6.745e-001 ( 3.185e-002)  3.108e-001 ( 3.229e-002) 
90  2.055e-001 ( 5.459e-002)  7.470e-001 ( 6.481e-002)  4.753e-002 ( 4.036e-002)  1.322e-002 ( 3.525e-003)  6.435e-001 ( 3.577e-002)  3.433e-001 ( 3.630e-002) 