
#****** ******
# BEFchr.txt
#IMaCh version 0.99r45, April 2023,INED-EUROREVES-Institut de longevite-Japan Society for the Promotion of Science (Grant-in-Aid for Scientific Research 25293121), Intel Software 2015-2020, Nihon University 2021-202, INED 2000-2022
#$Revision: 1.353 $ $Date: 2023/05/08 18:48:22 $
# Tue Feb 04 22:21:36 2025
# Health expectancies with standard errors
# Age e11 (SE) e12 (SE) e1.  e21 (SE) e22 (SE) e2. 
 50    7.5413 (0.4473)   25.6950 (0.9266)   33.2363 (0.9088)    4.8618 (0.3619)   28.9277 (0.7827)   33.7895 (0.7414)
 51    7.1824 (0.4185)   25.1282 (0.8917)   32.3106 (0.8787)    4.5214 (0.3369)   28.3384 (0.7603)   32.8598 (0.7296)
 52    6.8396 (0.3926)   24.5473 (0.8597)   31.3869 (0.8507)    4.1998 (0.3149)   27.7299 (0.7409)   31.9296 (0.7193)
 53    6.5123 (0.3695)   23.9532 (0.8302)   30.4655 (0.8246)    3.8961 (0.2958)   27.1031 (0.7243)   30.9992 (0.7101)
 54    6.2003 (0.3490)   23.3466 (0.8032)   29.5469 (0.8003)    3.6099 (0.2791)   26.4589 (0.7098)   30.0687 (0.7017)
 55    5.9031 (0.3310)   22.7285 (0.7785)   28.6316 (0.7776)    3.3404 (0.2645)   25.7984 (0.6970)   29.1387 (0.6938)
 56    5.6203 (0.3153)   22.0999 (0.7558)   27.7201 (0.7565)    3.0870 (0.2516)   25.1226 (0.6855)   28.2096 (0.6863)
 57    5.3513 (0.3016)   21.4616 (0.7350)   26.8130 (0.7369)    2.8491 (0.2401)   24.4327 (0.6749)   27.2817 (0.6788)
 58    5.0959 (0.2897)   20.8150 (0.7159)   25.9108 (0.7185)    2.6259 (0.2297)   23.7299 (0.6649)   26.3558 (0.6713)
 59    4.8534 (0.2795)   20.1610 (0.6982)   25.0144 (0.7014)    2.4168 (0.2200)   23.0155 (0.6552)   25.4323 (0.6636)
 60    4.6235 (0.2707)   19.5009 (0.6818)   24.1244 (0.6853)    2.2212 (0.2109)   22.2909 (0.6455)   24.5121 (0.6556)
 61    4.4056 (0.2632)   18.8360 (0.6666)   23.2416 (0.6701)    2.0384 (0.2022)   21.5575 (0.6358)   23.5958 (0.6473)
 62    4.1994 (0.2566)   18.1676 (0.6524)   22.3670 (0.6559)    1.8677 (0.1938)   20.8166 (0.6260)   22.6843 (0.6385)
 63    4.0043 (0.2509)   17.4971 (0.6390)   21.5014 (0.6425)    1.7086 (0.1854)   20.0699 (0.6159)   21.7785 (0.6292)
 64    3.8200 (0.2459)   16.8259 (0.6264)   20.6458 (0.6298)    1.5604 (0.1772)   19.3189 (0.6056)   20.8793 (0.6196)
 65    3.6459 (0.2415)   16.1554 (0.6146)   19.8013 (0.6179)    1.4226 (0.1690)   18.5651 (0.5950)   19.9877 (0.6095)
 66    3.4817 (0.2375)   15.4873 (0.6034)   18.9690 (0.6067)    1.2946 (0.1608)   17.8104 (0.5842)   19.1050 (0.5991)
 67    3.3269 (0.2338)   14.8230 (0.5927)   18.1499 (0.5962)    1.1759 (0.1526)   17.0563 (0.5733)   18.2322 (0.5885)
 68    3.1811 (0.2305)   14.1642 (0.5827)   17.3453 (0.5864)    1.0659 (0.1445)   16.3046 (0.5623)   17.3705 (0.5777)
 69    3.0440 (0.2273)   13.5124 (0.5732)   16.5564 (0.5772)    0.9642 (0.1363)   15.5571 (0.5514)   16.5213 (0.5669)
 70    2.9150 (0.2244)   12.8693 (0.5642)   15.7843 (0.5687)    0.8703 (0.1283)   14.8156 (0.5407)   15.6859 (0.5562)
 71    2.7939 (0.2215)   12.2364 (0.5558)   15.0303 (0.5609)    0.7838 (0.1203)   14.0819 (0.5302)   14.8656 (0.5457)
 72    2.6803 (0.2188)   11.6154 (0.5478)   14.2956 (0.5537)    0.7041 (0.1124)   13.3578 (0.5202)   14.0619 (0.5356)
 73    2.5738 (0.2161)   11.0078 (0.5403)   13.5815 (0.5471)    0.6310 (0.1048)   12.6451 (0.5108)   13.2761 (0.5260)
 74    2.4740 (0.2135)   10.4152 (0.5331)   12.8892 (0.5410)    0.5640 (0.0973)   11.9458 (0.5019)   12.5098 (0.5169)
 75    2.3806 (0.2109)    9.8391 (0.5262)   12.2197 (0.5353)    0.5027 (0.0900)   11.2615 (0.4938)   11.7642 (0.5085)
 76    2.2933 (0.2083)    9.2808 (0.5195)   11.5741 (0.5298)    0.4468 (0.0830)   10.5941 (0.4863)   11.0409 (0.5008)
 77    2.2117 (0.2057)    8.7417 (0.5129)   10.9534 (0.5246)    0.3959 (0.0762)    9.9452 (0.4795)   10.3411 (0.4936)
 78    2.1356 (0.2031)    8.2230 (0.5063)   10.3586 (0.5193)    0.3498 (0.0698)    9.3164 (0.4733)    9.6662 (0.4871)
 79    2.0646 (0.2005)    7.7258 (0.4994)    9.7904 (0.5138)    0.3080 (0.0637)    8.7092 (0.4676)    9.0172 (0.4809)
 80    1.9984 (0.1979)    7.2510 (0.4921)    9.2494 (0.5080)    0.2704 (0.0579)    8.1250 (0.4621)    8.3954 (0.4750)
 81    1.9367 (0.1952)    6.7994 (0.4844)    8.7361 (0.5017)    0.2365 (0.0524)    7.5651 (0.4567)    7.8016 (0.4691)
 82    1.8793 (0.1925)    6.3716 (0.4760)    8.2509 (0.4947)    0.2062 (0.0473)    7.0305 (0.4511)    7.2367 (0.4631)
 83    1.8259 (0.1898)    5.9680 (0.4669)    7.7939 (0.4870)    0.1792 (0.0425)    6.5221 (0.4452)    6.7013 (0.4566)
 84    1.7762 (0.1870)    5.5888 (0.4570)    7.3650 (0.4784)    0.1551 (0.0381)    6.0407 (0.4386)    6.1958 (0.4495)
 85    1.7299 (0.1842)    5.2341 (0.4463)    6.9640 (0.4689)    0.1338 (0.0340)    5.5867 (0.4311)    5.7205 (0.4415)
 86    1.6869 (0.1813)    4.9038 (0.4346)    6.5907 (0.4586)    0.1150 (0.0303)    5.1604 (0.4226)    5.2754 (0.4324)
 87    1.6468 (0.1783)    4.5974 (0.4222)    6.2443 (0.4474)    0.0984 (0.0269)    4.7619 (0.4130)    4.8604 (0.4222)
 88    1.6096 (0.1753)    4.3145 (0.4091)    5.9241 (0.4354)    0.0840 (0.0238)    4.3910 (0.4021)    4.4750 (0.4107)
 89    1.5749 (0.1722)    4.0544 (0.3953)    5.6293 (0.4228)    0.0714 (0.0209)    4.0474 (0.3900)    4.1188 (0.3980)
 90    1.5425 (0.1691)    3.8162 (0.3812)    5.3587 (0.4097)    0.0605 (0.0184)    3.7304 (0.3766)    3.7908 (0.3840)
