
# model  
#****** Result for:******
# BEFchr.txt
#IMaCh version 0.99r45, April 2023,INED-EUROREVES-Institut de longevite-Japan Society for the Promotion of Science (Grant-in-Aid for Scientific Research 25293121), Intel Software 2015-2020, Nihon University 2021-202, INED 2000-2022
#$Revision: 1.353 $ $Date: 2023/05/08 18:48:22 $
# Tue Feb 04 22:21:36 2025
# Total life expectancy with std error and decomposition into time to be expected in each health state
#  (weighted average of eij where weights are the age specific forward period (stable) prevalences in each health state 
# Age popbased mobilav e.. (std) e.1 (std) e.2 (std) 
   50 0 0  33.560 (  0.797)   6.000 (  0.511)  27.560 (  0.913)
   51 0 0  32.643 (  0.775)   5.600 (  0.471)  27.043 (  0.872)
   52 0 0  31.727 (  0.755)   5.219 (  0.435)  26.508 (  0.835)
   53 0 0  30.810 (  0.737)   4.856 (  0.402)  25.954 (  0.802)
   54 0 0  29.890 (  0.721)   4.511 (  0.372)  25.379 (  0.774)
   55 0 0  28.975 (  0.708)   4.185 (  0.345)  24.790 (  0.749)
   56 0 0  28.060 (  0.695)   3.876 (  0.322)  24.184 (  0.726)
   57 0 0  27.147 (  0.684)   3.585 (  0.302)  23.562 (  0.707)
   58 0 0  26.235 (  0.673)   3.311 (  0.284)  22.925 (  0.690)
   59 0 0  25.326 (  0.663)   3.053 (  0.269)  22.273 (  0.674)
   60 0 0  24.420 (  0.653)   2.811 (  0.255)  21.609 (  0.660)
   61 0 0  23.517 (  0.644)   2.584 (  0.243)  20.933 (  0.647)
   62 0 0  22.618 (  0.634)   2.371 (  0.232)  20.247 (  0.635)
   63 0 0  21.725 (  0.624)   2.173 (  0.223)  19.552 (  0.623)
   64 0 0  20.837 (  0.614)   1.988 (  0.213)  18.849 (  0.611)
   65 0 0  19.957 (  0.604)   1.816 (  0.205)  18.141 (  0.600)
   66 0 0  19.084 (  0.594)   1.656 (  0.196)  17.428 (  0.588)
   67 0 0  18.221 (  0.583)   1.508 (  0.188)  16.713 (  0.577)
   68 0 0  17.368 (  0.573)   1.370 (  0.180)  15.998 (  0.565)
   69 0 0  16.527 (  0.562)   1.243 (  0.172)  15.284 (  0.554)
   70 0 0  15.699 (  0.552)   1.126 (  0.163)  14.573 (  0.543)
   71 0 0  14.886 (  0.542)   1.018 (  0.155)  13.867 (  0.532)
   72 0 0  14.088 (  0.532)   0.919 (  0.147)  13.169 (  0.522)
   73 0 0  13.308 (  0.523)   0.828 (  0.139)  12.480 (  0.512)
   74 0 0  12.546 (  0.514)   0.744 (  0.131)  11.802 (  0.503)
   75 0 0  11.805 (  0.506)   0.668 (  0.123)  11.137 (  0.495)
   76 0 0  11.085 (  0.499)   0.598 (  0.116)  10.487 (  0.487)
   77 0 0  10.388 (  0.492)   0.535 (  0.108)   9.853 (  0.480)
   78 0 0   9.716 (  0.485)   0.477 (  0.101)   9.239 (  0.474)
   79 0 0   9.069 (  0.479)   0.425 (  0.094)   8.644 (  0.468)
   80 0 0   8.449 (  0.473)   0.378 (  0.087)   8.071 (  0.462)
   81 0 0   7.856 (  0.468)   0.335 (  0.081)   7.521 (  0.456)
   82 0 0   7.292 (  0.462)   0.297 (  0.075)   6.995 (  0.450)
   83 0 0   6.757 (  0.455)   0.263 (  0.069)   6.494 (  0.444)
   84 0 0   6.252 (  0.448)   0.232 (  0.064)   6.019 (  0.438)
   85 0 0   5.776 (  0.440)   0.205 (  0.059)   5.571 (  0.430)
   86 0 0   5.331 (  0.431)   0.181 (  0.054)   5.150 (  0.421)
   87 0 0   4.915 (  0.420)   0.159 (  0.050)   4.756 (  0.412)
   88 0 0   4.529 (  0.409)   0.140 (  0.046)   4.388 (  0.401)
   89 0 0   4.171 (  0.396)   0.124 (  0.043)   4.048 (  0.389)
   90 0 0   3.842 (  0.382)   0.109 (  0.039)   3.733 (  0.375)
