
#****** ******
# BEFchr.txt
#IMaCh version 0.99r45, April 2023,INED-EUROREVES-Institut de longevite-Japan Society for the Promotion of Science (Grant-in-Aid for Scientific Research 25293121), Intel Software 2015-2020, Nihon University 2021-202, INED 2000-2022
#$Revision: 1.353 $ $Date: 2023/05/08 18:48:22 $
# Tue Feb 04 22:21:36 2025
# Variance and covariance of health expectancies e.j 
#  (weighted average of eij where weights are the age specific period (stable) prevalences in each health state 
# Age Cov(e.1, e.1) Cov(e.1, e.2) Cov(e.2, e.1) Cov(e.2, e.2)
50  0.2615 -0.2298 -0.2298 0.8337
51  0.2221 -0.1912 -0.1912 0.7602
52  0.1890 -0.1584 -0.1584 0.6974
53  0.1613 -0.1309 -0.1309 0.6439
54  0.1382 -0.1082 -0.1082 0.5987
55  0.1193 -0.0894 -0.0894 0.5603
56  0.1038 -0.0741 -0.0741 0.5277
57  0.0911 -0.0617 -0.0617 0.4998
58  0.0807 -0.0517 -0.0517 0.4758
59  0.0722 -0.0437 -0.0437 0.4548
60  0.0651 -0.0372 -0.0372 0.4360
61  0.0592 -0.0320 -0.0320 0.4189
62  0.0540 -0.0277 -0.0277 0.4031
63  0.0496 -0.0241 -0.0241 0.3881
64  0.0456 -0.0211 -0.0211 0.3737
65  0.0419 -0.0184 -0.0184 0.3597
66  0.0385 -0.0161 -0.0161 0.3460
67  0.0353 -0.0139 -0.0139 0.3327
68  0.0323 -0.0120 -0.0120 0.3197
69  0.0294 -0.0102 -0.0102 0.3071
70  0.0267 -0.0085 -0.0085 0.2950
71  0.0241 -0.0070 -0.0070 0.2835
72  0.0216 -0.0056 -0.0056 0.2727
73  0.0193 -0.0043 -0.0043 0.2626
74  0.0172 -0.0031 -0.0031 0.2533
75  0.0152 -0.0020 -0.0020 0.2449
76  0.0134 -0.0010 -0.0010 0.2373
77  0.0117 -0.0002 -0.0002 0.2305
78  0.0102 0.0005 0.0005 0.2243
79  0.0088 0.0011 0.0011 0.2186
80  0.0076 0.0016 0.0016 0.2133
81  0.0066 0.0020 0.0020 0.2081
82  0.0056 0.0023 0.0023 0.2029
83  0.0048 0.0024 0.0024 0.1974
84  0.0041 0.0025 0.0025 0.1915
85  0.0035 0.0025 0.0025 0.1849
86  0.0030 0.0025 0.0025 0.1776
87  0.0025 0.0023 0.0023 0.1695
88  0.0021 0.0022 0.0022 0.1607
89  0.0018 0.0019 0.0019 0.1511
90  0.0016 0.0017 0.0017 0.1409
