
#****** ******
# BEFchr.txt
#IMaCh version 0.99r45, April 2023,INED-EUROREVES-Institut de longevite-Japan Society for the Promotion of Science (Grant-in-Aid for Scientific Research 25293121), Intel Software 2015-2020, Nihon University 2021-202, INED 2000-2022
#$Revision: 1.353 $ $Date: 2023/05/08 18:48:22 $
# Tue Feb 04 22:21:36 2025
# Standard deviation of period (forward stable) prevalences 
# Age  Result#  1-1 2-2
50 1  0.42456 (0.04993) 0.57561 (0.04990)
51 1  0.40498 (0.04698) 0.59520 (0.04695)
52 1  0.38561 (0.04399) 0.61459 (0.04395)
53 1  0.36652 (0.04097) 0.63370 (0.04093)
54 1  0.34772 (0.03797) 0.65237 (0.03796)
55 1  0.32936 (0.03502) 0.67074 (0.03500)
56 1  0.31145 (0.03215) 0.68865 (0.03213)
57 1  0.29404 (0.02939) 0.70607 (0.02937)
58 1  0.27718 (0.02677) 0.72293 (0.02675)
59 1  0.26091 (0.02432) 0.73920 (0.02430)
60 1  0.24525 (0.02206) 0.75486 (0.02204)
61 1  0.23024 (0.02001) 0.76987 (0.01999)
62 1  0.21588 (0.01818) 0.78422 (0.01816)
63 1  0.20220 (0.01659) 0.79790 (0.01657)
64 1  0.18920 (0.01523) 0.81090 (0.01522)
65 1  0.17688 (0.01411) 0.82321 (0.01409)
66 1  0.16523 (0.01320) 0.83485 (0.01319)
67 1  0.15425 (0.01250) 0.84583 (0.01249)
68 1  0.14392 (0.01196) 0.85615 (0.01195)
69 1  0.13421 (0.01156) 0.86585 (0.01155)
70 1  0.12512 (0.01127) 0.87493 (0.01126)
71 1  0.11662 (0.01105) 0.88343 (0.01104)
72 1  0.10868 (0.01089) 0.89136 (0.01088)
73 1  0.10127 (0.01075) 0.89876 (0.01075)
74 1  0.09438 (0.01064) 0.90565 (0.01063)
75 1  0.08798 (0.01053) 0.91207 (0.01052)
76 1  0.08202 (0.01042) 0.91803 (0.01041)
77 1  0.07648 (0.01030) 0.92355 (0.01029)
78 1  0.07134 (0.01017) 0.92868 (0.01016)
79 1  0.06658 (0.01003) 0.93344 (0.01002)
80 1  0.06217 (0.00988) 0.93785 (0.00987)
81 1  0.05809 (0.00972) 0.94193 (0.00971)
82 1  0.05432 (0.00956) 0.94570 (0.00955)
83 1  0.05083 (0.00939) 0.94920 (0.00938)
84 1  0.04760 (0.00921) 0.95242 (0.00920)
85 1  0.04461 (0.00903) 0.95541 (0.00903)
86 1  0.04185 (0.00886) 0.95816 (0.00885)
87 1  0.03931 (0.00869) 0.96070 (0.00868)
88 1  0.03696 (0.00852) 0.96305 (0.00851)
89 1  0.03480 (0.00835) 0.96521 (0.00835)
90 1  0.03282 (0.00820) 0.96720 (0.00819)
