# Powell
# iter -2*LL p12 p13 p21 p23
1 1 7367.423267838898 0 0.000000000000 0.000000000000 0.000000000000 0.000000000000 0.000000000000 0.000000000000 0.000000000000 0.000000000000
2 2 2500.893948538985 1 5.514768165408 -0.003305290042 -0.665402374997 0.003472743909 2.977564593343 -0.001008010599 -1.295818103252 0.002952585572
3 2 2335.081252005154 2 3.624515381111 -0.004628748224 -1.554512798592 0.006549775009 2.536563238404 -0.002270278372 -2.202743139265 0.006220513698
4 3 2273.586081604286 2 2.509554847705 -0.008523842484 -3.380504568288 0.015830762169 1.744500045562 -0.006674432781 -3.925979643381 0.015896174085
5 3 2227.120367300905 4 -0.915308825839 -0.023139979416 -9.518582618139 0.049889324595 -0.485851257284 -0.024227543737 -9.621064713260 0.049975774977
6 4 2054.481182998203 4 -1.214360067065 -0.023368672228 -8.034686391471 0.054735803060 -0.908573733621 -0.025663577655 -10.138562239263 0.076327895135
7 4 2036.417059539454 5 -1.225108642248 -0.022643973716 -8.731584103644 0.057433170765 -0.938091445966 -0.026247684807 -10.240440733593 0.082320044119
8 5 2028.177315003212 6 -1.444633961490 -0.018287797259 -10.377732542510 0.070012382002 -0.753427690603 -0.028681938254 -10.547124322247 0.088907816986
9 5 2015.545534284069 7 -1.972571969761 -0.008727569063 -13.486484659426 0.109165801110 -0.325530104060 -0.033765712902 -11.186981667279 0.098459689521
10 6 2004.738674869547 8 -2.883071036754 0.003914611267 -17.543370671899 0.159026236777 0.125710546613 -0.040668124451 -12.162991056024 0.110282336248
11 6 1996.319909376294 8 -3.270868927018 0.008078603147 -18.593275759190 0.180565260643 0.206683834978 -0.042675239724 -12.551002542561 0.112190002754
12 7 1994.755905485839 9 -3.225628319954 0.008906334316 -18.698035038464 0.183439243851 0.233379136711 -0.042572476253 -12.584538235697 0.112185914430
13 7 1994.131943342052 10 -3.109308706203 0.007293480674 -17.908080057804 0.176109527837 0.105150427578 -0.040481302656 -12.440303502840 0.110422610307
14 8 1993.899898749416 11 -3.105945207820 0.007055347345 -17.767774767413 0.174307857417 0.057381512918 -0.039866481336 -12.431189954410 0.110256065794
15 8 1989.960659757584 11 -3.612013621393 0.013379042885 -16.785456370135 0.162199297299 -1.101453462187 -0.023482365152 -13.109816752346 0.117504535949
16 9 1988.815459066432 12 -3.816269859243 0.016873064448 -17.158650024830 0.167525198124 -1.257318046977 -0.020987583885 -13.405557232118 0.121618101656
17 9 1988.477521990336 13 -3.954284673092 0.019189295582 -17.511783020714 0.171898908611 -1.317238543306 -0.020033704209 -13.594546289750 0.124003771692
18 10 1988.378960510760 14 -4.026102678136 0.020421754563 -17.660699073064 0.173781508729 -1.354690415578 -0.019426400668 -13.687979957516 0.125178274136
19 10 1988.303780209592 14 -4.139800058345 0.022351164529 -17.846706248066 0.176145405892 -1.410216727726 -0.018524057608 -13.815664411099 0.126787982819
20 11 1988.214736724713 15 -4.254701817259 0.024077852789 -17.964597605734 0.177566982989 -1.456883735782 -0.017846600909 -13.906705173875 0.127959939025
21 11 1988.090985902689 16 -4.385535837030 0.026185241044 -17.960374873712 0.177525568590 -1.512184045834 -0.016972262673 -13.973479104193 0.128798069582
22 12 1987.474467199580 16 -4.740211325958 0.031761907971 -17.372248360552 0.170286767417 -1.602254678192 -0.015501620460 -13.917175303698 0.128139275705
23 12 1986.486548228087 17 -4.858123786676 0.033249676378 -16.006432700073 0.153329488793 -1.480716461982 -0.017313077018 -13.388160725036 0.121666964753
24 13 1986.374460818617 18 -4.782481045604 0.031993041487 -15.909108022677 0.152019581999 -1.422057253423 -0.018201975332 -13.292968882737 0.120506764981
25 13 1986.297549223239 19 -4.718141821197 0.030728024002 -15.851138439639 0.151058267663 -1.341648741458 -0.019520012888 -13.181096188944 0.119185532121
26 14 1986.292567863143 19 -4.727752088318 0.030849071130 -15.860046474032 0.151169299710 -1.355379941380 -0.019330258167 -13.192679976019 0.119321375126
27 14 1986.087358199075 20 -5.008665713301 0.034750249439 -15.942923009657 0.152035804119 -1.532323404990 -0.016861614436 -13.075934843605 0.117948270845
28 15 1985.812211487160 21 -5.000725391967 0.034670771763 -16.168733634622 0.154826383247 -1.541302799860 -0.016769496610 -12.930773358443 0.116207819029
29 15 1984.216913878388 21 -4.914312412050 0.033791681605 -18.687288052277 0.185945866127 -1.657114323811 -0.014937082134 -11.250496440240 0.095983519795
30 16 1984.109107098357 22 -4.890060510786 0.033491721343 -19.492217446415 0.195679802890 -1.688202750398 -0.014420162905 -11.273946411034 0.096094581133
31 16 1984.105000280238 23 -4.902901795516 0.033686302044 -19.623603761020 0.197212851560 -1.695266531158 -0.014305515527 -11.263033936964 0.095933910271
32 17 1984.104621905957 23 -4.906558230060 0.033740704846 -19.665430034991 0.197704524378 -1.697801603630 -0.014266595481 -11.260568790227 0.095898285757
33 17 1984.104575080677 24 -4.908024533738 0.033762286740 -19.679625539544 0.197871357136 -1.698814577824 -0.014251371419 -11.259743392937 0.095886803926
34 18 1984.104568482116 25 -4.908613889751 0.033770926648 -19.684826657327 0.197932468030 -1.699213607082 -0.014245421215 -11.259439180613 0.095882664529
35 18 1984.104567496771 26 -4.908848656710 0.033774360028 -19.686811084273 0.197955776040 -1.699370185934 -0.014243094337 -11.259323080930 0.095881101776
36 19 1984.104567346425 27 -4.908941127705 0.033775712191 -19.687584262334 0.197964858161 -1.699432608611 -0.014242168817 -11.259276263397 0.095880475843
37 19 1984.104567323185 27 -4.908977853203 0.033776248333 -19.687886547380 0.197968407174 -1.699457151453 -0.014241805559 -11.259258362939 0.095880236168
38 20 1984.104567319628 28 -4.908991755746 0.033776451455 -19.688004583330 0.197969792700 -1.699466321428 -0.014241669531 -11.259252415173 0.095880155115
39 20 1984.104567319073 28 -4.908997884037 0.033776540712 -19.688050432846 0.197970333244 -1.699470230136 -0.014241611212 -11.259248949172 0.095880109600
40 21 1984.104567318981 29 -4.909000293421 0.033776575569 -19.688070014816 0.197970563853 -1.699472064046 -0.014241584387 -11.259247645610 0.095880092353
41 21 1984.104567318972 30 -4.909001061199 0.033776585993 -19.688074197907 0.197970610177 -1.699471468030 -0.014241594117 -11.259248535081 0.095880102384
