# DKFadl.txt
#IMaCh version 0.99r45, April 2023,INED-EUROREVES-Institut de longevite-Japan Society for the Promotion of Science (Grant-in-Aid for Scientific Research 25293121), Intel Software 2015-2020, Nihon University 2021-202, INED 2000-2022
#$Revision: 1.353 $ $Date: 2023/05/08 18:48:22 $
# Tue Feb 04 22:03:38 2025

#****** ******
# (a) Life expectancies by health status at initial age and (b) health expectancies by health status at initial age
# Age e11  e12  e1.  e21  e22  e2. 
 50  29.2983   2.5177  31.8160  24.2489   4.4685  28.7174
 51  28.4066   2.4861  30.8927  23.2755   4.4532  27.7287
 52  27.5220   2.4533  29.9753  22.3135   4.4360  26.7495
 53  26.6449   2.4192  29.0641  21.3640   4.4168  25.7808
 54  25.7755   2.3839  28.1595  20.4278   4.3956  24.8234
 55  24.9144   2.3474  27.2618  19.5059   4.3725  23.8783
 56  24.0620   2.3096  26.3716  18.5992   4.3472  22.9465
 57  23.2186   2.2706  25.4892  17.7089   4.3200  22.0289
 58  22.3849   2.2303  24.6151  16.8358   4.2906  21.1264
 59  21.5611   2.1887  23.7498  15.9808   4.2593  20.2401
 60  20.7478   2.1459  22.8938  15.1450   4.2258  19.3709
 61  19.9455   2.1019  22.0474  14.3293   4.1904  18.5197
 62  19.1547   2.0567  21.2114  13.5346   4.1529  17.6875
 63  18.3758   2.0103  20.3861  12.7617   4.1135  16.8752
 64  17.6093   1.9628  19.5721  12.0114   4.0722  16.0836
 65  16.8558   1.9141  18.7699  11.2845   4.0290  15.3136
 66  16.1157   1.8644  17.9802  10.5817   3.9841  14.5658
 67  15.3897   1.8137  17.2034   9.9036   3.9375  13.8411
 68  14.6780   1.7621  16.4401   9.2507   3.8893  13.1400
 69  13.9814   1.7096  15.6910   8.6235   3.8396  12.4631
 70  13.3002   1.6563  14.9565   8.0224   3.7885  11.8109
 71  12.6350   1.6023  14.2373   7.4476   3.7361  11.1837
 72  11.9862   1.5477  13.5339   6.8993   3.6825  10.5818
 73  11.3543   1.4926  12.8469   6.3777   3.6279  10.0056
 74  10.7398   1.4371  12.1769   5.8827   3.5722   9.4549
 75  10.1431   1.3813  11.5244   5.4141   3.5158   8.9299
 76   9.5646   1.3253  10.8899   4.9718   3.4587   8.4304
 77   9.0047   1.2693  10.2740   4.5554   3.4009   7.9563
 78   8.4637   1.2134   9.6771   4.1645   3.3427   7.5072
 79   7.9420   1.1577   9.0997   3.7986   3.2841   7.0828
 80   7.4399   1.1024   8.5423   3.4572   3.2253   6.6825
 81   6.9576   1.0475   8.0051   3.1394   3.1663   6.3057
 82   6.4953   0.9934   7.4887   2.8446   3.1073   5.9519
 83   6.0532   0.9400   6.9931   2.5719   3.0483   5.6202
 84   5.6312   0.8875   6.5188   2.3204   2.9895   5.3099
 85   5.2296   0.8362   6.0657   2.0893   2.9308   5.0201
 86   4.8482   0.7860   5.6342   1.8774   2.8725   4.7499
 87   4.4869   0.7371   5.2240   1.6839   2.8144   4.4984
 88   4.1456   0.6897   4.8353   1.5076   2.7568   4.2645
 89   3.8240   0.6439   4.4679   1.3476   2.6996   4.0472
 90   3.5218   0.5997   4.1215   1.2027   2.6429   3.8456
