# DKFadl.txt
#IMaCh version 0.99r45, April 2023,INED-EUROREVES-Institut de longevite-Japan Society for the Promotion of Science (Grant-in-Aid for Scientific Research 25293121), Intel Software 2015-2020, Nihon University 2021-202, INED 2000-2022
#$Revision: 1.353 $ $Date: 2023/05/08 18:48:22 $
# Tue Feb 04 22:03:38 2025
# Forward period (stable) prevalence. Precision given by ftolpl=0.0006 
#Age 1-1 2-2 
#************
#Age   1-1     2-2   Total Years_to_converge
50  0.96709 0.03292 1.000 21
51  0.96551 0.03451 1.000 21
52  0.96386 0.03616 1.000 21
53  0.96214 0.03788 1.000 21
54  0.96035 0.03967 1.000 21
55  0.95848 0.04154 1.000 22
56  0.95654 0.04348 1.000 22
57  0.95452 0.04551 1.000 22
58  0.95241 0.04761 1.000 22
59  0.95023 0.04980 1.000 22
60  0.94796 0.05207 1.000 22
61  0.94561 0.05442 1.000 23
62  0.94316 0.05687 1.000 23
63  0.94063 0.05940 1.000 23
64  0.93800 0.06204 1.000 23
65  0.93527 0.06477 1.000 23
66  0.93244 0.06759 1.000 24
67  0.92951 0.07052 1.000 24
68  0.92648 0.07356 1.000 24
69  0.92334 0.07670 1.000 24
70  0.92008 0.07996 1.000 24
71  0.91670 0.08334 1.000 24
72  0.91320 0.08685 1.000 24
73  0.90957 0.09048 1.000 25
74  0.90580 0.09425 1.000 25
75  0.90188 0.09818 1.000 25
76  0.89780 0.10225 1.000 25
77  0.89354 0.10651 1.000 25
78  0.88910 0.11096 1.000 25
79  0.88445 0.11562 1.000 25
80  0.87956 0.12049 1.000 26
81  0.87442 0.12564 1.000 26
82  0.86899 0.13108 1.000 26
83  0.86323 0.13685 1.000 26
84  0.85709 0.14298 1.000 26
85  0.85051 0.14956 1.000 26
86  0.84343 0.15665 1.000 26
87  0.83577 0.16433 1.000 26
88  0.82741 0.17268 1.000 27
89  0.81824 0.18186 1.000 27
90  0.80810 0.19201 1.000 27
