# DKFadl.txt
#IMaCh version 0.99r45, April 2023,INED-EUROREVES-Institut de longevite-Japan Society for the Promotion of Science (Grant-in-Aid for Scientific Research 25293121), Intel Software 2015-2020, Nihon University 2021-202, INED 2000-2022
#$Revision: 1.353 $ $Date: 2023/05/08 18:48:22 $
# Tue Feb 04 22:03:38 2025
# probabilities of dying before estepm=6 months for people of exact age and weighted probabilities w1*p1j+w2*p2j+... stand dev in()
# Selected quantitative variables and dummies
# Age cov=1 p.3 SE w1 p13 w2 p23
 50 1   1.084e-003  4.520e-004  9.671e-001  4.401e-004   3.292e-002  1.999e-002 
 51 1   1.206e-003  4.791e-004  9.655e-001  5.020e-004   3.451e-002  2.089e-002 
 52 1   1.342e-003  5.075e-004  9.639e-001  5.727e-004   3.616e-002  2.183e-002 
 53 1   1.493e-003  5.371e-004  9.621e-001  6.534e-004   3.788e-002  2.281e-002 
 54 1   1.661e-003  5.683e-004  9.603e-001  7.454e-004   3.967e-002  2.383e-002 
 55 1   1.849e-003  6.009e-004  9.585e-001  8.503e-004   4.154e-002  2.489e-002 
 56 1   2.058e-003  6.353e-004  9.565e-001  9.699e-004   4.348e-002  2.600e-002 
 57 1   2.292e-003  6.714e-004  9.545e-001  1.106e-003   4.551e-002  2.715e-002 
 58 1   2.551e-003  7.093e-004  9.524e-001  1.262e-003   4.761e-002  2.835e-002 
 59 1   2.842e-003  7.494e-004  9.502e-001  1.439e-003   4.980e-002  2.960e-002 
 60 1   3.165e-003  7.917e-004  9.480e-001  1.642e-003   5.207e-002  3.089e-002 
 61 1   3.526e-003  8.364e-004  9.456e-001  1.873e-003   5.442e-002  3.225e-002 
 62 1   3.928e-003  8.837e-004  9.432e-001  2.136e-003   5.687e-002  3.366e-002 
 63 1   4.377e-003  9.276e-004  9.406e-001  2.435e-003   5.940e-002  3.512e-002 
 64 1   4.878e-003  9.871e-004  9.380e-001  2.777e-003   6.204e-002  3.664e-002 
 65 1   5.438e-003  1.044e-003  9.353e-001  3.167e-003   6.477e-002  3.823e-002 
 66 1   6.062e-003  1.104e-003  9.324e-001  3.611e-003   6.759e-002  3.988e-002 
 67 1   6.760e-003  1.169e-003  9.295e-001  4.116e-003   7.052e-002  4.159e-002 
 68 1   7.538e-003  1.238e-003  9.265e-001  4.693e-003   7.356e-002  4.338e-002 
 69 1   8.408e-003  1.312e-003  9.233e-001  5.349e-003   7.670e-002  4.523e-002 
 70 1   9.380e-003  1.392e-003  9.201e-001  6.097e-003   7.996e-002  4.715e-002 
 71 1   1.047e-002  1.479e-003  9.167e-001  6.948e-003   8.334e-002  4.915e-002 
 72 1   1.168e-002  1.575e-003  9.132e-001  7.917e-003   8.685e-002  5.123e-002 
 73 1   1.303e-002  1.682e-003  9.096e-001  9.019e-003   9.048e-002  5.339e-002 
 74 1   1.455e-002  1.802e-003  9.058e-001  1.027e-002   9.425e-002  5.563e-002 
 75 1   1.624e-002  1.942e-003  9.019e-001  1.170e-002   9.818e-002  5.796e-002 
 76 1   1.813e-002  2.105e-003  8.978e-001  1.332e-002   1.023e-001  6.037e-002 
 77 1   2.025e-002  2.302e-003  8.935e-001  1.516e-002   1.065e-001  6.288e-002 
 78 1   2.261e-002  2.541e-003  8.891e-001  1.726e-002   1.110e-001  6.547e-002 
 79 1   2.524e-002  2.836e-003  8.844e-001  1.963e-002   1.156e-001  6.817e-002 
 80 1   2.819e-002  3.200e-003  8.796e-001  2.232e-002   1.205e-001  7.096e-002 
 81 1   3.147e-002  3.652e-003  8.744e-001  2.538e-002   1.256e-001  7.386e-002 
 82 1   3.513e-002  4.211e-003  8.690e-001  2.883e-002   1.311e-001  7.686e-002 
 83 1   3.921e-002  4.895e-003  8.632e-001  3.275e-002   1.368e-001  7.997e-002 
 84 1   4.375e-002  5.728e-003  8.571e-001  3.717e-002   1.430e-001  8.320e-002 
 85 1   4.880e-002  6.731e-003  8.505e-001  4.215e-002   1.496e-001  8.653e-002 
 86 1   5.440e-002  7.927e-003  8.434e-001  4.778e-002   1.567e-001  8.998e-002 
 87 1   6.060e-002  9.338e-003  8.358e-001  5.411e-002   1.643e-001  9.356e-002 
 88 1   6.745e-002  1.099e-002  8.274e-001  6.122e-002   1.727e-001  9.725e-002 
 89 1   7.501e-002  1.289e-002  8.182e-001  6.920e-002   1.819e-001  1.011e-001 
 90 1   8.330e-002  1.506e-002  8.081e-001  7.813e-002   1.920e-001  1.050e-001 
