# DKFadl.txt
#IMaCh version 0.99r45, April 2023,INED-EUROREVES-Institut de longevite-Japan Society for the Promotion of Science (Grant-in-Aid for Scientific Research 25293121), Intel Software 2015-2020, Nihon University 2021-202, INED 2000-2022
#$Revision: 1.353 $ $Date: 2023/05/08 18:48:22 $
# Tue Feb 04 22:03:38 2025
#One-step probabilities and correlation matrix
# Age p1-1  p1-2  p1-3  p2-1  p2-2  p2-3 
50  9.920e-001  7.589e-003  4.401e-004  1.803e-001  7.997e-001  1.999e-002 
50 1-1  1.000e+000
50 1-2 -9.938e-001  1.000e+000
50 1-3 -3.585e-003 -1.077e-001  1.000e+000
50 2-1 -2.222e-001  2.178e-001  2.845e-002  1.000e+000
50 2-2  2.358e-001 -2.384e-001  3.559e-002 -9.686e-001  1.000e+000
50 2-3 -6.406e-002  9.211e-002 -2.554e-001 -8.239e-002 -1.680e-001  1.000e+000
51  9.916e-001  7.866e-003  5.020e-004  1.769e-001  8.022e-001  2.089e-002 
51 1-1  1.000e+000
51 1-2 -9.923e-001  1.000e+000
51 1-3 -1.495e-002 -1.087e-001  1.000e+000
51 2-1 -2.235e-001  2.187e-001  2.788e-002  1.000e+000
51 2-2  2.366e-001 -2.402e-001  4.030e-002 -9.644e-001  1.000e+000
51 2-3 -6.137e-002  9.260e-002 -2.556e-001 -8.089e-002 -1.855e-001  1.000e+000
52  9.913e-001  8.154e-003  5.727e-004  1.734e-001  8.047e-001  2.183e-002 
52 1-1  1.000e+000
52 1-2 -9.905e-001  1.000e+000
52 1-3 -2.764e-002 -1.097e-001  1.000e+000
52 2-1 -2.248e-001  2.198e-001  2.728e-002  1.000e+000
52 2-2  2.372e-001 -2.421e-001  4.528e-002 -9.598e-001  1.000e+000
52 2-3 -5.835e-002  9.312e-002 -2.558e-001 -7.947e-002 -2.037e-001  1.000e+000
53  9.909e-001  8.452e-003  6.534e-004  1.701e-001  8.071e-001  2.281e-002 
53 1-1  1.000e+000
53 1-2 -9.883e-001  1.000e+000
53 1-3 -4.178e-002 -1.109e-001  1.000e+000
53 2-1 -2.261e-001  2.209e-001  2.663e-002  1.000e+000
53 2-2  2.376e-001 -2.440e-001  5.053e-002 -9.545e-001  1.000e+000
53 2-3 -5.496e-002  9.369e-002 -2.560e-001 -7.814e-002 -2.227e-001  1.000e+000
54  9.905e-001  8.760e-003  7.454e-004  1.667e-001  8.094e-001  2.383e-002 
54 1-1  1.000e+000
54 1-2 -9.856e-001  1.000e+000
54 1-3 -5.753e-002 -1.121e-001  1.000e+000
54 2-1 -2.275e-001  2.220e-001  2.594e-002  1.000e+000
54 2-2  2.376e-001 -2.460e-001  5.606e-002 -9.486e-001  1.000e+000
54 2-3 -5.117e-002  9.432e-002 -2.562e-001 -7.692e-002 -2.425e-001  1.000e+000
55  9.901e-001  9.080e-003  8.503e-004  1.635e-001  8.117e-001  2.489e-002 
55 1-1  1.000e+000
55 1-2 -9.822e-001  1.000e+000
55 1-3 -7.504e-002 -1.134e-001  1.000e+000
55 2-1 -2.288e-001  2.232e-001  2.522e-002  1.000e+000
55 2-2  2.372e-001 -2.480e-001  6.185e-002 -9.421e-001  1.000e+000
55 2-3 -4.694e-002  9.502e-002 -2.564e-001 -7.581e-002 -2.630e-001  1.000e+000
56  9.896e-001  9.411e-003  9.699e-004  1.602e-001  8.138e-001  2.600e-002 
56 1-1  1.000e+000
56 1-2 -9.781e-001  1.000e+000
56 1-3 -9.445e-002 -1.148e-001  1.000e+000
56 2-1 -2.301e-001  2.245e-001  2.445e-002  1.000e+000
56 2-2  2.363e-001 -2.500e-001  6.788e-002 -9.348e-001  1.000e+000
56 2-3 -4.224e-002  9.580e-002 -2.566e-001 -7.483e-002 -2.842e-001  1.000e+000
57  9.891e-001  9.754e-003  1.106e-003  1.570e-001  8.158e-001  2.715e-002 
57 1-1  1.000e+000
57 1-2 -9.730e-001  1.000e+000
57 1-3 -1.159e-001 -1.163e-001  1.000e+000
57 2-1 -2.313e-001  2.258e-001  2.364e-002  1.000e+000
57 2-2  2.348e-001 -2.520e-001  7.412e-002 -9.268e-001  1.000e+000
57 2-3 -3.705e-002  9.669e-002 -2.568e-001 -7.400e-002 -3.059e-001  1.000e+000
58  9.886e-001  1.011e-002  1.262e-003  1.539e-001  8.178e-001  2.835e-002 
58 1-1  1.000e+000
58 1-2 -9.669e-001  1.000e+000
58 1-3 -1.395e-001 -1.179e-001  1.000e+000
58 2-1 -2.323e-001  2.271e-001  2.281e-002  1.000e+000
58 2-2  2.325e-001 -2.539e-001  8.053e-002 -9.181e-001  1.000e+000
58 2-3 -3.135e-002  9.770e-002 -2.570e-001 -7.334e-002 -3.279e-001  1.000e+000
59  9.881e-001  1.048e-002  1.439e-003  1.508e-001  8.196e-001  2.960e-002 
59 1-1  1.000e+000
59 1-2 -9.594e-001  1.000e+000
59 1-3 -1.653e-001 -1.196e-001  1.000e+000
59 2-1 -2.330e-001  2.283e-001  2.194e-002  1.000e+000
59 2-2  2.294e-001 -2.558e-001  8.706e-002 -9.087e-001  1.000e+000
59 2-3 -2.512e-002  9.886e-002 -2.572e-001 -7.287e-002 -3.502e-001  1.000e+000
60  9.875e-001  1.086e-002  1.642e-003  1.477e-001  8.214e-001  3.089e-002 
60 1-1  1.000e+000
60 1-2 -9.504e-001  1.000e+000
60 1-3 -1.933e-001 -1.214e-001  1.000e+000
60 2-1 -2.335e-001  2.295e-001  2.106e-002  1.000e+000
60 2-2  2.253e-001 -2.576e-001  9.362e-002 -8.986e-001  1.000e+000
60 2-3 -1.841e-002  1.002e-001 -2.573e-001 -7.264e-002 -3.724e-001  1.000e+000
61  9.869e-001  1.125e-002  1.873e-003  1.447e-001  8.231e-001  3.225e-002 
61 1-1  1.000e+000
61 1-2 -9.398e-001  1.000e+000
61 1-3 -2.234e-001 -1.233e-001  1.000e+000
61 2-1 -2.334e-001  2.305e-001  2.019e-002  1.000e+000
61 2-2  2.202e-001 -2.593e-001  1.001e-001 -8.879e-001  1.000e+000
61 2-3 -1.125e-002  1.017e-001 -2.574e-001 -7.268e-002 -3.942e-001  1.000e+000
62  9.862e-001  1.166e-002  2.136e-003  1.417e-001  8.246e-001  3.366e-002 
62 1-1  1.000e+000
62 1-2 -9.273e-001  1.000e+000
62 1-3 -2.552e-001 -1.252e-001  1.000e+000
62 2-1 -2.327e-001  2.313e-001  1.936e-002  1.000e+000
62 2-2  2.141e-001 -2.609e-001  1.064e-001 -8.769e-001  1.000e+000
62 2-3 -3.741e-003  1.035e-001 -2.575e-001 -7.305e-002 -4.153e-001  1.000e+000
63  9.855e-001  1.208e-002  2.435e-003  1.388e-001  8.261e-001  3.512e-002 
63 1-1  1.000e+000
63 1-2 -9.131e-001  1.000e+000
63 1-3 -2.883e-001 -1.271e-001  1.000e+000
63 2-1 -2.314e-001  2.318e-001  1.860e-002  1.000e+000
63 2-2  2.069e-001 -2.622e-001  1.124e-001 -8.658e-001  1.000e+000
63 2-3  3.958e-003  1.055e-001 -2.575e-001 -7.381e-002 -4.351e-001  1.000e+000
64  9.847e-001  1.252e-002  2.777e-003  1.359e-001  8.274e-001  3.664e-002 
64 1-1  1.000e+000
64 1-2 -8.973e-001  1.000e+000
64 1-3 -3.221e-001 -1.289e-001  1.000e+000
64 2-1 -2.292e-001  2.317e-001  1.797e-002  1.000e+000
64 2-2  1.988e-001 -2.633e-001  1.179e-001 -8.548e-001  1.000e+000
64 2-3  1.164e-002  1.079e-001 -2.574e-001 -7.501e-002 -4.534e-001  1.000e+000
65  9.839e-001  1.297e-002  3.167e-003  1.331e-001  8.287e-001  3.823e-002 
65 1-1  1.000e+000
65 1-2 -8.801e-001  1.000e+000
65 1-3 -3.557e-001 -1.306e-001  1.000e+000
65 2-1 -2.262e-001  2.311e-001  1.753e-002  1.000e+000
65 2-2  1.901e-001 -2.640e-001  1.227e-001 -8.443e-001  1.000e+000
65 2-3  1.901e-002  1.105e-001 -2.572e-001 -7.673e-002 -4.696e-001  1.000e+000
66  9.830e-001  1.344e-002  3.611e-003  1.303e-001  8.299e-001  3.988e-002 
66 1-1  1.000e+000
66 1-2 -8.623e-001  1.000e+000
66 1-3 -3.880e-001 -1.321e-001  1.000e+000
66 2-1 -2.224e-001  2.297e-001  1.737e-002  1.000e+000
66 2-2  1.811e-001 -2.644e-001  1.267e-001 -8.346e-001  1.000e+000
66 2-3  2.577e-002  1.134e-001 -2.569e-001 -7.905e-002 -4.832e-001  1.000e+000
67  9.820e-001  1.392e-002  4.116e-003  1.275e-001  8.309e-001  4.159e-002 
67 1-1  1.000e+000
67 1-2 -8.446e-001  1.000e+000
67 1-3 -4.180e-001 -1.333e-001  1.000e+000
67 2-1 -2.180e-001  2.275e-001  1.759e-002  1.000e+000
67 2-2  1.723e-001 -2.645e-001  1.297e-001 -8.260e-001  1.000e+000
67 2-3  3.153e-002  1.167e-001 -2.564e-001 -8.204e-002 -4.941e-001  1.000e+000
68  9.809e-001  1.442e-002  4.693e-003  1.248e-001  8.318e-001  4.338e-002 
68 1-1  1.000e+000
68 1-2 -8.279e-001  1.000e+000
68 1-3 -4.447e-001 -1.342e-001  1.000e+000
68 2-1 -2.131e-001  2.243e-001  1.829e-002  1.000e+000
68 2-2  1.643e-001 -2.641e-001  1.315e-001 -8.187e-001  1.000e+000
68 2-3  3.597e-002  1.203e-001 -2.557e-001 -8.578e-002 -5.018e-001  1.000e+000
69  9.797e-001  1.493e-002  5.349e-003  1.221e-001  8.327e-001  4.523e-002 
69 1-1  1.000e+000
69 1-2 -8.132e-001  1.000e+000
69 1-3 -4.671e-001 -1.348e-001  1.000e+000
69 2-1 -2.082e-001  2.204e-001  1.960e-002  1.000e+000
69 2-2  1.575e-001 -2.634e-001  1.320e-001 -8.130e-001  1.000e+000
69 2-3  3.881e-002  1.242e-001 -2.548e-001 -9.031e-002 -5.065e-001  1.000e+000
70  9.784e-001  1.546e-002  6.097e-003  1.195e-001  8.334e-001  4.715e-002 
70 1-1  1.000e+000
70 1-2 -8.010e-001  1.000e+000
70 1-3 -4.849e-001 -1.352e-001  1.000e+000
70 2-1 -2.034e-001  2.157e-001  2.162e-002  1.000e+000
70 2-2  1.524e-001 -2.625e-001  1.312e-001 -8.086e-001  1.000e+000
70 2-3  3.986e-002  1.284e-001 -2.536e-001 -9.566e-002 -5.083e-001  1.000e+000
71  9.770e-001  1.601e-002  6.948e-003  1.169e-001  8.339e-001  4.915e-002 
71 1-1  1.000e+000
71 1-2 -7.917e-001  1.000e+000
71 1-3 -4.980e-001 -1.354e-001  1.000e+000
71 2-1 -1.993e-001  2.105e-001  2.446e-002  1.000e+000
71 2-2  1.493e-001 -2.614e-001  1.290e-001 -8.054e-001  1.000e+000
71 2-3  3.913e-002  1.328e-001 -2.520e-001 -1.018e-001 -5.077e-001  1.000e+000
72  9.755e-001  1.658e-002  7.917e-003  1.143e-001  8.344e-001  5.123e-002 
72 1-1  1.000e+000
72 1-2 -7.853e-001  1.000e+000
72 1-3 -5.067e-001 -1.358e-001  1.000e+000
72 2-1 -1.960e-001  2.050e-001  2.820e-002  1.000e+000
72 2-2  1.481e-001 -2.604e-001  1.255e-001 -8.030e-001  1.000e+000
72 2-3  3.675e-002  1.374e-001 -2.502e-001 -1.087e-001 -5.052e-001  1.000e+000
73  9.738e-001  1.716e-002  9.019e-003  1.118e-001  8.348e-001  5.339e-002 
73 1-1  1.000e+000
73 1-2 -7.811e-001  1.000e+000
73 1-3 -5.120e-001 -1.365e-001  1.000e+000
73 2-1 -1.938e-001  1.995e-001  3.290e-002  1.000e+000
73 2-2  1.488e-001 -2.595e-001  1.209e-001 -8.008e-001  1.000e+000
73 2-3  3.307e-002  1.421e-001 -2.480e-001 -1.162e-001 -5.018e-001  1.000e+000
74  9.720e-001  1.776e-002  1.027e-002  1.094e-001  8.350e-001  5.563e-002 
74 1-1  1.000e+000
74 1-2 -7.782e-001  1.000e+000
74 1-3 -5.149e-001 -1.378e-001  1.000e+000
74 2-1 -1.926e-001  1.943e-001  3.855e-002  1.000e+000
74 2-2  1.509e-001 -2.588e-001  1.154e-001 -7.983e-001  1.000e+000
74 2-3  2.862e-002  1.468e-001 -2.456e-001 -1.240e-001 -4.986e-001  1.000e+000
75  9.699e-001  1.838e-002  1.170e-002  1.069e-001  8.351e-001  5.796e-002 
75 1-1  1.000e+000
75 1-2 -7.755e-001  1.000e+000
75 1-3 -5.169e-001 -1.396e-001  1.000e+000
75 2-1 -1.925e-001  1.894e-001  4.508e-002  1.000e+000
75 2-2  1.538e-001 -2.585e-001  1.093e-001 -7.947e-001  1.000e+000
75 2-3  2.407e-002  1.513e-001 -2.429e-001 -1.321e-001 -4.967e-001  1.000e+000
76  9.677e-001  1.901e-002  1.332e-002  1.045e-001  8.351e-001  6.037e-002 
76 1-1  1.000e+000
76 1-2 -7.717e-001  1.000e+000
76 1-3 -5.199e-001 -1.421e-001  1.000e+000
76 2-1 -1.932e-001  1.850e-001  5.231e-002  1.000e+000
76 2-2  1.569e-001 -2.585e-001  1.030e-001 -7.896e-001  1.000e+000
76 2-3  2.016e-002  1.555e-001 -2.402e-001 -1.400e-001 -4.970e-001  1.000e+000
77  9.652e-001  1.966e-002  1.516e-002  1.022e-001  8.350e-001  6.288e-002 
77 1-1  1.000e+000
77 1-2 -7.655e-001  1.000e+000
77 1-3 -5.257e-001 -1.450e-001  1.000e+000
77 2-1 -1.947e-001  1.810e-001  5.997e-002  1.000e+000
77 2-2  1.593e-001 -2.587e-001  9.711e-002 -7.823e-001  1.000e+000
77 2-3  1.766e-002  1.592e-001 -2.376e-001 -1.476e-001 -5.006e-001  1.000e+000
78  9.624e-001  2.033e-002  1.726e-002  9.985e-002  8.347e-001  6.547e-002 
78 1-1  1.000e+000
78 1-2 -7.555e-001  1.000e+000
78 1-3 -5.359e-001 -1.483e-001  1.000e+000
78 2-1 -1.964e-001  1.776e-001  6.769e-002  1.000e+000
78 2-2  1.602e-001 -2.590e-001  9.204e-002 -7.726e-001  1.000e+000
78 2-3  1.726e-002  1.622e-001 -2.351e-001 -1.546e-001 -5.079e-001  1.000e+000
79  9.594e-001  2.101e-002  1.963e-002  9.756e-002  8.343e-001  6.817e-002 
79 1-1  1.000e+000
79 1-2 -7.406e-001  1.000e+000
79 1-3 -5.519e-001 -1.515e-001  1.000e+000
79 2-1 -1.982e-001  1.745e-001  7.506e-002  1.000e+000
79 2-2  1.588e-001 -2.594e-001  8.830e-002 -7.599e-001  1.000e+000
79 2-3  1.944e-002  1.645e-001 -2.328e-001 -1.608e-001 -5.193e-001  1.000e+000
80  9.560e-001  2.171e-002  2.232e-002  9.532e-002  8.337e-001  7.096e-002 
80 1-1  1.000e+000
80 1-2 -7.198e-001  1.000e+000
80 1-3 -5.745e-001 -1.547e-001  1.000e+000
80 2-1 -1.997e-001  1.718e-001  8.171e-002  1.000e+000
80 2-2  1.546e-001 -2.598e-001  8.626e-002 -7.443e-001  1.000e+000
80 2-3  2.446e-002  1.662e-001 -2.308e-001 -1.663e-001 -5.347e-001  1.000e+000
81  9.522e-001  2.243e-002  2.538e-002  9.311e-002  8.330e-001  7.386e-002 
81 1-1  1.000e+000
81 1-2 -6.926e-001  1.000e+000
81 1-3 -6.032e-001 -1.575e-001  1.000e+000
81 2-1 -2.006e-001  1.694e-001  8.737e-002  1.000e+000
81 2-2  1.470e-001 -2.599e-001  8.613e-002 -7.257e-001  1.000e+000
81 2-3  3.227e-002  1.672e-001 -2.291e-001 -1.711e-001 -5.537e-001  1.000e+000
82  9.480e-001  2.315e-002  2.883e-002  9.093e-002  8.322e-001  7.686e-002 
82 1-1  1.000e+000
82 1-2 -6.587e-001  1.000e+000
82 1-3 -6.371e-001 -1.603e-001  1.000e+000
82 2-1 -2.007e-001  1.672e-001  9.194e-002  1.000e+000
82 2-2  1.359e-001 -2.599e-001  8.791e-002 -7.040e-001  1.000e+000
82 2-3  4.259e-002  1.677e-001 -2.277e-001 -1.752e-001 -5.758e-001  1.000e+000
83  9.434e-001  2.389e-002  3.275e-002  8.879e-002  8.312e-001  7.997e-002 
83 1-1  1.000e+000
83 1-2 -6.186e-001  1.000e+000
83 1-3 -6.744e-001 -1.630e-001  1.000e+000
83 2-1 -1.997e-001  1.653e-001  9.545e-002  1.000e+000
83 2-2  1.214e-001 -2.595e-001  9.145e-002 -6.796e-001  1.000e+000
83 2-3  5.488e-002  1.679e-001 -2.267e-001 -1.788e-001 -6.003e-001  1.000e+000
84  9.382e-001  2.464e-002  3.717e-002  8.669e-002  8.301e-001  8.320e-002 
84 1-1  1.000e+000
84 1-2 -5.730e-001  1.000e+000
84 1-3 -7.131e-001 -1.660e-001  1.000e+000
84 2-1 -1.976e-001  1.634e-001  9.804e-002  1.000e+000
84 2-2  1.039e-001 -2.589e-001  9.644e-002 -6.526e-001  1.000e+000
84 2-3  6.851e-002  1.678e-001 -2.260e-001 -1.820e-001 -6.263e-001  1.000e+000
85  9.325e-001  2.539e-002  4.215e-002  8.462e-002  8.289e-001  8.653e-002 
85 1-1  1.000e+000
85 1-2 -5.233e-001  1.000e+000
85 1-3 -7.512e-001 -1.693e-001  1.000e+000
85 2-1 -1.946e-001  1.616e-001  9.987e-002  1.000e+000
85 2-2  8.402e-002 -2.579e-001  1.026e-001 -6.233e-001  1.000e+000
85 2-3  8.281e-002  1.676e-001 -2.256e-001 -1.849e-001 -6.533e-001  1.000e+000
86  9.261e-001  2.615e-002  4.778e-002  8.258e-002  8.274e-001  8.998e-002 
86 1-1  1.000e+000
86 1-2 -4.709e-001  1.000e+000
86 1-3 -7.872e-001 -1.734e-001  1.000e+000
86 2-1 -1.907e-001  1.598e-001  1.011e-001  1.000e+000
86 2-2  6.255e-002 -2.566e-001  1.095e-001 -5.922e-001  1.000e+000
86 2-3  9.716e-002  1.674e-001 -2.255e-001 -1.876e-001 -6.804e-001  1.000e+000
87  9.190e-001  2.691e-002  5.411e-002  8.058e-002  8.259e-001  9.356e-002 
87 1-1  1.000e+000
87 1-2 -4.170e-001  1.000e+000
87 1-3 -8.201e-001 -1.782e-001  1.000e+000
87 2-1 -1.861e-001  1.580e-001  1.020e-001  1.000e+000
87 2-2  4.028e-002 -2.550e-001  1.169e-001 -5.596e-001  1.000e+000
87 2-3  1.111e-001  1.673e-001 -2.255e-001 -1.903e-001 -7.072e-001  1.000e+000
88  9.111e-001  2.766e-002  6.122e-002  7.861e-002  8.241e-001  9.725e-002 
88 1-1  1.000e+000
88 1-2 -3.629e-001  1.000e+000
88 1-3 -8.491e-001 -1.840e-001  1.000e+000
88 2-1 -1.812e-001  1.562e-001  1.026e-001  1.000e+000
88 2-2  1.793e-002 -2.532e-001  1.246e-001 -5.259e-001  1.000e+000
88 2-3  1.242e-001  1.672e-001 -2.258e-001 -1.929e-001 -7.331e-001  1.000e+000
89  9.024e-001  2.841e-002  6.920e-002  7.667e-002  8.223e-001  1.011e-001 
89 1-1  1.000e+000
89 1-2 -3.096e-001  1.000e+000
89 1-3 -8.743e-001 -1.909e-001  1.000e+000
89 2-1 -1.760e-001  1.543e-001  1.030e-001  1.000e+000
89 2-2 -3.921e-003 -2.513e-001  1.323e-001 -4.914e-001  1.000e+000
89 2-3  1.363e-001  1.674e-001 -2.261e-001 -1.957e-001 -7.579e-001  1.000e+000
90  8.927e-001  2.914e-002  7.813e-002  7.477e-002  8.202e-001  1.050e-001 
90 1-1  1.000e+000
90 1-2 -2.576e-001  1.000e+000
90 1-3 -8.957e-001 -1.989e-001  1.000e+000
90 2-1 -1.709e-001  1.522e-001  1.033e-001  1.000e+000
90 2-2 -2.482e-002 -2.493e-001  1.399e-001 -4.565e-001  1.000e+000
90 2-3  1.472e-001  1.679e-001 -2.266e-001 -1.986e-001 -7.813e-001  1.000e+000