
#****** ******
# DKFadl.txt
#IMaCh version 0.99r45, April 2023,INED-EUROREVES-Institut de longevite-Japan Society for the Promotion of Science (Grant-in-Aid for Scientific Research 25293121), Intel Software 2015-2020, Nihon University 2021-202, INED 2000-2022
#$Revision: 1.353 $ $Date: 2023/05/08 18:48:22 $
# Tue Feb 04 22:03:38 2025
# Health expectancies with standard errors
# Age e11 (SE) e12 (SE) e1.  e21 (SE) e22 (SE) e2. 
 50   29.2983 (0.9680)    2.5177 (0.3489)   31.8160 (0.9908)   24.2489 (2.2385)    4.4685 (0.6670)   28.7174 (2.2420)
 51   28.4066 (0.9521)    2.4861 (0.3462)   30.8927 (0.9767)   23.2755 (2.1684)    4.4532 (0.6523)   27.7287 (2.1868)
 52   27.5220 (0.9365)    2.4533 (0.3438)   29.9753 (0.9627)   22.3135 (2.0959)    4.4360 (0.6377)   26.7495 (2.1285)
 53   26.6449 (0.9212)    2.4192 (0.3414)   29.0641 (0.9488)   21.3640 (2.0215)    4.4168 (0.6234)   25.7808 (2.0674)
 54   25.7755 (0.9061)    2.3839 (0.3392)   28.1595 (0.9350)   20.4278 (1.9457)    4.3956 (0.6094)   24.8234 (2.0038)
 55   24.9144 (0.8915)    2.3474 (0.3372)   27.2618 (0.9215)   19.5059 (1.8689)    4.3725 (0.5958)   23.8783 (1.9382)
 56   24.0620 (0.8772)    2.3096 (0.3353)   26.3716 (0.9081)   18.5992 (1.7917)    4.3472 (0.5825)   22.9465 (1.8710)
 57   23.2186 (0.8633)    2.2706 (0.3335)   25.4892 (0.8951)   17.7089 (1.7146)    4.3200 (0.5697)   22.0289 (1.8027)
 58   22.3849 (0.8498)    2.2303 (0.3318)   24.6151 (0.8823)   16.8358 (1.6383)    4.2906 (0.5573)   21.1264 (1.7337)
 59   21.5611 (0.8367)    2.1887 (0.3302)   23.7498 (0.8700)   15.9808 (1.5633)    4.2593 (0.5454)   20.2401 (1.6645)
 60   20.7478 (0.8240)    2.1459 (0.3288)   22.8938 (0.8580)   15.1450 (1.4901)    4.2258 (0.5341)   19.3709 (1.5958)
 61   19.9455 (0.8118)    2.1019 (0.3274)   22.0474 (0.8465)   14.3293 (1.4194)    4.1904 (0.5233)   18.5197 (1.5281)
 62   19.1547 (0.8000)    2.0567 (0.3260)   21.2114 (0.8354)   13.5346 (1.3517)    4.1529 (0.5132)   17.6875 (1.4618)
 63   18.3758 (0.7886)    2.0103 (0.3247)   20.3861 (0.8249)   12.7617 (1.2873)    4.1135 (0.5038)   16.8752 (1.3975)
 64   17.6093 (0.7776)    1.9628 (0.3235)   19.5721 (0.8150)   12.0114 (1.2267)    4.0722 (0.4951)   16.0836 (1.3358)
 65   16.8558 (0.7671)    1.9141 (0.3222)   18.7699 (0.8057)   11.2845 (1.1702)    4.0290 (0.4871)   15.3136 (1.2770)
 66   16.1157 (0.7570)    1.8644 (0.3209)   17.9802 (0.7971)   10.5817 (1.1179)    3.9841 (0.4801)   14.5658 (1.2216)
 67   15.3897 (0.7474)    1.8137 (0.3196)   17.2034 (0.7893)    9.9036 (1.0698)    3.9375 (0.4740)   13.8411 (1.1699)
 68   14.6780 (0.7383)    1.7621 (0.3182)   16.4401 (0.7822)    9.2507 (1.0259)    3.8893 (0.4688)   13.1400 (1.1222)
 69   13.9814 (0.7297)    1.7096 (0.3168)   15.6910 (0.7759)    8.6235 (0.9860)    3.8396 (0.4647)   12.4631 (1.0786)
 70   13.3002 (0.7216)    1.6563 (0.3152)   14.9565 (0.7705)    8.0224 (0.9498)    3.7885 (0.4618)   11.8109 (1.0393)
 71   12.6350 (0.7141)    1.6023 (0.3135)   14.2373 (0.7661)    7.4476 (0.9168)    3.7361 (0.4600)   11.1837 (1.0042)
 72   11.9862 (0.7073)    1.5477 (0.3117)   13.5339 (0.7625)    6.8993 (0.8865)    3.6825 (0.4595)   10.5818 (0.9731)
 73   11.3543 (0.7010)    1.4926 (0.3096)   12.8469 (0.7598)    6.3777 (0.8585)    3.6279 (0.4604)   10.0056 (0.9460)
 74   10.7398 (0.6953)    1.4371 (0.3074)   12.1769 (0.7580)    5.8827 (0.8322)    3.5722 (0.4626)    9.4549 (0.9226)
 75   10.1431 (0.6902)    1.3813 (0.3050)   11.5244 (0.7570)    5.4141 (0.8071)    3.5158 (0.4661)    8.9299 (0.9026)
 76    9.5646 (0.6856)    1.3253 (0.3023)   10.8899 (0.7567)    4.9718 (0.7827)    3.4587 (0.4711)    8.4304 (0.8856)
 77    9.0047 (0.6816)    1.2693 (0.2994)   10.2740 (0.7570)    4.5554 (0.7587)    3.4009 (0.4774)    7.9563 (0.8714)
 78    8.4637 (0.6779)    1.2134 (0.2962)    9.6771 (0.7577)    4.1645 (0.7347)    3.3427 (0.4850)    7.5072 (0.8597)
 79    7.9420 (0.6745)    1.1577 (0.2927)    9.0997 (0.7587)    3.7986 (0.7104)    3.2841 (0.4940)    7.0828 (0.8501)
 80    7.4399 (0.6713)    1.1024 (0.2890)    8.5423 (0.7598)    3.4572 (0.6858)    3.2253 (0.5042)    6.6825 (0.8424)
 81    6.9576 (0.6680)    1.0475 (0.2849)    8.0051 (0.7607)    3.1394 (0.6606)    3.1663 (0.5155)    6.3057 (0.8364)
 82    6.4953 (0.6645)    0.9934 (0.2804)    7.4887 (0.7611)    2.8446 (0.6349)    3.1073 (0.5279)    5.9519 (0.8319)
 83    6.0532 (0.6606)    0.9400 (0.2757)    6.9931 (0.7608)    2.5719 (0.6086)    3.0483 (0.5412)    5.6202 (0.8288)
 84    5.6312 (0.6561)    0.8875 (0.2706)    6.5188 (0.7596)    2.3204 (0.5818)    2.9895 (0.5554)    5.3099 (0.8269)
 85    5.2296 (0.6509)    0.8362 (0.2651)    6.0657 (0.7572)    2.0893 (0.5547)    2.9308 (0.5704)    5.0201 (0.8262)
 86    4.8482 (0.6446)    0.7860 (0.2593)    5.6342 (0.7534)    1.8774 (0.5273)    2.8725 (0.5859)    4.7499 (0.8266)
 87    4.4869 (0.6371)    0.7371 (0.2532)    5.2240 (0.7480)    1.6839 (0.4999)    2.8144 (0.6020)    4.4984 (0.8281)
 88    4.1456 (0.6284)    0.6897 (0.2467)    4.8353 (0.7408)    1.5076 (0.4725)    2.7568 (0.6184)    4.2645 (0.8305)
 89    3.8240 (0.6183)    0.6439 (0.2399)    4.4679 (0.7317)    1.3476 (0.4454)    2.6996 (0.6351)    4.0472 (0.8338)
 90    3.5218 (0.6067)    0.5997 (0.2328)    4.1215 (0.7206)    1.2027 (0.4187)    2.6429 (0.6520)    3.8456 (0.8380)
