# Powell
# iter -2*LL p12 p13 p21 p23
1 1 1267.832782370102 0 -6.413838900000 0.061575300000 -13.892420400000 0.136858400000 2.644139000000 -0.051458400000 -6.111456000000 0.058012400000
2 2 1201.108648751892 0 -6.768906828857 0.061442930290 -15.395588251063 0.136575889638 2.211340681025 -0.051155545925 -6.808330434983 0.058034511269
3 2 1194.457248770641 0 -6.898329590303 0.061347066407 -14.892762719895 0.136406725868 1.955564585923 -0.051018579275 -6.923167566087 0.058088160142
4 3 1192.771528023317 0 -7.042497869743 0.061200156972 -14.795792326461 0.136216391593 1.835220388199 -0.050862732676 -6.968474452756 0.058167555838
5 3 1192.761225465547 0 -7.039228583813 0.061149095131 -14.789535278264 0.136082730349 1.830272700267 -0.050753647962 -6.972449329802 0.058160767134
6 4 1192.371840171640 1 -6.900120503653 0.059208879788 -14.103397155060 0.127782929826 1.352413961975 -0.044059350870 -7.286175218051 0.062058709340
7 4 1192.367637793184 1 -6.895358080666 0.059131764301 -14.105384032069 0.127704351818 1.352575382471 -0.043995138860 -7.290129697027 0.062113628508
8 5 1192.306437979266 1 -6.809462290004 0.057645110149 -14.014690761991 0.126801430472 1.470575114406 -0.045699615823 -7.493152554057 0.064570219837
9 5 1192.269939603145 1 -6.768165366570 0.057190724139 -13.983914739873 0.126370386842 1.528292140585 -0.046511740290 -7.585516038619 0.065722869593
10 6 1192.258161973652 1 -6.728891581509 0.056758972691 -13.953805271475 0.125888698099 1.582130896868 -0.047263797813 -7.674134811617 0.066883700843
11 6 1192.257770842841 1 -6.728243263405 0.056745456471 -13.948998423629 0.125825747185 1.583759938046 -0.047286358015 -7.677043718666 0.066928872529
12 7 1192.236727064782 1 -6.770334266367 0.057365149595 -13.560698563207 0.120784520444 1.614676186497 -0.047720952189 -7.707652378592 0.067411085622
13 7 1192.234930173986 1 -6.764680617365 0.057260449266 -13.522421633775 0.120313960232 1.631361349863 -0.047959369012 -7.732268104455 0.067648188791
14 8 1192.234809326753 1 -6.764140711113 0.057249226822 -13.512059126763 0.120186809555 1.635516758368 -0.048019375582 -7.739600956531 0.067717720208
15 8 1192.234700823996 1 -6.764080769992 0.057256283475 -13.512075226688 0.120183817393 1.635656108879 -0.048017346168 -7.741219524711 0.067737880869
16 9 1192.232980576410 1 -6.781342869230 0.057545491139 -13.493199257198 0.119974801037 1.622907927190 -0.047813793644 -7.779048479667 0.068208090750
17 9 1192.231625150838 2 -6.789521748668 0.057644844195 -13.483948876580 0.119843136952 1.616592278712 -0.047735047142 -7.797784138994 0.068444984840
18 10 1192.230285393678 2 -6.808693894886 0.057879062787 -13.465343134847 0.119572269232 1.601633868313 -0.047545736711 -7.840719944883 0.069000911823
19 10 1192.230285177298 2 -6.808663953956 0.057878796822 -13.465732083138 0.119577229490 1.601615468767 -0.047545253693 -7.840553616002 0.068999694441
20 11 1192.230285174542 2 -6.808666265900 0.057878846314 -13.465772655357 0.119577751298 1.601606565411 -0.047545110742 -7.840527346201 0.068999463808
21 11 1192.230285174517 2 -6.808666557723 0.057878852551 -13.465773435648 0.119577760107 1.601606026213 -0.047545102628 -7.840525583844 0.068999452055
22 12 1192.230285174515 2 -6.808666752231 0.057878854412 -13.465774088477 0.119577769679 1.601605617402 -0.047545096659 -7.840524383140 0.068999436332
