# PLFgali.txt
#IMaCh version 0.99r45, April 2023,INED-EUROREVES-Institut de longevite-Japan Society for the Promotion of Science (Grant-in-Aid for Scientific Research 25293121), Intel Software 2015-2020, Nihon University 2021-202, INED 2000-2022
#$Revision: 1.353 $ $Date: 2023/05/08 18:48:22 $
# Tue Feb 04 20:24:32 2025
#One-step probabilities and stand. devi in ()
# Age p1-1 (SE) p1-2 (SE) p1-3 (SE) p2-1 (SE) p2-2 (SE) p2-3 (SE)
50  9.799e-001 ( 5.352e-003)  1.955e-002 ( 5.458e-003)  5.491e-004 ( 6.165e-004)  3.126e-001 ( 7.949e-002)  6.790e-001 ( 7.905e-002)  8.415e-003 ( 6.521e-003) 
51  9.787e-001 ( 5.427e-003)  2.068e-002 ( 5.540e-003)  6.181e-004 ( 6.701e-004)  3.023e-001 ( 7.484e-002)  6.886e-001 ( 7.445e-002)  9.144e-003 ( 6.850e-003) 
52  9.774e-001 ( 5.497e-003)  2.189e-002 ( 5.614e-003)  6.957e-004 ( 7.275e-004)  2.922e-001 ( 7.030e-002)  6.979e-001 ( 6.996e-002)  9.930e-003 ( 7.185e-003) 
53  9.761e-001 ( 5.559e-003)  2.316e-002 ( 5.681e-003)  7.830e-004 ( 7.888e-004)  2.822e-001 ( 6.588e-002)  7.070e-001 ( 6.560e-002)  1.078e-002 ( 7.524e-003) 
54  9.746e-001 ( 5.613e-003)  2.450e-002 ( 5.741e-003)  8.811e-004 ( 8.542e-004)  2.725e-001 ( 6.160e-002)  7.158e-001 ( 6.139e-002)  1.169e-002 ( 7.866e-003) 
55  9.731e-001 ( 5.661e-003)  2.592e-002 ( 5.791e-003)  9.915e-004 ( 9.237e-004)  2.629e-001 ( 5.747e-002)  7.244e-001 ( 5.733e-002)  1.268e-002 ( 8.209e-003) 
56  9.715e-001 ( 5.700e-003)  2.742e-002 ( 5.834e-003)  1.116e-003 ( 9.973e-004)  2.536e-001 ( 5.349e-002)  7.327e-001 ( 5.345e-002)  1.374e-002 ( 8.551e-003) 
57  9.697e-001 ( 5.733e-003)  2.900e-002 ( 5.868e-003)  1.255e-003 ( 1.075e-003)  2.445e-001 ( 4.969e-002)  7.407e-001 ( 4.975e-002)  1.488e-002 ( 8.890e-003) 
58  9.679e-001 ( 5.759e-003)  3.068e-002 ( 5.894e-003)  1.412e-003 ( 1.157e-003)  2.355e-001 ( 4.606e-002)  7.484e-001 ( 4.625e-002)  1.611e-002 ( 9.224e-003) 
59  9.660e-001 ( 5.780e-003)  3.244e-002 ( 5.912e-003)  1.588e-003 ( 1.243e-003)  2.268e-001 ( 4.263e-002)  7.558e-001 ( 4.295e-002)  1.743e-002 ( 9.550e-003) 
60  9.639e-001 ( 5.796e-003)  3.430e-002 ( 5.925e-003)  1.786e-003 ( 1.333e-003)  2.183e-001 ( 3.940e-002)  7.628e-001 ( 3.988e-002)  1.885e-002 ( 9.867e-003) 
61  9.617e-001 ( 5.812e-003)  3.626e-002 ( 5.933e-003)  2.008e-003 ( 1.427e-003)  2.100e-001 ( 3.639e-002)  7.696e-001 ( 3.704e-002)  2.038e-002 ( 1.017e-002) 
62  9.594e-001 ( 5.828e-003)  3.833e-002 ( 5.940e-003)  2.258e-003 ( 1.525e-003)  2.019e-001 ( 3.360e-002)  7.760e-001 ( 3.444e-002)  2.201e-002 ( 1.046e-002) 
63  9.570e-001 ( 5.850e-003)  4.051e-002 ( 5.949e-003)  2.538e-003 ( 1.626e-003)  1.941e-001 ( 3.105e-002)  7.821e-001 ( 3.208e-002)  2.377e-002 ( 1.072e-002) 
64  9.543e-001 ( 5.883e-003)  4.280e-002 ( 5.967e-003)  2.853e-003 ( 1.730e-003)  1.864e-001 ( 2.874e-002)  7.879e-001 ( 2.999e-002)  2.566e-002 ( 1.097e-002) 
65  9.516e-001 ( 5.932e-003)  4.522e-002 ( 5.999e-003)  3.206e-003 ( 1.838e-003)  1.790e-001 ( 2.669e-002)  7.933e-001 ( 2.815e-002)  2.768e-002 ( 1.119e-002) 
66  9.486e-001 ( 6.007e-003)  4.777e-002 ( 6.055e-003)  3.602e-003 ( 1.949e-003)  1.718e-001 ( 2.490e-002)  7.984e-001 ( 2.658e-002)  2.985e-002 ( 1.138e-002) 
67  9.455e-001 ( 6.114e-003)  5.045e-002 ( 6.144e-003)  4.046e-003 ( 2.064e-003)  1.648e-001 ( 2.337e-002)  8.031e-001 ( 2.526e-002)  3.216e-002 ( 1.154e-002) 
68  9.422e-001 ( 6.265e-003)  5.327e-002 ( 6.278e-003)  4.544e-003 ( 2.184e-003)  1.580e-001 ( 2.211e-002)  8.074e-001 ( 2.418e-002)  3.465e-002 ( 1.167e-002) 
69  9.387e-001 ( 6.470e-003)  5.623e-002 ( 6.470e-003)  5.102e-003 ( 2.310e-003)  1.514e-001 ( 2.110e-002)  8.113e-001 ( 2.333e-002)  3.730e-002 ( 1.177e-002) 
70  9.349e-001 ( 6.738e-003)  5.934e-002 ( 6.734e-003)  5.727e-003 ( 2.445e-003)  1.450e-001 ( 2.033e-002)  8.149e-001 ( 2.268e-002)  4.014e-002 ( 1.183e-002) 
71  9.310e-001 ( 7.081e-003)  6.261e-002 ( 7.082e-003)  6.427e-003 ( 2.594e-003)  1.388e-001 ( 1.977e-002)  8.180e-001 ( 2.222e-002)  4.318e-002 ( 1.186e-002) 
72  9.267e-001 ( 7.506e-003)  6.604e-002 ( 7.526e-003)  7.210e-003 ( 2.763e-003)  1.328e-001 ( 1.941e-002)  8.208e-001 ( 2.192e-002)  4.642e-002 ( 1.188e-002) 
73  9.223e-001 ( 8.021e-003)  6.964e-002 ( 8.076e-003)  8.087e-003 ( 2.961e-003)  1.270e-001 ( 1.921e-002)  8.232e-001 ( 2.174e-002)  4.988e-002 ( 1.188e-002) 
74  9.175e-001 ( 8.634e-003)  7.341e-002 ( 8.741e-003)  9.067e-003 ( 3.200e-003)  1.214e-001 ( 1.914e-002)  8.251e-001 ( 2.168e-002)  5.357e-002 ( 1.189e-002) 
75  9.125e-001 ( 9.349e-003)  7.736e-002 ( 9.527e-003)  1.016e-002 ( 3.495e-003)  1.159e-001 ( 1.916e-002)  8.266e-001 ( 2.171e-002)  5.750e-002 ( 1.193e-002) 
76  9.071e-001 ( 1.017e-002)  8.148e-002 ( 1.044e-002)  1.139e-002 ( 3.866e-003)  1.107e-001 ( 1.926e-002)  8.276e-001 ( 2.183e-002)  6.168e-002 ( 1.204e-002) 
77  9.014e-001 ( 1.110e-002)  8.580e-002 ( 1.148e-002)  1.275e-002 ( 4.334e-003)  1.056e-001 ( 1.939e-002)  8.282e-001 ( 2.204e-002)  6.614e-002 ( 1.225e-002) 
78  8.954e-001 ( 1.215e-002)  9.030e-002 ( 1.266e-002)  1.428e-002 ( 4.925e-003)  1.007e-001 ( 1.955e-002)  8.284e-001 ( 2.234e-002)  7.087e-002 ( 1.262e-002) 
79  8.890e-001 ( 1.332e-002)  9.500e-002 ( 1.397e-002)  1.597e-002 ( 5.663e-003)  9.603e-002 ( 1.971e-002)  8.281e-001 ( 2.275e-002)  7.591e-002 ( 1.321e-002) 
80  8.822e-001 ( 1.462e-002)  9.989e-002 ( 1.542e-002)  1.787e-002 ( 6.577e-003)  9.148e-002 ( 1.987e-002)  8.273e-001 ( 2.330e-002)  8.125e-002 ( 1.406e-002) 
81  8.750e-001 ( 1.605e-002)  1.050e-001 ( 1.701e-002)  1.997e-002 ( 7.695e-003)  8.710e-002 ( 2.000e-002)  8.260e-001 ( 2.403e-002)  8.692e-002 ( 1.523e-002) 
82  8.674e-001 ( 1.762e-002)  1.103e-001 ( 1.875e-002)  2.231e-002 ( 9.048e-003)  8.287e-002 ( 2.011e-002)  8.242e-001 ( 2.497e-002)  9.293e-002 ( 1.675e-002) 
83  8.593e-001 ( 1.934e-002)  1.158e-001 ( 2.063e-002)  2.491e-002 ( 1.067e-002)  7.881e-002 ( 2.018e-002)  8.219e-001 ( 2.616e-002)  9.929e-002 ( 1.864e-002) 
84  8.508e-001 ( 2.123e-002)  1.214e-001 ( 2.268e-002)  2.780e-002 ( 1.260e-002)  7.489e-002 ( 2.021e-002)  8.191e-001 ( 2.766e-002)  1.060e-001 ( 2.092e-002) 
85  8.417e-001 ( 2.330e-002)  1.273e-001 ( 2.488e-002)  3.099e-002 ( 1.487e-002)  7.112e-002 ( 2.021e-002)  8.157e-001 ( 2.950e-002)  1.131e-001 ( 2.360e-002) 
86  8.321e-001 ( 2.556e-002)  1.333e-001 ( 2.724e-002)  3.453e-002 ( 1.753e-002)  6.750e-002 ( 2.016e-002)  8.119e-001 ( 3.172e-002)  1.206e-001 ( 2.668e-002) 
87  8.220e-001 ( 2.804e-002)  1.396e-001 ( 2.978e-002)  3.844e-002 ( 2.063e-002)  6.401e-002 ( 2.007e-002)  8.074e-001 ( 3.435e-002)  1.285e-001 ( 3.016e-002) 
88  8.113e-001 ( 3.076e-002)  1.460e-001 ( 3.249e-002)  4.276e-002 ( 2.420e-002)  6.066e-002 ( 1.995e-002)  8.025e-001 ( 3.741e-002)  1.369e-001 ( 3.404e-002) 
89  8.000e-001 ( 3.375e-002)  1.525e-001 ( 3.539e-002)  4.752e-002 ( 2.832e-002)  5.745e-002 ( 1.978e-002)  7.969e-001 ( 4.091e-002)  1.456e-001 ( 3.833e-002) 
90  7.881e-001 ( 3.703e-002)  1.592e-001 ( 3.848e-002)  5.276e-002 ( 3.304e-002)  5.436e-002 ( 1.957e-002)  7.908e-001 ( 4.487e-002)  1.549e-001 ( 4.303e-002) 