
#****** ******
# PLFgali.txt
#IMaCh version 0.99r45, April 2023,INED-EUROREVES-Institut de longevite-Japan Society for the Promotion of Science (Grant-in-Aid for Scientific Research 25293121), Intel Software 2015-2020, Nihon University 2021-202, INED 2000-2022
#$Revision: 1.353 $ $Date: 2023/05/08 18:48:22 $
# Tue Feb 04 20:24:32 2025
# Health expectancies with standard errors
# Age e11 (SE) e12 (SE) e1.  e21 (SE) e22 (SE) e2. 
 50   23.2201 (0.9991)    5.8336 (0.6132)   29.0537 (1.2103)   21.3947 (1.3213)    6.9406 (0.7447)   28.3354 (1.4985)
 51   22.3305 (0.9808)    5.7856 (0.6067)   28.1162 (1.1920)   20.4268 (1.3076)    6.9164 (0.7389)   27.3432 (1.4967)
 52   21.4514 (0.9618)    5.7343 (0.6001)   27.1856 (1.1727)   19.4678 (1.2914)    6.8878 (0.7329)   26.3556 (1.4931)
 53   20.5834 (0.9422)    5.6794 (0.5934)   26.2628 (1.1525)   18.5189 (1.2726)    6.8545 (0.7268)   25.3735 (1.4874)
 54   19.7276 (0.9221)    5.6208 (0.5866)   25.3484 (1.1315)   17.5816 (1.2511)    6.8162 (0.7206)   24.3978 (1.4793)
 55   18.8849 (0.9015)    5.5584 (0.5796)   24.4433 (1.1096)   16.6573 (1.2268)    6.7725 (0.7144)   23.4298 (1.4686)
 56   18.0562 (0.8806)    5.4920 (0.5726)   23.5482 (1.0869)   15.7477 (1.1999)    6.7229 (0.7080)   22.4706 (1.4549)
 57   17.2425 (0.8594)    5.4215 (0.5656)   22.6640 (1.0635)   14.8543 (1.1703)    6.6673 (0.7015)   21.5216 (1.4380)
 58   16.4449 (0.8381)    5.3468 (0.5584)   21.7916 (1.0396)   13.9789 (1.1383)    6.6051 (0.6947)   20.5840 (1.4177)
 59   15.6642 (0.8167)    5.2678 (0.5513)   20.9320 (1.0152)   13.1233 (1.1040)    6.5362 (0.6877)   19.6595 (1.3939)
 60   14.9016 (0.7955)    5.1846 (0.5441)   20.0861 (0.9906)   12.2893 (1.0679)    6.4604 (0.6803)   18.7496 (1.3666)
 61   14.1579 (0.7744)    5.0970 (0.5369)   19.2549 (0.9658)   11.4786 (1.0302)    6.3773 (0.6723)   17.8559 (1.3358)
 62   13.4341 (0.7537)    5.0052 (0.5298)   18.4393 (0.9411)   10.6930 (0.9913)    6.2871 (0.6637)   16.9801 (1.3018)
 63   12.7310 (0.7334)    4.9091 (0.5227)   17.6402 (0.9168)    9.9341 (0.9517)    6.1896 (0.6543)   16.1236 (1.2646)
 64   12.0496 (0.7135)    4.8090 (0.5158)   16.8586 (0.8929)    9.2034 (0.9119)    6.0848 (0.6440)   15.2882 (1.2248)
 65   11.3905 (0.6942)    4.7048 (0.5091)   16.0953 (0.8698)    8.5024 (0.8722)    5.9729 (0.6328)   14.4754 (1.1828)
 66   10.7543 (0.6755)    4.5968 (0.5026)   15.3511 (0.8476)    7.8323 (0.8330)    5.8542 (0.6208)   13.6865 (1.1391)
 67   10.1416 (0.6573)    4.4853 (0.4965)   14.6269 (0.8266)    7.1941 (0.7947)    5.7289 (0.6079)   12.9230 (1.0943)
 68    9.5529 (0.6398)    4.3704 (0.4909)   13.9234 (0.8069)    6.5886 (0.7576)    5.5975 (0.5943)   12.1860 (1.0492)
 69    8.9885 (0.6228)    4.2525 (0.4857)   13.2410 (0.7887)    6.0163 (0.7217)    5.4603 (0.5803)   11.4766 (1.0044)
 70    8.4485 (0.6064)    4.1320 (0.4812)   12.5804 (0.7721)    5.4776 (0.6873)    5.3179 (0.5661)   10.7955 (0.9608)
 71    7.9330 (0.5905)    4.0090 (0.4773)   11.9420 (0.7572)    4.9726 (0.6543)    5.1709 (0.5522)   10.1435 (0.9191)
 72    7.4421 (0.5751)    3.8841 (0.4741)   11.3262 (0.7439)    4.5009 (0.6226)    5.0200 (0.5390)    9.5209 (0.8799)
 73    6.9755 (0.5601)    3.7576 (0.4717)   10.7330 (0.7322)    4.0622 (0.5921)    4.8658 (0.5271)    8.9280 (0.8440)
 74    6.5328 (0.5456)    3.6299 (0.4700)   10.1628 (0.7220)    3.6558 (0.5628)    4.7091 (0.5168)    8.3649 (0.8119)
 75    6.1139 (0.5315)    3.5015 (0.4690)    9.6154 (0.7133)    3.2808 (0.5344)    4.5504 (0.5086)    7.8312 (0.7840)
 76    5.7180 (0.5178)    3.3728 (0.4686)    9.0908 (0.7058)    2.9361 (0.5069)    4.3907 (0.5029)    7.3268 (0.7605)
 77    5.3447 (0.5046)    3.2441 (0.4688)    8.5888 (0.6994)    2.6206 (0.4801)    4.2305 (0.5000)    6.8511 (0.7414)
 78    4.9932 (0.4918)    3.1160 (0.4694)    8.1091 (0.6939)    2.3328 (0.4538)    4.0705 (0.4999)    6.4033 (0.7266)
 79    4.6628 (0.4794)    2.9887 (0.4703)    7.6515 (0.6892)    2.0713 (0.4282)    3.9115 (0.5025)    5.9828 (0.7158)
 80    4.3527 (0.4676)    2.8627 (0.4714)    7.2154 (0.6850)    1.8345 (0.4030)    3.7539 (0.5076)    5.5885 (0.7084)
 81    4.0621 (0.4563)    2.7383 (0.4725)    6.8004 (0.6813)    1.6210 (0.3784)    3.5984 (0.5150)    5.2194 (0.7040)
 82    3.7900 (0.4455)    2.6159 (0.4735)    6.4059 (0.6780)    1.4289 (0.3544)    3.4455 (0.5240)    4.8744 (0.7019)
 83    3.5356 (0.4352)    2.4957 (0.4743)    6.0314 (0.6748)    1.2569 (0.3309)    3.2956 (0.5343)    4.5525 (0.7016)
 84    3.2981 (0.4256)    2.3781 (0.4748)    5.6762 (0.6718)    1.1032 (0.3082)    3.1491 (0.5453)    4.2523 (0.7023)
 85    3.0763 (0.4165)    2.2633 (0.4749)    5.3397 (0.6690)    0.9664 (0.2861)    3.0065 (0.5566)    3.9728 (0.7037)
 86    2.8696 (0.4080)    2.1515 (0.4745)    5.0211 (0.6662)    0.8449 (0.2649)    2.8679 (0.5677)    3.7128 (0.7052)
 87    2.6770 (0.4001)    2.0429 (0.4736)    4.7199 (0.6636)    0.7373 (0.2445)    2.7336 (0.5783)    3.4709 (0.7064)
 88    2.4976 (0.3927)    1.9376 (0.4721)    4.4352 (0.6610)    0.6424 (0.2251)    2.6038 (0.5880)    3.2462 (0.7071)
 89    2.3306 (0.3859)    1.8358 (0.4701)    4.1664 (0.6586)    0.5588 (0.2066)    2.4787 (0.5965)    3.0375 (0.7071)
 90    2.1753 (0.3794)    1.7376 (0.4675)    3.9129 (0.6563)    0.4854 (0.1892)    2.3583 (0.6038)    2.8437 (0.7060)
