
#****** ******
# PLFgali.txt
#IMaCh version 0.99r45, April 2023,INED-EUROREVES-Institut de longevite-Japan Society for the Promotion of Science (Grant-in-Aid for Scientific Research 25293121), Intel Software 2015-2020, Nihon University 2021-202, INED 2000-2022
#$Revision: 1.353 $ $Date: 2023/05/08 18:48:22 $
# Tue Feb 04 20:24:32 2025
# Standard deviation of period (forward stable) prevalences 
# Age  Result#  1-1 2-2
50 1  0.94861 (0.01399) 0.05142 (0.01403)
51 1  0.94434 (0.01454) 0.05569 (0.01457)
52 1  0.93973 (0.01508) 0.06030 (0.01512)
53 1  0.93476 (0.01561) 0.06527 (0.01564)
54 1  0.92940 (0.01612) 0.07064 (0.01617)
55 1  0.92363 (0.01662) 0.07640 (0.01665)
56 1  0.91743 (0.01708) 0.08261 (0.01713)
57 1  0.91077 (0.01752) 0.08926 (0.01756)
58 1  0.90364 (0.01793) 0.09641 (0.01797)
59 1  0.89600 (0.01830) 0.10404 (0.01834)
60 1  0.88784 (0.01864) 0.11221 (0.01869)
61 1  0.87914 (0.01904) 0.12093 (0.01764)
62 1  0.86987 (0.01923) 0.13019 (0.01928)
63 1  0.86003 (0.01949) 0.14005 (0.01955)
64 1  0.84959 (0.01975) 0.15048 (0.01980)
65 1  0.83855 (0.02001) 0.16154 (0.02007)
66 1  0.82689 (0.02031) 0.17319 (0.02036)
67 1  0.81462 (0.02066) 0.18548 (0.02072)
68 1  0.80173 (0.02110) 0.19835 (0.02114)
69 1  0.78823 (0.02165) 0.21188 (0.02170)
70 1  0.77412 (0.02234) 0.22601 (0.02240)
71 1  0.75942 (0.02321) 0.24070 (0.02326)
72 1  0.74414 (0.02426) 0.25600 (0.02432)
73 1  0.72830 (0.02552) 0.27182 (0.02556)
74 1  0.71194 (0.02698) 0.28820 (0.02704)
75 1  0.69508 (0.02866) 0.30509 (0.02871)
76 1  0.67775 (0.03115) 0.32239 (0.03277)
77 1  0.66000 (0.03258) 0.34017 (0.03263)
78 1  0.64186 (0.03480) 0.35833 (0.03485)
79 1  0.62337 (0.03717) 0.37684 (0.03723)
80 1  0.60459 (0.03967) 0.39565 (0.03973)
81 1  0.58554 (0.04229) 0.41466 (0.04234)
82 1  0.56629 (0.04503) 0.43392 (0.04509)
83 1  0.54687 (0.04789) 0.45335 (0.04794)
84 1  0.52734 (0.05086) 0.47290 (0.05092)
85 1  0.50774 (0.05397) 0.49252 (0.05403)
86 1  0.48810 (0.05723) 0.51217 (0.05729)
87 1  0.46846 (0.06298) 0.53175 (0.06014)
88 1  0.44889 (0.06432) 0.55134 (0.06437)
89 1  0.42940 (0.06822) 0.57083 (0.06827)
90 1  0.41004 (0.07239) 0.59020 (0.07244)
