# Powell
# iter -2*LL p12 p13 p21 p23
1 1 14014.811129503310 0 0.000000000000 0.000000000000 0.000000000000 0.000000000000 0.000000000000 0.000000000000 0.000000000000 0.000000000000
2 2 3767.804711572184 1 5.704873800648 0.001712533174 -0.399858298621 -0.001610350013 2.546036873637 -0.000462545339 -1.333958691675 0.002240974069
3 2 2717.205196865039 2 -1.787223383019 -0.002910651899 -6.126160376804 0.008352721470 1.004655945543 -0.017424485710 -1.994369752875 -0.032204309714
4 3 2642.678523109590 2 -2.766313623386 -0.002543916483 -6.597334787204 0.012801263121 0.731904171818 -0.024768953638 -2.140688837967 -0.035666317957
5 3 2353.303526156126 3 -3.743308256336 -0.002410334133 -6.386930172998 0.016403408818 0.183570088550 -0.041841534925 -1.676328937337 -0.036330419848
6 4 2323.943703030637 4 -3.632832263974 -0.001999894360 -7.793219562418 0.019333920107 0.182087461574 -0.041906518653 -1.446412154515 -0.036274792869
7 4 2323.202077251896 5 -3.668792742986 -0.001603807210 -7.950232842747 0.021552611765 0.175494104352 -0.041788989001 -1.456797607147 -0.036300102860
8 5 2309.697475787915 6 -4.472183612815 0.009733859826 -12.544231484997 0.094002932156 -0.036401552452 -0.038574152405 -1.556431947694 -0.036874468298
9 5 2306.247802681320 7 -4.663603460501 0.012622290298 -14.023174948827 0.112161995823 -0.095224328422 -0.037272796962 -1.587065776368 -0.037032332259
10 6 2304.291438692401 8 -4.979829105155 0.017327725371 -16.500221654212 0.142281203757 -0.197345946947 -0.035207454720 -1.628484411960 -0.037224634781
11 6 2304.213361343722 9 -4.978638598273 0.017301924872 -16.539233823330 0.142644067901 -0.200813115734 -0.035240745576 -1.621682224040 -0.037174949455
12 7 2302.894440351963 10 -4.733889600603 0.013966995274 -16.670070924224 0.140764233172 -0.256966512059 -0.035190268741 -1.648566744192 -0.035053052282
13 7 2301.472917403468 11 -4.718286500050 0.013743056615 -17.510107089478 0.151271046285 -0.319456806957 -0.034130765412 -1.749137456508 -0.033831720589
14 8 2294.471652675636 12 -3.892255597045 0.001620261313 -19.943155782262 0.184341871927 -0.680614136368 -0.028358028307 -2.657727898293 -0.022054536097
15 8 2294.175676390880 14 -3.780489731711 -0.000162961957 -19.363024061006 0.177014144773 -0.678882996345 -0.028591026964 -2.697556363911 -0.021383499327
16 9 2291.817796010263 16 -3.659907699323 -0.002548536080 -19.505183030473 0.174641656087 -1.115675405677 -0.023131591208 -3.183207982075 -0.012988856284
17 9 2289.433379984278 18 -3.874627985029 0.000738095410 -19.860905831422 0.179274640221 -1.313939617428 -0.020294646366 -3.360068722517 -0.010612063212
18 10 2281.526810037664 20 -4.786085773159 0.014302037158 -16.613669752588 0.142894674640 -2.337403758589 -0.006117530693 -4.418958732094 0.003615359917
19 10 2281.324477204912 22 -4.771050827838 0.014113750803 -16.347419136079 0.139109431247 -2.366084921297 -0.005835675060 -4.487989539694 0.004353556010
20 11 2280.590442747660 25 -4.611219861768 0.011406384674 -14.429449778267 0.113497506725 -2.405592585478 -0.005623088252 -4.694579517072 0.007759255449
21 11 2279.877761750300 26 -4.636614590063 0.011825842930 -14.176193576803 0.109975462990 -2.343648594920 -0.006526134310 -4.668992269522 0.007538702256
22 12 2251.093316254744 -32 -4.042971196469 0.003379743983 -9.657195549384 0.039751738895 -0.477819836356 -0.034171805634 -7.006198445036 0.044810810523
23 12 2237.353757899189 -30 -4.762285887687 0.014525914874 -10.240155919661 0.045078196301 0.201185044961 -0.042865942078 -7.870990891862 0.054590484649
24 13 2226.080778264408 -28 -5.342634346868 0.023012353076 -7.822118329809 0.018958313977 0.540306525949 -0.047056691369 -11.100464970893 0.091956859043
25 13 2223.989234271317 -26 -4.998395910218 0.017743102348 -8.543709512471 0.029789212657 0.481975747779 -0.046414426956 -12.160824305594 0.103967766965
26 14 2223.527118208017 -24 -4.901027508763 0.016146142893 -8.969709214677 0.036201088126 0.306581154093 -0.044044831300 -12.971832553445 0.113736064855
27 14 2223.486530324894 -22 -4.943838956162 0.016764399597 -9.060402105599 0.037301031473 0.260826090751 -0.043417084026 -12.910438275369 0.113018287866
28 15 2223.455340106563 -20 -5.028629120746 0.017982580391 -9.043836224513 0.037211840130 0.182253361713 -0.042299845316 -12.912590258986 0.113049169973
29 15 2223.454485377597 -18 -5.026976291768 0.017954203394 -9.029394889335 0.036997340041 0.178011496470 -0.042242089833 -12.924372178885 0.113193352548
30 16 2223.452341999976 -16 -5.028492349980 0.017977608425 -8.937931087827 0.035571860639 0.171597468599 -0.042153793661 -12.917935303981 0.113138647549
31 16 2223.452121423304 -14 -5.030747648390 0.018011267297 -8.931675501137 0.035479877104 0.174717673599 -0.042198236950 -12.922244253277 0.113190899654
32 17 2223.452026313901 -12 -5.033413896929 0.018051108232 -8.927443367096 0.035406840632 0.177738026832 -0.042241216676 -12.929771824685 0.113282254185
33 17 2223.452026230906 -10 -5.033389712854 0.018050739366 -8.927203939263 0.035403913572 0.177727396180 -0.042241066204 -12.930015647169 0.113285130449
34 18 2223.452026217212 -7 -5.033381772306 0.018050598648 -8.927208260850 0.035404285613 0.177728905597 -0.042241092504 -12.930115827655 0.113286291458
35 18 2223.452026215352 -4 -5.033379049942 0.018050544071 -8.927209510322 0.035404483068 0.177732111378 -0.042241143453 -12.930158670428 0.113286782828
36 19 2223.452026215349 0 -5.033379044395 0.018050543979 -8.927209536155 0.035404483455 0.177732101011 -0.042241143313 -12.930158722895 0.113286783460
