# Powell
# iter -2*LL p12 p13 p21 p23
1 1 11155.036205452172 1 0.000000000000 0.000000000000 0.000000000000 0.000000000000 0.000000000000 0.000000000000 0.000000000000 0.000000000000
2 2 3214.782586484317 1 5.991762821737 -0.002633468951 -0.813718710373 0.002591502794 2.778883850547 -0.001111425118 -0.951111678147 0.002866657620
3 2 2171.738907156562 2 -2.603340202599 -0.006427391477 -4.742580295261 0.018876500428 1.420156644022 -0.003943719215 -1.369946714822 -0.026893192951
4 3 1921.092949599950 3 -1.680014072593 -0.009410436979 -6.034344172297 0.022466179141 1.927129314167 0.004654708153 -1.545053476704 -0.013622261205
5 3 1870.735752227809 4 -1.891251983051 -0.006181382362 -7.471904913517 0.043398722123 2.046861882653 0.011014774090 -4.235231154933 0.059619359389
6 4 1834.387992034683 5 -1.775732307000 -0.006307575424 -8.535392626056 0.048707573787 2.160849346350 0.011665078005 -5.205651745996 0.079965801151
7 4 1815.859146216111 6 -1.776914130221 -0.005203737324 -10.469488763118 0.055979579812 2.248906139289 0.011952896543 -6.597006267640 0.105384634950
8 5 1806.613325306408 7 -1.860806724108 -0.004662140044 -11.633039571522 0.059973337591 2.278695839797 0.011215130792 -7.479326654584 0.115989913491
9 5 1770.736579194826 8 -2.139040576723 0.002186243235 -11.132828997595 0.081189773344 2.597191830749 0.005756195620 -12.231933573812 0.168029734485
10 6 1763.899581230440 9 -2.369642449876 0.003735264743 -11.254590732318 0.085163902986 2.584601555647 0.003936357807 -13.174170882435 0.175644926334
11 6 1753.678089124389 9 -3.146653937046 0.013742247250 -12.284090193002 0.104599427559 2.717527950368 -0.007448120266 -17.952286032083 0.212776306563
12 7 1751.365272660122 10 -3.334620243653 0.016207990411 -12.633031475558 0.108334972021 2.733339342003 -0.010758974531 -18.910693312810 0.222444291746
13 7 1748.858062650740 10 -3.834521428045 0.022238756103 -13.476348969314 0.117127388092 2.748349636497 -0.020659688793 -21.249886822513 0.242785332603
14 8 1747.539229750222 11 -3.946659697982 0.022890102137 -13.514653481393 0.117234456280 2.706685793165 -0.023849624001 -21.391995690330 0.242330806488
15 8 1738.397233929410 12 -4.595359421964 0.024949385517 -13.382118230596 0.113157854895 2.349182399858 -0.047281652093 -21.290737703398 0.226286234182
16 9 1590.202761006217 13 -7.255616244695 0.039484390886 -14.092376637031 0.123713443642 1.484845352243 -0.061327923344 -23.470681283615 0.249395880991
17 9 1572.586146838748 14 -6.741981556468 0.031049683989 -12.850352940762 0.100389088805 1.148070023954 -0.059977693442 -17.778776086088 0.190732910849
18 10 1563.152139859136 16 -6.331561591671 0.027384698866 -12.242276032403 0.090477684225 1.091707907347 -0.058411397330 -15.483374184943 0.163581042304
19 10 1555.030655703295 18 -5.899275142534 0.022613405763 -11.190451221741 0.074105886536 0.898587748701 -0.056499600786 -11.750718742505 0.117475644959
20 11 1554.100958229428 19 -5.983310111294 0.023574026673 -11.195644901666 0.074145753470 0.873198273208 -0.056377551349 -11.694425190965 0.116682899682
21 11 1532.602552815404 21 -8.786517261003 0.065847610308 -11.585558889822 0.077236965381 0.203666536423 -0.043714521610 -9.241923834427 0.088282584380
22 12 1529.557579056020 23 -9.398516131514 0.072997686503 -11.777846680218 0.080048127118 0.065470193389 -0.043761915029 -9.475569103778 0.090547555279
23 12 1529.259790661551 24 -9.600347336804 0.075415257220 -11.872811136950 0.081434823465 0.030517011139 -0.043763679731 -9.658258310384 0.092655211375
24 13 1529.228609068933 26 -9.666796754686 0.076209015677 -11.904422374217 0.081866704649 0.019063188362 -0.043764088835 -9.711307855676 0.093264564125
25 13 1529.218872965781 -32 -9.718151911259 0.076829254526 -11.933346959201 0.082202498806 0.011567914008 -0.043775241112 -9.750033150111 0.093714207343
26 14 1529.204375140069 -31 -9.749542979091 0.077209791172 -11.965344312020 0.082460982782 0.010826482418 -0.043849248631 -9.781855784408 0.094099159977
27 14 1529.176355766720 -29 -9.808433285740 0.078009277405 -12.019187568312 0.082748221394 0.007066137908 -0.043845285150 -9.778745588534 0.094091307350
28 15 1529.106392835097 -27 -9.826946676031 0.078445730708 -12.099996768696 0.082741110221 0.020555265400 -0.043920882107 -9.698972911026 0.093250705493
29 15 1529.079754382812 -26 -9.757264852190 0.077617402226 -12.083073506276 0.082420207465 0.035336683510 -0.044007753056 -9.672836551396 0.092978125595
30 16 1529.073920753414 -24 -9.704205517328 0.076920154817 -12.078149565254 0.082262677939 0.048111780300 -0.044207996474 -9.680305569564 0.093079665626
31 16 1529.073169185458 -23 -9.705008086957 0.076928881505 -12.078524702836 0.082265946596 0.047784243471 -0.044224519900 -9.679301462799 0.093066581774
32 17 1529.059396720584 -22 -9.716902757856 0.077058152196 -12.097560684103 0.082450502623 0.045059047860 -0.044495349536 -9.647778820736 0.092673349461
33 17 1529.040095133690 -20 -9.719945862215 0.077099942038 -12.114509941541 0.082735541435 0.047855503086 -0.044549173997 -9.665329543782 0.092883620088
34 18 1528.384679975216 -19 -9.587348248127 0.074801917371 -13.187040742963 0.099399008917 0.300296103155 -0.048917390008 -10.475824969399 0.102574672253
35 18 1527.985143626086 -17 -9.503309942861 0.073407834849 -13.448249054519 0.103307792503 0.367823977216 -0.049980871873 -10.468019720035 0.102349242206
36 19 1525.422000519373 -16 -8.819818104533 0.062858255409 -15.400023776852 0.134138808493 0.880822409926 -0.057216088613 -10.238564092075 0.098592835957
37 19 1524.071664925432 -14 -8.578068303879 0.059504916668 -15.790020129974 0.138815747784 0.991868610936 -0.058620445213 -9.568015153619 0.090178386354
38 20 1523.288961504562 -13 -8.223632983031 0.054458209673 -16.649022619709 0.149043264723 1.212428624987 -0.062066369046 -8.704412213473 0.079272014908
39 20 1523.253137869757 -12 -8.236995027779 0.054649919909 -16.734497549845 0.149805646618 1.228683785317 -0.062403415835 -8.761268774675 0.079988621540
40 21 1523.234856777135 -10 -8.214163098271 0.054299151730 -16.907965315809 0.151847160281 1.269997950942 -0.063137567861 -8.825705986999 0.080813876613
41 21 1523.233584341256 -9 -8.207485132554 0.054183872213 -16.909427264051 0.151945483066 1.271672588794 -0.063169820289 -8.830613264024 0.080858997133
42 22 1523.232835224996 -8 -8.191533538179 0.053948694564 -16.937354741423 0.152339509994 1.280016278993 -0.063275017392 -8.812705677812 0.080622011552
43 22 1523.232421714541 -7 -8.191700232741 0.053952597557 -16.938527679844 0.152345656159 1.280091340730 -0.063270417848 -8.810152486124 0.080611202385
44 23 1523.229668325865 -5 -8.200495577536 0.054061901013 -16.935882726226 0.152408768175 1.275525219459 -0.063277521180 -8.814316648116 0.080692077832
45 23 1523.226595241718 -4 -8.211385961847 0.054229625877 -16.929515427338 0.152292777022 1.271032701298 -0.063229428016 -8.816971096420 0.080732305162
46 24 1523.149874374854 -2 -8.269327525406 0.055201183823 -17.184719270151 0.155234050582 1.258589159169 -0.063288370500 -8.619220760215 0.078176937924
47 24 1523.093563513021 -1 -8.274004975849 0.055306794729 -17.203715041691 0.155269662111 1.248587043551 -0.062977954903 -8.616853734729 0.078135012319
48 25 1520.198789346417 0 -8.861415618890 0.064744052839 -17.688628850376 0.158337254767 -0.211329509911 -0.038872712302 -8.945055124730 0.083562698733
49 25 1518.618183773554 1 -8.595267444569 0.060636914660 -17.959560837142 0.162824281875 -0.540626804873 -0.034426595002 -8.922327379470 0.082933454455
50 26 1517.248314070885 3 -8.039122102682 0.052074391006 -18.581411468699 0.172574438046 -1.243228133789 -0.024724910193 -8.738425972908 0.079874524454
51 26 1517.235347163775 4 -8.065063224369 0.052451576650 -18.565738798659 0.172256483603 -1.297346361946 -0.024034231138 -8.764793082953 0.080220307632
52 27 1517.231222052222 5 -8.088785053357 0.052747923220 -18.536717722193 0.171818073478 -1.337706881639 -0.023514618131 -8.770756698417 0.080298767465
53 27 1517.230491266796 6 -8.086491980086 0.052697216769 -18.529128951596 0.171730306876 -1.325817384457 -0.023689687800 -8.772620905382 0.080302201547
54 28 1517.230168664398 8 -8.079998590323 0.052587827148 -18.535071929615 0.171799873013 -1.318900121881 -0.023781996856 -8.767369381432 0.080217989728
55 28 1517.230146454450 9 -8.080380340406 0.052590931730 -18.537694014957 0.171831808509 -1.322156908703 -0.023732172011 -8.766087465017 0.080204556845
56 29 1517.230141720136 11 -8.079955797563 0.052585095031 -18.539210589143 0.171852799739 -1.321849973916 -0.023732936284 -8.765503863490 0.080198746921
57 29 1517.230141708987 13 -8.079928107507 0.052584588336 -18.539135423895 0.171852110159 -1.321841279555 -0.023733153043 -8.765510784891 0.080198783271
58 30 1517.230141708351 16 -8.079927789199 0.052584571785 -18.539112271290 0.171851877129 -1.321840089755 -0.023733188752 -8.765518902782 0.080198883804
59 30 1517.230141708313 18 -8.079926612277 0.052584553855 -18.539108935720 0.171851846261 -1.321839953357 -0.023733195952 -8.765520817016 0.080198908144
60 31 1517.230141708307 22 -8.079926817818 0.052584557530 -18.539108182431 0.171851838660 -1.321839796946 -0.023733200117 -8.765521125191 0.080198912822
