# Powell
# iter -2*LL p12 p13 p21 p23
1 1 7281.453005927053 1 0.000000000000 0.000000000000 0.000000000000 0.000000000000 0.000000000000 0.000000000000 0.000000000000 0.000000000000
2 2 2422.346779724649 1 5.614804802120 -0.003473122980 -0.846571324541 0.003404962485 2.602380654784 -0.001266626450 -0.907750689765 0.002359907997
3 2 2117.432418771633 1 -1.451246208407 -0.007425897354 -3.680491200391 0.015251124568 1.527507445516 -0.001849410020 -1.120103482443 -0.026306093380
4 3 1724.184206527781 1 -0.988380273079 -0.010620828657 -5.503823318143 0.019457232282 1.986080918285 0.006377861547 -1.170626992429 -0.008560753126
5 3 1675.258466099132 2 -1.465137745596 -0.004718854183 -6.520378395541 0.026870686053 1.922881716123 0.008105530398 -1.926733911699 0.026862034111
6 4 1651.148440791925 2 -1.618955779175 -0.002778200646 -7.755506125629 0.035026272765 1.928179119075 0.008090770437 -2.402149245648 0.035340308457
7 4 1575.888697325471 2 -3.422944984456 0.022046192539 -17.024635040767 0.129599486503 1.904476657877 0.016049615880 -6.942609226996 0.108443058649
8 5 1554.865982533294 2 -3.872929501826 0.028721285785 -18.572488808144 0.158986437135 1.967974298535 0.023449577295 -8.386821304888 0.129725902050
9 5 1536.008885024344 2 -4.090752207938 0.035566626155 -18.944395813431 0.181876187424 2.114134986240 0.031141469351 -9.539364980804 0.146340294640
10 6 1534.446770885010 3 -4.280717109747 0.038299962897 -19.419556714232 0.187309147909 2.106107182898 0.032843449560 -9.830048512531 0.151122313528
11 6 1518.767360307546 3 -7.131345837071 0.078919368232 -21.357518371754 0.210278827302 1.762359696516 0.051305114958 -11.304992473781 0.181369757206
12 7 1508.293473839707 3 -7.829097786882 0.088902253446 -19.181790284899 0.189498090197 1.622132787879 0.055746223446 -10.526212038723 0.171911037569
13 7 1500.975423185490 3 -8.747590658054 0.101341810228 -15.839181936366 0.152391679824 1.386283752731 0.059926676585 -9.136779898208 0.154516336964
14 8 1500.519299495258 3 -8.766859116535 0.101374114022 -15.486968517307 0.146435170766 1.355960466693 0.059101263280 -8.881823351266 0.150987601221
15 8 1500.476828826621 3 -8.784022204866 0.101531672401 -15.342427831828 0.143976397226 1.342531921356 0.058780689643 -8.789355942074 0.149629432422
16 9 1500.471544382246 4 -8.774210321906 0.101385686809 -15.312214335114 0.143462138998 1.341503979609 0.058499645820 -8.782520081623 0.149301135535
17 9 1500.468168021121 4 -8.765440025675 0.101252377670 -15.281103224644 0.143060147415 1.340409076274 0.058265699456 -8.768800923137 0.149002660507
18 10 1500.450558528053 4 -8.771653240547 0.101222407043 -15.377556258511 0.144134035834 1.338699376339 0.057410178698 -8.879118837501 0.149582225270
19 10 1500.404335766039 4 -8.796809647470 0.101480580053 -15.443600369359 0.145118259820 1.334206356763 0.055343097833 -9.100132051789 0.150132331926
20 11 1499.257455033170 4 -9.358930642467 0.108498703784 -15.250656014034 0.144670095179 1.209088732764 0.012701382789 -12.865063461031 0.150944469649
21 11 1493.332602050903 4 -9.599123184812 0.108871763854 -10.675109688622 0.068579079649 0.854168329469 0.000708456311 -10.063741997735 0.108413713778
22 12 1479.126669355918 5 -7.225809061632 0.063276347919 -6.787288644308 0.020255225335 0.845151580607 -0.029226165135 -7.448464699571 0.058779068186
23 12 1428.536528880464 5 -7.271469731295 0.053969605618 -9.968814226782 0.065770212718 0.706402273579 -0.035855175190 -8.966287698205 0.077800681272
24 13 1425.748603004648 5 -7.200992105642 0.051866961334 -11.093701328153 0.080711130622 0.722885441773 -0.037133840298 -9.519496393814 0.085163848362
25 13 1424.564964739596 5 -7.339115909238 0.053044326993 -12.234974288038 0.095149962698 0.719711615727 -0.038051583917 -10.250461676633 0.094386993616
26 14 1423.936142582747 5 -7.527127682009 0.055428663818 -11.999554797380 0.092038211743 0.681323848016 -0.038231216986 -10.267469699130 0.094062744001
27 14 1422.488146450650 5 -8.556915845047 0.069644003563 -10.921074815623 0.076961984566 0.492161586825 -0.035689387423 -10.282181677382 0.094997720567
28 15 1422.398061587710 5 -8.594674631096 0.070330235628 -10.957476600976 0.076877636758 0.492943441655 -0.035453724000 -10.335245662604 0.095595633183
29 15 1422.337810042631 6 -8.617598604644 0.070853224702 -11.024640874322 0.078066619868 0.502680693128 -0.035385679881 -10.405014685615 0.096101087596
30 16 1422.317895538593 6 -8.639789562309 0.071089078832 -11.118508871657 0.079433658779 0.503080312346 -0.035459989690 -10.465651634086 0.096790600270
31 16 1422.251202404334 6 -8.670815727372 0.071260924293 -11.482367984157 0.084769177725 0.521226759014 -0.035948850078 -10.592570847316 0.098140432372
32 17 1422.188333297968 6 -8.663319021179 0.071134857654 -11.500613137246 0.085083054172 0.529326153169 -0.036027053848 -10.539004486373 0.097426979195
33 17 1421.189771307020 6 -8.710540431304 0.072128725620 -12.128678262139 0.094241411738 0.716674956864 -0.038268466032 -9.079218605608 0.079373695016
34 18 1420.660692251317 6 -8.627714835333 0.070890919260 -12.750055521235 0.101410240163 0.792110553774 -0.039453769857 -8.696834989258 0.075185054781
35 18 1420.532474429209 6 -8.580809474040 0.070280346247 -13.004889935115 0.104201374004 0.826096443196 -0.039939740976 -8.514100946823 0.073205615675
36 19 1420.490755517672 7 -8.549070079687 0.069875627956 -13.159104807477 0.105916588542 0.846608655080 -0.040223464907 -8.415616288628 0.072130658945
37 19 1420.463258127718 7 -8.492523208133 0.069154760656 -13.455651091885 0.109273132680 0.884443548826 -0.040747008987 -8.247395391719 0.070282746723
38 20 1420.462833028868 7 -8.491489295993 0.069139967944 -13.475789918110 0.109543801139 0.886153152564 -0.040770874020 -8.246357582512 0.070257207349
39 20 1420.461707455092 7 -8.497574280092 0.069215102844 -13.535547756376 0.110363057881 0.890272767929 -0.040833547408 -8.220922051392 0.069918938012
40 21 1420.461117133929 7 -8.495868158718 0.069194911930 -13.538124597352 0.110415587403 0.890147386736 -0.040814516878 -8.217255834428 0.069881704180
41 21 1420.456851682391 7 -8.509728696862 0.069419137908 -13.564221242615 0.110853284998 0.876860274560 -0.040595190217 -8.249142588439 0.070337182641
42 22 1420.449022991879 8 -8.525562330691 0.069654243771 -13.599480092538 0.111354556560 0.853692888379 -0.040255237422 -8.284147070587 0.070801618226
43 22 1420.440073417213 8 -8.505638394889 0.069400343418 -13.640602380108 0.112055572218 0.828771278657 -0.039890041597 -8.253944284698 0.070480557409
44 23 1420.426168418394 8 -8.461259839653 0.068778930714 -13.650043038869 0.112286188348 0.804158921648 -0.039561684449 -8.142880941161 0.069116468182
45 23 1420.413282580702 8 -8.482486557699 0.069067661074 -13.635837639368 0.112143783914 0.745672880464 -0.038752633254 -8.079543527518 0.068411741037
46 24 1420.372988625849 9 -8.565774165031 0.070183471866 -13.604776115961 0.111559921717 0.601844267628 -0.036796241576 -7.992775364982 0.067414290133
47 24 1420.330715347148 9 -8.585351354992 0.070435411716 -13.660376315623 0.112051270073 0.562136145862 -0.036280232281 -8.047685844429 0.067982171750
48 25 1420.311607918714 9 -8.593785869989 0.070554965183 -13.797155045163 0.113655921561 0.494526109089 -0.035365645704 -8.135729497135 0.068963712695
49 25 1420.311424909724 9 -8.600721721683 0.070655157865 -13.796009614292 0.113627383468 0.492894669024 -0.035339849228 -8.138277869413 0.069004148590
50 26 1420.311330925979 10 -8.603014718710 0.070701609277 -13.795207033354 0.113607503074 0.493594923611 -0.035340444757 -8.138892429186 0.069014394081
51 26 1420.311329792645 10 -8.603004885534 0.070701769894 -13.794779217720 0.113601036724 0.493183825969 -0.035334835619 -8.138478240633 0.069009350817
52 27 1420.311329176753 10 -8.602542578887 0.070695878017 -13.794895285087 0.113602656208 0.493189428388 -0.035334762846 -8.137771325470 0.069000182724
53 27 1420.311329176646 11 -8.602546325813 0.070695927789 -13.794894402980 0.113602620429 0.493185448170 -0.035334711137 -8.137768653393 0.069000144347
54 28 1420.311329176626 11 -8.602548427144 0.070695958469 -13.794891042268 0.113602572569 0.493184969869 -0.035334703458 -8.137766969942 0.069000126524
55 28 1420.311329176624 12 -8.602548774288 0.070695964950 -13.794890451122 0.113602564606 0.493184987369 -0.035334703641 -8.137767296945 0.069000130464
56 29 1420.311329176623 12 -8.602548793268 0.070695965258 -13.794890460030 0.113602564668 0.493184957859 -0.035334703238 -8.137767312048 0.069000130636
57 29 1420.311329176623 13 -8.602548793268 0.070695965258 -13.794890460030 0.113602564668 0.493184957859 -0.035334703238 -8.137767312048 0.069000130636
