# Powell
# iter -2*LL p12 p13 p21 p23
1 1 12854.515648965418 0 0.000000000000 0.000000000000 0.000000000000 0.000000000000 0.000000000000 0.000000000000 0.000000000000 0.000000000000
2 2 3565.092250148946 0 5.354243327890 -0.001281880473 -0.722626775990 0.001280139024 2.873286976702 -0.000919426111 -0.999332739151 0.002877209074
3 2 2615.597637541051 1 -3.408532103911 -0.005224562834 -4.375435363496 0.016544473856 1.003654706289 -0.000161303837 -1.217014780952 -0.041144732345
4 3 2077.564029142124 1 -1.803845745878 -0.008357127657 -5.947781418367 0.019936351771 1.988420733501 0.013818757331 -1.166990137988 -0.020516934604
5 3 2036.923424540666 2 -2.267089434108 -0.001346042096 -7.154171242002 0.036899975923 2.003386743533 0.030711033442 -2.566586798344 0.048039038438
6 4 2005.955850540415 2 -2.436107159609 0.001558719368 -8.127299936793 0.044682750773 2.057702704213 0.038389053596 -3.583885236052 0.075913167362
7 4 1978.946469057395 2 -2.737877344555 0.007489258393 -9.894280018838 0.057123010085 2.152551081052 0.050358669799 -5.361506734998 0.120718659363
8 5 1966.658463020452 3 -2.936803734474 0.009698280980 -10.866103664015 0.062947504049 2.186446455645 0.055826659724 -6.264741940138 0.137566804766
9 5 1917.597929839432 3 -4.212993912638 0.030029567407 -12.643318347859 0.102035817405 2.577317478294 0.091642329038 -12.286070942108 0.241573171665
10 6 1909.514373103528 3 -4.617699732093 0.033814483718 -13.120674723280 0.110076700634 2.592612460729 0.098995213989 -13.481068941221 0.258111525066
11 6 1906.323135785201 4 -4.999350882754 0.039202505533 -13.708448731862 0.119693528001 2.680585728652 0.107643271961 -14.866380991134 0.274829465253
12 7 1905.956105369055 4 -5.076076525654 0.040218313351 -13.800768631070 0.120661278764 2.677347450158 0.108202695765 -14.950865904409 0.276422838519
13 7 1904.475214877286 4 -5.654745922714 0.048264721749 -14.381844575098 0.126859081358 2.635493647658 0.111807073191 -15.305411187045 0.284870820358
14 8 1904.049813678711 4 -5.680045907784 0.048576125368 -14.338599503352 0.126227556471 2.616065042789 0.111743083662 -15.079360701303 0.282127949962
15 8 1897.945463000541 5 -6.348359688451 0.058056796684 -13.421265111803 0.114051109468 2.199558801994 0.110165447592 -10.226496751871 0.224995442866
16 9 1897.282975147145 5 -6.597043076631 0.061544141986 -13.488787146718 0.114914119844 2.155118053728 0.112068711168 -9.805753360032 0.220066139677
17 9 1897.234143814619 5 -6.662259524527 0.062459543398 -13.505244837268 0.115113400043 2.143090547346 0.112548104364 -9.691204467197 0.218665111731
18 10 1897.230895789093 6 -6.681907627379 0.062737566096 -13.510353162651 0.115175424910 2.139323716202 0.112690649077 -9.660772038352 0.218289855837
19 10 1897.230510653117 6 -6.687912111363 0.062822030972 -13.511365037232 0.115187759856 2.137836576415 0.112729833875 -9.653554945180 0.218192415378
20 11 1897.227804124987 7 -6.709605732950 0.063126360354 -13.508273943063 0.115145304799 2.128547934599 0.112814831292 -9.647355396753 0.217983727270
21 11 1897.217890231218 7 -6.745872409675 0.063634695570 -13.493879401691 0.114953910702 2.105314954243 0.112857701751 -9.700408436204 0.218276161519
22 12 1897.187509818745 8 -6.824128414533 0.064749461892 -13.437690094422 0.114389104756 2.038878420310 0.112730247316 -9.992594442498 0.220520547151
23 12 1897.089360728817 8 -6.914347580889 0.065956459850 -13.202646641824 0.111689244505 1.861464122425 0.110794656488 -10.875247559210 0.226737839755
24 13 1896.975943122563 9 -6.858476993457 0.065101827595 -13.024998586788 0.109234900966 1.781703226268 0.108292530843 -11.233967002727 0.228100135675
25 13 1896.855296887617 9 -6.822927097066 0.064760031683 -12.616160936965 0.103272099526 1.565664331620 0.102546262582 -11.914275147503 0.228924462492
26 14 1896.849192684104 9 -6.824512257210 0.064789687418 -12.587229317984 0.102817363589 1.554498047107 0.102233555601 -11.857940241437 0.227819636132
27 14 1896.848649429968 10 -6.831386005487 0.064875961128 -12.578134949987 0.102652771468 1.547672707534 0.102104871247 -11.842444040620 0.227451257531
28 15 1896.848649037421 10 -6.831129539018 0.064872162396 -12.577941709878 0.102650048925 1.547708792483 0.102101628689 -11.842073968346 0.227444784174
29 15 1896.848648213112 11 -6.830943676966 0.064869459803 -12.577154969326 0.102637990297 1.547369026845 0.102081882167 -11.843098515794 0.227436570833
30 16 1896.848645795617 12 -6.830719560068 0.064866085647 -12.576406429354 0.102626494284 1.547132205089 0.102049470111 -11.843933875622 0.227414640220
31 16 1896.848643057807 12 -6.830519518465 0.064863607084 -12.575086534127 0.102607430818 1.546644326315 0.102002378670 -11.845622465539 0.227385068390
32 17 1896.848626689017 13 -6.829968951444 0.064857773678 -12.570611401394 0.102544072338 1.545373234462 0.101772619198 -11.851043126491 0.227212870640
33 17 1896.848596103503 13 -6.829457322645 0.064852263169 -12.566120059992 0.102480348405 1.544835418602 0.101399244486 -11.855800595784 0.226898371635
34 18 1896.848342175950 14 -6.827414447750 0.064832022936 -12.545668341843 0.102192653927 1.549072061136 0.098453506197 -11.870730440950 0.224215164562
35 18 1896.801726863710 14 -6.803152909042 0.064617894587 -12.247482866948 0.098025328293 1.758476589016 0.027806177397 -11.938124001253 0.157309044122
36 19 1896.224449962595 15 -7.152991045576 0.068421777888 -11.660440946697 0.088527514712 1.383451280883 0.011364340619 -11.553515457931 0.134246397402
37 19 1895.496836376114 15 -7.447934765699 0.070489256178 -11.317847006822 0.083340952902 1.109698541491 0.002554181186 -11.617280557280 0.124932532961
38 20 1895.344498347231 15 -7.531990015957 0.070996672801 -11.235503886535 0.081985325509 1.036990597227 0.001768214069 -11.506574206914 0.122541034066
39 20 1855.995766075534 16 -8.931670585338 0.076502260773 -9.950786314332 0.058845553284 -0.067530719747 -0.025004321173 -8.280983960609 0.057755935834
40 21 1779.068537792548 16 -10.243530666448 0.085785294587 -9.602022390834 0.052297287566 -0.714992690834 -0.019841844566 -6.996656087247 0.042243063547
41 21 1759.938056327608 17 -11.582846353823 0.099107052116 -9.402741385527 0.047680379533 -1.280246823946 -0.013433002506 -4.760811313263 0.019981000839
42 22 1757.035338423572 17 -11.792767061376 0.102854254225 -9.581447042327 0.049992806420 -1.320458141677 -0.011155394673 -5.155707355793 0.026927880690
43 22 1744.675046133716 18 -13.138114504417 0.120667220537 -10.335475226877 0.058177458783 -1.746275625645 -0.006737337017 -7.319614347670 0.056634345977
44 23 1742.003344287365 19 -13.184833572017 0.120538642984 -10.346301811665 0.058291695775 -1.766931188037 -0.007595364955 -7.423707285500 0.057291993298
45 23 1701.277489421314 19 -9.910150536120 0.071200677163 -10.008994793379 0.063600131202 -0.545111455045 -0.033901537911 -9.089522464627 0.075942511363
46 24 1697.401210513847 20 -9.152181983232 0.062655060242 -10.114886977021 0.066448580475 -0.211524603392 -0.036136735882 -9.960481057044 0.086559481801
47 24 1696.982353922105 20 -8.777181661622 0.057579060116 -10.266827401228 0.068704970343 -0.016883102480 -0.038485533319 -10.600697357620 0.093064968159
48 25 1696.806479393096 21 -8.754564676436 0.057267484039 -10.285776052430 0.068885740793 0.003158579448 -0.039087669098 -10.508818484053 0.091906068431
49 25 1695.255930540709 21 -8.583793945153 0.055552579330 -10.837423639031 0.074106543395 0.323321961301 -0.043195197234 -9.421817264586 0.080307557672
50 26 1695.001634043522 22 -8.318783453581 0.051624265733 -10.944733499202 0.075850774776 0.472071636546 -0.045921697997 -9.543705519362 0.081719281157
51 26 1694.986227060287 22 -8.286056448310 0.051125917805 -10.973670201558 0.076250266847 0.495200168959 -0.046362851547 -9.586522375471 0.082207601812
52 27 1694.915955161132 23 -8.241913180611 0.050352103448 -11.116822064865 0.078116706020 0.563149545496 -0.047647292577 -9.817299472855 0.084890314930
53 27 1694.777367104865 23 -8.219277504378 0.049929776407 -11.290104820004 0.080322057296 0.647264501323 -0.048983610616 -9.914017127061 0.086075744787
54 28 1694.100623489710 24 -8.135083423710 0.048375016711 -11.934757243742 0.088957053227 1.009280567448 -0.054395606880 -9.954519879148 0.086628206071
55 28 1693.042895058702 24 -8.155746584391 0.048573224434 -11.994017747524 0.090450775436 1.100315520399 -0.055478271863 -9.602416078996 0.082177080699
56 29 1692.113803467194 25 -8.325667489145 0.050712381446 -12.093060119363 0.093153427910 1.212114656195 -0.056853826661 -9.129418878714 0.075600156240
57 29 1692.056898400520 25 -8.457143821218 0.052643866920 -12.109410873830 0.093071798346 1.166763101190 -0.056068099085 -9.063915708058 0.074845975404
58 30 1692.054176646238 26 -8.476703799346 0.052934139866 -12.145719462198 0.093501152027 1.175443360344 -0.056228775007 -9.068014706276 0.074900922181
59 30 1692.053996180890 26 -8.481370288595 0.052995394989 -12.143140775282 0.093471052646 1.171902782422 -0.056175346937 -9.077355949427 0.075012587524
60 31 1692.053908228707 27 -8.487141815691 0.053072144813 -12.139972835742 0.093433700394 1.167801421368 -0.056112289976 -9.086192414974 0.075114734913
61 31 1692.053870259170 27 -8.489008185910 0.053098487185 -12.138736872705 0.093417891227 1.166273700688 -0.056090173075 -9.089294689445 0.075150985252
62 32 1692.053845893015 28 -8.490280339473 0.053116136621 -12.137093291129 0.093395989428 1.164698528397 -0.056067261058 -9.092431115746 0.075188471999
63 32 1692.053700182835 29 -8.492481074876 0.053149372898 -12.131246526509 0.093318848609 1.159871422657 -0.056000647466 -9.102942757364 0.075317029898
64 33 1692.053403841126 30 -8.496268585957 0.053200858939 -12.125972698030 0.093259581023 1.155156451449 -0.055936710958 -9.114354973732 0.075451594501
65 33 1692.051626853591 30 -8.505661490978 0.053322856168 -12.114977579098 0.093165502913 1.144854189376 -0.055809440439 -9.144968721015 0.075807236720
66 34 1692.043458039541 31 -8.512884423319 0.053394965184 -12.114713122330 0.093285117267 1.140555390978 -0.055804639413 -9.177955273308 0.076175083465
67 34 1692.026841694247 31 -8.570234806426 0.054153483425 -12.091171784665 0.093013970739 1.092582590551 -0.055113131906 -9.278071941713 0.077336521272
68 35 1691.984528031939 32 -8.673275501559 0.055550094372 -12.081467298806 0.092691751783 1.013420208404 -0.053846134991 -9.382236771833 0.078554215949
69 35 1691.877998390360 33 -8.734484798575 0.056422686185 -12.156737608898 0.093175875520 0.966934200593 -0.052905832519 -9.319058950231 0.077832020615
70 36 1691.424727003778 33 -8.990878147102 0.059885335859 -12.268859696594 0.094313061370 0.618914230593 -0.047578504107 -9.646218058247 0.081641560056
71 36 1690.263219348664 34 -9.152516071444 0.062296717537 -12.396956971000 0.096460221326 -0.009593659375 -0.038121988636 -9.895774239668 0.084313323933
72 37 1688.516434397286 34 -8.788606599788 0.057375647167 -12.508546217793 0.099120111760 -0.214046618497 -0.035660551318 -9.642460979680 0.081194487985
73 37 1685.933338722357 35 -7.932245593017 0.045404317128 -13.510401679325 0.112537395757 -0.682466941812 -0.029706265030 -8.361810831458 0.065968801130
74 38 1685.417233121250 35 -7.938470733702 0.045248361901 -13.863765130218 0.116141179633 -0.671844289464 -0.029780398708 -8.199372684745 0.063989950314
75 38 1685.371547316986 36 -7.937642966126 0.045257772265 -14.040036578131 0.118077587586 -0.636287457572 -0.030106050903 -8.112117089714 0.062946834903
76 39 1685.369327910123 36 -7.925222604755 0.045090556221 -14.031334255062 0.117973691803 -0.630887067649 -0.030164291975 -8.082404027496 0.062578799997
77 39 1685.368213267585 37 -7.925875234071 0.045124372043 -14.010663594426 0.117707026277 -0.630212909252 -0.030136102805 -8.067981047192 0.062387190625
78 40 1685.368210908466 37 -7.925487313451 0.045119733101 -14.011175458396 0.117712887243 -0.631189804594 -0.030122044986 -8.067863489549 0.062385881780
79 40 1685.368210817057 38 -7.925361996741 0.045117932780 -14.011157452619 0.117712793353 -0.631300182115 -0.030120502168 -8.067802487360 0.062385125855
80 41 1685.368210806671 39 -7.925323506362 0.045117341119 -14.011135533327 0.117712572391 -0.631315389323 -0.030120292525 -8.067788025074 0.062384937610
81 41 1685.368210805193 40 -7.925309783604 0.045117126161 -14.011125085989 0.117712463859 -0.631317626816 -0.030120264317 -8.067783931910 0.062384880526
82 42 1685.368210804975 40 -7.925305486406 0.045117056662 -14.011121240794 0.117712424689 -0.631320420870 -0.030120226716 -8.067783056350 0.062384867325
83 42 1685.368210804937 42 -7.925303014869 0.045117019532 -14.011120637044 0.117712421965 -0.631320476653 -0.030120224666 -8.067780615056 0.062384839767
84 43 1685.368210804932 43 -7.925302948856 0.045117015201 -14.011120805720 0.117712423552 -0.631320294089 -0.030120227972 -8.067781013322 0.062384842539
