# PLMadl.txt
#IMaCh version 0.99r45, April 2023,INED-EUROREVES-Institut de longevite-Japan Society for the Promotion of Science (Grant-in-Aid for Scientific Research 25293121), Intel Software 2015-2020, Nihon University 2021-202, INED 2000-2022
#$Revision: 1.353 $ $Date: 2023/05/08 18:48:22 $
# Tue Feb 04 22:03:38 2025
#One-step probabilities and covariance matrix
# Age p1-1  p1-2  p1-3  p2-1  p2-2  p2-3 
50  9.776e-001  1.704e-002  5.380e-003  3.549e-001  6.346e-001  1.050e-002 
50 1-1  3.853e-005
50 1-2 -3.501e-005  3.647e-005
50 1-3 -3.517e-006 -1.459e-006  4.976e-006
50 2-1 -2.132e-004  2.154e-004 -2.171e-006  1.008e-002
50 2-2  2.137e-004 -2.199e-004  6.130e-006 -9.988e-003  9.972e-003
50 2-3 -5.318e-007  4.490e-006 -3.959e-006 -9.509e-005  1.596e-005  7.913e-005
51  9.767e-001  1.761e-002  5.706e-003  3.391e-001  6.495e-001  1.142e-002 
51 1-1  3.786e-005
51 1-2 -3.416e-005  3.560e-005
51 1-3 -3.704e-006 -1.442e-006  5.146e-006
51 2-1 -1.978e-004  1.998e-004 -2.031e-006  8.758e-003
51 2-2  1.984e-004 -2.046e-004  6.269e-006 -8.673e-003  8.674e-003
51 2-3 -5.729e-007  4.811e-006 -4.238e-006 -8.575e-005 -1.377e-006  8.712e-005
52  9.758e-001  1.818e-002  6.052e-003  3.236e-001  6.640e-001  1.241e-002 
52 1-1  3.712e-005
52 1-2 -3.323e-005  3.465e-005
52 1-3 -3.889e-006 -1.420e-006  5.309e-006
52 2-1 -1.826e-004  1.845e-004 -1.869e-006  7.550e-003
52 2-2  1.832e-004 -1.896e-004  6.392e-006 -7.473e-003  7.492e-003
52 2-3 -6.028e-007  5.126e-006 -4.523e-006 -7.680e-005 -1.872e-005  9.552e-005
53  9.748e-001  1.878e-002  6.418e-003  3.085e-001  6.780e-001  1.348e-002 
53 1-1  3.630e-005
53 1-2 -3.223e-005  3.363e-005
53 1-3 -4.070e-006 -1.393e-006  5.463e-006
53 2-1 -1.677e-004  1.694e-004 -1.685e-006  6.459e-003
53 2-2  1.683e-004 -1.748e-004  6.498e-006 -6.391e-003  6.427e-003
53 2-3 -6.195e-007  5.432e-006 -4.812e-006 -6.840e-005 -3.587e-005  1.043e-004
54  9.738e-001  1.940e-002  6.807e-003  2.937e-001  6.916e-001  1.461e-002 
54 1-1  3.542e-005
54 1-2 -3.117e-005  3.254e-005
54 1-3 -4.245e-006 -1.362e-006  5.607e-006
54 2-1 -1.533e-004  1.547e-004 -1.481e-006  5.486e-003
54 2-2  1.539e-004 -1.605e-004  6.585e-006 -5.426e-003  5.478e-003
54 2-3 -6.210e-007  5.725e-006 -5.104e-006 -6.071e-005 -5.262e-005  1.133e-004
55  9.728e-001  2.003e-002  7.218e-003  2.794e-001  7.047e-001  1.583e-002 
55 1-1  3.448e-005
55 1-2 -3.007e-005  3.140e-005
55 1-3 -4.413e-006 -1.328e-006  5.741e-006
55 2-1 -1.394e-004  1.407e-004 -1.257e-006  4.628e-003
55 2-2  1.400e-004 -1.467e-004  6.655e-006 -4.574e-003  4.643e-003
55 2-3 -6.058e-007  6.003e-006 -5.398e-006 -5.382e-005 -6.880e-005  1.226e-004
56  9.717e-001  2.068e-002  7.655e-003  2.655e-001  7.174e-001  1.713e-002 
56 1-1  3.350e-005
56 1-2 -2.892e-005  3.022e-005
56 1-3 -4.572e-006 -1.292e-006  5.864e-006
56 2-1 -1.262e-004  1.272e-004 -1.013e-006  3.880e-003
56 2-2  1.268e-004 -1.335e-004  6.705e-006 -3.832e-003  3.917e-003
56 2-3 -5.725e-007  6.264e-006 -5.692e-006 -4.781e-005 -8.425e-005  1.321e-004
57  9.705e-001  2.136e-002  8.117e-003  2.521e-001  7.294e-001  1.852e-002 
57 1-1  3.248e-005
57 1-2 -2.776e-005  2.901e-005
57 1-3 -4.723e-006 -1.256e-006  5.979e-006
57 2-1 -1.137e-004  1.145e-004 -7.507e-007  3.236e-003
57 2-2  1.142e-004 -1.210e-004  6.737e-006 -3.193e-003  3.292e-003
57 2-3 -5.204e-007  6.507e-006 -5.986e-006 -4.275e-005 -9.883e-005  1.416e-004
58  9.693e-001  2.206e-002  8.606e-003  2.390e-001  7.410e-001  2.000e-002 
58 1-1  3.146e-005
58 1-2 -2.659e-005  2.781e-005
58 1-3 -4.865e-006 -1.222e-006  6.087e-006
58 2-1 -1.021e-004  1.026e-004 -4.698e-007  2.688e-003
58 2-2  1.025e-004 -1.093e-004  6.751e-006 -2.650e-003  2.762e-003
58 2-3 -4.494e-007  6.731e-006 -6.281e-006 -3.865e-005 -1.124e-004  1.511e-004
59  9.681e-001  2.277e-002  9.125e-003  2.265e-001  7.520e-001  2.157e-002 
59 1-1  3.044e-005
59 1-2 -2.544e-005  2.663e-005
59 1-3 -4.998e-006 -1.193e-006  6.191e-006
59 2-1 -9.132e-005  9.149e-005 -1.717e-007  2.228e-003
59 2-2  9.168e-005 -9.843e-005  6.750e-006 -2.193e-003  2.318e-003
59 2-3 -3.601e-007  6.938e-006 -6.578e-006 -3.551e-005 -1.249e-004  1.604e-004
60  9.668e-001  2.351e-002  9.674e-003  2.143e-001  7.624e-001  2.325e-002 
60 1-1  2.946e-005
60 1-2 -2.434e-005  2.551e-005
60 1-3 -5.124e-006 -1.173e-006  6.296e-006
60 2-1 -8.149e-005  8.134e-005  1.428e-007  1.848e-003
60 2-2  8.174e-005 -8.848e-005  6.736e-006 -1.814e-003  1.951e-003
60 2-3 -2.538e-007  7.133e-006 -6.879e-006 -3.329e-005 -1.363e-004  1.696e-004
61  9.655e-001  2.427e-002  1.026e-002  2.027e-001  7.723e-001  2.504e-002 
61 1-1  2.855e-005
61 1-2 -2.330e-005  2.447e-005
61 1-3 -5.245e-006 -1.166e-006  6.411e-006
61 2-1 -7.261e-005  7.214e-005  4.729e-007  1.537e-003
61 2-2  7.275e-005 -7.946e-005  6.715e-006 -1.505e-003  1.651e-003
61 2-3 -1.328e-007  7.321e-006 -7.188e-006 -3.193e-005 -1.464e-004  1.783e-004
62  9.641e-001  2.506e-002  1.087e-002  1.915e-001  7.816e-001  2.694e-002 
62 1-1  2.774e-005
62 1-2 -2.238e-005  2.355e-005
62 1-3 -5.366e-006 -1.179e-006  6.546e-006
62 2-1 -6.472e-005  6.390e-005  8.178e-007  1.288e-003
62 2-2  6.472e-005 -7.142e-005  6.695e-006 -1.256e-003  1.412e-003
62 2-3 -3.817e-010  7.513e-006 -7.512e-006 -3.137e-005 -1.553e-004  1.867e-004
63  9.626e-001  2.587e-002  1.152e-002  1.808e-001  7.903e-001  2.895e-002 
63 1-1  2.709e-005
63 1-2 -2.159e-005  2.281e-005
63 1-3 -5.495e-006 -1.219e-006  6.714e-006
63 2-1 -5.782e-005  5.664e-005  1.177e-006  1.091e-003
63 2-2  5.768e-005 -6.436e-005  6.684e-006 -1.059e-003  1.223e-003
63 2-3  1.392e-007  7.721e-006 -7.861e-006 -3.151e-005 -1.631e-004  1.946e-004
64  9.611e-001  2.670e-002  1.221e-002  1.705e-001  7.984e-001  3.110e-002 
64 1-1  2.663e-005
64 1-2 -2.099e-005  2.229e-005
64 1-3 -5.640e-006 -1.294e-006  6.934e-006
64 2-1 -5.189e-005  5.035e-005  1.550e-006  9.389e-004
64 2-2  5.161e-005 -5.831e-005  6.696e-006 -9.066e-004  1.076e-003
64 2-3  2.807e-007  7.965e-006 -8.246e-006 -3.226e-005 -1.696e-004  2.019e-004
65  9.595e-001  2.756e-002  1.295e-002  1.607e-001  8.060e-001  3.337e-002 
65 1-1  2.645e-005
65 1-2 -2.063e-005  2.204e-005
65 1-3 -5.816e-006 -1.415e-006  7.230e-006
65 2-1 -4.694e-005  4.501e-005  1.936e-006  8.238e-004
65 2-2  4.653e-005 -5.328e-005  6.749e-006 -7.903e-004  9.654e-004
65 2-3  4.180e-007  8.267e-006 -8.685e-006 -3.350e-005 -1.752e-004  2.087e-004
66  9.578e-001  2.844e-002  1.372e-002  1.513e-001  8.129e-001  3.578e-002 
66 1-1  2.659e-005
66 1-2 -2.055e-005  2.215e-005
66 1-3 -6.039e-006 -1.594e-006  7.633e-006
66 2-1 -4.294e-005  4.061e-005  2.335e-006  7.389e-004
66 2-2  4.240e-005 -4.926e-005  6.866e-006 -7.038e-004  8.836e-004
66 2-3  5.441e-007  8.657e-006 -9.201e-006 -3.512e-005 -1.798e-004  2.149e-004
67  9.561e-001  2.935e-002  1.454e-002  1.423e-001  8.193e-001  3.834e-002 
67 1-1  2.716e-005
67 1-2 -2.083e-005  2.268e-005
67 1-3 -6.332e-006 -1.848e-006  8.181e-006
67 2-1 -3.985e-005  3.710e-005  2.747e-006  6.782e-004
67 2-2  3.920e-005 -4.628e-005  7.076e-006 -6.411e-004  8.249e-004
67 2-3  6.514e-007  9.172e-006 -9.823e-006 -3.704e-005 -1.838e-004  2.208e-004
68  9.543e-001  3.028e-002  1.540e-002  1.338e-001  8.251e-001  4.104e-002 
68 1-1  2.824e-005
68 1-2 -2.152e-005  2.371e-005
68 1-3 -6.726e-006 -2.195e-006  8.921e-006
68 2-1 -3.764e-005  3.447e-005  3.172e-006  6.361e-004
68 2-2  3.691e-005 -4.432e-005  7.417e-006 -5.970e-004  7.844e-004
68 2-3  7.320e-007  9.857e-006 -1.059e-005 -3.913e-005 -1.874e-004  2.265e-004
69  9.524e-001  3.125e-002  1.632e-002  1.257e-001  8.304e-001  4.391e-002 
69 1-1  2.995e-005
69 1-2 -2.269e-005  2.535e-005
69 1-3 -7.258e-006 -2.656e-006  9.914e-006
69 2-1 -3.625e-005  3.264e-005  3.611e-006  6.083e-004
69 2-2  3.547e-005 -4.341e-005  7.935e-006 -5.670e-004  7.581e-004
69 2-3  7.783e-007  1.077e-005 -1.155e-005 -4.133e-005 -1.911e-004  2.324e-004
70  9.505e-001  3.224e-002  1.729e-002  1.180e-001  8.350e-001  4.694e-002 
70 1-1  3.241e-005
70 1-2 -2.444e-005  2.769e-005
70 1-3 -7.976e-006 -3.257e-006  1.123e-005
70 2-1 -3.565e-005  3.158e-005  4.065e-006  5.907e-004
70 2-2  3.486e-005 -4.355e-005  8.687e-006 -5.471e-004  7.426e-004
70 2-3  7.830e-007  1.197e-005 -1.275e-005 -4.355e-005 -1.955e-004  2.390e-004
71  9.484e-001  3.326e-002  1.832e-002  1.107e-001  8.391e-001  5.014e-002 
71 1-1  3.578e-005
71 1-2 -2.684e-005  3.087e-005
71 1-3 -8.939e-006 -4.030e-006  1.297e-005
71 2-1 -3.576e-005  3.123e-005  4.535e-006  5.800e-004
71 2-2  3.502e-005 -4.477e-005  9.747e-006 -5.343e-004  7.355e-004
71 2-3  7.407e-007  1.354e-005 -1.428e-005 -4.573e-005 -2.012e-004  2.470e-004
72  9.463e-001  3.430e-002  1.940e-002  1.038e-001  8.427e-001  5.353e-002 
72 1-1  4.022e-005
72 1-2 -3.000e-005  3.501e-005
72 1-3 -1.022e-005 -5.010e-006  1.523e-005
72 2-1 -3.655e-005  3.153e-005  5.022e-006  5.737e-004
72 2-2  3.590e-005 -4.710e-005  1.120e-005 -5.259e-004  7.352e-004
72 2-3  6.482e-007  1.557e-005 -1.622e-005 -4.784e-005 -2.093e-004  2.572e-004
73  9.441e-001  3.538e-002  2.055e-002  9.724e-002  8.457e-001  5.711e-002 
73 1-1  4.592e-005
73 1-2 -3.401e-005  4.025e-005
73 1-3 -1.191e-005 -6.240e-006  1.815e-005
73 2-1 -3.794e-005  3.241e-005  5.527e-006  5.697e-004
73 2-2  3.743e-005 -5.059e-005  1.315e-005 -5.199e-004  7.408e-004
73 2-3  5.056e-007  1.818e-005 -1.868e-005 -4.985e-005 -2.209e-004  2.708e-004
74  9.418e-001  3.649e-002  2.176e-002  9.104e-002  8.481e-001  6.088e-002 
74 1-1  5.312e-005
74 1-2 -3.900e-005  4.677e-005
74 1-3 -1.412e-005 -7.771e-006  2.189e-005
74 2-1 -3.987e-005  3.382e-005  6.054e-006  5.664e-004
74 2-2  3.955e-005 -5.529e-005  1.574e-005 -5.147e-004  7.522e-004
74 2-3  3.183e-007  2.147e-005 -2.179e-005 -5.176e-005 -2.376e-004  2.893e-004
75  9.393e-001  3.762e-002  2.304e-002  8.518e-002  8.500e-001  6.487e-002 
75 1-1  6.206e-005
75 1-2 -4.508e-005  5.474e-005
75 1-3 -1.698e-005 -9.662e-006  2.664e-005
75 2-1 -4.229e-005  3.568e-005  6.604e-006  5.626e-004
75 2-2  4.219e-005 -6.129e-005  1.911e-005 -5.090e-004  7.700e-004
75 2-3  9.814e-008  2.561e-005 -2.571e-005 -5.359e-005 -2.610e-004  3.146e-004
76  9.368e-001  3.879e-002  2.440e-002  7.964e-002  8.513e-001  6.906e-002 
76 1-1  7.303e-005
76 1-2 -5.239e-005  6.437e-005
76 1-3 -2.065e-005 -1.198e-005  3.263e-005
76 2-1 -4.512e-005  3.794e-005  7.179e-006  5.574e-004
76 2-2  4.526e-005 -6.870e-005  2.344e-005 -5.020e-004  7.956e-004
76 2-3 -1.344e-007  3.076e-005 -3.062e-005 -5.537e-005 -2.936e-004  3.489e-004
77  9.342e-001  3.999e-002  2.583e-002  7.442e-002  8.521e-001  7.349e-002 
77 1-1  8.637e-005
77 1-2 -6.105e-005  7.586e-005
77 1-3 -2.532e-005 -1.481e-005  4.013e-005
77 2-1 -4.832e-005  4.053e-005  7.784e-006  5.503e-004
77 2-2  4.867e-005 -7.763e-005  2.896e-005 -4.931e-004  8.311e-004
77 2-3 -3.477e-007  3.710e-005 -3.675e-005 -5.716e-005 -3.379e-004  3.951e-004
78  9.314e-001  4.122e-002  2.734e-002  6.949e-002  8.524e-001  7.815e-002 
78 1-1  1.025e-004
78 1-2 -7.123e-005  8.946e-005
78 1-3 -3.122e-005 -1.824e-005  4.946e-005
78 2-1 -5.181e-005  4.339e-005  8.420e-006  5.410e-004
78 2-2  5.231e-005 -8.824e-005  3.593e-005 -4.820e-004  8.794e-004
78 2-3 -4.966e-007  4.485e-005 -4.435e-005 -5.903e-005 -3.974e-004  4.564e-004
79  9.286e-001  4.249e-002  2.893e-002  6.485e-002  8.521e-001  8.305e-002 
79 1-1  1.217e-004
79 1-2 -8.306e-005  1.054e-004
79 1-3 -3.864e-005 -2.237e-005  6.101e-005
79 2-1 -5.555e-005  4.646e-005  9.092e-006  5.294e-004
79 2-2  5.607e-005 -1.007e-004  4.465e-005 -4.684e-004  9.442e-004
79 2-3 -5.185e-007  5.426e-005 -5.374e-005 -6.106e-005 -4.758e-004  5.369e-004
80  9.256e-001  4.378e-002  3.062e-002  6.049e-002  8.513e-001  8.820e-002 
80 1-1  1.446e-004
80 1-2 -9.672e-005  1.241e-004
80 1-3 -4.788e-005 -2.735e-005  7.523e-005
80 2-1 -5.948e-005  4.967e-005  9.803e-006  5.156e-004
80 2-2  5.981e-005 -1.153e-004  5.547e-005 -4.522e-004  1.030e-003
80 2-3 -3.308e-007  6.560e-005 -6.527e-005 -6.337e-005 -5.778e-004  6.412e-004
81  9.225e-001  4.511e-002  3.239e-002  5.638e-002  8.500e-001  9.362e-002 
81 1-1  1.717e-004
81 1-2 -1.124e-004  1.457e-004
81 1-3 -5.933e-005 -3.331e-005  9.263e-005
81 2-1 -6.354e-005  5.298e-005  1.056e-005  4.996e-004
81 2-2  6.336e-005 -1.322e-004  6.880e-005 -4.336e-004  1.142e-003
81 2-3  1.742e-007  7.918e-005 -7.936e-005 -6.606e-005 -7.087e-004  7.747e-004
82  9.193e-001  4.648e-002  3.427e-002  5.252e-002  8.482e-001  9.931e-002 
82 1-1  2.036e-004
82 1-2 -1.302e-004  1.706e-004
82 1-3 -7.343e-005 -4.042e-005  1.138e-004
82 2-1 -6.768e-005  5.632e-005  1.136e-005  4.818e-004
82 2-2  6.655e-005 -1.517e-004  8.512e-005 -4.125e-004  1.287e-003
82 2-3  1.133e-006  9.535e-005 -9.648e-005 -6.925e-005 -8.747e-004  9.439e-004
83  9.159e-001  4.787e-002  3.624e-002  4.890e-002  8.458e-001  1.053e-001 
83 1-1  2.410e-004
83 1-2 -1.503e-004  1.992e-004
83 1-3 -9.072e-005 -4.887e-005  1.396e-004
83 2-1 -7.186e-005  5.966e-005  1.221e-005  4.623e-004
83 2-2  6.915e-005 -1.741e-004  1.050e-004 -3.892e-004  1.472e-003
83 2-3  2.718e-006  1.145e-004 -1.172e-004 -7.307e-005 -1.083e-003  1.156e-003
84  9.124e-001  4.930e-002  3.833e-002  4.549e-002  8.430e-001  1.115e-001 
84 1-1  2.847e-004
84 1-2 -1.729e-004  2.318e-004
84 1-3 -1.118e-004 -5.890e-005  1.707e-004
84 2-1 -7.604e-005  6.293e-005  1.312e-005  4.414e-004
84 2-2  7.090e-005 -1.999e-004  1.290e-004 -3.638e-004  1.705e-003
84 2-3  5.138e-006  1.370e-004 -1.421e-004 -7.765e-005 -1.342e-003  1.419e-003
85  9.087e-001  5.076e-002  4.053e-002  4.230e-002  8.396e-001  1.181e-001 
85 1-1  3.356e-004
85 1-2 -1.982e-004  2.690e-004
85 1-3 -1.374e-004 -7.075e-005  2.081e-004
85 2-1 -8.017e-005  6.609e-005  1.408e-005  4.195e-004
85 2-2  7.152e-005 -2.295e-004  1.579e-004 -3.364e-004  1.996e-003
85 2-3  8.650e-006  1.634e-004 -1.720e-004 -8.310e-005 -1.660e-003  1.743e-003
86  9.049e-001  5.226e-002  4.284e-002  3.931e-002  8.357e-001  1.250e-001 
86 1-1  3.946e-004
86 1-2 -2.264e-004  3.111e-004
86 1-3 -1.682e-004 -8.473e-005  2.530e-004
86 2-1 -8.422e-005  6.912e-005  1.511e-005  3.970e-004
86 2-2  7.066e-005 -2.632e-004  1.925e-004 -3.074e-004  2.355e-003
86 2-3  1.356e-005  1.941e-004 -2.076e-004 -8.956e-005 -2.048e-003  2.138e-003
87  9.009e-001  5.379e-002  4.528e-002  3.650e-002  8.313e-001  1.322e-001 
87 1-1  4.629e-004
87 1-2 -2.576e-004  3.587e-004
87 1-3 -2.054e-004 -1.012e-004  3.065e-004
87 2-1 -8.816e-005  7.196e-005  1.620e-005  3.740e-004
87 2-2  6.792e-005 -3.017e-004  2.338e-004 -2.768e-004  2.794e-003
87 2-3  2.024e-005  2.297e-004 -2.500e-004 -9.712e-005 -2.517e-003  2.615e-003
88  8.968e-001  5.536e-002  4.785e-002  3.387e-002  8.265e-001  1.397e-001 
88 1-1  5.417e-004
88 1-2 -2.919e-004  4.123e-004
88 1-3 -2.498e-004 -1.205e-004  3.703e-004
88 2-1 -9.195e-005  7.459e-005  1.736e-005  3.508e-004
88 2-2  6.283e-005 -3.454e-004  2.826e-004 -2.449e-004  3.326e-003
88 2-3  2.912e-005  2.708e-004 -3.000e-004 -1.059e-004 -3.081e-003  3.187e-003
89  8.925e-001  5.696e-002  5.056e-002  3.142e-002  8.211e-001  1.475e-001 
89 1-1  6.323e-004
89 1-2 -3.294e-004  4.725e-004
89 1-3 -3.029e-004 -1.431e-004  4.459e-004
89 2-1 -9.557e-005  7.698e-005  1.859e-005  3.278e-004
89 2-2  5.487e-005 -3.951e-004  3.402e-004 -2.118e-004  3.963e-003
89 2-3  4.070e-005  3.181e-004 -3.588e-004 -1.160e-004 -3.751e-003  3.867e-003
90  8.880e-001  5.859e-002  5.340e-002  2.912e-002  8.152e-001  1.557e-001 
90 1-1  7.363e-004
90 1-2 -3.704e-004  5.399e-004
90 1-3 -3.659e-004 -1.695e-004  5.354e-004
90 2-1 -9.900e-005  7.910e-005  1.990e-005  3.050e-004
90 2-2  4.343e-005 -4.513e-004  4.079e-004 -1.776e-004  4.722e-003
90 2-3  5.556e-005  3.722e-004 -4.278e-004 -1.274e-004 -4.544e-003  4.672e-003