
#****** ******
# PLMadl.txt
#IMaCh version 0.99r45, April 2023,INED-EUROREVES-Institut de longevite-Japan Society for the Promotion of Science (Grant-in-Aid for Scientific Research 25293121), Intel Software 2015-2020, Nihon University 2021-202, INED 2000-2022
#$Revision: 1.353 $ $Date: 2023/05/08 18:48:22 $
# Tue Feb 04 22:03:38 2025
# Variance and covariance of health expectancies e.j 
#  (weighted average of eij where weights are the age specific period (stable) prevalences in each health state 
# Age Cov(e.1, e.1) Cov(e.1, e.2) Cov(e.2, e.1) Cov(e.2, e.2)
50  1.8903 0.1443 0.1443 0.2883
51  1.7685 0.1264 0.1264 0.2851
52  1.6591 0.1098 0.1098 0.2826
53  1.5614 0.0945 0.0945 0.2806
54  1.4747 0.0804 0.0804 0.2792
55  1.3985 0.0674 0.0674 0.2784
56  1.3318 0.0553 0.0553 0.2782
57  1.2739 0.0442 0.0442 0.2786
58  1.2242 0.0338 0.0338 0.2797
59  1.1820 0.0241 0.0241 0.2815
60  1.1464 0.0150 0.0150 0.2838
61  1.1168 0.0064 0.0064 0.2868
62  1.0925 -0.0018 -0.0018 0.2903
63  1.0546 -0.0066 -0.0066 0.3017
64  1.0572 -0.0172 -0.0172 0.2993
65  1.0450 -0.0244 -0.0244 0.3046
66  1.0356 -0.0314 -0.0314 0.3105
67  1.0285 -0.0381 -0.0381 0.3169
68  1.0231 -0.0446 -0.0446 0.3239
69  1.0191 -0.0507 -0.0507 0.3315
70  1.0159 -0.0566 -0.0566 0.3397
71  1.0130 -0.0621 -0.0621 0.3485
72  1.0101 -0.0675 -0.0675 0.3582
73  1.0068 -0.0726 -0.0726 0.3686
74  1.0027 -0.0775 -0.0775 0.3798
75  0.9977 -0.0825 -0.0825 0.3919
76  0.9915 -0.0876 -0.0876 0.4050
77  0.9841 -0.0931 -0.0931 0.4192
78  0.9754 -0.0991 -0.0991 0.4344
79  0.9656 -0.1060 -0.1060 0.4507
80  0.9548 -0.1140 -0.1140 0.4681
81  0.9433 -0.1235 -0.1235 0.4865
82  0.9316 -0.1346 -0.1346 0.5058
83  0.9200 -0.1476 -0.1476 0.5259
84  0.9010 -0.1680 -0.1680 0.5621
85  0.8994 -0.1804 -0.1804 0.5680
86  0.8916 -0.2004 -0.2004 0.5894
87  0.8862 -0.2229 -0.2229 0.6108
88  0.8838 -0.2479 -0.2479 0.6319
89  0.8848 -0.2754 -0.2754 0.6525
90  0.8896 -0.3050 -0.3050 0.6721
