# Powell
# iter -2*LL p12 p13 p21 p23
1 1 1978.793141468047 0 -9.908775800000 0.080061000000 -13.092644700000 0.131508300000 1.045536400000 -0.030299800000 -5.018272800000 0.049563600000
2 2 1482.045224017270 0 -10.606484098886 0.080080833095 -14.921656212648 0.131421079928 -0.146545108856 -0.029734775353 -6.377855852540 0.049572477798
3 2 1468.812507419134 0 -10.975235160102 0.080121594779 -14.665140392776 0.131362482789 -0.508153340794 -0.029646959711 -6.546342330443 0.049603473426
4 3 1467.544145222040 0 -11.188177710304 0.080111319861 -14.634686572673 0.131297908369 -0.561810004702 -0.029571160786 -6.595731915044 0.049640872927
5 3 1467.538359190934 0 -11.190459804204 0.080143623261 -14.627860143237 0.131241457974 -0.565312970690 -0.029504230738 -6.599017769385 0.049646469722
6 4 1467.379668182653 1 -11.326522927771 0.081978604070 -14.295258368241 0.127252174052 -0.902177288274 -0.024845925754 -6.795313543438 0.052050344902
7 4 1467.376671872245 1 -11.328402917740 0.082007333197 -14.290755534633 0.127128211756 -0.911863004904 -0.024751242367 -6.800996703848 0.052134075748
8 5 1467.367990920775 1 -11.318809777443 0.081901370108 -14.254239480229 0.126551782073 -0.890011410356 -0.025094781849 -6.845946121073 0.052721963985
9 5 1467.357290445246 1 -11.307910732573 0.081750410239 -14.233652053129 0.126317226517 -0.856601776893 -0.025502935716 -6.871555441966 0.053031662433
10 6 1467.341121678253 1 -11.269753540319 0.081219812144 -14.164137256230 0.125537866912 -0.746682229839 -0.027035810641 -6.959265759470 0.054089451385
11 6 1467.341055173899 1 -11.269452813503 0.081220084438 -14.163923849850 0.125534714020 -0.746164716837 -0.027043404967 -6.958612119459 0.054080888833
12 7 1467.338474791163 2 -11.257025175301 0.081056068377 -14.137940715896 0.125213827487 -0.732248787619 -0.027243221708 -6.894981503966 0.053299213696
13 7 1467.338463261601 2 -11.256899376541 0.081054661536 -14.136751294890 0.125196738197 -0.731408317933 -0.027248417485 -6.895894325766 0.053310648349
14 8 1467.338451189455 2 -11.259394242050 0.081084038473 -14.135861538793 0.125181670019 -0.731498354808 -0.027246814120 -6.896436903132 0.053318084843
15 8 1467.338426060117 2 -11.264086421193 0.081147592397 -14.134903330940 0.125167112912 -0.731006243895 -0.027253113311 -6.896906014936 0.053325572467
16 9 1467.338401260720 3 -11.267134139374 0.081189943451 -14.134799039841 0.125168207936 -0.730257520842 -0.027264255720 -6.896912000996 0.053325994587
17 9 1467.338393871043 3 -11.270013301948 0.081226570925 -14.134730020380 0.125169896705 -0.729619773071 -0.027274483728 -6.897089805935 0.053327860837
18 10 1467.338393857432 3 -11.270014157571 0.081226318528 -14.134747500042 0.125170135608 -0.729641612844 -0.027274214649 -6.897093040447 0.053327848641
19 10 1467.338393857225 3 -11.270017051145 0.081226336981 -14.134753739127 0.125170211020 -0.729650277318 -0.027274095310 -6.897085696476 0.053327758789
20 11 1467.338393857220 4 -11.270017646572 0.081226342734 -14.134753765418 0.125170211554 -0.729650714884 -0.027274089427 -6.897085747644 0.053327757065
21 11 1467.338393857214 4 -11.270018351537 0.081226352348 -14.134754792644 0.125170223383 -0.729651994005 -0.027274067311 -6.897085533452 0.053327754659
22 12 1467.338393857213 4 -11.270018351386 0.081226352346 -14.134754792370 0.125170223380 -0.729651993571 -0.027274067318 -6.897085533799 0.053327754664
23 12 1467.338393857212 5 -11.270018351382 0.081226352346 -14.134754792370 0.125170223380 -0.729651993571 -0.027274067317 -6.897085533799 0.053327754664
