# FRFadl.txt
#IMaCh version 0.99r45, April 2023,INED-EUROREVES-Institut de longevite-Japan Society for the Promotion of Science (Grant-in-Aid for Scientific Research 25293121), Intel Software 2015-2020, Nihon University 2021-202, INED 2000-2022
#$Revision: 1.353 $ $Date: 2023/05/08 18:48:22 $
# Tue Feb 04 22:03:38 2025

#****** ******
# (a) Life expectancies by health status at initial age and (b) health expectancies by health status at initial age
# Age e11  e12  e1.  e21  e22  e2. 
 50  33.4738   4.3973  37.8711  30.1291   5.7060  35.8351
 51  32.5445   4.3695  36.9140  29.1680   5.6954  34.8634
 52  31.6194   4.3403  35.9597  28.2132   5.6833  33.8965
 53  30.6990   4.3094  35.0085  27.2651   5.6698  32.9349
 54  29.7835   4.2769  34.0604  26.3241   5.6548  31.9790
 55  28.8732   4.2427  33.1158  25.3909   5.6382  31.0291
 56  27.9683   4.2066  32.1749  24.4657   5.6200  30.0857
 57  27.0693   4.1687  31.2379  23.5492   5.6000  29.1492
 58  26.1763   4.1288  30.3051  22.6419   5.5783  28.2202
 59  25.2899   4.0868  29.3767  21.7444   5.5547  27.2991
 60  24.4104   4.0427  28.4531  20.8573   5.5292  26.3865
 61  23.5382   3.9964  27.5346  19.9812   5.5018  25.4830
 62  22.6738   3.9478  26.6216  19.1168   5.4723  24.5891
 63  21.8175   3.8969  25.7144  18.2647   5.4409  23.7055
 64  20.9698   3.8436  24.8134  17.4256   5.4074  22.8329
 65  20.1313   3.7877  23.9191  16.6002   5.3718  21.9720
 66  19.3025   3.7293  23.0319  15.7894   5.3341  21.1235
 67  18.4840   3.6684  22.1523  14.9938   5.2944  20.2882
 68  17.6762   3.6047  21.2810  14.2143   5.2526  19.4668
 69  16.8799   3.5384  20.4183  13.4515   5.2087  18.6603
 70  16.0957   3.4694  19.5651  12.7065   5.1630  17.8694
 71  15.3242   3.3976  18.7218  11.9798   5.1153  17.0951
 72  14.5662   3.3231  17.8893  11.2724   5.0659  16.3383
 73  13.8223   3.2459  17.0682  10.5851   5.0147  15.5998
 74  13.0933   3.1660  16.2594   9.9186   4.9621  14.8807
 75  12.3800   3.0835  15.4636   9.2738   4.9080  14.1818
 76  11.6832   2.9985  14.6816   8.6513   4.8528  13.5040
 77  11.0036   2.9109  13.9145   8.0518   4.7965  12.8483
 78  10.3420   2.8211  13.1630   7.4761   4.7395  12.2156
 79   9.6992   2.7290  12.4282   6.9246   4.6820  11.6066
 80   9.0761   2.6349  11.7110   6.3979   4.6243  11.0222
 81   8.4734   2.5390  11.0124   5.8964   4.5666  10.4630
 82   7.8919   2.4414  10.3333   5.4205   4.5093   9.9297
 83   7.3322   2.3426   9.6748   4.9703   4.4526   9.4229
 84   6.7951   2.2426   9.0377   4.5460   4.3968   8.9429
 85   6.2812   2.1419   8.4231   4.1476   4.3424   8.4900
 86   5.7909   2.0408   7.8317   3.7749   4.2896   8.0645
 87   5.3248   1.9396   7.2644   3.4277   4.2386   7.6663
 88   4.8831   1.8387   6.7218   3.1055   4.1899   7.2954
 89   4.4662   1.7384   6.2046   2.8078   4.1436   6.9514
 90   4.0742   1.6392   5.7133   2.5339   4.1000   6.6339
