# FRFadl.txt
#IMaCh version 0.99r45, April 2023,INED-EUROREVES-Institut de longevite-Japan Society for the Promotion of Science (Grant-in-Aid for Scientific Research 25293121), Intel Software 2015-2020, Nihon University 2021-202, INED 2000-2022
#$Revision: 1.353 $ $Date: 2023/05/08 18:48:22 $
# Tue Feb 04 22:03:38 2025
#One-step probabilities and covariance matrix
# Age p1-1  p1-2  p1-3  p2-1  p2-2  p2-3 
50  9.910e-001  8.943e-003  7.493e-005  2.580e-001  7.268e-001  1.519e-002 
50 1-1  5.743e-006
50 1-2 -5.743e-006  5.748e-006
50 1-3 -3.426e-010 -4.596e-009  4.939e-009
50 2-1 -4.054e-005  4.041e-005  1.373e-007  2.857e-003
50 2-2  4.041e-005 -4.041e-005  1.940e-009 -2.805e-003  2.861e-003
50 2-3  1.379e-007  1.357e-009 -1.393e-007 -5.152e-005 -5.536e-005  1.069e-004
51  9.906e-001  9.355e-003  8.855e-005  2.537e-001  7.308e-001  1.553e-002 
51 1-1  5.817e-006
51 1-2 -5.816e-006  5.821e-006
51 1-3 -1.040e-009 -5.457e-009  6.497e-009
51 2-1 -3.907e-005  3.892e-005  1.487e-007  2.605e-003
51 2-2  3.892e-005 -3.893e-005  8.933e-009 -2.558e-003  2.615e-003
51 2-3  1.488e-007  8.856e-009 -1.577e-007 -4.735e-005 -5.699e-005  1.043e-004
52  9.901e-001  9.785e-003  1.046e-004  2.493e-001  7.348e-001  1.587e-002 
52 1-1  5.878e-006
52 1-2 -5.875e-006  5.882e-006
52 1-3 -2.057e-009 -6.474e-009  8.531e-009
52 2-1 -3.757e-005  3.741e-005  1.607e-007  2.370e-003
52 2-2  3.741e-005 -3.742e-005  1.750e-008 -2.327e-003  2.385e-003
52 2-3  1.619e-007  1.632e-008 -1.782e-007 -4.340e-005 -5.826e-005  1.017e-004
53  9.896e-001  1.024e-002  1.237e-004  2.451e-001  7.387e-001  1.622e-002 
53 1-1  5.925e-006
53 1-2 -5.922e-006  5.929e-006
53 1-3 -3.508e-009 -7.673e-009  1.118e-008
53 2-1 -3.605e-005  3.588e-005  1.731e-007  2.152e-003
53 2-2  3.587e-005 -3.590e-005  2.785e-008 -2.112e-003  2.171e-003
53 2-3  1.771e-007  2.383e-008 -2.010e-007 -3.967e-005 -5.918e-005  9.884e-005
54  9.891e-001  1.071e-002  1.461e-004  2.408e-001  7.426e-001  1.657e-002 
54 1-1  5.959e-006
54 1-2 -5.954e-006  5.963e-006
54 1-3 -5.539e-009 -9.088e-009  1.463e-008
54 2-1 -3.452e-005  3.433e-005  1.860e-007  1.949e-003
54 2-2  3.432e-005 -3.437e-005  4.020e-008 -1.913e-003  1.973e-003
54 2-3  1.947e-007  3.148e-008 -2.262e-007 -3.615e-005 -5.974e-005  9.590e-005
55  9.886e-001  1.120e-002  1.727e-004  2.367e-001  7.464e-001  1.693e-002 
55 1-1  5.979e-006
55 1-2 -5.971e-006  5.982e-006
55 1-3 -8.340e-009 -1.075e-008  1.909e-008
55 2-1 -3.298e-005  3.278e-005  1.993e-007  1.762e-003
55 2-2  3.277e-005 -3.282e-005  5.480e-008 -1.729e-003  1.789e-003
55 2-3  2.147e-007  3.941e-008 -2.541e-007 -3.286e-005 -5.997e-005  9.283e-005
56  9.881e-001  1.171e-002  2.040e-004  2.325e-001  7.502e-001  1.730e-002 
56 1-1  5.986e-006
56 1-2 -5.974e-006  5.987e-006
56 1-3 -1.216e-008 -1.271e-008  2.487e-008
56 2-1 -3.145e-005  3.124e-005  2.129e-007  1.589e-003
56 2-2  3.121e-005 -3.129e-005  7.186e-008 -1.559e-003  1.619e-003
56 2-3  2.370e-007  4.778e-008 -2.848e-007 -2.979e-005 -5.987e-005  8.966e-005
57  9.875e-001  1.225e-002  2.411e-004  2.284e-001  7.539e-001  1.767e-002 
57 1-1  5.980e-006
57 1-2 -5.963e-006  5.978e-006
57 1-3 -1.730e-008 -1.502e-008  3.231e-008
57 2-1 -2.993e-005  2.970e-005  2.269e-007  1.430e-003
57 2-2  2.967e-005 -2.976e-005  9.162e-008 -1.403e-003  1.462e-003
57 2-3  2.617e-007  5.682e-008 -3.185e-007 -2.695e-005 -5.945e-005  8.640e-005
58  9.869e-001  1.281e-002  2.849e-004  2.244e-001  7.575e-001  1.805e-002 
58 1-1  5.962e-006
58 1-2 -5.938e-006  5.956e-006
58 1-3 -2.416e-008 -1.772e-008  4.188e-008
58 2-1 -2.843e-005  2.819e-005  2.410e-007  1.284e-003
58 2-2  2.814e-005 -2.825e-005  1.143e-007 -1.260e-003  1.318e-003
58 2-3  2.885e-007  6.679e-008 -3.553e-007 -2.434e-005 -5.874e-005  8.308e-005
59  9.863e-001  1.340e-002  3.366e-004  2.204e-001  7.611e-001  1.844e-002 
59 1-1  5.936e-006
59 1-2 -5.902e-006  5.923e-006
59 1-3 -3.324e-008 -2.090e-008  5.414e-008
59 2-1 -2.696e-005  2.670e-005  2.555e-007  1.151e-003
59 2-2  2.664e-005 -2.678e-005  1.401e-007 -1.129e-003  1.187e-003
59 2-3  3.175e-007  7.802e-008 -3.956e-007 -2.196e-005 -5.774e-005  7.970e-005
60  9.856e-001  1.401e-002  3.977e-004  2.165e-001  7.647e-001  1.883e-002 
60 1-1  5.902e-006
60 1-2 -5.857e-006  5.882e-006
60 1-3 -4.517e-008 -2.463e-008  6.979e-008
60 2-1 -2.552e-005  2.525e-005  2.702e-007  1.031e-003
60 2-2  2.517e-005 -2.534e-005  1.691e-007 -1.011e-003  1.067e-003
60 2-3  3.484e-007  9.091e-008 -4.393e-007 -1.981e-005 -5.649e-005  7.630e-005
61  9.849e-001  1.465e-002  4.698e-004  2.126e-001  7.682e-001  1.923e-002 
61 1-1  5.866e-006
61 1-2 -5.805e-006  5.834e-006
61 1-3 -6.070e-008 -2.900e-008  8.970e-008
61 2-1 -2.414e-005  2.386e-005  2.852e-007  9.218e-004
61 2-2  2.376e-005 -2.396e-005  2.015e-007 -9.039e-004  9.589e-004
61 2-3  3.808e-007  1.059e-007 -4.867e-007 -1.789e-005 -5.500e-005  7.289e-005
62  9.841e-001  1.532e-002  5.550e-004  2.088e-001  7.716e-001  1.963e-002 
62 1-1  5.833e-006
62 1-2 -5.752e-006  5.786e-006
62 1-3 -8.080e-008 -3.412e-008  1.149e-007
62 2-1 -2.282e-005  2.252e-005  3.007e-007  8.238e-004
62 2-2  2.241e-005 -2.264e-005  2.373e-007 -8.076e-004  8.609e-004
62 2-3  4.145e-007  1.236e-007 -5.381e-007 -1.621e-005 -5.330e-005  6.951e-005
63  9.833e-001  1.602e-002  6.557e-004  2.050e-001  7.750e-001  2.004e-002 
63 1-1  5.809e-006
63 1-2 -5.702e-006  5.743e-006
63 1-3 -1.066e-007 -4.013e-008  1.467e-007
63 2-1 -2.158e-005  2.126e-005  3.171e-007  7.363e-004
63 2-2  2.113e-005 -2.140e-005  2.765e-007 -7.216e-004  7.730e-004
63 2-3  4.490e-007  1.446e-007 -5.936e-007 -1.476e-005 -5.142e-005  6.618e-005
64  9.825e-001  1.675e-002  7.745e-004  2.013e-001  7.783e-001  2.046e-002 
64 1-1  5.803e-006
64 1-2 -5.663e-006  5.711e-006
64 1-3 -1.395e-007 -4.717e-008  1.867e-007
64 2-1 -2.042e-005  2.008e-005  3.346e-007  6.587e-004
64 2-2  1.993e-005 -2.025e-005  3.188e-007 -6.451e-004  6.945e-004
64 2-3  4.838e-007  1.697e-007 -6.535e-007 -1.355e-005 -4.939e-005  6.294e-005
65  9.816e-001  1.752e-002  9.148e-004  1.976e-001  7.815e-001  2.088e-002 
65 1-1  5.825e-006
65 1-2 -5.644e-006  5.700e-006
65 1-3 -1.812e-007 -5.543e-008  2.366e-007
65 2-1 -1.936e-005  1.901e-005  3.541e-007  5.903e-004
65 2-2  1.884e-005 -1.921e-005  3.640e-007 -5.777e-004  6.250e-004
65 2-3  5.184e-007  1.997e-007 -7.182e-007 -1.257e-005 -4.724e-005  5.982e-005
66  9.806e-001  1.831e-002  1.081e-003  1.940e-001  7.847e-001  2.131e-002 
66 1-1  5.889e-006
66 1-2 -5.655e-006  5.721e-006
66 1-3 -2.336e-007 -6.513e-008  2.987e-007
66 2-1 -1.842e-005  1.804e-005  3.765e-007  5.307e-004
66 2-2  1.787e-005 -1.828e-005  4.117e-007 -5.189e-004  5.639e-004
66 2-3  5.524e-007  2.358e-007 -7.882e-007 -1.183e-005 -4.503e-005  5.686e-005
67  9.796e-001  1.915e-002  1.276e-003  1.904e-001  7.879e-001  2.175e-002 
67 1-1  6.010e-006
67 1-2 -5.711e-006  5.787e-006
67 1-3 -2.990e-007 -7.653e-008  3.755e-007
67 2-1 -1.761e-005  1.721e-005  4.033e-007  4.793e-004
67 2-2  1.703e-005 -1.749e-005  4.612e-007 -4.680e-004  5.108e-004
67 2-3  5.854e-007  2.791e-007 -8.644e-007 -1.133e-005 -4.278e-005  5.411e-005
68  9.785e-001  2.001e-002  1.507e-003  1.868e-001  7.910e-001  2.220e-002 
68 1-1  6.206e-006
68 1-2 -5.826e-006  5.916e-006
68 1-3 -3.800e-007 -8.994e-008  4.700e-007
68 2-1 -1.696e-005  1.652e-005  4.363e-007  4.357e-004
68 2-2  1.634e-005 -1.685e-005  5.117e-007 -4.246e-004  4.652e-004
68 2-3  6.171e-007  3.309e-007 -9.479e-007 -1.106e-005 -4.055e-005  5.161e-005
69  9.773e-001  2.092e-002  1.780e-003  1.834e-001  7.940e-001  2.265e-002 
69 1-1  6.500e-006
69 1-2 -6.020e-006  6.126e-006
69 1-3 -4.798e-007 -1.058e-007  5.856e-007
69 2-1 -1.647e-005  1.599e-005  4.782e-007  3.992e-004
69 2-2  1.582e-005 -1.639e-005  5.623e-007 -3.881e-004  4.265e-004
69 2-3  6.476e-007  3.928e-007 -1.040e-006 -1.103e-005 -3.838e-005  4.941e-005
70  9.760e-001  2.186e-002  2.101e-003  1.799e-001  7.970e-001  2.311e-002 
70 1-1  6.919e-006
70 1-2 -6.317e-006  6.441e-006
70 1-3 -6.017e-007 -1.245e-007  7.262e-007
70 2-1 -1.617e-005  1.564e-005  5.326e-007  3.693e-004
70 2-2  1.550e-005 -1.611e-005  6.119e-007 -3.581e-004  3.945e-004
70 2-3  6.778e-007  4.667e-007 -1.144e-006 -1.123e-005 -3.633e-005  4.756e-005
71  9.747e-001  2.285e-002  2.481e-003  1.765e-001  7.999e-001  2.358e-002 
71 1-1  7.493e-006
71 1-2 -6.743e-006  6.890e-006
71 1-3 -7.497e-007 -1.468e-007  8.965e-007
71 2-1 -1.609e-005  1.548e-005  6.042e-007  3.457e-004
71 2-2  1.538e-005 -1.604e-005  6.593e-007 -3.341e-004  3.685e-004
71 2-3  7.090e-007  5.545e-007 -1.264e-006 -1.167e-005 -3.446e-005  4.613e-005
72  9.732e-001  2.387e-002  2.929e-003  1.732e-001  8.027e-001  2.405e-002 
72 1-1  8.259e-006
72 1-2 -7.330e-006  7.503e-006
72 1-3 -9.285e-007 -1.733e-007  1.102e-006
72 2-1 -1.624e-005  1.554e-005  6.992e-007  3.279e-004
72 2-2  1.550e-005 -1.620e-005  7.035e-007 -3.155e-004  3.484e-004
72 2-3  7.441e-007  6.586e-007 -1.403e-006 -1.234e-005 -3.283e-005  4.518e-005
73  9.716e-001  2.494e-002  3.457e-003  1.699e-001  8.055e-001  2.454e-002 
73 1-1  9.259e-006
73 1-2 -8.116e-006  8.321e-006
73 1-3 -1.144e-006 -2.053e-007  1.349e-006
73 2-1 -1.665e-005  1.583e-005  8.257e-007  3.153e-004
73 2-2  1.586e-005 -1.661e-005  7.436e-007 -3.021e-004  3.336e-004
73 2-3  7.875e-007  7.818e-007 -1.569e-006 -1.325e-005 -3.151e-005  4.477e-005
74  9.699e-001  2.606e-002  4.080e-003  1.667e-001  8.083e-001  2.502e-002 
74 1-1  1.054e-005
74 1-2 -9.142e-006  9.386e-006
74 1-3 -1.402e-006 -2.440e-007  1.646e-006
74 2-1 -1.736e-005  1.636e-005  9.941e-007  3.076e-004
74 2-2  1.651e-005 -1.729e-005  7.792e-007 -2.932e-004  3.238e-004
74 2-3  8.461e-007  9.272e-007 -1.773e-006 -1.440e-005 -3.057e-005  4.497e-005
75  9.680e-001  2.722e-002  4.814e-003  1.635e-001  8.110e-001  2.552e-002 
75 1-1  1.217e-005
75 1-2 -1.046e-005  1.075e-005
75 1-3 -1.715e-006 -2.913e-007  2.006e-006
75 2-1 -1.839e-005  1.717e-005  1.218e-006  3.044e-004
75 2-2  1.746e-005 -1.827e-005  8.110e-007 -2.886e-004  3.187e-004
75 2-3  9.304e-007  1.098e-006 -2.029e-006 -1.579e-005 -3.009e-005  4.587e-005
76  9.659e-001  2.842e-002  5.679e-003  1.604e-001  8.136e-001  2.603e-002 
76 1-1  1.422e-005
76 1-2 -1.212e-005  1.247e-005
76 1-3 -2.096e-006 -3.499e-007  2.446e-006
76 2-1 -1.978e-005  1.826e-005  1.513e-006  3.052e-004
76 2-2  1.872e-005 -1.956e-005  8.411e-007 -2.878e-004  3.179e-004
76 2-3  1.055e-006  1.299e-006 -2.354e-006 -1.741e-005 -3.015e-005  4.755e-005
77  9.636e-001  2.967e-002  6.699e-003  1.573e-001  8.162e-001  2.654e-002 
77 1-1  1.676e-005
77 1-2 -1.419e-005  1.462e-005
77 1-3 -2.571e-006 -4.234e-007  2.994e-006
77 2-1 -2.157e-005  1.967e-005  1.903e-006  3.097e-004
77 2-2  2.033e-005 -2.120e-005  8.739e-007 -2.904e-004  3.213e-004
77 2-3  1.241e-006  1.535e-006 -2.777e-006 -1.926e-005 -3.084e-005  5.010e-005
78  9.611e-001  3.097e-002  7.899e-003  1.542e-001  8.187e-001  2.706e-002 
78 1-1  1.992e-005
78 1-2 -1.675e-005  1.726e-005
78 1-3 -3.177e-006 -5.174e-007  3.694e-006
78 2-1 -2.381e-005  2.140e-005  2.412e-006  3.175e-004
78 2-2  2.229e-005 -2.321e-005  9.177e-007 -2.961e-004  3.284e-004
78 2-3  1.519e-006  1.811e-006 -3.330e-006 -2.135e-005 -3.226e-005  5.361e-005
79  9.584e-001  3.232e-002  9.312e-003  1.512e-001  8.212e-001  2.759e-002 
79 1-1  2.384e-005
79 1-2 -1.986e-005  2.049e-005
79 1-3 -3.981e-006 -6.398e-007  4.621e-006
79 2-1 -2.655e-005  2.347e-005  3.076e-006  3.282e-004
79 2-2  2.462e-005 -2.561e-005  9.857e-007 -3.046e-004  3.391e-004
79 2-3  1.927e-006  2.135e-006 -4.061e-006 -2.368e-005 -3.450e-005  5.819e-005
80  9.553e-001  3.371e-002  1.097e-002  1.483e-001  8.236e-001  2.813e-002 
80 1-1  2.870e-005
80 1-2 -2.361e-005  2.441e-005
80 1-3 -5.094e-006 -8.025e-007  5.896e-006
80 2-1 -2.985e-005  2.592e-005  3.934e-006  3.416e-004
80 2-2  2.733e-005 -2.843e-005  1.098e-006 -3.154e-004  3.531e-004
80 2-3  2.520e-006  2.513e-006 -5.033e-006 -2.625e-005 -3.769e-005  6.394e-005
81  9.519e-001  3.516e-002  1.293e-002  1.454e-001  8.260e-001  2.868e-002 
81 1-1  3.479e-005
81 1-2 -2.809e-005  2.911e-005
81 1-3 -6.699e-006 -1.024e-006  7.723e-006
81 2-1 -3.378e-005  2.874e-005  5.039e-006  3.574e-004
81 2-2  3.041e-005 -3.169e-005  1.286e-006 -3.283e-004  3.702e-004
81 2-3  3.369e-006  2.956e-006 -6.325e-006 -2.906e-005 -4.192e-005  7.098e-005
82  9.481e-001  3.665e-002  1.522e-002  1.425e-001  8.283e-001  2.923e-002 
82 1-1  4.249e-005
82 1-2 -3.339e-005  3.472e-005
82 1-3 -9.101e-006 -1.331e-006  1.043e-005
82 2-1 -3.841e-005  3.196e-005  6.453e-006  3.751e-004
82 2-2  3.384e-005 -3.543e-005  1.594e-006 -3.430e-004  3.903e-004
82 2-3  4.571e-006  3.475e-006 -8.046e-006 -3.211e-005 -4.732e-005  7.943e-005
83  9.439e-001  3.818e-002  1.792e-002  1.397e-001  8.305e-001  2.979e-002 
83 1-1  5.239e-005
83 1-2 -3.960e-005  4.137e-005
83 1-3 -1.279e-005 -1.768e-006  1.456e-005
83 2-1 -4.384e-005  3.559e-005  8.250e-006  3.946e-004
83 2-2  3.759e-005 -3.967e-005  2.083e-006 -3.592e-004  4.132e-004
83 2-3  6.249e-006  4.084e-006 -1.033e-005 -3.539e-005 -5.403e-005  8.942e-005
84  9.392e-001  3.975e-002  2.108e-002  1.369e-001  8.327e-001  3.036e-002 
84 1-1  6.535e-005
84 1-2 -4.679e-005  4.919e-005
84 1-3 -1.856e-005 -2.400e-006  2.096e-005
84 2-1 -5.015e-005  3.963e-005  1.052e-005  4.156e-004
84 2-2  4.159e-005 -4.443e-005  2.841e-006 -3.767e-004  4.389e-004
84 2-3  8.564e-006  4.800e-006 -1.336e-005 -3.892e-005 -6.218e-005  1.011e-004
85  9.339e-001  4.137e-002  2.478e-002  1.342e-001  8.348e-001  3.094e-002 
85 1-1  8.267e-005
85 1-2 -5.501e-005  5.834e-005
85 1-3 -2.766e-005 -3.329e-006  3.099e-005
85 2-1 -5.748e-005  4.410e-005  1.338e-005  4.378e-004
85 2-2  4.575e-005 -4.974e-005  3.986e-006 -3.951e-004  4.670e-004
85 2-3  1.172e-005  5.643e-006 -1.737e-005 -4.269e-005 -7.191e-005  1.146e-004
86  9.279e-001  4.301e-002  2.911e-002  1.315e-001  8.369e-001  3.153e-002 
86 1-1  1.063e-004
86 1-2 -6.425e-005  6.896e-005
86 1-3 -4.203e-005 -4.711e-006  4.674e-005
86 2-1 -6.593e-005  4.899e-005  1.695e-005  4.610e-004
86 2-2  4.995e-005 -5.563e-005  5.677e-006 -4.143e-004  4.977e-004
86 2-3  1.598e-005  6.641e-006 -2.262e-005 -4.670e-005 -8.338e-005  1.301e-004
87  9.211e-001  4.469e-002  3.417e-002  1.289e-001  8.390e-001  3.213e-002 
87 1-1  1.391e-004
87 1-2 -7.443e-005  8.122e-005
87 1-3 -6.463e-005 -6.786e-006  7.142e-005
87 2-1 -7.566e-005  5.429e-005  2.138e-005  4.851e-004
87 2-2  5.399e-005 -6.211e-005  8.121e-006 -4.341e-004  5.308e-004
87 2-3  2.167e-005  7.824e-006 -2.950e-005 -5.096e-005 -9.675e-005  1.477e-004
88  9.136e-001  4.638e-002  4.006e-002  1.263e-001  8.410e-001  3.274e-002 
88 1-1  1.853e-004
88 1-2 -8.537e-005  9.528e-005
88 1-3 -9.992e-005 -9.916e-006  1.098e-004
88 2-1 -8.682e-005  5.998e-005  2.684e-005  5.097e-004
88 2-2  5.763e-005 -6.922e-005  1.159e-005 -4.542e-004  5.664e-004
88 2-3  2.920e-005  9.233e-006 -3.843e-005 -5.547e-005 -1.122e-004  1.677e-004
89  9.050e-001  4.808e-002  4.692e-002  1.238e-001  8.429e-001  3.336e-002 
89 1-1  2.511e-004
89 1-2 -9.666e-005  1.113e-004
89 1-3 -1.545e-004 -1.465e-005  1.691e-004
89 2-1 -9.958e-005  6.605e-005  3.353e-005  5.347e-004
89 2-2  6.053e-005 -7.697e-005  1.644e-005 -4.744e-004  6.044e-004
89 2-3  3.905e-005  1.092e-005 -4.996e-005 -6.023e-005 -1.299e-004  1.901e-004
90  8.953e-001  4.978e-002  5.488e-002  1.213e-001  8.448e-001  3.398e-002 
90 1-1  3.455e-004
90 1-2 -1.077e-004  1.295e-004
90 1-3 -2.378e-004 -2.179e-005  2.596e-004
90 2-1 -1.141e-004  7.245e-005  4.166e-005  5.599e-004
90 2-2  6.229e-005 -8.538e-005  2.310e-005 -4.947e-004  6.447e-004
90 2-3  5.182e-005  1.293e-005 -6.475e-005 -6.523e-005 -1.501e-004  2.153e-004