# FRFadl.txt
#IMaCh version 0.99r45, April 2023,INED-EUROREVES-Institut de longevite-Japan Society for the Promotion of Science (Grant-in-Aid for Scientific Research 25293121), Intel Software 2015-2020, Nihon University 2021-202, INED 2000-2022
#$Revision: 1.353 $ $Date: 2023/05/08 18:48:22 $
# Tue Feb 04 22:03:38 2025
#One-step probabilities and correlation matrix
# Age p1-1  p1-2  p1-3  p2-1  p2-2  p2-3 
50  9.910e-001  8.943e-003  7.493e-005  2.580e-001  7.268e-001  1.519e-002 
50 1-1  1.000e+000
50 1-2 -9.996e-001  1.000e+000
50 1-3 -2.034e-003 -2.728e-002  1.000e+000
50 2-1 -3.165e-001  3.153e-001  3.656e-002  1.000e+000
50 2-2  3.152e-001 -3.151e-001  5.161e-004 -9.813e-001  1.000e+000
50 2-3  5.566e-003  5.474e-005 -1.917e-001 -9.323e-002 -1.001e-001  1.000e+000
51  9.906e-001  9.355e-003  8.855e-005  2.537e-001  7.308e-001  1.553e-002 
51 1-1  1.000e+000
51 1-2 -9.994e-001  1.000e+000
51 1-3 -5.348e-003 -2.806e-002  1.000e+000
51 2-1 -3.174e-001  3.160e-001  3.615e-002  1.000e+000
51 2-2  3.156e-001 -3.155e-001  2.167e-003 -9.800e-001  1.000e+000
51 2-3  6.040e-003  3.593e-004 -1.915e-001 -9.082e-002 -1.091e-001  1.000e+000
52  9.901e-001  9.785e-003  1.046e-004  2.493e-001  7.348e-001  1.587e-002 
52 1-1  1.000e+000
52 1-2 -9.993e-001  1.000e+000
52 1-3 -9.188e-003 -2.890e-002  1.000e+000
52 2-1 -3.183e-001  3.168e-001  3.573e-002  1.000e+000
52 2-2  3.159e-001 -3.160e-001  3.879e-003 -9.786e-001  1.000e+000
52 2-3  6.622e-003  6.675e-004 -1.913e-001 -8.841e-002 -1.183e-001  1.000e+000
53  9.896e-001  1.024e-002  1.237e-004  2.451e-001  7.387e-001  1.622e-002 
53 1-1  1.000e+000
53 1-2 -9.991e-001  1.000e+000
53 1-3 -1.363e-002 -2.980e-002  1.000e+000
53 2-1 -3.193e-001  3.176e-001  3.529e-002  1.000e+000
53 2-2  3.163e-001 -3.164e-001  5.651e-003 -9.771e-001  1.000e+000
53 2-3  7.320e-003  9.844e-004 -1.912e-001 -8.601e-002 -1.277e-001  1.000e+000
54  9.891e-001  1.071e-002  1.461e-004  2.408e-001  7.426e-001  1.657e-002 
54 1-1  1.000e+000
54 1-2 -9.988e-001  1.000e+000
54 1-3 -1.876e-002 -3.077e-002  1.000e+000
54 2-1 -3.203e-001  3.185e-001  3.484e-002  1.000e+000
54 2-2  3.166e-001 -3.169e-001  7.484e-003 -9.756e-001  1.000e+000
54 2-3  8.146e-003  1.317e-003 -1.910e-001 -8.362e-002 -1.374e-001  1.000e+000
55  9.886e-001  1.120e-002  1.727e-004  2.367e-001  7.464e-001  1.693e-002 
55 1-1  1.000e+000
55 1-2 -9.984e-001  1.000e+000
55 1-3 -2.468e-002 -3.182e-002  1.000e+000
55 2-1 -3.214e-001  3.194e-001  3.436e-002  1.000e+000
55 2-2  3.169e-001 -3.173e-001  9.377e-003 -9.739e-001  1.000e+000
55 2-3  9.112e-003  1.672e-003 -1.909e-001 -8.126e-002 -1.472e-001  1.000e+000
56  9.881e-001  1.171e-002  2.040e-004  2.325e-001  7.502e-001  1.730e-002 
56 1-1  1.000e+000
56 1-2 -9.979e-001  1.000e+000
56 1-3 -3.150e-002 -3.295e-002  1.000e+000
56 2-1 -3.225e-001  3.203e-001  3.388e-002  1.000e+000
56 2-2  3.171e-001 -3.178e-001  1.133e-002 -9.721e-001  1.000e+000
56 2-3  1.023e-002  2.062e-003 -1.907e-001 -7.894e-002 -1.571e-001  1.000e+000
57  9.875e-001  1.225e-002  2.411e-004  2.284e-001  7.539e-001  1.767e-002 
57 1-1  1.000e+000
57 1-2 -9.973e-001  1.000e+000
57 1-3 -3.935e-002 -3.417e-002  1.000e+000
57 2-1 -3.237e-001  3.213e-001  3.338e-002  1.000e+000
57 2-2  3.173e-001 -3.183e-001  1.333e-002 -9.702e-001  1.000e+000
57 2-3  1.151e-002  2.500e-003 -1.906e-001 -7.669e-002 -1.673e-001  1.000e+000
58  9.869e-001  1.281e-002  2.849e-004  2.244e-001  7.575e-001  1.805e-002 
58 1-1  1.000e+000
58 1-2 -9.965e-001  1.000e+000
58 1-3 -4.835e-002 -3.548e-002  1.000e+000
58 2-1 -3.249e-001  3.223e-001  3.287e-002  1.000e+000
58 2-2  3.174e-001 -3.188e-001  1.538e-002 -9.682e-001  1.000e+000
58 2-3  1.296e-002  3.003e-003 -1.905e-001 -7.452e-002 -1.775e-001  1.000e+000
59  9.863e-001  1.340e-002  3.366e-004  2.204e-001  7.611e-001  1.844e-002 
59 1-1  1.000e+000
59 1-2 -9.954e-001  1.000e+000
59 1-3 -5.864e-002 -3.691e-002  1.000e+000
59 2-1 -3.261e-001  3.233e-001  3.236e-002  1.000e+000
59 2-2  3.173e-001 -3.193e-001  1.747e-002 -9.660e-001  1.000e+000
59 2-3  1.460e-002  3.591e-003 -1.904e-001 -7.249e-002 -1.877e-001  1.000e+000
60  9.856e-001  1.401e-002  3.977e-004  2.165e-001  7.647e-001  1.883e-002 
60 1-1  1.000e+000
60 1-2 -9.941e-001  1.000e+000
60 1-3 -7.037e-002 -3.844e-002  1.000e+000
60 2-1 -3.272e-001  3.243e-001  3.185e-002  1.000e+000
60 2-2  3.172e-001 -3.199e-001  1.959e-002 -9.638e-001  1.000e+000
60 2-3  1.642e-002  4.291e-003 -1.904e-001 -7.064e-002 -1.979e-001  1.000e+000
61  9.849e-001  1.465e-002  4.698e-004  2.126e-001  7.682e-001  1.923e-002 
61 1-1  1.000e+000
61 1-2 -9.923e-001  1.000e+000
61 1-3 -8.368e-002 -4.008e-002  1.000e+000
61 2-1 -3.283e-001  3.253e-001  3.136e-002  1.000e+000
61 2-2  3.168e-001 -3.204e-001  2.173e-002 -9.614e-001  1.000e+000
61 2-3  1.842e-002  5.136e-003 -1.904e-001 -6.903e-002 -2.080e-001  1.000e+000
62  9.841e-001  1.532e-002  5.550e-004  2.088e-001  7.716e-001  1.963e-002 
62 1-1  1.000e+000
62 1-2 -9.901e-001  1.000e+000
62 1-3 -9.869e-002 -4.184e-002  1.000e+000
62 2-1 -3.292e-001  3.262e-001  3.091e-002  1.000e+000
62 2-2  3.162e-001 -3.208e-001  2.386e-002 -9.590e-001  1.000e+000
62 2-3  2.059e-002  6.162e-003 -1.904e-001 -6.775e-002 -2.179e-001  1.000e+000
63  9.833e-001  1.602e-002  6.557e-004  2.050e-001  7.750e-001  2.004e-002 
63 1-1  1.000e+000
63 1-2 -9.873e-001  1.000e+000
63 1-3 -1.155e-001 -4.372e-002  1.000e+000
63 2-1 -3.299e-001  3.269e-001  3.050e-002  1.000e+000
63 2-2  3.153e-001 -3.212e-001  2.596e-002 -9.564e-001  1.000e+000
63 2-3  2.290e-002  7.417e-003 -1.905e-001 -6.688e-002 -2.273e-001  1.000e+000
64  9.825e-001  1.675e-002  7.745e-004  2.013e-001  7.783e-001  2.046e-002 
64 1-1  1.000e+000
64 1-2 -9.838e-001  1.000e+000
64 1-3 -1.340e-001 -4.569e-002  1.000e+000
64 2-1 -3.302e-001  3.274e-001  3.018e-002  1.000e+000
64 2-2  3.140e-001 -3.216e-001  2.800e-002 -9.538e-001  1.000e+000
64 2-3  2.532e-002  8.950e-003 -1.906e-001 -6.656e-002 -2.362e-001  1.000e+000
65  9.816e-001  1.752e-002  9.148e-004  1.976e-001  7.815e-001  2.088e-002 
65 1-1  1.000e+000
65 1-2 -9.795e-001  1.000e+000
65 1-3 -1.543e-001 -4.773e-002  1.000e+000
65 2-1 -3.302e-001  3.277e-001  2.996e-002  1.000e+000
65 2-2  3.123e-001 -3.218e-001  2.994e-002 -9.512e-001  1.000e+000
65 2-3  2.777e-002  1.082e-002 -1.909e-001 -6.691e-002 -2.443e-001  1.000e+000
66  9.806e-001  1.831e-002  1.081e-003  1.940e-001  7.847e-001  2.131e-002 
66 1-1  1.000e+000
66 1-2 -9.744e-001  1.000e+000
66 1-3 -1.761e-001 -4.982e-002  1.000e+000
66 2-1 -3.295e-001  3.275e-001  2.991e-002  1.000e+000
66 2-2  3.101e-001 -3.219e-001  3.172e-002 -9.485e-001  1.000e+000
66 2-3  3.019e-002  1.307e-002 -1.913e-001 -6.812e-002 -2.515e-001  1.000e+000
67  9.796e-001  1.915e-002  1.276e-003  1.904e-001  7.879e-001  2.175e-002 
67 1-1  1.000e+000
67 1-2 -9.683e-001  1.000e+000
67 1-3 -1.990e-001 -5.191e-002  1.000e+000
67 2-1 -3.282e-001  3.268e-001  3.006e-002  1.000e+000
67 2-2  3.074e-001 -3.217e-001  3.330e-002 -9.458e-001  1.000e+000
67 2-3  3.246e-002  1.577e-002 -1.918e-001 -7.034e-002 -2.573e-001  1.000e+000
68  9.785e-001  2.001e-002  1.507e-003  1.868e-001  7.910e-001  2.220e-002 
68 1-1  1.000e+000
68 1-2 -9.615e-001  1.000e+000
68 1-3 -2.225e-001 -5.394e-002  1.000e+000
68 2-1 -3.262e-001  3.255e-001  3.049e-002  1.000e+000
68 2-2  3.042e-001 -3.213e-001  3.461e-002 -9.432e-001  1.000e+000
68 2-3  3.448e-002  1.894e-002 -1.925e-001 -7.375e-002 -2.617e-001  1.000e+000
69  9.773e-001  2.092e-002  1.780e-003  1.834e-001  7.940e-001  2.265e-002 
69 1-1  1.000e+000
69 1-2 -9.540e-001  1.000e+000
69 1-3 -2.459e-001 -5.585e-002  1.000e+000
69 2-1 -3.234e-001  3.234e-001  3.128e-002  1.000e+000
69 2-2  3.005e-001 -3.206e-001  3.558e-002 -9.407e-001  1.000e+000
69 2-3  3.614e-002  2.258e-002 -1.934e-001 -7.851e-002 -2.644e-001  1.000e+000
70  9.760e-001  2.186e-002  2.101e-003  1.799e-001  7.970e-001  2.311e-002 
70 1-1  1.000e+000
70 1-2 -9.462e-001  1.000e+000
70 1-3 -2.684e-001 -5.757e-002  1.000e+000
70 2-1 -3.200e-001  3.207e-001  3.252e-002  1.000e+000
70 2-2  2.966e-001 -3.196e-001  3.615e-002 -9.382e-001  1.000e+000
70 2-3  3.736e-002  2.666e-002 -1.947e-001 -8.472e-002 -2.653e-001  1.000e+000
71  9.747e-001  2.285e-002  2.481e-003  1.765e-001  7.999e-001  2.358e-002 
71 1-1  1.000e+000
71 1-2 -9.385e-001  1.000e+000
71 1-3 -2.893e-001 -5.906e-002  1.000e+000
71 2-1 -3.161e-001  3.173e-001  3.432e-002  1.000e+000
71 2-2  2.927e-001 -3.183e-001  3.627e-002 -9.359e-001  1.000e+000
71 2-3  3.814e-002  3.110e-002 -1.965e-001 -9.239e-002 -2.643e-001  1.000e+000
72  9.732e-001  2.387e-002  2.929e-003  1.732e-001  8.027e-001  2.405e-002 
72 1-1  1.000e+000
72 1-2 -9.312e-001  1.000e+000
72 1-3 -3.078e-001 -6.029e-002  1.000e+000
72 2-1 -3.121e-001  3.133e-001  3.679e-002  1.000e+000
72 2-2  2.889e-001 -3.168e-001  3.591e-002 -9.336e-001  1.000e+000
72 2-3  3.852e-002  3.577e-002 -1.988e-001 -1.014e-001 -2.617e-001  1.000e+000
73  9.716e-001  2.494e-002  3.457e-003  1.699e-001  8.055e-001  2.454e-002 
73 1-1  1.000e+000
73 1-2 -9.246e-001  1.000e+000
73 1-3 -3.236e-001 -6.128e-002  1.000e+000
73 2-1 -3.082e-001  3.090e-001  4.004e-002  1.000e+000
73 2-2  2.855e-001 -3.152e-001  3.505e-002 -9.314e-001  1.000e+000
73 2-3  3.868e-002  4.051e-002 -2.020e-001 -1.116e-001 -2.579e-001  1.000e+000
74  9.699e-001  2.606e-002  4.080e-003  1.667e-001  8.083e-001  2.502e-002 
74 1-1  1.000e+000
74 1-2 -9.189e-001  1.000e+000
74 1-3 -3.366e-001 -6.206e-002  1.000e+000
74 2-1 -3.048e-001  3.045e-001  4.417e-002  1.000e+000
74 2-2  2.826e-001 -3.136e-001  3.375e-002 -9.291e-001  1.000e+000
74 2-3  3.886e-002  4.513e-002 -2.061e-001 -1.224e-001 -2.533e-001  1.000e+000
75  9.680e-001  2.722e-002  4.814e-003  1.635e-001  8.110e-001  2.552e-002 
75 1-1  1.000e+000
75 1-2 -9.142e-001  1.000e+000
75 1-3 -3.470e-001 -6.272e-002  1.000e+000
75 2-1 -3.020e-001  3.001e-001  4.927e-002  1.000e+000
75 2-2  2.803e-001 -3.121e-001  3.207e-002 -9.266e-001  1.000e+000
75 2-3  3.937e-002  4.946e-002 -2.115e-001 -1.336e-001 -2.488e-001  1.000e+000
76  9.659e-001  2.842e-002  5.679e-003  1.604e-001  8.136e-001  2.603e-002 
76 1-1  1.000e+000
76 1-2 -9.103e-001  1.000e+000
76 1-3 -3.555e-001 -6.334e-002  1.000e+000
76 2-1 -3.002e-001  2.960e-001  5.539e-002  1.000e+000
76 2-2  2.785e-001 -3.107e-001  3.016e-002 -9.239e-001  1.000e+000
76 2-3  4.058e-002  5.336e-002 -2.183e-001 -1.445e-001 -2.452e-001  1.000e+000
77  9.636e-001  2.967e-002  6.699e-003  1.573e-001  8.162e-001  2.654e-002 
77 1-1  1.000e+000
77 1-2 -9.067e-001  1.000e+000
77 1-3 -3.628e-001 -6.401e-002  1.000e+000
77 2-1 -2.994e-001  2.923e-001  6.248e-002  1.000e+000
77 2-2  2.770e-001 -3.094e-001  2.818e-002 -9.207e-001  1.000e+000
77 2-3  4.284e-002  5.673e-002 -2.267e-001 -1.546e-001 -2.431e-001  1.000e+000
78  9.611e-001  3.097e-002  7.899e-003  1.542e-001  8.187e-001  2.706e-002 
78 1-1  1.000e+000
78 1-2 -9.030e-001  1.000e+000
78 1-3 -3.703e-001 -6.479e-002  1.000e+000
78 2-1 -2.994e-001  2.890e-001  7.044e-002  1.000e+000
78 2-2  2.756e-001 -3.082e-001  2.635e-002 -9.171e-001  1.000e+000
78 2-3  4.647e-002  5.954e-002 -2.366e-001 -1.637e-001 -2.431e-001  1.000e+000
79  9.584e-001  3.232e-002  9.312e-003  1.512e-001  8.212e-001  2.759e-002 
79 1-1  1.000e+000
79 1-2 -8.983e-001  1.000e+000
79 1-3 -3.793e-001 -6.574e-002  1.000e+000
79 2-1 -3.001e-001  2.862e-001  7.897e-002  1.000e+000
79 2-2  2.739e-001 -3.072e-001  2.490e-002 -9.129e-001  1.000e+000
79 2-3  5.173e-002  6.182e-002 -2.477e-001 -1.714e-001 -2.456e-001  1.000e+000
80  9.553e-001  3.371e-002  1.097e-002  1.483e-001  8.236e-001  2.813e-002 
80 1-1  1.000e+000
80 1-2 -8.919e-001  1.000e+000
80 1-3 -3.916e-001 -6.689e-002  1.000e+000
80 2-1 -3.014e-001  2.838e-001  8.766e-002  1.000e+000
80 2-2  2.715e-001 -3.062e-001  2.407e-002 -9.081e-001  1.000e+000
80 2-3  5.881e-002  6.361e-002 -2.592e-001 -1.776e-001 -2.508e-001  1.000e+000
81  9.519e-001  3.516e-002  1.293e-002  1.454e-001  8.260e-001  2.868e-002 
81 1-1  1.000e+000
81 1-2 -8.826e-001  1.000e+000
81 1-3 -4.087e-001 -6.827e-002  1.000e+000
81 2-1 -3.029e-001  2.817e-001  9.592e-002  1.000e+000
81 2-2  2.679e-001 -3.053e-001  2.405e-002 -9.026e-001  1.000e+000
81 2-3  6.781e-002  6.503e-002 -2.702e-001 -1.825e-001 -2.586e-001  1.000e+000
82  9.481e-001  3.665e-002  1.522e-002  1.425e-001  8.283e-001  2.923e-002 
82 1-1  1.000e+000
82 1-2 -8.693e-001  1.000e+000
82 1-3 -4.322e-001 -6.995e-002  1.000e+000
82 2-1 -3.042e-001  2.800e-001  1.032e-001  1.000e+000
82 2-2  2.627e-001 -3.043e-001  2.497e-002 -8.964e-001  1.000e+000
82 2-3  7.868e-002  6.617e-002 -2.795e-001 -1.860e-001 -2.688e-001  1.000e+000
83  9.439e-001  3.818e-002  1.792e-002  1.397e-001  8.305e-001  2.979e-002 
83 1-1  1.000e+000
83 1-2 -8.506e-001  1.000e+000
83 1-3 -4.631e-001 -7.204e-002  1.000e+000
83 2-1 -3.049e-001  2.785e-001  1.088e-001  1.000e+000
83 2-2  2.554e-001 -3.034e-001  2.686e-002 -8.895e-001  1.000e+000
83 2-3  9.130e-002  6.714e-002 -2.864e-001 -1.884e-001 -2.811e-001  1.000e+000
84  9.392e-001  3.975e-002  2.108e-002  1.369e-001  8.327e-001  3.036e-002 
84 1-1  1.000e+000
84 1-2 -8.253e-001  1.000e+000
84 1-3 -5.015e-001 -7.474e-002  1.000e+000
84 2-1 -3.043e-001  2.772e-001  1.127e-001  1.000e+000
84 2-2  2.456e-001 -3.024e-001  2.962e-002 -8.820e-001  1.000e+000
84 2-3  1.054e-001  6.806e-002 -2.903e-001 -1.899e-001 -2.952e-001  1.000e+000
85  9.339e-001  4.137e-002  2.478e-002  1.342e-001  8.348e-001  3.094e-002 
85 1-1  1.000e+000
85 1-2 -7.921e-001  1.000e+000
85 1-3 -5.465e-001 -7.829e-002  1.000e+000
85 2-1 -3.021e-001  2.759e-001  1.149e-001  1.000e+000
85 2-2  2.329e-001 -3.013e-001  3.313e-002 -8.738e-001  1.000e+000
85 2-3  1.204e-001  6.902e-002 -2.914e-001 -1.906e-001 -3.108e-001  1.000e+000
86  9.279e-001  4.301e-002  2.911e-002  1.315e-001  8.369e-001  3.153e-002 
86 1-1  1.000e+000
86 1-2 -7.505e-001  1.000e+000
86 1-3 -5.963e-001 -8.298e-002  1.000e+000
86 2-1 -2.979e-001  2.747e-001  1.154e-001  1.000e+000
86 2-2  2.172e-001 -3.003e-001  3.722e-002 -8.650e-001  1.000e+000
86 2-3  1.359e-001  7.012e-002 -2.901e-001 -1.907e-001 -3.277e-001  1.000e+000
87  9.211e-001  4.469e-002  3.417e-002  1.289e-001  8.390e-001  3.213e-002 
87 1-1  1.000e+000
87 1-2 -7.004e-001  1.000e+000
87 1-3 -6.485e-001 -8.910e-002  1.000e+000
87 2-1 -2.913e-001  2.735e-001  1.148e-001  1.000e+000
87 2-2  1.987e-001 -2.991e-001  4.171e-002 -8.555e-001  1.000e+000
87 2-3  1.512e-001  7.143e-002 -2.872e-001 -1.904e-001 -3.455e-001  1.000e+000
88  9.136e-001  4.638e-002  4.006e-002  1.263e-001  8.410e-001  3.274e-002 
88 1-1  1.000e+000
88 1-2 -6.425e-001  1.000e+000
88 1-3 -7.004e-001 -9.693e-002  1.000e+000
88 2-1 -2.825e-001  2.722e-001  1.134e-001  1.000e+000
88 2-2  1.779e-001 -2.980e-001  4.648e-002 -8.454e-001  1.000e+000
88 2-3  1.656e-001  7.305e-002 -2.832e-001 -1.898e-001 -3.641e-001  1.000e+000
89  9.050e-001  4.808e-002  4.692e-002  1.238e-001  8.429e-001  3.336e-002 
89 1-1  1.000e+000
89 1-2 -5.781e-001  1.000e+000
89 1-3 -7.496e-001 -1.068e-001  1.000e+000
89 2-1 -2.717e-001  2.708e-001  1.115e-001  1.000e+000
89 2-2  1.554e-001 -2.968e-001  5.142e-002 -8.346e-001  1.000e+000
89 2-3  1.787e-001  7.503e-002 -2.786e-001 -1.889e-001 -3.832e-001  1.000e+000
90  8.953e-001  4.978e-002  5.488e-002  1.213e-001  8.448e-001  3.398e-002 
90 1-1  1.000e+000
90 1-2 -5.091e-001  1.000e+000
90 1-3 -7.941e-001 -1.189e-001  1.000e+000
90 2-1 -2.594e-001  2.691e-001  1.093e-001  1.000e+000
90 2-2  1.320e-001 -2.955e-001  5.646e-002 -8.233e-001  1.000e+000
90 2-3  1.900e-001  7.747e-002 -2.739e-001 -1.879e-001 -4.028e-001  1.000e+000