
# model  
#****** Result for:******
# FRFadl.txt
#IMaCh version 0.99r45, April 2023,INED-EUROREVES-Institut de longevite-Japan Society for the Promotion of Science (Grant-in-Aid for Scientific Research 25293121), Intel Software 2015-2020, Nihon University 2021-202, INED 2000-2022
#$Revision: 1.353 $ $Date: 2023/05/08 18:48:22 $
# Tue Feb 04 22:03:38 2025
# Total life expectancy with std error and decomposition into time to be expected in each health state
#  (weighted average of eij where weights are the age specific forward period (stable) prevalences in each health state 
# Age popbased mobilav e.. (std) e.1 (std) e.2 (std) 
   50 0 0  37.813 (  1.204)  33.378 (  1.003)   4.435 (  0.615)
   51 0 0  36.852 (  1.197)  32.442 (  0.994)   4.410 (  0.616)
   52 0 0  35.894 (  1.190)  31.510 (  0.985)   4.384 (  0.617)
   53 0 0  34.938 (  1.183)  30.582 (  0.976)   4.356 (  0.618)
   54 0 0  33.986 (  1.176)  29.659 (  0.968)   4.327 (  0.619)
   55 0 0  33.037 (  1.170)  28.740 (  0.959)   4.296 (  0.621)
   56 0 0  32.091 (  1.164)  27.827 (  0.951)   4.264 (  0.622)
   57 0 0  31.149 (  1.159)  26.919 (  0.944)   4.230 (  0.623)
   58 0 0  30.211 (  1.154)  26.017 (  0.936)   4.195 (  0.625)
   59 0 0  29.278 (  1.149)  25.120 (  0.929)   4.157 (  0.627)
   60 0 0  28.349 (  1.145)  24.231 (  0.923)   4.118 (  0.628)
   61 0 0  27.425 (  1.141)  23.348 (  0.916)   4.077 (  0.630)
   62 0 0  26.507 (  1.138)  22.473 (  0.910)   4.034 (  0.632)
   63 0 0  25.595 (  1.135)  21.605 (  0.904)   3.990 (  0.633)
   64 0 0  24.689 (  1.132)  20.746 (  0.899)   3.943 (  0.635)
   65 0 0  23.790 (  1.131)  19.896 (  0.894)   3.894 (  0.637)
   66 0 0  22.898 (  1.129)  19.054 (  0.889)   3.843 (  0.639)
   67 0 0  22.014 (  1.129)  18.224 (  0.884)   3.790 (  0.641)
   68 0 0  21.139 (  1.128)  17.404 (  0.880)   3.735 (  0.643)
   69 0 0  20.273 (  1.129)  16.595 (  0.876)   3.678 (  0.645)
   70 0 0  19.417 (  1.130)  15.798 (  0.872)   3.619 (  0.647)
   71 0 0  18.571 (  1.132)  15.014 (  0.868)   3.557 (  0.649)
   72 0 0  17.738 (  1.134)  14.244 (  0.865)   3.494 (  0.651)
   73 0 0  16.917 (  1.134)  13.488 (  0.866)   3.429 (  0.648)
   74 0 0  16.110 (  1.141)  12.747 (  0.859)   3.363 (  0.655)
   75 0 0  15.317 (  1.146)  12.022 (  0.856)   3.294 (  0.657)
   76 0 0  14.539 (  1.151)  11.315 (  0.854)   3.224 (  0.660)
   77 0 0  13.778 (  1.157)  10.625 (  0.851)   3.153 (  0.662)
   78 0 0  13.036 (  1.163)   9.954 (  0.849)   3.081 (  0.664)
   79 0 0  12.312 (  1.169)   9.303 (  0.846)   3.008 (  0.667)
   80 0 0  11.608 (  1.175)   8.673 (  0.843)   2.935 (  0.669)
   81 0 0  10.926 (  1.181)   8.064 (  0.840)   2.862 (  0.672)
   82 0 0  10.266 (  1.186)   7.477 (  0.836)   2.789 (  0.674)
   83 0 0   9.631 (  1.191)   6.913 (  0.832)   2.718 (  0.677)
   84 0 0   9.021 (  1.194)   6.374 (  0.826)   2.647 (  0.681)
   85 0 0   8.437 (  1.212)   5.858 (  0.816)   2.579 (  0.701)
   86 0 0   7.881 (  1.195)   5.368 (  0.810)   2.514 (  0.687)
   87 0 0   7.355 (  1.191)   4.903 (  0.799)   2.452 (  0.691)
   88 0 0   6.858 (  1.185)   4.464 (  0.786)   2.394 (  0.695)
   89 0 0   6.393 (  1.176)   4.051 (  0.770)   2.342 (  0.702)
   90 0 0   5.960 (  1.162)   3.663 (  0.754)   2.297 (  0.706)
