
#****** ******
# FRFadl.txt
#IMaCh version 0.99r45, April 2023,INED-EUROREVES-Institut de longevite-Japan Society for the Promotion of Science (Grant-in-Aid for Scientific Research 25293121), Intel Software 2015-2020, Nihon University 2021-202, INED 2000-2022
#$Revision: 1.353 $ $Date: 2023/05/08 18:48:22 $
# Tue Feb 04 22:03:38 2025
# Variance and covariance of health expectancies e.j 
#  (weighted average of eij where weights are the age specific period (stable) prevalences in each health state 
# Age Cov(e.1, e.1) Cov(e.1, e.2) Cov(e.2, e.1) Cov(e.2, e.2)
50  1.0069 0.0326 0.0326 0.3778
51  0.9883 0.0324 0.0324 0.3791
52  0.9704 0.0322 0.0322 0.3805
53  0.9531 0.0321 0.0321 0.3819
54  0.9364 0.0319 0.0319 0.3835
55  0.9204 0.0318 0.0318 0.3851
56  0.9052 0.0318 0.0318 0.3869
57  0.8906 0.0317 0.0317 0.3887
58  0.8767 0.0318 0.0318 0.3906
59  0.8636 0.0320 0.0320 0.3925
60  0.8511 0.0323 0.0323 0.3946
61  0.8394 0.0328 0.0328 0.3967
62  0.8283 0.0334 0.0334 0.3989
63  0.8178 0.0343 0.0343 0.4012
64  0.8079 0.0354 0.0354 0.4035
65  0.7987 0.0368 0.0368 0.4059
66  0.7899 0.0385 0.0385 0.4083
67  0.7818 0.0405 0.0405 0.4108
68  0.7741 0.0430 0.0430 0.4133
69  0.7669 0.0459 0.0459 0.4158
70  0.7602 0.0492 0.0492 0.4184
71  0.7540 0.0531 0.0531 0.4211
72  0.7482 0.0574 0.0574 0.4237
73  0.7500 0.0577 0.0577 0.4203
74  0.7379 0.0678 0.0678 0.4292
75  0.7332 0.0739 0.0739 0.4321
76  0.7289 0.0804 0.0804 0.4350
77  0.7247 0.0875 0.0875 0.4379
78  0.7206 0.0949 0.0949 0.4410
79  0.7162 0.1027 0.1027 0.4443
80  0.7115 0.1107 0.1107 0.4477
81  0.7060 0.1187 0.1187 0.4512
82  0.6995 0.1264 0.1264 0.4549
83  0.6916 0.1337 0.1337 0.4589
84  0.6820 0.1402 0.1402 0.4631
85  0.6664 0.1552 0.1552 0.4910
86  0.6557 0.1496 0.1496 0.4725
87  0.6385 0.1516 0.1516 0.4778
88  0.6183 0.1513 0.1513 0.4837
89  0.5933 0.1480 0.1480 0.4929
90  0.5685 0.1421 0.1421 0.4979
