
#****** ******
# FRFadl.txt
#IMaCh version 0.99r45, April 2023,INED-EUROREVES-Institut de longevite-Japan Society for the Promotion of Science (Grant-in-Aid for Scientific Research 25293121), Intel Software 2015-2020, Nihon University 2021-202, INED 2000-2022
#$Revision: 1.353 $ $Date: 2023/05/08 18:48:22 $
# Tue Feb 04 22:03:38 2025
# Standard deviation of period (forward stable) prevalences 
# Age  Result#  1-1 2-2
50 1  0.97121 (0.00806) 0.02881 (0.00807)
51 1  0.96952 (0.00823) 0.03050 (0.00824)
52 1  0.96773 (0.00839) 0.03229 (0.00841)
53 1  0.96584 (0.00854) 0.03418 (0.00856)
54 1  0.96384 (0.00869) 0.03618 (0.00871)
55 1  0.96173 (0.00883) 0.03829 (0.00885)
56 1  0.95951 (0.00896) 0.04051 (0.00898)
57 1  0.95715 (0.00908) 0.04287 (0.00910)
58 1  0.95467 (0.00919) 0.04535 (0.00921)
59 1  0.95205 (0.00929) 0.04797 (0.00931)
60 1  0.94929 (0.00938) 0.05074 (0.00940)
61 1  0.94637 (0.00946) 0.05366 (0.00948)
62 1  0.94329 (0.00954) 0.05674 (0.00956)
63 1  0.94005 (0.00960) 0.05997 (0.00962)
64 1  0.93664 (0.00967) 0.06340 (0.00969)
65 1  0.93304 (0.00974) 0.06700 (0.00976)
66 1  0.92924 (0.00981) 0.07079 (0.00983)
67 1  0.92525 (0.00989) 0.07479 (0.00992)
68 1  0.92104 (0.01000) 0.07900 (0.01003)
69 1  0.91662 (0.01014) 0.08343 (0.01017)
70 1  0.91195 (0.01033) 0.08809 (0.01035)
71 1  0.90705 (0.01057) 0.09300 (0.01059)
72 1  0.90188 (0.01088) 0.09817 (0.01091)
73 1  0.89644 (0.01130) 0.10362 (0.01142)
74 1  0.89071 (0.01180) 0.10934 (0.01182)
75 1  0.88468 (0.01243) 0.11538 (0.01245)
76 1  0.87832 (0.01320) 0.12175 (0.01322)
77 1  0.87162 (0.01411) 0.12844 (0.01413)
78 1  0.86454 (0.01518) 0.13553 (0.01520)
79 1  0.85706 (0.01642) 0.14301 (0.01644)
80 1  0.84915 (0.01784) 0.15093 (0.01785)
81 1  0.84077 (0.01943) 0.15930 (0.01945)
82 1  0.83188 (0.02122) 0.16820 (0.02124)
83 1  0.82242 (0.02321) 0.17768 (0.02323)
84 1  0.81232 (0.02541) 0.18779 (0.02542)
85 1  0.80151 (0.02772) 0.19858 (0.03113)
86 1  0.78991 (0.03047) 0.21019 (0.03049)
87 1  0.77740 (0.03338) 0.22272 (0.03339)
88 1  0.76386 (0.03656) 0.23628 (0.03658)
89 1  0.74912 (0.03986) 0.25100 (0.04303)
90 1  0.73300 (0.04391) 0.26713 (0.04393)
