# Powell
# iter -2*LL p12 p13 p21 p23
1 1 4828.345776649673 0 0.000000000000 0.000000000000 0.000000000000 0.000000000000 0.000000000000 0.000000000000 0.000000000000 0.000000000000
2 2 3015.528083061364 1 0.747372622087 0.001460370474 -3.593821759570 0.003516000860 -1.191173503263 -0.001855938355 -2.415581491285 0.002063080547
3 2 2825.027025070210 1 -0.195808670308 0.002683609920 -4.166583924574 0.007644865045 -1.754335260699 -0.003612540362 -2.678623654941 0.004076252225
4 3 2702.107622552759 1 -2.430803961546 0.026769555586 -10.448353759395 0.088177171079 0.569449524551 -0.039343089385 -5.677349738670 0.044844007473
5 3 2603.588775023636 1 -3.056637843812 0.040859344230 -13.141338653910 0.134885130465 2.100377847218 -0.059184984387 -7.422731091962 0.066815421395
6 4 2551.130466741772 1 -4.086235193765 0.063914099596 -17.948300587473 0.210525653197 4.249947200898 -0.091494767479 -10.271954454069 0.103023466390
7 4 2549.883172409242 1 -4.142543450186 0.065045992304 -18.416984427772 0.213573360781 4.283210463625 -0.092803813033 -10.401987767234 0.103732386541
8 5 2549.677917003534 2 -4.257923152651 0.066436365052 -18.742400140783 0.217677647396 4.392597911113 -0.094642556774 -10.576408118376 0.105893205109
9 5 2549.603647471715 2 -4.323376928354 0.067472186929 -18.901526915099 0.219925849070 4.458110843019 -0.095688069339 -10.705510380270 0.107510053822
10 6 2549.497903729640 2 -4.419697962548 0.069092210377 -19.002757515787 0.221540129721 4.515630803362 -0.096581072272 -10.841892036797 0.109221886606
11 6 2548.815858093717 2 -4.817971598581 0.075196265594 -18.692956783841 0.218573250131 4.530538759068 -0.096641153316 -11.237442338295 0.114198887319
12 7 2547.739616123222 2 -4.936215784879 0.076862451122 -17.590852276188 0.204438338464 4.215873378562 -0.091642321646 -11.100248332402 0.112496509944
13 7 2547.180453014737 3 -5.119506364642 0.080173325588 -16.416093252021 0.189455136861 3.880564604395 -0.086524986170 -11.051653046277 0.111890582402
14 8 2547.149228026574 3 -5.114771468969 0.080266041239 -16.512552047967 0.190653752268 3.902695884784 -0.086914426316 -11.076813116555 0.112195408439
15 8 2547.127327555555 3 -5.114128074576 0.080442632532 -16.647230932312 0.192496339012 3.925347842127 -0.087310199195 -11.119013858051 0.112720918402
16 9 2547.078271210316 3 -5.141386256910 0.080998537537 -16.842145156113 0.195128871366 3.938035571859 -0.087575049454 -11.202935323754 0.113768814180
17 9 2547.022819816169 3 -5.167718314515 0.081558633078 -17.105609415140 0.198772665476 3.946202393679 -0.087695139298 -11.296348530270 0.114940758843
18 10 2546.756528061675 3 -5.245356611432 0.082982850029 -18.194597208746 0.213612962684 3.902883017865 -0.086932215248 -11.602004757676 0.118786620050
19 10 2546.421076157407 3 -5.201615694555 0.082250872813 -19.460930218009 0.230349434001 3.788620702012 -0.085045537267 -11.760880432528 0.120804100765
20 11 2546.047004434969 4 -5.046565226901 0.079276295594 -20.590601411062 0.244245518762 3.608416910000 -0.082272856274 -11.708058567385 0.120168862613
21 11 2546.000863621138 4 -4.979933458875 0.078106097811 -20.494919388977 0.242254526709 3.611645728708 -0.082413435114 -11.599787117965 0.118807408875
22 12 2545.996936178750 4 -4.961429147182 0.077806980458 -20.500312718370 0.242149964004 3.611885030815 -0.082431517582 -11.579806600500 0.118557981786
23 12 2545.978642462562 4 -4.891603497821 0.076804524157 -20.700411262125 0.244354636728 3.613078401681 -0.082479569235 -11.571347734020 0.118454744237
24 13 2545.966853180605 4 -4.892631095965 0.076870621137 -20.711172854389 0.244870316389 3.610788360769 -0.082433932135 -11.594531023265 0.118742388470
25 13 2545.837583539073 4 -4.877012441312 0.076847755845 -20.128307988740 0.239023220805 3.610010122199 -0.082330093660 -11.813480761427 0.121459723944
26 14 2545.680191757914 4 -4.808321114993 0.075750113238 -19.660016402472 0.232619521603 3.606852599473 -0.082290593395 -11.848601494263 0.121893084429
27 14 2545.209438957463 4 -4.612405844013 0.072279915475 -16.617233244629 0.192002109836 3.584990484872 -0.081995091286 -12.157468415220 0.125704071967
28 15 2545.175637640502 4 -4.613041467362 0.072223606590 -16.803582395579 0.193867322360 3.582651445519 -0.081975590382 -12.243745460241 0.126762240632
29 15 2545.166483305817 4 -4.662137003513 0.072924351086 -16.791158296522 0.193791745151 3.584032865754 -0.082006229749 -12.289414634756 0.127324018537
30 16 2545.165613200416 4 -4.661884297045 0.072930994728 -16.776709377393 0.193608786385 3.584534857032 -0.082013692087 -12.304447881581 0.127510776147
31 16 2545.165065869561 4 -4.662198517067 0.072954616205 -16.786246651410 0.193749240886 3.585483057906 -0.082028607775 -12.326649493471 0.127786063277
32 17 2545.165065700851 4 -4.662227789835 0.072955085776 -16.787388459846 0.193763543746 3.585484400233 -0.082029004279 -12.326556323790 0.127784892520
33 17 2545.165065699918 5 -4.662214573165 0.072954884332 -16.787459538732 0.193764430608 3.585479516307 -0.082028942238 -12.326545326933 0.127784758532
34 18 2545.165065699905 5 -4.662212175529 0.072954846926 -16.787456674880 0.193764386850 3.585478626119 -0.082028928117 -12.326545327299 0.127784758784
35 18 2545.165065699904 5 -4.662212048123 0.072954845107 -16.787456746410 0.193764387046 3.585478622534 -0.082028928037 -12.326545208784 0.127784757326
36 19 2545.165065699902 5 -4.662212048123 0.072954845107 -16.787456108391 0.193764387046 3.585478622534 -0.082028928037 -12.326545208784 0.127784757326
