# ITFchr.txt
#IMaCh version 0.99r45, April 2023,INED-EUROREVES-Institut de longevite-Japan Society for the Promotion of Science (Grant-in-Aid for Scientific Research 25293121), Intel Software 2015-2020, Nihon University 2021-202, INED 2000-2022
#$Revision: 1.353 $ $Date: 2023/05/08 18:48:22 $
# Tue Feb 04 22:21:37 2025
# probabilities of dying before estepm=24 months for people of exact age and weighted probabilities w1*p1j+w2*p2j+... stand dev in()
# Selected quantitative variables and dummies
# Age cov=1 p.3 SE w1 p13 w2 p23
 50 1   9.643e-004  6.785e-004  6.569e-001  6.056e-004   3.433e-001  1.650e-003 
 51 1   1.164e-003  7.549e-004  6.340e-001  7.205e-004   3.660e-001  1.931e-003 
 52 1   1.402e-003  8.373e-004  6.104e-001  8.563e-004   3.896e-001  2.257e-003 
 53 1   1.686e-003  9.260e-004  5.861e-001  1.016e-003   4.140e-001  2.633e-003 
 54 1   2.023e-003  1.022e-003  5.611e-001  1.205e-003   4.390e-001  3.068e-003 
 55 1   2.422e-003  1.125e-003  5.357e-001  1.427e-003   4.644e-001  3.568e-003 
 56 1   2.893e-003  1.236e-003  5.099e-001  1.688e-003   4.902e-001  4.145e-003 
 57 1   3.447e-003  1.356e-003  4.839e-001  1.994e-003   5.163e-001  4.808e-003 
 58 1   4.098e-003  1.487e-003  4.578e-001  2.353e-003   5.424e-001  5.570e-003 
 59 1   4.860e-003  1.630e-003  4.318e-001  2.772e-003   5.685e-001  6.443e-003 
 60 1   5.747e-003  1.786e-003  4.060e-001  3.261e-003   5.941e-001  7.444e-003 
 61 1   6.780e-003  1.959e-003  3.806e-001  3.832e-003   6.195e-001  8.590e-003 
 62 1   7.979e-003  2.149e-003  3.557e-001  4.496e-003   6.444e-001  9.900e-003 
 63 1   9.365e-003  2.358e-003  3.315e-001  5.267e-003   6.686e-001  1.140e-002 
 64 1   1.097e-002  2.589e-003  3.082e-001  6.162e-003   6.919e-001  1.310e-002 
 65 1   1.281e-002  2.842e-003  2.857e-001  7.199e-003   7.144e-001  1.505e-002 
 66 1   1.492e-002  3.117e-003  2.642e-001  8.397e-003   7.359e-001  1.726e-002 
 67 1   1.735e-002  3.414e-003  2.438e-001  9.780e-003   7.563e-001  1.978e-002 
 68 1   2.012e-002  3.733e-003  2.245e-001  1.137e-002   7.756e-001  2.264e-002 
 69 1   2.327e-002  4.071e-003  2.063e-001  1.321e-002   7.938e-001  2.589e-002 
 70 1   2.687e-002  4.427e-003  1.893e-001  1.531e-002   8.108e-001  2.957e-002 
 71 1   3.095e-002  4.797e-003  1.734e-001  1.772e-002   8.266e-001  3.373e-002 
 72 1   3.558e-002  5.180e-003  1.587e-001  2.048e-002   8.414e-001  3.843e-002 
 73 1   4.082e-002  5.574e-003  1.451e-001  2.362e-002   8.550e-001  4.374e-002 
 74 1   4.673e-002  5.980e-003  1.325e-001  2.721e-002   8.676e-001  4.971e-002 
 75 1   5.339e-002  6.402e-003  1.209e-001  3.129e-002   8.791e-001  5.643e-002 
 76 1   6.088e-002  6.848e-003  1.103e-001  3.592e-002   8.897e-001  6.397e-002 
 77 1   6.927e-002  7.336e-003  1.006e-001  4.115e-002   8.994e-001  7.241e-002 
 78 1   7.865e-002  7.891e-003  9.177e-002  4.707e-002   9.083e-001  8.184e-002 
 79 1   8.912e-002  8.549e-003  8.366e-002  5.374e-002   9.164e-001  9.234e-002 
 80 1   1.007e-001  9.359e-003  7.628e-002  6.124e-002   9.238e-001  1.040e-001 
 81 1   1.136e-001  1.037e-002  6.955e-002  6.964e-002   9.305e-001  1.169e-001 
 82 1   1.279e-001  1.165e-002  6.343e-002  7.903e-002   9.366e-001  1.312e-001 
 83 1   1.435e-001  1.325e-002  5.786e-002  8.949e-002   9.421e-001  1.469e-001 
 84 1   1.607e-001  1.520e-002  5.280e-002  1.011e-001   9.472e-001  1.640e-001 
 85 1   1.794e-001  1.755e-002  4.821e-002  1.140e-001   9.518e-001  1.827e-001 
 86 1   1.997e-001  2.030e-002  4.402e-002  1.281e-001   9.560e-001  2.030e-001 
 87 1   2.216e-001  2.344e-002  4.021e-002  1.437e-001   9.598e-001  2.249e-001 
 88 1   2.451e-001  2.697e-002  3.674e-002  1.607e-001   9.633e-001  2.483e-001 
 89 1   2.702e-001  3.084e-002  3.359e-002  1.792e-001   9.664e-001  2.733e-001 
 90 1   2.967e-001  3.499e-002  3.071e-002  1.992e-001   9.693e-001  2.998e-001 
