# ITFchr.txt
#IMaCh version 0.99r45, April 2023,INED-EUROREVES-Institut de longevite-Japan Society for the Promotion of Science (Grant-in-Aid for Scientific Research 25293121), Intel Software 2015-2020, Nihon University 2021-202, INED 2000-2022
#$Revision: 1.353 $ $Date: 2023/05/08 18:48:22 $
# Tue Feb 04 22:21:37 2025
#One-step probabilities and correlation matrix
# Age p1-1  p1-2  p1-3  p2-1  p2-2  p2-3 
50  7.334e-001  2.659e-001  6.056e-004  3.732e-001  6.252e-001  1.650e-003 
50 1-1  1.000e+000
50 1-2 -9.994e-001  1.000e+000
50 1-3  1.134e-002 -4.467e-002  1.000e+000
50 2-1 -2.344e-002  2.253e-002  2.668e-002  1.000e+000
50 2-2  2.401e-002 -2.329e-002 -2.080e-002 -9.997e-001  1.000e+000
50 2-3 -2.265e-002  3.134e-002 -2.613e-001 -1.130e-001  9.055e-002  1.000e+000
51  7.189e-001  2.804e-001  7.205e-004  3.541e-001  6.440e-001  1.931e-003 
51 1-1  1.000e+000
51 1-2 -9.992e-001  1.000e+000
51 1-3  1.081e-002 -5.006e-002  1.000e+000
51 2-1 -2.372e-002  2.262e-002  2.730e-002  1.000e+000
51 2-2  2.439e-002 -2.358e-002 -2.012e-002 -9.996e-001  1.000e+000
51 2-3 -2.222e-002  3.247e-002 -2.619e-001 -1.058e-001  7.841e-002  1.000e+000
52  7.038e-001  2.953e-001  8.563e-004  3.355e-001  6.622e-001  2.257e-003 
52 1-1  1.000e+000
52 1-2 -9.989e-001  1.000e+000
52 1-3  9.647e-003 -5.593e-002  1.000e+000
52 2-1 -2.404e-002  2.271e-002  2.800e-002  1.000e+000
52 2-2  2.484e-002 -2.391e-002 -1.919e-002 -9.994e-001  1.000e+000
52 2-3 -2.160e-002  3.372e-002 -2.625e-001 -9.913e-002  6.557e-002  1.000e+000
53  6.883e-001  3.107e-001  1.016e-003  3.174e-001  6.800e-001  2.633e-003 
53 1-1  1.000e+000
53 1-2 -9.985e-001  1.000e+000
53 1-3  7.695e-003 -6.234e-002  1.000e+000
53 2-1 -2.442e-002  2.280e-002  2.877e-002  1.000e+000
53 2-2  2.535e-002 -2.432e-002 -1.796e-002 -9.991e-001  1.000e+000
53 2-3 -2.076e-002  3.510e-002 -2.630e-001 -9.295e-002  5.181e-002  1.000e+000
54  6.724e-001  3.264e-001  1.205e-003  2.998e-001  6.972e-001  3.068e-003 
54 1-1  1.000e+000
54 1-2 -9.979e-001  1.000e+000
54 1-3  4.794e-003 -6.932e-002  1.000e+000
54 2-1 -2.485e-002  2.288e-002  2.962e-002  1.000e+000
54 2-2  2.592e-002 -2.481e-002 -1.633e-002 -9.987e-001  1.000e+000
54 2-3 -1.965e-002  3.661e-002 -2.635e-001 -8.734e-002  3.685e-002  1.000e+000
55  6.560e-001  3.426e-001  1.427e-003  2.827e-001  7.137e-001  3.568e-003 
55 1-1  1.000e+000
55 1-2 -9.971e-001  1.000e+000
55 1-3  7.656e-004 -7.691e-002  1.000e+000
55 2-1 -2.534e-002  2.294e-002  3.054e-002  1.000e+000
55 2-2  2.655e-002 -2.539e-002 -1.420e-002 -9.981e-001  1.000e+000
55 2-3 -1.821e-002  3.826e-002 -2.640e-001 -8.235e-002  2.034e-002  1.000e+000
56  6.392e-001  3.591e-001  1.688e-003  2.662e-001  7.296e-001  4.145e-003 
56 1-1  1.000e+000
56 1-2 -9.960e-001  1.000e+000
56 1-3 -4.567e-003 -8.510e-002  1.000e+000
56 2-1 -2.589e-002  2.297e-002  3.154e-002  1.000e+000
56 2-2  2.722e-002 -2.609e-002 -1.144e-002 -9.971e-001  1.000e+000
56 2-3 -1.639e-002  4.004e-002 -2.644e-001 -7.803e-002  1.876e-003  1.000e+000
57  6.221e-001  3.759e-001  1.994e-003  2.504e-001  7.448e-001  4.808e-003 
57 1-1  1.000e+000
57 1-2 -9.945e-001  1.000e+000
57 1-3 -1.135e-002 -9.382e-002  1.000e+000
57 2-1 -2.648e-002  2.294e-002  3.261e-002  1.000e+000
57 2-2  2.787e-002 -2.692e-002 -7.901e-003 -9.956e-001  1.000e+000
57 2-3 -1.412e-002  4.190e-002 -2.648e-001 -7.442e-002 -1.900e-002  1.000e+000
58  6.046e-001  3.930e-001  2.353e-003  2.351e-001  7.593e-001  5.570e-003 
58 1-1  1.000e+000
58 1-2 -9.925e-001  1.000e+000
58 1-3 -1.966e-002 -1.029e-001  1.000e+000
58 2-1 -2.711e-002  2.284e-002  3.371e-002  1.000e+000
58 2-2  2.846e-002 -2.789e-002 -3.422e-003 -9.935e-001  1.000e+000
58 2-3 -1.138e-002  4.378e-002 -2.651e-001 -7.158e-002 -4.276e-002  1.000e+000
59  5.869e-001  4.103e-001  2.772e-003  2.205e-001  7.730e-001  6.443e-003 
59 1-1  1.000e+000
59 1-2 -9.900e-001  1.000e+000
59 1-3 -2.943e-002 -1.121e-001  1.000e+000
59 2-1 -2.773e-002  2.265e-002  3.481e-002  1.000e+000
59 2-2  2.887e-002 -2.900e-002  2.161e-003 -9.903e-001  1.000e+000
59 2-3 -8.150e-003  4.559e-002 -2.653e-001 -6.952e-002 -6.985e-002  1.000e+000
60  5.689e-001  4.278e-001  3.261e-003  2.066e-001  7.860e-001  7.444e-003 
60 1-1  1.000e+000
60 1-2 -9.870e-001  1.000e+000
60 1-3 -4.041e-002 -1.209e-001  1.000e+000
60 2-1 -2.831e-002  2.235e-002  3.587e-002  1.000e+000
60 2-2  2.899e-002 -3.025e-002  8.983e-003 -9.857e-001  1.000e+000
60 2-3 -4.501e-003  4.721e-002 -2.653e-001 -6.823e-002 -1.006e-001  1.000e+000
61  5.507e-001  4.455e-001  3.832e-003  1.933e-001  7.982e-001  8.590e-003 
61 1-1  1.000e+000
61 1-2 -9.836e-001  1.000e+000
61 1-3 -5.213e-002 -1.291e-001  1.000e+000
61 2-1 -2.879e-002  2.193e-002  3.680e-002  1.000e+000
61 2-2  2.870e-002 -3.159e-002  1.712e-002 -9.794e-001  1.000e+000
61 2-3 -5.582e-004  4.852e-002 -2.652e-001 -6.770e-002 -1.351e-001  1.000e+000
62  5.323e-001  4.632e-001  4.496e-003  1.806e-001  8.095e-001  9.900e-003 
62 1-1  1.000e+000
62 1-2 -9.799e-001  1.000e+000
62 1-3 -6.396e-002 -1.362e-001  1.000e+000
62 2-1 -2.912e-002  2.141e-002  3.755e-002  1.000e+000
62 2-2  2.791e-002 -3.300e-002  2.653e-002 -9.709e-001  1.000e+000
62 2-3  3.486e-003  4.942e-002 -2.648e-001 -6.785e-002 -1.731e-001  1.000e+000
63  5.138e-001  4.809e-001  5.267e-003  1.685e-001  8.201e-001  1.140e-002 
63 1-1  1.000e+000
63 1-2 -9.764e-001  1.000e+000
63 1-3 -7.522e-002 -1.420e-001  1.000e+000
63 2-1 -2.929e-002  2.084e-002  3.802e-002  1.000e+000
63 2-2  2.660e-002 -3.443e-002  3.703e-002 -9.599e-001  1.000e+000
63 2-3  7.405e-003  4.989e-002 -2.641e-001 -6.855e-002 -2.140e-001  1.000e+000
64  4.952e-001  4.986e-001  6.162e-003  1.571e-001  8.298e-001  1.310e-002 
64 1-1  1.000e+000
64 1-2 -9.730e-001  1.000e+000
64 1-3 -8.535e-002 -1.468e-001  1.000e+000
64 2-1 -2.929e-002  2.024e-002  3.817e-002  1.000e+000
64 2-2  2.481e-002 -3.582e-002  4.830e-002 -9.463e-001  1.000e+000
64 2-3  1.099e-002  4.997e-002 -2.630e-001 -6.968e-002 -2.567e-001  1.000e+000
65  4.766e-001  5.162e-001  7.199e-003  1.463e-001  8.387e-001  1.505e-002 
65 1-1  1.000e+000
65 1-2 -9.701e-001  1.000e+000
65 1-3 -9.396e-002 -1.506e-001  1.000e+000
65 2-1 -2.914e-002  1.968e-002  3.795e-002  1.000e+000
65 2-2  2.268e-002 -3.712e-002  5.986e-002 -9.302e-001  1.000e+000
65 2-3  1.409e-002  4.975e-002 -2.613e-001 -7.105e-002 -3.001e-001  1.000e+000
66  4.580e-001  5.336e-001  8.397e-003  1.360e-001  8.467e-001  1.726e-002 
66 1-1  1.000e+000
66 1-2 -9.675e-001  1.000e+000
66 1-3 -1.009e-001 -1.540e-001  1.000e+000
66 2-1 -2.886e-002  1.916e-002  3.739e-002  1.000e+000
66 2-2  2.036e-002 -3.832e-002  7.120e-002 -9.120e-001  1.000e+000
66 2-3  1.660e-002  4.931e-002 -2.588e-001 -7.252e-002 -3.429e-001  1.000e+000
67  4.395e-001  5.508e-001  9.780e-003  1.264e-001  8.538e-001  1.978e-002 
67 1-1  1.000e+000
67 1-2 -9.652e-001  1.000e+000
67 1-3 -1.061e-001 -1.575e-001  1.000e+000
67 2-1 -2.850e-002  1.871e-002  3.651e-002  1.000e+000
67 2-2  1.801e-002 -3.938e-002  8.178e-002 -8.923e-001  1.000e+000
67 2-3  1.850e-002  4.873e-002 -2.553e-001 -7.397e-002 -3.843e-001  1.000e+000
68  4.210e-001  5.676e-001  1.137e-002  1.173e-001  8.601e-001  2.264e-002 
68 1-1  1.000e+000
68 1-2 -9.632e-001  1.000e+000
68 1-3 -1.097e-001 -1.616e-001  1.000e+000
68 2-1 -2.809e-002  1.832e-002  3.537e-002  1.000e+000
68 2-2  1.577e-002 -4.029e-002  9.107e-002 -8.713e-001  1.000e+000
68 2-3  1.979e-002  4.805e-002 -2.503e-001 -7.531e-002 -4.237e-001  1.000e+000
69  4.027e-001  5.840e-001  1.321e-002  1.087e-001  8.654e-001  2.589e-002 
69 1-1  1.000e+000
69 1-2 -9.612e-001  1.000e+000
69 1-3 -1.117e-001 -1.668e-001  1.000e+000
69 2-1 -2.765e-002  1.799e-002  3.402e-002  1.000e+000
69 2-2  1.376e-002 -4.102e-002  9.857e-002 -8.495e-001  1.000e+000
69 2-3  2.050e-002  4.726e-002 -2.435e-001 -7.648e-002 -4.611e-001  1.000e+000
70  3.847e-001  6.000e-001  1.531e-002  1.007e-001  8.698e-001  2.957e-002 
70 1-1  1.000e+000
70 1-2 -9.591e-001  1.000e+000
70 1-3 -1.124e-001 -1.736e-001  1.000e+000
70 2-1 -2.721e-002  1.770e-002  3.251e-002  1.000e+000
70 2-2  1.206e-002 -4.152e-002  1.037e-001 -8.271e-001  1.000e+000
70 2-3  2.063e-002  4.631e-002 -2.342e-001 -7.744e-002 -4.963e-001  1.000e+000
71  3.668e-001  6.155e-001  1.772e-002  9.309e-002  8.732e-001  3.373e-002 
71 1-1  1.000e+000
71 1-2 -9.565e-001  1.000e+000
71 1-3 -1.118e-001 -1.829e-001  1.000e+000
71 2-1 -2.678e-002  1.744e-002  3.084e-002  1.000e+000
71 2-2  1.073e-002 -4.173e-002  1.060e-001 -8.041e-001  1.000e+000
71 2-3  2.021e-002  4.511e-002 -2.218e-001 -7.820e-002 -5.298e-001  1.000e+000
72  3.492e-001  6.303e-001  2.048e-002  8.599e-002  8.756e-001  3.843e-002 
72 1-1  1.000e+000
72 1-2 -9.532e-001  1.000e+000
72 1-3 -1.102e-001 -1.954e-001  1.000e+000
72 2-1 -2.636e-002  1.719e-002  2.901e-002  1.000e+000
72 2-2  9.814e-003 -4.156e-002  1.048e-001 -7.806e-001  1.000e+000
72 2-3  1.925e-002  4.352e-002 -2.056e-001 -7.874e-002 -5.616e-001  1.000e+000
73  3.319e-001  6.445e-001  2.362e-002  7.934e-002  8.769e-001  4.374e-002 
73 1-1  1.000e+000
73 1-2 -9.486e-001  1.000e+000
73 1-3 -1.078e-001 -2.123e-001  1.000e+000
73 2-1 -2.597e-002  1.693e-002  2.701e-002  1.000e+000
73 2-2  9.354e-003 -4.087e-002  9.952e-002 -7.564e-001  1.000e+000
73 2-3  1.774e-002  4.142e-002 -1.850e-001 -7.907e-002 -5.922e-001  1.000e+000
74  3.150e-001  6.578e-001  2.721e-002  7.312e-002  8.772e-001  4.971e-002 
74 1-1  1.000e+000
74 1-2 -9.420e-001  1.000e+000
74 1-3 -1.051e-001 -2.349e-001  1.000e+000
74 2-1 -2.561e-002  1.665e-002  2.484e-002  1.000e+000
74 2-2  9.375e-003 -3.953e-002  8.995e-002 -7.313e-001  1.000e+000
74 2-3  1.570e-002  3.867e-002 -1.600e-001 -7.921e-002 -6.220e-001  1.000e+000
75  2.984e-001  6.703e-001  3.129e-002  6.729e-002  8.763e-001  5.643e-002 
75 1-1  1.000e+000
75 1-2 -9.320e-001  1.000e+000
75 1-3 -1.029e-001 -2.645e-001  1.000e+000
75 2-1 -2.527e-002  1.629e-002  2.254e-002  1.000e+000
75 2-2  9.885e-003 -3.742e-002  7.643e-002 -7.048e-001  1.000e+000
75 2-3  1.314e-002  3.516e-002 -1.315e-001 -7.920e-002 -6.514e-001  1.000e+000
76  2.822e-001  6.819e-001  3.592e-002  6.184e-002  8.742e-001  6.397e-002 
76 1-1  1.000e+000
76 1-2 -9.173e-001  1.000e+000
76 1-3 -1.021e-001 -3.026e-001  1.000e+000
76 2-1 -2.497e-002  1.583e-002  2.021e-002  1.000e+000
76 2-2  1.085e-002 -3.447e-002  6.012e-002 -6.761e-001  1.000e+000
76 2-3  1.013e-002  3.090e-002 -1.014e-001 -7.910e-002 -6.811e-001  1.000e+000
77  2.664e-001  6.925e-001  4.115e-002  5.675e-002  8.708e-001  7.241e-002 
77 1-1  1.000e+000
77 1-2 -8.953e-001  1.000e+000
77 1-3 -1.038e-001 -3.501e-001  1.000e+000
77 2-1 -2.470e-002  1.520e-002  1.801e-002  1.000e+000
77 2-2  1.220e-002 -3.074e-002  4.299e-002 -6.440e-001  1.000e+000
77 2-3  6.782e-003  2.611e-002 -7.256e-002 -7.901e-002 -7.117e-001  1.000e+000
78  2.510e-001  7.019e-001  4.707e-002  5.200e-002  8.662e-001  8.184e-002 
78 1-1  1.000e+000
78 1-2 -8.634e-001  1.000e+000
78 1-3 -1.090e-001 -4.074e-001  1.000e+000
78 2-1 -2.447e-002  1.430e-002  1.612e-002  1.000e+000
78 2-2  1.374e-002 -2.655e-002  2.744e-002 -6.072e-001  1.000e+000
78 2-3  3.337e-003  2.128e-002 -4.798e-002 -7.908e-002 -7.441e-001  1.000e+000
79  2.361e-001  7.102e-001  5.374e-002  4.757e-002  8.601e-001  9.234e-002 
79 1-1  1.000e+000
79 1-2 -8.182e-001  1.000e+000
79 1-3 -1.186e-001 -4.738e-001  1.000e+000
79 2-1 -2.431e-002  1.306e-002  1.468e-002  1.000e+000
79 2-2  1.519e-002 -2.258e-002  1.574e-002 -5.637e-001  1.000e+000
79 2-3  1.427e-004  1.733e-002 -3.015e-002 -7.956e-002 -7.785e-001  1.000e+000
80  2.216e-001  7.171e-001  6.124e-002  4.344e-002  8.526e-001  1.040e-001 
80 1-1  1.000e+000
80 1-2 -7.567e-001  1.000e+000
80 1-3 -1.331e-001 -5.472e-001  1.000e+000
80 2-1 -2.422e-002  1.135e-002  1.380e-002  1.000e+000
80 2-2  1.611e-002 -1.991e-002  9.567e-003 -5.122e-001  1.000e+000
80 2-3 -2.340e-003  1.545e-002 -2.042e-002 -8.076e-002 -8.147e-001  1.000e+000
81  2.077e-001  7.227e-001  6.964e-002  3.959e-002  8.435e-001  1.169e-001 
81 1-1  1.000e+000
81 1-2 -6.769e-001  1.000e+000
81 1-3 -1.528e-001 -6.240e-001  1.000e+000
81 2-1 -2.423e-002  9.085e-003  1.353e-002  1.000e+000
81 2-2  1.599e-002 -1.984e-002  9.670e-003 -4.522e-001  1.000e+000
81 2-3 -3.607e-003  1.683e-002 -1.876e-002 -8.311e-002 -8.513e-001  1.000e+000
82  1.941e-001  7.268e-001  7.903e-002  3.601e-002  8.328e-001  1.312e-001 
82 1-1  1.000e+000
82 1-2 -5.792e-001  1.000e+000
82 1-3 -1.777e-001 -6.993e-001  1.000e+000
82 2-1 -2.439e-002  6.227e-003  1.387e-002  1.000e+000
82 2-2  1.434e-002 -2.345e-002  1.573e-002 -3.848e-001  1.000e+000
82 2-3 -3.228e-003  2.218e-002 -2.395e-002 -8.706e-002 -8.860e-001  1.000e+000
83  1.811e-001  7.294e-001  8.949e-002  3.269e-002  8.205e-001  1.469e-001 
83 1-1  1.000e+000
83 1-2 -4.667e-001  1.000e+000
83 1-3 -2.077e-001 -7.682e-001  1.000e+000
83 2-1 -2.473e-002  2.785e-003  1.482e-002  1.000e+000
83 2-2  1.084e-002 -3.106e-002  2.651e-002 -3.131e-001  1.000e+000
83 2-3 -9.428e-004  3.139e-002 -3.403e-002 -9.303e-002 -9.165e-001  1.000e+000
84  1.686e-001  7.303e-001  1.011e-001  2.960e-002  8.064e-001  1.640e-001 
84 1-1  1.000e+000
84 1-2 -3.445e-001  1.000e+000
84 1-3 -2.426e-001 -8.272e-001  1.000e+000
84 2-1 -2.531e-002 -1.175e-003  1.636e-002  1.000e+000
84 2-2  5.372e-003 -4.208e-002  4.026e-002 -2.408e-001  1.000e+000
84 2-3  3.304e-003  4.354e-002 -4.697e-002 -1.014e-001 -9.412e-001  1.000e+000
85  1.566e-001  7.295e-001  1.140e-001  2.673e-002  7.906e-001  1.827e-001 
85 1-1  1.000e+000
85 1-2 -2.183e-001  1.000e+000
85 1-3 -2.822e-001 -8.746e-001  1.000e+000
85 2-1 -2.619e-002 -5.568e-003  1.849e-002  1.000e+000
85 2-2 -1.928e-003 -5.526e-002  5.528e-002 -1.711e-001  1.000e+000
85 2-3  9.404e-003  5.732e-002 -6.102e-002 -1.123e-001 -9.598e-001  1.000e+000
86  1.450e-001  7.269e-001  1.281e-001  2.408e-002  7.729e-001  2.030e-001 
86 1-1  1.000e+000
86 1-2 -9.327e-002  1.000e+000
86 1-3 -3.258e-001 -9.109e-001  1.000e+000
86 2-1 -2.746e-002 -1.031e-002  2.117e-002  1.000e+000
86 2-2 -1.081e-002 -6.926e-002  7.025e-002 -1.060e-001  1.000e+000
86 2-3  1.714e-002  7.149e-002 -7.499e-002 -1.258e-001 -9.731e-001  1.000e+000
87  1.340e-001  7.223e-001  1.437e-001  2.162e-002  7.535e-001  2.249e-001 
87 1-1  1.000e+000
87 1-2  2.686e-002  1.000e+000
87 1-3 -3.728e-001 -9.376e-001  1.000e+000
87 2-1 -2.918e-002 -1.536e-002  2.441e-002  1.000e+000
87 2-2 -2.097e-002 -8.302e-002  8.436e-002 -4.634e-002  1.000e+000
87 2-3  2.627e-002  8.516e-002 -8.818e-002 -1.420e-001 -9.822e-001  1.000e+000
88  1.234e-001  7.159e-001  1.607e-001  1.936e-002  7.323e-001  2.483e-001 
88 1-1  1.000e+000
88 1-2  1.399e-001  1.000e+000
88 1-3 -4.223e-001 -9.566e-001  1.000e+000
88 2-1 -3.141e-002 -2.069e-002  2.818e-002  1.000e+000
88 2-2 -3.210e-002 -9.589e-002  9.722e-002  8.299e-003  1.000e+000
88 2-3  3.648e-002  9.780e-002 -1.003e-001 -1.608e-001 -9.883e-001  1.000e+000
89  1.134e-001  7.074e-001  1.792e-001  1.728e-002  7.094e-001  2.733e-001 
89 1-1  1.000e+000
89 1-2  2.446e-001  1.000e+000
89 1-3 -4.732e-001 -9.699e-001  1.000e+000
89 2-1 -3.423e-002 -2.628e-002  3.246e-002  1.000e+000
89 2-2 -4.389e-002 -1.075e-001  1.087e-001  5.863e-002  1.000e+000
89 2-3  4.749e-002  1.092e-001 -1.111e-001 -1.821e-001 -9.923e-001  1.000e+000
90  1.039e-001  6.969e-001  1.992e-001  1.536e-002  6.848e-001  2.998e-001 
90 1-1  1.000e+000
90 1-2  3.405e-001  1.000e+000
90 1-3 -5.243e-001 -9.792e-001  1.000e+000
90 2-1 -3.767e-002 -3.213e-002  3.723e-002  1.000e+000
90 2-2 -5.604e-002 -1.179e-001  1.189e-001  1.055e-001  1.000e+000
90 2-3  5.898e-002  1.193e-001 -1.208e-001 -2.056e-001 -9.949e-001  1.000e+000