
# model  
#****** Result for:******
# ITFchr.txt
#IMaCh version 0.99r45, April 2023,INED-EUROREVES-Institut de longevite-Japan Society for the Promotion of Science (Grant-in-Aid for Scientific Research 25293121), Intel Software 2015-2020, Nihon University 2021-202, INED 2000-2022
#$Revision: 1.353 $ $Date: 2023/05/08 18:48:22 $
# Tue Feb 04 22:21:37 2025
# Total life expectancy with std error and decomposition into time to be expected in each health state
#  (weighted average of eij where weights are the age specific forward period (stable) prevalences in each health state 
# Age popbased mobilav e.. (std) e.1 (std) e.2 (std) 
   50 0 0  34.451 (  0.760)   9.519 (  0.526)  24.932 (  0.855)
   51 0 0  33.461 (  0.755)   8.877 (  0.495)  24.585 (  0.835)
   52 0 0  32.479 (  0.751)   8.259 (  0.466)  24.220 (  0.816)
   53 0 0  31.500 (  0.746)   7.666 (  0.438)  23.834 (  0.799)
   54 0 0  30.524 (  0.741)   7.099 (  0.412)  23.426 (  0.782)
   55 0 0  29.553 (  0.735)   6.557 (  0.388)  22.996 (  0.767)
   56 0 0  28.585 (  0.729)   6.041 (  0.366)  22.544 (  0.753)
   57 0 0  27.623 (  0.722)   5.552 (  0.345)  22.071 (  0.739)
   58 0 0  26.666 (  0.715)   5.089 (  0.326)  21.577 (  0.727)
   59 0 0  25.716 (  0.708)   4.654 (  0.309)  21.062 (  0.715)
   60 0 0  24.769 (  0.700)   4.244 (  0.293)  20.524 (  0.703)
   61 0 0  23.833 (  0.692)   3.862 (  0.279)  19.971 (  0.692)
   62 0 0  22.906 (  0.683)   3.505 (  0.265)  19.401 (  0.681)
   63 0 0  21.989 (  0.674)   3.173 (  0.253)  18.816 (  0.671)
   64 0 0  21.082 (  0.664)   2.866 (  0.241)  18.216 (  0.660)
   65 0 0  20.187 (  0.655)   2.583 (  0.229)  17.604 (  0.649)
   66 0 0  19.305 (  0.645)   2.322 (  0.218)  16.983 (  0.639)
   67 0 0  18.436 (  0.635)   2.083 (  0.207)  16.353 (  0.628)
   68 0 0  17.582 (  0.625)   1.865 (  0.196)  15.717 (  0.617)
   69 0 0  16.743 (  0.615)   1.666 (  0.185)  15.078 (  0.607)
   70 0 0  15.922 (  0.606)   1.485 (  0.175)  14.437 (  0.597)
   71 0 0  15.118 (  0.596)   1.321 (  0.164)  13.797 (  0.587)
   72 0 0  14.333 (  0.588)   1.172 (  0.154)  13.161 (  0.578)
   73 0 0  13.569 (  0.580)   1.039 (  0.144)  12.530 (  0.570)
   74 0 0  12.825 (  0.573)   0.919 (  0.134)  11.906 (  0.563)
   75 0 0  12.103 (  0.567)   0.811 (  0.125)  11.292 (  0.556)
   76 0 0  11.404 (  0.561)   0.714 (  0.116)  10.690 (  0.551)
   77 0 0  10.729 (  0.557)   0.628 (  0.107)  10.101 (  0.546)
   78 0 0  10.079 (  0.553)   0.552 (  0.098)   9.527 (  0.542)
   79 0 0   9.453 (  0.549)   0.483 (  0.091)   8.970 (  0.539)
   80 0 0   8.853 (  0.547)   0.423 (  0.083)   8.431 (  0.536)
   81 0 0   8.280 (  0.544)   0.369 (  0.076)   7.911 (  0.533)
   82 0 0   7.733 (  0.541)   0.322 (  0.069)   7.411 (  0.531)
   83 0 0   7.213 (  0.538)   0.280 (  0.063)   6.933 (  0.528)
   84 0 0   6.720 (  0.534)   0.244 (  0.058)   6.477 (  0.525)
   85 0 0   6.255 (  0.530)   0.212 (  0.052)   6.043 (  0.520)
   86 0 0   5.816 (  0.524)   0.183 (  0.048)   5.632 (  0.515)
   87 0 0   5.403 (  0.517)   0.159 (  0.043)   5.244 (  0.509)
   88 0 0   5.017 (  0.509)   0.137 (  0.039)   4.880 (  0.501)
   89 0 0   4.657 (  0.499)   0.119 (  0.035)   4.538 (  0.492)
   90 0 0   4.321 (  0.488)   0.103 (  0.032)   4.219 (  0.481)
