
#****** ******
# ITFchr.txt
#IMaCh version 0.99r45, April 2023,INED-EUROREVES-Institut de longevite-Japan Society for the Promotion of Science (Grant-in-Aid for Scientific Research 25293121), Intel Software 2015-2020, Nihon University 2021-202, INED 2000-2022
#$Revision: 1.353 $ $Date: 2023/05/08 18:48:22 $
# Tue Feb 04 22:21:37 2025
# Variance and covariance of health expectancies e.j 
#  (weighted average of eij where weights are the age specific period (stable) prevalences in each health state 
# Age Cov(e.1, e.1) Cov(e.1, e.2) Cov(e.2, e.1) Cov(e.2, e.2)
50  0.2766 -0.2154 -0.2154 0.7314
51  0.2453 -0.1861 -0.1861 0.6974
52  0.2173 -0.1599 -0.1599 0.6663
53  0.1922 -0.1368 -0.1368 0.6378
54  0.1700 -0.1167 -0.1167 0.6118
55  0.1506 -0.0993 -0.0993 0.5881
56  0.1336 -0.0845 -0.0845 0.5664
57  0.1190 -0.0719 -0.0719 0.5465
58  0.1063 -0.0614 -0.0614 0.5281
59  0.0954 -0.0527 -0.0527 0.5109
60  0.0859 -0.0454 -0.0454 0.4946
61  0.0776 -0.0393 -0.0393 0.4791
62  0.0703 -0.0341 -0.0341 0.4642
63  0.0638 -0.0298 -0.0298 0.4498
64  0.0579 -0.0260 -0.0260 0.4355
65  0.0525 -0.0227 -0.0227 0.4216
66  0.0475 -0.0197 -0.0197 0.4078
67  0.0428 -0.0170 -0.0170 0.3943
68  0.0385 -0.0146 -0.0146 0.3812
69  0.0344 -0.0123 -0.0123 0.3685
70  0.0306 -0.0102 -0.0102 0.3565
71  0.0270 -0.0082 -0.0082 0.3451
72  0.0238 -0.0064 -0.0064 0.3346
73  0.0208 -0.0048 -0.0048 0.3251
74  0.0180 -0.0033 -0.0033 0.3167
75  0.0156 -0.0020 -0.0020 0.3094
76  0.0134 -0.0008 -0.0008 0.3031
77  0.0114 0.0002 0.0002 0.2979
78  0.0097 0.0011 0.0011 0.2937
79  0.0082 0.0018 0.0018 0.2901
80  0.0069 0.0024 0.0024 0.2871
81  0.0058 0.0028 0.0028 0.2844
82  0.0048 0.0032 0.0032 0.2817
83  0.0040 0.0034 0.0034 0.2787
84  0.0033 0.0035 0.0035 0.2752
85  0.0027 0.0035 0.0035 0.2708
86  0.0023 0.0035 0.0035 0.2655
87  0.0019 0.0034 0.0034 0.2589
88  0.0015 0.0032 0.0032 0.2511
89  0.0012 0.0030 0.0030 0.2420
90  0.0010 0.0027 0.0027 0.2316
