# DEFgali.txt
#IMaCh version 0.99r45, April 2023,INED-EUROREVES-Institut de longevite-Japan Society for the Promotion of Science (Grant-in-Aid for Scientific Research 25293121), Intel Software 2015-2020, Nihon University 2021-202, INED 2000-2022
#$Revision: 1.353 $ $Date: 2023/05/08 18:48:22 $
# Tue Feb 04 20:24:32 2025

#****** ******
# (a) Life expectancies by health status at initial age and (b) health expectancies by health status at initial age
# Age e11  e12  e1.  e21  e22  e2. 
 50  29.2443   8.0733  37.3176  27.4725   9.6702  37.1427
 51  28.4719   7.9649  36.4369  26.6178   9.6106  36.2284
 52  27.7079   7.8527  35.5607  25.7667   9.5476  35.3143
 53  26.9528   7.7366  34.6894  24.9195   9.4810  34.4005
 54  26.2068   7.6165  33.8233  24.0764   9.4104  33.4869
 55  25.4705   7.4924  32.9629  23.2378   9.3357  32.5734
 56  24.7445   7.3642  32.1087  22.4039   9.2564  31.6602
 57  24.0291   7.2320  31.2611  21.5751   9.1722  30.7473
 58  23.3250   7.0957  30.4206  20.7519   9.0828  29.8348
 59  22.6326   6.9553  29.5879  19.9348   8.9880  28.9228
 60  21.9526   6.8109  28.7635  19.1243   8.8872  28.0116
 61  21.2855   6.6626  27.9481  18.3211   8.7803  27.1014
 62  20.6318   6.5105  27.1423  17.5258   8.6670  26.1928
 63  19.9921   6.3548  26.3469  16.7393   8.5469  25.2861
 64  19.3671   6.1956  25.5627  15.9623   8.4197  24.3820
 65  18.7571   6.0332  24.7903  15.1958   8.2854  23.4813
 66  18.1628   5.8678  24.0306  14.4409   8.1437  22.5846
 67  17.5846   5.6997  23.2844  13.6984   7.9946  21.6930
 68  17.0230   5.5293  22.5524  12.9696   7.8380  20.8076
 69  16.4784   5.3569  21.8354  12.2555   7.6739  19.9294
 70  15.9512   5.1829  21.1342  11.5574   7.5025  19.0598
 71  15.4417   5.0078  20.4495  10.8762   7.3240  18.2002
 72  14.9501   4.8319  19.7820  10.2133   7.1386  17.3519
 73  14.4766   4.6557  19.1323   9.5697   6.9468  16.5164
 74  14.0213   4.4798  18.5010   8.9464   6.7490  15.6954
 75  13.5842   4.3045  17.8887   8.3445   6.5457  14.8903
 76  13.1653   4.1305  17.2957   7.7649   6.3377  14.1026
 77  12.7644   3.9581  16.7225   7.2084   6.1255  13.3339
 78  12.3814   3.7878  16.1692   6.6757   5.9099  12.5856
 79  12.0160   3.6201  15.6361   6.1673   5.6917  11.8591
 80  11.6678   3.4555  15.1232   5.6837   5.4718  11.1556
 81  11.3364   3.2942  14.6306   5.2252   5.2510  10.4762
 82  11.0213   3.1368  14.1581   4.7918   5.0301   9.8219
 83  10.7219   2.9836  13.7055   4.3835   4.8101   9.1936
 84  10.4378   2.8348  13.2726   4.0001   4.5918   8.5919
 85  10.1682   2.6908  12.8590   3.6414   4.3759   8.0173
 86   9.9125   2.5517  12.4642   3.3068   4.1633   7.4701
 87   9.6700   2.4177  12.0878   2.9957   3.9547   6.9505
 88   9.4401   2.2891  11.7292   2.7075   3.7508   6.4583
 89   9.2219   2.1658  11.3877   2.4413   3.5522   5.9935
 90   9.0147   2.0480  11.0628   2.1963   3.3593   5.5556
