# DEFgali.txt
#IMaCh version 0.99r45, April 2023,INED-EUROREVES-Institut de longevite-Japan Society for the Promotion of Science (Grant-in-Aid for Scientific Research 25293121), Intel Software 2015-2020, Nihon University 2021-202, INED 2000-2022
#$Revision: 1.353 $ $Date: 2023/05/08 18:48:22 $
# Tue Feb 04 20:24:32 2025
# Forward period (stable) prevalence. Precision given by ftolpl=0.0006 
#Age 1-1 2-2 
#************
#Age   1-1     2-2   Total Years_to_converge
50  0.88088 0.11919 1.000 12
51  0.87670 0.12336 1.000 13
52  0.87237 0.12768 1.000 13
53  0.86790 0.13217 1.000 13
54  0.86327 0.13679 1.000 14
55  0.85849 0.14157 1.000 14
56  0.85356 0.14652 1.000 14
57  0.84847 0.15160 1.000 15
58  0.84323 0.15683 1.000 15
59  0.83785 0.16224 1.000 15
60  0.83231 0.16777 1.000 16
61  0.82663 0.17344 1.000 16
62  0.82081 0.17929 1.000 16
63  0.81486 0.18523 1.000 17
64  0.80879 0.19130 1.000 17
65  0.80259 0.19749 1.000 18
66  0.79630 0.20382 1.000 18
67  0.78991 0.21020 1.000 18
68  0.78344 0.21667 1.000 19
69  0.77690 0.22320 1.000 19
70  0.77034 0.22980 1.000 19
71  0.76374 0.23639 1.000 20
72  0.75715 0.24297 1.000 20
73  0.75059 0.24953 1.000 21
74  0.74410 0.25602 1.000 21
75  0.73770 0.26246 1.000 21
76  0.73143 0.26872 1.000 22
77  0.72532 0.27482 1.000 22
78  0.71944 0.28071 1.000 23
79  0.71381 0.28633 1.000 23
80  0.70850 0.29164 1.000 24
81  0.70355 0.29662 1.000 24
82  0.69903 0.30114 1.000 24
83  0.69498 0.30518 1.000 25
84  0.69148 0.30867 1.000 25
85  0.68860 0.31156 1.000 26
86  0.68640 0.31379 1.000 26
87  0.68494 0.31524 1.000 26
88  0.68429 0.31588 1.000 27
89  0.68452 0.31564 1.000 27
90  0.68570 0.31446 1.000 28
