# Powell
# iter -2*LL p12 p13 p21 p23
1 1 2206.966242234669 0 -3.201170900000 0.009842900000 -8.445039100000 0.050716100000 2.000010800000 -0.047332200000 -8.983898000000 0.083773100000
2 2 2091.143078515016 0 -3.601547033002 0.009690915199 -9.553207319437 0.050170208110 1.379164947345 -0.047241343823 -9.717088617473 0.083758291110
3 2 2082.108690309020 0 -3.795208196327 0.009639004844 -9.226011332686 0.049998383107 1.259128312085 -0.047179706503 -9.773248808537 0.083798039402
4 3 2081.886759946953 1 -3.828020526425 0.009591983240 -9.200419015209 0.049846630666 1.240946978310 -0.047116503416 -9.781644908442 0.083842137170
5 3 2081.865310979756 1 -3.829432518299 0.009438842358 -9.160378310347 0.049341856194 1.221831621156 -0.046905767622 -9.795257493521 0.083993428041
6 4 2081.824094991300 2 -3.811231158208 0.009061733530 -9.067289497049 0.048089629161 1.185102731930 -0.046419124343 -9.828339712887 0.084303386524
7 4 2081.745674625554 2 -3.770542712230 0.008426250333 -8.842524190306 0.045076028485 1.104526770449 -0.045279076574 -9.908363335910 0.085192324035
8 5 2081.676419927658 2 -3.744450688744 0.008229476889 -8.751289737522 0.043792231573 1.077244232296 -0.044823336135 -9.943549401755 0.085725020808
9 5 2081.662556849893 3 -3.726711051093 0.008074784575 -8.695398522589 0.042866231182 1.057190770752 -0.044503672710 -9.971594754743 0.086185391147
10 6 2081.662035873164 3 -3.725162903468 0.008047998675 -8.689969018537 0.042776788623 1.055427203610 -0.044480384941 -9.976442946054 0.086239125604
11 6 2081.638144873404 3 -3.692278269040 0.007567659539 -8.666106652325 0.042612559410 1.107366047200 -0.045219005719 -10.178131327784 0.088684700331
12 7 2081.637750122629 3 -3.693096238421 0.007573666828 -8.676536591936 0.042688899204 1.110449469706 -0.045265771653 -10.178349823966 0.088704811593
13 7 2081.637635843708 3 -3.693891565929 0.007585259003 -8.675882896768 0.042640581510 1.111360984178 -0.045279537069 -10.180657986998 0.088728423084
14 8 2081.637287829987 4 -3.695515991464 0.007615665878 -8.663122518010 0.042418511611 1.111035184761 -0.045273747611 -10.185993440757 0.088796409695
15 8 2081.636650968197 4 -3.698365833900 0.007667001815 -8.629524165663 0.041923531079 1.107029899403 -0.045214571845 -10.196630849059 0.088935911415
16 9 2081.636044501696 4 -3.700149747917 0.007689308894 -8.611399066481 0.041718932465 1.104177118793 -0.045174722955 -10.198594844133 0.088964787266
17 9 2081.635094092600 4 -3.713141847607 0.007865859565 -8.590605038630 0.041451968217 1.110113621435 -0.045264918241 -10.197990162816 0.088957507836
18 10 2081.635081113276 4 -3.713458759751 0.007872488351 -8.592940172022 0.041480475126 1.110895003329 -0.045275479764 -10.197445040002 0.088950644308
19 10 2081.635067914146 5 -3.713490601015 0.007874681599 -8.597887194229 0.041558545393 1.111444052268 -0.045282547595 -10.196092432476 0.088933211487
20 11 2081.635029431634 5 -3.714324390095 0.007890598312 -8.601571853936 0.041613194169 1.111689079089 -0.045284805024 -10.196386069880 0.088936786926
21 11 2081.634899785054 5 -3.717270345280 0.007940965675 -8.603212382159 0.041637169752 1.109865714254 -0.045256649959 -10.202014198519 0.089006304689
22 12 2081.634806295740 6 -3.717894932327 0.007948676022 -8.604360512555 0.041645488107 1.109279765009 -0.045248913321 -10.203986946462 0.089030667228
23 12 2081.634466395479 7 -3.720740352357 0.007976701594 -8.630601794534 0.042018228625 1.105152284143 -0.045194258387 -10.212045726046 0.089125657361
24 13 2081.634391128463 7 -3.720611018907 0.007971226060 -8.622610053467 0.041907171335 1.103058658430 -0.045165658360 -10.214915380811 0.089161063354
25 13 2081.634359021236 8 -3.721797179561 0.007989014642 -8.617118068510 0.041834362030 1.100406182373 -0.045127806255 -10.219767652466 0.089220657128
26 14 2081.634358234563 9 -3.721961302803 0.007992055361 -8.617859523489 0.041845357240 1.100430349339 -0.045127938850 -10.219864107612 0.089221788030
27 14 2081.634358215313 10 -3.721982683077 0.007992460073 -8.617897022541 0.041845721901 1.100439871089 -0.045128046659 -10.219883280200 0.089222041355
28 15 2081.634358213466 11 -3.721989105559 0.007992583976 -8.617906271969 0.041845805647 1.100442547237 -0.045128076401 -10.219889863433 0.089222129103
29 15 2081.634358213290 11 -3.721991410576 0.007992627010 -8.617909526092 0.041845834642 1.100443690270 -0.045128091289 -10.219890817179 0.089222140372
30 16 2081.634358213282 13 -3.721991625765 0.007992631465 -8.617911529358 0.041845865382 1.100443871669 -0.045128093400 -10.219890594363 0.089222137449
