# DEFgali.txt
#IMaCh version 0.99r45, April 2023,INED-EUROREVES-Institut de longevite-Japan Society for the Promotion of Science (Grant-in-Aid for Scientific Research 25293121), Intel Software 2015-2020, Nihon University 2021-202, INED 2000-2022
#$Revision: 1.353 $ $Date: 2023/05/08 18:48:22 $
# Tue Feb 04 20:24:32 2025
# probabilities of dying before estepm=6 months for people of exact age and weighted probabilities w1*p1j+w2*p2j+... stand dev in()
# Selected quantitative variables and dummies
# Age cov=1 p.3 SE w1 p13 w2 p23
 50 1   1.529e-003  7.848e-004  8.809e-001  1.412e-003   1.192e-001  2.394e-003 
 51 1   1.617e-003  7.816e-004  8.767e-001  1.472e-003   1.234e-001  2.645e-003 
 52 1   1.712e-003  7.780e-004  8.724e-001  1.535e-003   1.277e-001  2.920e-003 
 53 1   1.814e-003  7.743e-004  8.679e-001  1.600e-003   1.322e-001  3.224e-003 
 54 1   1.926e-003  7.707e-004  8.633e-001  1.667e-003   1.368e-001  3.557e-003 
 55 1   2.048e-003  7.677e-004  8.585e-001  1.738e-003   1.416e-001  3.924e-003 
 56 1   2.180e-003  7.656e-004  8.536e-001  1.812e-003   1.465e-001  4.327e-003 
 57 1   2.325e-003  7.648e-004  8.485e-001  1.888e-003   1.516e-001  4.769e-003 
 58 1   2.484e-003  7.661e-004  8.432e-001  1.968e-003   1.568e-001  5.255e-003 
 59 1   2.658e-003  7.701e-004  8.378e-001  2.052e-003   1.622e-001  5.788e-003 
 60 1   2.849e-003  7.772e-004  8.323e-001  2.139e-003   1.678e-001  6.373e-003 
 61 1   3.059e-003  7.883e-004  8.266e-001  2.229e-003   1.734e-001  7.015e-003 
 62 1   3.291e-003  8.039e-004  8.208e-001  2.323e-003   1.793e-001  7.719e-003 
 63 1   3.546e-003  8.245e-004  8.149e-001  2.422e-003   1.852e-001  8.491e-003 
 64 1   3.828e-003  8.506e-004  8.088e-001  2.524e-003   1.913e-001  9.337e-003 
 65 1   4.139e-003  8.825e-004  8.026e-001  2.631e-003   1.975e-001  1.026e-002 
 66 1   4.482e-003  9.203e-004  7.963e-001  2.742e-003   2.038e-001  1.128e-002 
 67 1   4.862e-003  9.639e-004  7.899e-001  2.858e-003   2.102e-001  1.239e-002 
 68 1   5.282e-003  1.013e-003  7.834e-001  2.979e-003   2.167e-001  1.361e-002 
 69 1   5.746e-003  1.068e-003  7.769e-001  3.105e-003   2.232e-001  1.494e-002 
 70 1   6.260e-003  1.128e-003  7.703e-001  3.236e-003   2.298e-001  1.639e-002 
 71 1   6.827e-003  1.194e-003  7.637e-001  3.373e-003   2.364e-001  1.798e-002 
 72 1   7.453e-003  1.265e-003  7.572e-001  3.515e-003   2.430e-001  1.972e-002 
 73 1   8.144e-003  1.341e-003  7.506e-001  3.664e-003   2.495e-001  2.162e-002 
 74 1   8.907e-003  1.425e-003  7.441e-001  3.818e-003   2.560e-001  2.369e-002 
 75 1   9.747e-003  1.517e-003  7.377e-001  3.980e-003   2.625e-001  2.595e-002 
 76 1   1.067e-002  1.619e-003  7.314e-001  4.148e-003   2.687e-001  2.842e-002 
 77 1   1.168e-002  1.736e-003  7.253e-001  4.323e-003   2.748e-001  3.111e-002 
 78 1   1.279e-002  1.871e-003  7.194e-001  4.505e-003   2.807e-001  3.403e-002 
 79 1   1.401e-002  2.029e-003  7.138e-001  4.695e-003   2.863e-001  3.722e-002 
 80 1   1.533e-002  2.217e-003  7.085e-001  4.893e-003   2.916e-001  4.069e-002 
 81 1   1.677e-002  2.441e-003  7.036e-001  5.099e-003   2.966e-001  4.446e-002 
 82 1   1.834e-002  2.707e-003  6.990e-001  5.314e-003   3.011e-001  4.855e-002 
 83 1   2.002e-002  3.022e-003  6.950e-001  5.538e-003   3.052e-001  5.300e-002 
 84 1   2.184e-002  3.388e-003  6.915e-001  5.771e-003   3.087e-001  5.782e-002 
 85 1   2.378e-002  3.811e-003  6.886e-001  6.014e-003   3.116e-001  6.304e-002 
 86 1   2.586e-002  4.291e-003  6.864e-001  6.267e-003   3.138e-001  6.869e-002 
 87 1   2.805e-002  4.828e-003  6.849e-001  6.531e-003   3.152e-001  7.480e-002 
 88 1   3.037e-002  5.418e-003  6.843e-001  6.806e-003   3.159e-001  8.140e-002 
 89 1   3.279e-002  6.057e-003  6.845e-001  7.092e-003   3.156e-001  8.852e-002 
 90 1   3.531e-002  6.739e-003  6.857e-001  7.390e-003   3.145e-001  9.618e-002 
