# DEFgali.txt
#IMaCh version 0.99r45, April 2023,INED-EUROREVES-Institut de longevite-Japan Society for the Promotion of Science (Grant-in-Aid for Scientific Research 25293121), Intel Software 2015-2020, Nihon University 2021-202, INED 2000-2022
#$Revision: 1.353 $ $Date: 2023/05/08 18:48:22 $
# Tue Feb 04 20:24:32 2025
#One-step probabilities and correlation matrix
# Age p1-1  p1-2  p1-3  p2-1  p2-2  p2-3 
50  9.638e-001  3.476e-002  1.412e-003  2.388e-001  7.588e-001  2.394e-003 
50 1-1  1.000e+000
50 1-2 -9.887e-001  1.000e+000
50 1-3 -9.060e-002 -5.955e-002  1.000e+000
50 2-1 -3.166e-001  3.160e-001  9.187e-003  1.000e+000
50 2-2  3.167e-001 -3.170e-001 -2.501e-003 -9.991e-001  1.000e+000
50 2-3  7.045e-003  1.650e-002 -1.567e-001 -4.664e-002  3.950e-003  1.000e+000
51  9.635e-001  3.503e-002  1.472e-003  2.307e-001  7.667e-001  2.645e-003 
51 1-1  1.000e+000
51 1-2 -9.879e-001  1.000e+000
51 1-3 -9.711e-002 -5.830e-002  1.000e+000
51 2-1 -3.184e-001  3.180e-001  8.662e-003  1.000e+000
51 2-2  3.184e-001 -3.192e-001 -8.945e-004 -9.988e-001  1.000e+000
51 2-3  6.572e-003  1.820e-002 -1.592e-001 -4.430e-002 -4.485e-003  1.000e+000
52  9.632e-001  3.530e-002  1.535e-003  2.227e-001  7.744e-001  2.920e-003 
52 1-1  1.000e+000
52 1-2 -9.871e-001  1.000e+000
52 1-3 -1.038e-001 -5.701e-002  1.000e+000
52 2-1 -3.202e-001  3.201e-001  8.129e-003  1.000e+000
52 2-2  3.201e-001 -3.215e-001  9.081e-004 -9.984e-001  1.000e+000
52 2-3  6.131e-003  1.997e-002 -1.620e-001 -4.217e-002 -1.361e-002  1.000e+000
53  9.628e-001  3.557e-002  1.600e-003  2.149e-001  7.818e-001  3.224e-003 
53 1-1  1.000e+000
53 1-2 -9.861e-001  1.000e+000
53 1-3 -1.107e-001 -5.571e-002  1.000e+000
53 2-1 -3.220e-001  3.222e-001  7.594e-003  1.000e+000
53 2-2  3.218e-001 -3.237e-001  2.936e-003 -9.980e-001  1.000e+000
53 2-3  5.722e-003  2.181e-002 -1.650e-001 -4.026e-002 -2.354e-002  1.000e+000
54  9.625e-001  3.584e-002  1.667e-003  2.074e-001  7.891e-001  3.557e-003 
54 1-1  1.000e+000
54 1-2 -9.852e-001  1.000e+000
54 1-3 -1.178e-001 -5.442e-002  1.000e+000
54 2-1 -3.237e-001  3.243e-001  7.067e-003  1.000e+000
54 2-2  3.234e-001 -3.260e-001  5.220e-003 -9.973e-001  1.000e+000
54 2-3  5.346e-003  2.373e-002 -1.683e-001 -3.858e-002 -3.441e-002  1.000e+000
55  9.621e-001  3.612e-002  1.738e-003  2.000e-001  7.961e-001  3.924e-003 
55 1-1  1.000e+000
55 1-2 -9.841e-001  1.000e+000
55 1-3 -1.250e-001 -5.318e-002  1.000e+000
55 2-1 -3.254e-001  3.263e-001  6.559e-003  1.000e+000
55 2-2  3.248e-001 -3.283e-001  7.795e-003 -9.965e-001  1.000e+000
55 2-3  5.001e-003  2.575e-002 -1.719e-001 -3.715e-002 -4.634e-002  1.000e+000
56  9.618e-001  3.639e-002  1.812e-003  1.928e-001  8.029e-001  4.327e-003 
56 1-1  1.000e+000
56 1-2 -9.830e-001  1.000e+000
56 1-3 -1.323e-001 -5.203e-002  1.000e+000
56 2-1 -3.269e-001  3.282e-001  6.090e-003  1.000e+000
56 2-2  3.261e-001 -3.305e-001  1.070e-002 -9.954e-001  1.000e+000
56 2-3  4.688e-003  2.787e-002 -1.758e-001 -3.600e-002 -5.948e-002  1.000e+000
57  9.614e-001  3.667e-002  1.888e-003  1.858e-001  8.095e-001  4.769e-003 
57 1-1  1.000e+000
57 1-2 -9.818e-001  1.000e+000
57 1-3 -1.397e-001 -5.105e-002  1.000e+000
57 2-1 -3.282e-001  3.299e-001  5.680e-003  1.000e+000
57 2-2  3.270e-001 -3.325e-001  1.397e-002 -9.940e-001  1.000e+000
57 2-3  4.404e-003  3.012e-002 -1.801e-001 -3.514e-002 -7.398e-002  1.000e+000
58  9.611e-001  3.695e-002  1.968e-003  1.790e-001  8.158e-001  5.255e-003 
58 1-1  1.000e+000
58 1-2 -9.805e-001  1.000e+000
58 1-3 -1.469e-001 -5.034e-002  1.000e+000
58 2-1 -3.291e-001  3.312e-001  5.362e-003  1.000e+000
58 2-2  3.275e-001 -3.341e-001  1.764e-002 -9.922e-001  1.000e+000
58 2-3  4.150e-003  3.249e-002 -1.846e-001 -3.459e-002 -9.000e-002  1.000e+000
59  9.607e-001  3.724e-002  2.052e-003  1.723e-001  8.219e-001  5.788e-003 
59 1-1  1.000e+000
59 1-2 -9.791e-001  1.000e+000
59 1-3 -1.539e-001 -5.000e-002  1.000e+000
59 2-1 -3.296e-001  3.321e-001  5.175e-003  1.000e+000
59 2-2  3.273e-001 -3.353e-001  2.174e-002 -9.899e-001  1.000e+000
59 2-3  3.924e-003  3.501e-002 -1.895e-001 -3.437e-002 -1.077e-001  1.000e+000
60  9.603e-001  3.752e-002  2.139e-003  1.659e-001  8.277e-001  6.373e-003 
60 1-1  1.000e+000
60 1-2 -9.777e-001  1.000e+000
60 1-3 -1.606e-001 -5.022e-002  1.000e+000
60 2-1 -3.295e-001  3.323e-001  5.170e-003  1.000e+000
60 2-2  3.264e-001 -3.359e-001  2.628e-002 -9.869e-001  1.000e+000
60 2-3  3.725e-003  3.766e-002 -1.947e-001 -3.450e-002 -1.270e-001  1.000e+000
61  9.600e-001  3.781e-002  2.229e-003  1.597e-001  8.333e-001  7.015e-003 
61 1-1  1.000e+000
61 1-2 -9.762e-001  1.000e+000
61 1-3 -1.667e-001 -5.118e-002  1.000e+000
61 2-1 -3.285e-001  3.316e-001  5.406e-003  1.000e+000
61 2-2  3.245e-001 -3.355e-001  3.125e-002 -9.832e-001  1.000e+000
61 2-3  3.551e-003  4.044e-002 -2.002e-001 -3.499e-002 -1.482e-001  1.000e+000
62  9.596e-001  3.809e-002  2.323e-003  1.536e-001  8.387e-001  7.719e-003 
62 1-1  1.000e+000
62 1-2 -9.746e-001  1.000e+000
62 1-3 -1.719e-001 -5.313e-002  1.000e+000
62 2-1 -3.265e-001  3.297e-001  5.955e-003  1.000e+000
62 2-2  3.212e-001 -3.339e-001  3.660e-002 -9.785e-001  1.000e+000
62 2-3  3.401e-003  4.334e-002 -2.057e-001 -3.586e-002 -1.711e-001  1.000e+000
63  9.592e-001  3.838e-002  2.422e-003  1.477e-001  8.438e-001  8.491e-003 
63 1-1  1.000e+000
63 1-2 -9.729e-001  1.000e+000
63 1-3 -1.761e-001 -5.631e-002  1.000e+000
63 2-1 -3.232e-001  3.262e-001  6.891e-003  1.000e+000
63 2-2  3.165e-001 -3.309e-001  4.224e-002 -9.728e-001  1.000e+000
63 2-3  3.274e-003  4.631e-002 -2.113e-001 -3.709e-002 -1.955e-001  1.000e+000
64  9.588e-001  3.868e-002  2.524e-003  1.420e-001  8.487e-001  9.337e-003 
64 1-1  1.000e+000
64 1-2 -9.711e-001  1.000e+000
64 1-3 -1.789e-001 -6.097e-002  1.000e+000
64 2-1 -3.185e-001  3.211e-001  8.283e-003  1.000e+000
64 2-2  3.100e-001 -3.261e-001  4.802e-002 -9.659e-001  1.000e+000
64 2-3  3.170e-003  4.931e-002 -2.167e-001 -3.867e-002 -2.212e-001  1.000e+000
65  9.584e-001  3.897e-002  2.631e-003  1.365e-001  8.533e-001  1.026e-002 
65 1-1  1.000e+000
65 1-2 -9.693e-001  1.000e+000
65 1-3 -1.801e-001 -6.727e-002  1.000e+000
65 2-1 -3.120e-001  3.140e-001  1.019e-002  1.000e+000
65 2-2  3.017e-001 -3.194e-001  5.371e-002 -9.580e-001  1.000e+000
65 2-3  3.090e-003  5.225e-002 -2.216e-001 -4.055e-002 -2.477e-001  1.000e+000
66  9.580e-001  3.927e-002  2.742e-003  1.311e-001  8.576e-001  1.128e-002 
66 1-1  1.000e+000
66 1-2 -9.674e-001  1.000e+000
66 1-3 -1.798e-001 -7.525e-002  1.000e+000
66 2-1 -3.040e-001  3.049e-001  1.261e-002  1.000e+000
66 2-2  2.916e-001 -3.108e-001  5.906e-002 -9.491e-001  1.000e+000
66 2-3  3.036e-003  5.506e-002 -2.258e-001 -4.268e-002 -2.743e-001  1.000e+000
67  9.576e-001  3.956e-002  2.858e-003  1.259e-001  8.617e-001  1.239e-002 
67 1-1  1.000e+000
67 1-2 -9.654e-001  1.000e+000
67 1-3 -1.781e-001 -8.476e-002  1.000e+000
67 2-1 -2.944e-001  2.940e-001  1.553e-002  1.000e+000
67 2-2  2.800e-001 -3.005e-001  6.379e-002 -9.393e-001  1.000e+000
67 2-3  3.016e-003  5.765e-002 -2.290e-001 -4.499e-002 -3.004e-001  1.000e+000
68  9.572e-001  3.986e-002  2.979e-003  1.209e-001  8.655e-001  1.361e-002 
68 1-1  1.000e+000
68 1-2 -9.633e-001  1.000e+000
68 1-3 -1.754e-001 -9.539e-002  1.000e+000
68 2-1 -2.837e-001  2.817e-001  1.885e-002  1.000e+000
68 2-2  2.675e-001 -2.889e-001  6.766e-002 -9.291e-001  1.000e+000
68 2-3  3.038e-003  5.993e-002 -2.310e-001 -4.739e-002 -3.253e-001  1.000e+000
69  9.567e-001  4.017e-002  3.105e-003  1.160e-001  8.690e-001  1.494e-002 
69 1-1  1.000e+000
69 1-2 -9.611e-001  1.000e+000
69 1-3 -1.723e-001 -1.066e-001  1.000e+000
69 2-1 -2.724e-001  2.687e-001  2.240e-002  1.000e+000
69 2-2  2.545e-001 -2.767e-001  7.055e-002 -9.189e-001  1.000e+000
69 2-3  3.116e-003  6.189e-002 -2.319e-001 -4.978e-002 -3.483e-001  1.000e+000
70  9.563e-001  4.047e-002  3.236e-003  1.113e-001  8.723e-001  1.639e-002 
70 1-1  1.000e+000
70 1-2 -9.587e-001  1.000e+000
70 1-3 -1.696e-001 -1.177e-001  1.000e+000
70 2-1 -2.612e-001  2.557e-001  2.602e-002  1.000e+000
70 2-2  2.417e-001 -2.645e-001  7.246e-002 -9.090e-001  1.000e+000
70 2-3  3.269e-003  6.352e-002 -2.316e-001 -5.209e-002 -3.690e-001  1.000e+000
71  9.559e-001  4.078e-002  3.373e-003  1.068e-001  8.752e-001  1.798e-002 
71 1-1  1.000e+000
71 1-2 -9.562e-001  1.000e+000
71 1-3 -1.679e-001 -1.280e-001  1.000e+000
71 2-1 -2.506e-001  2.434e-001  2.950e-002  1.000e+000
71 2-2  2.299e-001 -2.531e-001  7.353e-002 -8.997e-001  1.000e+000
71 2-3  3.519e-003  6.489e-002 -2.305e-001 -5.424e-002 -3.871e-001  1.000e+000
72  9.554e-001  4.108e-002  3.515e-003  1.024e-001  8.779e-001  1.972e-002 
72 1-1  1.000e+000
72 1-2 -9.535e-001  1.000e+000
72 1-3 -1.678e-001 -1.372e-001  1.000e+000
72 2-1 -2.411e-001  2.323e-001  3.271e-002  1.000e+000
72 2-2  2.193e-001 -2.430e-001  7.401e-002 -8.912e-001  1.000e+000
72 2-3  3.891e-003  6.607e-002 -2.289e-001 -5.620e-002 -4.028e-001  1.000e+000
73  9.549e-001  4.139e-002  3.664e-003  9.813e-002  8.803e-001  2.162e-002 
73 1-1  1.000e+000
73 1-2 -9.506e-001  1.000e+000
73 1-3 -1.696e-001 -1.449e-001  1.000e+000
73 2-1 -2.331e-001  2.228e-001  3.553e-002  1.000e+000
73 2-2  2.102e-001 -2.344e-001  7.422e-002 -8.836e-001  1.000e+000
73 2-3  4.416e-003  6.716e-002 -2.272e-001 -5.794e-002 -4.163e-001  1.000e+000
74  9.545e-001  4.171e-002  3.818e-003  9.402e-002  8.823e-001  2.369e-002 
74 1-1  1.000e+000
74 1-2 -9.474e-001  1.000e+000
74 1-3 -1.733e-001 -1.511e-001  1.000e+000
74 2-1 -2.265e-001  2.150e-001  3.794e-002  1.000e+000
74 2-2  2.026e-001 -2.275e-001  7.448e-002 -8.767e-001  1.000e+000
74 2-3  5.126e-003  6.825e-002 -2.258e-001 -5.947e-002 -4.281e-001  1.000e+000
75  9.540e-001  4.202e-002  3.980e-003  9.004e-002  8.840e-001  2.595e-002 
75 1-1  1.000e+000
75 1-2 -9.440e-001  1.000e+000
75 1-3 -1.789e-001 -1.559e-001  1.000e+000
75 2-1 -2.214e-001  2.089e-001  3.993e-002  1.000e+000
75 2-2  1.963e-001 -2.223e-001  7.509e-002 -8.702e-001  1.000e+000
75 2-3  6.055e-003  6.939e-002 -2.250e-001 -6.081e-002 -4.389e-001  1.000e+000
76  9.535e-001  4.233e-002  4.148e-003  8.620e-002  8.854e-001  2.842e-002 
76 1-1  1.000e+000
76 1-2 -9.402e-001  1.000e+000
76 1-3 -1.862e-001 -1.594e-001  1.000e+000
76 2-1 -2.176e-001  2.042e-001  4.155e-002  1.000e+000
76 2-2  1.911e-001 -2.184e-001  7.629e-002 -8.637e-001  1.000e+000
76 2-3  7.232e-003  7.060e-002 -2.247e-001 -6.198e-002 -4.495e-001  1.000e+000
77  9.530e-001  4.265e-002  4.323e-003  8.250e-002  8.864e-001  3.111e-002 
77 1-1  1.000e+000
77 1-2 -9.363e-001  1.000e+000
77 1-3 -1.950e-001 -1.620e-001  1.000e+000
77 2-1 -2.149e-001  2.009e-001  4.284e-002  1.000e+000
77 2-2  1.866e-001 -2.158e-001  7.825e-002 -8.565e-001  1.000e+000
77 2-3  8.683e-003  7.184e-002 -2.249e-001 -6.301e-002 -4.612e-001  1.000e+000
78  9.525e-001  4.297e-002  4.505e-003  7.891e-002  8.871e-001  3.403e-002 
78 1-1  1.000e+000
78 1-2 -9.320e-001  1.000e+000
78 1-3 -2.050e-001 -1.638e-001  1.000e+000
78 2-1 -2.132e-001  1.986e-001  4.388e-002  1.000e+000
78 2-2  1.825e-001 -2.139e-001  8.109e-002 -8.478e-001  1.000e+000
78 2-3  1.042e-002  7.299e-002 -2.254e-001 -6.392e-002 -4.750e-001  1.000e+000
79  9.520e-001  4.329e-002  4.695e-003  7.545e-002  8.873e-001  3.722e-002 
79 1-1  1.000e+000
79 1-2 -9.274e-001  1.000e+000
79 1-3 -2.160e-001 -1.649e-001  1.000e+000
79 2-1 -2.122e-001  1.972e-001  4.473e-002  1.000e+000
79 2-2  1.783e-001 -2.126e-001  8.485e-002 -8.366e-001  1.000e+000
79 2-3  1.241e-002  7.391e-002 -2.257e-001 -6.477e-002 -4.924e-001  1.000e+000
80  9.515e-001  4.362e-002  4.893e-003  7.212e-002  8.872e-001  4.069e-002 
80 1-1  1.000e+000
80 1-2 -9.225e-001  1.000e+000
80 1-3 -2.278e-001 -1.656e-001  1.000e+000
80 2-1 -2.117e-001  1.964e-001  4.543e-002  1.000e+000
80 2-2  1.736e-001 -2.113e-001  8.952e-002 -8.218e-001  1.000e+000
80 2-3  1.463e-002  7.441e-002 -2.251e-001 -6.561e-002 -5.147e-001  1.000e+000
81  9.510e-001  4.394e-002  5.099e-003  6.889e-002  8.867e-001  4.446e-002 
81 1-1  1.000e+000
81 1-2 -9.173e-001  1.000e+000
81 1-3 -2.404e-001 -1.660e-001  1.000e+000
81 2-1 -2.117e-001  1.962e-001  4.604e-002  1.000e+000
81 2-2  1.680e-001 -2.096e-001  9.497e-002 -8.019e-001  1.000e+000
81 2-3  1.700e-002  7.433e-002 -2.233e-001 -6.653e-002 -5.428e-001  1.000e+000
82  9.504e-001  4.427e-002  5.314e-003  6.578e-002  8.857e-001  4.855e-002 
82 1-1  1.000e+000
82 1-2 -9.118e-001  1.000e+000
82 1-3 -2.534e-001 -1.662e-001  1.000e+000
82 2-1 -2.119e-001  1.963e-001  4.660e-002  1.000e+000
82 2-2  1.612e-001 -2.072e-001  1.010e-001 -7.756e-001  1.000e+000
82 2-3  1.942e-002  7.358e-002 -2.200e-001 -6.767e-002 -5.772e-001  1.000e+000
83  9.499e-001  4.460e-002  5.538e-003  6.277e-002  8.842e-001  5.300e-002 
83 1-1  1.000e+000
83 1-2 -9.059e-001  1.000e+000
83 1-3 -2.670e-001 -1.662e-001  1.000e+000
83 2-1 -2.124e-001  1.966e-001  4.713e-002  1.000e+000
83 2-2  1.528e-001 -2.035e-001  1.074e-001 -7.419e-001  1.000e+000
83 2-3  2.179e-002  7.216e-002 -2.150e-001 -6.920e-002 -6.176e-001  1.000e+000
84  9.493e-001  4.493e-002  5.771e-003  5.987e-002  8.823e-001  5.782e-002 
84 1-1  1.000e+000
84 1-2 -8.997e-001  1.000e+000
84 1-3 -2.809e-001 -1.661e-001  1.000e+000
84 2-1 -2.130e-001  1.971e-001  4.767e-002  1.000e+000
84 2-2  1.427e-001 -1.983e-001  1.137e-001 -6.999e-001  1.000e+000
84 2-3  2.406e-002  7.019e-002 -2.087e-001 -7.132e-002 -6.625e-001  1.000e+000
85  9.487e-001  4.526e-002  6.014e-003  5.707e-002  8.799e-001  6.304e-002 
85 1-1  1.000e+000
85 1-2 -8.932e-001  1.000e+000
85 1-3 -2.952e-001 -1.660e-001  1.000e+000
85 2-1 -2.136e-001  1.978e-001  4.825e-002  1.000e+000
85 2-2  1.310e-001 -1.914e-001  1.195e-001 -6.498e-001  1.000e+000
85 2-3  2.618e-002  6.784e-002 -2.015e-001 -7.421e-002 -7.098e-001  1.000e+000
86  9.481e-001  4.560e-002  6.267e-003  5.437e-002  8.769e-001  6.869e-002 
86 1-1  1.000e+000
86 1-2 -8.862e-001  1.000e+000
86 1-3 -3.097e-001 -1.660e-001  1.000e+000
86 2-1 -2.143e-001  1.985e-001  4.886e-002  1.000e+000
86 2-2  1.178e-001 -1.829e-001  1.246e-001 -5.927e-001  1.000e+000
86 2-3  2.814e-002  6.528e-002 -1.939e-001 -7.804e-002 -7.567e-001  1.000e+000
87  9.475e-001  4.594e-002  6.531e-003  5.177e-002  8.734e-001  7.480e-002 
87 1-1  1.000e+000
87 1-2 -8.789e-001  1.000e+000
87 1-3 -3.246e-001 -1.659e-001  1.000e+000
87 2-1 -2.150e-001  1.991e-001  4.954e-002  1.000e+000
87 2-2  1.037e-001 -1.730e-001  1.286e-001 -5.303e-001  1.000e+000
87 2-3  2.996e-002  6.267e-002 -1.862e-001 -8.293e-002 -8.009e-001  1.000e+000
88  9.469e-001  4.627e-002  6.806e-003  4.925e-002  8.693e-001  8.140e-002 
88 1-1  1.000e+000
88 1-2 -8.712e-001  1.000e+000
88 1-3 -3.396e-001 -1.659e-001  1.000e+000
88 2-1 -2.156e-001  1.998e-001  5.030e-002  1.000e+000
88 2-2  8.914e-002 -1.622e-001  1.316e-001 -4.649e-001  1.000e+000
88 2-3  3.166e-002  6.015e-002 -1.788e-001 -8.896e-002 -8.405e-001  1.000e+000
89  9.463e-001  4.661e-002  7.092e-003  4.682e-002  8.647e-001  8.852e-002 
89 1-1  1.000e+000
89 1-2 -8.631e-001  1.000e+000
89 1-3 -3.549e-001 -1.659e-001  1.000e+000
89 2-1 -2.162e-001  2.004e-001  5.113e-002  1.000e+000
89 2-2  7.471e-002 -1.509e-001  1.335e-001 -3.988e-001  1.000e+000
89 2-3  3.328e-002  5.778e-002 -1.719e-001 -9.620e-002 -8.744e-001  1.000e+000
90  9.457e-001  4.696e-002  7.390e-003  4.448e-002  8.593e-001  9.618e-002 
90 1-1  1.000e+000
90 1-2 -8.545e-001  1.000e+000
90 1-3 -3.703e-001 -1.660e-001  1.000e+000
90 2-1 -2.167e-001  2.009e-001  5.206e-002  1.000e+000
90 2-2  6.083e-002 -1.397e-001  1.344e-001 -3.339e-001  1.000e+000
90 2-3  3.484e-002  5.561e-002 -1.656e-001 -1.047e-001 -9.025e-001  1.000e+000