# DEFgali.txt
#IMaCh version 0.99r45, April 2023,INED-EUROREVES-Institut de longevite-Japan Society for the Promotion of Science (Grant-in-Aid for Scientific Research 25293121), Intel Software 2015-2020, Nihon University 2021-202, INED 2000-2022
#$Revision: 1.353 $ $Date: 2023/05/08 18:48:22 $
# Tue Feb 04 20:24:32 2025
#One-step probabilities and stand. devi in ()
# Age p1-1 (SE) p1-2 (SE) p1-3 (SE) p2-1 (SE) p2-2 (SE) p2-3 (SE)
50  9.638e-001 ( 5.997e-003)  3.476e-002 ( 5.983e-003)  1.412e-003 ( 8.997e-004)  2.388e-001 ( 3.693e-002)  7.588e-001 ( 3.689e-002)  2.394e-003 ( 1.577e-003) 
51  9.635e-001 ( 5.788e-003)  3.503e-002 ( 5.770e-003)  1.472e-003 ( 8.985e-004)  2.307e-001 ( 3.463e-002)  7.667e-001 ( 3.459e-002)  2.645e-003 ( 1.689e-003) 
52  9.632e-001 ( 5.579e-003)  3.530e-002 ( 5.558e-003)  1.535e-003 ( 8.961e-004)  2.227e-001 ( 3.241e-002)  7.744e-001 ( 3.238e-002)  2.920e-003 ( 1.808e-003) 
53  9.628e-001 ( 5.371e-003)  3.557e-002 ( 5.346e-003)  1.600e-003 ( 8.926e-004)  2.149e-001 ( 3.028e-002)  7.818e-001 ( 3.026e-002)  3.224e-003 ( 1.932e-003) 
54  9.625e-001 ( 5.164e-003)  3.584e-002 ( 5.135e-003)  1.667e-003 ( 8.879e-004)  2.074e-001 ( 2.825e-002)  7.891e-001 ( 2.824e-002)  3.557e-003 ( 2.061e-003) 
55  9.621e-001 ( 4.959e-003)  3.612e-002 ( 4.927e-003)  1.738e-003 ( 8.820e-004)  2.000e-001 ( 2.631e-002)  7.961e-001 ( 2.632e-002)  3.924e-003 ( 2.197e-003) 
56  9.618e-001 ( 4.757e-003)  3.639e-002 ( 4.721e-003)  1.812e-003 ( 8.752e-004)  1.928e-001 ( 2.447e-002)  8.029e-001 ( 2.449e-002)  4.327e-003 ( 2.338e-003) 
57  9.614e-001 ( 4.559e-003)  3.667e-002 ( 4.520e-003)  1.888e-003 ( 8.676e-004)  1.858e-001 ( 2.273e-002)  8.095e-001 ( 2.278e-002)  4.769e-003 ( 2.484e-003) 
58  9.611e-001 ( 4.367e-003)  3.695e-002 ( 4.325e-003)  1.968e-003 ( 8.593e-004)  1.790e-001 ( 2.109e-002)  8.158e-001 ( 2.117e-002)  5.255e-003 ( 2.635e-003) 
59  9.607e-001 ( 4.182e-003)  3.724e-002 ( 4.137e-003)  2.052e-003 ( 8.507e-004)  1.723e-001 ( 1.957e-002)  8.219e-001 ( 1.967e-002)  5.788e-003 ( 2.790e-003) 
60  9.603e-001 ( 4.006e-003)  3.752e-002 ( 3.959e-003)  2.139e-003 ( 8.421e-004)  1.659e-001 ( 1.815e-002)  8.277e-001 ( 1.829e-002)  6.373e-003 ( 2.950e-003) 
61  9.600e-001 ( 3.840e-003)  3.781e-002 ( 3.792e-003)  2.229e-003 ( 8.342e-004)  1.597e-001 ( 1.685e-002)  8.333e-001 ( 1.702e-002)  7.015e-003 ( 3.113e-003) 
62  9.596e-001 ( 3.689e-003)  3.809e-002 ( 3.639e-003)  2.323e-003 ( 8.276e-004)  1.536e-001 ( 1.566e-002)  8.387e-001 ( 1.588e-002)  7.719e-003 ( 3.278e-003) 
63  9.592e-001 ( 3.554e-003)  3.838e-002 ( 3.504e-003)  2.422e-003 ( 8.231e-004)  1.477e-001 ( 1.458e-002)  8.438e-001 ( 1.486e-002)  8.491e-003 ( 3.446e-003) 
64  9.588e-001 ( 3.439e-003)  3.868e-002 ( 3.390e-003)  2.524e-003 ( 8.217e-004)  1.420e-001 ( 1.363e-002)  8.487e-001 ( 1.396e-002)  9.337e-003 ( 3.615e-003) 
65  9.584e-001 ( 3.347e-003)  3.897e-002 ( 3.299e-003)  2.631e-003 ( 8.248e-004)  1.365e-001 ( 1.279e-002)  8.533e-001 ( 1.319e-002)  1.026e-002 ( 3.784e-003) 
66  9.580e-001 ( 3.281e-003)  3.927e-002 ( 3.237e-003)  2.742e-003 ( 8.335e-004)  1.311e-001 ( 1.206e-002)  8.576e-001 ( 1.253e-002)  1.128e-002 ( 3.953e-003) 
67  9.576e-001 ( 3.245e-003)  3.956e-002 ( 3.204e-003)  2.858e-003 ( 8.495e-004)  1.259e-001 ( 1.145e-002)  8.617e-001 ( 1.200e-002)  1.239e-002 ( 4.119e-003) 
68  9.572e-001 ( 3.241e-003)  3.986e-002 ( 3.205e-003)  2.979e-003 ( 8.741e-004)  1.209e-001 ( 1.095e-002)  8.655e-001 ( 1.157e-002)  1.361e-002 ( 4.282e-003) 
69  9.567e-001 ( 3.271e-003)  4.017e-002 ( 3.240e-003)  3.105e-003 ( 9.088e-004)  1.160e-001 ( 1.056e-002)  8.690e-001 ( 1.125e-002)  1.494e-002 ( 4.442e-003) 
70  9.563e-001 ( 3.335e-003)  4.047e-002 ( 3.310e-003)  3.236e-003 ( 9.550e-004)  1.113e-001 ( 1.025e-002)  8.723e-001 ( 1.101e-002)  1.639e-002 ( 4.597e-003) 
71  9.559e-001 ( 3.434e-003)  4.078e-002 ( 3.414e-003)  3.373e-003 ( 1.014e-003)  1.068e-001 ( 1.003e-002)  8.752e-001 ( 1.086e-002)  1.798e-002 ( 4.748e-003) 
72  9.554e-001 ( 3.567e-003)  4.108e-002 ( 3.550e-003)  3.515e-003 ( 1.085e-003)  1.024e-001 ( 9.875e-003)  8.779e-001 ( 1.077e-002)  1.972e-002 ( 4.894e-003) 
73  9.549e-001 ( 3.732e-003)  4.139e-002 ( 3.717e-003)  3.664e-003 ( 1.171e-003)  9.813e-002 ( 9.781e-003)  8.803e-001 ( 1.074e-002)  2.162e-002 ( 5.038e-003) 
74  9.545e-001 ( 3.926e-003)  4.171e-002 ( 3.912e-003)  3.818e-003 ( 1.271e-003)  9.402e-002 ( 9.734e-003)  8.823e-001 ( 1.075e-002)  2.369e-002 ( 5.182e-003) 
75  9.540e-001 ( 4.148e-003)  4.202e-002 ( 4.132e-003)  3.980e-003 ( 1.386e-003)  9.004e-002 ( 9.722e-003)  8.840e-001 ( 1.080e-002)  2.595e-002 ( 5.331e-003) 
76  9.535e-001 ( 4.396e-003)  4.233e-002 ( 4.375e-003)  4.148e-003 ( 1.516e-003)  8.620e-002 ( 9.735e-003)  8.854e-001 ( 1.088e-002)  2.842e-002 ( 5.493e-003) 
77  9.530e-001 ( 4.666e-003)  4.265e-002 ( 4.638e-003)  4.323e-003 ( 1.661e-003)  8.250e-002 ( 9.765e-003)  8.864e-001 ( 1.098e-002)  3.111e-002 ( 5.680e-003) 
78  9.525e-001 ( 4.959e-003)  4.297e-002 ( 4.920e-003)  4.505e-003 ( 1.822e-003)  7.891e-002 ( 9.803e-003)  8.871e-001 ( 1.112e-002)  3.403e-002 ( 5.907e-003) 
79  9.520e-001 ( 5.271e-003)  4.329e-002 ( 5.218e-003)  4.695e-003 ( 1.999e-003)  7.545e-002 ( 9.843e-003)  8.873e-001 ( 1.129e-002)  3.722e-002 ( 6.194e-003) 
80  9.515e-001 ( 5.602e-003)  4.362e-002 ( 5.531e-003)  4.893e-003 ( 2.193e-003)  7.212e-002 ( 9.880e-003)  8.872e-001 ( 1.150e-002)  4.069e-002 ( 6.566e-003) 
81  9.510e-001 ( 5.952e-003)  4.394e-002 ( 5.859e-003)  5.099e-003 ( 2.403e-003)  6.889e-002 ( 9.910e-003)  8.867e-001 ( 1.177e-002)  4.446e-002 ( 7.050e-003) 
82  9.504e-001 ( 6.319e-003)  4.427e-002 ( 6.198e-003)  5.314e-003 ( 2.631e-003)  6.578e-002 ( 9.931e-003)  8.857e-001 ( 1.213e-002)  4.855e-002 ( 7.676e-003) 
83  9.499e-001 ( 6.702e-003)  4.460e-002 ( 6.550e-003)  5.538e-003 ( 2.878e-003)  6.277e-002 ( 9.939e-003)  8.842e-001 ( 1.261e-002)  5.300e-002 ( 8.474e-003) 
84  9.493e-001 ( 7.102e-003)  4.493e-002 ( 6.912e-003)  5.771e-003 ( 3.143e-003)  5.987e-002 ( 9.932e-003)  8.823e-001 ( 1.323e-002)  5.782e-002 ( 9.471e-003) 
85  9.487e-001 ( 7.519e-003)  4.526e-002 ( 7.285e-003)  6.014e-003 ( 3.429e-003)  5.707e-002 ( 9.911e-003)  8.799e-001 ( 1.403e-002)  6.304e-002 ( 1.069e-002) 
86  9.481e-001 ( 7.953e-003)  4.560e-002 ( 7.668e-003)  6.267e-003 ( 3.736e-003)  5.437e-002 ( 9.873e-003)  8.769e-001 ( 1.506e-002)  6.869e-002 ( 1.216e-002) 
87  9.475e-001 ( 8.403e-003)  4.594e-002 ( 8.060e-003)  6.531e-003 ( 4.064e-003)  5.177e-002 ( 9.820e-003)  8.734e-001 ( 1.634e-002)  7.480e-002 ( 1.390e-002) 
88  9.469e-001 ( 8.870e-003)  4.627e-002 ( 8.460e-003)  6.806e-003 ( 4.416e-003)  4.925e-002 ( 9.750e-003)  8.693e-001 ( 1.792e-002)  8.140e-002 ( 1.593e-002) 
89  9.463e-001 ( 9.356e-003)  4.661e-002 ( 8.870e-003)  7.092e-003 ( 4.792e-003)  4.682e-002 ( 9.664e-003)  8.647e-001 ( 1.983e-002)  8.852e-002 ( 1.827e-002) 
90  9.457e-001 ( 9.859e-003)  4.696e-002 ( 9.287e-003)  7.390e-003 ( 5.193e-003)  4.448e-002 ( 9.562e-003)  8.593e-001 ( 2.208e-002)  9.618e-002 ( 2.092e-002) 