
#****** ******
# DEFgali.txt
#IMaCh version 0.99r45, April 2023,INED-EUROREVES-Institut de longevite-Japan Society for the Promotion of Science (Grant-in-Aid for Scientific Research 25293121), Intel Software 2015-2020, Nihon University 2021-202, INED 2000-2022
#$Revision: 1.353 $ $Date: 2023/05/08 18:48:22 $
# Tue Feb 04 20:24:32 2025
# Health expectancies with standard errors
# Age e11 (SE) e12 (SE) e1.  e21 (SE) e22 (SE) e2. 
 50   29.2443 (1.5344)    8.0733 (0.6571)   37.3176 (1.5952)   27.4725 (1.6259)    9.6702 (0.7366)   37.1427 (1.6377)
 51   28.4719 (1.5370)    7.9649 (0.6524)   36.4369 (1.5918)   26.6178 (1.6311)    9.6106 (0.7299)   36.2284 (1.6411)
 52   27.7079 (1.5405)    7.8527 (0.6484)   35.5607 (1.5900)   25.7667 (1.6365)    9.5476 (0.7236)   35.3143 (1.6457)
 53   26.9528 (1.5448)    7.7366 (0.6450)   34.6894 (1.5895)   24.9195 (1.6419)    9.4810 (0.7177)   34.4005 (1.6510)
 54   26.2068 (1.5498)    7.6165 (0.6421)   33.8233 (1.5903)   24.0764 (1.6471)    9.4104 (0.7121)   33.4869 (1.6568)
 55   25.4705 (1.5553)    7.4924 (0.6397)   32.9629 (1.5921)   23.2378 (1.6518)    9.3357 (0.7069)   32.5734 (1.6627)
 56   24.7445 (1.5612)    7.3642 (0.6378)   32.1087 (1.5948)   22.4039 (1.6558)    9.2564 (0.7020)   31.6602 (1.6684)
 57   24.0291 (1.5675)    7.2320 (0.6363)   31.2611 (1.5983)   21.5751 (1.6588)    9.1722 (0.6974)   30.7473 (1.6736)
 58   23.3250 (1.5740)    7.0957 (0.6351)   30.4206 (1.6026)   20.7519 (1.6606)    9.0828 (0.6929)   29.8348 (1.6780)
 59   22.6326 (1.5807)    6.9553 (0.6341)   29.5879 (1.6075)   19.9348 (1.6610)    8.9880 (0.6886)   28.9228 (1.6813)
 60   21.9526 (1.5876)    6.8109 (0.6335)   28.7635 (1.6129)   19.1243 (1.6597)    8.8872 (0.6844)   28.0116 (1.6832)
 61   21.2855 (1.5945)    6.6626 (0.6330)   27.9481 (1.6188)   18.3211 (1.6565)    8.7803 (0.6802)   27.1014 (1.6833)
 62   20.6318 (1.6014)    6.5105 (0.6327)   27.1423 (1.6253)   17.5258 (1.6513)    8.6670 (0.6759)   26.1928 (1.6816)
 63   19.9921 (1.6084)    6.3548 (0.6324)   26.3469 (1.6321)   16.7393 (1.6439)    8.5469 (0.6715)   25.2861 (1.6778)
 64   19.3671 (1.6153)    6.1956 (0.6323)   25.5627 (1.6394)   15.9623 (1.6340)    8.4197 (0.6669)   24.3820 (1.6718)
 65   18.7571 (1.6223)    6.0332 (0.6323)   24.7903 (1.6472)   15.1958 (1.6217)    8.2854 (0.6622)   23.4813 (1.6635)
 66   18.1628 (1.6293)    5.8678 (0.6323)   24.0306 (1.6555)   14.4409 (1.6068)    8.1437 (0.6572)   22.5846 (1.6528)
 67   17.5846 (1.6364)    5.6997 (0.6323)   23.2844 (1.6642)   13.6984 (1.5893)    7.9946 (0.6520)   21.6930 (1.6398)
 68   17.0230 (1.6435)    5.5293 (0.6324)   22.5524 (1.6735)   12.9696 (1.5691)    7.8380 (0.6467)   20.8076 (1.6246)
 69   16.4784 (1.6508)    5.3569 (0.6325)   21.8354 (1.6834)   12.2555 (1.5463)    7.6739 (0.6412)   19.9294 (1.6074)
 70   15.9512 (1.6583)    5.1829 (0.6326)   21.1342 (1.6938)   11.5574 (1.5210)    7.5025 (0.6357)   19.0598 (1.5883)
 71   15.4417 (1.6661)    5.0078 (0.6328)   20.4495 (1.7048)   10.8762 (1.4931)    7.3240 (0.6302)   18.2002 (1.5676)
 72   14.9501 (1.6742)    4.8319 (0.6329)   19.7820 (1.7164)   10.2133 (1.4628)    7.1386 (0.6251)   17.3519 (1.5456)
 73   14.4766 (1.6827)    4.6557 (0.6329)   19.1323 (1.7286)    9.5697 (1.4303)    6.9468 (0.6204)   16.5164 (1.5228)
 74   14.0213 (1.6918)    4.4798 (0.6329)   18.5010 (1.7414)    8.9464 (1.3956)    6.7490 (0.6163)   15.6954 (1.4993)
 75   13.5842 (1.7014)    4.3045 (0.6327)   17.8887 (1.7547)    8.3445 (1.3590)    6.5457 (0.6131)   14.8903 (1.4756)
 76   13.1653 (1.7116)    4.1305 (0.6323)   17.2957 (1.7687)    7.7649 (1.3207)    6.3377 (0.6108)   14.1026 (1.4520)
 77   12.7644 (1.7226)    3.9581 (0.6316)   16.7225 (1.7832)    7.2084 (1.2808)    6.1255 (0.6097)   13.3339 (1.4287)
 78   12.3814 (1.7344)    3.7878 (0.6306)   16.1692 (1.7983)    6.6757 (1.2395)    5.9099 (0.6098)   12.5856 (1.4059)
 79   12.0160 (1.7471)    3.6201 (0.6291)   15.6361 (1.8140)    6.1673 (1.1971)    5.6917 (0.6112)   11.8591 (1.3839)
 80   11.6678 (1.7607)    3.4555 (0.6271)   15.1232 (1.8302)    5.6837 (1.1537)    5.4718 (0.6138)   11.1556 (1.3625)
 81   11.3364 (1.7753)    3.2942 (0.6245)   14.6306 (1.8469)    5.2252 (1.1096)    5.2510 (0.6175)   10.4762 (1.3418)
 82   11.0213 (1.7909)    3.1368 (0.6212)   14.1581 (1.8643)    4.7918 (1.0648)    5.0301 (0.6221)    9.8219 (1.3217)
 83   10.7219 (1.8076)    2.9836 (0.6172)   13.7055 (1.8822)    4.3835 (1.0197)    4.8101 (0.6275)    9.1936 (1.3020)
 84   10.4378 (1.8253)    2.8348 (0.6124)   13.2726 (1.9008)    4.0001 (0.9743)    4.5918 (0.6332)    8.5919 (1.2824)
 85   10.1682 (1.8441)    2.6908 (0.6068)   12.8590 (1.9201)    3.6414 (0.9290)    4.3759 (0.6391)    8.0173 (1.2627)
 86    9.9125 (1.8640)    2.5517 (0.6002)   12.4642 (1.9401)    3.3068 (0.8837)    4.1633 (0.6448)    7.4701 (1.2427)
 87    9.6700 (1.8850)    2.4177 (0.5928)   12.0878 (1.9608)    2.9957 (0.8387)    3.9547 (0.6499)    6.9505 (1.2219)
 88    9.4401 (1.9070)    2.2891 (0.5846)   11.7292 (1.9824)    2.7075 (0.7941)    3.7508 (0.6542)    6.4583 (1.2003)
 89    9.2219 (1.9301)    2.1658 (0.5754)   11.3877 (2.0049)    2.4413 (0.7502)    3.5522 (0.6575)    5.9935 (1.1775)
 90    9.0147 (1.9541)    2.0480 (0.5655)   11.0628 (2.0283)    2.1963 (0.7069)    3.3593 (0.6594)    5.5556 (1.1535)
