
# model  
#****** Result for:******
# DEFgali.txt
#IMaCh version 0.99r45, April 2023,INED-EUROREVES-Institut de longevite-Japan Society for the Promotion of Science (Grant-in-Aid for Scientific Research 25293121), Intel Software 2015-2020, Nihon University 2021-202, INED 2000-2022
#$Revision: 1.353 $ $Date: 2023/05/08 18:48:22 $
# Tue Feb 04 20:24:32 2025
# Total life expectancy with std error and decomposition into time to be expected in each health state
#  (weighted average of eij where weights are the age specific forward period (stable) prevalences in each health state 
# Age popbased mobilav e.. (std) e.1 (std) e.2 (std) 
   50 0 0  37.299 (  1.597)  29.035 (  1.536)   8.264 (  0.672)
   51 0 0  36.413 (  1.594)  28.245 (  1.539)   8.168 (  0.666)
   52 0 0  35.531 (  1.593)  27.461 (  1.543)   8.070 (  0.662)
   53 0 0  34.654 (  1.593)  26.686 (  1.547)   7.968 (  0.658)
   54 0 0  33.779 (  1.594)  25.917 (  1.553)   7.862 (  0.655)
   55 0 0  32.910 (  1.596)  25.156 (  1.558)   7.754 (  0.652)
   56 0 0  32.045 (  1.598)  24.403 (  1.564)   7.642 (  0.649)
   57 0 0  31.185 (  1.602)  23.659 (  1.571)   7.527 (  0.647)
   58 0 0  30.331 (  1.606)  22.923 (  1.577)   7.408 (  0.646)
   59 0 0  29.483 (  1.610)  22.197 (  1.584)   7.286 (  0.644)
   60 0 0  28.640 (  1.614)  21.480 (  1.591)   7.160 (  0.643)
   61 0 0  27.803 (  1.619)  20.773 (  1.597)   7.030 (  0.642)
   62 0 0  26.975 (  1.623)  20.077 (  1.603)   6.898 (  0.642)
   63 0 0  26.153 (  1.628)  19.392 (  1.609)   6.761 (  0.641)
   64 0 0  25.339 (  1.632)  18.717 (  1.615)   6.622 (  0.641)
   65 0 0  24.534 (  1.636)  18.055 (  1.620)   6.479 (  0.640)
   66 0 0  23.739 (  1.641)  17.406 (  1.625)   6.332 (  0.640)
   67 0 0  22.952 (  1.645)  16.770 (  1.630)   6.183 (  0.639)
   68 0 0  22.177 (  1.649)  16.147 (  1.634)   6.030 (  0.639)
   69 0 0  21.412 (  1.653)  15.538 (  1.638)   5.875 (  0.638)
   70 0 0  20.660 (  1.657)  14.944 (  1.642)   5.717 (  0.638)
   71 0 0  19.920 (  1.661)  14.364 (  1.645)   5.556 (  0.638)
   72 0 0  19.194 (  1.665)  13.801 (  1.648)   5.393 (  0.637)
   73 0 0  18.482 (  1.669)  13.254 (  1.650)   5.228 (  0.637)
   74 0 0  17.785 (  1.674)  12.724 (  1.653)   5.061 (  0.636)
   75 0 0  17.105 (  1.678)  12.211 (  1.655)   4.893 (  0.636)
   76 0 0  16.440 (  1.683)  11.716 (  1.657)   4.724 (  0.636)
   77 0 0  15.794 (  1.688)  11.239 (  1.658)   4.554 (  0.635)
   78 0 0  15.166 (  1.693)  10.782 (  1.660)   4.384 (  0.635)
   79 0 0  14.557 (  1.698)  10.343 (  1.662)   4.214 (  0.635)
   80 0 0  13.968 (  1.703)   9.924 (  1.664)   4.044 (  0.635)
   81 0 0  13.401 (  1.708)   9.526 (  1.667)   3.875 (  0.635)
   82 0 0  12.855 (  1.713)   9.147 (  1.669)   3.708 (  0.635)
   83 0 0  12.331 (  1.717)   8.789 (  1.673)   3.542 (  0.635)
   84 0 0  11.830 (  1.722)   8.452 (  1.677)   3.378 (  0.634)
   85 0 0  11.352 (  1.727)   8.136 (  1.682)   3.216 (  0.634)
   86 0 0  10.899 (  1.732)   7.842 (  1.689)   3.058 (  0.632)
   87 0 0  10.470 (  1.737)   7.568 (  1.698)   2.903 (  0.630)
   88 0 0  10.066 (  1.743)   7.315 (  1.708)   2.751 (  0.628)
   89 0 0   9.687 (  1.750)   7.083 (  1.721)   2.604 (  0.625)
   90 0 0   9.333 (  1.758)   6.872 (  1.737)   2.461 (  0.620)
