
#****** ******
# DEFgali.txt
#IMaCh version 0.99r45, April 2023,INED-EUROREVES-Institut de longevite-Japan Society for the Promotion of Science (Grant-in-Aid for Scientific Research 25293121), Intel Software 2015-2020, Nihon University 2021-202, INED 2000-2022
#$Revision: 1.353 $ $Date: 2023/05/08 18:48:22 $
# Tue Feb 04 20:24:32 2025
# Standard deviation of period (forward stable) prevalences 
# Age  Result#  1-1 2-2
50 1  0.88088 (0.02097) 0.11919 (0.02102)
51 1  0.87670 (0.02083) 0.12336 (0.02087)
52 1  0.87237 (0.02065) 0.12768 (0.02069)
53 1  0.86790 (0.02045) 0.13217 (0.02050)
54 1  0.86327 (0.02023) 0.13679 (0.02027)
55 1  0.85849 (0.01998) 0.14157 (0.02002)
56 1  0.85356 (0.01970) 0.14652 (0.01975)
57 1  0.84847 (0.01941) 0.15160 (0.01945)
58 1  0.84323 (0.01910) 0.15683 (0.01914)
59 1  0.83785 (0.01877) 0.16224 (0.01883)
60 1  0.83231 (0.01845) 0.16777 (0.01849)
61 1  0.82663 (0.01812) 0.17345 (0.01816)
62 1  0.82081 (0.01780) 0.17929 (0.01785)
63 1  0.81486 (0.01750) 0.18523 (0.01755)
64 1  0.80878 (0.01724) 0.19131 (0.01728)
65 1  0.80259 (0.01703) 0.19750 (0.01707)
66 1  0.79629 (0.01688) 0.20382 (0.01693)
67 1  0.78990 (0.01681) 0.21021 (0.01686)
68 1  0.78343 (0.01685) 0.21667 (0.01689)
69 1  0.77690 (0.01699) 0.22320 (0.01703)
70 1  0.77033 (0.01727) 0.22981 (0.01731)
71 1  0.76373 (0.01768) 0.23640 (0.01772)
72 1  0.75714 (0.01824) 0.24298 (0.01828)
73 1  0.75058 (0.01894) 0.24954 (0.01897)
74 1  0.74408 (0.01978) 0.25604 (0.01981)
75 1  0.73768 (0.02076) 0.26247 (0.02080)
76 1  0.73141 (0.02187) 0.26874 (0.02190)
77 1  0.72531 (0.02309) 0.27484 (0.02312)
78 1  0.71941 (0.02443) 0.28073 (0.02445)
79 1  0.71379 (0.02586) 0.28635 (0.02589)
80 1  0.70847 (0.02738) 0.29167 (0.02741)
81 1  0.70352 (0.02899) 0.29665 (0.02902)
82 1  0.69899 (0.03069) 0.30118 (0.03071)
83 1  0.69494 (0.03246) 0.30522 (0.03249)
84 1  0.69144 (0.03433) 0.30872 (0.03435)
85 1  0.68854 (0.03629) 0.31161 (0.03631)
86 1  0.68634 (0.03837) 0.31385 (0.03839)
87 1  0.68487 (0.04057) 0.31531 (0.04059)
88 1  0.68422 (0.04292) 0.31596 (0.04294)
89 1  0.68444 (0.04545) 0.31572 (0.04546)
90 1  0.68561 (0.04817) 0.31455 (0.04819)
