# Powell
# iter -2*LL p12 p13 p21 p23
1 1 19393.019063110827 0 0.000000000000 0.000000000000 0.000000000000 0.000000000000 0.000000000000 0.000000000000 0.000000000000 0.000000000000
2 2 5606.158973714789 1 5.414559487340 -0.000408345696 -0.629358644531 0.000409488923 2.442720838114 -0.000720703773 -1.232670918357 0.002722077136
3 2 3684.068970328926 3 -3.018563897026 -0.004522969483 -4.793787307355 0.018327041260 0.816634528111 -0.008555547392 -1.549172892994 -0.040350859424
4 3 3186.286275187161 4 -3.017470044636 -0.002734819842 -6.179066028451 0.021524163140 0.512054617430 -0.013553803057 -1.571018395632 -0.042544232004
5 3 3002.865165404795 5 -4.569599758553 -0.000050032008 -6.903006222020 0.027680558074 -0.013617800634 -0.029772651257 -0.040130191710 -0.048033605206
6 4 2965.098984954030 6 -4.445277892590 0.001978202444 -7.199234159843 0.030405453980 -0.112431325393 -0.031845145327 0.323588057010 -0.048386539251
7 4 2881.831985632903 8 -6.709921170734 0.037797680684 -12.136872761006 0.076441236753 -1.245936660229 -0.018307214047 0.830654392215 -0.052256575388
8 5 2773.955317256857 9 -9.165936433338 0.070745797090 -16.462492537733 0.141019524465 -2.338941956019 -0.002137056512 0.897632027074 -0.056091057039
9 5 2757.087846595704 10 -9.725367376927 0.076257136897 -17.155600333636 0.151986900846 -2.496626260021 0.000972789183 0.952551658123 -0.056621492299
10 6 2753.289999321161 11 -9.810845394490 0.076928492783 -17.188619181917 0.155259331273 -2.493110093615 0.002199494647 0.811306392908 -0.056478634144
11 6 2753.194594403541 11 -9.790411568049 0.076618507668 -17.129194053752 0.154542238242 -2.486327238282 0.002184866542 0.792264871645 -0.056404820917
12 7 2749.336585228312 14 -10.501584956536 0.084549205299 -16.518610596277 0.146926661699 -3.188342888941 0.011913000065 0.676675721271 -0.055213926912
13 7 2744.708750514797 17 -10.877794703945 0.090022170694 -16.115963343940 0.142632894082 -3.660009839035 0.018113627190 0.578048924128 -0.054404118107
14 8 2739.996386778389 20 -11.652460408468 0.101286755191 -14.916472682277 0.129795163243 -4.729226540106 0.032137839236 0.289554507378 -0.052169693447
15 8 2739.862908184794 22 -11.734625335098 0.102636494940 -15.055367754230 0.131572519938 -4.785050953691 0.033280495158 0.264929581309 -0.052182839322
16 9 2739.688050856816 25 -12.032489619821 0.106550184381 -15.238702236384 0.133758109292 -5.037181948332 0.036781538527 0.238481039898 -0.052021324418
17 9 2739.443014348643 -32 -12.261323491227 0.109630594666 -15.259541983187 0.134064989778 -5.296505759238 0.040395042164 0.183359241123 -0.051524921703
18 10 2739.202004019751 -30 -12.282626263302 0.110153523853 -15.466954820747 0.136709193685 -5.310582344840 0.040823577178 0.170818417395 -0.051511268803
19 10 2738.305253161164 -27 -12.312199373069 0.111717551353 -16.123338575075 0.144897151984 -5.497645360789 0.044285514960 0.079569440497 -0.050575322872
20 11 2737.178073965300 -24 -12.069498110319 0.108468809947 -15.991565172819 0.143197622757 -5.410583177706 0.042758741835 0.069543597250 -0.050098053771
21 11 2723.805013084763 -21 -10.834731686810 0.090574078188 -16.140154063930 0.142757413606 -7.429515881675 0.063454803120 -0.814123209202 -0.034194885783
22 12 2722.706798479720 -18 -11.321554153719 0.097076085321 -15.803003707770 0.139288986819 -8.394394544132 0.075821970628 -1.136707693842 -0.030962954636
23 12 2722.517212498915 -16 -11.441924901138 0.099006968804 -16.058197644170 0.142597560866 -8.704729880396 0.080103239239 -1.262114310178 -0.029675802994
24 13 2722.486457238226 -14 -11.415390959446 0.098711932418 -16.106412874796 0.143087776699 -8.660246101103 0.079549948149 -1.243566192966 -0.029776921114
25 13 2721.943534797783 -11 -11.679630817092 0.102477674929 -16.413185727342 0.146072505501 -8.612361783403 0.078950489711 -1.188967894988 -0.029613330980
26 14 2721.192560026873 -9 -11.682524947283 0.102356686745 -16.578282095065 0.147876018781 -8.590209670781 0.078639758313 -1.255052065673 -0.028543335315
27 14 2705.668694862105 -7 -10.981491649435 0.090968660322 -17.462639968651 0.155082030004 -7.632420776909 0.061771107260 -3.170906690022 0.002990817169
28 15 2692.199341610495 -5 -10.927524517016 0.090938720194 -16.124085911446 0.139375758399 -7.198815742381 0.056000547175 -4.249464351315 0.016719440114
29 15 2667.736649381458 -3 -10.916202685775 0.091808084424 -12.011128482041 0.089609069062 -5.224242448299 0.032895872212 -7.802917818950 0.061524609826
30 16 2663.209820841792 0 -11.083584574556 0.095413309115 -11.821205149103 0.086518292429 -4.994405106284 0.032348282494 -8.365038168099 0.066216301302
31 16 2658.295379951273 2 -11.192877620946 0.095900826747 -12.141974418030 0.088446804841 -4.356551930267 0.025380799067 -9.401755087466 0.079263926050
32 17 2657.513114064793 4 -11.343096887565 0.097964078518 -12.611057320706 0.094233353619 -4.598073956546 0.028400254711 -9.556880791862 0.080512275191
33 17 2655.874269066655 7 -11.738631339816 0.102466098307 -12.581103532240 0.094816003213 -4.864065516698 0.030508420789 -10.661584558225 0.092745835497
34 18 2655.610403173270 9 -11.563132516974 0.100070996811 -12.539673389075 0.094344617445 -4.714007243614 0.028335993996 -10.822569322792 0.094568932157
35 18 2655.547862630027 11 -11.476083254999 0.098909283852 -12.558716274277 0.094658439899 -4.664490601413 0.027562746487 -10.875836676158 0.095120056541
36 19 2655.527279671117 13 -11.394210369569 0.097809242222 -12.582728537747 0.095033490287 -4.633114653057 0.027038321797 -10.941217765519 0.095814207822
37 19 2655.527067850331 15 -11.395316057638 0.097825386974 -12.580434465513 0.095001970360 -4.636176191783 0.027084410116 -10.949649564734 0.095913963121
38 20 2655.526880447830 18 -11.396899363477 0.097850196731 -12.572861623868 0.094897869673 -4.644015655069 0.027197201209 -10.962159856572 0.096066208147
39 20 2655.526869789895 21 -11.396882542076 0.097849840850 -12.572134910891 0.094890024454 -4.645312957752 0.027212001970 -10.961738828782 0.096061153530
40 21 2655.526863382862 25 -11.397535733205 0.097857472956 -12.571802347505 0.094886153539 -4.647617448031 0.027239963069 -10.960434368013 0.096046359250
41 21 2655.526863319478 -32 -11.397488551061 0.097856846520 -12.571903527550 0.094887583831 -4.647689408598 0.027240914631 -10.960533384705 0.096047426389
42 22 2655.526863295825 -27 -11.397460172695 0.097856398933 -12.572034153362 0.094889224623 -4.647709420830 0.027241164745 -10.960550153615 0.096047577071
43 22 2655.526863295035 -22 -11.397454217355 0.097856314233 -12.572046531570 0.094889380870 -4.647690303274 0.027240892490 -10.960519994900 0.096047223420
44 23 2655.526863295027 -16 -11.397455765114 0.097856335029 -12.572046077837 0.094889373783 -4.647690896196 0.027240902401 -10.960518758518 0.096047210293
45 23 2655.526863295026 -9 -11.397455765114 0.097856335029 -12.572046077839 0.094889373783 -4.647690896194 0.027240902401 -10.960518758515 0.096047210293
46 24 2655.526863295025 -2 -11.397455765114 0.097856335029 -12.572046077839 0.094889373783 -4.647690896194 0.027240902401 -10.960518758515 0.096047210293
