# ESFsr.txt
#IMaCh version 0.99r45, April 2023,INED-EUROREVES-Institut de longevite-Japan Society for the Promotion of Science (Grant-in-Aid for Scientific Research 25293121), Intel Software 2015-2020, Nihon University 2021-202, INED 2000-2022
#$Revision: 1.353 $ $Date: 2023/05/08 18:48:22 $
# Tue Feb 04 22:13:36 2025

#****** ******
# (a) Life expectancies by health status at initial age and (b) health expectancies by health status at initial age
# Age e11  e12  e1.  e21  e22  e2. 
 50  19.1684  14.4062  33.5745  16.1971  17.3898  33.5868
 51  18.4182  14.2241  32.6423  15.4303  17.2072  32.6375
 52  17.6812  14.0318  31.7131  14.6795  17.0097  31.6892
 53  16.9579  13.8292  30.7871  13.9451  16.7968  30.7419
 54  16.2487  13.6160  29.8647  13.2278  16.5682  29.7959
 55  15.5542  13.3921  28.9463  12.5281  16.3236  28.8517
 56  14.8747  13.1576  28.0323  11.8466  16.0629  27.9095
 57  14.2108  12.9122  27.1230  11.1837  15.7859  26.9697
 58  13.5628  12.6562  26.2190  10.5401  15.4927  26.0329
 59  12.9312  12.3896  25.3209   9.9162  15.1834  25.0996
 60  12.3164  12.1127  24.4291   9.3123  14.8583  24.1706
 61  11.7188  11.8257  23.5445   8.7289  14.5176  23.2464
 62  11.1387  11.5289  22.6676   8.1662  14.1618  22.3280
 63  10.5764  11.2228  21.7992   7.6246  13.7916  21.4163
 64  10.0322  10.9079  20.9401   7.1044  13.4077  20.5121
 65   9.5063  10.5849  20.0911   6.6056  13.0110  19.6166
 66   8.9989  10.2544  19.2532   6.1284  12.6024  18.7308
 67   8.5101   9.9172  18.4273   5.6729  12.1831  17.8560
 68   8.0402   9.5741  17.6143   5.2391  11.7542  16.9933
 69   7.5891   9.2261  16.8152   4.8269  11.3172  16.1442
 70   7.1568   8.8743  16.0311   4.4363  10.8735  15.3098
 71   6.7434   8.5196  15.2630   4.0670  10.4246  14.4916
 72   6.3486   8.1632  14.5118   3.7188   9.9720  13.6908
 73   5.9725   7.8062  13.7787   3.3914   9.5176  12.9090
 74   5.6147   7.4499  13.0645   3.0845   9.0629  12.1474
 75   5.2750   7.0954  12.3704   2.7975   8.6097  11.4072
 76   4.9531   6.7440  11.6971   2.5301   8.1598  10.6899
 77   4.6488   6.3968  11.0456   2.2816   7.7148   9.9964
 78   4.3614   6.0552  10.4166   2.0515   7.2764   9.3279
 79   4.0907   5.7201   9.8109   1.8392   6.8463   8.6854
 80   3.8361   5.3928   9.2289   1.6438   6.4259   8.0697
 81   3.5971   5.0742   8.6713   1.4648   6.0168   7.4815
 82   3.3731   4.7653   8.1384   1.3012   5.6202   6.9214
 83   3.1636   4.4669   7.6305   1.1524   5.2373   6.3897
 84   2.9678   4.1799   7.1477   1.0175   4.8692   5.8867
 85   2.7852   3.9047   6.6899   0.8956   4.5168   5.4124
 86   2.6151   3.6420   6.2571   0.7859   4.1808   4.9667
 87   2.4568   3.3922   5.8490   0.6876   3.8616   4.5492
 88   2.3097   3.1556   5.4653   0.5998   3.5598   4.1596
 89   2.1731   2.9322   5.1053   0.5217   3.2755   3.7972
 90   2.0463   2.7222   4.7685   0.4525   3.0088   3.4613
