# ESFsr.txt
#IMaCh version 0.99r45, April 2023,INED-EUROREVES-Institut de longevite-Japan Society for the Promotion of Science (Grant-in-Aid for Scientific Research 25293121), Intel Software 2015-2020, Nihon University 2021-202, INED 2000-2022
#$Revision: 1.353 $ $Date: 2023/05/08 18:48:22 $
# Tue Feb 04 22:13:36 2025
# Forward period (stable) prevalence. Precision given by ftolpl=0.0006 
#Age 1-1 2-2 
#************
#Age   1-1     2-2   Total Years_to_converge
50  0.82646 0.17364 1.000 24
51  0.81563 0.18448 1.000 24
52  0.80428 0.19582 1.000 24
53  0.79240 0.20771 1.000 24
54  0.77998 0.22014 1.000 24
55  0.76703 0.23308 1.000 25
56  0.75356 0.24657 1.000 25
57  0.73956 0.26058 1.000 25
58  0.72505 0.27511 1.000 25
59  0.71004 0.29013 1.000 25
60  0.69455 0.30563 1.000 25
61  0.67862 0.32157 1.000 25
62  0.66225 0.33791 1.000 25
63  0.64551 0.35467 1.000 25
64  0.62842 0.37181 1.000 25
65  0.61102 0.38921 1.000 25
66  0.59336 0.40688 1.000 25
67  0.57550 0.42474 1.000 25
68  0.55749 0.44275 1.000 25
69  0.53939 0.46085 1.000 25
70  0.52127 0.47901 1.000 24
71  0.50318 0.49710 1.000 24
72  0.48518 0.51508 1.000 24
73  0.46736 0.53289 1.000 24
74  0.44976 0.55048 1.000 24
75  0.43245 0.56777 1.000 24
76  0.41549 0.58475 1.000 24
77  0.39894 0.60128 1.000 24
78  0.38284 0.61736 1.000 24
79  0.36725 0.63296 1.000 23
80  0.35220 0.64799 1.000 23
81  0.33775 0.66245 1.000 23
82  0.32390 0.67627 1.000 23
83  0.31071 0.68946 1.000 22
84  0.29819 0.70198 1.000 22
85  0.28635 0.71380 1.000 22
86  0.27522 0.72492 1.000 21
87  0.26481 0.73534 1.000 21
88  0.25512 0.74502 1.000 20
89  0.24616 0.75397 1.000 20
90  0.23794 0.76218 1.000 20
