# Powell
# iter -2*LL p12 p13 p21 p23
1 1 3748.252555835695 1 -5.742061400000 0.059701700000 -10.101538300000 0.075557500000 0.131387700000 -0.027280300000 -12.713655100000 0.127867200000
2 2 3539.244837919879 2 -6.175302392670 0.059671546989 -11.296156291560 0.074414922635 -0.373947309721 -0.026975279279 -13.496004380832 0.127836525455
3 2 3517.921410675902 4 -6.395384038782 0.059587415373 -10.891088645846 0.073985271562 -0.552870890493 -0.026881415316 -13.520338730270 0.127822146373
4 3 3516.965621561235 6 -6.448129389400 0.059479821140 -10.880321138853 0.073556120620 -0.583333765996 -0.026801848273 -13.520232555315 0.127808500030
5 3 3516.894667624150 8 -6.447279789459 0.059225642772 -10.819009521359 0.072547648946 -0.602832381727 -0.026621695109 -13.517269121705 0.127776539146
6 4 3516.636058334877 9 -6.396800112236 0.058260241814 -10.490215025036 0.067450231474 -0.674527593481 -0.025717934178 -13.501061283147 0.127658266313
7 4 3516.356097335777 11 -6.330039472261 0.057273531181 -10.054115041146 0.061331053655 -0.751756601386 -0.024647672376 -13.482407553446 0.127470973730
8 5 3516.232101025464 13 -6.291051364014 0.056764499430 -9.771632167254 0.057652161882 -0.794118438992 -0.024031214174 -13.471453691600 0.127312440727
9 5 3516.176831750594 15 -6.266704576737 0.056476678411 -9.598472199551 0.055225169755 -0.818852183875 -0.023664480849 -13.463231994905 0.127199242499
10 6 3516.137955257780 17 -6.244548792976 0.056230524856 -9.457037846088 0.052942714775 -0.838523654489 -0.023370893693 -13.454067907510 0.127108156669
11 6 3516.051834964701 18 -6.231583039894 0.056268664633 -9.374714905302 0.051315439167 -0.833617605430 -0.023367563963 -13.443823828888 0.127025054373
12 7 3516.027473823027 20 -6.244569392396 0.056486298153 -9.452784547988 0.052560754222 -0.813243936632 -0.023636212772 -13.447058927117 0.127060842137
13 7 3516.015778014382 22 -6.261000002411 0.056762782349 -9.553140276477 0.054153799202 -0.786139445998 -0.023996370264 -13.450770828544 0.127090238314
14 8 3516.015186028139 -36 -6.260719458185 0.056758252494 -9.552918977295 0.054140922672 -0.785429520924 -0.024006795498 -13.450356865541 0.127085684387
15 8 3515.983072312052 -34 -6.224340627844 0.056174397325 -9.428998256345 0.052237615310 -0.714137095972 -0.025045735775 -13.405292356833 0.126538831413
16 9 3515.981290248330 -32 -6.217928211403 0.056110656936 -9.391233355550 0.051709492618 -0.713271960310 -0.025049461305 -13.400920867810 0.126486871637
17 9 3515.979909795973 -30 -6.209203146459 0.056012243511 -9.372069844943 0.051458280500 -0.712253783975 -0.025056369653 -13.394903919197 0.126414434219
18 10 3515.977039422049 -28 -6.199838125350 0.055897886595 -9.393673251849 0.051693209817 -0.710417203630 -0.025077686393 -13.387815546379 0.126330256968
19 10 3515.968848423073 -26 -6.179843040161 0.055615533645 -9.535065583601 0.053695879092 -0.707255249048 -0.025122991674 -13.372705974085 0.126141854097
20 11 3515.965335990295 -25 -6.179919111029 0.055596331389 -9.578937291371 0.054440200039 -0.707867658652 -0.025118782720 -13.372999195405 0.126139676818
21 11 3515.963779462602 -23 -6.180149915782 0.055572852011 -9.632829720151 0.055342989134 -0.708915928569 -0.025112175991 -13.373650454625 0.126140219365
22 12 3515.963776231812 -20 -6.180134566812 0.055572471765 -9.632979604074 0.055343607396 -0.708891943026 -0.025112562378 -13.373753043605 0.126141423000
23 12 3515.963682833972 -17 -6.182003009535 0.055595991641 -9.626094271151 0.055232125936 -0.708789869812 -0.025115130324 -13.381930947747 0.126240929762
24 13 3515.963606910435 -16 -6.181058646845 0.055582158193 -9.629885591277 0.055296616285 -0.708529358381 -0.025118925807 -13.384564176749 0.126272195901
25 13 3515.963503962167 -16 -6.178245812069 0.055545010148 -9.632523556163 0.055347016437 -0.707668454536 -0.025130125617 -13.392453468660 0.126366981049
26 14 3515.963503952058 -15 -6.178249869623 0.055545130160 -9.632379041918 0.055344637644 -0.707667034224 -0.025130123415 -13.392443190978 0.126366871939
27 14 3515.963503952016 -14 -6.178249860198 0.055545132655 -9.632372570040 0.055344547070 -0.707666931187 -0.025130124067 -13.392443189937 0.126366872660
