# ESFsr.txt
#IMaCh version 0.99r45, April 2023,INED-EUROREVES-Institut de longevite-Japan Society for the Promotion of Science (Grant-in-Aid for Scientific Research 25293121), Intel Software 2015-2020, Nihon University 2021-202, INED 2000-2022
#$Revision: 1.353 $ $Date: 2023/05/08 18:48:22 $
# Tue Feb 04 22:13:36 2025
# probabilities of dying before estepm=6 months for people of exact age and weighted probabilities w1*p1j+w2*p2j+... stand dev in()
# Selected quantitative variables and dummies
# Age cov=1 p.3 SE w1 p13 w2 p23
 50 1   9.626e-004  5.513e-004  8.265e-001  1.009e-003   1.736e-001  7.420e-004 
 51 1   1.024e-003  5.479e-004  8.156e-001  1.064e-003   1.845e-001  8.445e-004 
 52 1   1.091e-003  5.436e-004  8.043e-001  1.123e-003   1.958e-001  9.610e-004 
 53 1   1.165e-003  5.387e-004  7.924e-001  1.184e-003   2.077e-001  1.093e-003 
 54 1   1.248e-003  5.333e-004  7.800e-001  1.249e-003   2.201e-001  1.244e-003 
 55 1   1.340e-003  5.280e-004  7.670e-001  1.316e-003   2.331e-001  1.415e-003 
 56 1   1.443e-003  5.232e-004  7.536e-001  1.388e-003   2.466e-001  1.610e-003 
 57 1   1.559e-003  5.197e-004  7.396e-001  1.463e-003   2.606e-001  1.832e-003 
 58 1   1.691e-003  5.184e-004  7.250e-001  1.542e-003   2.751e-001  2.083e-003 
 59 1   1.841e-003  5.203e-004  7.100e-001  1.625e-003   2.901e-001  2.369e-003 
 60 1   2.013e-003  5.266e-004  6.946e-001  1.712e-003   3.056e-001  2.694e-003 
 61 1   2.209e-003  5.385e-004  6.786e-001  1.804e-003   3.216e-001  3.063e-003 
 62 1   2.435e-003  5.600e-004  6.623e-001  1.900e-003   3.379e-001  3.483e-003 
 63 1   2.696e-003  5.842e-004  6.455e-001  2.001e-003   3.547e-001  3.959e-003 
 64 1   2.997e-003  6.198e-004  6.284e-001  2.107e-003   3.718e-001  4.500e-003 
 65 1   3.346e-003  6.647e-004  6.110e-001  2.218e-003   3.892e-001  5.115e-003 
 66 1   3.750e-003  7.190e-004  5.934e-001  2.335e-003   4.069e-001  5.812e-003 
 67 1   4.219e-003  7.825e-004  5.755e-001  2.457e-003   4.247e-001  6.604e-003 
 68 1   4.763e-003  8.550e-004  5.575e-001  2.584e-003   4.428e-001  7.503e-003 
 69 1   5.393e-003  9.358e-004  5.394e-001  2.718e-003   4.609e-001  8.522e-003 
 70 1   6.126e-003  1.024e-003  5.213e-001  2.858e-003   4.790e-001  9.678e-003 
 71 1   6.974e-003  1.120e-003  5.032e-001  3.005e-003   4.971e-001  1.099e-002 
 72 1   7.957e-003  1.221e-003  4.852e-001  3.158e-003   5.151e-001  1.247e-002 
 73 1   9.094e-003  1.328e-003  4.674e-001  3.318e-003   5.329e-001  1.416e-002 
 74 1   1.041e-002  1.440e-003  4.498e-001  3.484e-003   5.505e-001  1.606e-002 
 75 1   1.192e-002  1.556e-003  4.324e-001  3.659e-003   5.678e-001  1.822e-002 
 76 1   1.367e-002  1.677e-003  4.155e-001  3.840e-003   5.847e-001  2.065e-002 
 77 1   1.568e-002  1.806e-003  3.989e-001  4.030e-003   6.013e-001  2.341e-002 
 78 1   1.799e-002  1.945e-003  3.828e-001  4.227e-003   6.174e-001  2.652e-002 
 79 1   2.064e-002  2.101e-003  3.673e-001  4.432e-003   6.330e-001  3.003e-002 
 80 1   2.366e-002  2.285e-003  3.522e-001  4.645e-003   6.480e-001  3.399e-002 
 81 1   2.712e-002  2.512e-003  3.377e-001  4.866e-003   6.624e-001  3.845e-002 
 82 1   3.105e-002  2.801e-003  3.239e-001  5.096e-003   6.763e-001  4.347e-002 
 83 1   3.551e-002  3.177e-003  3.107e-001  5.335e-003   6.895e-001  4.911e-002 
 84 1   4.058e-002  3.665e-003  2.982e-001  5.582e-003   7.020e-001  5.543e-002 
 85 1   4.629e-002  4.294e-003  2.864e-001  5.838e-003   7.138e-001  6.251e-002 
 86 1   5.274e-002  5.089e-003  2.752e-001  6.103e-003   7.249e-001  7.043e-002 
 87 1   5.997e-002  6.075e-003  2.648e-001  6.376e-003   7.353e-001  7.926e-002 
 88 1   6.808e-002  7.273e-003  2.551e-001  6.659e-003   7.450e-001  8.910e-002 
 89 1   7.712e-002  8.705e-003  2.462e-001  6.950e-003   7.540e-001  1.000e-001 
 90 1   8.716e-002  1.038e-002  2.379e-001  7.250e-003   7.622e-001  1.121e-001 
