# ESFsr.txt
#IMaCh version 0.99r45, April 2023,INED-EUROREVES-Institut de longevite-Japan Society for the Promotion of Science (Grant-in-Aid for Scientific Research 25293121), Intel Software 2015-2020, Nihon University 2021-202, INED 2000-2022
#$Revision: 1.353 $ $Date: 2023/05/08 18:48:22 $
# Tue Feb 04 22:13:36 2025
#One-step probabilities and correlation matrix
# Age p1-1  p1-2  p1-3  p2-1  p2-2  p2-3 
50  9.668e-001  3.223e-002  1.009e-003  1.229e-001  8.763e-001  7.420e-004 
50 1-1  1.000e+000
50 1-2 -9.865e-001  1.000e+000
50 1-3 -1.238e-001 -4.033e-002  1.000e+000
50 2-1 -2.836e-001  2.852e-001  2.457e-003  1.000e+000
50 2-2  2.834e-001 -2.851e-001 -1.093e-003 -9.998e-001  1.000e+000
50 2-3  1.453e-002 -4.483e-003 -6.153e-002 -1.966e-002 -2.520e-003  1.000e+000
51  9.649e-001  3.401e-002  1.064e-003  1.202e-001  8.789e-001  8.445e-004 
51 1-1  1.000e+000
51 1-2 -9.866e-001  1.000e+000
51 1-3 -1.251e-001 -3.839e-002  1.000e+000
51 2-1 -2.824e-001  2.840e-001  2.581e-003  1.000e+000
51 2-2  2.821e-001 -2.840e-001 -9.055e-004 -9.997e-001  1.000e+000
51 2-3  1.422e-002 -3.731e-003 -6.445e-002 -1.918e-002 -6.831e-003  1.000e+000
52  9.630e-001  3.588e-002  1.123e-003  1.176e-001  8.815e-001  9.610e-004 
52 1-1  1.000e+000
52 1-2 -9.867e-001  1.000e+000
52 1-3 -1.265e-001 -3.634e-002  1.000e+000
52 2-1 -2.812e-001  2.828e-001  2.764e-003  1.000e+000
52 2-2  2.808e-001 -2.828e-001 -6.989e-004 -9.995e-001  1.000e+000
52 2-3  1.392e-002 -2.941e-003 -6.768e-002 -1.880e-002 -1.171e-002  1.000e+000
53  9.610e-001  3.785e-002  1.184e-003  1.150e-001  8.839e-001  1.093e-003 
53 1-1  1.000e+000
53 1-2 -9.868e-001  1.000e+000
53 1-3 -1.281e-001 -3.420e-002  1.000e+000
53 2-1 -2.800e-001  2.817e-001  3.018e-003  1.000e+000
53 2-2  2.795e-001 -2.816e-001 -4.668e-004 -9.994e-001  1.000e+000
53 2-3  1.364e-002 -2.107e-003 -7.126e-002 -1.854e-002 -1.726e-002  1.000e+000
54  9.588e-001  3.992e-002  1.249e-003  1.124e-001  8.863e-001  1.244e-003 
54 1-1  1.000e+000
54 1-2 -9.869e-001  1.000e+000
54 1-3 -1.297e-001 -3.199e-002  1.000e+000
54 2-1 -2.789e-001  2.805e-001  3.360e-003  1.000e+000
54 2-2  2.783e-001 -2.805e-001 -2.006e-004 -9.991e-001  1.000e+000
54 2-3  1.336e-002 -1.223e-003 -7.523e-002 -1.840e-002 -2.360e-002  1.000e+000
55  9.566e-001  4.210e-002  1.316e-003  1.099e-001  8.887e-001  1.415e-003 
55 1-1  1.000e+000
55 1-2 -9.870e-001  1.000e+000
55 1-3 -1.314e-001 -2.977e-002  1.000e+000
55 2-1 -2.778e-001  2.795e-001  3.811e-003  1.000e+000
55 2-2  2.771e-001 -2.794e-001  1.120e-004 -9.988e-001  1.000e+000
55 2-3  1.309e-002 -2.795e-004 -7.961e-002 -1.840e-002 -3.087e-002  1.000e+000
56  9.542e-001  4.440e-002  1.388e-003  1.075e-001  8.909e-001  1.610e-003 
56 1-1  1.000e+000
56 1-2 -9.871e-001  1.000e+000
56 1-3 -1.331e-001 -2.758e-002  1.000e+000
56 2-1 -2.769e-001  2.786e-001  4.394e-003  1.000e+000
56 2-2  2.760e-001 -2.785e-001  4.874e-004 -9.983e-001  1.000e+000
56 2-3  1.282e-002  7.304e-004 -8.445e-002 -1.855e-002 -3.923e-002  1.000e+000
57  9.517e-001  4.681e-002  1.463e-003  1.051e-001  8.931e-001  1.832e-003 
57 1-1  1.000e+000
57 1-2 -9.871e-001  1.000e+000
57 1-3 -1.347e-001 -2.553e-002  1.000e+000
57 2-1 -2.763e-001  2.779e-001  5.134e-003  1.000e+000
57 2-2  2.752e-001 -2.778e-001  9.478e-004 -9.977e-001  1.000e+000
57 2-3  1.256e-002  1.816e-003 -8.977e-002 -1.887e-002 -4.885e-002  1.000e+000
58  9.491e-001  4.935e-002  1.542e-003  1.027e-001  8.952e-001  2.083e-003 
58 1-1  1.000e+000
58 1-2 -9.872e-001  1.000e+000
58 1-3 -1.363e-001 -2.375e-002  1.000e+000
58 2-1 -2.760e-001  2.775e-001  6.059e-003  1.000e+000
58 2-2  2.745e-001 -2.773e-001  1.523e-003 -9.969e-001  1.000e+000
58 2-3  1.231e-002  2.987e-003 -9.555e-002 -1.936e-002 -5.991e-002  1.000e+000
59  9.464e-001  5.202e-002  1.625e-003  1.004e-001  8.972e-001  2.369e-003 
59 1-1  1.000e+000
59 1-2 -9.871e-001  1.000e+000
59 1-3 -1.377e-001 -2.242e-002  1.000e+000
59 2-1 -2.760e-001  2.775e-001  7.196e-003  1.000e+000
59 2-2  2.743e-001 -2.772e-001  2.249e-003 -9.957e-001  1.000e+000
59 2-3  1.206e-002  4.250e-003 -1.018e-001 -2.005e-002 -7.261e-002  1.000e+000
60  9.435e-001  5.482e-002  1.712e-003  9.810e-002  8.992e-001  2.694e-003 
60 1-1  1.000e+000
60 1-2 -9.871e-001  1.000e+000
60 1-3 -1.387e-001 -2.178e-002  1.000e+000
60 2-1 -2.767e-001  2.779e-001  8.567e-003  1.000e+000
60 2-2  2.744e-001 -2.776e-001  3.174e-003 -9.942e-001  1.000e+000
60 2-3  1.181e-002  5.615e-003 -1.084e-001 -2.094e-002 -8.714e-002  1.000e+000
61  9.404e-001  5.776e-002  1.804e-003  9.587e-002  9.011e-001  3.063e-003 
61 1-1  1.000e+000
61 1-2 -9.870e-001  1.000e+000
61 1-3 -1.392e-001 -2.210e-002  1.000e+000
61 2-1 -2.781e-001  2.791e-001  1.018e-002  1.000e+000
61 2-2  2.752e-001 -2.785e-001  4.351e-003 -9.921e-001  1.000e+000
61 2-3  1.156e-002  7.084e-003 -1.153e-001 -2.205e-002 -1.036e-001  1.000e+000
62  9.372e-001  6.085e-002  1.900e-003  9.367e-002  9.028e-001  3.483e-003 
62 1-1  1.000e+000
62 1-2 -9.867e-001  1.000e+000
62 1-3 -1.389e-001 -2.371e-002  1.000e+000
62 2-1 -2.803e-001  2.810e-001  1.204e-002  1.000e+000
62 2-2  2.766e-001 -2.802e-001  5.838e-003 -9.894e-001  1.000e+000
62 2-3  1.129e-002  8.660e-003 -1.224e-001 -2.336e-002 -1.222e-001  1.000e+000
63  9.339e-001  6.410e-002  2.001e-003  9.152e-002  9.045e-001  3.959e-003 
63 1-1  1.000e+000
63 1-2 -9.864e-001  1.000e+000
63 1-3 -1.378e-001 -2.691e-002  1.000e+000
63 2-1 -2.836e-001  2.839e-001  1.411e-002  1.000e+000
63 2-2  2.789e-001 -2.828e-001  7.694e-003 -9.859e-001  1.000e+000
63 2-3  1.102e-002  1.034e-002 -1.293e-001 -2.488e-002 -1.429e-001  1.000e+000
64  9.304e-001  6.751e-002  2.107e-003  8.940e-002  9.061e-001  4.500e-003 
64 1-1  1.000e+000
64 1-2 -9.859e-001  1.000e+000
64 1-3 -1.355e-001 -3.195e-002  1.000e+000
64 2-1 -2.881e-001  2.879e-001  1.632e-002  1.000e+000
64 2-2  2.822e-001 -2.863e-001  9.962e-003 -9.814e-001  1.000e+000
64 2-3  1.073e-002  1.210e-002 -1.359e-001 -2.657e-002 -1.656e-001  1.000e+000
65  9.267e-001  7.108e-002  2.218e-003  8.732e-002  9.076e-001  5.115e-003 
65 1-1  1.000e+000
65 1-2 -9.853e-001  1.000e+000
65 1-3 -1.322e-001 -3.894e-002  1.000e+000
65 2-1 -2.938e-001  2.930e-001  1.857e-002  1.000e+000
65 2-2  2.863e-001 -2.908e-001  1.267e-002 -9.760e-001  1.000e+000
65 2-3  1.042e-002  1.392e-002 -1.419e-001 -2.839e-002 -1.900e-001  1.000e+000
66  9.228e-001  7.483e-002  2.335e-003  8.528e-002  9.089e-001  5.812e-003 
66 1-1  1.000e+000
66 1-2 -9.846e-001  1.000e+000
66 1-3 -1.277e-001 -4.781e-002  1.000e+000
66 2-1 -3.007e-001  2.992e-001  2.075e-002  1.000e+000
66 2-2  2.913e-001 -2.961e-001  1.580e-002 -9.695e-001  1.000e+000
66 2-3  1.009e-002  1.578e-002 -1.471e-001 -3.029e-002 -2.157e-001  1.000e+000
67  9.188e-001  7.875e-002  2.457e-003  8.328e-002  9.101e-001  6.604e-003 
67 1-1  1.000e+000
67 1-2 -9.837e-001  1.000e+000
67 1-3 -1.222e-001 -5.824e-002  1.000e+000
67 2-1 -3.086e-001  3.063e-001  2.273e-002  1.000e+000
67 2-2  2.969e-001 -3.022e-001  1.932e-002 -9.620e-001  1.000e+000
67 2-3  9.750e-003  1.763e-002 -1.515e-001 -3.220e-002 -2.420e-001  1.000e+000
68  9.145e-001  8.287e-002  2.584e-003  8.131e-002  9.112e-001  7.503e-003 
68 1-1  1.000e+000
68 1-2 -9.827e-001  1.000e+000
68 1-3 -1.161e-001 -6.977e-002  1.000e+000
68 2-1 -3.173e-001  3.141e-001  2.439e-002  1.000e+000
68 2-2  3.030e-001 -3.086e-001  2.317e-002 -9.536e-001  1.000e+000
68 2-3  9.402e-003  1.945e-002 -1.550e-001 -3.402e-002 -2.683e-001  1.000e+000
69  9.101e-001  8.718e-002  2.718e-003  7.937e-002  9.121e-001  8.522e-003 
69 1-1  1.000e+000
69 1-2 -9.817e-001  1.000e+000
69 1-3 -1.096e-001 -8.181e-002  1.000e+000
69 2-1 -3.262e-001  3.221e-001  2.566e-002  1.000e+000
69 2-2  3.090e-001 -3.150e-001  2.726e-002 -9.448e-001  1.000e+000
69 2-3  9.060e-003  2.120e-002 -1.579e-001 -3.566e-002 -2.938e-001  1.000e+000
70  9.055e-001  9.168e-002  2.858e-003  7.746e-002  9.129e-001  9.678e-003 
70 1-1  1.000e+000
70 1-2 -9.806e-001  1.000e+000
70 1-3 -1.031e-001 -9.378e-002  1.000e+000
70 2-1 -3.349e-001  3.300e-001  2.649e-002  1.000e+000
70 2-2  3.147e-001 -3.212e-001  3.151e-002 -9.357e-001  1.000e+000
70 2-3  8.739e-003  2.286e-002 -1.604e-001 -3.705e-002 -3.179e-001  1.000e+000
71  9.006e-001  9.640e-002  3.005e-003  7.559e-002  9.134e-001  1.099e-002 
71 1-1  1.000e+000
71 1-2 -9.796e-001  1.000e+000
71 1-3 -9.686e-002 -1.052e-001  1.000e+000
71 2-1 -3.430e-001  3.373e-001  2.689e-002  1.000e+000
71 2-2  3.196e-001 -3.266e-001  3.588e-002 -9.267e-001  1.000e+000
71 2-3  8.454e-003  2.442e-002 -1.627e-001 -3.813e-002 -3.401e-001  1.000e+000
72  8.955e-001  1.013e-001  3.158e-003  7.374e-002  9.138e-001  1.247e-002 
72 1-1  1.000e+000
72 1-2 -9.786e-001  1.000e+000
72 1-3 -9.103e-002 -1.158e-001  1.000e+000
72 2-1 -3.502e-001  3.438e-001  2.691e-002  1.000e+000
72 2-2  3.237e-001 -3.312e-001  4.034e-002 -9.182e-001  1.000e+000
72 2-3  8.222e-003  2.591e-002 -1.651e-001 -3.883e-002 -3.601e-001  1.000e+000
73  8.902e-001  1.065e-001  3.318e-003  7.192e-002  9.139e-001  1.416e-002 
73 1-1  1.000e+000
73 1-2 -9.777e-001  1.000e+000
73 1-3 -8.573e-002 -1.253e-001  1.000e+000
73 2-1 -3.563e-001  3.492e-001  2.661e-002  1.000e+000
73 2-2  3.268e-001 -3.349e-001  4.487e-002 -9.103e-001  1.000e+000
73 2-3  8.057e-003  2.734e-002 -1.679e-001 -3.913e-002 -3.779e-001  1.000e+000
74  8.847e-001  1.119e-001  3.484e-003  7.013e-002  9.138e-001  1.606e-002 
74 1-1  1.000e+000
74 1-2 -9.769e-001  1.000e+000
74 1-3 -8.102e-002 -1.337e-001  1.000e+000
74 2-1 -3.613e-001  3.536e-001  2.606e-002  1.000e+000
74 2-2  3.289e-001 -3.377e-001  4.952e-002 -9.032e-001  1.000e+000
74 2-3  7.968e-003  2.874e-002 -1.711e-001 -3.902e-002 -3.937e-001  1.000e+000
75  8.789e-001  1.175e-001  3.659e-003  6.836e-002  9.134e-001  1.822e-002 
75 1-1  1.000e+000
75 1-2 -9.762e-001  1.000e+000
75 1-3 -7.685e-002 -1.411e-001  1.000e+000
75 2-1 -3.650e-001  3.570e-001  2.533e-002  1.000e+000
75 2-2  3.301e-001 -3.395e-001  5.432e-002 -8.967e-001  1.000e+000
75 2-3  7.961e-003  3.013e-002 -1.749e-001 -3.851e-002 -4.077e-001  1.000e+000
76  8.728e-001  1.233e-001  3.840e-003  6.661e-002  9.127e-001  2.065e-002 
76 1-1  1.000e+000
76 1-2 -9.756e-001  1.000e+000
76 1-3 -7.320e-002 -1.477e-001  1.000e+000
76 2-1 -3.678e-001  3.594e-001  2.449e-002  1.000e+000
76 2-2  3.303e-001 -3.406e-001  5.932e-002 -8.908e-001  1.000e+000
76 2-3  8.037e-003  3.154e-002 -1.794e-001 -3.759e-002 -4.206e-001  1.000e+000
77  8.665e-001  1.294e-001  4.030e-003  6.489e-002  9.117e-001  2.341e-002 
77 1-1  1.000e+000
77 1-2 -9.750e-001  1.000e+000
77 1-3 -7.000e-002 -1.534e-001  1.000e+000
77 2-1 -3.697e-001  3.610e-001  2.359e-002  1.000e+000
77 2-2  3.297e-001 -3.409e-001  6.458e-002 -8.851e-001  1.000e+000
77 2-3  8.192e-003  3.295e-002 -1.844e-001 -3.629e-002 -4.329e-001  1.000e+000
78  8.600e-001  1.358e-001  4.227e-003  6.318e-002  9.103e-001  2.652e-002 
78 1-1  1.000e+000
78 1-2 -9.745e-001  1.000e+000
78 1-3 -6.717e-002 -1.585e-001  1.000e+000
78 2-1 -3.709e-001  3.619e-001  2.267e-002  1.000e+000
78 2-2  3.282e-001 -3.405e-001  7.011e-002 -8.791e-001  1.000e+000
78 2-3  8.410e-003  3.433e-002 -1.896e-001 -3.468e-002 -4.458e-001  1.000e+000
79  8.532e-001  1.424e-001  4.432e-003  6.149e-002  9.085e-001  3.003e-002 
79 1-1  1.000e+000
79 1-2 -9.740e-001  1.000e+000
79 1-3 -6.465e-002 -1.631e-001  1.000e+000
79 2-1 -3.714e-001  3.623e-001  2.175e-002  1.000e+000
79 2-2  3.257e-001 -3.392e-001  7.594e-002 -8.721e-001  1.000e+000
79 2-3  8.667e-003  3.560e-002 -1.946e-001 -3.283e-002 -4.604e-001  1.000e+000
80  8.461e-001  1.493e-001  4.645e-003  5.981e-002  9.062e-001  3.399e-002 
80 1-1  1.000e+000
80 1-2 -9.735e-001  1.000e+000
80 1-3 -6.238e-002 -1.674e-001  1.000e+000
80 2-1 -3.716e-001  3.623e-001  2.087e-002  1.000e+000
80 2-2  3.220e-001 -3.368e-001  8.202e-002 -8.630e-001  1.000e+000
80 2-3  8.925e-003  3.664e-002 -1.985e-001 -3.091e-002 -4.783e-001  1.000e+000
81  8.387e-001  1.565e-001  4.866e-003  5.815e-002  9.034e-001  3.845e-002 
81 1-1  1.000e+000
81 1-2 -9.731e-001  1.000e+000
81 1-3 -6.031e-002 -1.713e-001  1.000e+000
81 2-1 -3.714e-001  3.619e-001  2.003e-002  1.000e+000
81 2-2  3.167e-001 -3.329e-001  8.826e-002 -8.503e-001  1.000e+000
81 2-3  9.133e-003  3.729e-002 -2.006e-001 -2.916e-002 -5.012e-001  1.000e+000
82  8.310e-001  1.639e-001  5.096e-003  5.649e-002  9.000e-001  4.347e-002 
82 1-1  1.000e+000
82 1-2 -9.726e-001  1.000e+000
82 1-3 -5.838e-002 -1.751e-001  1.000e+000
82 2-1 -3.709e-001  3.613e-001  1.924e-002  1.000e+000
82 2-2  3.093e-001 -3.270e-001  9.445e-002 -8.323e-001  1.000e+000
82 2-3  9.238e-003  3.737e-002 -1.998e-001 -2.793e-002 -5.308e-001  1.000e+000
83  8.231e-001  1.716e-001  5.335e-003  5.485e-002  8.960e-001  4.911e-002 
83 1-1  1.000e+000
83 1-2 -9.722e-001  1.000e+000
83 1-3 -5.658e-002 -1.788e-001  1.000e+000
83 2-1 -3.702e-001  3.605e-001  1.852e-002  1.000e+000
83 2-2  2.994e-001 -3.185e-001  1.003e-001 -8.069e-001  1.000e+000
83 2-3  9.199e-003  3.680e-002 -1.955e-001 -2.763e-002 -5.682e-001  1.000e+000
84  8.149e-001  1.796e-001  5.582e-003  5.321e-002  8.914e-001  5.543e-002 
84 1-1  1.000e+000
84 1-2 -9.717e-001  1.000e+000
84 1-3 -5.485e-002 -1.825e-001  1.000e+000
84 2-1 -3.694e-001  3.596e-001  1.787e-002  1.000e+000
84 2-2  2.862e-001 -3.068e-001  1.054e-001 -7.720e-001  1.000e+000
84 2-3  9.001e-003  3.558e-002 -1.880e-001 -2.869e-002 -6.132e-001  1.000e+000
85  8.063e-001  1.878e-001  5.838e-003  5.157e-002  8.859e-001  6.251e-002 
85 1-1  1.000e+000
85 1-2 -9.712e-001  1.000e+000
85 1-3 -5.319e-002 -1.861e-001  1.000e+000
85 2-1 -3.685e-001  3.585e-001  1.729e-002  1.000e+000
85 2-2  2.697e-001 -2.914e-001  1.093e-001 -7.263e-001  1.000e+000
85 2-3  8.662e-003  3.385e-002 -1.777e-001 -3.143e-002 -6.642e-001  1.000e+000
86  7.975e-001  1.964e-001  6.103e-003  4.993e-002  8.796e-001  7.043e-002 
86 1-1  1.000e+000
86 1-2 -9.707e-001  1.000e+000
86 1-3 -5.156e-002 -1.898e-001  1.000e+000
86 2-1 -3.676e-001  3.573e-001  1.678e-002  1.000e+000
86 2-2  2.499e-001 -2.725e-001  1.116e-001 -6.696e-001  1.000e+000
86 2-3  8.221e-003  3.181e-002 -1.659e-001 -3.610e-002 -7.181e-001  1.000e+000
87  7.884e-001  2.052e-001  6.376e-003  4.829e-002  8.724e-001  7.926e-002 
87 1-1  1.000e+000
87 1-2 -9.702e-001  1.000e+000
87 1-3 -4.995e-002 -1.936e-001  1.000e+000
87 2-1 -3.665e-001  3.561e-001  1.634e-002  1.000e+000
87 2-2  2.274e-001 -2.506e-001  1.121e-001 -6.032e-001  1.000e+000
87 2-3  7.724e-003  2.966e-002 -1.535e-001 -4.281e-002 -7.711e-001  1.000e+000
88  7.790e-001  2.144e-001  6.659e-003  4.665e-002  8.643e-001  8.910e-002 
88 1-1  1.000e+000
88 1-2 -9.696e-001  1.000e+000
88 1-3 -4.834e-002 -1.975e-001  1.000e+000
88 2-1 -3.654e-001  3.547e-001  1.598e-002  1.000e+000
88 2-2  2.035e-001 -2.269e-001  1.109e-001 -5.298e-001  1.000e+000
88 2-3  7.211e-003  2.754e-002 -1.414e-001 -5.162e-002 -8.196e-001  1.000e+000
89  7.693e-001  2.238e-001  6.950e-003  4.501e-002  8.550e-001  1.000e-001 
89 1-1  1.000e+000
89 1-2 -9.690e-001  1.000e+000
89 1-3 -4.673e-002 -2.015e-001  1.000e+000
89 2-1 -3.642e-001  3.533e-001  1.570e-002  1.000e+000
89 2-2  1.794e-001 -2.026e-001  1.081e-001 -4.531e-001  1.000e+000
89 2-3  6.706e-003  2.557e-002 -1.300e-001 -6.256e-002 -8.614e-001  1.000e+000
90  7.593e-001  2.335e-001  7.250e-003  4.335e-002  8.445e-001  1.121e-001 
90 1-1  1.000e+000
90 1-2 -9.684e-001  1.000e+000
90 1-3 -4.511e-002 -2.057e-001  1.000e+000
90 2-1 -3.629e-001  3.517e-001  1.549e-002  1.000e+000
90 2-2  1.562e-001 -1.791e-001  1.043e-001 -3.760e-001  1.000e+000
90 2-3  6.228e-003  2.379e-002 -1.196e-001 -7.567e-002 -8.955e-001  1.000e+000