# ESFsr.txt
#IMaCh version 0.99r45, April 2023,INED-EUROREVES-Institut de longevite-Japan Society for the Promotion of Science (Grant-in-Aid for Scientific Research 25293121), Intel Software 2015-2020, Nihon University 2021-202, INED 2000-2022
#$Revision: 1.353 $ $Date: 2023/05/08 18:48:22 $
# Tue Feb 04 22:13:36 2025
#One-step probabilities and stand. devi in ()
# Age p1-1 (SE) p1-2 (SE) p1-3 (SE) p2-1 (SE) p2-2 (SE) p2-3 (SE)
50  9.668e-001 ( 4.073e-003)  3.223e-002 ( 4.045e-003)  1.009e-003 ( 6.673e-004)  1.229e-001 ( 1.601e-002)  8.763e-001 ( 1.601e-002)  7.420e-004 ( 3.551e-004) 
51  9.649e-001 ( 4.114e-003)  3.401e-002 ( 4.085e-003)  1.064e-003 ( 6.715e-004)  1.202e-001 ( 1.508e-002)  8.789e-001 ( 1.508e-002)  8.445e-004 ( 3.923e-004) 
52  9.630e-001 ( 4.149e-003)  3.588e-002 ( 4.119e-003)  1.123e-003 ( 6.747e-004)  1.176e-001 ( 1.419e-002)  8.815e-001 ( 1.419e-002)  9.610e-004 ( 4.329e-004) 
53  9.610e-001 ( 4.179e-003)  3.785e-002 ( 4.147e-003)  1.184e-003 ( 6.771e-004)  1.150e-001 ( 1.333e-002)  8.839e-001 ( 1.333e-002)  1.093e-003 ( 4.773e-004) 
54  9.588e-001 ( 4.205e-003)  3.992e-002 ( 4.171e-003)  1.249e-003 ( 6.787e-004)  1.124e-001 ( 1.252e-002)  8.863e-001 ( 1.252e-002)  1.244e-003 ( 5.257e-004) 
55  9.566e-001 ( 4.225e-003)  4.210e-002 ( 4.190e-003)  1.316e-003 ( 6.797e-004)  1.099e-001 ( 1.174e-002)  8.887e-001 ( 1.174e-002)  1.415e-003 ( 5.783e-004) 
56  9.542e-001 ( 4.241e-003)  4.440e-002 ( 4.205e-003)  1.388e-003 ( 6.802e-004)  1.075e-001 ( 1.099e-002)  8.909e-001 ( 1.100e-002)  1.610e-003 ( 6.355e-004) 
57  9.517e-001 ( 4.254e-003)  4.681e-002 ( 4.216e-003)  1.463e-003 ( 6.807e-004)  1.051e-001 ( 1.029e-002)  8.931e-001 ( 1.030e-002)  1.832e-003 ( 6.974e-004) 
58  9.491e-001 ( 4.264e-003)  4.935e-002 ( 4.226e-003)  1.542e-003 ( 6.815e-004)  1.027e-001 ( 9.630e-003)  8.952e-001 ( 9.646e-003)  2.083e-003 ( 7.643e-004) 
59  9.464e-001 ( 4.274e-003)  5.202e-002 ( 4.235e-003)  1.625e-003 ( 6.833e-004)  1.004e-001 ( 9.010e-003)  8.972e-001 ( 9.032e-003)  2.369e-003 ( 8.365e-004) 
60  9.435e-001 ( 4.286e-003)  5.482e-002 ( 4.246e-003)  1.712e-003 ( 6.868e-004)  9.810e-002 ( 8.433e-003)  8.992e-001 ( 8.463e-003)  2.694e-003 ( 9.141e-004) 
61  9.404e-001 ( 4.303e-003)  5.776e-002 ( 4.262e-003)  1.804e-003 ( 6.930e-004)  9.587e-002 ( 7.901e-003)  9.011e-001 ( 7.941e-003)  3.063e-003 ( 9.972e-004) 
62  9.372e-001 ( 4.329e-003)  6.085e-002 ( 4.288e-003)  1.900e-003 ( 7.030e-004)  9.367e-002 ( 7.414e-003)  9.028e-001 ( 7.468e-003)  3.483e-003 ( 1.086e-003) 
63  9.339e-001 ( 4.367e-003)  6.410e-002 ( 4.327e-003)  2.001e-003 ( 7.181e-004)  9.152e-002 ( 6.976e-003)  9.045e-001 ( 7.047e-003)  3.959e-003 ( 1.181e-003) 
64  9.304e-001 ( 4.424e-003)  6.751e-002 ( 4.386e-003)  2.107e-003 ( 7.398e-004)  8.940e-002 ( 6.588e-003)  9.061e-001 ( 6.678e-003)  4.500e-003 ( 1.281e-003) 
65  9.267e-001 ( 4.506e-003)  7.108e-002 ( 4.470e-003)  2.218e-003 ( 7.697e-004)  8.732e-002 ( 6.251e-003)  9.076e-001 ( 6.365e-003)  5.115e-003 ( 1.387e-003) 
66  9.228e-001 ( 4.620e-003)  7.483e-002 ( 4.588e-003)  2.335e-003 ( 8.092e-004)  8.528e-002 ( 5.967e-003)  9.089e-001 ( 6.108e-003)  5.812e-003 ( 1.498e-003) 
67  9.188e-001 ( 4.773e-003)  7.875e-002 ( 4.745e-003)  2.457e-003 ( 8.597e-004)  8.328e-002 ( 5.735e-003)  9.101e-001 ( 5.907e-003)  6.604e-003 ( 1.614e-003) 
68  9.145e-001 ( 4.971e-003)  8.287e-002 ( 4.949e-003)  2.584e-003 ( 9.224e-004)  8.131e-002 ( 5.555e-003)  9.112e-001 ( 5.763e-003)  7.503e-003 ( 1.735e-003) 
69  9.101e-001 ( 5.222e-003)  8.718e-002 ( 5.208e-003)  2.718e-003 ( 9.985e-004)  7.937e-002 ( 5.425e-003)  9.121e-001 ( 5.672e-003)  8.522e-003 ( 1.860e-003) 
70  9.055e-001 ( 5.531e-003)  9.168e-002 ( 5.526e-003)  2.858e-003 ( 1.089e-003)  7.746e-002 ( 5.342e-003)  9.129e-001 ( 5.631e-003)  9.678e-003 ( 1.988e-003) 
71  9.006e-001 ( 5.904e-003)  9.640e-002 ( 5.909e-003)  3.005e-003 ( 1.194e-003)  7.559e-002 ( 5.303e-003)  9.134e-001 ( 5.635e-003)  1.099e-002 ( 2.119e-003) 
72  8.955e-001 ( 6.344e-003)  1.013e-001 ( 6.361e-003)  3.158e-003 ( 1.314e-003)  7.374e-002 ( 5.302e-003)  9.138e-001 ( 5.679e-003)  1.247e-002 ( 2.251e-003) 
73  8.902e-001 ( 6.855e-003)  1.065e-001 ( 6.884e-003)  3.318e-003 ( 1.450e-003)  7.192e-002 ( 5.334e-003)  9.139e-001 ( 5.756e-003)  1.416e-002 ( 2.384e-003) 
74  8.847e-001 ( 7.438e-003)  1.119e-001 ( 7.481e-003)  3.484e-003 ( 1.603e-003)  7.013e-002 ( 5.393e-003)  9.138e-001 ( 5.862e-003)  1.606e-002 ( 2.518e-003) 
75  8.789e-001 ( 8.094e-003)  1.175e-001 ( 8.152e-003)  3.659e-003 ( 1.773e-003)  6.836e-002 ( 5.474e-003)  9.134e-001 ( 5.990e-003)  1.822e-002 ( 2.653e-003) 
76  8.728e-001 ( 8.825e-003)  1.233e-001 ( 8.899e-003)  3.840e-003 ( 1.960e-003)  6.661e-002 ( 5.571e-003)  9.127e-001 ( 6.136e-003)  2.065e-002 ( 2.790e-003) 
77  8.665e-001 ( 9.632e-003)  1.294e-001 ( 9.723e-003)  4.030e-003 ( 2.166e-003)  6.489e-002 ( 5.680e-003)  9.117e-001 ( 6.297e-003)  2.341e-002 ( 2.932e-003) 
78  8.600e-001 ( 1.051e-002)  1.358e-001 ( 1.062e-002)  4.227e-003 ( 2.390e-003)  6.318e-002 ( 5.797e-003)  9.103e-001 ( 6.472e-003)  2.652e-002 ( 3.086e-003) 
79  8.532e-001 ( 1.147e-002)  1.424e-001 ( 1.160e-002)  4.432e-003 ( 2.634e-003)  6.149e-002 ( 5.917e-003)  9.085e-001 ( 6.662e-003)  3.003e-002 ( 3.262e-003) 
80  8.461e-001 ( 1.250e-002)  1.493e-001 ( 1.266e-002)  4.645e-003 ( 2.898e-003)  5.981e-002 ( 6.038e-003)  9.062e-001 ( 6.873e-003)  3.399e-002 ( 3.474e-003) 
81  8.387e-001 ( 1.361e-002)  1.565e-001 ( 1.379e-002)  4.866e-003 ( 3.184e-003)  5.815e-002 ( 6.157e-003)  9.034e-001 ( 7.112e-003)  3.845e-002 ( 3.744e-003) 
82  8.310e-001 ( 1.480e-002)  1.639e-001 ( 1.500e-002)  5.096e-003 ( 3.491e-003)  5.649e-002 ( 6.270e-003)  9.000e-001 ( 7.396e-003)  4.347e-002 ( 4.101e-003) 
83  8.231e-001 ( 1.606e-002)  1.716e-001 ( 1.629e-002)  5.335e-003 ( 3.822e-003)  5.485e-002 ( 6.376e-003)  8.960e-001 ( 7.746e-003)  4.911e-002 ( 4.577e-003) 
84  8.149e-001 ( 1.739e-002)  1.796e-001 ( 1.766e-002)  5.582e-003 ( 4.176e-003)  5.321e-002 ( 6.474e-003)  8.914e-001 ( 8.192e-003)  5.543e-002 ( 5.209e-003) 
85  8.063e-001 ( 1.880e-002)  1.878e-001 ( 1.910e-002)  5.838e-003 ( 4.555e-003)  5.157e-002 ( 6.561e-003)  8.859e-001 ( 8.772e-003)  6.251e-002 ( 6.032e-003) 
86  7.975e-001 ( 2.027e-002)  1.964e-001 ( 2.062e-002)  6.103e-003 ( 4.959e-003)  4.993e-002 ( 6.636e-003)  8.796e-001 ( 9.529e-003)  7.043e-002 ( 7.082e-003) 
87  7.884e-001 ( 2.182e-002)  2.052e-001 ( 2.221e-002)  6.376e-003 ( 5.390e-003)  4.829e-002 ( 6.698e-003)  8.724e-001 ( 1.051e-002)  7.926e-002 ( 8.390e-003) 
88  7.790e-001 ( 2.343e-002)  2.144e-001 ( 2.388e-002)  6.659e-003 ( 5.848e-003)  4.665e-002 ( 6.746e-003)  8.643e-001 ( 1.176e-002)  8.910e-002 ( 9.986e-003) 
89  7.693e-001 ( 2.511e-002)  2.238e-001 ( 2.561e-002)  6.950e-003 ( 6.334e-003)  4.501e-002 ( 6.779e-003)  8.550e-001 ( 1.332e-002)  1.000e-001 ( 1.190e-002) 
90  7.593e-001 ( 2.686e-002)  2.335e-001 ( 2.741e-002)  7.250e-003 ( 6.849e-003)  4.335e-002 ( 6.797e-003)  8.445e-001 ( 1.523e-002)  1.121e-001 ( 1.415e-002) 