
#****** ******
# ESFsr.txt
#IMaCh version 0.99r45, April 2023,INED-EUROREVES-Institut de longevite-Japan Society for the Promotion of Science (Grant-in-Aid for Scientific Research 25293121), Intel Software 2015-2020, Nihon University 2021-202, INED 2000-2022
#$Revision: 1.353 $ $Date: 2023/05/08 18:48:22 $
# Tue Feb 04 22:13:36 2025
# Health expectancies with standard errors
# Age e11 (SE) e12 (SE) e1.  e21 (SE) e22 (SE) e2. 
 50   19.1684 (0.6022)   14.4062 (0.6575)   33.5745 (0.7846)   16.1971 (0.6964)   17.3898 (0.7549)   33.5868 (0.7783)
 51   18.4182 (0.5851)   14.2241 (0.6434)   32.6423 (0.7675)   15.4303 (0.6718)   17.2072 (0.7332)   32.6375 (0.7697)
 52   17.6812 (0.5687)   14.0318 (0.6298)   31.7131 (0.7514)   14.6795 (0.6481)   17.0097 (0.7126)   31.6892 (0.7620)
 53   16.9579 (0.5531)   13.8292 (0.6168)   30.7871 (0.7363)   13.9451 (0.6254)   16.7968 (0.6932)   30.7419 (0.7549)
 54   16.2487 (0.5383)   13.6160 (0.6043)   29.8647 (0.7220)   13.2278 (0.6036)   16.5682 (0.6750)   29.7959 (0.7483)
 55   15.5542 (0.5243)   13.3921 (0.5923)   28.9463 (0.7085)   12.5281 (0.5828)   16.3236 (0.6579)   28.8517 (0.7418)
 56   14.8747 (0.5109)   13.1576 (0.5808)   28.0323 (0.6956)   11.8466 (0.5629)   16.0629 (0.6420)   27.9095 (0.7353)
 57   14.2108 (0.4982)   12.9122 (0.5697)   27.1230 (0.6832)   11.1837 (0.5439)   15.7859 (0.6271)   26.9697 (0.7286)
 58   13.5628 (0.4861)   12.6562 (0.5590)   26.2190 (0.6712)   10.5401 (0.5257)   15.4927 (0.6131)   26.0329 (0.7215)
 59   12.9312 (0.4746)   12.3896 (0.5486)   25.3209 (0.6594)    9.9162 (0.5083)   15.1834 (0.5998)   25.0996 (0.7138)
 60   12.3164 (0.4636)   12.1127 (0.5385)   24.4291 (0.6479)    9.3123 (0.4916)   14.8583 (0.5871)   24.1706 (0.7053)
 61   11.7188 (0.4530)   11.8257 (0.5287)   23.5445 (0.6364)    8.7289 (0.4755)   14.5176 (0.5749)   23.2464 (0.6960)
 62   11.1387 (0.4429)   11.5289 (0.5190)   22.6676 (0.6250)    8.1662 (0.4598)   14.1618 (0.5629)   22.3280 (0.6858)
 63   10.5764 (0.4331)   11.2228 (0.5094)   21.7992 (0.6137)    7.6246 (0.4444)   13.7916 (0.5510)   21.4163 (0.6745)
 64   10.0322 (0.4236)   10.9079 (0.5000)   20.9401 (0.6023)    7.1044 (0.4293)   13.4077 (0.5391)   20.5121 (0.6623)
 65    9.5063 (0.4143)   10.5849 (0.4906)   20.0911 (0.5909)    6.6056 (0.4144)   13.0110 (0.5271)   19.6166 (0.6491)
 66    8.9989 (0.4053)   10.2544 (0.4814)   19.2532 (0.5795)    6.1284 (0.3996)   12.6024 (0.5150)   18.7308 (0.6350)
 67    8.5101 (0.3964)    9.9172 (0.4722)   18.4273 (0.5683)    5.6729 (0.3848)   12.1831 (0.5026)   17.8560 (0.6202)
 68    8.0402 (0.3877)    9.5741 (0.4632)   17.6143 (0.5572)    5.2391 (0.3700)   11.7542 (0.4902)   16.9933 (0.6046)
 69    7.5891 (0.3791)    9.2261 (0.4544)   16.8152 (0.5465)    4.8269 (0.3551)   11.3172 (0.4776)   16.1442 (0.5887)
 70    7.1568 (0.3706)    8.8743 (0.4459)   16.0311 (0.5361)    4.4363 (0.3401)   10.8735 (0.4651)   15.3098 (0.5725)
 71    6.7434 (0.3622)    8.5196 (0.4376)   15.2630 (0.5262)    4.0670 (0.3251)   10.4246 (0.4527)   14.4916 (0.5564)
 72    6.3486 (0.3539)    8.1632 (0.4298)   14.5118 (0.5169)    3.7188 (0.3100)    9.9720 (0.4407)   13.6908 (0.5406)
 73    5.9725 (0.3457)    7.8062 (0.4225)   13.7787 (0.5083)    3.3914 (0.2950)    9.5176 (0.4293)   12.9090 (0.5254)
 74    5.6147 (0.3376)    7.4499 (0.4157)   13.0645 (0.5005)    3.0845 (0.2799)    9.0629 (0.4185)   12.1474 (0.5112)
 75    5.2750 (0.3296)    7.0954 (0.4094)   12.3704 (0.4935)    2.7975 (0.2650)    8.6097 (0.4088)   11.4072 (0.4980)
 76    4.9531 (0.3218)    6.7440 (0.4038)   11.6971 (0.4873)    2.5301 (0.2502)    8.1598 (0.4001)   10.6899 (0.4862)
 77    4.6488 (0.3141)    6.3968 (0.3987)   11.0456 (0.4818)    2.2816 (0.2356)    7.7148 (0.3927)    9.9964 (0.4759)
 78    4.3614 (0.3065)    6.0552 (0.3941)   10.4166 (0.4769)    2.0515 (0.2213)    7.2764 (0.3865)    9.3279 (0.4670)
 79    4.0907 (0.2991)    5.7201 (0.3900)    9.8109 (0.4726)    1.8392 (0.2074)    6.8463 (0.3816)    8.6854 (0.4596)
 80    3.8361 (0.2918)    5.3928 (0.3863)    9.2289 (0.4687)    1.6438 (0.1938)    6.4259 (0.3779)    8.0697 (0.4536)
 81    3.5971 (0.2847)    5.0742 (0.3827)    8.6713 (0.4650)    1.4648 (0.1807)    6.0168 (0.3751)    7.4815 (0.4486)
 82    3.3731 (0.2777)    4.7653 (0.3792)    8.1384 (0.4612)    1.3012 (0.1681)    5.6202 (0.3731)    6.9214 (0.4444)
 83    3.1636 (0.2709)    4.4669 (0.3756)    7.6305 (0.4573)    1.1524 (0.1559)    5.2373 (0.3716)    6.3897 (0.4407)
 84    2.9678 (0.2642)    4.1799 (0.3717)    7.1477 (0.4529)    1.0175 (0.1443)    4.8692 (0.3702)    5.8867 (0.4370)
 85    2.7852 (0.2577)    3.9047 (0.3673)    6.6899 (0.4480)    0.8956 (0.1333)    4.5168 (0.3687)    5.4124 (0.4332)
 86    2.6151 (0.2514)    3.6420 (0.3624)    6.2571 (0.4423)    0.7859 (0.1228)    4.1808 (0.3668)    4.9667 (0.4289)
 87    2.4568 (0.2451)    3.3922 (0.3569)    5.8490 (0.4358)    0.6876 (0.1129)    3.8616 (0.3642)    4.5492 (0.4237)
 88    2.3097 (0.2391)    3.1556 (0.3505)    5.4653 (0.4285)    0.5998 (0.1035)    3.5598 (0.3607)    4.1596 (0.4176)
 89    2.1731 (0.2331)    2.9322 (0.3433)    5.1053 (0.4201)    0.5217 (0.0946)    3.2755 (0.3563)    3.7972 (0.4103)
 90    2.0463 (0.2273)    2.7222 (0.3353)    4.7685 (0.4108)    0.4525 (0.0864)    3.0088 (0.3507)    3.4613 (0.4018)
