
#****** ******
# ESFsr.txt
#IMaCh version 0.99r45, April 2023,INED-EUROREVES-Institut de longevite-Japan Society for the Promotion of Science (Grant-in-Aid for Scientific Research 25293121), Intel Software 2015-2020, Nihon University 2021-202, INED 2000-2022
#$Revision: 1.353 $ $Date: 2023/05/08 18:48:22 $
# Tue Feb 04 22:13:36 2025
# Standard deviation of period (forward stable) prevalences 
# Age  Result#  1-1 2-2
50 1  0.82646 (0.02280) 0.17364 (0.02287)
51 1  0.81563 (0.02308) 0.18448 (0.02315)
52 1  0.80428 (0.02330) 0.19582 (0.02337)
53 1  0.79240 (0.02346) 0.20772 (0.02353)
54 1  0.77998 (0.02356) 0.22014 (0.02363)
55 1  0.76703 (0.02359) 0.23308 (0.02366)
56 1  0.75356 (0.02355) 0.24657 (0.02362)
57 1  0.73956 (0.02344) 0.26058 (0.02351)
58 1  0.72504 (0.02326) 0.27511 (0.02333)
59 1  0.71004 (0.02301) 0.29013 (0.02309)
60 1  0.69455 (0.02271) 0.30563 (0.02278)
61 1  0.67862 (0.02234) 0.32158 (0.02241)
62 1  0.66225 (0.02156) 0.33791 (0.02806)
63 1  0.64551 (0.02147) 0.35467 (0.02153)
64 1  0.62841 (0.02099) 0.37181 (0.02105)
65 1  0.61101 (0.02050) 0.38922 (0.02056)
66 1  0.59335 (0.02002) 0.40688 (0.02008)
67 1  0.57549 (0.01957) 0.42475 (0.01962)
68 1  0.55748 (0.01916) 0.44276 (0.01921)
69 1  0.53938 (0.01883) 0.46086 (0.01887)
70 1  0.52126 (0.01858) 0.47902 (0.01862)
71 1  0.50317 (0.01844) 0.49710 (0.01846)
72 1  0.48518 (0.01841) 0.51509 (0.01843)
73 1  0.46735 (0.01850) 0.53290 (0.01851)
74 1  0.44975 (0.01870) 0.55049 (0.01871)
75 1  0.43244 (0.01902) 0.56778 (0.01903)
76 1  0.41548 (0.01943) 0.58476 (0.01944)
77 1  0.39892 (0.01993) 0.60130 (0.01993)
78 1  0.38282 (0.02050) 0.61738 (0.02049)
79 1  0.36723 (0.02111) 0.63298 (0.02110)
80 1  0.35218 (0.02176) 0.64800 (0.02175)
81 1  0.33773 (0.02243) 0.66247 (0.02242)
82 1  0.32388 (0.02311) 0.67629 (0.02310)
83 1  0.31069 (0.02381) 0.68948 (0.02379)
84 1  0.29817 (0.02451) 0.70201 (0.02449)
85 1  0.28632 (0.02521) 0.71383 (0.02520)
86 1  0.27519 (0.02593) 0.72496 (0.02591)
87 1  0.26477 (0.02668) 0.73537 (0.02665)
88 1  0.25508 (0.02745) 0.74506 (0.02743)
89 1  0.24611 (0.02828) 0.75401 (0.02826)
90 1  0.23790 (0.02919) 0.76223 (0.02916)
